0.00831677
0.00842359
0.00850465
0.0085897
0.00876036
0.00883932
0.00876512
0.00898653
0.00926303
0.00916587
0.00948633
0.0102358
0.0104343
0.0102803
0.00933877
0.00888643
0.0105258
0.010727
0.0111394
0.014311
0.0136786
0.00982163
0.00899409
0.010893
0.0134122
0.0145585
0.0133044
0.012125
0.013364
0.0115997
0.00638584
0.0097664
0.0174512
0.0130583
0.0032625
0.00376303
0.00550912
0.000689146
0.00334349
0.0110069
0.0160598
0.0176702
0.0109245
0.0110915
0.0144332
0.0090349
0.0125074
0.0153918
0.0137817
0.0185117
0.0175245
0.022179
0.0377366
0.0357517
0.0155317
0.0201319
0.0395401
0.0192137
0.000823599
0.00585964
-0.00493224
-0.00314038
0.00528475
0.0111462
0.028598
0.0296222
0.0225639
0.00167095
-0.00650355
0.00714469
-0.0330679
-0.0321434
0.0362859
0.0315674
0.025323
0.0555567
0.0381706
0.0285511
0.0397347
0.0138323
-0.0116831
-0.00911225
-0.00441289
0.0148338
0.0213908
-0.00293405
0.0131189
0.0310886
0.0253168
0.0434728
0.0222767
-0.0129842
-0.0148903
0.00876631
0.0943852
0.116511
0.037786
0.0225513
0.0691779
0.0693186
-0.00697008
-0.0267201
0.0336241
-0.0183182
-0.0812945
-0.00442268
0.0325497
-0.0253291
-0.0479394
-0.0580101
-0.114616
-0.12493
-0.0579874
0.0188958
0.0536302
-0.0391807
-0.149879
-0.138714
-0.0770168
0.00844053
-0.0311448
-0.173692
-0.0751471
0.112176
0.113924
0.0443358
-0.0345243
-0.0516685
0.0157342
0.0516927
0.0762188
0.13056
0.139426
0.0486678
-0.0584449
-0.106338
-0.103038
-0.0988785
-0.176067
-0.178594
-0.0966889
-0.128318
-0.0301216
0.0870835
-0.0180079
0.0499699
0.100612
-0.0198541
0.0538642
0.0349231
-0.0517331
-0.0343691
-0.198533
-0.256152
-0.114638
-0.0165199
0.0268458
-0.0675769
-0.0704921
-0.0312986
-0.0981652
-0.031367
-0.111495
-0.203313
0.0795466
0.283201
0.220382
0.0315288
-0.0846678
-0.0373898
-0.0520892
-0.0745115
-0.195329
-0.28098
-0.114068
-0.117634
-0.0996184
-0.0359075
-0.167911
0.0186135
0.240353
0.267088
0.342689
0.164291
0.0444958
0.0624088
-0.0802088
-0.147239
-0.188446
-0.136835
-0.131634
-0.240628
-0.0759143
-0.1446
-0.329083
-0.0873698
-0.0556001
-0.216819
-0.308358
-0.524373
-0.549591
-0.31467
-0.201274
-0.30591
-0.201497
0.0525618
-0.128989
-0.378368
-0.402809
-0.356367
-0.152501
0.0306448
0.349207
0.600861
0.364983
0.379935
0.619751
0.438855
0.214409
0.0956935
-0.0952049
-0.13776
0.130276
0.317657
0.0834953
-0.112317
-0.0331899
0.0672979
0.136825
0.104336
0.0562704
0.0999838
-0.0261705
-0.361826
-0.462701
-0.240922
-0.0467167
0.112314
0.0714462
-0.0567466
0.296704
0.381511
-0.0559523
0.0693902
0.37176
0.219171
-0.0632985
-0.384326
-0.48918
-0.216248
0.139761
0.300626
0.23468
0.0860293
-0.0852243
0.0313874
0.316521
0.0852243
-0.310988
-0.268469
-0.0171474
0.248905
0.372004
0.202339
0.0547207
0.09667
0.100557
0.0770742
-0.0143695
-0.197038
-0.159234
0.00280845
0.107212
0.0128008
-0.226185
0.0701505
0.411482
0.200754
0.139997
0.0317654
-0.167784
-0.00314767
0.0720167
0.0845096
0.101239
-0.057488
-0.226236
-0.421975
-0.378835
-0.169373
-0.0295521
0.204365
0.209942
0.132432
0.277252
0.338366
0.376904
0.422195
0.391077
0.209843
-0.0434007
0.0458999
0.201643
0.178555
0.134217
-0.114135
-0.306102
-0.212804
-0.0619686
0.0779667
0.122568
0.25205
0.56225
0.572564
0.139481
-0.20246
-0.0856079
0.180285
0.322902
0.317887
0.0625587
-0.0925239
0.0542824
0.126766
0.18625
0.274915
0.222978
0.20694
0.157063
0.128909
0.201491
0.0093597
-0.0979384
-0.00540527
-0.152696
-0.0302336
0.244334
0.0397212
-0.0815465
0.243715
0.457716
0.158654
0.0251073
0.222615
-0.171089
-0.428029
-0.0983059
-0.146509
-0.20463
-0.167114
-0.263525
-0.183788
-0.228139
-0.107456
0.0948423
-0.151483
-0.131553
0.153193
0.109485
-0.0375602
-0.117601
-0.239301
-0.279175
-0.109523
-0.166635
-0.229273
0.0442492
-0.129157
-0.215921
0.316924
0.182027
0.523634
0.550513
0.0693157
0.0440895
0.0279415
0.173295
0.125966
0.0719474
0.121848
-0.0411305
-0.249362
-0.407063
-0.533526
-0.209063
0.0311383
-0.204324
-0.172516
0.0134214
0.0248575
0.161421
0.0769153
-0.160533
-0.036116
-0.00843255
0.00620026
0.118793
-0.14267
-0.194234
-0.135092
-0.211823
0.139592
0.0306346
-0.195864
0.375516
0.202065
-0.218403
0.157837
0.196955
-0.0043904
0.0406368
0.0686976
0.0602603
0.0554761
-0.0586561
-0.25462
-0.180116
-0.0205354
-0.185385
-0.277392
-0.217389
-0.421541
-0.556773
-0.182058
0.174824
0.099806
0.0361554
0.0483295
-0.0971369
-0.198962
-0.127162
0.0617025
0.210865
0.219004
0.19833
0.140984
0.0379403
0.0466224
0.0454296
-0.177192
-0.302546
-0.209606
-0.174855
-0.0428499
0.188942
0.317592
0.348333
0.213475
0.01678
-0.122907
-0.0559059
0.0610907
-0.136563
-0.25317
-0.289174
-0.337875
-0.151333
-0.179306
-0.158103
0.0473108
0.0487951
0.196583
0.0983248
-0.170149
-0.182237
-0.369705
-0.349967
-0.247162
-0.170166
0.221388
0.214895
0.0925484
0.142415
0.135748
0.229679
-0.114821
-0.173496
0.223657
-0.114035
-0.342422
-0.237798
-0.24683
-0.00524553
-0.0584616
-0.226136
-0.223295
-0.37
-0.228036
-0.0558478
-0.188639
-0.244738
-0.278432
-0.360853
-0.253837
0.0578661
0.0946582
-0.0650608
0.108918
0.254789
0.207632
0.304333
0.395905
0.306949
0.254041
0.301708
-0.00407754
-0.337396
-0.131721
-0.10406
-0.31452
-0.278547
-0.265965
-0.16675
-0.0507095
-0.0459826
0.178968
0.261724
0.104919
0.225782
0.423269
0.369247
0.313464
0.377125
0.254708
0.095739
0.288973
0.381917
0.127472
-0.00366032
-0.00863058
0.0159669
0.10834
-0.0470787
-0.270808
-0.139134
-0.032517
-0.133656
-0.117966
-0.0942102
-0.1281
-0.0887362
-0.0951797
-0.0915054
0.0748965
0.239714
0.144787
-0.0696083
-0.0645189
-0.0185657
-0.0180035
0.0455976
-0.102789
-0.13054
0.191158
0.285189
0.313466
0.409616
0.310233
0.262996
0.216145
0.187841
0.225574
0.0545896
-0.0103167
-0.0944811
-0.466606
-0.487987
-0.211546
-0.103915
-0.0377184
0.108142
0.281949
0.243111
0.0151143
-0.0523834
0.0643544
0.149477
0.0533782
-0.0655472
-0.0491805
-0.0541215
-0.16224
-0.363556
-0.456172
-0.198495
0.0954261
0.0743071
-0.111282
-0.284549
-0.397546
-0.389848
-0.322164
-0.174686
0.0586698
0.205339
0.374179
0.485927
0.323579
0.177365
0.0885444
0.0161994
-0.0349938
-0.208027
-0.0755006
0.289523
0.307657
0.211211
0.206734
0.17934
0.036446
-0.11204
-0.0702513
-0.138251
-0.288938
-0.161589
0.0652322
0.0725102
-0.12134
-0.256656
-0.343433
-0.239662
0.046901
-0.00491681
-0.0154444
0.0525736
-0.210992
-0.165717
0.0663874
0.265142
0.519513
0.287751
0.174905
0.262661
-0.16238
-0.238555
0.0462508
-0.149598
-0.296052
-0.0624726
0.0547816
0.00119582
0.132049
0.364824
0.395902
0.181389
-0.0603996
-0.0175615
0.0703423
-0.0446769
-0.190409
-0.350462
-0.414426
-0.413629
-0.346946
-0.0982597
0.0349182
0.196584
0.356692
0.141066
0.0857444
0.241845
0.164143
0.102787
0.124085
0.17041
0.169568
-0.116397
-0.405036
-0.359449
-0.21467
-0.26773
-0.29367
-0.00530826
0.111437
-0.159025
-0.122034
0.15206
0.0981414
0.00193717
0.0223119
-0.0296852
-0.0528699
0.0328046
0.20495
0.246876
0.182311
0.337391
0.433783
0.178939
-0.152123
-0.265302
-0.171324
-0.0687793
0.0695687
0.18321
0.212208
0.348743
0.403644
0.279203
0.276965
0.414953
0.320935
0.0077679
0.00859005
0.0682174
-0.0255452
0.0389721
-0.0700182
-0.047943
0.226062
0.132091
0.148656
0.297289
0.172621
-0.0808738
-0.386527
-0.271344
-0.0456343
-0.0438151
0.11142
-0.048224
-0.260009
-0.139377
-0.111633
0.0744569
0.231785
0.166293
0.0218927
-0.284763
-0.223863
-0.0114497
-0.128593
-0.115931
0.105281
0.373122
0.371211
0.0564581
-0.0131543
0.162566
0.35697
0.315423
-0.000183252
-0.174452
-0.339841
-0.414532
-0.0669075
0.172231
0.0402787
-0.0572418
-0.0371491
-0.0678569
-0.0159121
0.243407
0.327985
0.0627801
-0.0935102
0.117362
0.212059
-0.244685
-0.606789
-0.329607
0.0118997
-0.0385038
-0.26126
-0.408616
-0.271772
-0.0610818
-0.0300247
-0.0451313
-0.0491077
0.162947
0.39675
0.104157
-0.126139
0.0999803
0.0255347
-0.286642
-0.155718
0.0430494
-0.197693
-0.159597
0.290536
0.245976
0.0394285
-0.00826469
-0.26671
-0.307442
-0.168544
-0.14861
-0.0873831
-0.0821303
-0.0543635
-0.109383
-0.183112
-0.0440495
-0.0984774
-0.186738
-0.112173
-0.118448
-0.124574
-0.190381
-0.0478936
0.195757
0.0195022
-0.0470739
0.0233176
-0.177759
-0.190817
0.026136
0.0937251
-0.115935
-0.425846
-0.354017
-0.0523829
-0.0587293
-0.139439
0.00204959
0.10712
0.0177736
-0.203335
-0.199896
0.0411252
-0.0964593
-0.205318
0.12363
0.182731
0.086709
0.196755
0.203227
-0.0232067
-0.202435
0.0136264
0.103015
-0.139171
-0.131061
-0.0335184
0.145158
0.266563
0.0735413
0.137672
0.131447
-0.0898597
0.154787
0.387799
0.289505
0.146168
0.0100275
-0.0687186
-0.163187
-0.0282047
0.148273
-0.0940114
-0.148254
0.0581063
0.0151294
-0.0438764
-0.0548405
0.0560797
0.293302
0.222349
0.0956865
0.0146217
-0.140258
0.203124
0.513615
0.090965
-0.283359
-0.301017
-0.146054
0.0586679
0.054917
0.140388
0.31521
0.239156
0.11448
0.158579
0.252337
0.21011
0.181437
0.0944902
-0.0961149
0.0329607
0.0523979
-0.206487
-0.181274
-0.1683
-0.175193
0.0522908
0.142002
-0.00701743
-0.110078
-0.0184568
0.0553573
0.145187
0.110692
-0.274442
-0.249758
0.0166302
-0.0464865
0.0344905
-0.00354609
-0.102509
0.148579
0.294622
0.310224
0.240705
0.178597
0.163349
-0.160436
-0.306981
-0.216243
-0.439597
-0.47762
-0.225766
-0.326527
-0.490081
-0.276812
-0.120269
-0.0904267
-0.0234969
-0.0973224
0.016963
0.227299
0.169853
0.159942
0.136845
0.0554777
-0.0443921
-0.241454
-0.300627
-0.354966
-0.224023
0.129637
0.0744926
-0.064737
0.0311212
0.165369
0.29702
0.176232
0.0551515
0.187421
0.296952
0.364265
0.273071
-0.0381137
-0.102383
0.217571
0.360977
0.15579
-0.0963123
-0.228152
0.0180193
0.298962
0.142795
-0.0584953
-0.170185
-0.211664
-0.120634
-0.0608358
-0.0169368
-0.0581306
0.00336311
0.26021
0.278503
0.0879725
-0.123604
-0.246585
-0.17165
-0.0550371
-0.0366667
-0.0806652
0.0790433
0.203083
0.0430907
0.0394635
0.0023346
-0.24903
-0.455281
-0.563361
-0.339867
-0.0179089
0.148205
0.217841
0.10938
0.164536
0.277809
0.110595
-0.0144449
0.112334
0.338292
0.216977
-0.0868518
-0.096481
-0.0815094
-0.000567387
0.151368
0.0511418
0.00220335
0.208549
0.351579
0.201151
-0.0494803
-0.136587
-0.0256241
0.0405536
-0.0952574
0.0864129
0.459524
0.462689
0.321594
0.0362851
-0.114526
-0.107339
-0.353476
-0.226163
-0.0472392
-0.210159
-0.0251438
-0.0279183
-0.203631
0.0925701
0.162264
-0.201553
-0.351304
-0.238581
-0.265779
-0.264757
-0.0352729
0.111051
0.125209
-0.133764
-0.406603
-0.261522
-0.094178
0.0835009
0.202196
0.065141
-0.0675767
-0.270698
-0.260347
-0.0626096
-0.141158
-0.157044
-0.00744996
0.125749
0.16803
0.18439
0.223304
-0.00023984
-0.0904505
0.0370611
0.0188908
0.182186
0.140297
-0.278277
-0.320708
-0.0633897
0.0770448
0.140164
0.174427
0.0712887
0.0576605
0.179585
0.11217
0.0414495
-0.154545
-0.36495
-0.210456
-0.0986223
0.11869
0.194643
-0.0124636
0.217141
0.184083
0.0533527
0.271018
-0.124243
-0.321693
0.111841
0.274168
0.125843
-0.235609
-0.16672
0.21281
0.0797321
-0.147121
-0.173084
0.0722295
0.210986
-0.185823
-0.346862
-0.3618
-0.442959
-0.0476659
0.119909
-0.101786
0.0555155
0.180232
0.130887
0.231461
0.116343
-0.0272327
0.0301505
0.0159344
0.0437031
-0.142801
-0.248938
0.264102
0.379201
-0.0298098
-0.153076
-0.0108643
0.234386
0.0955752
-0.209812
-0.168738
-0.0879816
0.11612
0.23448
0.158045
0.191285
0.184199
0.27771
0.168878
-0.0509488
0.122355
0.042788
-0.096726
-0.112763
-0.287348
-0.0650963
0.0502331
-0.103814
0.0311097
0.0861658
0.148768
0.0585717
-0.186081
0.0458042
0.0831789
-0.22058
-0.0558941
0.158774
-0.038961
-0.185628
-0.137574
-0.160223
-0.0573835
0.189353
0.208538
0.134604
0.0517765
-0.0611587
0.131116
0.400168
0.200804
-0.0611773
0.0500393
0.0309628
-0.183756
-0.268603
-0.300996
-0.167869
0.0178861
0.0977011
0.0726012
-0.104415
-0.101622
-0.261126
-0.545403
-0.262702
-0.182292
-0.221582
0.129369
-0.014453
-0.160863
0.053527
-0.111917
-0.17578
0.031078
0.0559184
-0.00100908
-0.0867258
-0.101566
0.0858984
0.255889
0.271555
0.291794
0.26186
0.202987
0.166562
-0.0688872
-0.147405
-0.204861
-0.57164
-0.325494
0.228117
0.244751
0.248712
0.246422
0.0683229
-0.0941962
-0.0962003
0.061395
0.0123744
0.0831642
0.33224
0.248646
0.0587913
-0.112056
-0.0950411
-0.0130963
-0.065832
0.276009
0.443055
0.189671
0.206579
0.1379
0.0602386
0.00629677
-0.271895
-0.12301
0.237476
0.255139
0.0605198
-0.083895
0.0977109
0.229658
0.166478
0.12822
0.0200873
-6.10772e-05
-0.0239102
-0.037218
0.0303717
-0.166323
-0.256904
-0.037505
0.136912
0.131008
-0.217289
-0.435216
-0.22441
-0.139077
-0.256771
-0.28982
-0.126096
0.00487852
-0.0807478
-0.0683746
0.116833
0.200106
0.0061084
-0.109948
0.101521
0.154722
0.15405
0.20483
0.057597
0.0921277
0.106583
-0.0455708
-0.0599138
-0.175036
-0.223534
-0.193977
-0.0630281
0.336144
0.363041
0.28336
0.263789
-0.0504548
0.0173764
0.0644462
-0.123276
0.168553
0.354186
0.319486
0.0664374
-0.441841
-0.283789
-0.0340437
-0.269011
-0.317032
-0.301033
-0.245057
-0.0794122
-0.0278648
0.065268
0.136793
0.0458662
-0.107971
-0.191127
-0.191829
-0.104663
0.0330896
-0.0868959
-0.210643
-0.107018
-0.129382
-0.178058
-0.242664
-0.268746
-0.161524
-0.211996
-0.0644236
0.182222
0.0463199
0.00764449
0.223971
0.418633
0.365247
0.229123
0.254881
-0.0554377
-0.237572
0.0967855
0.00785036
-0.222543
-0.123443
-0.109672
-0.163731
-0.233314
-0.114894
0.147819
0.0959644
-0.0188071
0.0435628
0.0221374
0.0152413
0.266364
0.419563
0.289089
0.202672
-0.0347309
-0.229001
0.0579507
0.150161
-0.074179
-0.13474
-0.142177
-0.0623371
0.0677657
0.17906
0.266009
0.0798749
-0.0572056
0.0521193
-0.0124678
-0.0353373
0.0223773
-0.247766
-0.300829
-0.0118763
0.0523635
0.195586
0.21296
-0.144489
-0.194942
-0.154106
-0.139416
0.120287
0.281045
0.332601
0.100534
-0.139877
-0.0017281
-0.111386
-0.111588
0.112349
0.11845
0.396475
0.524025
0.436158
0.563644
0.421295
0.25188
0.0142128
-0.330023
-0.226505
-0.173087
-0.211546
-0.10316
-0.26621
-0.574531
-0.538986
-0.152205
-0.227382
-0.307213
0.326889
0.302291
0.0696503
0.428781
0.234364
0.126341
0.227268
0.0320027
0.146507
0.050946
-0.095403
0.020245
-0.117595
-0.0400205
0.0535303
-0.10214
-0.0667153
-0.153411
-0.258036
-0.132871
-0.0882315
-0.0713461
0.0230436
0.0916538
-0.00914473
-0.103963
0.0357715
0.0958174
-0.0176779
-0.119924
-0.144847
-0.0155047
0.103386
0.117708
0.152103
0.218284
0.215491
0.0556648
-0.0501101
-0.00969619
0.00958587
0.164599
0.7
0.386794
0.18505
0.0526745
-0.0392426
-0.184215
-0.208827
-0.0940541
-0.120738
-0.135542
-0.059936
-0.132936
-0.103174
0.0825223
0.130652
0.137982
0.100192
-0.0135472
0.00696295
0.0325536
-0.183344
-0.374331
-0.212893
-0.0575159
-0.162288
-0.174032
-0.212158
-0.390667
-0.290884
-0.116196
-0.116923
-0.0221788
-0.0385995
-0.228997
-0.140505
0.0170793
-0.0590604
-0.10634
-0.193684
-0.279044
-0.0633384
0.0447977
-0.0652062
0.0133635
0.0564199
0.00150924
0.053855
-0.0176161
-0.180661
-0.226771
-0.221319
-0.141058
-0.0142879
0.0548488
0.163946
0.207488
-0.0132964
-0.143792
-0.0371439
-0.12313
-0.294576
-0.221838
-0.0482026
0.0862365
0.0871556
-0.00173727
-0.0264509
-0.0880453
-0.19617
-0.257664
-0.2522
-0.125328
-0.00181175
0.0360772
0.0672211
0.122578
0.2648
0.275665
0.0457613
0.0808927
0.325737
0.236067
0.0196977
-0.0315595
0.00130924
0.0489492
-0.0539915
-0.174886
-0.129003
-0.150523
-0.153215
0.0106287
0.11801
0.181114
0.242383
0.187917
0.0311101
-0.0882672
-0.0306573
0.0357825
0.0137211
0.0266817
-0.0563996
-0.132235
-0.04203
-0.00461156
0.0224699
0.0793478
0.135813
0.269724
0.234501
0.120599
0.124531
-0.0410068
-0.175797
-0.101142
-0.0970676
-0.0124638
0.176511
0.166216
-0.0157035
-0.134245
-0.0139802
0.16417
0.139418
0.056655
0.0493714
0.0496238
0.0706559
0.0981659
0.0282302
-0.0379993
0.0154951
0.086247
0.174821
0.184807
0.0358088
-0.00182736
0.037997
0.0290404
0.104396
0.145482
0.0926842
0.0236722
-0.0804216
-0.0742917
0.0909965
0.157221
0.0499486
0.0446358
0.115281
0.0834442
0.131489
0.149773
0.0334773
0.0063123
-0.0182503
0.00126254
-0.00238857
-0.202623
-0.15209
0.0940135
0.107719
0.0907214
0.122975
0.119481
0.0631858
-0.0796593
-0.0939288
0.0467596
0.0580628
0.0106114
0.109201
0.114391
-0.0222109
0.0222799
0.10775
0.0445561
-0.0359262
-0.109908
-0.126778
-0.0633936
0.00037427
-0.0182596
-0.0993846
-0.0831712
-0.0341464
-0.0357857
-0.0791273
-0.150343
-0.0977753
-0.0412807
-2.76488e-05
0.134018
0.129225
0.0878493
0.0503336
-0.0681715
-0.0060243
0.035688
-0.0340147
0.00410156
-0.0171542
-0.0474375
-0.0339113
-0.0205825
0.045131
-0.044829
-0.141239
-0.0283191
0.0296324
0.00291374
-0.00585038
0.0362463
0.154801
0.150004
-0.0102614
-0.10476
-0.115944
-0.142365
-0.163551
-0.130352
-0.0696131
-0.0549353
-0.082061
-0.0867433
-0.0659539
0.0423989
0.202917
0.200533
0.117109
0.112515
0.0958139
0.0425122
0.030116
0.108884
0.129168
0.0193169
0.0397459
0.112841
0.0307637
-0.0212948
-0.014254
-0.0885451
-0.178234
-0.117746
0.0573111
0.101468
0.0145448
-0.0449591
-0.0715498
-0.0509401
0.0146938
0.0803166
0.150642
0.183201
0.118324
0.0370887
0.0381816
0.0476467
0.00474849
-0.026233
-0.0219647
-0.0517832
-0.133087
-0.125349
-0.0347754
-0.0406079
-0.0818503
-0.0666126
-0.0837403
-0.12384
-0.106419
-0.0620236
-0.0518027
-0.0615896
-0.0712313
-0.0475616
0.0168463
0.0181172
-0.0380769
-0.0642218
-0.0626215
-0.0377783
-0.00458912
0.0283105
0.0247971
-0.0210959
-0.046352
-0.0805273
-0.0546694
0.00958377
-0.0667089
-0.0886578
-0.00660802
-0.0368752
0.00543676
0.140468
0.105334
0.0069534
0.00189511
0.0341776
0.0456542
-0.0239541
-0.0937048
-0.0295437
0.028778
-0.000831936
-0.0408493
-0.110454
-0.109109
-0.0300658
-0.00798021
0.00314945
-0.0201169
-0.0428542
-0.0289808
-0.0779765
-0.0534675
0.00979125
0.0123627
0.0690108
0.0240532
-0.0869799
-0.0842072
-0.100022
-0.117037
-0.110764
-0.12032
-0.083643
-0.0393805
-0.00716429
-0.0122262
-0.0571892
-0.0580163
-0.0370432
-0.0402469
-0.0304024
0.0346022
0.044787
-0.00409144
0.0494731
0.0504439
-0.028153
-0.0153915
-0.0389335
-0.0409471
0.0454396
0.0286573
-0.0243083
0.0249528
0.0973196
0.070203
0.0250385
0.0495873
0.0175288
-0.0173166
-0.0265447
-0.089299
-0.0625724
-0.000974477
-0.0161839
-0.00471201
0.0340526
0.0639302
0.0445265
-0.0169851
-0.0532475
-0.0470494
0.00302118
-0.0155187
-0.0652516
-0.011811
0.0205596
0.0324765
0.0804496
0.083825
0.0869421
0.0867636
0.0542947
0.0475278
0.0533781
0.0353159
0.00491125
0.00837263
0.0235943
0.0129525
0.00692683
-0.000946505
0.0126651
0.0416064
0.0325657
0.00289533
-0.049122
-0.0507347
0.0267725
0.0602871
0.0727195
0.0727734
0.0265366
0.0372973
0.0538712
0.0178008
0.0430692
0.0623732
0.0101104
0.0242836
0.0647933
0.0283095
-0.00498868
-0.0150726
8.87978e-05
0.0372117
0.0105355
-0.00783615
0.0291818
0.0235264
0.00531172
0.0287665
0.0721028
0.0815647
0.0346006
-0.000293085
0.0119689
0.054217
0.0557363
0.00864829
0.00571183
-0.000374083
-0.0151632
0.00360016
-0.00497514
0.0051445
0.0115691
-0.0259275
-0.0188334
-0.00726831
-0.0060616
-0.00705446
-0.035722
-0.00662035
0.0454917
0.037484
-0.0111826
-0.0495979
-0.0170619
0.00950432
0.010739
0.0529138
0.0510962
0.0175376
0.0182587
-0.00146108
-0.0265567
-0.0250918
-0.0302774
-0.0486807
-0.0652119
-0.0736792
-0.0480463
-0.0108039
-0.0153405
0.00860181
0.0436125
-0.00136429
-0.020182
-0.00674331
-0.0312521
-0.0127051
0.0229225
0.0224463
0.0286021
0.0268883
0.00719621
0.0104408
0.0275791
0.0119326
0.00470275
0.0117312
-0.0271824
-0.0369667
-0.0140109
-0.0273145
-0.0156498
0.0146985
0.0309133
0.0221911
-0.0214682
-0.0058165
0.0314567
-0.00282927
-0.0200924
0.000940366
0.00206121
0.000176046
0.0124146
0.0166111
0.00120547
-0.00255824
0.0150686
0.0272924
0.0240511
0.0122962
-0.00229403
-0.0170885
-0.0155175
-0.0129163
-0.0187827
-0.000294061
0.00303264
-0.0220733
-0.0204025
-0.0144643
-0.0169145
-0.00559912
-0.00502886
-0.0216744
-0.0211
-0.00519695
0.00290165
0.0306657
0.0402345
-0.00786289
-0.0211538
-0.023451
-0.0564805
-0.0287885
0.0132558
0.0104565
0.00793821
0.00111992
-0.0120207
-0.0215939
-0.0186592
-0.0140114
-0.0244453
-0.0231064
-0.021936
-0.0121817
0.0128507
0.00900529
0.00527309
-0.000367184
-0.0169672
-0.0149537
-0.0207412
-0.00528629
0.0133724
-0.000949921
0.00924819
-0.00817852
-0.0353069
0.00110599
0.0132092
0.00432155
0.00627519
0.00212974
0.021124
0.0209495
0.00669248
0.0129866
0.00702793
0.00966427
0.0186633
0.00521303
-0.0224885
-0.030356
-0.00451944
-0.00854721
