-0.00257801
-0.00257622
-0.00257438
-0.00257258
-0.00257075
-0.00256891
-0.00256707
-0.00256522
-0.00256339
-0.00256157
-0.00255979
-0.00255807
-0.00255639
-0.00255465
-0.0025528
-0.00255091
-0.00254912
-0.00254757
-0.0025463
-0.00254478
-0.00254203
-0.00253746
-0.00253224
-0.0025285
-0.00252776
-0.00253023
-0.00253477
-0.00253891
-0.00253957
-0.00253521
-0.00252701
-0.00251905
-0.00251545
-0.00251774
-0.00252445
-0.00253294
-0.00254051
-0.00254434
-0.00254301
-0.00253708
-0.00252593
-0.00250221
-0.00245715
-0.002393
-0.00232509
-0.00226823
-0.00222827
-0.0022077
-0.00220796
-0.00222684
-0.00225939
-0.00230411
-0.00237792
-0.00250157
-0.00265172
-0.00277009
-0.00281577
-0.00279115
-0.00273223
-0.00268635
-0.00268435
-0.00272636
-0.00279053
-0.00285871
-0.0029598
-0.00315799
-0.00348473
-0.00388811
-0.00427124
-0.00454568
-0.00466566
-0.00461678
-0.00437268
-0.00392479
-0.00330466
-0.00256579
-0.00175399
-0.000960751
-0.000424659
-0.000359433
-0.000773799
-0.00147596
-0.00220797
-0.00280998
-0.00326469
-0.00356111
-0.00364297
-0.00349017
-0.00315335
-0.0027168
-0.00220519
-0.00153435
-0.000649519
0.000212784
0.000629712
0.000370542
-0.000461861
-0.001568
-0.0026753
-0.00366672
-0.00441871
-0.00462885
-0.00408625
-0.0028709
-0.00135304
-0.000187774
7.97303e-05
-0.000489231
-0.00122496
-0.00144518
-0.000992175
-0.000285474
0.000130813
-5.04401e-06
-0.000587771
-0.00123032
-0.00137947
-0.000685877
0.000777998
0.00263573
0.0042607
0.00486916
0.00408506
0.00216976
-0.000339885
-0.00313387
-0.0061456
-0.00890354
-0.0103204
-0.00968295
-0.00722104
-0.00387836
-0.000905303
0.000815894
0.00124962
0.000931257
-0.000245032
-0.00335351
-0.00911504
-0.0166077
-0.0233478
-0.0265591
-0.0247712
-0.0187213
-0.0105512
-0.00228964
0.00515629
0.0120285
0.0186345
0.0238464
0.0261098
0.0250608
0.0215906
0.0164072
0.00947777
0.000702215
-0.00931867
-0.0173954
-0.0189248
-0.0119927
0.00144422
0.0175144
0.0327949
0.0434912
0.0455652
0.0380889
0.0239199
0.00739316
-0.0083491
-0.0220821
-0.0329084
-0.0402274
-0.0443944
-0.0462765
-0.0468192
-0.0467634
-0.0457314
-0.0413317
-0.0314508
-0.0169811
-0.00178751
0.0105437
0.0190396
0.025132
0.0303636
0.0343566
0.0359179
0.0345415
0.0301044
0.0225367
0.0123191
0.000462617
-0.0120008
-0.0244743
-0.0368125
-0.0475536
-0.0524791
-0.048429
-0.0361816
-0.0194876
-0.00229501
0.0133288
0.0274551
0.0395285
0.0450069
0.0395469
0.0233695
0.000762073
-0.0232059
-0.044622
-0.0576568
-0.0563236
-0.0400959
-0.014076
0.0151577
0.043279
0.0693881
0.0949161
0.121301
0.144545
0.15476
0.145882
0.120673
0.0876013
0.0547516
0.0258366
4.05079e-05
-0.0255003
-0.0509661
-0.0701384
-0.0765325
-0.0695765
-0.0544986
-0.0394305
-0.0312686
-0.0317913
-0.0378422
-0.0432896
-0.0416915
-0.030625
-0.0143627
-0.00412887
-0.0095499
-0.0314407
-0.0629979
-0.0957403
-0.124409
-0.144597
-0.148278
-0.130785
-0.095814
-0.052449
-0.0091431
0.0279789
0.0513932
0.0564414
0.0458273
0.0275842
0.01189
0.007429
0.0162071
0.0321685
0.0446488
0.0463347
0.037312
0.0218946
0.00314672
-0.0171833
-0.0356193
-0.0485052
-0.0550714
-0.0571121
-0.0564444
-0.0540508
-0.0491457
-0.0380386
-0.0178071
0.0106716
0.0422513
0.0659015
0.0714424
0.0599208
0.0454545
0.0430304
0.0577239
0.084245
0.112683
0.131507
0.132659
0.119082
0.101627
0.0906483
0.0919689
0.105139
0.124903
0.145226
0.161048
0.1664
0.157888
0.137831
0.112291
0.0870054
0.0657302
0.0509259
0.0426859
0.0386741
0.0358193
0.0326589
0.0324168
0.0405595
0.0591581
0.0852582
0.113071
0.137918
0.158465
0.174567
0.184081
0.185582
0.181222
0.175287
0.170868
0.167827
0.164026
0.157786
0.149293
0.140805
0.134808
0.132115
0.1317
0.13107
0.126611
0.116175
0.101819
0.0915437
0.0933565
0.108813
0.133682
0.162162
0.190091
0.215979
0.235378
0.233665
0.198963
0.133729
0.051831
-0.031709
-0.108684
-0.17912
-0.244456
-0.292189
-0.304227
-0.276344
-0.221131
-0.157518
-0.0991582
-0.0495822
-0.00470255
0.0413664
0.0877176
0.118641
0.117725
0.0833486
0.0282001
-0.0312134
-0.0843028
-0.129511
-0.171288
-0.214899
-0.262827
-0.314218
-0.366538
-0.417627
-0.466809
-0.513808
-0.550471
-0.561855
-0.541458
-0.496725
-0.442342
-0.390517
-0.345766
-0.307059
-0.27502
-0.251892
-0.237369
-0.224877
-0.203485
-0.167209
-0.122153
-0.0832314
-0.0611671
-0.0551177
-0.0521396
-0.0361259
-0.000806117
0.0400437
0.0584625
0.0370515
-0.0195435
-0.0922047
-0.156223
-0.184337
-0.163771
-0.104585
-0.029579
0.0414691
0.100895
0.15045
0.184037
0.186446
0.151376
0.0878876
0.0128727
-0.05912
-0.111075
-0.118664
-0.0711323
0.0190117
0.126725
0.230884
0.323431
0.408032
0.488907
0.547618
0.553181
0.494701
0.389476
0.267603
0.152602
0.0540751
-0.01759
-0.0483748
-0.0366619
0.00138347
0.0410282
0.0646531
0.0679595
0.0570791
0.0377937
0.00956158
-0.0294696
-0.0780135
-0.127282
-0.160274
-0.16555
-0.14592
-0.117915
-0.106433
-0.127365
-0.177903
-0.242568
-0.303117
-0.338736
-0.335564
-0.297312
-0.240823
-0.183678
-0.13495
-0.093897
-0.0546152
-0.0117963
0.0361316
0.0872554
0.13554
0.166297
0.166407
0.136348
0.0886766
0.0390114
0.00326107
-0.0059965
0.0118814
0.046326
0.0832892
0.11021
0.120626
0.117761
0.114365
0.124174
0.151873
0.192085
0.234218
0.262343
0.261483
0.229699
0.178283
0.12247
0.0722849
0.0293855
-0.0102865
-0.0516709
-0.0971522
-0.145966
-0.195718
-0.242998
-0.276709
-0.281952
-0.254644
-0.204561
-0.147142
-0.093849
-0.0478736
-0.00597996
0.0357313
0.0744235
0.103173
0.118251
0.121121
0.116863
0.110632
0.101535
0.0819245
0.0464812
0.000920759
-0.0360317
-0.0480448
-0.0334604
-0.00331475
0.0267743
0.0421099
0.036447
0.0145413
-0.0123591
-0.0302162
-0.0290315
-0.00915982
0.0200209
0.0443315
0.0532801
0.046931
0.0359225
0.0327663
0.0422465
0.0576184
0.0670577
0.0636915
0.0495712
0.034306
0.0277197
0.0310925
0.0304736
0.00764577
-0.0437288
-0.115541
-0.193537
-0.266727
-0.326406
-0.358422
-0.353995
-0.318904
-0.268805
-0.218627
-0.175424
-0.138064
-0.10153
-0.0616907
-0.0176348
0.0278317
0.0622033
0.0670467
0.0353529
-0.0179436
-0.0555466
-0.0456108
0.0152592
0.105941
0.199778
0.28062
0.339261
0.354354
0.30809
0.206162
0.0736194
-0.0551985
-0.133307
-0.127562
-0.0443604
0.0782455
0.19293
0.26947
0.307636
0.326888
0.33874
0.333359
0.29776
0.231232
0.145241
0.0544862
-0.0301531
-0.0942533
-0.119937
-0.102638
-0.0551991
0.00235254
0.0551206
0.0988421
0.137529
0.175006
0.201863
0.202621
0.172228
0.119464
0.0591353
0.00611199
-0.0210112
-0.00965844
0.0360939
0.0996632
0.158839
0.186222
0.165707
0.104045
0.0229968
-0.0565044
-0.124855
-0.184242
-0.242014
-0.2986
-0.342334
-0.362773
-0.360496
-0.3453
-0.329375
-0.321651
-0.324142
-0.332911
-0.340913
-0.337205
-0.313006
-0.26897
-0.213726
-0.157199
-0.105072
-0.0575151
-0.0114504
0.0362322
0.08649
0.13173
0.149713
0.122903
0.0545934
-0.0302649
-0.0959237
-0.120756
-0.108682
-0.0799921
-0.0547739
-0.0434716
-0.0509807
-0.077957
-0.119165
-0.166356
-0.212933
-0.256487
-0.296196
-0.318968
-0.303291
-0.241422
-0.145612
-0.0374176
0.0661631
0.159538
0.246604
0.334325
0.427136
0.522961
0.602546
0.638436
0.621062
0.565005
0.495706
0.432958
0.385559
0.359819
0.35884
0.377852
0.406759
0.433741
0.440881
0.413089
0.350955
0.268847
0.183719
0.105557
0.0350031
-0.0329475
-0.103523
-0.178778
-0.257399
-0.336605
-0.411849
-0.467564
-0.484883
-0.460227
-0.407568
-0.347032
-0.292695
-0.247869
-0.212141
-0.194414
-0.20503
-0.243676
-0.299547
-0.358632
-0.403209
-0.413864
-0.384706
-0.327164
-0.260131
-0.197918
-0.14469
-0.0965516
-0.0473262
0.00665015
0.0651067
0.12532
0.184536
0.241563
0.29665
0.34667
0.382704
0.399101
0.398836
0.390574
0.381075
0.364792
0.328718
0.266993
0.185501
0.0962416
0.0092648
-0.0716957
-0.147483
-0.211643
-0.249258
-0.253179
-0.230694
-0.197055
-0.165356
-0.140774
-0.121249
-0.101866
-0.0790985
-0.0525397
-0.0246766
-0.00091183
0.0139388
0.0196295
0.0224762
0.0339134
0.0615097
0.103884
0.153317
0.197061
0.216172
0.199282
0.151681
0.091739
0.0464491
0.0362186
0.0613895
0.103293
0.133017
0.130785
0.0973472
0.0482522
0.000480396
-0.0373275
-0.0653613
-0.0845879
-0.0944499
-0.0958461
-0.0918595
-0.0872213
-0.0869797
-0.0924285
-0.0964345
-0.0883195
-0.0635821
-0.0262869
0.014779
0.045888
0.0511514
0.0252415
-0.0231318
-0.0747328
-0.10245
-0.0887522
-0.0376421
0.031877
0.100441
0.158603
0.207895
0.255324
0.304359
0.336809
0.320951
0.243506
0.119359
-0.0225458
-0.158086
-0.269958
-0.340067
-0.362132
-0.348378
-0.320344
-0.295428
-0.279825
-0.27013
-0.259471
-0.24037
-0.205758
-0.154346
-0.0916449
-0.0256933
0.0378111
0.0975198
0.155311
0.213797
0.274393
0.335386
0.377745
0.365838
0.281688
0.14069
-0.00952762
-0.107195
-0.121047
-0.066492
0.015074
0.0869329
0.129549
0.133125
0.0996607
0.0429266
-0.0202344
-0.0789271
-0.131222
-0.181159
-0.233589
-0.290564
-0.34714
-0.384513
-0.384063
-0.344441
-0.280791
-0.212465
-0.1517
-0.100117
-0.0523881
-0.00234805
0.0528293
0.111171
0.162778
0.19489
0.203354
0.19683
0.196825
0.22367
0.279946
0.338063
0.354396
0.306791
0.207414
0.0874465
-0.0254764
-0.113335
-0.158588
-0.154625
-0.11328
-0.056299
-0.00174575
0.0435367
0.0826416
0.122252
0.162471
0.184599
0.166491
0.104028
0.0124534
-0.0865918
-0.17518
-0.231005
-0.234265
-0.18584
-0.106233
-0.0202994
0.0566587
0.122829
0.182003
0.226023
0.239946
0.220573
0.189238
0.181155
0.216468
0.28892
0.36668
0.398308
0.350641
0.234725
0.102005
0.00652643
-0.0316313
-0.0330607
-0.0403559
-0.0847888
-0.169069
-0.27432
-0.378047
-0.468002
-0.545166
-0.617262
-0.678411
-0.7
-0.661104
-0.568177
-0.447476
-0.325852
-0.216983
-0.119736
-0.0252961
0.0740935
0.173746
0.245705
0.262836
0.223729
0.150715
0.0717046
0.00399986
-0.049117
-0.0852113
-0.097805
-0.0857389
-0.0562639
-0.021726
0.000107237
-0.00598061
-0.0413097
-0.0943927
-0.150575
-0.20043
-0.237181
-0.251943
-0.241604
-0.212717
-0.179063
-0.156299
-0.152071
-0.158145
-0.150294
-0.108528
-0.0321486
0.0636658
0.160853
0.248716
0.319582
0.359923
0.362286
0.333885
0.291828
0.256471
0.24257
0.252186
0.280207
0.320104
0.365804
0.413124
0.459415
0.497336
0.516488
0.513528
0.493707
0.457943
0.398169
0.310085
0.199643
0.0789552
-0.0412997
-0.156473
-0.267678
-0.378523
-0.491585
-0.597067
-0.656802
-0.635943
-0.535815
-0.389559
-0.236335
-0.0993642
0.0193072
0.120472
0.18392
0.188998
0.138083
0.054252
-0.0357348
-0.115945
-0.184857
-0.249736
-0.318121
-0.38487
-0.422935
-0.408306
-0.341844
-0.245621
-0.145482
-0.0565339
0.0203671
0.0912458
0.150898
0.18282
0.178711
0.148899
0.116444
0.0996656
0.102168
0.113669
0.11449
0.0893501
0.0385121
-0.0188237
-0.054372
-0.0529531
-0.0206142
0.0237187
0.0601416
0.0782138
0.0803821
0.0784473
0.0886082
0.120771
0.172576
0.233185
0.284877
0.304048
0.278899
0.218149
0.142333
0.0696947
0.0111914
-0.0249834
-0.0371007
-0.0316559
-0.0159194
0.00713816
0.0367066
0.071618
0.105674
0.121407
0.103515
0.0524331
-0.0175411
-0.0833395
-0.118299
-0.110091
-0.0678447
-0.0123833
0.0355919
0.0617525
0.0640334
0.0488359
0.02284
-0.00912056
-0.0440273
-0.0804255
-0.117907
-0.156444
-0.195901
-0.234747
-0.261004
-0.254833
-0.20795
-0.130181
-0.040511
0.0454716
0.122203
0.192113
0.252354
0.289487
0.294791
0.273097
0.238568
0.207027
0.188604
0.183602
0.184879
0.181345
0.163852
0.131247
0.0895812
0.0467373
0.00759458
-0.0274409
-0.0608351
-0.0953033
-0.132046
-0.17055
-0.209481
-0.247741
-0.285013
-0.320809
-0.345244
-0.33844
-0.290129
-0.208531
-0.112561
-0.0189391
0.0626491
0.119734
0.141366
0.129686
0.0989028
0.06767
0.0500509
0.048784
0.056997
0.0641524
0.0621178
0.0502166
0.0360312
0.0287295
0.0320433
0.0417952
0.0461144
0.034196
0.00447941
-0.0359689
-0.0736602
-0.0897265
-0.0731843
-0.0288677
0.0282528
0.0839492
0.130754
0.16463
0.184319
0.192879
0.195111
0.194779
0.193783
0.191509
0.180035
0.147818
0.0912308
0.0172585
-0.0625177
-0.139162
-0.204131
-0.238549
-0.227142
-0.173568
-0.0968055
-0.0174156
0.0504939
0.0894617
0.0829927
0.031603
-0.0473917
-0.132645
-0.210725
-0.276619
-0.316588
-0.311822
-0.258985
-0.173629
-0.0781426
0.0115847
0.0908608
0.156132
0.198115
0.212387
0.205777
0.191899
0.181952
0.179581
0.18196
0.184165
0.18304
0.178757
0.17531
0.177859
0.188404
0.203529
0.208794
0.185483
0.127434
0.0445352
-0.0464121
-0.132633
-0.21043
-0.281374
-0.335577
-0.353345
-0.326842
-0.267096
-0.194486
-0.126962
-0.0755557
-0.0416161
-0.0183154
0.00305712
0.0232801
0.0319581
0.0198036
-0.0126031
-0.0564763
-0.101703
-0.141821
-0.17042
-0.180159
-0.169835
-0.145881
-0.117575
-0.0915472
-0.0695082
-0.049946
-0.0354283
-0.0348555
-0.0538239
-0.0893382
-0.132792
-0.175758
-0.212553
-0.241085
-0.26208
-0.273289
-0.270846
-0.254852
-0.230049
-0.201453
-0.167252
-0.121503
-0.0619082
0.00797097
0.0803042
0.141026
0.17668
0.185506
0.178299
0.172205
0.179856
0.202321
0.226496
0.231959
0.207917
0.159562
0.10127
0.0459581
-0.00120387
-0.0424776
-0.0831804
-0.127258
-0.175366
-0.224344
-0.259102
-0.25683
-0.20861
-0.126074
-0.0308439
0.0596645
0.136891
0.188312
0.199699
0.17056
0.115443
0.0532789
-0.00339401
-0.0515267
-0.0882548
-0.105022
-0.0973126
-0.070067
-0.0338598
0.00186352
0.0303143
0.0441345
0.0398673
0.0212679
-0.00369382
-0.0276929
-0.0459938
-0.0574124
-0.0641558
-0.0697042
-0.0765251
-0.0851268
-0.0945737
-0.103637
-0.111678
-0.118844
-0.125364
-0.127353
-0.116455
-0.0881879
-0.0458415
0.00192182
0.0419826
0.0623624
0.0610274
0.045842
0.0279085
0.018297
0.0269226
0.0560298
0.0990771
0.146195
0.190324
0.229769
0.266845
0.304433
0.339993
0.364899
0.373418
0.367592
0.355169
0.346848
0.351302
0.369613
0.392282
0.39991
0.378368
0.329182
0.265586
0.201926
0.145724
0.0963851
0.0489374
-0.00119932
-0.0548806
-0.102819
-0.127286
-0.118782
-0.0836551
-0.0423515
-0.0203635
-0.0304636
-0.0667621
-0.112909
-0.152133
-0.174126
-0.179328
-0.177628
-0.185199
-0.213971
-0.263703
-0.324657
-0.383586
-0.420964
-0.419461
-0.37866
-0.31408
-0.245021
-0.183455
-0.130754
-0.0815023
-0.029636
0.026646
0.0778523
0.106951
0.105582
0.0800004
0.0445146
0.0115444
-0.014051
-0.0345208
-0.0560685
-0.0835109
-0.108985
-0.115332
-0.093176
-0.0475173
0.00822746
0.0619185
0.1085
0.149779
0.190468
0.234137
0.28143
0.330683
0.379692
0.425686
0.460759
0.476577
0.472679
0.456021
0.43133
0.396561
0.349219
0.290866
0.226409
0.161022
0.0997287
0.0493265
0.0136992
-0.00926185
-0.0227713
-0.027341
-0.023392
-0.0130956
0.000313268
0.0141176
0.0270214
0.0375884
0.0418269
0.0365765
0.0226712
0.00368281
-0.0200567
-0.0528512
-0.0974975
-0.152016
-0.211291
-0.270504
-0.327389
-0.380989
-0.422592
-0.43818
-0.422967
-0.385337
-0.339673
-0.29728
-0.263844
-0.242105
-0.23117
-0.226577
-0.22079
-0.205707
-0.178348
-0.142068
-0.104211
-0.0757545
-0.0652279
-0.0722609
-0.089124
-0.106767
-0.11598
-0.104079
-0.0639224
-0.000370564
0.074071
0.147812
0.215681
0.278935
0.341401
0.399611
0.436846
0.439611
0.410185
0.363253
0.31481
0.274241
0.244912
0.225794
0.212015
0.194972
0.166828
0.126142
0.0776311
0.0278184
-0.019093
-0.0625937
-0.104642
-0.147501
-0.192146
-0.23435
-0.259212
-0.25339
-0.217466
-0.164137
-0.108838
-0.0666912
-0.0505465
-0.0622401
-0.0915705
-0.120449
-0.131948
-0.121025
-0.0951115
-0.0691158
-0.0592694
-0.0726195
-0.103846
-0.141372
-0.175614
-0.203293
-0.223534
-0.229019
-0.212166
-0.173882
-0.122905
-0.0694533
-0.0211954
0.0146983
0.0343007
0.0402815
0.0403105
0.0443851
0.0594589
0.0854846
0.115314
0.135034
0.13338
0.110302
0.0755691
0.0425887
0.0204778
0.0096371
0.00287739
-0.0089038
-0.0301619
-0.0578522
-0.0790692
-0.0791898
-0.0542059
-0.0120794
0.0346909
0.0770127
0.110783
0.13438
0.147616
0.150941
0.142647
0.118941
0.0795799
0.0294312
-0.0241688
-0.0704812
-0.0969544
-0.0991552
-0.0835885
-0.0619432
-0.0440741
-0.0337803
-0.0289455
-0.0249961
-0.0185299
-0.00906897
0.000639022
0.0067617
0.00762201
0.00482832
0.00168267
0.00063279
0.00188797
0.00232542
-0.00287322
-0.0159443
-0.0351738
-0.0567683
-0.0775115
-0.0955396
-0.106168
-0.102794
-0.0837087
-0.05363
-0.0198999
0.0120353
0.0406091
0.0668663
0.091975
0.115557
0.131974
0.133672
0.118839
0.0926443
0.0629435
0.035444
0.0116901
-0.00817783
-0.0201039
-0.0196191
-0.00698064
0.0130241
0.0346252
0.0542534
0.0712365
0.0862175
0.100016
0.112432
0.119151
0.114814
0.0985307
0.0743732
0.0480739
0.0235898
0.00179116
-0.0186727
-0.0396027
-0.0618623
-0.0851177
-0.108314
-0.127647
-0.135943
-0.129303
-0.11049
-0.0862758
-0.0627781
-0.042889
-0.0293138
-0.0265803
-0.0364126
-0.0556846
-0.0787919
-0.0999738
-0.111212
-0.105995
-0.0849608
-0.0548739
-0.0233043
0.00725173
0.0399521
0.0785262
0.123657
0.17233
0.213204
0.228496
0.209886
0.16471
0.108784
0.055617
0.0109777
-0.0215461
-0.0371018
-0.0351843
-0.0212851
-0.00327078
0.0121532
0.0212971
0.0245078
0.0238929
0.0196705
0.011001
-0.00123757
-0.0128497
-0.0194804
-0.0199939
-0.0168395
-0.0141332
-0.0143386
-0.0154127
-0.0127528
-0.00369502
0.010834
0.0277357
0.0441017
0.0586722
0.0716327
0.0834437
0.0944638
0.105003
0.114922
0.120542
0.115433
0.0968668
0.0680526
0.0353456
0.0061742
-0.0117494
-0.0154069
-0.00831822
0.00244094
0.00892121
0.005596
-0.00750646
-0.0259561
-0.0446348
-0.0607112
-0.074276
-0.0870552
-0.0986726
-0.10099
-0.0846128
-0.0482295
0.00102138
0.0534214
0.102311
0.141354
0.157451
0.141387
0.0971888
0.0385297
-0.0208501
-0.0740179
-0.120897
-0.159238
-0.181618
-0.184353
-0.171611
-0.152024
-0.132894
-0.115893
-0.0979259
-0.0756434
-0.0483302
-0.0178269
0.0132236
0.0430516
0.0713718
0.0984888
0.120848
0.131326
0.12664
0.110178
0.0892695
0.0713509
0.0602465
0.0549972
0.0519473
0.0477589
0.0411783
0.0329484
0.0245991
0.0175383
0.0138318
0.015419
0.0222122
0.0317352
0.0388751
0.0386736
0.0301117
0.0161532
0.00103535
-0.0123994
-0.0229323
-0.0278062
-0.0239245
-0.0113369
0.00657363
0.0247209
0.0387865
0.0469573
0.0493038
0.0474111
0.0435154
0.0378605
0.0270117
0.00784953
-0.0191791
-0.0506342
-0.081552
-0.103898
-0.110839
-0.10253
-0.085317
-0.0672185
-0.054402
-0.0486976
-0.0477744
-0.0477717
-0.045988
-0.0419898
-0.0371348
-0.0331456
-0.0308818
-0.0309832
-0.0354481
-0.0457872
-0.0612405
-0.0789744
-0.0953393
-0.108132
-0.117615
-0.125598
-0.13239
-0.133313
-0.123157
-0.101504
-0.0726778
-0.0423516
-0.0156509
0.00273688
0.00992935
0.00620792
-0.00482617
-0.0184298
-0.030948
-0.0391718
-0.0405877
-0.0353822
-0.0262253
-0.0162928
-0.00750046
-5.17095e-05
0.00606454
0.00867849
0.005363
-0.00392961
-0.0169134
-0.0307284
-0.0433486
-0.0518912
-0.0520346
-0.0420694
-0.0244871
-0.00390188
0.0159185
0.0336223
0.049948
0.0664674
0.0847567
0.105503
0.125474
0.136214
0.131581
0.112889
0.0869382
0.060855
0.0387548
0.0237833
0.0186686
0.0229384
0.0328885
0.0434261
0.0501841
0.0517922
0.049906
0.0473228
0.0465945
0.0501925
0.0591094
0.0710646
0.081477
0.0871577
0.088168
0.0868943
0.086498
0.0900312
0.0986717
0.111139
0.124877
0.136235
0.140326
0.135482
0.125675
0.116789
0.112263
0.111835
0.112601
0.108891
0.0949088
0.0695428
0.0367094
0.00201636
-0.0306889
-0.0606341
-0.0892447
-0.118364
-0.148915
-0.180649
-0.212707
-0.244339
-0.274183
-0.293761
-0.29053
-0.260464
-0.211133
-0.155198
-0.102358
-0.0555618
-0.0123213
0.0309843
0.0708836
0.095701
0.0977854
0.080123
0.0528421
0.025861
0.00396053
-0.0128096
-0.0254517
-0.0349239
-0.0410605
-0.0402506
-0.0289598
-0.00769186
0.0193535
0.0459088
0.0652722
0.0745017
0.0758549
0.0742699
0.0738812
0.0767016
0.0848109
0.0999197
0.121351
0.146363
0.171989
0.196561
0.219834
0.238911
0.244991
0.231694
0.201153
0.161714
0.121906
0.0860872
0.0544128
0.0290439
0.0158631
0.0176556
0.0308608
0.0455384
0.0496349
0.0376382
0.0130327
-0.0160999
-0.0429904
-0.0653279
-0.0847303
-0.104187
-0.1257
-0.148967
-0.168452
-0.175417
-0.166073
-0.144237
-0.11851
-0.100811
-0.100657
-0.118487
-0.146841
-0.176568
-0.202205
-0.223414
-0.242425
-0.25638
-0.256613
-0.238293
-0.204809
-0.164489
-0.12487
-0.0892128
-0.0566066
-0.0243299
0.00969763
0.0445325
0.0736045
0.0899157
0.0924548
0.0863187
0.0785556
0.0738517
0.0729352
0.0737012
0.0720015
0.062765
0.0439998
0.0181056
-0.0103609
-0.0372902
-0.0587645
-0.0721248
-0.077247
-0.0739696
-0.0623017
-0.0440332
-0.0222822
0.000102369
0.0214083
0.039543
0.052114
0.058718
0.0611795
0.0616242
0.0612517
0.0604294
0.0591353
0.057324
0.0550875
0.0526284
0.0501515
0.0477735
0.0455026
0.0432802
0.0410411
0.0388986
0.0379866
0.0400076
0.0455695
0.0539624
0.0639577
0.074151
0.0809713
0.0793254
0.0673151
0.0476419
0.0252606
0.00637732
-0.000638442
0.00892706
0.0323295
0.0620988
0.0896417
0.103157
0.0933682
0.0613337
0.0167717
-0.0293129
-0.0706759
-0.107048
-0.139498
-0.165447
-0.182013
-0.189495
-0.188591
-0.177764
-0.15659
-0.127692
-0.0953636
-0.0631691
-0.0338518
-0.0137869
-0.00965826
-0.0217702
-0.0440116
-0.068578
-0.0901066
-0.105627
-0.1143
-0.117824
-0.119199
-0.120589
-0.122094
-0.122692
-0.121628
-0.118032
-0.108457
-0.0894245
-0.0611633
-0.0273952
0.00742993
0.0405969
0.0714963
0.0975403
0.112709
0.113825
0.103654
0.0883732
0.0728329
0.0583176
0.0437491
0.0277281
0.00978941
-0.00948959
-0.0291214
-0.0484645
-0.0674547
-0.0863644
-0.105474
-0.12488
-0.144027
-0.158105
-0.159126
-0.143755
-0.115948
-0.0833505
-0.0522421
-0.0248592
7.7988e-05
0.0250988
0.051906
0.0805769
0.109465
0.135778
0.157806
0.176077
0.19259
0.209304
0.227135
0.2455
0.258965
0.257829
0.237313
0.201428
0.159117
0.118157
0.0816342
0.0482803
0.0157599
-0.0128374
-0.0299561
-0.0318496
-0.0217393
-0.0072638
0.00440698
0.0103836
0.0121676
0.0131308
0.015832
0.0207389
0.0251258
0.0232164
0.011176
-0.00986636
-0.0353406
-0.0605659
-0.0823103
-0.0990065
-0.111314
-0.121428
-0.131534
-0.142703
-0.154706
-0.164658
-0.165467
-0.151875
-0.125183
-0.0916334
-0.057783
-0.0271002
-0.00012591
0.0235947
0.0450269
0.0652181
0.0824707
0.0912275
0.0878531
0.0740645
0.05533
0.0381364
0.0271689
0.0229673
0.0227195
0.0239483
0.0271185
0.0337394
0.0441758
0.0572856
0.0713013
0.0837968
0.0903562
0.087684
0.0765595
0.0609124
0.0450399
0.0322822
0.0244346
0.0209724
0.0202541
0.0214643
0.0244839
0.0291311
0.0349147
0.0410455
0.0449241
0.0422334
0.0309082
0.0127859
-0.00772098
-0.0253579
-0.0369214
-0.0429037
-0.0463569
-0.0514289
-0.0617347
-0.0780603
-0.0983116
-0.119427
-0.139325
-0.157633
-0.174563
-0.186235
-0.185839
-0.170799
-0.144892
-0.114933
-0.0863635
-0.0610267
-0.0377325
-0.0142751
0.0107775
0.0372421
0.0602824
0.0700334
0.0607218
0.0354341
0.00282849
-0.0290087
-0.0563694
-0.076899
-0.0836057
-0.0709645
-0.0410614
-0.0018947
0.0382201
0.0740482
0.101322
0.117477
0.123422
0.122182
0.117337
0.111663
0.106403
0.101383
0.0941665
0.0802066
0.0570837
0.0265428
-0.00708509
-0.037401
-0.05605
-0.0588891
-0.0490505
-0.0338406
-0.0196926
-0.0091843
-0.00087053
0.00921878
0.0240912
0.0409129
0.0497122
0.0424499
0.019495
-0.012089
-0.0442755
-0.0725902
-0.0970342
-0.118933
-0.135464
-0.142088
-0.137883
-0.126242
-0.11166
-0.0969059
-0.0826352
-0.0682767
-0.05312
-0.0369528
-0.0201041
-0.00311706
0.0133823
0.0280928
0.0397662
0.04841
0.0551342
0.0609318
0.0661581
0.0708391
0.0748601
0.0776383
0.078547
0.0776362
0.0756247
0.0733833
0.071456
0.0700619
0.0704088
0.0746664
0.0837393
0.0964663
0.110489
0.123093
0.132451
0.138629
0.143001
0.146708
0.150094
0.152718
0.152312
0.146117
0.133648
0.117025
0.0999483
0.0874539
0.0830179
0.0860746
0.0930414
0.100093
0.104934
0.105382
0.0992528
0.0865784
0.069758
0.0518911
0.035845
0.0239591
0.0166803
0.0124497
0.00902054
0.00477038
-0.0019999
-0.0138551
-0.0319302
-0.0548104
-0.0796963
-0.104227
-0.127493
-0.14989
-0.172252
-0.19386
-0.211309
-0.221848
-0.225884
-0.22599
-0.224654
-0.223268
-0.222049
-0.219758
-0.21424
-0.204495
-0.191451
-0.17709
-0.163099
-0.150124
-0.137844
-0.125381
-0.111869
-0.0970538
-0.08135
-0.0654294
-0.0497785
-0.0349212
-0.0239073
-0.0212903
-0.0285287
-0.042845
-0.0596009
-0.0750852
-0.0853897
-0.0850457
-0.0717487
-0.0485418
-0.0212947
0.00510237
0.028745
0.0488691
0.0631017
0.0697864
0.0700641
0.0671604
0.065309
0.0683324
0.0772774
0.0902401
0.104179
0.116747
0.127237
0.136396
0.145461
0.155259
0.165672
0.1743
0.177315
0.173068
0.163271
0.15136
0.140411
0.132057
0.126141
0.12135
0.116327
0.110219
0.102259
0.0920426
0.0799895
0.0670574
0.0540844
0.0410289
0.0270614
0.0115692
-0.00531137
-0.0229012
-0.0404207
-0.0559716
-0.0656283
-0.0668972
-0.0609853
-0.0517797
-0.044027
-0.0409472
-0.0426214
-0.0467841
-0.0507981
-0.0518043
-0.0454225
-0.0290409
-0.0042697
0.0244994
0.0529732
0.0766547
0.0900573
0.0904681
0.0792585
0.0608792
0.0403199
0.0207498
0.00280793
-0.0145313
-0.0325417
-0.0517804
-0.0719469
-0.0923295
-0.112351
-0.131848
-0.150436
-0.163918
-0.165793
-0.15385
-0.13188
-0.106386
-0.082414
-0.0615518
-0.0425623
-0.0238176
-0.00701019
0.00390872
0.00709217
0.00426396
-7.70026e-05
-8.73368e-05
0.00762114
0.0220765
0.0395569
0.0557538
0.0652126
0.0639311
0.0526594
0.0359463
0.018754
0.00378902
-0.00899439
-0.0211609
-0.0332493
-0.0416783
-0.0418135
-0.0326289
-0.0172162
-0.00125685
0.00849512
0.00846325
0.000263344
-0.0114112
-0.0218348
-0.026929
-0.0247124
-0.0165154
-0.00575657
0.00404405
0.0109723
0.0153105
0.0186287
0.0219887
0.0248033
0.0259283
0.0248981
0.0213216
0.0140468
0.00257717
-0.0121111
-0.0282079
-0.0441363
-0.0584348
-0.0691586
-0.0753623
-0.0778957
-0.0777892
-0.0748999
-0.0689804
-0.0605713
-0.0508275
-0.0408615
-0.0313227
-0.0225537
-0.0146459
-0.00720241
0.00192993
0.0160676
0.0365878
0.0618921
0.086776
0.10093
0.0964454
0.0743516
0.0427164
0.0105042
-0.0145905
-0.0239802
-0.0136509
0.0122612
0.0446794
0.0735001
0.091531
0.0982181
0.0984588
0.0978849
0.0985986
0.0989743
0.095946
0.0882353
0.0781431
0.0694661
0.0646014
0.0645955
0.0696206
0.0785202
0.0893009
0.10021
0.110037
0.116732
0.118192
0.1132
0.101595
0.0848985
0.0656807
0.046199
0.0275086
0.00949322
-0.00849955
-0.0268115
-0.0441133
-0.0580299
-0.0675073
-0.0736172
-0.0789593
-0.0861435
-0.096172
-0.108272
-0.12089
-0.131786
-0.136165
-0.129846
-0.113215
-0.0906495
-0.0672067
-0.0458612
-0.0278257
-0.0153261
-0.0101568
-0.0114818
-0.0163546
-0.0216933
-0.025261
-0.0252687
-0.021193
-0.0141564
-0.00603427
0.00172817
0.00904006
0.0175665
0.0290037
0.0419073
0.0506351
0.0504774
0.0414621
0.0277305
0.0151262
0.00774185
0.0058408
0.0068159
0.00776211
0.0079446
0.0086931
0.0114371
0.0162786
0.0218332
0.0264881
0.0294423
0.0302529
0.028577
0.0249448
0.0225759
0.0263654
0.0385367
0.0572082
0.0782019
0.0961328
0.105875
0.106137
0.0999405
0.0919381
0.0854589
0.0811081
0.0766802
0.0692037
0.0574839
0.0426085
0.0268122
0.0128128
0.00308162
-0.00186449
-0.00362502
-0.00454933
-0.00631777
-0.0101895
-0.0179237
-0.0303616
-0.0465064
-0.0642918
-0.0819191
-0.0985894
-0.112688
-0.119205
-0.114135
-0.0984348
-0.076973
-0.0549665
-0.0353828
-0.0199388
-0.0104137
-0.0069954
-0.00775884
-0.00997358
-0.0117892
-0.0138296
-0.0185969
-0.0277098
-0.0405347
-0.0541684
-0.0649038
-0.0709149
-0.0726724
-0.071217
-0.0675546
-0.0626587
-0.0576399
-0.0541526
-0.0533734
-0.0546765
-0.0556745
-0.0539034
-0.0474801
-0.0360031
-0.020921
-0.00450637
0.0114941
0.0265177
0.0408793
0.0534213
0.0597814
0.0566247
0.0448324
0.0284736
0.011818
-0.00288575
-0.0157128
-0.0267403
-0.0326217
-0.0296154
-0.0176017
-2.00073e-05
0.018801
0.0361115
0.0514969
0.066075
0.0808053
0.0927792
0.095814
0.0867604
0.068033
0.0451988
0.0231467
0.00387907
-0.0123112
-0.0235448
-0.0278297
-0.0256067
-0.0195524
-0.0127318
-0.00766043
-0.00668295
-0.0107139
-0.0185567
-0.027922
-0.0367169
-0.0422373
-0.0414309
-0.0336031
-0.0209512
-0.00678958
0.00634503
0.0167554
0.0235617
0.0272803
0.0293202
0.0305326
0.0308187
0.0299222
0.0283055
0.0271654
0.0274091
0.0290618
0.0318947
0.0373792
0.0476715
0.0631656
0.0821547
0.102181
0.121125
0.135568
0.141592
0.138478
0.129136
0.11693
0.103257
0.0881448
0.0714274
0.0533328
0.0344412
0.015367
-0.00351492
-0.0221379
-0.0406357
-0.0591742
-0.0778361
-0.0966028
-0.115106
-0.129664
-0.133254
-0.122334
-0.0998466
-0.0724309
-0.0459043
-0.0225818
-0.00163967
0.0166328
0.0287542
0.0322308
0.0281976
0.0204053
0.0136572
0.0123767
0.0179485
0.028319
0.0397177
0.0487369
0.0541409
0.056944
0.0587023
0.0600429
0.0608412
0.0607884
0.0597719
0.0580084
0.0559006
0.0538035
0.0518802
0.0499681
0.0462846
0.0375075
0.0219718
0.0010548
-0.0221412
-0.0449028
-0.0661373
-0.0862705
-0.105889
-0.121271
-0.124933
-0.113295
-0.0896474
-0.0610334
-0.0334958
-0.0099894
0.00585227
0.00944492
0.000155737
-0.0177945
-0.0384614
-0.0576546
-0.073591
-0.0829444
-0.0815037
-0.0687598
-0.048592
-0.0274108
-0.0114497
-0.0031265
-0.000955583
-0.00235135
-0.00534252
-0.00958967
-0.0158861
-0.0247006
-0.0354915
-0.0459459
-0.0522645
-0.0522993
-0.0470497
-0.0394306
-0.0319285
-0.0251267
-0.0182575
-0.0105864
-0.00368874
-0.00150295
-0.00646764
-0.0175682
-0.0315584
-0.0452068
-0.0549207
-0.0561301
-0.0470461
-0.0302111
-0.010355
0.00866656
0.025487
0.040887
0.0558381
0.0683795
0.0751073
0.0748786
0.0696195
0.0624328
0.054125
0.0425728
0.0259307
0.00459386
-0.0192863
-0.0433466
-0.0649368
-0.0798597
-0.0855092
-0.0832542
-0.0771519
-0.0711261
-0.0673099
-0.0661169
-0.0667
-0.0677616
-0.0683061
-0.0675829
-0.0651147
-0.0610831
-0.0555737
-0.0459942
-0.0288754
-0.00363488
0.0269972
0.0591577
0.0901595
0.119102
0.143415
0.157627
0.158985
0.150143
0.136853
0.123678
0.11019
0.0927935
0.0692181
0.0403148
0.00893825
-0.0221539
-0.0515915
-0.0768786
-0.0906274
-0.0870373
-0.0676813
-0.0398681
-0.0113358
0.0137776
0.0351815
0.0513358
0.0578062
0.0525115
0.0380599
0.0196479
0.00170851
-0.0139819
-0.0280668
-0.0421422
-0.0570283
-0.0696595
-0.0740106
-0.067057
-0.0510764
-0.0313198
-0.0123804
0.00388852
0.0176804
0.0291101
0.0381625
0.0453365
0.0522818
0.0616004
0.0747895
0.0912724
0.109064
0.124721
0.134176
0.135985
0.132205
0.1265
0.121275
0.114994
0.104118
0.0869986
0.0650174
0.041143
0.0181948
-0.0009859
-0.0143972
-0.022458
-0.0275595
-0.0323601
-0.0394266
-0.0521562
-0.0724219
-0.098896
-0.128238
-0.157372
-0.184072
-0.203291
-0.209078
-0.200577
-0.182677
-0.162495
-0.146097
-0.135936
-0.130494
-0.126253
-0.119035
-0.105548
-0.0858723
-0.0654361
-0.0523015
-0.0504915
-0.0578032
-0.068638
-0.0780586
-0.0830995
-0.0821709
-0.0758041
-0.0663301
-0.0563872
-0.0480607
-0.0424547
-0.0392573
-0.0372073
-0.0350521
-0.0322109
-0.0288225
-0.0253649
-0.0222239
-0.0194821
-0.016945
-0.0142846
-0.0112736
-0.00791321
-0.00437279
-0.000859391
0.00201962
0.00273471
0.000136924
-0.00546019
-0.0125268
-0.018991
-0.0233895
-0.0253366
-0.0245504
-0.0198377
-0.00939129
0.00705703
0.0276659
0.0497508
0.0712988
0.0902977
0.102163
0.103126
0.0939694
0.0792008
0.0637555
0.0504822
0.0407278
0.0355293
0.0347137
0.0367236
0.0395942
0.041821
0.0426576
0.0422428
0.0412696
0.0404851
0.0404697
0.0414079
0.0430292
0.0448615
0.046556
0.0483852
0.051588
0.0572258
0.0652161
0.0741864
0.0808403
0.0817384
0.0761875
0.0664071
0.0555882
0.0459125
0.0378095
0.0304615
0.0228147
0.0143263
0.00512044
-0.00431255
-0.0135281
-0.0223602
-0.0305
-0.0363806
-0.038341
-0.0363316
-0.0318807
-0.0269186
-0.0227062
-0.0194684
-0.0167037
-0.013779
-0.0102103
-0.00507651
0.00263325
0.0129757
0.0249899
0.03735
0.04793
0.0536385
0.053036
0.0475977
0.0405142
0.034471
0.0303597
0.0274006
0.0232744
0.0150573
0.00162145
-0.0156892
-0.0343511
-0.0523239
-0.0676571
-0.0761934
-0.07462
-0.0637942
-0.0479169
-0.0315
-0.0170011
-0.00440888
0.00763524
0.0193123
0.0269754
0.0265345
0.0175106
0.00305801
-0.0122779
-0.0235338
-0.0273426
-0.0240939
-0.0173261
-0.0112509
-0.00817565
-0.00763994
-0.00616108
0.000824382
0.0151491
0.0345661
0.0530201
0.0644242
0.0670748
0.0638503
0.0592967
0.0567823
0.0573615
0.0600545
0.0630747
0.06448
0.0622789
0.0558019
0.0462035
0.0354961
0.0252594
0.0159961
0.00731555
-0.00144999
-0.0101564
-0.0158154
-0.0146943
-0.00598261
0.00781843
0.0230195
0.036203
0.0432609
0.0414774
0.0318807
0.0182787
0.00466498
-0.00683744
-0.0163756
-0.0253448
-0.0350329
-0.0453173
-0.0534701
-0.0564122
-0.0535466
-0.0468868
-0.0393014
-0.0327481
-0.0277012
-0.0249542
-0.0269979
-0.0353902
-0.0490878
-0.0653414
-0.0815641
-0.0961407
-0.106049
-0.10735
-0.099153
-0.0844085
-0.0675624
-0.0518482
-0.0381337
-0.0254889
-0.0126526
-0.000382007
0.00823937
0.011064
0.0085436
0.0023245
-0.00605626
-0.0154539
-0.0251704
-0.0337632
-0.036949
-0.0309379
-0.0160098
0.00404745
0.0247705
0.0419035
0.0509054
0.0500293
0.0417061
0.0305053
0.0208416
0.0161677
0.0174147
0.0227568
0.0292748
0.034832
0.0382124
0.0375977
0.0317122
0.0212641
0.00845152
-0.0036361
-0.0100583
-0.00698618
0.00507487
0.0221039
0.0396279
0.0550407
0.0661184
0.0692523
0.0628173
0.048965
0.0319377
0.0153391
0.000590494
-0.0128655
-0.0262274
-0.037723
-0.0404555
-0.0290627
-0.00465163
0.0261841
0.0528423
0.0657267
0.0629098
0.0500264
0.0352205
0.0251548
0.0229401
0.0272796
0.0343119
0.0405098
0.044363
0.0453245
0.0425783
0.0360519
0.0268755
0.0166832
0.00669164
-0.00271818
-0.0116784
-0.0192994
-0.0235686
-0.0234883
-0.0199637
-0.0149668
-0.0102621
-0.00766176
-0.00980033
-0.0180372
-0.0311838
-0.0465258
-0.0614888
-0.0738572
-0.0821717
-0.0860356
-0.083492
-0.0721725
-0.05247
-0.0276089
-0.00145548
0.0235474
0.046994
0.0698072
0.0927726
0.112569
0.121594
0.115531
0.0969868
0.0728071
0.0497146
0.0338457
0.0294821
0.0359923
0.0486403
0.0620645
0.0719176
0.0733836
0.0638324
0.0451797
0.0222557
-0.000468981
-0.0209939
-0.0397932
-0.0584458
-0.0779456
-0.0966432
-0.110855
-0.11645
-0.11098
-0.0960047
-0.0760446
-0.0557433
-0.0383076
-0.0249091
-0.0145775
-0.00529692
0.00487481
0.0175651
0.0333356
0.051342
0.0686182
0.0786399
0.0762224
0.0620048
0.0413116
0.0200837
0.00191005
-0.0126063
-0.0250288
-0.0374401
-0.0510809
-0.066225
-0.0829511
-0.100093
-0.111616
-0.110473
-0.0952815
-0.0708433
-0.0440414
-0.0196053
0.00148626
0.0206377
0.0389837
0.0566967
0.0735929
0.0896273
0.104817
0.117152
0.122379
0.118324
0.106875
0.0925535
0.0803556
0.0731108
0.07033
0.0694659
0.0680234
0.0645932
0.0585322
0.0500674
0.0401864
0.0301326
0.0217899
0.0172777
0.0171518
0.0200618
0.0239045
0.0271323
0.0287301
0.0269554
0.0205051
0.00990385
-0.00290888
-0.0156548
-0.0261055
-0.0330997
-0.0372561
-0.0408874
-0.0468369
-0.0564253
-0.0688758
-0.0822173
-0.0928351
-0.0955651
-0.088027
-0.0727071
-0.055617
-0.0422549
-0.0343759
-0.0301388
-0.0264108
-0.0205294
-0.010343
0.00479853
0.0235496
0.0436176
0.0632013
0.0817167
0.0995938
0.117584
0.136086
0.152873
0.160889
0.154463
0.134512
0.107185
0.0792166
0.0543035
0.0324179
0.011524
-0.0089408
-0.0263342
-0.0380563
-0.0441227
-0.0470021
-0.0500312
-0.0553916
-0.0632003
-0.0718811
-0.0792309
-0.0839202
-0.0842654
-0.0763327
-0.0577307
-0.030275
0.00144251
0.033118
0.0627328
0.0892995
0.108593
0.116005
0.111529
0.0997159
0.0862353
0.0747463
0.0670226
0.0644035
0.0668518
0.0724884
0.0783965
0.0824171
0.0840528
0.0828448
0.0775601
0.0676271
0.0528961
0.0335471
0.0106808
-0.0139835
-0.0389353
-0.0634382
-0.0875195
-0.11151
-0.133757
-0.148295
-0.150192
-0.140191
-0.123625
-0.10639
-0.0917634
-0.0797719
-0.0684072
-0.0548898
-0.0374322
-0.0163788
0.00597954
0.026117
0.0414841
0.0508442
0.0538395
0.0517237
0.0465882
0.038613
0.0262119
0.0086823
-0.0127719
-0.0359097
-0.0588357
-0.0806808
-0.100474
-0.116508
-0.128064
-0.136203
-0.142922
-0.149886
-0.157721
-0.16528
-0.167358
-0.158227
-0.137081
-0.10824
-0.0776706
-0.0507752
-0.031621
-0.0207935
-0.016206
-0.0153725
-0.0162947
-0.0178583
-0.0206887
-0.0268669
-0.0375857
-0.0520335
-0.0678277
-0.0805147
-0.0854452
-0.0815708
-0.0718084
-0.060484
-0.050616
-0.0423922
-0.0330475
-0.0196222
-0.00146146
0.0197625
0.0416171
0.0624529
0.0819741
0.100237
0.113329
0.114612
0.101647
0.0781769
0.0508522
0.0249404
0.00219139
-0.0185864
-0.039548
-0.0619933
-0.0840958
-0.1002
-0.106043
-0.102351
-0.0936174
-0.084663
-0.0780243
-0.0727831
-0.0649402
-0.0511007
-0.031154
-0.00773825
0.0159799
0.0381372
0.0579555
0.0738973
0.0847217
0.0910242
0.0947463
0.097265
0.0987278
0.0988856
0.0977785
0.0956385
0.0914877
0.0834387
0.0708499
0.0549546
0.0378244
0.020813
0.0039643
-0.0133062
-0.0314226
-0.0503334
-0.0696462
-0.0889388
-0.107934
-0.12496
-0.135041
-0.13426
-0.12349
-0.107346
-0.0907413
-0.0757642
-0.0610562
-0.0442825
-0.0244259
-0.00368746
0.0109925
0.0134754
0.00364308
-0.0133752
-0.0313385
-0.0463527
-0.0579518
-0.0676551
-0.0758894
-0.0817034
-0.0843744
-0.0830869
-0.0767825
-0.0656389
-0.0513462
-0.0362194
-0.0232882
-0.0155428
-0.0136523
-0.0157012
-0.0188385
-0.0207213
-0.019108
-0.0126158
-0.00187319
0.011037
0.0240059
0.0354482
0.0440626
0.0495522
0.052543
0.0534988
0.0527038
0.0505012
0.0456268
0.0344037
0.014603
-0.0123463
-0.0426566
-0.0727804
-0.101029
-0.125631
-0.141424
-0.144344
-0.135642
-0.120918
-0.106616
-0.0964595
-0.0903271
-0.0857451
-0.0796317
-0.0690805
-0.0530926
-0.0331371
-0.0118362
0.00806767
0.0222853
0.0271329
0.0229169
0.0139115
0.00577379
0.00196033
0.00234967
0.00453791
0.00605362
0.00589593
0.00532446
0.00688169
0.0120543
0.0203348
0.0299418
0.0390592
0.0460074
0.0492913
0.0487548
0.0455527
0.0398411
0.0300617
0.0153039
-0.00334892
-0.0222649
-0.036606
-0.0440147
-0.0456596
-0.0442855
-0.0423118
-0.0409296
-0.0401124
-0.038524
-0.0330055
-0.0210858
-0.00319825
0.0179165
0.039149
0.0567298
0.0658565
0.0646045
0.0555631
0.0438719
0.0339031
0.027158
0.022533
0.0180025
0.0125793
0.00818033
0.0079187
0.013011
0.0219304
0.0315292
0.0392385
0.0444206
0.0483219
0.053457
0.0618127
0.0734842
0.0870132
0.100189
0.109559
0.112286
0.108539
0.101079
0.0929749
0.0849418
0.07535
0.0626535
0.0469371
0.0303525
0.0158858
0.00506746
-0.00273852
-0.00936579
-0.0164446
-0.0245988
-0.0330947
-0.038024
-0.0341025
-0.0196646
0.00226039
0.0266335
0.0496368
0.0701605
0.0892524
0.108573
0.128608
0.147111
0.160852
0.167526
0.167074
0.161843
0.155036
0.148935
0.143991
0.138534
0.130259
0.11831
0.103685
0.0882166
0.0733313
0.0594637
0.0466674
0.0359162
0.0282609
0.0237094
0.0224988
0.0259963
0.0347577
0.0475267
0.0620455
0.0764137
0.0895173
0.0982099
0.0973945
0.085128
0.0643267
0.0402761
0.0172231
-0.00333442
-0.0208178
-0.0316426
-0.0321713
-0.0227693
-0.00748088
0.00845147
0.0190795
0.0200643
0.0117039
-0.00189717
-0.0160464
-0.0278887
-0.0363047
-0.0415204
-0.044797
-0.0471934
-0.0484997
-0.0480388
-0.045586
-0.0412313
-0.0352679
-0.0282546
-0.0208264
-0.0134322
-0.00626432
-0.00023682
0.00222848
-0.000560148
-0.00797741
-0.0177433
-0.0275629
-0.0362854
-0.0434689
-0.0464043
-0.0412266
-0.0270224
-0.00659037
0.015828
0.0371443
0.0565268
0.0747172
0.0904117
0.0984181
0.0950941
0.081824
0.0635337
0.0451478
0.0291158
0.0151731
0.00168528
-0.012475
-0.0253573
-0.0329449
-0.033254
-0.0277747
-0.0199098
-0.0129057
-0.00973582
-0.0122681
-0.0199203
-0.0302653
-0.0407713
-0.0494456
-0.0527835
-0.0474609
-0.0336162
-0.0146523
0.00532238
0.0235666
0.0375577
0.0446251
0.0444152
0.0393354
0.0327609
0.0270696
0.0231281
0.0208761
0.0196983
0.0188373
0.0177955
0.0164262
0.0142418
0.0101657
0.00364903
-0.0043007
-0.010994
-0.0141986
-0.0137613
-0.0112545
-0.00858756
-0.00690625
-0.00710275
-0.010796
-0.0189001
-0.0306021
-0.0439935
-0.0572998
-0.0687548
-0.0755332
-0.0758572
-0.0706749
-0.0627912
-0.0549145
-0.048336
-0.0428855
-0.0380577
-0.0338909
-0.0305159
-0.027144
-0.0223238
-0.0153158
-0.00696397
0.000683674
0.00610043
0.00924738
0.0112034
0.0132016
0.0159006
0.0190056
0.0201944
0.0162591
0.00612399
-0.00847281
-0.0245259
-0.0382776
-0.0437635
-0.0368452
-0.0188501
0.004789
0.0268929
0.040322
0.0423201
0.0358034
0.0268883
0.0216223
0.0226649
0.0286018
0.0360176
0.0418141
0.044065
0.042633
0.0389616
0.0349107
0.0316515
0.0293102
0.0271398
0.0230357
0.0145219
0.00099071
-0.0159383
-0.0326539
-0.0431863
-0.0433133
-0.0338664
-0.0194401
-0.00502528
0.00519973
0.00822333
0.00405518
-0.00447818
-0.0138799
-0.0219803
-0.0284635
-0.0330895
-0.034196
-0.0306019
-0.0228899
-0.0121589
0.00114459
0.0166621
0.0329449
0.0467407
0.0554734
0.0592427
0.0602224
0.0599401
0.0575255
0.0516045
0.0421122
0.0304228
0.0196956
0.0148406
0.0187004
0.0299318
0.0445477
0.0587914
0.070331
0.0761189
0.0735185
0.0630406
0.048001
0.0321591
0.0177759
0.0065191
0.00123629
0.00353381
0.0120313
0.0234536
0.0348027
0.0447358
0.0535485
0.0622655
0.0716879
0.0816574
0.0888419
0.0877477
0.075985
0.0560459
0.0329347
0.0108103
-0.00871572
-0.0252042
-0.0378761
-0.0466309
-0.0526251
-0.0582876
-0.0666242
-0.0788198
-0.0912427
-0.0970702
-0.0925263
-0.079339
-0.0624832
-0.0465478
-0.034497
-0.0284177
-0.0284359
-0.0324836
-0.0376592
-0.0413298
-0.042026
-0.0400397
-0.0368182
-0.0338038
-0.0317681
-0.0316931
-0.0349805
-0.0419993
-0.0516108
-0.0614697
-0.0690561
-0.0733543
-0.0751812
-0.0757094
-0.0747059
-0.0713203
-0.0654106
-0.0577714
-0.0495464
-0.0415679
-0.0340799
-0.0270557
-0.0209376
-0.0163213
-0.0134628
-0.013403
-0.0177747
-0.0268737
-0.0392243
-0.0524988
-0.0638604
-0.0709974
-0.0737131
-0.0737488
-0.073326
-0.0738242
-0.0753849
-0.0773572
-0.0790194
-0.080059
-0.0806244
-0.0809307
-0.0794295
-0.0726298
-0.0586112
-0.0387689
-0.0176778
-0.00124168
0.00751776
0.0100277
0.0104381
0.0125232
0.0176397
0.0248291
0.032101
0.0363309
0.033805
0.0233615
0.0072472
-0.0107864
-0.0278152
-0.0420001
-0.0518912
-0.0573521
-0.0593278
-0.0589131
-0.0571062
-0.0547633
-0.0528559
-0.0522129
-0.0529679
-0.0545998
-0.0563035
-0.0563784
-0.0523427
-0.0431786
-0.0306143
-0.0185408
-0.0101138
-0.00579447
-0.00368373
-0.00102262
0.00396485
0.011261
0.0196258
0.0273538
0.0322179
0.0327527
0.029439
0.0241712
0.0189168
0.0149196
0.0124773
0.0112159
0.0115002
0.0145231
0.0207727
0.0294613
0.0388261
0.0465075
0.0509994
0.052572
0.052718
0.0528967
0.0529839
0.0511719
0.0460433
0.037813
0.0279354
0.0179815
0.00879562
0.000422677
-0.00691314
-0.0124522
-0.015841
-0.0174169
-0.0172227
-0.0148844
-0.0104377
-0.0045917
0.00132087
0.00582611
0.0083097
0.00919154
0.00896159
0.00765618
0.00527274
0.00204895
-0.00161097
-0.00534588
-0.00896009
-0.0121076
-0.0139826
-0.0140441
-0.0125324
-0.0102389
-0.00829794
-0.0086056
-0.01266
-0.020272
-0.0298652
-0.0395601
-0.0477621
-0.0537589
-0.0579944
-0.0615437
-0.0653343
-0.0695846
-0.0736499
-0.0767152
-0.0782308
-0.0777944
-0.0754905
-0.0719733
-0.068074
-0.064361
-0.0609714
-0.0577338
-0.0544398
-0.0511839
-0.0483192
-0.0460701
-0.0443649
-0.0433304
-0.044147
-0.0479905
-0.0547917
-0.0632997
-0.0715722
-0.0777631
-0.0812832
-0.0825458
-0.0812489
-0.0766921
-0.069034
-0.059564
-0.0508404
-0.0455124
-0.0443506
-0.0460489
-0.0484519
-0.049476
-0.0478024
-0.0435475
-0.0379202
-0.0322581
-0.027276
-0.0229275
-0.0187914
-0.0147763
-0.0112498
-0.00851884
-0.00679429
-0.00715501
-0.0108718
-0.0179852
-0.0272207
-0.036022
-0.0399576
-0.0358036
-0.0241718
-0.00858904
0.0071804
0.0211284
0.0326871
0.041032
0.0456753
0.0473159
0.0475183
0.0479874
0.0497458
0.0527625
0.0563209
0.0593001
0.059983
0.0572136
0.0509181
0.0413568
0.0291826
0.0154743
0.00190498
-0.00899385
-0.0155953
-0.0183897
-0.0192202
-0.0194998
-0.0195531
-0.0191336
-0.0180167
-0.0162557
-0.0138637
-0.0101792
-0.00450893
0.00307017
0.0117713
0.0206744
0.0292295
0.037297
0.0444481
0.0499427
0.0535558
0.0558133
0.0575758
0.0595056
0.0617868
0.063993
0.0653971
0.0656419
0.0649648
0.063927
0.0630149
0.0624135
0.0620296
0.0616604
0.0612046
0.0610876
0.0621356
0.0647567
0.0686253
0.0729264
0.0766673
0.0792315
0.0806677
0.0802921
0.0748851
0.0617158
0.0413351
0.0169694
-0.00736186
-0.0271003
-0.0392114
-0.0440323
-0.043126
-0.0376966
-0.0290107
-0.0184851
-0.00721027
0.00489552
0.0187901
0.0349835
0.0527659
0.0692502
0.080778
0.0860567
0.0868108
0.0860939
0.0862565
0.0879906
0.0906327
0.0928643
0.0933415
0.0916382
0.0887033
0.0861382
0.0849647
0.0851441
0.0859378
0.0864468
0.0850802
0.0798548
0.0702202
0.0576367
0.045705
0.03855
0.0376923
0.0414223
0.0465933
0.0507744
0.0531451
0.0534431
0.0513419
0.0470402
0.0413564
0.0352485
0.0293916
0.0242961
0.0202733
0.0172088
0.0149656
0.0143778
0.0165239
0.0214752
0.0282139
0.0350809
0.0400061
0.0417485
0.0406895
0.0378061
0.0327706
0.0246939
0.0142318
0.00422583
-0.00267883
-0.00593934
-0.00665194
-0.00585264
-0.00405853
-0.00153772
0.00152648
0.00523145
0.00991831
0.0156954
0.0222664
0.0291383
0.0359188
0.0424688
0.0485631
0.0527418
0.0532411
0.0498276
0.0442198
0.0389078
0.0354312
0.0338073
0.0335452
0.0346181
0.0370799
0.0406672
0.0447031
0.0474233
0.0466672
0.0417935
0.0342638
0.0269256
0.02203
0.019926
0.0194446
0.0198113
0.0221296
0.0277914
0.0368478
0.0480039
0.0591984
0.068053
0.0733372
0.0755476
0.0751753
0.0717119
0.0649498
0.0561793
0.0481041
0.04282
0.0405027
0.0398174
0.0390697
0.0366553
0.0315477
0.0239582
0.0150482
0.00621175
-0.000443583
-0.00250768
0.000631439
0.00737245
0.0152369
0.0223605
0.0273243
0.028544
0.0255522
0.0195109
0.0123724
0.00603163
0.0016675
-0.000764135
-0.00220135
-0.00367866
-0.00572882
-0.00828508
-0.0109111
-0.0128571
-0.0134144
-0.0124984
-0.0106545
-0.00861284
-0.00688336
-0.00624389
-0.00830738
-0.014086
-0.0230124
-0.0334631
-0.0437767
-0.0512755
-0.0516897
-0.0429299
-0.0269031
-0.00778227
0.010775
0.0264548
0.0372165
0.0423724
0.0433379
0.0426569
0.0426417
0.0443603
0.0474811
0.0509767
0.0537054
0.0536589
0.0488208
0.0390869
0.0262947
0.0128088
0.000152703
-0.011434
-0.0223904
-0.0323392
-0.0401671
-0.0453916
-0.0486218
-0.0510205
-0.053219
-0.0545382
-0.0539821
-0.0513533
-0.0473499
-0.0430082
-0.0393951
-0.0373777
-0.0370789
-0.0378796
-0.0389336
-0.0396793
-0.0400346
-0.0404687
-0.0418075
-0.0445125
-0.0483682
-0.0529707
-0.0583463
-0.0646701
-0.0718708
-0.0794555
-0.0862034
-0.0909072
-0.0933788
-0.0944372
-0.0951977
-0.0963885
-0.0981227
-0.100098
-0.101949
-0.103441
-0.10432
-0.104401
-0.103783
-0.10279
-0.101756
-0.100789
-0.0990165
-0.0946559
-0.0867596
-0.0759972
-0.0639895
-0.052186
-0.0411919
-0.0308009
-0.0204645
-0.00990371
-0.00069778
0.00376384
0.00160067
-0.00600959
-0.0160446
-0.0257511
-0.0336891
-0.0388508
-0.0406832
-0.0397438
-0.037388
-0.0349116
-0.032949
-0.031435
-0.0299653
-0.0282034
-0.0260797
-0.0237513
-0.0214353
-0.0192641
-0.0172397
-0.0152794
-0.0132939
-0.0112409
-0.00913267
-0.00710308
-0.00577035
-0.00590851
-0.00769283
-0.0105936
-0.0138199
-0.0166995
-0.018252
-0.0174045
-0.0139947
-0.00889199
-0.0033137
0.00190038
0.00654616
0.0102984
0.0116838
0.00943177
0.00379106
-0.00373943
-0.011511
-0.0186011
-0.0249863
-0.0311564
-0.0375949
-0.0441923
-0.0493124
-0.0509605
-0.0486905
-0.0437947
-0.0383534
-0.0347672
-0.0347233
-0.0381022
-0.043353
-0.0486104
-0.051747
-0.0508124
-0.0455558
-0.0375146
-0.028783
-0.0207617
-0.0137081
-0.00711302
-0.000763838
0.0046394
0.00838244
0.010494
0.011915
0.0141508
0.0181752
0.0238642
0.030351
0.0367439
0.0426029
0.0477443
0.0518108
0.0546085
0.0562698
0.0563868
0.0540376
0.0489696
0.0420364
0.0349885
0.029457
0.0260015
0.024463
0.0244331
0.0253338
0.0265954
0.0278557
0.0289302
0.0293409
0.0284685
0.0261578
0.0226278
0.0181026
0.0128365
0.00713723
0.00128126
-0.00457011
-0.0103813
-0.0161899
-0.0219683
-0.0268477
-0.0291028
-0.0278339
-0.0237279
-0.018394
-0.0132604
-0.00905017
-0.00638143
-0.00579307
-0.00714461
-0.00965059
-0.012411
-0.0148793
-0.0167878
-0.0177368
-0.0174767
-0.0162052
-0.0144274
-0.0126252
-0.0112107
-0.0109248
-0.0124007
-0.0155481
-0.0196527
-0.0239036
-0.0278331
-0.0314155
-0.0348862
-0.038486
-0.0423051
-0.0462782
-0.0502748
-0.0541255
-0.0569237
-0.0569915
-0.053512
-0.0472324
-0.0397767
-0.0325496
-0.0261087
-0.0202277
-0.0143689
-0.00814337
-0.00150258
0.00532175
0.0117556
0.01704
0.020874
0.0236199
0.0259668
0.0284724
0.0313257
0.0344004
0.0373882
0.0396756
0.040655
0.0402749
0.0390442
0.0376278
0.0364174
0.0351758
0.0332731
0.0303471
0.0265606
0.022396
0.018302
0.0145341
0.0116352
0.0104517
0.0112755
0.0135692
0.0164014
0.0188483
0.020073
0.0197671
0.0183195
0.016457
0.0147609
0.0134217
0.0122995
0.0111296
0.0093558
0.00594637
0.000292479
-0.00715341
-0.0147509
-0.0206105
-0.0239045
-0.0244187
-0.0218764
-0.0161048
-0.0073933
0.00332299
0.0148696
0.026258
0.0361994
0.0433621
0.0475
0.049052
0.0481403
0.0449669
0.0401779
0.0346444
0.029053
0.0236875
0.0184871
0.0132587
0.00786894
0.00231611
-0.00330717
-0.00861919
-0.0120783
-0.0119707
-0.0080877
-0.00179266
0.00507992
0.0111359
0.0152126
0.0166858
0.015976
0.0142053
0.0124394
0.0111752
0.0103208
0.00950948
0.00844541
0.00710751
0.00609769
0.00650429
0.00889827
0.0129058
0.017604
0.0221682
0.0262573
0.0298199
0.0322453
0.032698
0.0310601
0.0280397
0.0246201
0.0214798
0.0187729
0.0162779
0.0136806
0.0105111
0.00599421
-0.000288928
-0.00800716
-0.0163705
-0.0246642
-0.0325086
-0.0396055
-0.0457667
-0.0511181
-0.0556446
-0.0583128
-0.0580279
-0.0544266
-0.0475198
-0.0378946
-0.0269928
-0.0173104
-0.0109099
-0.00810269
-0.00802552
-0.00947986
-0.0114316
-0.0132953
-0.014647
-0.0148862
-0.0134926
-0.0102046
-0.00530076
0.000510672
0.00646985
0.0117981
0.0158271
0.0183
0.0190946
0.0183254
0.0164863
0.0143588
0.0127045
0.0118363
0.0115569
0.0114629
0.011408
0.0115837
0.0121956
0.0132497
0.0145713
0.0159437
0.0171517
0.0173881
0.0153748
0.0106186
0.00381624
-0.00375586
-0.0110707
-0.0177759
-0.0240928
-0.0304384
-0.0370812
-0.0437523
-0.0491082
-0.051764
-0.0515737
-0.0496072
-0.0472686
-0.0454649
-0.0443333
-0.0434961
-0.0425031
-0.0411405
-0.03948
-0.0377382
-0.0360981
-0.0344289
-0.0318733
-0.0275168
-0.0212549
-0.0137937
-0.00614769
0.000454734
0.00499352
0.0074084
0.00845506
0.00877247
0.00853759
0.00775352
0.0064868
0.00490566
0.00320642
0.00165477
0.000762951
0.000928818
0.00208039
0.00377145
0.00551508
0.00704372
0.0083493
0.00951313
0.010577
0.0115566
0.0124692
0.013338
0.0141853
0.0150253
0.0157962
0.0161395
0.0156389
0.014233
0.012241
0.0101019
0.00811095
0.00616
0.00311268
-0.00251267
-0.0111125
-0.0217547
-0.0325997
-0.0413688
-0.0468025
-0.0490273
-0.0484465
-0.0455966
-0.0412905
-0.036381
-0.0314414
-0.0266513
-0.0219163
-0.0171155
-0.0130005
-0.0117421
-0.0149124
-0.0220646
-0.0312724
-0.0405476
-0.0488634
-0.0560859
-0.0622213
-0.067338
-0.0712396
-0.0725938
-0.0701572
-0.0641569
-0.0561049
-0.0477131
-0.0400633
-0.0337337
-0.0288997
-0.0252156
-0.0220418
-0.0188346
-0.0153757
-0.0117444
-0.00813569
-0.00477039
-0.00232553
-0.00171375
-0.00316896
-0.00606005
-0.00940886
-0.012496
-0.0151208
-0.0172516
-0.018346
-0.0178156
-0.0156953
-0.012614
-0.00932745
-0.00630127
-0.00359542
-0.00101274
0.00166895
0.00454443
0.0075656
0.0106041
0.0133207
0.0151315
0.0157344
0.0153671
0.0146056
0.01418
0.0147005
0.0162667
0.0184901
0.0208387
0.0229672
0.0247826
0.0261548
0.0268929
0.0269918
0.0266983
0.026479
0.026762
0.0276492
0.0289251
0.0302357
0.03108
0.0309965
0.0299349
0.028258
0.026447
0.0249722
0.0247151
0.0265099
0.0303432
0.0354039
0.040702
0.0456297
0.0501173
0.0544184
0.0584386
0.0612788
0.0621629
0.0611916
0.0591823
0.0569711
0.0545902
0.0514309
0.0473048
0.0430873
0.0398955
0.0381523
0.0374637
0.0370803
0.0363017
0.0345791
0.0317772
0.0282283
0.0244522
0.0208338
0.0176821
0.0156339
0.015195
0.0162204
0.0180443
0.0199562
0.0247378
0.0259546
0.0262588
0.0249213
0.0217826
0.0174052
0.0126282
0.00806197
0.00398
0.000670554
-0.00165499
-0.00312096
-0.00411876
-0.005058
-0.0062227
-0.00771632
-0.00945742
-0.0112773
-0.0129617
-0.0136857
-0.0121605
-0.00789482
-0.00159369
0.00546017
0.0122391
0.018393
0.0239766
0.0283524
0.0304164
0.0298469
0.0274026
0.024303
0.0215104
0.0197732
0.0197632
0.0215568
0.0245454
0.0278867
0.0309966
0.0337396
0.0362805
0.0384681
0.0395186
0.0388559
0.0366661
0.0336892
0.0306811
0.0280283
0.0257031
0.0235045
0.0216359
0.0207442
0.0211996
0.0227648
0.0248314
0.0268426
0.0285533
0.0300158
0.0311984
0.0316632
0.0310339
0.0293946
0.0271998
0.0249421
0.0229164
0.0214009
0.0207766
0.0211647
0.0222894
0.02369
0.0249592
0.0256174
0.025212
0.023713
0.021525
0.0191748
0.0170062
0.0151182
0.0137719
0.0134697
0.0144085
0.0162765
0.0185073
0.0205757
0.021681
0.0208426
0.0177995
0.0132177
0.00814364
0.00335555
-0.000924776
-0.0048347
-0.00838619
-0.0114494
-0.0139591
-0.015602
-0.0157174
-0.0140345
-0.01099
-0.00739429
-0.00392221
-0.000832665
0.00195216
0.00409577
0.00445541
0.00227597
-0.00207685
-0.00747827
-0.0126913
-0.0164165
-0.0178411
-0.0172172
-0.0155574
-0.0138917
-0.0127721
-0.0123737
-0.0126503
-0.0133656
-0.0142252
-0.0150183
-0.0154864
-0.0151504
-0.0137254
-0.0113954
-0.00864646
-0.00593277
-0.00347501
-0.00164571
-0.00154268
-0.00401596
-0.00880932
-0.0147832
-0.020176
-0.023021
-0.022551
-0.0196099
-0.0158106
-0.0124413
-0.00991825
-0.00792488
-0.00590965
-0.00355977
-0.0012499
0.000157851
0.00016297
-0.0010173
-0.00272527
-0.00434484
-0.00560314
-0.00657322
-0.00748404
-0.00848378
-0.00940126
-0.0098876
-0.00979056
-0.00941585
-0.00938951
-0.0101221
-0.0115549
-0.0133077
-0.0148112
-0.0153181
-0.0144279
-0.0123917
-0.00985736
-0.00746766
-0.00588002
-0.00561059
-0.00662286
-0.00838244
-0.0102577
-0.011871
-0.0131051
-0.0134823
-0.0122296
-0.00912701
-0.00472413
0.000100989
0.00468377
0.0088205
0.0126724
0.0164274
0.0198261
0.0223807
0.0239194
0.0247115
0.0251761
0.0253811
0.0250634
0.0240584
0.0224914
0.0206693
0.0188833
0.0174285
0.0167019
0.0168895
0.0177919
0.0189917
0.0201286
0.0210566
0.0218317
0.0226736
0.0239407
0.025825
0.0279641
0.0295559
0.0300696
0.0295963
0.0286474
0.0276712
0.0263648
0.0238734
0.0197625
0.0143994
0.00872683
0.00366092
-0.000452002
-0.00386194
-0.00706435
-0.0104292
-0.014039
-0.0177536
-0.0213796
-0.024806
-0.0280397
-0.0311559
-0.0340482
-0.0360938
-0.0367051
-0.0359195
-0.0343261
-0.0326131
-0.0311886
-0.0300861
-0.0291135
-0.0281399
-0.0273956
-0.0272386
-0.0277715
-0.0287804
-0.0299255
-0.0309553
-0.0317964
-0.0323714
-0.0321756
-0.0306675
-0.0278502
-0.0242551
-0.0205378
-0.0171151
-0.0142317
-0.0122779
-0.0114838
-0.0116414
-0.0121885
-0.012384
-0.0117363
-0.0102841
-0.0084424
-0.00665388
-0.00514027
-0.0038702
-0.00268238
-0.00143562
-8.82925e-05
0.001304
0.00252516
0.00321639
0.00320014
0.00262361
0.00181696
0.00107126
0.000567901
0.000409169
0.000567059
0.000850583
0.000916803
0.000513814
-0.000339691
-0.00141519
-0.00235371
-0.00273697
-0.00238639
-0.00147794
-0.00036984
0.00064071
0.00144703
0.002109
0.00274564
0.00343622
0.00414019
0.00464914
0.00477195
0.00450599
0.00399769
0.00324733
0.00200516
0.000118367
-0.00218022
-0.0041572
-0.0051187
-0.00495579
-0.00410382
-0.00314429
-0.00244729
-0.00212728
-0.00230085
-0.00304965
-0.00426934
-0.0057138
-0.00714531
-0.00844261
-0.0096086
-0.0107085
-0.0117966
-0.0127943
-0.0134044
-0.0133944
-0.0128178
-0.0119472
-0.0110714
-0.0103747
-0.0100091
-0.0100555
-0.0104362
-0.0109667
-0.0114371
-0.0116334
-0.0114566
-0.0109867
-0.010402
-0.00986977
-0.00953472
-0.00947581
-0.00964837
-0.00992435
-0.0101801
-0.010307
-0.0101068
-0.00942634
-0.00832099
-0.0070104
-0.00572371
-0.00458347
-0.00358923
-0.00267447
-0.00179674
-0.0010401
-0.000535127
-0.000313994
-0.000289545
-0.000315864
-0.000247612
-1.83387e-05
0.000334595
0.00072029
0.00105612
0.00124846
0.00119272
0.000873634
0.000385195
-0.000139835
-0.000607872
-0.000990597
-0.00128161
-0.00147369
-0.00157927
-0.00163147
-0.00166557
-0.00170275
-0.00174659
-0.0017902
-0.00182595
-0.00185116
-0.00186828
-0.00188181
-0.00189499
-0.0019141
-0.00199169
-0.00221043
-0.00259199
-0.00307581
-0.00356832
-0.00400062
-0.00435281
-0.00463175
-0.00482061
-0.00489657
-0.00486724
-0.00474724
-0.00452824
-0.00421319
-0.00383557
-0.00344308
-0.0030726
-0.00273811
-0.00244423
-0.00221251
-0.00205989
-0.00197488
-0.00192471
-0.00187703
-0.00181515
-0.0017393
-0.00165827
-0.00158016
-0.00150745
-0.0014344
-0.00133277
-0.00116797
-0.000936346
-0.000668055
-0.000403134
-0.000168073
3.13537e-05
0.00019867
0.000337034
0.000447905
0.00052176
0.000548984
0.000534687
0.00048636
0.000405978
0.000301498
0.000189267
8.97478e-05
2.6873e-05
1.36091e-05
4.33637e-05
0.000105279
0.000192951
0.000298382
0.00041066
0.00051979
0.000619879
0.000704279
0.000761432
0.000787209
0.000790685
0.000787297
0.000789298
0.000801072
0.000820545
0.000844467
0.000872865
0.000906914
0.000946129
0.000988557
0.00103439
0.00108596
0.00114322
0.00120276
0.00126011
0.00131222
0.00135843
0.0013997
0.0014374
0.0014724
0.00150501
0.00153514
0.00156251
0.00158696
0.00160855
0.00162752
0.00164419
0.00165882
0.00167158
0.00168256
0.00169156
0.00169791
0.00170139
0.00170269
0.00170292
0.00170299
0.00170322
0.00170352
0.00170362
0.0017033
0.0017022
0.00170013
0.00169731
0.00169425
0.00169138
0.00168889
0.00168685
0.00168535
0.00168426
0.00168324
0.00168193
0.00168015
0.00167785
0.00167513
0.00167201
0.00166849
0.00166457
0.00166025
0.00165556
0.00165054
0.00164532
0.00164003
0.00163477
0.00162952
0.00162414
0.00161848
0.00161248
0.00160613
0.00159949
0.00159259
0.00158545
0.00157809
0.00157049
0.00156265
0.0015546
0.00154633
0.00153786
0.00152919
0.00152033
0.00151129
0.00150207
0.00149267
0.0014831
0.00147336
0.00146347
0.00145341
0.0014432
0.00143283
0.00142232
0.00141167
0.00140087
0.00138993
0.00137886
0.00136766
0.00135633
0.00134487
0.00133328
0.00132158
0.00130976
0.00129782
0.00128578
0.00127362
0.00126136
0.00124899
0.00123653
