-0.00199854
-0.00199925
-0.00200002
-0.00200077
-0.00200155
-0.00200228
-0.00200303
-0.00200374
-0.00200445
-0.0020051
-0.00200578
-0.00200635
-0.00200685
-0.00200716
-0.00200728
-0.00200709
-0.00200656
-0.00200577
-0.00200515
-0.00200507
-0.00200605
-0.00200831
-0.00201209
-0.00201757
-0.00202512
-0.00203505
-0.00204794
-0.00206424
-0.00208461
-0.00210943
-0.00213877
-0.0021723
-0.00220658
-0.00223556
-0.00225488
-0.00226249
-0.00225912
-0.00224666
-0.00222746
-0.00220168
-0.0021677
-0.00212278
-0.00206446
-0.00199033
-0.00189912
-0.00179288
-0.00168923
-0.00161303
-0.0015803
-0.00159445
-0.00164827
-0.00172939
-0.00182593
-0.0019299
-0.00203914
-0.00215392
-0.00227461
-0.002402
-0.00253864
-0.00268422
-0.00283164
-0.00297125
-0.00309873
-0.00321465
-0.0033248
-0.00343564
-0.00355397
-0.00368326
-0.00382506
-0.00395881
-0.00404733
-0.00406134
-0.00399226
-0.00384877
-0.00364953
-0.00337865
-0.00297103
-0.00236039
-0.00151823
-0.000455059
0.000759057
0.00201921
0.0032469
0.00441417
0.00553796
0.00656733
0.00737342
0.00787152
0.00805202
0.00797688
0.00765861
0.0070657
0.00618811
0.0050489
0.00368886
0.00215634
0.00048944
-0.00116433
-0.00256672
-0.00349223
-0.00382031
-0.00359275
-0.00296014
-0.00211076
-0.00119479
-0.00028967
0.000590753
0.00147846
0.00241811
0.00344574
0.00437752
0.00485043
0.00460599
0.00359417
0.0019724
-3.91868e-06
-0.00209847
-0.00415745
-0.00608354
-0.00766554
-0.00867436
-0.00905431
-0.00890303
-0.00841413
-0.00778265
-0.00715197
-0.00645641
-0.0054593
-0.00396443
-0.0019021
0.000565155
0.0030865
0.00532748
0.00711876
0.00813346
0.007993
0.00662198
0.00421093
0.00120745
-0.00183544
-0.00448904
-0.00659395
-0.00822142
-0.0095845
-0.0108866
-0.0121526
-0.0132709
-0.0141587
-0.0147803
-0.0150646
-0.0147586
-0.0136288
-0.0116332
-0.00891781
-0.00572082
-0.00228725
0.00120933
0.00466121
0.00802691
0.0113178
0.0145966
0.017928
0.0213682
0.0248139
0.0279913
0.030328
0.0310401
0.0296484
0.0262289
0.0212733
0.0154442
0.00935082
0.00349544
-0.00184377
-0.00665204
-0.0108568
-0.0139463
-0.0153917
-0.014926
-0.0125592
-0.00863184
-0.00366931
0.00179663
0.00736606
0.012745
0.0176386
0.0218582
0.024943
0.026019
0.024506
0.0204754
0.014522
0.0074508
-1.26742e-05
-0.00754126
-0.015278
-0.0235193
-0.0324714
-0.0417448
-0.0504979
-0.058081
-0.0639758
-0.066791
-0.0650145
-0.0584018
-0.0477577
-0.0345394
-0.0192947
-0.00181298
0.0179724
0.0392368
0.0604876
0.0805765
0.0990297
0.115183
0.127083
0.132937
0.132532
0.125952
0.112748
0.0929721
0.0677002
0.0386457
0.00771855
-0.0232763
-0.0531237
-0.0806294
-0.104263
-0.123243
-0.137012
-0.144751
-0.146363
-0.142885
-0.136022
-0.12754
-0.118762
-0.110076
-0.100911
-0.0905328
-0.0791883
-0.0689079
-0.0619713
-0.0594252
-0.0609558
-0.0653201
-0.0700022
-0.0715947
-0.0677134
-0.0579316
-0.0434434
-0.0262235
-0.00819327
0.00932177
0.0258628
0.0417429
0.0567134
0.0686003
0.0750682
0.0753974
0.0704371
0.0613693
0.0492095
0.0350583
0.0198347
0.00420676
-0.0115174
-0.0272701
-0.0431642
-0.0593261
-0.0758653
-0.0927505
-0.108899
-0.121227
-0.126813
-0.124841
-0.116482
-0.10404
-0.0899412
-0.0760171
-0.0631977
-0.0515722
-0.0407024
-0.030225
-0.0203989
-0.0116946
-0.0043034
0.00191446
0.00741465
0.0128325
0.0186728
0.025173
0.0322948
0.0398531
0.047599
0.0553539
0.0630006
0.0705145
0.07708
0.0815348
0.0834013
0.0829165
0.0808152
0.0779383
0.0747206
0.0711058
0.0669294
0.0620935
0.0566289
0.0506686
0.0443821
0.037946
0.0315243
0.0266579
0.0258593
0.0305479
0.0405858
0.0545856
0.0707402
0.087408
0.103567
0.118834
0.133376
0.147556
0.160362
0.16901
0.171296
0.166209
0.153236
0.132712
0.106317
0.076252
0.0446441
0.0127384
-0.0189551
-0.0510111
-0.084613
-0.120706
-0.155415
-0.181413
-0.193853
-0.192208
-0.179558
-0.160574
-0.139728
-0.120084
-0.102928
-0.088084
-0.0744873
-0.0610352
-0.0470809
-0.0353943
-0.0304598
-0.0344345
-0.0469767
-0.0657084
-0.0876975
-0.109348
-0.127408
-0.13811
-0.137146
-0.122546
-0.0956804
-0.0601149
-0.0201208
0.0207508
0.0599253
0.0955493
0.126893
0.154655
0.180197
0.203467
0.220954
0.228863
0.226064
0.214095
0.194936
0.17003
0.140858
0.108939
0.075604
0.0427196
0.0127123
-0.0128201
-0.0337686
-0.0489723
-0.0561981
-0.0547117
-0.0456341
-0.030852
-0.0118227
0.0101866
0.0340751
0.0583012
0.0809737
0.100806
0.117615
0.131137
0.139764
0.141953
0.137762
0.128554
0.116357
0.103049
0.0899765
0.0788179
0.0714792
0.0686627
0.0698584
0.0736684
0.0786213
0.0834671
0.0869505
0.0870385
0.0822618
0.0725331
0.0587806
0.0413762
0.0204399
-0.00354805
-0.0297086
-0.0571648
-0.0851004
-0.113108
-0.140914
-0.168455
-0.191269
-0.202998
-0.200987
-0.186417
-0.163198
-0.13585
-0.108163
-0.0822879
-0.0588199
-0.0371775
-0.0169913
0.00174651
0.0192496
0.0358339
0.0519044
0.0677207
0.0834139
0.0967789
0.104589
0.105462
0.0999534
0.0900221
0.0779624
0.0657473
0.0554496
0.0493735
0.0486742
0.0529343
0.0606169
0.0698965
0.0792473
0.0878117
0.0953743
0.102211
0.108769
0.115237
0.120671
0.123719
0.123807
0.121156
0.116609
0.111407
0.107838
0.108054
0.112793
0.12141
0.132517
0.144549
0.156285
0.16466
0.166107
0.159456
0.145769
0.127527
0.106987
0.0842494
0.0580538
0.0277941
-0.00631964
-0.0433069
-0.0819505
-0.120178
-0.154566
-0.181912
-0.200088
-0.208574
-0.209127
-0.203371
-0.192531
-0.178026
-0.161309
-0.143555
-0.125535
-0.107576
-0.0897555
-0.0729671
-0.0592232
-0.0499992
-0.0454618
-0.0445972
-0.0459099
-0.04792
-0.0496426
-0.0506045
-0.0508407
-0.0500402
-0.0473789
-0.0422118
-0.0346097
-0.0251426
-0.0150955
-0.00583842
0.00184545
0.00789844
0.012731
0.0169895
0.021215
0.0257857
0.0307752
0.0361341
0.0416387
0.0470782
0.0503436
0.0486024
0.0407051
0.0272417
0.00998829
-0.00901193
-0.0280739
-0.0460061
-0.061903
-0.0754103
-0.086896
-0.0971131
-0.106901
-0.116824
-0.126618
-0.133506
-0.1341
-0.127087
-0.113262
-0.0948298
-0.0742878
-0.0536776
-0.0341453
-0.0159648
0.00121552
0.0179635
0.0335203
0.0454684
0.0518538
0.0523519
0.0480997
0.0409493
0.0327422
0.0248006
0.0177492
0.0116143
0.00608245
0.00186717
0.000302172
0.00189676
0.00637846
0.0128382
0.0202973
0.0278836
0.0350941
0.0403683
0.0415044
0.0373894
0.0284102
0.0159864
0.0018664
-0.0124918
-0.0262026
-0.0390244
-0.051142
-0.0629289
-0.0733875
-0.0799122
-0.0804479
-0.0747396
-0.0643606
-0.0522213
-0.0411102
-0.032614
-0.0269928
-0.024042
-0.023689
-0.0256797
-0.0294268
-0.034216
-0.0394078
-0.0445956
-0.0496006
-0.0544497
-0.0592335
-0.0638583
-0.0672966
-0.068296
-0.0663861
-0.0618965
-0.055667
-0.0486484
-0.041597
-0.0349509
-0.0289222
-0.0239802
-0.0205805
-0.0187536
-0.0181549
-0.0182615
-0.0180888
-0.0165975
-0.0133387
-0.00823279
-0.00116418
0.00784151
0.0184241
0.0300183
0.0420784
0.0541752
0.0660549
0.0760101
0.0817196
0.0823142
0.0783006
0.0709545
0.0607889
0.0478384
0.0324001
0.0150626
-0.00346566
-0.0225542
-0.0417593
-0.0608679
-0.0798101
-0.0981795
-0.113759
-0.123928
-0.127823
-0.126235
-0.121051
-0.114289
-0.107574
-0.10175
-0.0969976
-0.0929819
-0.0892177
-0.0852436
-0.080873
-0.0761552
-0.0713105
-0.0665308
-0.0619693
-0.0576509
-0.0535545
-0.0495778
-0.0456487
-0.0416768
-0.0376504
-0.033562
-0.0299004
-0.0273184
-0.0261266
-0.0262019
-0.0271777
-0.0285548
-0.0295815
-0.0281503
-0.0220428
-0.0105798
0.00545767
0.0244031
0.0439022
0.0613733
0.0752093
0.0852501
0.092421
0.098093
0.10276
0.106112
0.107966
0.108366
0.107632
0.106153
0.104337
0.102468
0.101146
0.101014
0.102306
0.104825
0.108153
0.111801
0.115425
0.118808
0.121876
0.122709
0.118566
0.108372
0.0926934
0.0732965
0.0521485
0.030911
0.0104882
-0.00885116
-0.0274017
-0.0456147
-0.0639814
-0.0827431
-0.102007
-0.121584
-0.140436
-0.154037
-0.157274
-0.148412
-0.12901
-0.102695
-0.073422
-0.0443026
-0.0169999
0.00817528
0.0315121
0.0532806
0.0737748
0.0921443
0.105146
0.10965
0.104997
0.0927653
0.0757796
0.0569118
0.0383009
0.02102
0.00517233
-0.00973625
-0.024363
-0.0376952
-0.0473468
-0.0518144
-0.0510556
-0.0462965
-0.0392284
-0.0314778
-0.0240991
-0.0175791
-0.011867
-0.00767175
-0.00605891
-0.00735467
-0.0111539
-0.0165952
-0.0227634
-0.0289492
-0.0347771
-0.0401796
-0.0452935
-0.0503319
-0.0554775
-0.0608294
-0.0663678
-0.0714447
-0.0743149
-0.0733523
-0.0681554
-0.0594262
-0.0484946
-0.0367197
-0.0251274
-0.0142113
-0.00402418
0.00566919
0.0142977
0.0208366
0.0248921
0.0267003
0.0269682
0.0264767
0.0258903
0.0255555
0.0251671
0.0234312
0.0190739
0.011659
0.00161081
-0.0101643
-0.0226524
-0.0350866
-0.0470197
-0.0580759
-0.0674791
-0.0745974
-0.0780227
-0.0759009
-0.0676253
-0.0540301
-0.0368954
-0.0181361
0.000728713
0.0188756
0.0360895
0.0519287
0.0648208
0.0732908
0.0771254
0.0772174
0.0750321
0.0720017
0.0691565
0.0669748
0.0654715
0.0643702
0.0633174
0.0618553
0.0595558
0.0562674
0.052127
0.0474503
0.0425764
0.0377767
0.033365
0.0302406
0.0293728
0.0310048
0.0347475
0.0398085
0.0453956
0.050887
0.0559739
0.0599911
0.0620487
0.0617508
0.0593466
0.0554984
0.0509803
0.0464147
0.042395
0.0393392
0.037289
0.0359942
0.0350867
0.0342231
0.0331952
0.0319266
0.0304722
0.0289221
0.0274046
0.0262465
0.0267935
0.0305439
0.0379785
0.0485813
0.061202
0.0735339
0.0823606
0.0855089
0.0827569
0.0754454
0.0655777
0.054124
0.0404054
0.0234885
0.00310803
-0.0202397
-0.0456176
-0.0719988
-0.0985236
-0.123546
-0.143647
-0.155856
-0.159681
-0.156721
-0.149672
-0.140346
-0.128917
-0.11496
-0.0983568
-0.0794165
-0.0587776
-0.0371506
-0.0151677
0.00677167
0.0284687
0.0498693
0.069322
0.0833524
0.0894026
0.0872801
0.0787737
0.0665691
0.053226
0.0404938
0.0291329
0.0190555
0.00970673
0.00041217
-0.00931743
-0.0197062
-0.0306811
-0.0420347
-0.0534731
-0.0647327
-0.0737506
-0.0772711
-0.0735282
-0.0628319
-0.0470923
-0.0287262
-0.00988155
0.00813252
0.0248497
0.0405188
0.0556803
0.0709424
0.0866389
0.102259
0.114504
0.119458
0.115642
0.104006
0.0871199
0.0678575
0.0485656
0.0305285
0.0140553
-0.00127847
-0.0158463
-0.029413
-0.0414938
-0.0519919
-0.0610895
-0.06888
-0.0740002
-0.0747444
-0.0705977
-0.0622817
-0.051221
-0.0389829
-0.0268099
-0.0172693
-0.0136701
-0.0175933
-0.0284518
-0.0441432
-0.0621421
-0.0803536
-0.0975148
-0.112591
-0.122442
-0.12364
-0.115433
-0.0993892
-0.0784825
-0.0556745
-0.0332074
-0.0121313
0.00744707
0.0261091
0.044575
0.0634814
0.0830348
0.101642
0.114524
0.117177
0.108348
0.089861
0.0652459
0.0382304
0.0116014
-0.0132015
-0.0360423
-0.0575676
-0.0787496
-0.100363
-0.122865
-0.146212
-0.169443
-0.188644
-0.199414
-0.200174
-0.192128
-0.178257
-0.161859
-0.14556
-0.130781
-0.1178
-0.106096
-0.0948301
-0.0832589
-0.0709466
-0.0578353
-0.0441195
-0.0301461
-0.0162687
-0.00437017
0.00268009
0.00335033
-0.00206317
-0.0118664
-0.0239303
-0.0363765
-0.0480609
-0.0584725
-0.0672738
-0.0742764
-0.0795009
-0.0820629
-0.0809144
-0.0759084
-0.0676538
-0.0568182
-0.0439877
-0.0298227
-0.014927
0.000240463
0.0154185
0.0305197
0.0455694
0.0606435
0.0758026
0.0910561
0.105849
0.119017
0.129688
0.137751
0.143729
0.147985
0.149959
0.14894
0.144887
0.13838
0.130334
0.121645
0.112971
0.104642
0.0966837
0.0886142
0.0785889
0.0645055
0.0456597
0.0226153
-0.00316084
-0.030057
-0.0548372
-0.0740102
-0.0862812
-0.0924171
-0.0945556
-0.0950343
-0.0957511
-0.0976596
-0.100874
-0.103017
-0.100682
-0.0921553
-0.0776318
-0.0587707
-0.0376959
-0.0163032
0.00429913
0.0251191
0.048798
0.0771681
0.110599
0.146482
0.179948
0.206868
0.225808
0.235283
0.234187
0.223718
0.206629
0.186183
0.165046
0.14482
0.125984
0.108333
0.0917428
0.0762021
0.0615342
0.0474634
0.0337158
0.0200757
0.00645133
-0.00714182
-0.0191664
-0.0274209
-0.0309907
-0.0302609
-0.0265785
-0.021487
-0.0163015
-0.0117568
-0.00806733
-0.00500797
-0.00219384
0.000769268
0.00409688
0.00784754
0.0119124
0.0161383
0.0203544
0.0244658
0.0284251
0.032265
0.0360297
0.0397895
0.0435601
0.0469231
0.048601
0.0474047
0.0430322
0.0360191
0.027348
0.0180432
0.00885747
0.000174057
-0.00798063
-0.0157887
-0.0235165
-0.0313563
-0.0389942
-0.0452106
-0.0488022
-0.0493873
-0.047115
-0.0420741
-0.0344744
-0.0248854
-0.0140502
-0.00267244
0.00875484
0.0199861
0.0309976
0.0418843
0.0527877
0.0638018
0.0749801
0.0862894
0.0976282
0.107271
0.11239
0.1114
0.104475
0.0931938
0.0795932
0.0655202
0.0521144
0.0398097
0.028439
0.018172
0.00978595
0.00390512
0.000483329
-0.0010311
-0.00144207
-0.00146634
-0.00161068
-0.00207415
-0.00285291
-0.0037886
-0.00472493
-0.00552438
-0.0061539
-0.00662077
-0.00700421
-0.00736117
-0.00776307
-0.00821937
-0.00874551
-0.00930278
-0.00988393
-0.0104454
-0.0109975
-0.0115143
-0.0120069
-0.01192
-0.010375
-0.00684324
-0.00140838
0.00544693
0.0130391
0.020803
0.0283397
0.0355438
0.0424375
0.0492086
0.0559532
0.0622532
0.0653713
0.0621237
0.0513557
0.0339981
0.0122462
-0.0114226
-0.0350907
-0.0576534
-0.078946
-0.0992823
-0.119201
-0.135669
-0.143931
-0.141919
-0.130411
-0.112266
-0.0908461
-0.0690135
-0.0484389
-0.0296245
-0.0121784
0.00469217
0.02173
0.0388115
0.0530883
0.060925
0.0608571
0.0536065
0.0414344
0.0269251
0.0122457
-0.00137866
-0.013607
-0.0247862
-0.0355357
-0.0464567
-0.0578676
-0.0686117
-0.0764366
-0.0799255
-0.0789553
-0.0745534
-0.0681722
-0.0612392
-0.0546781
-0.0489228
-0.0439284
-0.0405381
-0.0402712
-0.043939
-0.0512847
-0.0612805
-0.0726518
-0.0843044
-0.0955689
-0.106218
-0.116379
-0.126299
-0.135746
-0.142383
-0.143323
-0.137536
-0.125782
-0.110048
-0.0925036
-0.0749292
-0.0582731
-0.0427751
-0.0280922
-0.0137199
0.000859899
0.0158954
0.031409
0.0456078
0.0555498
0.0594703
0.0574321
0.0509193
0.0419758
0.0324625
0.0235922
0.0158274
0.0090251
0.00272438
-0.00358567
-0.0102521
-0.0171876
-0.0232393
-0.0269559
-0.0277139
-0.025736
-0.0218593
-0.0170621
-0.0121867
-0.00771155
-0.00378762
-0.000281136
0.0030359
0.00640383
0.00977692
0.0129421
0.0157326
0.0181123
0.0201371
0.0219361
0.0236309
0.0253295
0.0270785
0.0288979
0.0307611
0.0326465
0.0345175
0.0363679
0.0381848
0.0399853
0.0417704
0.0435625
0.0453572
0.0471697
0.0489632
0.0502112
0.0493761
0.0450561
0.0369045
0.0255963
0.0123699
1.50101e-05
-0.00736425
-0.00695288
0.00147788
0.0161057
0.0341745
0.0531169
0.0711915
0.0877266
0.10287
0.11721
0.129569
0.136588
0.135604
0.126296
0.110347
0.0904243
0.069107
0.0482392
0.0286409
0.0103262
-0.00716667
-0.0223728
-0.0322776
-0.0351229
-0.0310997
-0.0219702
-0.0100323
0.00261913
0.0146594
0.0255585
0.0354824
0.0449022
0.0543199
0.0627089
0.0673457
0.0660343
0.0583948
0.0456316
0.0297551
0.0127628
-0.00390725
-0.0195715
-0.0341654
-0.0467282
-0.0549629
-0.0572241
-0.0535169
-0.0452337
-0.034326
-0.0226297
-0.0113506
-0.00101425
0.00847893
0.0174871
0.0260389
0.0322583
0.0337382
0.0295601
0.0203385
0.00769303
-0.00654385
-0.0208884
-0.0344982
-0.0471724
-0.0591467
-0.0708668
-0.0827225
-0.0949147
-0.105999
-0.113387
-0.115501
-0.112335
-0.105173
-0.0957881
-0.085838
-0.0763996
-0.0679166
-0.0602745
-0.0530957
-0.0460404
-0.0393505
-0.0335349
-0.0288642
-0.0252937
-0.022549
-0.0202672
-0.0181251
-0.0159071
-0.013527
-0.0109972
-0.00838748
-0.00577553
-0.00321951
-0.000740991
0.0016692
0.00401702
0.00575614
0.00528093
0.00107951
-0.00719693
-0.0188572
-0.03262
-0.0471877
-0.0615861
-0.0753483
-0.0884303
-0.101043
-0.112385
-0.1204
-0.123507
-0.121554
-0.115606
-0.10728
-0.0977211
-0.0868087
-0.073906
-0.0587227
-0.0414629
-0.0226801
-0.00305194
0.0168386
0.0366001
0.0560867
0.0753063
0.0943948
0.113467
0.13265
0.151949
0.171296
0.188261
0.199395
0.203251
0.200419
0.192981
0.18334
0.173537
0.164718
0.15722
0.150706
0.144608
0.138342
0.131578
0.124215
0.116399
0.108339
0.100092
0.0913974
0.082037
0.0719361
0.0612336
0.0501238
0.0388498
0.0275593
0.0163655
0.00525851
-0.00576499
-0.0167869
-0.0277923
-0.0382251
-0.0451073
-0.0450041
-0.0367319
-0.0213261
-0.00121808
0.0209281
0.0430101
0.0638949
0.0833699
0.101851
0.120006
0.138422
0.157394
0.175897
0.19194
0.204177
0.210314
0.207579
0.195211
0.174662
0.148805
0.120628
0.0924758
0.0655409
0.0400678
0.01555
-0.00867439
-0.033182
-0.0557827
-0.0729427
-0.0829651
-0.0862134
-0.0845978
-0.0804807
-0.0759346
-0.0722207
-0.0697678
-0.0683413
-0.0673981
-0.0663767
-0.0649033
-0.0628726
-0.0606595
-0.0598206
-0.0621484
-0.0683235
-0.0779465
-0.0898794
-0.102851
-0.115811
-0.128194
-0.13986
-0.151012
-0.161962
-0.173021
-0.184356
-0.195966
-0.206545
-0.213451
-0.214695
-0.210036
-0.200705
-0.18864
-0.17571
-0.163219
-0.151743
-0.141243
-0.131308
-0.121448
-0.11128
-0.10064
-0.0895555
-0.0781908
-0.066743
-0.0553768
-0.044173
-0.0331417
-0.0222281
-0.0113664
-0.000506498
0.00984688
0.0187946
0.0258124
0.0309333
0.0346426
0.0375809
0.0403404
0.0432918
0.0465876
0.0501644
0.0537009
0.0561268
0.0562833
0.0537736
0.0489425
0.0425969
0.0356177
0.0286965
0.0222006
0.0161899
0.0105168
0.00495258
-0.000700941
-0.00655111
-0.0124157
-0.0178366
-0.0224263
-0.0260784
-0.0289386
-0.0313005
-0.0334662
-0.035672
-0.0380293
-0.0405595
-0.0431969
-0.0458756
-0.0485112
-0.0510425
-0.0523183
-0.0507249
-0.0456153
-0.0373132
-0.0268395
-0.015346
-0.00380182
0.00726062
0.0176939
0.0276699
0.0374605
0.0473459
0.0574732
0.0678618
0.0776695
0.0852097
0.089199
0.0894709
0.0867817
0.0823547
0.0773651
0.0726528
0.0685781
0.0651311
0.0620412
0.0590134
0.0558289
0.0535121
0.0536942
0.0571443
0.0636971
0.0724645
0.0823694
0.0924525
0.10215
0.111255
0.119898
0.128308
0.13671
0.14368
0.14663
0.144017
0.135915
0.1237
0.109228
0.0941981
0.0797076
0.0661901
0.0535176
0.0412887
0.0290427
0.0164851
0.00384354
-0.00780903
-0.0173803
-0.0244615
-0.0293575
-0.0327876
-0.0355796
-0.0383963
-0.0422498
-0.0482884
-0.0570034
-0.0681152
-0.0808411
-0.0942822
-0.107718
-0.120747
-0.133295
-0.145494
-0.157587
-0.16976
-0.182086
-0.192866
-0.199174
-0.199304
-0.193353
-0.182875
-0.169933
-0.156428
-0.143543
-0.1314
-0.118811
-0.104389
-0.0873798
-0.067898
-0.0465752
-0.0243432
-0.00204766
0.0170226
0.0287314
0.0315181
0.0263158
0.0157892
0.00288272
-0.00997571
-0.0215042
-0.0313904
-0.0400725
-0.04671
-0.049383
-0.0469874
-0.0397792
-0.0290235
-0.0163498
-0.00317602
0.00958519
0.0216108
0.0329975
0.0440959
0.0552256
0.0662135
0.0750496
0.0792661
0.0779092
0.0715673
0.0618469
0.0505915
0.0397176
0.0321405
0.0305022
0.0353431
0.0455057
0.0588187
0.0731914
0.0870499
0.0996624
0.108769
0.111069
0.10499
0.0912467
0.0721532
0.0504527
0.0284268
0.00740744
-0.0122367
-0.0308374
-0.0490378
-0.0674033
-0.0851731
-0.0992255
-0.106422
-0.105811
-0.0985143
-0.0868935
-0.0734623
-0.0601706
-0.0480358
-0.037227
-0.0273223
-0.0177019
-0.00781067
0.00264283
0.0136689
0.0243113
0.0327052
0.0374289
0.0382405
0.0359092
0.0317096
0.0268988
0.0223722
0.0185369
0.015375
0.0124838
0.00930138
0.00543725
0.000780922
-0.00452727
-0.0102203
-0.0160157
-0.0217113
-0.0272107
-0.0325234
-0.0376939
-0.0422598
-0.0447291
-0.0436847
-0.0387906
-0.0306978
-0.0206064
-0.00974373
0.000976627
0.0111034
0.0205983
0.0296873
0.0386812
0.0478356
0.0572813
0.0670165
0.0769501
0.0869554
0.096927
0.106762
0.115456
0.120223
0.118492
0.1097
0.0950849
0.0768759
0.0573262
0.0380969
0.0199886
0.00304789
-0.0131314
-0.0284294
-0.0413512
-0.0502919
-0.054822
-0.0556119
-0.0539858
-0.0513237
-0.0486898
-0.046635
-0.0452539
-0.0443276
-0.0435312
-0.0425672
-0.0409418
-0.037928
-0.0330971
-0.0265324
-0.0187128
-0.0102476
-0.0016734
0.00668323
0.0147138
0.0224819
0.0301059
0.0370512
0.0419907
0.0439155
0.0426982
0.0389955
0.0338119
0.02814
0.0226574
0.0176869
0.0132299
0.00981398
0.00866854
0.0107054
0.0159248
0.0236088
0.0326999
0.0422338
0.0515378
0.0603182
0.0677785
0.0727537
0.0747056
0.0739086
0.0712049
0.0675765
0.0638374
0.060456
0.0575597
0.0550262
0.052627
0.0501466
0.0474567
0.0445206
0.0411104
0.0367276
0.0310316
0.0240403
0.0160728
0.00755756
-0.0011028
-0.00965851
-0.0179964
-0.0261155
-0.0331062
-0.0374013
-0.0381303
-0.0354275
-0.0302145
-0.0236674
-0.0168398
-0.0103821
-0.00454866
0.000430262
0.00386158
0.00514431
0.00425562
0.00167357
-0.00190365
-0.00581207
-0.00960458
-0.0130822
-0.0162667
-0.0192887
-0.0223148
-0.0254576
-0.0287693
-0.0322249
-0.0357711
-0.0393338
-0.042867
-0.0463379
-0.0497553
-0.0531301
-0.0564958
-0.0598639
-0.0632575
-0.0666672
-0.0700751
-0.0728231
-0.0735917
-0.0713936
-0.0661512
-0.0585149
-0.0495006
-0.0400546
-0.0308516
-0.0221597
-0.0139686
-0.00608356
0.000704018
0.00511122
0.00660185
0.0054278
0.00240531
-0.00152258
-0.00556321
-0.00925978
-0.0124786
-0.0153333
-0.0180395
-0.0208092
-0.0237711
-0.0269475
-0.0300656
-0.032409
-0.0333032
-0.0325551
-0.0304142
-0.0273907
-0.0240145
-0.0205828
-0.0167637
-0.0119485
-0.00583392
0.00153391
0.00981747
0.0186023
0.0274963
0.0362698
0.0448132
0.0531311
0.0601868
0.0642136
0.0642213
0.0603636
0.0536723
0.0454787
0.0369677
0.0288785
0.0214794
0.0146776
0.00878386
0.00474238
0.00326519
0.00436608
0.00746584
0.0117355
0.0163875
0.0208961
0.0250218
0.0287957
0.0323657
0.0359086
0.0387768
0.0397298
0.0380023
0.0336199
0.0272234
0.0197126
0.011923
0.0050115
7.48888e-05
-0.00257321
-0.0032824
-0.00280933
-0.0019264
-0.00121829
-0.000952045
-0.00113442
-0.00159115
-0.00210832
-0.0025046
-0.00270946
-0.00302251
-0.00435764
-0.00758786
-0.0129703
-0.0201819
-0.0285625
-0.0374136
-0.0461984
-0.054645
-0.0627137
-0.070504
-0.0774522
-0.0821828
-0.0836519
-0.0817667
-0.0772423
-0.0711677
-0.0645861
-0.0582213
-0.0523921
-0.0470796
-0.0420611
-0.0370753
-0.0319125
-0.0264941
-0.0208777
-0.0163962
-0.0152454
-0.0186804
-0.0266191
-0.0378871
-0.0509547
-0.0644007
-0.0773589
-0.0894662
-0.100812
-0.109957
-0.114746
-0.114384
-0.109429
-0.101383
-0.0918963
-0.082326
-0.0734073
-0.0653295
-0.0578486
-0.0505869
-0.043167
-0.0353981
-0.0272578
-0.0196731
-0.0141597
-0.011647
-0.0121347
-0.0148965
-0.018906
-0.0232212
-0.0272174
-0.0306533
-0.0335725
-0.0357108
-0.035911
-0.0330456
-0.0268806
-0.017999
-0.0074218
0.00381479
0.014953
0.0256148
0.035753
0.0449577
0.0522601
0.0569637
0.0590937
0.0592532
0.0582938
0.0569948
0.0558818
0.055163
0.0548088
0.0546566
0.0549549
0.0561949
0.0585855
0.0620386
0.0662388
0.0708234
0.0754776
0.0800212
0.0843896
0.0886245
0.0927975
0.0969607
0.100236
0.100727
0.0970103
0.0889294
0.0774062
0.0638633
0.0496778
0.0358014
0.0226604
0.0102183
-0.00181397
-0.0138024
-0.0260125
-0.0385754
-0.0514537
-0.0644929
-0.0762535
-0.0839601
-0.0855883
-0.0809649
-0.0714524
-0.0591233
-0.0459483
-0.0332849
-0.0217096
-0.0111544
-0.00117294
0.00875488
0.0190271
0.0298057
0.0410535
0.0525853
0.0642014
0.0757063
0.0866728
0.095384
0.0999123
0.0996683
0.0953214
0.0883294
0.0802342
0.0722386
0.0649603
0.0584984
0.0525853
0.046836
0.0409094
0.0346282
0.0279727
0.0210543
0.0140254
0.00703118
0.000153249
-0.00658368
-0.0132125
-0.0197842
-0.0263574
-0.0329653
-0.0396211
-0.0462004
-0.0524518
-0.0581773
-0.0633484
-0.0680738
-0.0725367
-0.0769108
-0.081325
-0.0858325
-0.090436
-0.0950925
-0.0997619
-0.104393
-0.108759
-0.111818
-0.112375
-0.110046
-0.105211
-0.0987424
-0.0915758
-0.084452
-0.0777538
-0.0715544
-0.065694
-0.0599448
-0.0540932
-0.0480318
-0.0417408
-0.0352912
-0.0287675
-0.0222659
-0.0158283
-0.00948154
-0.00321634
0.00243072
0.00656068
0.00865987
0.00880572
0.00751266
0.00546054
0.00324438
0.00124773
-0.00039996
-0.00174896
-0.00295868
-0.00418223
-0.00553793
-0.00705156
-0.00870985
-0.0104366
-0.0121506
-0.0129659
-0.0114829
-0.0069156
0.000617643
0.0103244
0.0211667
0.0322354
0.0429515
0.0531209
0.0628285
0.0723223
0.0818393
0.0915623
0.101528
0.111719
0.122012
0.13227
0.140688
0.144772
0.143506
0.13737
0.127908
0.116887
0.105785
0.0954273
0.0860364
0.0773594
0.0689682
0.0604437
0.051543
0.0422058
0.032535
0.0227014
0.0128965
0.00375029
-0.0036148
-0.00843405
-0.0106913
-0.0109944
-0.010203
-0.00912343
-0.00828471
-0.00790479
-0.00793084
-0.00817599
-0.00842085
-0.00851436
-0.00839254
-0.00808333
-0.00766057
-0.00721481
-0.00681077
-0.00648328
-0.00622836
-0.00602361
-0.00583522
-0.00563736
-0.00541368
-0.0051626
-0.00489772
-0.0048128
-0.00543222
-0.00724262
-0.0103567
-0.01455
-0.0194136
-0.0245255
-0.0295025
-0.0338315
-0.037081
-0.0391907
-0.0403946
-0.0410819
-0.0416217
-0.0422713
-0.0431355
-0.0441972
-0.0453669
-0.0465421
-0.0476472
-0.0486496
-0.0495493
-0.0500543
-0.0495309
-0.0475144
-0.0439783
-0.0392586
-0.0338576
-0.0282476
-0.0227543
-0.0175124
-0.0125087
-0.00763389
-0.0027712
0.00217958
0.00724621
0.0123956
0.0167011
0.0186431
0.0173499
0.0128992
0.00611305
-0.00192208
-0.0102256
-0.0181756
-0.0255427
-0.0324151
-0.0390405
-0.0456843
-0.0525316
-0.0596449
-0.0669573
-0.0735743
-0.0777452
-0.0781798
-0.0747352
-0.0682375
-0.0599646
-0.0511453
-0.0426319
-0.0347939
-0.0275987
-0.0207694
-0.0139857
-0.00699065
0.000312881
0.00787968
0.0146719
0.01923
0.0209
0.0198652
0.0169371
0.0130808
0.009134
0.00558072
0.00257269
-1.51537e-05
-0.00240802
-0.00468748
-0.00666587
-0.0081485
-0.00906029
-0.00947941
-0.00955474
-0.00946552
-0.00934509
-0.00927937
-0.00928742
-0.00935631
-0.00944708
-0.00952869
-0.00957773
-0.0095911
-0.00957721
-0.00954247
-0.00931385
-0.00799762
-0.00453926
0.00141031
0.00954312
0.0191057
0.0292951
0.0394605
0.0492665
0.058638
0.0677126
0.076683
0.0857397
0.0949483
0.103688
0.110075
0.112339
0.110004
0.103817
0.0951978
0.0856316
0.0762264
0.067549
0.0596493
0.0522653
0.0450115
0.0375789
0.0297927
0.0216646
0.013476
0.00626785
0.00119515
-0.00131624
-0.00156438
-0.000310048
0.00159715
0.00347826
0.00496311
0.00597791
0.00665704
0.00721683
0.00785305
0.00867886
0.00971331
0.0109035
0.0121645
0.0134154
0.0146054
0.0157176
0.0167607
0.0176006
0.017994
0.0178092
0.0170721
0.0159343
0.0145845
0.0131913
0.0118574
0.0106203
0.00946219
0.0083417
0.00721378
0.00604964
0.00483994
0.00359214
0.00232755
0.00115095
0.000495004
0.00085579
0.00239315
0.00495556
0.00818487
0.0117007
0.0151976
0.0185195
0.021635
0.0246107
0.0275391
0.0305092
0.0335646
0.0367149
0.0399307
0.0431771
0.0464153
0.0496265
0.0528006
0.0559493
0.0590815
0.0622153
0.0653554
0.0685105
0.0716739
0.0748468
0.0780172
0.0811901
0.0843466
0.0872838
0.0889815
0.0882607
0.0847271
0.0787386
0.0711418
0.0628477
0.054585
0.0467312
0.0393763
0.0326093
0.0273849
0.0248678
0.0254037
0.0285626
0.0334257
0.0390268
0.044609
0.049782
0.054461
0.0585
0.0612703
0.0621795
0.0611486
0.0585589
0.055019
0.0511265
0.0473043
0.0437523
0.0404735
0.037358
0.0342602
0.0310706
0.0277356
0.0242302
0.0205241
0.016623
0.0125691
0.00842857
0.00425854
0.000101625
-0.00402803
-0.00813099
-0.0122233
-0.0163175
-0.0204262
-0.0245506
-0.0286909
-0.0328321
-0.0368188
-0.0402163
-0.0426268
-0.0439569
-0.0443871
-0.0440813
-0.0428928
-0.0406143
-0.0372661
-0.0330673
-0.028345
-0.0234053
-0.0184735
-0.0136536
-0.00896061
-0.00434123
0.000265453
0.00491842
0.00963003
0.0142594
0.0180887
0.0202882
0.0205641
0.0191485
0.0166135
0.0135875
0.0105735
0.00784187
0.00544886
0.0032947
0.00122406
-0.000906605
-0.00317609
-0.00559896
-0.00813352
-0.0107199
-0.0132962
-0.0158287
-0.0183025
-0.0207328
-0.0231354
-0.0255263
-0.0275823
-0.0288281
-0.029061
-0.0283617
-0.0270171
-0.0253603
-0.0236745
-0.0221212
-0.0207482
-0.0195114
-0.0183321
-0.0171307
-0.0158611
-0.0145093
-0.0130949
-0.0116475
-0.0102016
-0.00878691
-0.00769939
-0.00752742
-0.0086968
-0.0112341
-0.0148341
-0.0190437
-0.0234336
-0.0277129
-0.0317561
-0.035584
-0.0392896
-0.042976
-0.0463696
-0.0487735
-0.0496358
-0.0488714
-0.0467988
-0.0439399
-0.0408053
-0.0377626
-0.0349792
-0.0324587
-0.0300942
-0.0277593
-0.0253601
-0.0232487
-0.0220944
-0.0223157
-0.0239204
-0.0265818
-0.0298374
-0.0332555
-0.0365483
-0.0395987
-0.0424288
-0.0451396
-0.0478434
-0.0506266
-0.0535196
-0.0565156
-0.0595617
-0.0624323
-0.0641899
-0.0637747
-0.0608363
-0.0557057
-0.0491425
-0.0419704
-0.0348489
-0.0284884
-0.0235703
-0.020305
-0.0184487
-0.0174689
-0.016817
-0.0160716
-0.0150374
-0.0137001
-0.0121779
-0.010616
-0.00914119
-0.00780849
-0.00661913
-0.00552207
-0.00446057
-0.00337803
-0.00224895
-0.00106435
0.00015809
0.00140064
0.00263792
0.00383713
0.00487545
0.00562594
0.0060486
0.00619419
0.00616138
0.00605766
0.00596283
0.0059189
0.00593099
0.00597927
0.00603869
0.00610685
0.00676927
0.0090369
0.0134775
0.0200452
0.0281756
0.0371558
0.0463126
0.0552046
0.0625002
0.0663104
0.0656916
0.0609532
0.053305
0.0442168
0.0349376
0.0262066
0.0182441
0.0108938
0.0042458
-0.000812076
-0.00334099
-0.00313494
-0.000643456
0.00329478
0.00783807
0.0123393
0.0164871
0.0202263
0.0236852
0.0263745
0.0274884
0.0267046
0.0242023
0.0205171
0.0162567
0.0119275
0.00781706
0.00400716
0.000431092
-0.00282249
-0.00525044
-0.00633608
-0.00596107
-0.00436519
-0.00199719
0.000686961
0.00334183
0.0057958
0.00802612
0.0101118
0.0121619
0.0142698
0.0164817
0.0187988
0.0211875
0.0236031
0.0260061
0.0283736
0.030702
0.0329995
0.0352836
0.0375678
0.0398646
0.0421738
0.0444976
0.0468249
0.0491577
0.0514729
0.0535121
0.0539936
0.051433
0.0453354
0.0361521
0.0249467
0.012866
0.000823193
-0.010701
-0.021612
-0.0321003
-0.0424465
-0.0529123
-0.0636333
-0.0746368
-0.0858385
-0.0970867
-0.107084
-0.113304
-0.113921
-0.108791
-0.0991886
-0.0870086
-0.0740697
-0.0615943
-0.0501263
-0.039572
-0.029553
-0.0196358
-0.0115422
-0.00808421
-0.010529
-0.0185078
-0.0303942
-0.0442646
-0.0584274
-0.0719047
-0.0843536
-0.0959601
-0.105912
-0.112116
-0.112961
-0.108381
-0.0995483
-0.0882424
-0.0761159
-0.0643343
-0.053377
-0.0432265
-0.0335503
-0.0249676
-0.0188683
-0.0160969
-0.0165725
-0.0194743
-0.0233251
-0.0260368
-0.02593
-0.0225162
-0.0163275
-0.00846867
-7.57704e-05
0.00800819
0.0154027
0.0221108
0.0284023
0.0345979
0.0409743
0.0476474
0.0545987
0.0610026
0.0655322
0.067391
0.0666016
0.0638217
0.0599625
0.0558523
0.052035
0.0487133
0.045828
0.0431645
0.0405032
0.0376939
0.0352029
0.0338098
0.033907
0.0354508
0.0380498
0.0412096
0.0444788
0.0475831
0.0504144
0.053022
0.0555117
0.0579993
0.060177
0.061435
0.061388
0.0600378
0.0576913
0.0547862
0.0517231
0.0487748
0.0460463
0.0435235
0.0411059
0.0386974
0.0362314
0.0342474
0.0335627
0.034553
0.0371105
0.0407776
0.0449953
0.0492903
0.0533703
0.0571239
0.0597927
0.0603282
0.0583795
0.0542387
0.0486566
0.0424285
0.036207
0.0303258
0.0248646
0.0196873
0.0146077
0.00943946
0.00409555
-0.00144733
-0.00712525
-0.0128692
-0.0185939
-0.0242651
-0.0298584
-0.0353997
-0.0409042
-0.0464144
-0.0519354
-0.0574643
-0.0623053
-0.0650531
-0.0646506
-0.0610086
-0.0548158
-0.0471488
-0.039018
-0.0311393
-0.0238074
-0.0170044
-0.010492
-0.00402338
0.00244121
0.00812168
0.0120112
0.0136772
0.0133223
0.0115607
0.00912652
0.00661879
0.00439913
0.00255861
0.00101794
-0.000404421
-0.00186426
-0.0034776
-0.00524226
-0.00674682
-0.00680927
-0.0043552
0.000918755
0.00853263
0.0175857
0.0258404
0.0304231
0.0297422
0.0239202
0.0143479
0.00287313
-0.00887651
-0.0198849
-0.0298285
-0.0388998
-0.0475669
-0.0562889
-0.0653936
-0.074963
-0.0849404
-0.0951179
-0.10527
-0.113435
-0.116971
-0.114816
-0.107499
-0.0966749
-0.0842257
-0.0717164
-0.0600171
-0.0493494
-0.0394412
-0.0298279
-0.020068
-0.00993653
-0.000350311
0.00655777
0.00912257
0.00702764
0.00116493
-0.00697435
-0.0157514
-0.0233942
-0.0285653
-0.0309934
-0.0312194
-0.0302301
-0.0289632
-0.0280845
-0.0278413
-0.0281764
-0.0288216
-0.0294985
-0.0299814
-0.0301916
-0.0301432
-0.0299446
-0.029699
-0.0295097
-0.0294106
-0.0294153
-0.0294809
-0.0295791
-0.0296464
-0.0293268
-0.0276167
-0.0236204
-0.0171259
-0.00858774
0.00122328
0.0114938
0.0216576
0.0314104
0.0407641
0.0498424
0.0588284
0.0664555
0.0707879
0.0709737
0.067324
0.0609931
0.0533674
0.0462503
0.0414163
0.0396712
0.0407956
0.0438439
0.0477277
0.0515121
0.0546791
0.0558627
0.0534767
0.0470715
0.0372714
0.0253168
0.0125272
-7.51892e-05
-0.0104482
-0.0163224
-0.017024
-0.0132831
-0.00674101
0.00090575
0.00833502
0.0149099
0.0205526
0.0256021
0.030495
0.0356226
0.04114
0.0463889
0.0493263
0.0480062
0.0418526
0.0315981
0.0187214
0.00479334
-0.00898937
-0.0220123
-0.0341917
-0.0457814
-0.0564807
-0.0656174
-0.0729654
-0.0787132
-0.0833779
-0.0875016
-0.09155
-0.0957643
-0.10023
-0.104866
-0.109573
-0.114221
-0.118768
-0.123179
-0.127513
-0.13179
-0.13603
-0.138604
-0.13718
-0.13077
-0.119786
-0.105645
-0.0899913
-0.0742148
-0.0591032
-0.0448832
-0.0313322
-0.0180622
-0.00467665
0.00904066
0.0229551
0.035996
0.0468783
0.0550603
0.0607834
0.0648142
0.0680528
0.0712444
0.0748194
0.0788911
0.0833398
0.087944
0.0924911
0.0968519
0.100993
0.10494
0.108185
0.109807
0.109305
0.106758
0.102725
0.0978949
0.0929054
0.0881262
0.0837175
0.0795945
0.0756311
0.0716262
0.0674527
0.0615573
0.0518525
0.0374943
0.0189627
-0.00241415
-0.0250786
-0.047749
-0.0682575
-0.0843712
-0.0954379
-0.102177
-0.104949
-0.103316
-0.0973657
-0.0878378
-0.0759573
-0.0629113
-0.0496346
-0.0366127
-0.0239834
-0.0116178
0.000700058
0.013134
0.0251696
0.0338597
0.0356819
0.0294053
0.0159635
-0.00222177
-0.0225305
-0.0428104
-0.0619377
-0.079635
-0.0962771
-0.110798
-0.120318
-0.122584
-0.117445
-0.106462
-0.092046
-0.0764651
-0.0613205
-0.0473032
-0.0343894
-0.0220995
-0.00987139
0.00273529
0.0159048
0.0295907
0.0435463
0.0561199
0.0650459
0.0694048
0.0695365
0.0667886
0.0626562
0.0584708
0.0549756
0.0537953
0.0570171
0.0656058
0.0790112
0.0957353
0.113995
0.132379
0.15005
0.166835
0.182952
0.19885
0.214893
0.231338
0.248197
0.265392
0.28272
0.300045
0.317229
0.334273
0.351133
0.367023
0.380662
0.391639
0.40012
0.406842
0.409103
0.40264
0.385721
0.359417
0.326648
0.290815
0.254652
0.219707
0.184127
0.143738
0.0956004
0.0392381
-0.0237127
-0.0905711
-0.158717
-0.226248
-0.29232
-0.356919
-0.420653
-0.484133
-0.54689
-0.603888
-0.649038
-0.679992
-0.697309
-0.7
-0.686739
-0.659269
-0.621444
-0.577982
-0.53279
-0.48839
-0.445664
-0.404394
-0.363708
-0.322805
-0.282292
-0.244556
-0.2116
-0.184012
-0.16099
-0.143435
-0.133249
-0.130618
-0.134255
-0.141823
-0.150971
-0.155895
-0.149913
-0.130473
-0.0989831
-0.0595202
-0.016614
0.0260534
0.0665445
0.104463
0.140597
0.176103
0.21204
0.248796
0.286282
0.32409
0.361856
0.399229
0.435639
0.468749
0.495988
0.516589
0.531482
0.540892
0.543245
0.537446
0.524095
0.505165
0.483099
0.46
0.436018
0.408232
0.373281
0.329982
0.279338
0.223784
0.166017
0.108853
0.0547951
0.00510878
-0.0405217
-0.0833782
-0.125081
-0.166909
-0.209625
-0.253316
-0.297746
-0.342398
-0.386842
-0.428308
-0.463157
-0.48788
-0.49973
-0.499026
-0.488613
-0.472633
-0.454852
-0.43788
-0.422775
-0.409436
-0.397021
-0.384605
-0.371474
-0.357379
-0.342392
-0.326228
-0.307445
-0.284658
-0.257609
-0.227091
-0.19443
-0.160957
-0.127636
-0.0949276
-0.0628615
-0.0311875
0.000413359
0.0322143
0.0643219
0.0966833
0.127586
0.154572
0.176084
0.191443
0.201308
0.207251
0.21121
0.214765
0.218915
0.22394
0.22968
0.23569
0.241589
0.247085
0.252084
0.255041
0.253416
0.245842
0.232603
0.214855
0.192557
0.165088
0.132731
0.0965454
0.0580116
0.0184806
-0.021075
-0.0602009
-0.0987929
-0.135704
-0.168375
-0.194965
-0.215364
-0.230969
-0.243784
-0.25575
-0.268146
-0.281558
-0.295889
-0.310634
-0.322004
-0.322871
-0.308089
-0.277275
-0.233975
-0.183526
-0.13099
-0.0798204
-0.0315111
0.0133683
0.0543033
0.0914706
0.125731
0.158225
0.18616
0.203737
0.207542
0.197921
0.178274
0.153091
0.126483
0.101091
0.0779775
0.0568568
0.0368783
0.0194008
0.00877303
0.0084065
0.0188082
0.0377916
0.0619932
0.0880228
0.113564
0.137446
0.159733
0.180994
0.202019
0.219969
0.230255
0.230764
0.222147
0.207057
0.188703
0.16984
0.152118
0.136065
0.121337
0.107205
0.0929546
0.0790322
0.0666418
0.0564672
0.0485793
0.0424462
0.0373708
0.0326158
0.0277446
0.0224869
0.0168147
0.00831196
-0.00644915
-0.0288466
-0.0581507
-0.0921654
-0.128393
-0.16468
-0.197756
-0.221373
-0.230328
-0.223948
-0.205368
-0.179632
-0.151592
-0.124657
-0.100308
-0.0784408
-0.0579826
-0.0376699
-0.0165178
0.00587955
0.0294382
0.0537131
0.0781436
0.100894
0.11782
0.125202
0.122351
0.111129
0.094858
0.0767773
0.0593069
0.0435873
0.0315792
0.0265183
0.0304873
0.0430157
0.0618569
0.0840039
0.106929
0.12895
0.149587
0.168999
0.18776
0.201817
0.204944
0.194472
0.1715
0.139836
0.103925
0.0675239
0.0328093
0.000419768
-0.0301889
-0.0600324
-0.0895306
-0.117618
-0.142871
-0.164672
-0.182631
-0.19623
-0.205481
-0.211207
-0.214661
-0.217132
-0.219543
-0.222409
-0.225775
-0.2295
-0.233264
-0.236788
-0.237198
-0.230597
-0.215435
-0.192554
-0.164439
-0.13392
-0.103319
-0.0739357
-0.0460784
-0.0193531
0.00696086
0.0334889
0.0605231
0.0847913
0.100526
0.104296
0.0961891
0.0791709
0.0572493
0.0341432
0.0122335
-0.00751761
-0.0254033
-0.0422199
-0.0571368
-0.0656005
-0.0630186
-0.0481222
-0.0228296
0.00914011
0.043868
0.0783886
0.111153
0.141951
0.171423
0.200531
0.230082
0.260523
0.29185
0.323338
0.353604
0.381514
0.40425
0.417012
0.41675
0.403922
0.38052
0.347299
0.304786
0.254665
0.199349
0.141305
0.0824651
0.0247885
-0.0289618
-0.0766798
-0.118217
-0.154963
-0.189022
-0.222291
-0.254858
-0.284671
-0.309761
-0.329467
-0.344515
-0.354975
-0.359551
-0.357323
-0.348807
-0.334088
-0.312973
-0.28631
-0.255647
-0.222798
-0.189236
-0.155912
-0.12316
-0.0909129
-0.0588617
-0.0267064
0.00577338
0.0389188
0.0731099
0.108323
0.143123
0.17454
0.200384
0.220192
0.235104
0.244435
0.246403
0.240811
0.228978
0.213152
0.195565
0.177903
0.161027
0.145063
0.129067
0.110818
0.0882854
0.0608878
0.0293861
-0.00469605
-0.0397416
-0.0745074
-0.10741
-0.136405
-0.160321
-0.179383
-0.19257
-0.196664
-0.189506
-0.171609
-0.144759
-0.109813
-0.0674559
-0.0191499
0.0331327
0.087412
0.140412
0.188247
0.228969
0.26289
0.292037
0.318818
0.344366
0.364963
0.375215
0.372834
0.358183
0.333192
0.300783
0.264285
0.226483
0.189165
0.152992
0.11781
0.08302
0.048009
0.0124068
-0.0227319
-0.0537859
-0.0761389
-0.0872634
-0.0878216
-0.0807425
-0.0697458
-0.0580371
-0.0476137
-0.0391245
-0.0322251
-0.0261004
-0.0212522
-0.0199253
-0.0240253
-0.0338924
-0.0484596
-0.0659416
-0.0845513
-0.102984
-0.120602
-0.137347
-0.153283
-0.16827
-0.18141
-0.190398
-0.193221
-0.189617
-0.180855
-0.16897
-0.155966
-0.143258
-0.131539
-0.121101
-0.112989
-0.108355
-0.107365
-0.109328
-0.113093
-0.117532
-0.121843
-0.125642
-0.128935
-0.131918
-0.134831
-0.136472
-0.134922
-0.129326
-0.119956
-0.107929
-0.0945684
-0.0810207
-0.0679574
-0.0555955
-0.0437814
-0.0322122
-0.0205736
-0.00867354
0.00354819
0.0160304
0.0288534
0.0423067
0.0566079
0.0717517
0.0875407
0.103706
0.119989
0.136225
0.152332
0.168332
0.184263
0.200207
0.216181
0.232241
0.248295
0.26322
0.271495
0.266726
0.246775
0.213566
0.171667
0.126002
0.0804985
0.0372208
-0.00337481
-0.0409698
-0.0735414
-0.0986101
-0.114364
-0.120686
-0.119401
-0.113356
-0.105345
-0.0974195
-0.0906169
-0.0863525
-0.0860524
-0.0898598
-0.0969412
-0.105895
-0.115454
-0.12469
-0.133207
-0.139321
-0.140871
-0.137168
-0.128907
-0.117683
-0.105194
-0.0927717
-0.0811007
-0.0703016
-0.0600827
-0.0500336
-0.0398407
-0.0309429
-0.0267017
-0.0297138
-0.0403773
-0.0571538
-0.077593
-0.099262
-0.120465
-0.140393
-0.15909
-0.177023
-0.194857
-0.213037
-0.231739
-0.248253
-0.257954
-0.258062
-0.24868
-0.232159
-0.21175
-0.190393
-0.170039
-0.151401
-0.134225
-0.115948
-0.0931783
-0.0642465
-0.0294363
0.00958637
0.0506586
0.0918151
0.128252
0.15347
0.164267
0.161576
0.149392
0.132539
0.115164
0.0997319
0.0881879
0.0833347
0.0872137
0.0993829
0.117673
0.139167
0.161393
0.182755
0.20276
0.221637
0.240051
0.25857
0.277368
0.296215
0.314892
0.333135
0.349331
0.359035
0.358221
0.346039
0.324542
0.297314
0.267987
0.239192
0.212049
0.186374
0.161385
0.136178
0.110158
0.0831056
0.0551844
0.0264981
-0.00304259
-0.0335202
-0.0648124
-0.0966979
-0.128888
-0.161179
-0.193417
-0.225585
-0.257676
-0.289678
-0.319367
-0.342128
-0.354528
-0.356261
-0.349614
-0.338108
-0.32508
-0.312871
-0.302852
-0.296722
-0.295836
-0.300015
-0.307963
-0.317899
-0.328282
-0.338125
-0.347104
-0.355377
-0.363347
-0.371296
-0.376088
-0.371995
-0.355742
-0.32746
-0.290287
-0.248173
-0.204798
-0.158031
-0.102557
-0.0355346
0.0384309
0.109315
0.169245
0.215252
0.249047
0.274988
0.297913
0.321451
0.342814
0.355381
0.355429
0.342799
0.320516
0.292687
0.26331
0.234974
0.20887
0.184803
0.162432
0.142002
0.124042
0.108447
0.0947684
0.082234
0.0702253
0.0582209
0.0460503
0.0336417
0.0211448
0.00863487
-0.00373856
-0.015996
-0.0280809
-0.0396416
-0.0484632
-0.0520465
-0.0495051
-0.0416623
-0.0303081
-0.0174605
-0.0046454
0.00726036
0.0181413
0.0283084
0.039211
0.0528055
0.0702391
0.0914137
0.115363
0.14073
0.16635
0.191444
0.215776
0.239446
0.262808
0.286179
0.309822
0.333788
0.358061
0.38248
0.406945
0.431311
0.455584
0.479716
0.503682
0.524226
0.535934
0.53572
0.523954
0.503648
0.477935
0.448941
0.418109
0.386343
0.354123
0.321581
0.288697
0.255435
0.222649
0.192822
0.16834
0.149862
0.136501
0.127412
0.122379
0.120874
0.122058
0.124868
0.128424
0.13208
0.135578
0.138851
0.142047
0.145268
0.148409
0.150291
0.149538
0.145597
0.138832
0.130144
0.120594
0.111003
0.101864
0.0932502
0.084594
0.0747127
0.062726
0.0484088
0.0322151
0.0148672
-0.00284634
-0.0204069
-0.0375238
-0.0542291
-0.0706479
-0.0870271
-0.103491
-0.12017
-0.137008
-0.153929
-0.168907
-0.178712
-0.181475
-0.177428
-0.16834
-0.1566
-0.144288
-0.132771
-0.122494
-0.113296
-0.104645
-0.0971924
-0.0922413
-0.0903918
-0.0913988
-0.0944511
-0.098547
-0.102882
-0.107378
-0.113156
-0.121463
-0.132808
-0.146827
-0.162689
-0.179372
-0.196052
-0.210441
-0.219855
-0.223338
-0.22161
-0.216465
-0.209876
-0.203397
-0.197853
-0.19338
-0.189651
-0.186156
-0.182451
-0.178285
-0.173634
-0.168627
-0.163496
-0.159109
-0.156748
-0.15708
-0.160012
-0.164779
-0.169732
-0.171904
-0.168826
-0.159854
-0.146024
-0.129223
-0.11142
-0.094027
-0.0780721
-0.0642218
-0.0525969
-0.0426831
-0.0337676
-0.025878
-0.0207768
-0.0203223
-0.0250851
-0.0342713
-0.0463708
-0.0597086
-0.0730492
-0.0856722
-0.0974959
-0.10872
-0.119792
-0.130991
-0.142587
-0.154514
-0.166611
-0.174635
-0.172707
-0.158314
-0.13251
-0.0988218
-0.0614053
-0.0237062
0.0122669
0.0460025
0.0780151
0.109356
0.140947
0.173314
0.203254
0.225798
0.238571
0.24204
0.238847
0.232245
0.225108
0.219165
0.215006
0.21229
0.210261
0.208119
0.205351
0.201785
0.197566
0.192988
0.188374
0.183951
0.179814
0.175937
0.172221
0.168549
0.164825
0.161004
0.157079
0.153093
0.149047
0.144271
0.136737
0.124572
0.107307
0.0857954
0.0607734
0.0324775
0.00130638
-0.0320343
-0.0667312
-0.102039
-0.137483
-0.172791
-0.207965
-0.24304
-0.278038
-0.309172
-0.330045
-0.336992
-0.330389
-0.313769
-0.291781
-0.268619
-0.246932
-0.227702
-0.210576
-0.195096
-0.181349
-0.169452
-0.159222
-0.150196
-0.141374
-0.129897
-0.112654
-0.0885945
-0.0585725
-0.0246765
0.0108443
0.0462073
0.0804968
0.113553
0.145775
0.177732
0.209945
0.242684
0.275919
0.307883
0.333815
0.349261
0.35313
0.34733
0.335501
0.32136
0.307713
0.295919
0.28611
0.277568
0.269351
0.260638
0.251052
0.240636
0.230071
0.220156
0.211396
0.203824
0.197204
0.191075
0.184996
0.176376
0.161838
0.140037
0.11168
0.0788848
0.0440689
0.00920284
-0.0246003
-0.0570147
-0.0862745
-0.109422
-0.12503
-0.133645
-0.137335
-0.138525
-0.139318
-0.140921
-0.143762
-0.148188
-0.155478
-0.16674
-0.182055
-0.20053
-0.2209
-0.241907
-0.262738
-0.282985
-0.302716
-0.322089
-0.34052
-0.353717
-0.356583
-0.347323
-0.327423
-0.300463
-0.27038
-0.240311
-0.211957
-0.185671
-0.160851
-0.136533
-0.111881
-0.0873612
-0.0648957
-0.0461926
-0.0317752
-0.0210014
-0.0125999
-0.00518266
0.00231204
0.0109308
0.0217283
0.0352134
0.0510958
0.0686057
0.0868248
0.105043
0.122845
0.140179
0.157077
0.171454
0.176899
0.167387
0.1415
0.102032
0.0540743
0.00238623
-0.0499729
-0.10153
-0.152102
-0.202189
-0.252562
-0.303721
-0.355103
-0.402637
-0.441379
-0.468097
-0.480223
-0.477425
-0.462452
-0.439741
-0.413821
-0.388006
-0.363937
-0.339968
-0.312728
-0.280094
-0.241673
-0.198675
-0.153036
-0.108506
-0.0694828
-0.0383313
-0.0148041
0.00322792
0.0185568
0.0335779
0.0490306
0.0617856
0.0673061
0.0635088
0.0509075
0.032056
0.0099916
-0.0125363
-0.033963
-0.0536592
-0.071888
-0.0856133
-0.0903124
-0.08425
-0.0685768
-0.0463404
-0.0199047
0.0102458
0.0442236
0.0818175
0.122309
0.164789
0.208295
0.252164
0.295903
0.339447
0.382734
0.425794
0.463292
0.487602
0.495472
0.487671
0.465823
0.431802
0.388981
0.341008
0.291144
0.241385
0.192625
0.144866
0.0982779
0.0530128
0.00897463
-0.0341925
-0.0768365
-0.118685
-0.158185
-0.193801
-0.225123
-0.252841
-0.278181
-0.300476
-0.316521
-0.323758
-0.32195
-0.312656
-0.297102
-0.276186
-0.251218
-0.223676
-0.194898
-0.165803
-0.136867
-0.108217
-0.0809901
-0.0571391
-0.0377068
-0.0225295
-0.010491
-0.00153379
0.00364627
0.00502391
0.00324393
-0.00060103
-0.00543297
-0.0103824
-0.0143417
-0.0153088
-0.0116583
-0.003186
0.00909792
0.0236135
0.0388292
0.053696
0.0677453
0.081034
0.0938837
0.106711
0.119795
0.133229
0.145423
0.15308
0.153682
0.14691
0.134264
0.118169
0.100944
0.0842572
0.0688779
0.0564687
0.0493382
0.0484761
0.0532087
0.0617558
0.0720818
0.0825551
0.0922449
0.10095
0.108914
0.116195
0.121105
0.121447
0.116425
0.106666
0.0937143
0.0792938
0.0647803
0.0509522
0.0379794
0.0256407
0.0135159
0.00125691
-0.0113824
-0.0244011
-0.0377466
-0.0511971
-0.0645336
-0.0741826
-0.0752007
-0.0655569
-0.046217
-0.0202392
0.00884106
0.0381084
0.0658842
0.0916477
0.112855
0.125287
0.126914
0.118547
0.10315
0.0842031
0.0647008
0.0463713
0.0297969
0.0151343
0.00321897
-0.00525517
-0.010403
-0.0130525
-0.0142694
-0.0150345
-0.0159581
-0.0173027
-0.0190074
-0.020882
-0.0227166
-0.0248886
-0.0288007
-0.0358636
-0.0464765
-0.0601144
-0.0756953
-0.0920747
-0.108383
-0.124153
-0.139262
-0.151956
-0.159711
-0.161637
-0.15835
-0.151595
-0.143233
-0.134838
-0.127212
-0.12055
-0.113628
-0.104487
-0.091814
-0.0754966
-0.0563253
-0.0355612
-0.0143647
0.00643293
0.0265175
0.0458763
0.0636249
0.0767006
0.082232
0.0795825
0.0702066
0.0566386
0.0414853
0.0266278
0.0130203
0.00069708
-0.0107657
-0.0214351
-0.0288658
-0.0299015
-0.0233712
-0.0101283
0.00765048
0.0275289
0.0475373
0.0665732
0.0843719
0.101265
0.117794
0.133683
0.146961
0.155551
0.158827
0.157535
0.153269
0.147715
0.142199
0.137413
0.133494
0.130168
0.127036
0.123725
0.120049
0.115988
0.112153
0.1097
0.109534
0.111797
0.11603
0.12142
0.127209
0.132806
0.137927
0.140951
0.13974
0.13354
0.122941
0.109432
0.0946373
0.0798579
0.0657912
0.052578
0.0399616
0.0275407
0.0149551
0.00200093
-0.011338
-0.0247463
-0.0370285
-0.0468355
-0.0536761
-0.057883
-0.0603426
-0.0620332
-0.063751
-0.0659219
-0.0686394
-0.071744
-0.0749911
-0.0781793
-0.0819857
-0.088651
-0.100361
-0.117694
-0.139771
-0.164851
-0.191136
-0.217246
-0.242499
-0.266732
-0.288519
-0.303331
-0.306929
-0.298442
-0.280029
-0.255482
-0.228624
-0.202254
-0.177727
-0.155117
-0.133709
-0.112566
-0.0915582
-0.0721232
-0.0559907
-0.0438402
-0.035287
-0.0292444
-0.0253438
-0.0243822
-0.0271217
-0.0334976
-0.0427366
-0.0537076
-0.0653569
-0.0769196
-0.0880536
-0.0987226
-0.109129
-0.11947
-0.129495
-0.137047
-0.13953
-0.135988
-0.127115
-0.114671
-0.100622
-0.0865451
-0.073298
-0.0605947
-0.0468143
-0.0302182
-0.0100908
0.013261
0.0388054
0.0653714
0.0919365
0.117971
0.14328
0.167924
0.187891
0.196286
0.189228
0.167236
0.134273
0.0954614
0.0553991
0.0169528
-0.0188115
-0.0523096
-0.0838867
-0.112583
-0.137133
-0.157377
-0.174031
-0.188428
-0.201794
-0.215041
-0.225947
-0.230765
-0.22771
-0.217217
-0.201406
-0.182868
-0.163891
-0.145843
-0.129212
-0.113767
-0.100457
-0.090861
-0.0854862
-0.083798
-0.0845565
-0.0864445
-0.0884027
-0.0898733
-0.0907242
-0.0911509
-0.0914452
-0.0918847
-0.0926083
-0.0936396
-0.0948828
-0.0962221
-0.0975016
-0.0978713
-0.0950742
-0.0870612
-0.0733913
-0.055077
-0.0339041
-0.011684
0.0102635
0.0312987
0.0513981
0.0709104
0.0902648
0.108845
0.12405
0.133258
0.135737
0.132491
0.125582
0.117148
0.108862
0.101554
0.0953436
0.0889538
0.0805956
0.0692541
0.0549419
0.0384577
0.0226242
0.0109406
0.00507174
0.00480058
0.00847636
0.0140735
0.0197892
0.0245399
0.0265848
0.0232972
0.0130435
-0.00381818
-0.0255141
-0.0497136
-0.0744315
-0.0983807
-0.120819
-0.140262
-0.155288
-0.165763
-0.172644
-0.177416
-0.181501
-0.185864
-0.190939
-0.196669
-0.202708
-0.207127
-0.207049
-0.200891
-0.188868
-0.172573
-0.154063
-0.13517
-0.117023
-0.100018
-0.0839455
-0.0683276
-0.0526432
-0.0365628
-0.0199621
-0.00290342
0.0153922
0.0363308
0.0606742
0.0882537
0.118146
0.148392
0.175605
0.196951
0.211698
0.220987
0.226953
0.231795
0.237102
0.243611
0.250515
0.256201
0.259594
0.260418
0.259142
0.256585
0.253613
0.250844
0.248591
0.246854
0.245464
0.244165
0.242772
0.241146
0.238815
0.233529
0.222693
0.205498
0.182796
0.156527
0.128731
0.101041
0.0742728
0.0486246
0.024375
0.00416708
-0.00882418
-0.0136117
-0.011339
-0.00445213
0.0044155
0.012985
0.0189884
0.0208504
0.0185219
0.0130521
0.00598394
-0.00131362
-0.00796446
-0.013694
-0.0186741
-0.0232765
-0.0270332
-0.027743
-0.0231813
-0.0127434
0.00266275
0.021251
0.0411482
0.0609335
0.0798659
0.0978538
0.115197
0.1323
0.147679
0.158392
0.162683
0.160622
0.15379
0.144303
0.134131
0.124531
0.116026
0.108473
0.101433
0.0943747
0.0869547
0.0790147
0.0706414
0.061997
0.0533138
0.0447211
0.0363273
0.0280893
0.0199227
0.0100634
-0.00392679
-0.0230838
-0.04697
-0.0741169
-0.102805
-0.131603
-0.159674
-0.186477
-0.210687
-0.230901
-0.246932
-0.259556
-0.270094
-0.278627
-0.283591
-0.283547
-0.278345
-0.268962
-0.256995
-0.243992
-0.231116
-0.218911
-0.20741
-0.195134
-0.179714
-0.159703
-0.13509
-0.106995
-0.077005
-0.0465787
-0.0166765
0.0123319
0.0405524
0.0683567
0.0961082
0.123051
0.146324
0.163114
0.172638
0.176018
0.175473
0.173337
0.171382
0.170523
0.170872
0.172038
0.173414
0.174166
0.172351
0.166013
0.154665
0.139127
0.120997
0.101901
0.0830602
0.0650581
0.047936
0.0313723
0.0150526
-0.00121747
-0.0175444
-0.0339547
-0.0504203
-0.0668801
-0.083284
-0.0995958
-0.115822
-0.131977
-0.148104
-0.164219
-0.180366
-0.196526
-0.212653
-0.226798
-0.235734
-0.237628
-0.232686
-0.222714
-0.210063
-0.196847
-0.184394
-0.173192
-0.16304
-0.153406
-0.143719
-0.13359
-0.122888
-0.111694
-0.100234
-0.0887798
-0.0789098
-0.0727243
-0.071037
-0.0734241
-0.0785512
-0.0849421
-0.0913462
-0.0971032
-0.102025
-0.106361
-0.110452
-0.114621
-0.117358
-0.115892
-0.108523
-0.0953022
-0.0776572
-0.0575636
-0.0368376
-0.0166708
0.00246685
0.0206917
0.0384337
0.0561763
0.0742384
0.0921259
0.108003
0.120043
0.127665
0.131389
0.132274
0.131499
0.13012
0.128843
0.127978
0.127517
0.127391
0.128001
0.129921
0.133335
0.138059
0.143658
0.149667
0.155711
0.161589
0.167252
0.172761
0.178219
0.183724
0.189331
0.195039
0.200789
0.205541
0.20758
0.205946
0.200734
0.192897
0.183655
0.174126
0.164996
0.156533
0.148616
0.140984
0.133313
0.125363
0.115421
0.100815
0.0801165
0.0536263
0.0229581
-0.00986303
-0.0430568
-0.0755463
-0.106957
-0.137507
-0.167648
-0.197832
-0.226983
-0.253213
-0.27561
-0.294341
-0.310428
-0.325118
-0.339493
-0.352767
-0.362181
-0.365395
-0.361941
-0.353018
-0.340716
-0.327141
-0.313856
-0.301596
-0.290051
-0.277042
-0.259953
-0.23766
-0.210551
-0.180132
-0.14814
-0.11609
-0.084879
-0.0566111
-0.0336956
-0.016792
-0.00498067
0.00362837
0.0109834
0.0185658
0.0270992
0.0366513
0.0468199
0.0562538
0.0627632
0.0648415
0.0623734
0.0563979
0.0484552
0.0400041
0.0320256
0.0249641
0.0199014
0.0189121
0.0233653
0.0331306
0.0468661
0.0627846
0.0792601
0.0952597
0.110379
0.124745
0.138735
0.152779
0.167116
0.18095
0.191643
0.196655
0.195253
0.188417
0.178109
0.166406
0.154882
0.144355
0.134924
0.126231
0.117747
0.109027
0.0998264
0.0901333
0.0800874
0.0699036
0.059763
0.0497856
0.0399892
0.0303425
0.020798
0.0122188
0.00647632
0.00497105
0.00783535
0.0141351
0.0224392
0.0313754
0.0399957
0.0478837
0.0550775
0.0618712
0.0686261
0.0756083
0.0829424
0.0905825
0.0981563
0.104258
0.10731
0.106763
0.103057
0.0972742
0.0905946
0.0839634
0.0778817
0.0724598
0.0677907
0.0643959
0.0627648
0.0629241
0.0644962
0.0669132
0.0696355
0.0722869
0.0747003
0.0768771
0.078926
0.0809615
0.0828873
0.0837899
0.0825529
0.0787586
0.07269
0.0650892
0.0567942
0.048506
0.0413778
0.0368072
0.0354054
0.0368897
0.0403358
0.044674
0.0486519
0.0507428
0.0498463
0.0459048
0.0396266
0.032095
0.0242867
0.016862
0.0100508
0.00377488
-0.00223506
-0.00826524
-0.0148099
-0.0233188
-0.0353874
-0.0514328
-0.0708724
-0.0924409
-0.114877
-0.13716
-0.158838
-0.179778
-0.199404
-0.213882
-0.218708
-0.212403
-0.196443
-0.174149
-0.149114
-0.124157
-0.100779
-0.0792563
-0.0590221
-0.0391947
-0.0189942
0.00201073
0.0238671
0.0463444
0.069082
0.0917604
0.114169
0.136266
0.158099
0.179811
0.201482
0.22251
0.239506
0.248486
0.248083
0.239449
0.225389
0.20894
0.192556
0.17752
0.164123
0.151904
0.141447
0.134264
0.13123
0.13213
0.135939
0.141332
0.147164
0.152686
0.157638
0.162083
0.166254
0.169117
0.168688
0.163787
0.154512
0.141966
0.127628
0.112834
0.0984523
0.0848142
0.0718293
0.0591729
0.0465033
0.0335639
0.0202978
0.00723516
-0.00310186
-0.00779292
-0.00580357
0.00207688
0.0138569
0.0273526
0.0408043
0.0532693
0.0645476
0.0749871
0.085131
0.09548
0.106271
0.116411
0.123381
0.125232
0.121591
0.113524
0.102777
0.0911128
0.0797739
0.0693633
0.0598676
0.0509474
0.0421272
0.0330632
0.0235587
0.0136512
0.00350022
-0.00553228
-0.0113571
-0.0127795
-0.00992545
-0.00391651
0.00375404
0.011759
0.0192525
0.0259375
0.0319393
0.0376074
0.0433045
0.049285
0.0556316
0.0622922
0.0691256
0.075988
0.082765
0.0894136
0.0959359
0.102383
0.108803
0.115249
0.121735
0.128272
0.134838
0.141392
0.147068
0.150129
0.149291
0.144449
0.136472
0.126684
0.116342
0.106314
0.0969694
0.0882693
0.0799324
0.0716291
0.0631076
0.0542643
0.0451246
0.0358025
0.0264292
0.0171159
0.00791413
-0.00117219
-0.0101807
-0.019157
-0.0281469
-0.0371728
-0.0462442
-0.0553448
-0.0644626
-0.0735781
-0.0826837
-0.0917719
-0.100849
-0.109917
-0.118986
-0.128057
-0.137134
-0.146215
-0.155302
-0.164386
-0.173473
-0.182555
-0.191639
-0.200717
-0.20977
-0.21802
-0.223877
-0.226165
-0.22478
-0.220521
-0.214591
-0.208066
-0.201368
-0.194405
-0.186995
-0.179013
-0.17047
-0.161473
-0.152191
-0.142789
-0.133401
-0.12409
-0.114875
-0.105727
-0.0966085
-0.0874808
-0.0783227
-0.0691269
-0.059904
-0.050666
-0.0414284
-0.0322208
-0.0235892
-0.0170565
-0.0140448
-0.0148744
-0.0188859
-0.0248668
-0.0315922
-0.0381486
-0.0440973
-0.0494054
-0.0542893
-0.0585259
-0.060872
-0.0600459
-0.0557262
-0.048462
-0.0393241
-0.0294079
-0.0195569
-0.0101909
-0.00137824
0.00707663
0.0154299
0.0238946
0.0319064
0.0380827
0.0413135
0.0414054
0.0389535
0.0349628
0.0304254
0.0260626
0.0222082
0.0188723
0.0158527
0.012897
0.00979645
0.00645647
0.00288069
-0.000848177
-0.00462209
-0.00811274
-0.0106055
-0.0114634
-0.0105709
-0.00824886
-0.00506674
-0.00158043
0.00179824
0.00488579
0.00767551
0.0102881
0.0128649
0.0155291
0.0183302
0.0212688
0.0242931
0.0273498
0.030383
0.0333715
0.0363055
0.0392051
0.0420851
0.0449715
0.0478701
0.0507913
0.0537135
0.0563579
0.0579246
0.0576808
0.0554492
0.0515755
0.0466779
0.0413978
0.0362004
0.0313214
0.0267718
0.0224361
0.0181461
0.0137734
0.00924548
0.00456891
-0.000213657
-0.00503027
-0.00983053
-0.0145763
-0.0192676
-0.0239126
-0.0285408
-0.0331679
-0.0378151
-0.0424796
-0.047165
-0.0518561
-0.0565521
-0.0612392
-0.0659231
-0.070596
-0.0752698
-0.0799369
-0.0845938
-0.0887721
-0.0915283
-0.0921533
-0.0905925
-0.0873121
-0.0830402
-0.0784573
-0.0740462
-0.0700029
-0.0663159
-0.0628231
-0.0593553
-0.0557761
-0.0523547
-0.0495558
-0.0476375
-0.0465821
-0.0461758
-0.0461194
-0.04615
-0.0460879
-0.0458713
-0.0455133
-0.0450857
-0.0446535
-0.0442753
-0.0439634
-0.0437174
-0.0435036
-0.0433014
-0.0430802
-0.0428396
-0.0425695
-0.042289
-0.041997
-0.0417158
-0.0414114
-0.0404547
-0.0370122
-0.0293994
-0.0172066
-0.00123118
0.0171081
0.0363293
0.0553684
0.0736711
0.091225
0.108275
0.125235
0.142367
0.159763
0.174396
0.181859
0.180216
0.170116
0.154123
0.135245
0.116078
0.0981003
0.0817859
0.066775
0.0535879
0.043249
0.0360535
0.0315464
0.0288284
0.0271485
0.0267929
0.0285625
0.0327729
0.0391951
0.0471781
0.055982
0.0649618
0.0737364
0.0821604
0.0903018
0.0983024
0.106331
0.114483
0.122803
0.131249
0.139776
0.148301
0.156796
0.165221
0.173555
0.180479
0.183806
0.182296
0.176109
0.166481
0.15503
0.143193
0.131881
0.121419
0.111673
0.102276
0.0928386
0.083097
0.0729625
0.0624947
0.0518439
0.0411653
0.0305934
0.0205677
0.0121903
0.00644356
0.00351004
0.0028599
0.00359859
0.00482786
0.00590517
0.00652414
0.0066861
0.00656523
0.00639863
0.00636188
0.00655124
0.00694687
0.00748857
0.00806753
0.00859285
0.00822542
0.0058364
0.000975553
-0.00611405
-0.0147152
-0.0240112
-0.0333306
-0.0422979
-0.0508226
-0.0590224
-0.0670997
-0.0752413
-0.0835612
-0.0920801
-0.100753
-0.109496
-0.118235
-0.126916
-0.135527
-0.14407
-0.152553
-0.160158
-0.165173
-0.166326
-0.163506
-0.157567
-0.149818
-0.141503
-0.133489
-0.126145
-0.119438
-0.113089
-0.106779
-0.100249
-0.0933105
-0.0855359
-0.0765292
-0.0662387
-0.0549395
-0.0430396
-0.0309583
-0.0189555
-0.007177
0.00434406
0.0137883
0.018094
0.0155435
0.0063817
-0.00762988
-0.0242131
-0.0413372
-0.0577285
-0.0729298
-0.087135
-0.100859
-0.114646
-0.128827
-0.142532
-0.153606
-0.160329
-0.162341
-0.160512
-0.156328
-0.1513
-0.146519
-0.142514
-0.139301
-0.136589
-0.133986
-0.131179
-0.128008
-0.124482
-0.120691
-0.116679
-0.112446
-0.108025
-0.103466
-0.0988302
-0.0941619
-0.0894918
-0.0848274
-0.0801686
-0.0755052
-0.0708331
-0.0661482
-0.0614528
-0.0567498
-0.0520457
-0.0473432
-0.0426452
-0.0379505
-0.0332595
-0.0285693
-0.0238811
-0.0192402
-0.014874
-0.0110487
-0.00785171
-0.00520498
-0.00291847
-0.000790012
0.00134609
0.00357252
0.00591001
0.00832075
0.0107599
0.0131749
0.0155477
0.0178822
0.0206105
0.0245968
0.0304932
0.038359
0.0477816
0.0581031
0.0687106
0.079162
0.0892832
0.0990744
0.108693
0.11826
0.12735
0.133253
0.132767
0.12476
0.11014
0.0911341
0.0701908
0.0492654
0.0294207
0.0108717
-0.00675012
-0.0240589
-0.0415891
-0.0596132
-0.0767273
-0.0906917
-0.100413
-0.106031
-0.108685
-0.109785
-0.11062
-0.111952
-0.114059
-0.116172
-0.117094
-0.116093
-0.113108
-0.108584
-0.10321
-0.0976265
-0.0922806
-0.0873469
-0.0827956
-0.0784582
-0.0741548
-0.0697381
-0.0651521
-0.0604017
-0.0555527
-0.0506674
-0.0457171
-0.0405648
-0.0351318
-0.0294017
-0.0234459
-0.0173475
-0.0112067
-0.00507538
0.00100681
0.00705253
0.0130655
0.0190826
0.0251046
0.0311575
0.0372423
0.0439505
0.0521002
0.0620421
0.0736076
0.086298
0.0995107
0.112768
0.125773
0.138472
0.150921
0.163215
0.173507
0.178582
0.176593
0.167726
0.153772
0.137077
0.119769
0.103186
0.087839
0.0735365
0.0597621
0.0459378
0.0316854
0.0168558
0.00154653
-0.0140445
-0.0296718
-0.0451791
-0.0604743
-0.0755873
-0.0905667
-0.105521
-0.120494
-0.135555
-0.150666
-0.165764
-0.178467
-0.185412
-0.185196
-0.178421
-0.167138
-0.153709
-0.140127
-0.127519
-0.1162
-0.105845
-0.0958871
-0.0857613
-0.0751421
-0.0639365
-0.0522868
-0.04041
-0.0285447
-0.0168314
-0.00533661
0.00598304
0.0171657
0.0276023
0.0353465
0.0385749
0.036843
0.0309976
0.0225759
0.0131703
0.00394855
-0.00449783
-0.0121324
-0.0192353
-0.0262218
-0.0334073
-0.0409793
-0.0489133
-0.0570675
-0.0639792
-0.0676678
-0.0672839
-0.0631492
-0.0564266
-0.0484745
-0.040443
-0.0329855
-0.0262869
-0.0201589
-0.0142725
-0.00829482
-0.00203456
0.00456741
0.0114278
0.0184264
0.0254167
0.0323257
0.0391018
0.0457365
0.0510395
0.0530203
0.0505533
0.0437976
0.0338882
0.0223128
0.0103821
-0.00106389
-0.0116875
-0.0202385
-0.0247452
-0.0242699
-0.0191957
-0.0109004
-0.000993506
0.00914142
0.0187158
0.027475
0.0356232
0.0435134
0.0515291
0.0598697
0.0686128
0.0776429
0.0868396
0.0960129
0.105035
0.112094
0.114709
0.111881
0.104134
0.0930366
0.0803873
0.0676669
0.0557079
0.0447173
0.0344404
0.0244383
0.0142964
0.00376709
-0.00720093
-0.0185042
-0.0299663
-0.0414178
-0.0527451
-0.0639115
-0.0749416
-0.0858726
-0.0961207
-0.103914
-0.107565
-0.106686
-0.102034
-0.0950369
-0.087132
-0.0794111
-0.0723879
-0.0661245
-0.0603672
-0.0557172
-0.0534584
-0.0543499
-0.058278
-0.0644684
-0.0718925
-0.0796448
-0.0871275
-0.0941303
-0.100726
-0.107739
-0.11626
-0.126814
-0.139292
-0.153135
-0.167639
-0.182205
-0.196463
-0.210312
-0.223826
-0.237197
-0.250568
-0.263588
-0.273954
-0.278928
-0.277533
-0.270521
-0.259776
-0.24737
-0.234972
-0.223483
-0.213102
-0.203507
-0.194189
-0.184681
-0.174737
-0.164395
-0.153886
-0.143445
-0.133237
-0.123313
-0.113632
-0.104101
-0.0946175
-0.0851009
-0.0755098
-0.0658452
-0.0561259
-0.0463912
-0.0366864
-0.0277152
-0.020463
-0.0153258
-0.0121173
-0.0102236
-0.00895014
-0.0077091
-0.00617626
-0.00426263
-0.00206959
0.00023754
0.0024907
0.00459658
0.00652897
0.00833156
0.0100697
0.0118111
0.0136036
0.0155915
0.0183722
0.0226384
0.0285961
0.0360188
0.0443844
0.0531505
0.0618818
0.0703538
0.0782024
0.0849891
0.0905427
0.0950242
0.0987933
0.102251
0.105707
0.109332
0.113151
0.117104
0.121092
0.125034
0.128882
0.132634
0.136317
0.139974
0.143639
0.147335
0.151067
0.154827
0.158603
0.16237
0.165953
0.168533
0.169157
0.167516
0.163897
0.158991
0.153526
0.148089
0.142985
0.138277
0.133835
0.129487
0.125076
0.121029
0.11818
0.117065
0.117696
0.119669
0.1224
0.125349
0.128148
0.130647
0.132869
0.134938
0.136997
0.139154
0.141448
0.143868
0.146364
0.148881
0.15137
0.153811
0.156202
0.158561
0.160906
0.163259
0.165626
0.168015
0.170414
0.172821
0.175226
0.177629
0.180016
0.182211
0.183697
0.184007
0.183028
0.180986
0.178281
0.175328
0.172426
0.169731
0.167246
0.164903
0.162584
0.160197
0.15719
0.152728
0.146363
0.138199
0.128735
0.118611
0.108374
0.098366
0.0886942
0.079297
0.0700202
0.0607198
0.0512879
0.041716
0.0323188
0.0245926
0.0202607
0.0199225
0.023093
0.0285781
0.0350751
0.0415383
0.0474118
0.0525795
0.0572547
0.0617566
0.0663874
0.0713052
0.0765458
0.082006
0.0873369
0.0913049
0.0925526
0.0906237
0.085932
0.0794381
0.0721837
0.0649885
0.0582839
0.052146
0.0463991
0.0407792
0.0350502
0.0290839
0.0228626
0.0164573
0.00997063
0.00350359
-0.00288571
-0.00917957
-0.0153985
-0.0215769
-0.0277544
-0.0339547
-0.0401908
-0.046455
-0.0527275
-0.0586984
-0.0637502
-0.0674287
-0.0696957
-0.0708587
-0.0713842
-0.0717149
-0.0721573
-0.0728424
-0.0737554
-0.0747969
-0.0758501
-0.0768269
-0.0776898
-0.0784478
-0.079141
-0.079817
-0.0805135
-0.0812497
-0.0820262
-0.0828312
-0.0836475
-0.084458
-0.0852559
-0.0860386
-0.0868099
-0.0875753
-0.0883412
-0.0891114
-0.0898873
-0.0906673
-0.0914502
-0.0922334
-0.0930155
-0.0937955
-0.0945737
-0.095351
-0.0961279
-0.0969048
-0.0976824
-0.0984611
-0.0992396
-0.100019
-0.100806
-0.10184
-0.103611
-0.106482
-0.110484
-0.115373
-0.120751
-0.125628
-0.127963
-0.125976
-0.119292
-0.108761
-0.0959005
-0.0822195
-0.0688247
-0.0562257
-0.0444346
-0.0331329
-0.0219283
-0.0104931
0.0013148
0.0134959
0.0259117
0.0383812
0.0498249
0.0586054
0.0638239
0.0656219
0.0649317
0.0629505
0.0607258
0.0588833
0.0576213
0.0568174
0.0562054
0.0555154
0.0545791
0.0533492
0.0518859
0.0502996
0.0487059
0.0471835
0.0457652
0.0444372
0.0431653
0.0419056
0.0406266
0.0393111
0.037961
0.0365868
0.0352046
0.0338264
0.0324603
0.0311176
0.0300652
0.0300586
0.0318047
0.0354625
0.0407041
0.046926
0.0535194
0.0600299
0.0662389
0.0721298
0.0778197
0.0834642
0.0891918
0.0950407
0.100358
0.103736
0.104121
0.101363
0.0961175
0.089395
0.0822023
0.0752211
0.0687832
0.0628862
0.0582617
0.0559794
0.0563965
0.0591753
0.0635168
0.0685605
0.0736219
0.0783355
0.0826254
0.0866211
0.0905262
0.094523
0.0987118
0.103102
0.107639
0.112236
0.11682
0.121329
0.125526
0.128308
0.128409
0.125426
0.119771
0.112378
0.104245
0.0961574
0.0885246
0.0814214
0.0746763
0.0680463
0.0613088
0.0543449
0.0471394
0.0397612
0.0323094
0.0248881
0.017859
0.0118776
0.00739138
0.00440956
0.00257569
0.00138634
0.00036793
-0.000789696
-0.00221574
-0.00387827
-0.00566934
-0.00745997
-0.00916263
-0.0107384
-0.0122054
-0.0136052
-0.014993
-0.0163884
-0.0174052
-0.0168855
-0.0137403
-0.00770118
0.000749081
0.010708
0.0212473
0.031675
0.0416495
0.0511103
0.0594825
0.0648908
0.0655625
0.0611451
0.0525476
0.0413713
0.0292182
0.0172663
0.0060911
-0.00398224
-0.0124445
-0.0189342
-0.0236058
-0.0269626
-0.0296424
-0.0321708
-0.0348742
-0.037846
-0.0410303
-0.0442866
-0.0474902
-0.0505558
-0.0534746
-0.0562769
-0.0590287
-0.0617814
-0.0645797
-0.0674298
-0.0703311
-0.0732522
-0.0761834
-0.0790956
-0.0819656
-0.0839998
-0.0838913
-0.0809012
-0.075125
-0.0673009
-0.0583918
-0.049257
-0.0404356
-0.0321238
-0.0242375
-0.0165613
-0.00885828
-0.000976294
0.00711604
0.0146425
0.0199942
0.0219553
0.0203578
0.0159311
0.0098342
0.00319882
-0.00318238
-0.00895244
-0.0141324
-0.018963
-0.0237433
-0.0287031
-0.0339485
-0.0394604
-0.0451441
-0.05088
-0.0565697
-0.0621615
-0.0676497
-0.073066
-0.0784501
-0.0838452
-0.0892692
-0.0947034
-0.0993013
-0.101642
-0.100922
-0.0972197
-0.0913215
-0.0842435
-0.0769193
-0.0699188
-0.0634806
-0.0577695
-0.0538324
-0.052888
-0.0552656
-0.0604525
-0.0674391
-0.075173
-0.0828549
-0.0900758
-0.0967806
-0.103146
-0.109427
-0.115838
-0.122492
-0.12939
-0.136459
-0.14359
-0.150695
-0.157717
-0.164649
-0.171508
-0.178338
-0.185166
-0.191991
-0.197979
-0.2014
-0.200966
-0.196554
-0.189016
-0.179662
-0.169741
-0.160119
-0.151172
-0.142865
-0.134924
-0.127021
-0.118905
-0.110472
-0.101745
-0.0928353
-0.083867
-0.0747951
-0.0652275
-0.0547602
-0.0432893
-0.0317713
-0.0221872
-0.0161009
-0.013879
-0.0148224
-0.0176873
-0.0212083
-0.0244724
-0.027046
-0.02893
-0.030384
-0.0317509
-0.0333044
-0.035309
-0.0379421
-0.0411802
-0.0448537
-0.0487351
-0.0526278
-0.0564121
-0.0600552
-0.0635886
-0.0670738
-0.0705725
-0.0741227
-0.0777369
-0.0814003
-0.0850924
-0.088779
-0.0923059
-0.094982
-0.0960183
-0.0951595
-0.0926526
-0.0890721
-0.0850316
-0.081019
-0.0772869
-0.0738833
-0.0707041
-0.0675989
-0.0644273
-0.0611175
-0.0576573
-0.0540913
-0.0504773
-0.0468754
-0.0433178
-0.0398179
-0.0363606
-0.0329281
-0.0294949
-0.0260494
-0.0225821
-0.0190985
-0.0156031
-0.0121072
-0.00861359
-0.00512818
-0.00164862
0.00182587
0.00529968
0.00874848
0.0114815
0.0120565
0.00942249
0.00347668
-0.00503185
-0.0144008
-0.021821
-0.0249432
-0.0230704
-0.0170035
-0.00835209
0.00118309
0.0103587
0.0185516
0.0255318
0.0305419
0.0327727
0.032174
0.0293361
0.0251718
0.0205455
0.0160555
0.011966
0.0082576
0.00475891
0.0012543
-0.0024032
-0.00628565
-0.0103553
-0.0145185
-0.0178782
-0.0192189
-0.0180304
-0.0145231
-0.00942208
-0.00356993
0.00232579
0.00786284
0.0129334
0.0176532
0.0222302
0.0268635
0.0316776
0.0366981
0.0418659
0.0466516
0.05033
0.0525835
0.0535045
0.0535007
0.0530474
0.0525604
0.0522728
0.0522603
0.0524537
0.0527427
0.052994
0.0529607
0.0517361
0.0483224
0.0424214
0.0343919
0.0249978
0.0150427
0.00515125
-0.00436098
-0.013445
-0.0222469
-0.0309635
-0.0397801
-0.0487678
-0.0576229
-0.0647397
-0.0682415
-0.0674548
-0.0628774
-0.0557828
-0.0475714
-0.0393774
-0.0318073
-0.0249991
-0.0187269
-0.0126576
-0.00662994
-0.00127839
0.00249156
0.00427285
0.00421635
0.00285826
0.000846277
-0.00127109
-0.00316179
-0.00472227
-0.00601736
-0.00719439
-0.00839865
-0.00972733
-0.0112061
-0.0128076
-0.0144719
-0.0161411
-0.017771
-0.0193472
-0.020873
-0.0223712
-0.0238606
-0.0253628
-0.0268816
-0.0284104
-0.0296348
-0.0300372
-0.0293197
-0.0275141
-0.0249044
-0.0218657
-0.0187347
-0.0157253
-0.0129156
-0.010275
-0.00771779
-0.0051535
-0.00251924
0.000206725
0.003011
0.00585874
0.00871378
0.0115477
0.0143505
0.0171205
0.0198725
0.0226122
0.0252208
0.0270633
0.0273943
0.025964
0.0229897
0.0190025
0.0145695
0.0101545
0.00599056
0.00213746
-0.00146985
-0.00391613
-0.00356915
0.000492839
0.00814582
0.0184405
0.0301532
0.04218
0.0538353
0.0648571
0.0753534
0.0855824
0.0958513
0.10634
0.117098
0.127113
0.134911
0.139802
0.141948
0.142146
0.141371
0.14047
0.139949
0.139968
0.140416
0.141062
0.141667
0.142079
0.14225
0.142227
0.1421
0.141965
0.141888
0.1419
0.141988
0.142124
0.142271
0.142403
0.142504
0.142576
0.142627
0.142671
0.142718
0.142776
0.142844
0.142922
0.143002
0.143083
0.14316
0.143234
0.143305
0.143372
0.143441
0.143509
0.14358
0.143651
0.143724
0.143796
0.143869
0.14394
0.143992
0.143458
0.141173
0.136275
0.128693
0.119006
0.1081
0.096817
0.0857438
0.0751229
0.0649511
0.0554126
0.0481117
0.0450051
0.046725
0.0526532
0.061343
0.0712538
0.0811461
0.0903796
0.0988092
0.106695
0.114378
0.121859
0.127598
0.129634
0.127192
0.12073
0.111524
0.101035
0.0904528
0.0804595
0.0712274
0.0625648
0.0541229
0.0455758
0.0367242
0.0275277
0.0180631
0.00848726
-0.00069536
-0.00834163
-0.0134428
-0.0157903
-0.0158869
-0.0146129
-0.0128545
-0.0112525
-0.0101128
-0.00943907
-0.00905537
-0.00872638
-0.00827036
-0.00759275
-0.00670659
-0.00567452
-0.004599
-0.00356838
-0.0031397
-0.00404593
-0.0065694
-0.0105438
-0.0154935
-0.0208844
-0.0262791
-0.0314387
-0.0363068
-0.040965
-0.0455453
-0.0501725
-0.0549175
-0.0597938
-0.0647694
-0.0697768
-0.074393
-0.0775349
-0.0782107
-0.0762038
-0.0719839
-0.0664021
-0.0603165
-0.0543619
-0.0488407
-0.0437708
-0.0389829
-0.0342573
-0.0294109
-0.0243564
-0.0190955
-0.0136979
-0.00824985
-0.00283109
0.00251397
0.00765772
0.0124515
0.0168549
0.0209303
0.0247997
0.0285899
0.0323953
0.036263
0.0401964
0.0441723
0.0481568
0.0521248
0.0560611
0.0599674
0.0638516
0.06773
0.0716074
0.0753985
0.0786458
0.0808153
0.0817245
0.0815293
0.0806069
0.0793667
0.0781366
0.0770893
0.0762611
0.0755859
0.0749632
0.0742992
0.0735443
0.0726894
0.0717629
0.0708031
0.0698506
0.0689272
0.0680424
0.0671858
0.0663467
0.0655068
0.0646514
0.0635481
0.0618236
0.0592685
0.0559139
0.0519739
0.0477264
0.0434171
0.0392003
0.0351298
0.0311815
0.027292
0.0233943
0.0194488
0.0155804
0.0121941
0.00968283
0.0081575
0.00746967
0.00731579
0.00737728
0.00741012
0.00729032
0.00700099
0.00659857
0.00616294
0.00576453
0.0054396
0.0051912
0.00499628
0.00482351
0.00464334
0.00443885
0.00420528
0.0039418
0.0034429
0.00211078
-0.00061651
-0.00486576
-0.0103769
-0.0166707
-0.0232629
-0.0297904
-0.0360796
-0.0421158
-0.0479929
-0.0538321
-0.0597382
-0.0657594
-0.0718982
-0.0781121
-0.0843572
-0.0905849
-0.0967554
-0.102312
-0.106134
-0.1074
-0.106057
-0.102678
-0.0981302
-0.0932301
-0.0885379
-0.0842913
-0.0804602
-0.0768613
-0.0732793
-0.0695533
-0.0656169
-0.0614888
-0.057243
-0.0529666
-0.0487293
-0.0445655
-0.0404759
-0.0364373
-0.0324183
-0.0283907
-0.0243387
-0.0202589
-0.0161581
-0.0120472
-0.00793724
-0.00383486
0.000257417
0.00434127
0.00842103
0.012488
0.0162315
0.0187653
0.0192615
0.0175284
0.0139469
0.00921701
0.00405181
-0.00101937
-0.00573757
-0.010085
-0.0141947
-0.0182514
-0.0224018
-0.0267049
-0.0306213
-0.0331927
-0.0338392
-0.0325533
-0.0298065
-0.0262453
-0.0224805
-0.0189039
-0.0156811
-0.0127671
-0.0100241
-0.00728174
-0.00443032
-0.00141517
0.00173692
0.0049781
0.00823286
0.0114617
0.0146222
0.0175575
0.019458
0.0194024
0.017086
0.0128149
0.00726442
0.00117129
-0.00489506
-0.010627
-0.0159765
-0.0210575
-0.0260581
-0.0311331
-0.0363779
-0.0417942
-0.0473422
-0.0529386
-0.0585283
-0.064055
-0.069526
-0.0749338
-0.0802812
-0.0843766
-0.0855139
-0.0829807
-0.0770887
-0.0688859
-0.0595821
-0.0501942
-0.0412984
-0.0330565
-0.025304
-0.0177525
-0.0101149
-0.00222568
0.00596198
0.0143757
0.0228796
0.0306693
0.0362517
0.0385558
0.0375047
0.0338461
0.028696
0.0231154
0.0178207
0.0131202
0.00896207
0.00511318
0.00127913
-0.00273533
-0.00699573
-0.0104563
-0.0115671
-0.00961247
-0.00476321
0.00213394
0.0100595
0.0181155
0.0257791
0.0328716
0.0395203
0.045951
0.0522337
0.0576023
0.0610442
0.06215
0.0611523
0.0587075
0.0555735
0.0523722
0.0494636
0.0469429
0.0447168
0.042607
0.0404471
0.0381299
0.035587
0.0326304
0.0290677
0.0248795
0.0201924
0.015211
0.0101302
0.00508726
0.000141775
-0.00470937
-0.00950796
-0.0143034
-0.0191342
-0.0240093
-0.0287903
-0.0330786
-0.0364988
-0.0389524
-0.0405953
-0.0417282
-0.042663
-0.0436338
-0.0447583
-0.0460485
-0.0474469
-0.0488733
-0.0502608
-0.0515747
-0.0528139
-0.0540009
-0.055168
-0.0563433
-0.0575434
-0.0587715
-0.0600214
-0.0612817
-0.0625417
-0.0637934
-0.0650355
-0.0662688
-0.0674977
-0.0687254
-0.0699557
-0.0711892
-0.0724265
-0.0736646
-0.0749047
-0.0761428
-0.0773814
-0.0786165
-0.0798534
-0.0810873
-0.0823101
-0.0831461
-0.0830597
-0.0818293
-0.0795506
-0.0765526
-0.0732108
-0.0698458
-0.0666335
-0.0636183
-0.0604863
-0.0567718
-0.0522315
-0.0468789
-0.040932
-0.0346729
-0.0283634
-0.0221605
-0.0161296
-0.010261
-0.00515817
-0.00186747
-0.000970736
-0.00237628
-0.00546578
-0.00945061
-0.0136238
-0.0175489
-0.021064
-0.0242408
-0.0272516
-0.0302893
-0.0334735
-0.0368524
-0.040387
-0.0440143
-0.0476414
-0.0510415
-0.0533188
-0.0534752
-0.0511943
-0.0468129
-0.0410708
-0.0347598
-0.0284965
-0.0226025
-0.0171291
-0.0119419
-0.00684122
-0.00165326
0.0037168
0.00927806
0.0149766
0.0207317
0.0264715
0.0321508
0.0377599
0.0433104
0.0488339
0.0543551
0.0598853
0.0651247
0.0695589
0.0728902
0.0751413
0.0765904
0.0776064
0.0785247
0.0795578
0.0807872
0.0821839
0.0836664
0.0851426
0.0865512
0.0878695
0.0891112
0.0903083
0.0914982
0.0927076
0.0939497
0.0952221
0.0965034
0.0974996
0.0974084
0.0954843
0.0915582
0.0859734
0.0793624
0.0723633
0.0654541
0.0588647
0.052611
0.046569
0.0405759
0.0344951
0.0282607
0.0218723
0.0153816
0.00885302
0.002345
-0.00411182
-0.0105097
-0.016865
-0.0231995
-0.0295376
-0.0358907
-0.0422659
-0.0486578
-0.0550605
-0.0614631
-0.0678618
-0.0742521
-0.0806367
-0.0870152
-0.0933946
-0.0997582
-0.10569
-0.11
-0.111583
-0.110181
-0.106306
-0.100893
-0.0948989
-0.0890312
-0.0836366
-0.0787388
-0.0741586
-0.0696507
-0.065015
-0.0601498
-0.0550583
-0.0498119
-0.0445101
-0.0392359
-0.0340528
-0.029298
-0.0258864
-0.0246531
-0.0257675
-0.0288041
-0.033019
-0.0376642
-0.0421958
-0.0463526
-0.0501261
-0.0536602
-0.0571488
-0.0607433
-0.064522
-0.0684748
-0.072549
-0.0766519
-0.0805016
-0.0829868
-0.0828571
-0.0797128
-0.0739583
-0.0665106
-0.0583473
-0.0502397
-0.0425857
-0.035457
-0.0286845
-0.0220259
-0.0152585
-0.00826924
-0.00103934
0.006358
0.0138321
0.021277
0.0284859
0.034667
0.0389447
0.0410504
0.0412933
0.040336
0.0388826
0.0374779
0.0364035
0.0357014
0.0352501
0.034872
0.0344132
0.0337913
0.0329994
0.0320867
0.0311249
0.0301782
0.0292858
0.0284569
0.0276782
0.0269244
0.026171
0.0254003
0.0246072
0.0237937
0.0229693
0.022142
0.0213203
0.0205059
0.0197002
0.0188979
0.0180989
0.0173068
0.0167869
0.017083
0.0186005
0.0213727
0.0251321
0.0294605
0.0339548
0.0379853
0.0409239
0.0425723
0.0431087
0.0429506
0.0425325
0.0421928
0.0420928
0.0422465
0.0425606
0.0429172
0.0432121
0.0433971
0.0434673
0.0434617
0.0434247
0.0434025
0.0434153
0.043473
0.0435606
0.0436668
0.0437681
0.0438616
0.0439354
0.0439817
0.0434905
0.0416163
0.0378787
0.0323382
0.0254697
0.017897
0.0101752
0.00265538
-0.00453651
-0.0114515
-0.0182319
-0.0250268
-0.0319403
-0.039004
-0.0461827
-0.0530514
-0.0587878
-0.0627874
-0.0649805
-0.0657516
-0.0656949
-0.0653845
-0.0652171
-0.0653672
-0.0658168
-0.0664397
-0.0670824
-0.0676302
-0.0680304
-0.0682946
-0.0684726
-0.0686269
-0.0688057
-0.069036
-0.0693178
-0.0696377
-0.0699713
-0.070301
-0.0706176
-0.0710515
-0.0717953
-0.072935
-0.0744439
-0.0762121
-0.0781079
-0.0800179
-0.0818768
-0.0836644
-0.085396
-0.0870976
-0.0886573
-0.0897962
-0.0903017
-0.090147
-0.0894694
-0.0884806
-0.0873884
-0.0863363
-0.0853914
-0.0845497
-0.0837695
-0.0829964
-0.0821919
-0.0813351
-0.0804314
-0.0794962
-0.078553
-0.0776172
-0.0767003
-0.0758002
-0.0749154
-0.0740339
-0.073153
-0.0722635
-0.0713593
-0.0701448
-0.0682016
-0.0653577
-0.0616921
-0.0574625
-0.0529657
-0.0484509
-0.0440583
-0.0398265
-0.035714
-0.0316505
-0.0275655
-0.0234181
-0.0191974
-0.0149213
-0.0106171
-0.0063147
-0.00203089
0.00222485
0.00645911
0.0106789
0.0148985
0.0191219
0.0233389
0.0270729
0.0293423
0.0294214
0.0272446
0.0232985
0.0183257
0.0130357
0.007918
0.00318452
-0.00118646
-0.00535114
-0.00949571
-0.0137612
-0.0182076
-0.0228208
-0.0275373
-0.0322826
-0.0369953
-0.0416456
-0.0462304
-0.0507723
-0.0552944
-0.0598259
-0.0643751
-0.0689311
-0.0729364
-0.0754621
-0.0759809
-0.0745462
-0.0716711
-0.0680256
-0.0642164
-0.0606229
-0.057388
-0.0544537
-0.0516714
-0.0488736
-0.0459521
-0.0428644
-0.0396392
-0.0363335
-0.0330173
-0.0297361
-0.0265159
-0.0233484
-0.0202183
-0.0170961
-0.0139675
-0.0108155
-0.00764583
-0.00447677
-0.00182649
-0.000741672
-0.0019978
-0.00566032
-0.0112103
-0.0178513
-0.0248288
-0.0316183
-0.0379981
-0.0439889
-0.0497621
-0.055512
-0.0613948
-0.0674686
-0.073699
-0.0793635
-0.083038
-0.0836644
-0.0811244
-0.076087
-0.0695957
-0.0626526
-0.0559544
-0.0498057
-0.0441808
-0.0388568
-0.0335692
-0.0281136
-0.022403
-0.0164534
-0.0103549
-0.00421236
0.00188456
0.00789463
0.0138111
0.0196653
0.0254907
0.0313287
0.0371869
0.042916
0.0477309
0.0507211
0.0515702
0.0505432
0.0482779
0.0454727
0.0426826
0.0402058
0.0381017
0.0362596
0.0345065
0.0326856
0.0307091
0.0285639
0.026295
0.0239711
0.0216574
0.0193946
0.0171943
0.0150451
0.0129227
0.0108024
0.00866671
0.00650868
0.00433036
0.0021403
-5.31028e-05
-0.00224176
-0.00442331
-0.00659644
-0.00876505
-0.010931
-0.0130991
-0.0152684
-0.0174423
-0.0196163
-0.0217942
-0.0239636
-0.0259769
-0.0270992
-0.0264792
-0.023832
-0.0194154
-0.0138392
-0.0077605
-0.0017033
0.00405793
0.00946639
0.0146328
0.0197166
0.0248701
0.0301681
0.03563
0.0412031
0.046803
0.0515922
0.0542434
0.0540172
0.0510099
0.0459673
0.0398524
0.0335283
0.0275295
0.0220508
0.0170009
0.0121629
0.00729516
0.00224738
-0.00304317
-0.00852732
-0.0141038
-0.0190332
-0.0221835
-0.0229187
-0.0213181
-0.0180047
-0.013794
-0.00941026
-0.00530829
-0.00164877
0.00164219
0.00475449
0.00788769
0.0111767
0.0146669
0.0183267
0.0220806
0.0258475
0.0295679
0.0332167
0.0367982
0.0403379
0.0438647
0.0474046
0.0509686
0.0545583
0.0581649
0.0617799
0.0653913
0.0689959
0.0725892
0.0761779
0.0797567
0.0832244
0.086056
0.0876438
0.0877815
0.0866541
0.0846952
0.0823768
0.0800716
0.0779777
0.0761348
0.0744664
0.0728558
0.0711976
0.0694338
0.0675564
0.0655962
0.0635994
0.0616105
0.0596563
0.0577444
0.0558665
0.0540064
0.0521478
0.0502783
0.0483936
0.0464955
0.0445894
0.0426812
0.0407761
0.0388763
0.036982
0.0350907
0.033201
0.0313104
0.0294185
0.0275239
0.0256285
0.0237319
0.0218362
0.01994
0.0180454
0.0161507
0.0142573
0.0123626
0.0104692
0.00857364
0.00668009
0.00478371
0.00289034
0.00100568
-0.000551909
-0.00133236
-0.00114734
-7.97624e-05
0.00159498
0.00355804
0.00554192
0.00739467
0.00907492
0.0106256
0.0121236
0.013644
0.0152314
0.0168969
0.0186227
0.020378
0.0221326
0.0238658
0.0255708
0.0272511
0.0289181
0.0305822
0.0322525
0.0339325
0.0356226
0.037318
0.0390161
0.0407116
0.0424051
0.0440938
0.0457812
0.0474657
0.0491528
0.0508381
0.0525283
0.0542155
0.055888
0.0570036
0.0566665
0.0543666
0.0501657
0.0445628
0.0382166
0.0317332
0.0260592
0.0225201
0.0219357
0.0242367
0.0286678
0.0342214
0.0399959
0.0454262
0.0503129
0.0547507
0.0589734
0.0632318
0.0676894
0.0724029
0.0773267
0.082368
0.0874228
0.0924193
0.0973231
0.102145
0.106913
0.111668
0.116437
0.121238
0.12607
0.130926
0.135788
0.14065
0.145499
0.150338
0.155165
0.159992
0.164815
0.169647
0.174477
0.179287
0.183284
0.185154
0.18415
0.18036
0.174519
0.167583
0.160417
0.153563
0.147219
0.141303
0.135599
0.129872
0.123966
0.117822
0.111483
0.10503
0.0985661
0.0922232
0.0863607
0.0813486
0.0772867
0.0740226
0.0712607
0.0686926
0.0660861
0.063326
0.0604024
0.057373
0.0543177
0.0513021
0.0483614
0.0454955
0.0426811
0.0398857
0.0370821
0.0342534
0.0313968
0.0285173
0.0256286
0.0227408
0.0198607
0.0169911
0.0141296
0.011274
0.00841791
0.00554423
0.00223242
-0.0022268
-0.00822656
-0.0157247
-0.0243182
-0.0335001
-0.0427988
-0.0519373
-0.0607938
-0.0693918
-0.0768409
-0.0816002
-0.0828056
-0.0806006
-0.0758956
-0.0698663
-0.0635504
-0.0576035
-0.0522675
-0.0477528
-0.0443143
-0.0419653
-0.0404882
-0.0395318
-0.0387667
-0.0379614
-0.0370185
-0.0359415
-0.0347991
-0.0336669
-0.0326032
-0.0316257
-0.0307235
-0.0298633
-0.0290117
-0.0281409
-0.0272399
-0.026309
-0.0253596
-0.0244036
-0.0234524
-0.0225112
-0.0215814
-0.0206591
-0.0197407
-0.018821
-0.0178984
-0.0169715
-0.0160415
-0.0151096
-0.0141779
-0.0132471
-0.0123177
-0.0113896
-0.0104623
-0.00953534
-0.00860768
-0.00767982
-0.00675103
-0.00582253
-0.00489305
-0.0039648
-0.00303515
-0.00210757
-0.00118747
-0.000522057
-0.000463821
-0.00115844
-0.00254236
-0.00439923
-0.00648173
-0.00858005
-0.0105765
-0.0124376
-0.0141984
-0.0159173
-0.0176545
-0.0194403
-0.0212057
-0.0227116
-0.0237264
-0.0241769
-0.0241449
-0.0238005
-0.0233283
-0.0228687
-0.0224972
-0.0222239
-0.0220185
-0.0218335
-0.0216295
-0.0213832
-0.0210934
-0.0207712
-0.0204365
-0.0201045
-0.019787
-0.0194849
-0.0191974
-0.0189146
-0.018638
-0.0184781
-0.0190031
-0.0208767
-0.0243199
-0.0291379
-0.0348562
-0.0409697
-0.0470656
-0.0529157
-0.0579533
-0.0613887
-0.0628539
-0.0625219
-0.0609434
-0.0587646
-0.0565229
-0.0545275
-0.0528621
-0.0514431
-0.0501177
-0.0487402
-0.047224
-0.0455503
-0.0437568
-0.0419058
-0.0400591
-0.0382561
-0.0365112
-0.0348148
-0.0331462
-0.0314813
-0.0298039
-0.0281058
-0.0263888
-0.0246594
-0.0229266
-0.0211971
-0.0194748
-0.0177595
-0.0160494
-0.0143414
-0.0126326
-0.0109215
-0.00920775
-0.00749193
-0.00577495
-0.00405815
-0.00234185
-0.000626816
0.0010879
0.00280146
0.00451583
0.00622756
0.00788053
0.00919597
0.00985029
0.00973546
0.00894901
0.0077221
0.00630421
0.00489444
0.00359719
0.00243343
0.00136189
0.000321469
-0.000744806
-0.00186682
-0.00304971
-0.00427596
-0.00552196
-0.00676339
-0.00798695
-0.00918739
-0.0103703
-0.0115433
-0.0127162
-0.0138942
-0.0150807
-0.0162739
-0.0174718
-0.0186702
-0.0198677
-0.0210619
-0.0222536
-0.0234429
-0.0246322
-0.0258213
-0.027012
-0.0282031
-0.0293957
-0.0305881
-0.0317808
-0.0329722
-0.0341641
-0.0353546
-0.0365464
-0.0377352
-0.0388753
-0.0397303
-0.0400286
-0.0396783
-0.0387625
-0.0374751
-0.0360272
-0.0345856
-0.0332394
-0.032005
-0.0308489
-0.0297184
-0.0285667
-0.0273676
-0.0261176
-0.0248304
-0.0235273
-0.0222274
-0.020943
-0.0196776
-0.0184275
-0.0171853
-0.0159436
-0.0146971
-0.0134439
-0.0121845
-0.0109217
-0.00965795
-0.00839561
-0.00713542
-0.00587771
-0.00462136
-0.00336574
-0.00210948
-0.000852753
0.00040506
0.00166322
0.00292204
0.00418044
0.00543898
0.00669678
0.00795487
0.00921215
0.0104701
0.0117273
0.0129856
0.0142429
0.0155017
0.0167588
0.018018
0.0192747
0.0205194
0.0213538
0.0211158
0.0194305
0.0163415
0.0122197
0.00754764
0.00276009
-0.00187094
-0.00624498
-0.0104041
-0.0144562
-0.0185203
-0.0226745
-0.0269482
-0.0313206
-0.0357497
-0.040186
-0.0445964
-0.0489635
-0.0532922
-0.057595
-0.0618915
-0.0661934
-0.0705114
-0.0748429
-0.0791824
-0.0834038
-0.0872633
-0.0905777
-0.0933327
-0.0956457
-0.0977077
-0.099689
-0.101718
-0.103832
-0.105825
-0.10665
-0.105097
-0.100741
-0.0939189
-0.0854687
-0.0763046
-0.0671632
-0.0584349
-0.050208
-0.0424308
-0.0353568
-0.0293322
-0.0244271
-0.0204529
-0.0170724
-0.0139457
-0.0108184
-0.00756281
-0.00416165
-0.000668553
0.00284146
0.00629561
0.00941973
0.0115273
0.0120002
0.0107234
0.00802024
0.00445206
0.000574384
-0.00320751
-0.00670633
-0.00991679
-0.012953
-0.0159562
-0.0190442
-0.0222677
-0.0256258
-0.0290646
-0.0324241
-0.0351421
-0.0365993
-0.0365922
-0.0353154
-0.0332136
-0.0307652
-0.0283463
-0.0261534
-0.02422
-0.0224642
-0.020765
-0.0190144
-0.0171543
-0.015177
-0.0131157
-0.0110181
-0.00892957
-0.00687689
-0.00486755
-0.00289332
-0.000937116
0.00101832
0.00298513
0.00496738
0.00695454
0.00869829
0.00968794
0.00954954
0.00824638
0.00603204
0.00328678
0.000380058
-0.00242584
-0.00467558
-0.00567007
-0.0049661
-0.00261432
0.000958122
0.00518051
0.0095456
0.0137315
0.0176237
0.0212704
0.0248001
0.0283497
0.0320098
0.0358115
0.0397294
0.043713
0.0477034
0.0516456
0.0550732
0.057066
0.0569601
0.0547162
0.0508125
0.045959
0.0408258
0.0358684
0.031278
0.0270279
0.0229651
0.018915
0.0147435
0.0104006
0.00591871
0.00189887
-0.000682867
-0.00126245
0.000131566
0.00299118
0.00664272
0.0104652
0.0140693
0.0173013
0.0202199
0.0229736
0.0257389
0.0286241
0.0316821
0.034878
0.0381642
0.0414574
0.0446946
0.0471118
0.047667
0.0459412
0.042153
0.0369628
0.0311231
0.0252562
0.0197089
0.0145698
0.00972951
0.00500581
0.000221159
-0.0047243
-0.00983774
-0.0145877
-0.0178961
-0.0189525
-0.0176443
-0.0144581
-0.0101643
-0.00551716
-0.00104173
0.00302347
0.00669543
0.0101329
0.0135391
0.017063
0.0207799
0.0246719
0.0286667
0.0322691
0.0347276
0.0356169
0.0349812
0.033223
0.0308748
0.0284112
0.0261327
0.0241451
0.0224019
0.0207781
0.0191435
0.017407
0.0155397
0.0135594
0.0115212
0.00955735
0.00810531
0.00764289
0.00832181
0.00998585
0.0122866
0.0148511
0.0173889
0.0197487
0.0219072
0.0239285
0.0259083
0.0279287
0.0300366
0.0322343
0.0344899
0.0365325
0.0379391
0.0384701
0.0381448
0.0371878
0.0358949
0.0345342
0.0332739
0.0321761
0.0319432
0.031044
0.0301378
0.0291754
0.0281381
0.0270378
0.0259009
0.0247579
0.0236303
0.0225289
0.0214512
0.0203891
0.019331
0.0182686
0.0171967
0.0161155
0.0150273
0.0139365
0.0128462
0.011759
0.0106753
0.00959457
0.00851541
0.00743636
0.00635687
0.00527676
0.00419598
0.00311514
0.0020348
0.00095541
-0.000122802
-0.0011999
-0.00227576
-0.00335056
-0.00442436
-0.00549735
-0.00656927
-0.00764018
-0.00870983
-0.00977836
-0.0108452
-0.0119106
-0.0129744
-0.0140367
-0.0150972
-0.0161562
-0.0172133
-0.0182688
-0.0193221
-0.0203738
-0.0214231
-0.0224707
-0.0235158
-0.024559
-0.0255999
-0.026639
-0.0276743
-0.0287082
-0.0297386
-0.0307673
-0.031792
-0.0328155
-0.0338347
-0.0348465
-0.0356776
-0.0360838
-0.0359636
-0.0353627
-0.0344322
-0.0333451
-0.0322479
-0.0312217
-0.0302807
-0.0291436
-0.0272358
-0.024127
-0.0197607
-0.0144009
-0.00846146
-0.00234676
0.00366233
0.00943881
0.0149932
0.0204105
0.0257994
0.031239
0.0367692
0.04238
0.0480395
0.0537011
0.0593344
0.064915
0.070448
0.0759282
0.0811748
0.0852176
0.0869313
0.085944
0.0826057
0.0777298
0.0721932
0.066692
0.0615924
0.0569675
0.0527133
0.0488046
0.0452642
0.0420588
0.0391048
0.0363037
0.0335704
0.0308524
0.0281273
0.0253971
0.0226728
0.0199677
0.0172881
0.0146342
0.0119998
0.00937747
0.00676039
0.00414512
0.00153002
-0.00108258
-0.00369033
-0.0062897
-0.00887948
-0.0114583
-0.0140267
-0.0165848
-0.0191343
-0.021675
-0.0242082
-0.0267323
-0.0292487
-0.0317551
-0.0342404
-0.0363823
-0.0375172
-0.0371613
-0.0352775
-0.0322044
-0.0284484
-0.0244926
-0.020666
-0.017112
-0.0138128
-0.010664
-0.00753824
-0.00434325
-0.00103721
0.00236658
0.00582822
0.00928349
0.0124233
0.0144605
0.0146886
0.0129626
0.00964165
0.00534953
0.000716711
-0.00380209
-0.00798564
-0.0118219
-0.0152149
-0.0180166
-0.0202303
-0.0219789
-0.02345
-0.024815
-0.0261933
-0.0276337
-0.0291336
-0.0306585
-0.0321699
-0.0336397
-0.0350586
-0.036433
-0.0377792
-0.0391141
-0.0404506
-0.0417944
-0.0431449
-0.0444967
-0.0458423
-0.0471778
-0.0484993
-0.0498075
-0.0511027
-0.0523882
-0.053665
-0.0549354
-0.0561982
-0.0574546
-0.058702
-0.0599413
-0.0611699
-0.0623897
-0.0635987
-0.0647993
-0.0659888
-0.067171
-0.0683421
-0.0695049
-0.070628
-0.0716713
-0.0726042
-0.0734367
-0.0741817
-0.0747327
-0.074407
-0.0724098
-0.0684813
-0.062884
-0.0562037
-0.0490755
-0.0419947
-0.0352303
-0.0288259
-0.022688
-0.0166779
-0.0112712
-0.00740734
-0.00563989
-0.00592777
-0.00774817
-0.0104082
-0.013273
-0.0159363
-0.0182355
-0.0202162
-0.022023
-0.0238224
-0.0257265
-0.0277798
-0.0299584
-0.0322043
-0.0344427
-0.0364386
-0.037781
-0.038195
-0.0376793
-0.0364593
-0.0348492
-0.0331435
-0.0315332
-0.0300969
-0.0288133
-0.0276155
-0.0264238
-0.0251841
-0.0238732
-0.0225023
-0.0210975
-0.0196921
-0.0183084
-0.0169597
-0.0156436
-0.0143529
-0.0130746
-0.0118008
-0.0105248
-0.00924555
-0.00792474
-0.00645744
-0.00474369
-0.00276531
-0.000571937
0.00174631
0.00410191
0.00642888
0.00869764
0.0109048
0.0130687
0.0152105
0.0173491
0.0194921
0.0216399
0.0237846
0.0259186
0.028032
0.0301221
0.0321874
0.0342308
0.0362542
0.0382615
0.0402535
0.0422319
0.0441946
0.0461418
0.0480713
0.0499832
0.051876
0.0537507
0.0556069
0.0574457
0.059266
0.0610694
0.0628547
0.0646226
0.0663719
0.0681033
0.069816
0.0715109
0.0731865
0.0748443
0.076483
0.0781037
0.0797051
0.0812886
0.0828454
0.0841667
0.0846634
0.0837974
0.081455
0.0779055
0.0736231
0.0690866
0.064646
0.0604703
0.0565687
0.0528512
0.0491968
0.0455084
0.0417373
0.0378867
0.0339967
0.0302314
0.0268699
0.0241067
0.0219552
0.02028
0.01888
0.0175654
0.0162082
0.0147546
0.0132144
0.0116311
0.0100565
0.00852737
0.00706038
0.00565
0.0042802
0.0029294
0.00158337
0.000232183
-0.00111985
-0.00241054
-0.00334848
-0.00360268
-0.00306753
-0.0018511
-0.000196563
0.00163626
0.00344294
0.00511675
0.00663796
0.00804943
0.00941439
0.0107901
0.0122067
0.0136687
0.0151584
0.0166511
0.0181229
0.01956
0.020958
0.0223219
0.0236599
0.0249811
0.0262914
0.0275933
0.0288856
0.0301655
0.0314299
0.032676
0.0339002
0.0350412
0.0359729
0.0366057
0.0369358
0.0370312
0.0369905
0.0369062
0.0368408
0.0368211
0.036843
0.0368862
0.0369266
0.0369467
0.0369394
0.0369067
0.0368565
0.0367991
0.0367417
0.0366882
0.0366385
0.0365901
0.0365399
0.0364842
0.0364217
0.0363517
0.0362758
0.0361939
0.0361089
0.0360198
0.0359212
0.0356034
0.0346424
0.0327326
0.0298613
0.0262533
0.0222428
0.0181394
0.0141581
0.010399
0.00723826
0.00524823
0.00469481
0.00545611
0.00712634
0.0092343
0.0113801
0.0133359
0.0150312
0.0165251
0.01792
0.0193254
0.0207949
0.0222537
0.023215
0.023115
0.0217485
0.0192705
0.0160623
0.0125496
0.00907128
0.00581489
0.00281958
2.38786e-05
-0.00267592
-0.00537176
-0.00812101
-0.0109302
-0.0137713
-0.0164318
-0.0186335
-0.0202579
-0.0213503
-0.0220726
-0.022614
-0.0231335
-0.0237215
-0.0244031
-0.0251529
-0.025925
-0.0266742
-0.0273734
-0.0280153
-0.0286099
-0.0291744
-0.0297268
-0.0302789
-0.0308352
-0.031393
-0.0319467
-0.0324896
-0.0330169
-0.033526
-0.0340172
-0.0344924
-0.0349541
-0.0354034
-0.0358417
-0.0362693
-0.0366855
-0.0370894
-0.0374803
-0.0378577
-0.0382216
-0.0385718
-0.0389089
-0.0392325
-0.0395305
-0.0397691
-0.0399176
-0.0399705
-0.0399442
-0.0398668
-0.0397665
-0.0396634
-0.0395673
-0.0394785
-0.0393918
-0.0393003
-0.0391986
-0.0390838
-0.0389563
-0.0388183
-0.0386725
-0.0385213
-0.0383659
-0.0382068
-0.0380431
-0.0378738
-0.0376984
-0.0375163
-0.0373274
-0.0371318
-0.0369301
-0.0367226
-0.0365095
-0.0362909
-0.0360669
-0.0358375
-0.0356026
-0.0353621
-0.0351161
-0.0348648
-0.0346081
-0.0343461
-0.034079
-0.0338053
-0.0334799
-0.033012
-0.0323384
-0.0314597
-0.030428
-0.0293166
-0.0281937
-0.0271042
-0.0260669
-0.0250782
-0.0241235
-0.0231856
-0.0222518
-0.0213174
-0.0203846
-0.0194586
-0.0185466
-0.0176534
-0.0167818
-0.0159311
-0.0151001
-0.0142858
-0.0134849
-0.0126469
-0.0116734
-0.0104969
-0.00912015
-0.00760069
-0.00601929
-0.00444943
-0.00293987
-0.00150946
-0.000154412
0.00114241
0.00239933
0.00363048
0.0048407
0.00602875
0.00718764
0.0083116
0.00939409
0.0104305
0.011323
0.0119157
0.0121313
0.0119971
0.0116171
0.0111162
0.0106014
0.0101363
0.0097414
0.00940423
0.00909777
0.00879431
0.00847681
0.00814
0.00778952
0.00743557
0.00708913
0.00675733
0.00644322
0.00614535
0.00586054
0.00558455
0.00531627
0.00509731
0.00504686
0.00526996
0.00578056
0.00651502
0.00737045
0.00824752
0.00907307
0.00975699
0.0101399
0.0101023
0.00965253
0.00889711
0.00798414
0.00704635
0.00617087
0.00539166
0.00471647
0.00415798
0.00372074
0.00338552
0.00312014
0.00289089
0.00267326
0.00245428
0.00223202
0.00201058
0.00179645
0.00159444
0.0014068
0.00123256
0.0010693
0.000913848
0.000763894
0.000617988
0.000476077
0.000338645
0.000206698
8.089e-05
-3.82543e-05
-0.000150837
-0.000257051
-0.000357435
-0.000452345
-0.000542139
-0.000626945
-0.000706909
-0.000781962
-0.000852169
-0.000917494
-0.000978062
-0.00103393
-0.00108528
-0.00113222
-0.00117493
-0.0012135
-0.00124804
-0.00127862
-0.00130535
-0.00132832
-0.00134762
-0.00136336
-0.00137562
-0.00138452
-0.00139012
-0.00139259
-0.00139195
-0.00138807
-0.00137249
-0.00133386
-0.00126874
-0.00118101
-0.00107937
-0.000972874
-0.000868722
-0.000770544
-0.000679144
-0.000593103
-0.000510429
-0.000429191
-0.000348441
-0.000267942
-0.000188254
-0.000110036
-3.40283e-05
3.94397e-05
0.00011022
0.000178549
0.000244643
0.000308847
0.000371302
0.000432182
0.000491426
0.000549038
0.00060492
0.000659087
0.000711495
0.000762223
0.000811273
0.000858761
0.000904688
0.000949154
0.00099235
0.00103465
0.00107618
0.00111692
0.00115661
0.00119508
0.00123209
0.00126758
0.00130153
0.00133403
0.00136513
0.00139495
0.00142352
0.00145091
0.0014771
0.00150214
0.001526
0.00154873
0.00157033
0.00159086
0.00161031
0.00162877
0.00164622
0.00166273
0.00167829
0.00169295
0.00170671
0.00171963
0.00173169
0.00174299
0.0017546
0.00176943
0.00178981
0.00181571
0.00184525
0.00187577
0.00190484
0.00193088
0.00195325
0.00197215
0.00198814
0.0020019
0.00201391
0.00202444
0.00203352
0.00204106
0.00204693
0.00205104
0.0020534
0.00205411
0.00205326
0.00205102
0.00204751
0.00204285
0.00203707
0.00203027
0.00202245
0.00201364
0.00200271
0.00198752
0.00196687
0.00194128
0.00191247
0.00188253
0.00185319
0.00182548
0.00179973
0.00177575
0.0017531
0.00173137
0.00171024
0.00168962
0.00166954
0.00165011
0.00163144
0.00161359
0.00159658
0.00158036
0.00156484
0.00154998
0.00153568
0.00152191
0.00150865
0.00149588
0.00148359
0.00147209
0.00146191
0.00145332
0.00144615
0.00143991
0.00143406
0.00142815
0.00142192
0.00141529
0.00140834
0.00140117
0.00139389
0.00138659
0.00137926
0.00137157
0.00136307
0.00135366
0.00134359
0.00133324
0.00132299
0.00131312
0.00130373
0.00129485
0.00128637
0.00127821
0.00127028
0.00126253
0.00125494
0.00124753
0.00124029
0.00123324
0.00122637
0.00121967
0.00121313
0.00120672
0.00120043
0.00119423
0.00118813
0.0011821
0.00117614
0.00117025
0.00116447
0.00115888
0.00115351
0.0011483
0.00114318
0.00113805
0.00113284
0.00112752
0.00112208
0.00111654
0.00111091
0.00110523
0.0010995
0.00109374
0.00108792
0.00108207
0.00107618
0.00107024
0.00106426
0.00105825
0.00105218
0.00104607
0.00103992
0.00103374
0.00102754
0.00102134
0.00101514
0.00100894
0.00100275
0.000996558
0.000990363
0.000984164
0.000977959
0.000971749
0.000965535
0.000959315
0.000953091
0.000946862
0.000940629
0.00093439
0.000928145
0.000921895
0.000915638
0.000909376
0.000903109
0.000896835
0.000890557
0.000884272
0.000877983
0.000871689
0.000865389
0.000859085
0.000852776
0.000846464
0.000840147
0.000833826
0.000827502
0.000821174
0.000814844
0.000808511
0.000802175
0.000795837
0.000789498
0.000783157
0.000776815
0.000770472
0.000764128
0.000757784
0.00075144
0.000745097
0.000738754
0.000732412
0.000726071
0.000719732
0.000713395
0.00070706
0.000700728
0.000694399
0.000688072
0.00068175
0.00067543
0.000669115
0.000662805
0.000656499
0.000650198
0.000643902
0.000637612
0.000631328
0
0
0
0
