-0.00817487
-0.00815062
-0.00809595
-0.00801178
-0.0079085
-0.00780406
-0.00771401
-0.00763887
-0.0075533
-0.00741386
-0.00716851
-0.00677295
-0.0062129
-0.00552042
-0.00476002
-0.00402405
-0.00341209
-0.00298897
-0.00274113
-0.00258179
-0.00238861
-0.00203504
-0.00143999
-0.000617929
0.000311719
0.00119666
0.0018722
0.00218284
0.00203239
0.00138195
0.000142785
-0.00178409
-0.00443117
-0.00777344
-0.0118037
-0.0164667
-0.0216081
-0.0270421
-0.0325325
-0.0377524
-0.0421866
-0.0451815
-0.0462094
-0.0452169
-0.0427695
-0.039562
-0.036048
-0.0324665
-0.028845
-0.0250309
-0.0208183
-0.0160457
-0.0106619
-0.0047936
0.00123325
0.00697263
0.0121149
0.0165487
0.020191
0.0229428
0.0248431
0.0261141
0.0270765
0.0281855
0.0299115
0.0326355
0.0365654
0.0416893
0.0479936
0.0555116
0.0641118
0.0733468
0.0825299
0.0906927
0.0966504
0.0992275
0.0976674
0.0922642
0.0843657
0.0749747
0.0648432
0.0547134
0.0451261
0.0364317
0.0289464
0.0231859
0.0196044
0.0181951
0.0183313
0.0193257
0.0207533
0.0222745
0.0234961
0.023913
0.0229065
0.0198233
0.0142244
0.00617881
-0.00388491
-0.0157399
-0.0290849
-0.0431682
-0.0567229
-0.0683748
-0.077108
-0.0825766
-0.0849304
-0.0835371
-0.0774171
-0.0661524
-0.0505488
-0.0323607
-0.0129281
0.00657404
0.024817
0.0403763
0.0519349
0.0587059
0.0604319
0.0563341
0.0458469
0.0293062
0.00746446
-0.0183579
-0.0474236
-0.0791012
-0.112123
-0.144649
-0.175279
-0.203303
-0.228838
-0.252504
-0.273804
-0.291299
-0.303348
-0.308956
-0.308609
-0.303812
-0.295344
-0.283674
-0.26937
-0.252474
-0.23242
-0.20867
-0.181393
-0.151584
-0.119935
-0.0867361
-0.0523316
-0.0174799
0.016397
0.047323
0.0732118
0.0924969
0.104508
0.10881
0.105907
0.0981177
0.0885499
0.0795944
0.0730017
0.0698678
0.0702642
0.0731585
0.0771201
0.0807522
0.0825691
0.0810954
0.0752007
0.064638
0.0502008
0.0328274
0.0136765
-0.00545148
-0.0225182
-0.0362926
-0.0467592
-0.0550486
-0.0624504
-0.0697026
-0.0770408
-0.0842245
-0.0906217
-0.0953744
-0.0975646
-0.0962004
-0.0906334
-0.0811731
-0.0692088
-0.0560571
-0.0422466
-0.0277193
-0.0120859
0.0050668
0.0238121
0.0436631
0.0638717
0.0838878
0.103356
0.122057
0.139719
0.155703
0.169071
0.178849
0.184092
0.183486
0.176146
0.162262
0.142354
0.117285
0.0891823
0.0613117
0.0367427
0.0180045
0.00654047
0.00182541
0.00163849
0.00465816
0.0102827
0.0182318
0.0291527
0.0441376
0.0637526
0.0871618
0.112218
0.136538
0.157521
0.172532
0.179628
0.17788
0.166621
0.146637
0.120578
0.0904225
0.0573853
0.0229596
-0.0106352
-0.0408617
-0.0654735
-0.0830872
-0.0936954
-0.0980346
-0.0968401
-0.0915409
-0.083973
-0.0749378
-0.0646772
-0.0536129
-0.0428282
-0.0343963
-0.0312468
-0.0364581
-0.0519488
-0.0771244
-0.109249
-0.145616
-0.182761
-0.215824
-0.239589
-0.250647
-0.248817
-0.236848
-0.218334
-0.196959
-0.174714
-0.152158
-0.129239
-0.105813
-0.082278
-0.0598711
-0.0405609
-0.0265262
-0.0193082
-0.0192
-0.0257623
-0.0370419
-0.0498243
-0.0605877
-0.0655817
-0.0614604
-0.0465633
-0.0224214
0.00641625
0.0361369
0.0636539
0.0862271
0.101816
0.109164
0.108667
0.102921
0.0953857
0.088508
0.083835
0.082096
0.0830312
0.0855315
0.0885134
0.0914792
0.0944554
0.0978419
0.102179
0.107815
0.114641
0.122076
0.128845
0.132907
0.131768
0.123182
0.106183
0.0813853
0.0492347
0.0104777
-0.0322665
-0.0739118
-0.108394
-0.131176
-0.139852
-0.133249
-0.112742
-0.0826892
-0.0464578
-0.00605113
0.0364791
0.0786885
0.118978
0.157073
0.192567
0.224233
0.250509
0.270286
0.283335
0.289424
0.288252
0.280659
0.268933
0.254894
0.238766
0.219753
0.196764
0.169297
0.138035
0.104383
0.0702475
0.0383309
0.0119202
-0.00594424
-0.0138161
-0.0133691
-0.00935868
-0.00623302
-0.00781324
-0.0170302
-0.034803
-0.0592017
-0.0861072
-0.111563
-0.131979
-0.14439
-0.147169
-0.141056
-0.129369
-0.115489
-0.1013
-0.0875498
-0.074206
-0.0608045
-0.046931
-0.0327873
-0.0194044
-0.00852925
-0.00215809
-0.00171168
-0.0070476
-0.0159819
-0.0255902
-0.0340326
-0.0407568
-0.0463804
-0.0521245
-0.0591788
-0.0682835
-0.0792527
-0.0907392
-0.100394
-0.105139
-0.101933
-0.0890271
-0.0674258
-0.0407954
-0.0121355
0.0160645
0.0412792
0.061204
0.0741227
0.0797252
0.079806
0.0775548
0.0753095
0.0746147
0.0764088
0.0808333
0.0872631
0.0948321
0.102651
0.109512
0.113703
0.113059
0.105361
0.0886594
0.0608316
0.0202804
-0.0319156
-0.0914662
-0.153936
-0.214536
-0.268813
-0.31448
-0.351093
-0.377552
-0.391305
-0.390237
-0.374949
-0.349009
-0.314327
-0.270987
-0.219474
-0.162362
-0.104631
-0.0508327
-0.00381682
0.0358281
0.0702706
0.102878
0.13476
0.164423
0.188254
0.201445
0.199895
0.182622
0.152849
0.114811
0.0720254
0.0281337
-0.0134512
-0.0504826
-0.0819476
-0.108033
-0.129118
-0.143926
-0.150338
-0.146985
-0.134802
-0.116884
-0.0945435
-0.0678481
-0.036984
-0.00305316
0.0313748
0.0632604
0.0906045
0.11305
0.131877
0.148595
0.164006
0.17842
0.19181
0.203896
0.213927
0.220275
0.220825
0.213703
0.197571
0.170588
0.130714
0.0779036
0.0155855
-0.0510133
-0.117366
-0.179217
-0.232586
-0.274857
-0.305201
-0.323079
-0.327001
-0.316635
-0.294834
-0.266328
-0.233507
-0.197302
-0.158726
-0.119634
-0.082989
-0.0515968
-0.0272223
-0.0100806
0.000446828
0.00503021
0.00533564
0.00421208
0.00386436
0.0057559
0.0105539
0.0177205
0.0253865
0.0309242
0.031656
0.0255462
0.0121861
-0.00672253
-0.0286641
-0.0510217
-0.0707285
-0.0843542
-0.0888579
-0.0828592
-0.0680539
-0.0488545
-0.0284248
-0.00864576
0.00932512
0.0251567
0.0392317
0.0524584
0.0654987
0.0786086
0.0917334
0.104687
0.117309
0.129631
0.141912
0.154589
0.167988
0.181844
0.194921
0.204895
0.208633
0.203006
0.186171
0.15792
0.117629
0.0660716
0.00775438
-0.0496054
-0.100028
-0.139825
-0.166791
-0.181292
-0.185712
-0.180212
-0.163715
-0.135516
-0.0948757
-0.0435365
0.0129381
0.0679329
0.116001
0.153336
0.177946
0.188167
0.183759
0.168213
0.148393
0.129261
0.113555
0.10209
0.0932595
0.0832747
0.0674352
0.0422287
0.00696973
-0.0346191
-0.0747651
-0.105983
-0.123431
-0.125303
-0.112754
-0.0902666
-0.0624574
-0.0320512
-0.000921971
0.0290468
0.0553736
0.0749719
0.0848392
0.0834758
0.0725866
0.0569466
0.0401514
0.0246726
0.0123687
0.00420408
8.09199e-05
-0.0012171
-0.00101147
0.00111012
0.0071992
0.0201717
0.0427073
0.0762117
0.120951
0.174772
0.232672
0.289947
0.343124
0.389868
0.429014
0.459391
0.478968
0.486289
0.482422
0.471082
0.454763
0.434256
0.410016
0.383079
0.355386
0.32863
0.304279
0.283432
0.266337
0.252113
0.239461
0.227535
0.215727
0.203344
0.189448
0.172667
0.151112
0.122815
0.0866352
0.0426267
-0.00934638
-0.0698539
-0.138262
-0.211928
-0.287291
-0.359513
-0.423441
-0.477487
-0.523455
-0.562786
-0.596965
-0.627986
-0.656665
-0.681078
-0.697125
-0.7
-0.686102
-0.654264
-0.603687
-0.534146
-0.449384
-0.358334
-0.27058
-0.192945
-0.129644
-0.0835032
-0.0554632
-0.0433348
-0.043462
-0.0504361
-0.0580579
-0.061508
-0.0573606
-0.0439893
-0.0225232
0.00340274
0.0306807
0.0575194
0.083003
0.106937
0.129493
0.150659
0.170044
0.187045
0.201094
0.211587
0.21687
0.2146
0.203005
0.182286
0.15499
0.123464
0.088451
0.0499483
0.00815485
-0.0356974
-0.0789082
-0.1183
-0.152535
-0.182817
-0.212114
-0.243147
-0.277847
-0.316793
-0.358423
-0.399208
-0.434754
-0.46039
-0.471568
-0.46388
-0.435494
-0.389514
-0.331791
-0.264817
-0.189222
-0.106475
-0.0206068
0.0618378
0.135928
0.199292
0.251652
0.292077
0.319427
0.334648
0.341793
0.345674
0.348603
0.350709
0.35051
0.345367
0.332402
0.309751
0.277907
0.23918
0.193565
0.139431
0.0755322
0.00278442
-0.0744585
-0.150252
-0.219823
-0.279644
-0.326433
-0.356901
-0.369121
-0.362629
-0.338374
-0.300037
-0.250905
-0.190103
-0.114977
-0.0244932
0.0780688
0.185418
0.290062
0.384305
0.460713
0.513581
0.541086
0.546726
0.536259
0.517447
0.495235
0.47045
0.441339
0.404832
0.35842
0.301664
0.235943
0.162168
0.0818949
-0.00176335
-0.0850598
-0.164981
-0.239295
-0.306781
-0.367458
-0.421453
-0.466756
-0.500234
-0.519535
-0.524041
-0.513474
-0.489059
-0.454297
-0.411031
-0.357752
-0.291911
-0.212866
-0.12472
-0.0372055
0.0385073
0.0940601
0.126606
0.139574
0.138313
0.130232
0.121979
0.116801
0.114763
0.113053
0.107285
0.0937597
0.0709781
0.0403605
0.00492436
-0.0326764
-0.069889
-0.104109
-0.133082
-0.155475
-0.171536
-0.183341
-0.193395
-0.202875
-0.211699
-0.218818
-0.222509
-0.220626
-0.210871
-0.192169
-0.166225
-0.137568
-0.110665
-0.0895316
-0.0773338
-0.0753265
-0.0818182
-0.0923789
-0.103281
-0.111627
-0.115176
-0.112859
-0.105206
-0.0943785
-0.0826347
-0.0713789
-0.0612481
-0.052222
-0.0437151
-0.0348941
-0.02528
-0.0151351
-0.00558496
0.00144699
0.00369428
-0.00061771
-0.0117039
-0.0277803
-0.046482
-0.0656878
-0.0831406
-0.0963336
-0.102725
-0.100413
-0.0891927
-0.0708409
-0.0469217
-0.0178233
0.0160906
0.0533072
0.0909182
0.126207
0.157221
0.182868
0.202617
0.214638
0.216133
0.205048
0.181987
0.150199
0.111337
0.0665011
0.0181218
-0.0297164
-0.0725357
-0.106345
-0.128425
-0.138298
-0.136932
-0.125852
-0.107818
-0.0852775
-0.0582556
-0.0255767
0.0134239
0.0572727
0.101113
0.137548
0.16109
0.169608
0.163733
0.147097
0.125249
0.101976
0.0795099
0.0592392
0.0418479
0.0275589
0.0165017
0.00963031
0.00823573
0.0130137
0.0235482
0.039326
0.0608992
0.0889106
0.122881
0.160966
0.201624
0.243689
0.28564
0.325264
0.359707
0.386118
0.402575
0.408671
0.404421
0.390193
0.367175
0.335474
0.294634
0.245533
0.190627
0.131381
0.0689975
0.00551843
-0.0564592
-0.114722
-0.167876
-0.215631
-0.258553
-0.296929
-0.33131
-0.362655
-0.391183
-0.416332
-0.437364
-0.453381
-0.462284
-0.461414
-0.449309
-0.42747
-0.400352
-0.371612
-0.343968
-0.319191
-0.29666
-0.271766
-0.237188
-0.187212
-0.120304
-0.0399668
0.0488266
0.141581
0.233122
0.31706
0.386686
0.437493
0.468925
0.483317
0.482357
0.46907
0.448493
0.423116
0.392471
0.354882
0.309078
0.255845
0.198183
0.138391
0.0772949
0.0147983
-0.0496779
-0.116447
-0.184659
-0.251449
-0.311595
-0.357937
-0.383464
-0.384522
-0.364435
-0.332718
-0.295437
-0.255386
-0.213963
-0.171717
-0.129308
-0.0875464
-0.0472438
-0.00912261
0.026384
0.0593327
0.0895903
0.116649
0.140061
0.15981
0.175807
0.186838
0.191284
0.188377
0.179346
0.167317
0.154384
0.141673
0.129773
0.118826
0.10895
0.100749
0.0952295
0.093381
0.0955788
0.101049
0.108263
0.116268
0.124525
0.132567
0.139779
0.145087
0.146944
0.143633
0.13385
0.11686
0.0913443
0.0561551
0.0121138
-0.0374864
-0.0892412
-0.13987
-0.185572
-0.221912
-0.243737
-0.246843
-0.230699
-0.199994
-0.161184
-0.118017
-0.0725306
-0.0263853
0.0185329
0.0600573
0.0966018
0.127544
0.153532
0.175472
0.192317
0.201814
0.202077
0.193182
0.177994
0.160258
0.143334
0.130346
0.123798
0.124735
0.13179
0.141383
0.150334
0.156051
0.156539
0.150947
0.140029
0.12569
0.108386
0.0866843
0.0582754
0.0213371
-0.0237689
-0.073664
-0.123727
-0.169551
-0.207384
-0.23513
-0.25362
-0.26637
-0.275937
-0.283016
-0.28714
-0.287318
-0.28292
-0.274336
-0.262356
-0.246335
-0.224671
-0.195869
-0.159649
-0.117586
-0.0717977
-0.0243146
0.0223707
0.0651967
0.101432
0.130771
0.155579
0.178708
0.202112
0.226777
0.252593
0.278168
0.300904
0.317485
0.324935
0.322057
0.310694
0.294909
0.27808
0.262935
0.251676
0.245412
0.243561
0.243243
0.23966
0.228231
0.205897
0.17253
0.131548
0.087358
0.0437439
0.00412032
-0.0286085
-0.0524512
-0.0664099
-0.0711893
-0.0699537
-0.0667857
-0.0645238
-0.0648615
-0.0684445
-0.0746589
-0.0819443
-0.0889965
-0.0949456
-0.0993349
-0.102246
-0.104294
-0.106461
-0.109409
-0.112759
-0.114962
-0.113592
-0.10622
-0.0915623
-0.0705539
-0.0460887
-0.020066
0.00658787
0.0333717
0.0600381
0.0862196
0.111186
0.133629
0.151732
0.163802
0.169259
0.169409
0.166701
0.162466
0.15712
0.15074
0.143432
0.13583
0.129347
0.12602
0.128087
0.137164
0.153134
0.17378
0.196559
0.219693
0.241764
0.261457
0.277232
0.286764
0.287569
0.278256
0.25938
0.232271
0.197679
0.15729
0.115197
0.0774325
0.0485543
0.0304661
0.0227115
0.0249518
0.0358892
0.0523431
0.0712591
0.0906522
0.10906
0.125163
0.137861
0.14656
0.151723
0.155018
0.158368
0.163206
0.170391
0.179942
0.190936
0.201956
0.211515
0.218268
0.221459
0.221463
0.220165
0.220445
0.224724
0.234312
0.248798
0.266173
0.284867
0.303642
0.321185
0.336047
0.346533
0.350581
0.346013
0.331725
0.308766
0.279407
0.244329
0.203525
0.157751
0.109143
0.060406
0.0134351
-0.0307362
-0.0718248
-0.109765
-0.144541
-0.176604
-0.206936
-0.236196
-0.264191
-0.290041
-0.312429
-0.329639
-0.339039
-0.337966
-0.325508
-0.303964
-0.277961
-0.251159
-0.226376
-0.205935
-0.191419
-0.183107
-0.179155
-0.175715
-0.169016
-0.156419
-0.136963
-0.111948
-0.0840244
-0.0549189
-0.0254776
0.00390627
0.0330623
0.0616848
0.0890964
0.114184
0.135639
0.152441
0.164177
0.17045
0.170935
0.166362
0.158725
0.149723
0.140491
0.131952
0.12489
0.119925
0.117329
0.116821
0.11759
0.119106
0.121587
0.125827
0.13286
0.143593
0.158686
0.178311
0.201281
0.224559
0.244165
0.256694
0.260015
0.25342
0.237898
0.216382
0.191425
0.163822
0.133356
0.0996617
0.0630911
0.0251163
-0.0125348
-0.0485822
-0.082217
-0.113216
-0.141421
-0.164994
-0.180788
-0.185647
-0.178018
-0.159474
-0.133569
-0.102223
-0.0665049
-0.0279994
0.010937
0.0480175
0.0813252
0.10936
0.131511
0.147974
0.158186
0.160289
0.152438
0.133757
0.10374
0.0628236
0.0145586
-0.0341762
-0.0769332
-0.109493
-0.129961
-0.137772
-0.134493
-0.124453
-0.111851
-0.0990818
-0.0872166
-0.0764669
-0.0664556
-0.0566479
-0.0468777
-0.0375338
-0.0293697
-0.0231821
-0.019313
-0.0172071
-0.0153338
-0.0120748
-0.0065142
0.00115777
0.00957694
0.0169182
0.021652
0.0229778
0.021363
0.0184833
0.0160075
0.0153606
0.0175667
0.0227714
0.0301284
0.0383241
0.0456887
0.0501321
0.0494955
0.0421621
0.0279578
0.00854756
-0.0139211
-0.0385522
-0.065257
-0.0941069
-0.124753
-0.156176
-0.187216
-0.216764
-0.243839
-0.26792
-0.289248
-0.308613
-0.325891
-0.339764
-0.348249
-0.349499
-0.342877
-0.32905
-0.307816
-0.27917
-0.244926
-0.2089
-0.174844
-0.145621
-0.12298
-0.107042
-0.0969733
-0.0926171
-0.0938131
-0.099307
-0.106932
-0.115705
-0.125578
-0.136692
-0.148945
-0.161443
-0.172228
-0.178332
-0.176473
-0.164274
-0.141855
-0.112332
-0.079194
-0.0447056
-0.0104816
0.0221242
0.0518328
0.077459
0.0979572
0.112224
0.119549
0.12081
0.118706
0.115708
0.113555
0.113478
0.116037
0.120936
0.127174
0.134048
0.141081
0.14778
0.153521
0.157476
0.158707
0.156431
0.150244
0.13973
0.12419
0.103479
0.0788161
0.0524284
0.026139
0.00141421
-0.0205526
-0.0391357
-0.0545504
-0.0676876
-0.0787808
-0.087231
-0.0921503
-0.0929944
-0.090258
-0.0853483
-0.0788059
-0.0704485
-0.0599191
-0.0470865
-0.0325254
-0.0174782
-0.00331405
0.00853325
0.0167354
0.0205327
0.0198185
0.0143833
0.00449351
-0.00859586
-0.023465
-0.0394927
-0.056539
-0.0744876
-0.0929431
-0.110979
-0.127268
-0.140769
-0.151295
-0.159772
-0.167718
-0.175883
-0.184055
-0.191119
-0.195235
-0.194387
-0.187207
-0.173941
-0.156666
-0.137476
-0.117314
-0.0962547
-0.0738594
-0.0496345
-0.0236076
0.00324629
0.0291645
0.0521332
0.0702711
0.0824502
0.0885721
0.0886446
0.0831149
0.0734547
0.0612643
0.047184
0.0313845
0.0142129
-0.00346395
-0.0203956
-0.0353595
-0.0472824
-0.0553224
-0.0585748
-0.0562412
-0.048055
-0.033877
-0.0142931
0.00882011
0.0333609
0.0576226
0.0800469
0.099222
0.114175
0.124596
0.130559
0.132623
0.132183
0.130746
0.128919
0.126481
0.122578
0.115886
0.104725
0.0872023
0.0621964
0.0305538
-0.00486978
-0.0415969
-0.0781129
-0.113461
-0.147036
-0.178023
-0.205059
-0.226667
-0.242113
-0.252343
-0.259853
-0.266222
-0.272191
-0.278118
-0.284063
-0.289986
-0.295845
-0.301642
-0.307289
-0.312446
-0.316389
-0.318
-0.3157
-0.307208
-0.290254
-0.263956
-0.229949
-0.191563
-0.151013
-0.109777
-0.0692782
-0.0310483
0.00324555
0.032188
0.0552495
0.073096
0.0865706
0.0963523
0.10358
0.109709
0.11558
0.121581
0.127887
0.134514
0.14138
0.148357
0.155407
0.162571
0.169869
0.177197
0.184227
0.190376
0.194859
0.196781
0.195094
0.188907
0.178158
0.164085
0.1485
0.13198
0.113843
0.092565
0.0662867
0.0337269
-0.00498653
-0.0485602
-0.0959462
-0.145644
-0.195013
-0.240651
-0.279627
-0.309933
-0.329979
-0.337585
-0.331729
-0.31481
-0.292288
-0.267651
-0.242544
-0.21776
-0.19338
-0.16923
-0.14511
-0.121058
-0.0974202
-0.0748456
-0.0540482
-0.0355457
-0.0193413
-0.0051232
0.00662543
0.0145104
0.0169327
0.012969
0.00344795
-0.0091131
-0.0228192
-0.0363416
-0.0485436
-0.0586388
-0.0662989
-0.0719224
-0.0765072
-0.0808813
-0.0856831
-0.0914675
-0.0985686
-0.10697
-0.116136
-0.125101
-0.132534
-0.1369
-0.136845
-0.131844
-0.122736
-0.111286
-0.098715
-0.0859255
-0.0738763
-0.063671
-0.0565981
-0.0540594
-0.0569366
-0.0647315
-0.075411
-0.0869551
-0.0977349
-0.106387
-0.112045
-0.114684
-0.115398
-0.116005
-0.117984
-0.122228
-0.128895
-0.137456
-0.147122
-0.156643
-0.164181
-0.167502
-0.164526
-0.154231
-0.137684
-0.117877
-0.0970174
-0.0765444
-0.0575035
-0.0404357
-0.0253548
-0.0116464
0.0017048
0.015315
0.0290728
0.0421592
0.0531483
0.0602889
0.0618834
0.057099
0.0469179
0.0339527
0.0200036
0.00601852
-0.0075757
-0.0208679
-0.0342815
-0.0483909
-0.0636607
-0.0802656
-0.0979564
-0.115827
-0.132181
-0.144701
-0.150957
-0.149323
-0.140103
-0.12585
-0.109263
-0.0918752
-0.0743649
-0.0568551
-0.0391674
-0.0211404
-0.00286852
0.0152389
0.0324561
0.047844
0.0605138
0.069912
0.0756718
0.0771032
0.0738036
0.0664603
0.0568676
0.0464344
0.0358124
0.0251582
0.014252
0.00271751
-0.00973011
-0.0230272
-0.0366627
-0.0495125
-0.0598578
-0.0657006
-0.065396
-0.0585013
-0.0459337
-0.0283241
-0.0061409
0.0192601
0.0453359
0.0693241
0.0886999
0.101518
0.107101
0.106095
0.0998594
0.0904346
0.0790029
0.0656753
0.0502354
0.0327686
0.0141685
-0.00402415
-0.01984
-0.0311761
-0.0364559
-0.0355673
-0.0301836
-0.0222994
-0.0133625
-0.00465401
0.00250333
0.00675683
0.00698702
0.00278151
-0.00496217
-0.0142063
-0.0235189
-0.0321065
-0.0395669
-0.0459163
-0.0512979
-0.0553363
-0.0570304
-0.0551686
-0.0489118
-0.0385381
-0.0256135
-0.0117338
0.00235804
0.0166575
0.0317683
0.0486303
0.0680686
0.0901913
0.113854
0.136667
0.156121
0.170121
0.177645
0.179182
0.176019
0.169858
0.161504
0.150142
0.134007
0.111422
0.0820537
0.0477482
0.011553
-0.0238708
-0.0563044
-0.0842003
-0.107222
-0.126428
-0.143278
-0.158432
-0.171931
-0.183565
-0.192937
-0.199028
-0.20057
-0.196915
-0.188837
-0.178428
-0.167104
-0.155605
-0.144292
-0.133178
-0.122072
-0.110701
-0.0988542
-0.0864793
-0.0737124
-0.060757
-0.0477855
-0.034923
-0.0222316
-0.00970637
0.00270132
0.0149971
0.0270979
0.0387983
0.049776
0.0596099
0.0678454
0.0738694
0.0763756
0.073621
0.0642841
0.048463
0.0280088
0.00484056
-0.0199935
-0.0457949
-0.0717409
-0.0965703
-0.118574
-0.136141
-0.148268
-0.154895
-0.156178
-0.151746
-0.141562
-0.126732
-0.108881
-0.0884005
-0.0649005
-0.0380882
-0.00842304
0.0226536
0.0537178
0.0832893
0.109845
0.1322
0.149813
0.162591
0.171334
0.177931
0.18416
0.190828
0.197791
0.203998
0.207673
0.206784
0.199809
0.186676
0.169191
0.149694
0.12936
0.108342
0.0861973
0.0623308
0.0366485
0.0101799
-0.014606
-0.0342229
-0.0452744
-0.0458286
-0.0369983
-0.022775
-0.00615666
0.0107109
0.0258648
0.0376108
0.0446489
0.0465303
0.0441877
0.0397014
0.0342803
0.0283882
0.0222301
0.0159882
0.0101085
0.00540215
0.00291219
0.003539
0.00754791
0.0142486
0.0225825
0.0318872
0.0416801
0.0513879
0.0602505
0.0673108
0.0716268
0.0726658
0.0708235
0.067509
0.0641923
0.0620892
0.0621186
0.0646324
0.0692002
0.0748246
0.0806401
0.0858879
0.089879
0.0921142
0.0924618
0.0913126
0.0893831
0.0871673
0.084983
0.0830663
0.0815621
0.0804884
0.079648
0.0785183
0.0762315
0.0716957
0.0639112
0.0524497
0.0378931
0.0215259
0.0042924
-0.0130234
-0.029514
-0.0441214
-0.0557133
-0.0632276
-0.0656566
-0.0626462
-0.0553284
-0.0460847
-0.0362444
-0.0260206
-0.0148714
-0.00170384
0.0145979
0.0345341
0.057402
0.0814957
0.105096
0.12655
0.144407
0.15785
0.166776
0.171104
0.171317
0.168829
0.16502
0.160764
0.156753
0.153728
0.152491
0.153771
0.157873
0.164514
0.173231
0.183165
0.192607
0.199018
0.19972
0.192809
0.178191
0.157925
0.134277
0.108632
0.0820703
0.0558491
0.0315752
0.0109065
-0.00509738
-0.0165293
-0.0247043
-0.030774
-0.034936
-0.0368272
-0.0359897
-0.0323498
-0.0261983
-0.0170995
-0.00432443
0.0123432
0.0319543
0.0523529
0.0715772
0.0880129
0.100541
0.108824
0.112922
0.112955
0.109706
0.104844
0.0999264
0.0962096
0.0947396
0.0961874
0.100575
0.107268
0.115815
0.126309
0.138904
0.153264
0.168248
0.182126
0.192609
0.197195
0.194033
0.183016
0.166302
0.146593
0.124961
0.101183
0.0744629
0.0441623
0.010732
-0.0239167
-0.0573292
-0.0869319
-0.110386
-0.126356
-0.134792
-0.135593
-0.12828
-0.113335
-0.0926827
-0.0680756
-0.0411829
-0.0141365
0.0111627
0.0333057
0.0515739
0.0661005
0.0773724
0.0856554
0.0914479
0.0955425
0.0981297
0.0990714
0.0983966
0.0964969
0.0939245
0.0909865
0.0877299
0.0841566
0.0806882
0.0777981
0.0756559
0.0741043
0.0728262
0.071435
0.0694596
0.0663719
0.0616443
0.0549372
0.0464228
0.037053
0.0283707
0.021308
0.0155133
0.0100954
0.00455377
-0.00111707
-0.0064994
-0.0110565
-0.0143791
-0.0163201
-0.0169654
-0.0166002
-0.0153784
-0.0131167
-0.00937303
-0.00350708
0.00526123
0.0174074
0.0329448
0.0520532
0.0745093
0.0990236
0.122926
0.143089
0.158638
0.169734
0.176957
0.180855
0.181649
0.179742
0.175833
0.170274
0.162905
0.152917
0.138945
0.119749
0.0948749
0.0655237
0.0341727
0.0020624
-0.029738
-0.0598264
-0.0868221
-0.109502
-0.127132
-0.139727
-0.147815
-0.151463
-0.15083
-0.146345
-0.138239
-0.127039
-0.113591
-0.0987776
-0.0836979
-0.0692511
-0.055524
-0.0419964
-0.0283427
-0.0147406
-0.00178775
0.00991841
0.0198445
0.0273057
0.0313894
0.0314455
0.0274267
0.0195298
0.00855841
-0.00380924
-0.0157805
-0.0256497
-0.0324184
-0.0362298
-0.0384255
-0.04072
-0.0440702
-0.0485792
-0.0537599
-0.0585399
-0.0613028
-0.0601585
-0.0534788
-0.0406819
-0.0227127
-0.00114699
0.0229499
0.0486281
0.0747536
0.0998771
0.12264
0.142425
0.159346
0.173789
0.185774
0.19474
0.199876
0.200614
0.197175
0.190393
0.181238
0.170664
0.158995
0.146047
0.131331
0.114064
0.0935394
0.0692645
0.0408357
0.00852849
-0.0263434
-0.0609535
-0.0915289
-0.115827
-0.13319
-0.143708
-0.148397
-0.147987
-0.142899
-0.133618
-0.120621
-0.104237
-0.0850977
-0.0643501
-0.0431583
-0.0227711
-0.00435704
0.0109249
0.0214405
0.0249551
0.0196374
0.00555365
-0.0149232
-0.0398354
-0.0673836
-0.0957001
-0.122881
-0.147584
-0.169924
-0.190832
-0.210817
-0.229662
-0.246286
-0.258877
-0.265231
-0.263553
-0.253565
-0.236751
-0.21583
-0.19352
-0.172367
-0.154355
-0.140331
-0.129301
-0.118574
-0.105418
-0.0879015
-0.0652401
-0.0377102
-0.00647258
0.0261798
0.057428
0.0845861
0.106404
0.123486
0.136432
0.1455
0.150947
0.153377
0.153921
0.15328
0.151209
0.14686
0.139201
0.127535
0.112043
0.0936852
0.0738836
0.0545375
0.0376139
0.0248834
0.0175047
0.0156135
0.0186982
0.0255153
0.0338935
0.0418415
0.0478133
0.0504463
0.0486494
0.0420769
0.0314815
0.0180403
0.00256822
-0.0141614
-0.0313157
-0.0481506
-0.0639185
-0.0780509
-0.0902477
-0.100413
-0.108434
-0.114397
-0.118463
-0.120397
-0.119898
-0.117019
-0.112144
-0.10563
-0.0980096
-0.0899673
-0.082103
-0.0750029
-0.0692259
-0.0651949
-0.0629876
-0.0622891
-0.0625325
-0.0627649
-0.0617995
-0.0590294
-0.0548482
-0.0505386
-0.0473576
-0.0458267
-0.0457476
-0.0468059
-0.0489383
-0.0522707
-0.0571053
-0.0640494
-0.0736781
-0.0861171
-0.101056
-0.11817
-0.136731
-0.155422
-0.172885
-0.187789
-0.198937
-0.205421
-0.206937
-0.203845
-0.196724
-0.186494
-0.173724
-0.158901
-0.142584
-0.125243
-0.107311
-0.0889586
-0.0702521
-0.0513127
-0.0324738
-0.0145208
0.000977679
0.0119158
0.0164892
0.0145108
0.00805546
5.98896e-05
-0.00709802
-0.0123755
-0.0159758
-0.0185597
-0.0209979
-0.0243024
-0.0294067
-0.0368446
-0.0464419
-0.0572022
-0.0677852
-0.0771792
-0.0847724
-0.0902387
-0.0937334
-0.0961132
-0.0987366
-0.102829
-0.109255
-0.118252
-0.129243
-0.141196
-0.152851
-0.162848
-0.17025
-0.174881
-0.177428
-0.17888
-0.179826
-0.180531
-0.181069
-0.181383
-0.181413
-0.18123
-0.181099
-0.181341
-0.182232
-0.183861
-0.18609
-0.188726
-0.191421
-0.193552
-0.194239
-0.192521
-0.18768
-0.179636
-0.169187
-0.157467
-0.145612
-0.134733
-0.12538
-0.11708
-0.108992
-0.100736
-0.0924796
-0.0848649
-0.0786155
-0.0736776
-0.0694553
-0.0651306
-0.0596533
-0.052
-0.0416252
-0.028884
-0.014994
-0.00105626
0.012005
0.0234351
0.0328173
0.0402178
0.0462907
0.0519305
0.0580443
0.0655564
0.0752717
0.0875956
0.10219
0.117972
0.133917
0.149288
0.163575
0.176492
0.187926
0.198091
0.207552
0.216879
0.226387
0.236111
0.245727
0.254441
0.261052
0.264184
0.262612
0.255824
0.244423
0.229367
0.211054
0.189769
0.165957
0.140317
0.114063
0.088425
0.0642205
0.0417951
0.0210814
0.00179458
-0.016441
-0.0335555
-0.049075
-0.0622859
-0.0722066
-0.0780822
-0.0797048
-0.0769058
-0.0696088
-0.0586397
-0.0463649
-0.0356837
-0.0269627
-0.0202101
-0.0154194
-0.0120903
-0.00945821
-0.00636817
-0.00141137
0.0065261
0.017469
0.0305334
0.0451896
0.0611081
0.0777585
0.0943704
0.109715
0.122161
0.130063
0.132464
0.129904
0.124509
0.118204
0.112291
0.107678
0.104943
0.10441
0.106153
0.11029
0.116967
0.125987
0.13679
0.148513
0.159819
0.169224
0.175751
0.179063
0.179045
0.175451
0.168439
0.159167
0.149453
0.140015
0.131038
0.122617
0.114708
0.107262
0.100213
0.0934573
0.0868791
0.0804882
0.074326
0.0683399
0.0622443
0.0554993
0.0474229
0.0374999
0.0258062
0.013284
0.00142812
-0.00909606
-0.018824
-0.0286366
-0.0388242
-0.0490125
-0.0585498
-0.0669523
-0.0741269
-0.0803745
-0.0860033
-0.0911963
-0.0960309
-0.100313
-0.103229
-0.10342
-0.0994654
-0.090536
-0.0770367
-0.0607801
-0.0441044
-0.0290445
-0.0167897
-0.00741904
-0.000267598
0.00560348
0.0114014
0.0182311
0.0265449
0.0360133
0.0457029
0.0547833
0.0627172
0.0692994
0.0745874
0.0789865
0.0831464
0.0874103
0.0917201
0.0956352
0.0984029
0.0991702
0.0972423
0.0921865
0.083765
0.0724422
0.0596001
0.0467555
0.0350108
0.0250607
0.0171403
0.0109777
0.00618716
0.00270491
0.000590487
-0.000256936
-0.000221669
0.000295243
0.00108857
0.00215981
0.00362506
0.00560353
0.00809643
0.0108736
0.0133994
0.0149017
0.0146888
0.0125099
0.00882881
0.00468202
0.000726587
-0.00290655
-0.00657512
-0.0110253
-0.0171683
-0.0258181
-0.037455
-0.0522992
-0.0699768
-0.0893967
-0.109513
-0.129196
-0.147152
-0.162314
-0.174244
-0.183271
-0.189917
-0.194262
-0.196251
-0.195892
-0.192883
-0.18706
-0.178864
-0.169098
-0.158119
-0.145931
-0.132293
-0.116779
-0.0991772
-0.0798259
-0.0595792
-0.0398032
-0.0222311
-0.00805576
0.00250818
0.00907213
0.0100144
0.00336235
-0.0117468
-0.0335727
-0.0569789
-0.0756702
-0.0869619
-0.0916974
-0.0908991
-0.0853155
-0.0758974
-0.0634352
-0.0481937
-0.0304282
-0.0104883
0.0112603
0.0340543
0.0568669
0.0791173
0.1007
0.121757
0.142118
0.161215
0.178062
0.191141
0.198814
0.200018
0.195067
0.185816
0.173838
0.160144
0.145579
0.130646
0.115503
0.100178
0.0847259
0.0691814
0.0536391
0.0383029
0.0235202
0.00980812
-0.0022266
-0.0119562
-0.0185149
-0.0207543
-0.0179118
-0.0104457
-0.000172531
0.0111441
0.022184
0.0320865
0.0406203
0.0481927
0.0555725
0.0630371
0.0702345
0.0763014
0.080181
0.0811561
0.0793414
0.0758616
0.0720236
0.0682507
0.0641547
0.0590532
0.0524253
0.0442651
0.035385
0.0271916
0.0205207
0.0153526
0.011093
0.00754573
0.00498684
0.00396347
0.00510155
0.00871298
0.0145436
0.0219857
0.0302722
0.0386525
0.0465422
0.0535054
0.0592693
0.0636577
0.0665753
0.0681942
0.0689871
0.0692984
0.069289
0.0690524
0.0686582
0.0680993
0.0672241
0.065767
0.063391
0.0596702
0.0541582
0.0466606
0.0375548
0.0277146
0.0176959
0.00776645
-0.00186679
-0.0108327
-0.0183711
-0.0234534
-0.0250695
-0.0225626
-0.0159252
-0.00616277
0.00534554
0.0177509
0.0305575
0.0434699
0.0564257
0.0694248
0.0823626
0.0949093
0.10649
0.116345
0.123655
0.127807
0.128521
0.125715
0.120006
0.112773
0.105012
0.0970564
0.0887662
0.0796759
0.0692642
0.0572346
0.0438119
0.029706
0.0154456
0.00116102
-0.0132615
-0.0278743
-0.0423927
-0.0561768
-0.0684422
-0.0786276
-0.0866403
-0.0927222
-0.0965048
-0.0972876
-0.0946388
-0.0889407
-0.0814988
-0.0734884
-0.0656886
-0.0585799
-0.0522793
-0.0464932
-0.0405828
-0.0338843
-0.0258925
-0.0164794
-0.00613495
0.00401438
0.0127035
0.0190049
0.0224369
0.0226962
0.01975
0.0140284
0.00683959
0.000167778
-0.00488939
-0.00830316
-0.0101224
-0.0105586
-0.0101545
-0.00959227
-0.00928772
-0.00936442
-0.0096862
-0.00987545
-0.00943745
-0.00791723
-0.00508354
-0.00105344
0.00378722
0.00872166
0.0127129
0.0147592
0.0142334
0.0112302
0.00660315
0.00119935
-0.00428502
-0.00914982
-0.0126671
-0.014166
-0.0132879
-0.0103213
-0.0062256
-0.00193291
0.00160526
0.00336152
0.00243752
-0.0016662
-0.00859531
-0.0170788
-0.0258105
-0.0337037
-0.0398629
-0.0437639
-0.0453938
-0.0453423
-0.0447994
-0.0449509
-0.046465
-0.0493762
-0.0531004
-0.0568873
-0.0601641
-0.0626312
-0.0643447
-0.0656885
-0.0670598
-0.0687155
-0.0706988
-0.0727819
-0.074513
-0.0753838
-0.0749473
-0.0728387
-0.068578
-0.0618597
-0.0529631
-0.0427878
-0.0321399
-0.0215849
-0.0115971
-0.00258303
0.00515031
0.0114186
0.0161449
0.0195476
0.0221089
0.0242714
0.0265105
0.0293288
0.032993
0.0373553
0.0417515
0.0450384
0.0459925
0.0440443
0.0397385
0.0347233
0.0306927
0.0285187
0.028027
0.0281657
0.0279838
0.0268699
0.0246958
0.0220148
0.0199307
0.0194376
0.0208062
0.0235424
0.0270243
0.0306189
0.0335619
0.034906
0.0334024
0.0278244
0.0176272
0.00368846
-0.0114692
-0.0251299
-0.0360322
-0.0436059
-0.0470996
-0.0460475
-0.0407094
-0.0318505
-0.0204049
-0.00748445
0.00603196
0.0192597
0.0311544
0.0408415
0.0479549
0.0526252
0.0548347
0.0544645
0.0516323
0.046839
0.0405919
0.0334287
0.0259429
0.0186388
0.0120115
0.00655285
0.00265414
0.000456887
-0.000118666
0.000645736
0.00215455
0.0037199
0.00461752
0.00412576
0.00179987
-0.00234107
-0.0079479
-0.0147701
-0.0225751
-0.0311977
-0.0405265
-0.0502988
-0.0600511
-0.0693839
-0.077972
-0.0855099
-0.091592
-0.0958833
-0.0982609
-0.0986733
-0.0974315
-0.0952691
-0.0927411
-0.0902884
-0.0883324
-0.0872059
-0.0871235
-0.088168
-0.090311
-0.0934162
-0.0975135
-0.102759
-0.10928
-0.117197
-0.126341
-0.13602
-0.145159
-0.152633
-0.157511
-0.159458
-0.158727
-0.155666
-0.150597
-0.143827
-0.135625
-0.126331
-0.116447
-0.1063
-0.0961291
-0.0861796
-0.0766535
-0.0676826
-0.0593226
-0.0516396
-0.0446641
-0.0382834
-0.032281
-0.0266337
-0.021497
-0.0171367
-0.0139228
-0.0121707
-0.0119168
-0.0128788
-0.0148712
-0.017808
-0.0215205
-0.02573
-0.0299904
-0.0336642
-0.0361384
-0.0370815
-0.0366304
-0.0353171
-0.033441
-0.0310959
-0.0282958
-0.0249625
-0.0210227
-0.0165659
-0.0119475
-0.00766561
-0.00415261
-0.00168135
-0.000357664
-0.000316318
-0.00164981
-0.00427374
-0.00802172
-0.012458
-0.0168719
-0.020735
-0.0237698
-0.0259323
-0.027317
-0.0281156
-0.0286342
-0.0291153
-0.0296357
-0.0301534
-0.0305885
-0.0309482
-0.0314466
-0.0325143
-0.0347117
-0.0385268
-0.0440966
-0.0509748
-0.0583035
-0.0653906
-0.0717409
-0.077001
-0.0808957
-0.0833363
-0.0844609
-0.0843445
-0.083052
-0.0807302
-0.0774293
-0.0731987
-0.0680592
-0.0620314
-0.0553407
-0.0484839
-0.0420111
-0.0363209
-0.0315948
-0.0277853
-0.0248432
-0.0228071
-0.0217022
-0.0215067
-0.0220685
-0.0230595
-0.0242248
-0.0253251
-0.0260645
-0.0261042
-0.0251198
-0.0228616
-0.0191316
-0.0139314
-0.00753097
-0.000122414
0.008153
0.0170018
0.0259511
0.0346167
0.042792
0.0504438
0.0576541
0.0643911
0.0704987
0.0757007
0.0794965
0.0812389
0.0803317
0.0763072
0.0691734
0.0594387
0.0482317
0.0372718
0.0279034
0.0209231
0.0166164
0.0145494
0.013794
0.0136105
0.0134082
0.012686
0.0112407
0.00930165
0.00752522
0.00677329
0.00786104
0.0113058
0.0171678
0.0250086
0.0336369
0.0413267
0.0466186
0.048628
0.0471676
0.0425191
0.0355108
0.0270029
0.0177518
0.00832263
-0.0008509
-0.00930567
-0.0165247
-0.0220218
-0.0254931
-0.0268866
-0.0265956
-0.0252489
-0.0235984
-0.0225119
-0.0225685
-0.0238293
-0.025915
-0.0284753
-0.0313076
-0.0342695
-0.0372348
-0.0400665
-0.0426181
-0.0447235
-0.0462206
-0.0469759
-0.0469947
-0.0465068
-0.0458486
-0.0452848
-0.0450291
-0.0452795
-0.046283
-0.0482983
-0.051421
-0.0553984
-0.0596242
-0.0633392
-0.0656631
-0.0657338
-0.0630097
-0.0573964
-0.048893
-0.0377863
-0.0248813
-0.0109694
0.00343424
0.0179342
0.0322493
0.0462171
0.0596664
0.0722373
0.0833417
0.0923401
0.0987674
0.102492
0.103465
0.101474
0.0964707
0.0886511
0.0783236
0.065815
0.0513497
0.0353643
0.0185245
0.00157928
-0.0145396
-0.0288684
-0.0406774
-0.0495934
-0.0554031
-0.0580176
-0.0574373
-0.0537165
-0.0471506
-0.0378822
-0.0261576
-0.0122798
0.00334121
0.0198877
0.0363848
0.0521285
0.066636
0.0794584
0.0902151
0.0987465
0.105043
0.109326
0.112081
0.113462
0.113459
0.112088
0.109182
0.10454
0.0981146
0.0898673
0.0799368
0.0687094
0.0563639
0.0430608
0.0291647
0.0151857
0.00188894
-0.00975231
-0.0188329
-0.0247859
-0.0275436
-0.027586
-0.0255295
-0.0220446
-0.0175857
-0.0124394
-0.00688537
-0.00109416
0.00475642
0.0104305
0.0157547
0.0206785
0.0252489
0.0294518
0.0330373
0.0355671
0.0365086
0.0353234
0.0317212
0.0256878
0.0172561
0.0068613
-0.00452861
-0.0157182
-0.025302
-0.032135
-0.036045
-0.0373501
-0.0366211
-0.0347675
-0.0325059
-0.0304232
-0.0290257
-0.0285771
-0.0290398
-0.0300887
-0.0313254
-0.0322679
-0.0324271
-0.0316168
-0.0301304
-0.028647
-0.0277496
-0.0277834
-0.0287571
-0.0302893
-0.0318729
-0.0330614
-0.033484
-0.0328316
-0.0309213
-0.0277494
-0.0233547
-0.0178142
-0.0113642
-0.0042649
0.00321544
0.0106413
0.0173459
0.022486
0.0252182
0.0249716
0.021654
0.015803
0.00834081
0.000292287
-0.00757154
-0.0146664
-0.0205028
-0.0247399
-0.0272241
-0.0278671
-0.0266819
-0.0238744
-0.0195113
-0.0135973
-0.0062044
0.00281655
0.0136932
0.0263617
0.0403581
0.0552174
0.0703319
0.084922
0.0984342
0.110608
0.121365
0.130743
0.138942
0.146105
0.152223
0.157294
0.1613
0.163863
0.164373
0.162203
0.156893
0.148221
0.136035
0.120556
0.102254
0.0820288
0.0611402
0.0405164
0.0207154
0.00175544
-0.0168225
-0.0353314
-0.0533005
-0.0696213
-0.0832571
-0.0938318
-0.10153
-0.106537
-0.109258
-0.110246
-0.110221
-0.109869
-0.109493
-0.109086
-0.108428
-0.107183
-0.10502
-0.101737
-0.0972835
-0.0915379
-0.0843549
-0.0757141
-0.0656312
-0.0540852
-0.041277
-0.0277207
-0.0138585
-1.42561e-05
0.0135016
0.0263644
0.0382467
0.0488365
0.05775
0.0645202
0.0688895
0.0709444
0.0707059
0.0682583
0.063958
0.0583675
0.0523691
0.0468579
0.042557
0.0398289
0.0383932
0.0374187
0.0362164
0.0343258
0.0315236
0.0278458
0.0233954
0.0183862
0.0131146
0.00770205
0.00204712
-0.0040871
-0.0109723
-0.0188038
-0.0275313
-0.0367607
-0.0459286
-0.0544505
-0.0617855
-0.0675506
-0.0716468
-0.0742796
-0.0756049
-0.0758431
-0.0752951
-0.0741083
-0.0724242
-0.0705012
-0.068637
-0.0670285
-0.0657554
-0.0647555
-0.0638436
-0.0628659
-0.0617651
-0.0605901
-0.0594886
-0.0586374
-0.0581888
-0.0582009
-0.0585666
-0.0590295
-0.0593718
-0.0594511
-0.0592242
-0.0587849
-0.0583347
-0.0580398
-0.0579452
-0.0579322
-0.0577057
-0.0568709
-0.0550779
-0.0521627
-0.0482179
-0.0434108
-0.0379145
-0.0320277
-0.0261643
-0.0205923
-0.0154066
-0.0105341
-0.0057852
-0.00106209
0.0036096
0.00809739
0.0121905
0.015678
0.0184502
0.0205538
0.0220771
0.0231802
0.0241498
0.0253055
0.0268532
0.0288397
0.031144
0.0335755
0.035938
0.0380292
0.0396518
0.0406343
0.0409134
0.0406341
0.0401345
0.0396913
0.0394316
0.0393611
0.039425
0.0395503
0.0396375
0.0395607
0.0391736
0.0383323
0.0369133
0.0347829
0.031791
0.0278963
0.0232516
0.0180736
0.0124775
0.00656288
0.000462007
-0.0057354
-0.011915
-0.0178572
-0.0231956
-0.0274299
-0.0299979
-0.0303113
-0.0279742
-0.0230461
-0.0158984
-0.00724208
0.00179845
0.0102784
0.017641
0.0236339
0.0280859
0.0309492
0.0323539
0.0323489
0.0311011
0.0289759
0.0261554
0.0227634
0.0189799
0.0149112
0.0106097
0.00613897
0.00157592
-0.00303545
-0.00766818
-0.0122912
-0.0168595
-0.0213078
-0.0255532
-0.0295087
-0.0330808
-0.0361178
-0.0384566
-0.0400299
-0.0409001
-0.0411198
-0.0408188
-0.0402382
-0.0395472
-0.0388015
-0.0379731
-0.0369505
-0.0355293
-0.0334635
-0.0305699
-0.0268439
-0.0224589
-0.0175027
-0.0120403
-0.00621662
-0.000227056
0.0058877
0.0122236
0.0189382
0.0261943
0.0341039
0.0425953
0.0512922
0.0595462
0.0667629
0.0726106
0.0770465
0.0800513
0.0815511
0.0816493
0.0806964
0.0789647
0.0766675
0.0741374
0.0718149
0.0699868
0.0687232
0.0678872
0.0672557
0.0666869
0.0661084
0.0654983
0.0648707
0.0642578
0.0636876
0.0631698
0.0626883
0.0622123
0.0617188
0.061212
0.0607364
0.0603857
0.0602977
0.0606507
0.0616262
0.063303
0.0655391
0.0679677
0.0702414
0.0721289
0.0735348
0.0744936
0.0750292
0.0751596
0.0749814
0.0747101
0.0746294
0.0750982
0.0765142
0.0792057
0.0833478
0.0889097
0.0954785
0.102367
0.109053
0.11517
0.120448
0.124631
0.127419
0.12856
0.127857
0.125341
0.121267
0.115874
0.109481
0.102357
0.0946439
0.0865027
0.0781225
0.0697547
0.0617761
0.0546788
0.0489456
0.044857
0.0423351
0.0410987
0.0408629
0.0411973
0.0415515
0.0415197
0.0408606
0.039522
0.0376781
0.0356178
0.0334973
0.0313395
0.0290829
0.0266264
0.0239037
0.0209633
0.0180267
0.0154816
0.013741
0.0130358
0.0132593
0.014008
0.0150021
0.016098
0.0172318
0.0184372
0.0198543
0.021683
0.0240952
0.0271795
0.0309678
0.0354052
0.0402304
0.0449649
0.0491175
0.0523169
0.0544147
0.0555829
0.0561712
0.0563489
0.0561287
0.0554651
0.0542819
0.0524227
0.0496905
0.046037
0.0416883
0.0370855
0.0328315
0.0296821
0.0283667
0.0292347
0.0320109
0.0360046
0.0407246
0.0457944
0.0508291
0.0554866
0.0594117
0.0622356
0.063589
0.0631477
0.0608555
0.0569542
0.0514798
0.0444204
0.0357827
0.0254172
0.0133019
-0.000280637
-0.014813
-0.0293384
-0.0426123
-0.053901
-0.063197
-0.0709294
-0.0773539
-0.0826509
-0.0870265
-0.0904772
-0.0929302
-0.0943
-0.094522
-0.0937083
-0.0920946
-0.089907
-0.0874535
-0.0850938
-0.0829761
-0.0809879
-0.0787767
-0.0758402
-0.071794
-0.0665682
-0.0605767
-0.0546043
-0.0491533
-0.0443284
-0.039928
-0.0357425
-0.0317934
-0.0283298
-0.0257684
-0.0245248
-0.0247677
-0.026144
-0.0278188
-0.0291168
-0.0295934
-0.0289802
-0.0270755
-0.0236139
-0.0184542
-0.0116441
-0.00315953
0.0068285
0.0177049
0.0286638
0.0390625
0.0483837
0.0561168
0.0618881
0.0655683
0.0671021
0.066533
0.0641627
0.0602515
0.0551148
0.0491898
0.0426197
0.0353726
0.0274334
0.0188347
0.00979798
0.000843451
-0.0073059
-0.0141794
-0.0197446
-0.0243326
-0.0281104
-0.031139
-0.0335355
-0.0354762
-0.0370164
-0.0381099
-0.0387383
-0.0389981
-0.0390821
-0.039151
-0.0393424
-0.039783
-0.040569
-0.0417858
-0.0435321
-0.0458661
-0.0487746
-0.052284
-0.0564723
-0.061352
-0.0668
-0.072677
-0.0788626
-0.0851701
-0.0913065
-0.0969411
-0.101799
-0.105767
-0.108977
-0.111724
-0.114196
-0.116512
-0.118782
-0.121112
-0.123571
-0.126188
-0.128934
-0.13171
-0.134368
-0.136724
-0.138577
-0.139715
-0.139885
-0.138846
-0.136512
-0.132933
-0.128126
-0.122246
-0.115656
-0.108603
-0.101045
-0.0927793
-0.0835804
-0.0733279
-0.0622012
-0.0507664
-0.0397091
-0.0296031
-0.0208739
-0.0138535
-0.0087921
-0.00570817
-0.00451385
-0.00516586
-0.00738382
-0.0106313
-0.0147218
-0.0196984
-0.0256257
-0.0325955
-0.0406052
-0.049368
-0.0583412
-0.0670074
-0.0748738
-0.0814475
-0.0862668
-0.0890757
-0.0899071
-0.0890965
-0.0871864
-0.0845308
-0.081392
-0.0779852
-0.0743423
-0.0704081
-0.0661442
-0.0615695
-0.0567515
-0.0518608
-0.0471947
-0.0431198
-0.0399565
-0.0378455
-0.0366365
-0.035988
-0.0356744
-0.0355443
-0.0354462
-0.0352451
-0.0348359
-0.0341258
-0.0330149
-0.0313486
-0.0288488
-0.0252315
-0.0203648
-0.0142909
-0.00711992
0.000776861
0.0086818
0.0158464
0.0217522
0.0261731
0.0290263
0.0300549
0.0290577
0.0261638
0.0217606
0.0163879
0.0108587
0.00602087
0.00249971
0.000626939
0.000490111
0.00211144
0.00529941
0.0096946
0.0147468
0.01964
0.0236267
0.02632
0.02765
0.027544
0.0260785
0.0235967
0.0204428
0.0168549
0.0130819
0.00938883
0.00593591
0.00277522
-0.000119776
-0.00277831
-0.00523632
-0.0075875
-0.00999991
-0.012673
-0.0157522
-0.0192731
-0.0231009
-0.026945
-0.0305467
-0.0338369
-0.0369757
-0.040311
-0.0441612
-0.0486693
-0.0536999
-0.0588575
-0.0637848
-0.0682869
-0.0723482
-0.076044
-0.0792041
-0.0814536
-0.0824224
-0.0819932
-0.0804391
-0.0782019
-0.0755949
-0.0728548
-0.0701515
-0.0675746
-0.0651671
-0.0629478
-0.0609411
-0.0592389
-0.0580094
-0.0574263
-0.0575996
-0.0585896
-0.0604175
-0.0629448
-0.0658889
-0.0689955
-0.0719922
-0.0745507
-0.0763369
-0.0771107
-0.0768731
-0.0759496
-0.0748161
-0.0738414
-0.0732711
-0.0731996
-0.0735412
-0.0740966
-0.0745496
-0.0744558
-0.0733012
-0.0706417
-0.0663108
-0.060596
-0.0540777
-0.0471236
-0.0399528
-0.0327434
-0.0256267
-0.0187242
-0.0121703
-0.00610425
-0.000646915
0.00415093
0.00840124
0.0123661
0.0161805
0.019674
0.0224144
0.0238363
0.0234728
0.0212709
0.017666
0.0131158
0.00803399
0.00282333
-0.00226266
-0.00708917
-0.0115974
-0.0157698
-0.019619
-0.0232037
-0.026591
-0.029683
-0.0321341
-0.0334493
-0.0331726
-0.0311216
-0.0274521
-0.0222721
-0.0156751
-0.00787051
0.000855255
0.00992618
0.0183722
0.0251535
0.0298385
0.0327619
0.0345852
0.0357919
0.0367599
0.037825
0.0391588
0.040706
0.042189
0.0431666
0.0431758
0.0418831
0.0392606
0.0356489
0.0314468
0.0269468
0.0224305
0.0182309
0.0147473
0.0124008
0.0115241
0.0121818
0.0140339
0.0165644
0.0193923
0.0221898
0.0246219
0.0263991
0.0273453
0.0274917
0.0271243
0.0266194
0.0262204
0.0260331
0.0260352
0.0261026
0.0260871
0.0258453
0.0252752
0.0243466
0.0230829
0.0215981
0.0201463
0.0191021
0.0188295
0.0195625
0.0212622
0.023598
0.0262344
0.0287898
0.0307869
0.031742
0.0313591
0.0297305
0.0273658
0.0248168
0.0224222
0.020357
0.0187212
0.0175431
0.0167411
0.0161351
0.0155592
0.0148886
0.0140235
0.0128994
0.0115037
0.00991639
0.00833731
0.00704614
0.00632002
0.0063742
0.00733243
0.00929542
0.0122146
0.0158289
0.0198938
0.0242933
0.0289527
0.0337917
0.0387718
0.0438395
0.0488674
0.0536383
0.0578684
0.0612867
0.0637544
0.0653958
0.0665665
0.0674728
0.0680606
0.0680732
0.0671162
0.0647521
0.0607121
0.0550774
0.04813
0.0401449
0.0315599
0.0229882
0.0148577
0.00736845
0.000490865
-0.00598488
-0.0121698
-0.0180657
-0.0236043
-0.0286494
-0.032917
-0.0359448
-0.0373072
-0.0368737
-0.0349503
-0.0323437
-0.0300831
-0.0289602
-0.0293658
-0.0311198
-0.0335214
-0.0359471
-0.0379012
-0.038991
-0.0389603
-0.0377546
-0.0356568
-0.0332259
-0.0308612
-0.0287822
-0.0270809
-0.025751
-0.0248217
-0.0243432
-0.0243595
-0.0249414
-0.0261969
-0.0281442
-0.0306051
-0.0332787
-0.0359814
-0.0386435
-0.0412712
-0.043908
-0.046556
-0.0491396
-0.0514869
-0.0533338
-0.0543592
-0.0542884
-0.0530421
-0.0507441
-0.0474015
-0.042913
-0.0372584
-0.0305311
-0.0228562
-0.0145297
-0.00598363
0.00249831
0.0107392
0.0185708
0.0257463
0.0319855
0.0370548
0.0408755
0.0436192
0.0456694
0.0474188
0.0488854
0.0499763
0.0507394
0.0513219
0.0519176
0.0527463
0.0539429
0.0554635
0.0571341
0.0586609
0.0597057
0.0601015
0.0600094
0.0599288
0.0604879
0.06227
0.0656343
0.0704734
0.0761268
0.0817758
0.086978
0.0917061
0.0962019
0.100703
0.10537
0.110259
0.115265
0.120111
0.124376
0.12745
0.12867
0.12766
0.124387
0.11899
0.111433
0.101649
0.0898071
0.0764586
0.0624874
0.0488517
0.0363787
0.0256062
0.0168235
0.0100753
0.0050256
0.00118968
-0.00190851
-0.00470952
-0.00762015
-0.0108767
-0.0145175
-0.0184905
-0.0227911
-0.0274456
-0.0324747
-0.0378048
-0.0431796
-0.0481149
-0.0518952
-0.0538127
-0.0538063
-0.0525265
-0.0502269
-0.0468008
-0.0420512
-0.0358491
-0.0284381
-0.0204754
-0.012559
-0.00521009
0.00115162
0.00639802
0.0107051
0.0142852
0.0172364
0.019601
0.0213399
0.0224066
0.0227288
0.0221832
0.0207219
0.0184432
0.0156187
0.0125517
0.00923097
0.00538741
0.0007085
-0.00491445
-0.0111808
-0.0173787
-0.0228068
-0.0269196
-0.0292078
-0.0292771
-0.0270289
-0.0227579
-0.0172249
-0.0111427
-0.00483963
0.00162656
0.00835875
0.0155077
0.0231507
0.031178
0.0393294
0.0473681
0.0550106
0.0617235
0.0668725
0.0700602
0.0714036
0.0714035
0.0704585
0.0689398
0.0671732
0.065308
0.0633821
0.0613516
0.0590448
0.0561955
0.0525374
0.047911
0.0423916
0.0363679
0.0303687
0.0248026
0.0199172
0.0157657
0.0122201
0.00920016
0.00679076
0.00515941
0.00444825
0.00464503
0.0056138
0.00729145
0.00956844
0.0121512
0.0146044
0.0166457
0.0182839
0.0197778
0.0214158
0.0233408
0.0255414
0.0279513
0.0305651
0.033392
0.0363472
0.0391542
0.041372
0.0425691
0.0425214
0.0413761
0.0395881
0.0373995
0.0348419
0.0318458
0.0282673
0.0238937
0.0185614
0.0123135
0.00537491
-0.00190722
-0.00899465
-0.0152138
-0.0199931
-0.0229927
-0.024124
-0.0236718
-0.0223071
-0.0205403
-0.0185989
-0.0165388
-0.0143185
-0.0118622
-0.00906976
-0.00591874
-0.00256724
0.000607152
0.00308009
0.00431405
0.00390616
0.00168253
-0.00218898
-0.00712542
-0.0125182
-0.0178038
-0.0224078
-0.0258757
-0.0281112
-0.0294333
-0.0302984
-0.0309778
-0.0315861
-0.0321488
-0.0326394
-0.033031
-0.0333082
-0.0334156
-0.0332211
-0.032536
-0.0311373
-0.028813
-0.0254968
-0.0213487
-0.016594
-0.0114622
-0.00627535
-0.00142924
0.00274882
0.00606693
0.00850202
0.0101076
0.0110057
0.0114284
0.0115634
0.011554
0.0115752
0.0118476
0.0125823
0.01387
0.0155809
0.0172973
0.0184085
0.0183872
0.016953
0.0141991
0.0104645
0.00593522
0.000743755
-0.00488307
-0.0106572
-0.0163675
-0.0218503
-0.0269567
-0.0315819
-0.0357109
-0.0394239
-0.0427593
-0.0457137
-0.048294
-0.0504901
-0.0521889
-0.0532493
-0.0535843
-0.0531545
-0.0520189
-0.0504063
-0.0485982
-0.0467573
-0.0449412
-0.0431273
-0.0412295
-0.0391322
-0.0367367
-0.0340195
-0.0310908
-0.0282026
-0.0256342
-0.0235306
-0.0218922
-0.0206916
-0.0198115
-0.018972
-0.0177663
-0.0158616
-0.0131595
-0.00971582
-0.00554367
-0.00071618
0.00448901
0.00959697
0.0141728
0.0179151
0.0206062
0.0221205
0.0225692
0.0222923
0.0214789
0.0202258
0.0186245
0.0166899
0.0143629
0.011591
0.00835068
0.00460867
0.000415893
-0.00399532
-0.00821106
-0.0118162
-0.0145706
-0.0164839
-0.0177335
-0.0184294
-0.0186631
-0.0185407
-0.0180687
-0.0171742
-0.0157818
-0.0138072
-0.0110944
-0.00754209
-0.00326389
0.00136628
0.00590833
0.0100219
0.0135118
0.0164005
0.0189156
0.0212815
0.0237001
0.0263446
0.0292738
0.0323062
0.0349805
0.0366159
0.0365054
0.0342521
0.0299712
0.0240908
0.0170772
0.00961172
0.00252506
-0.00378721
-0.00940998
-0.0146571
-0.019684
-0.0244392
-0.0287266
-0.0322737
-0.0348357
-0.0361996
-0.0361157
-0.0344964
-0.0315072
-0.0272526
-0.0218462
-0.0156463
-0.00928726
-0.00328917
0.00221423
0.0073684
0.0122398
0.0167119
0.0205459
0.0234996
0.0254741
0.026541
0.0267054
0.0260254
0.02471
0.022954
0.0208703
0.0185635
0.0161604
0.0137203
0.01119
0.00844171
0.00534102
0.00185194
-0.00186595
-0.00543201
-0.00838476
-0.0104784
-0.0117248
-0.0122034
-0.012086
-0.0116813
-0.0112746
-0.0110248
-0.0109856
-0.0111496
-0.0115549
-0.0123314
-0.013642
-0.015577
-0.0180307
-0.0206493
-0.0229941
-0.0246866
-0.0254335
-0.0250043
-0.0233535
-0.0207569
-0.0176787
-0.0143884
-0.0109885
-0.00750037
-0.00390642
-0.000207379
0.00356792
0.00739284
0.0112319
0.0150325
0.0187313
0.0222546
0.0255186
0.0284653
0.0311077
0.0335412
0.0358574
0.0380927
0.0402475
0.0423071
0.0442623
0.0461191
0.0478692
0.0494841
0.0509442
0.0522738
0.0535626
0.0549543
0.0566317
0.0587807
0.0615189
0.0648113
0.0684711
0.0723551
0.0763343
0.0802356
0.0838392
0.0869039
0.0892417
0.0908012
0.0917515
0.0923831
0.0926745
0.0922795
0.0906644
0.0872802
0.0818485
0.0744531
0.0651965
0.0544513
0.0430104
0.0316104
0.0206702
0.0104531
0.00129942
-0.00645135
-0.0126119
-0.0172387
-0.0203999
-0.0219514
-0.0218169
-0.0202212
-0.0176184
-0.0147441
-0.0122366
-0.0103579
-0.00915806
-0.0087532
-0.00925005
-0.0105981
-0.0125456
-0.0147949
-0.0169931
-0.0186769
-0.0193657
-0.0187651
-0.0169376
-0.0142818
-0.0110946
-0.00749492
-0.00355763
0.000599258
0.00477867
0.00875627
0.0122672
0.0150348
0.0168183
0.0174673
0.0170973
0.0161545
0.0151253
0.0143277
0.0138963
0.0137532
0.0136248
0.0131938
0.0121974
0.0105034
0.00816045
0.00529304
0.00198213
-0.00165931
-0.00540292
-0.0089132
-0.0118377
-0.0138534
-0.0147107
-0.014292
-0.0127835
-0.0106465
-0.00813433
-0.00532771
-0.00226053
0.00102719
0.00446861
0.00802353
0.0116329
0.0151887
0.0185437
0.0215474
0.0240866
0.0261038
0.0275267
0.0282652
0.0283058
0.0277431
0.0266261
0.0249012
0.0225203
0.0195041
0.0158501
0.0115396
0.00668848
0.00167258
-0.00291689
-0.00661173
-0.00913226
-0.0102972
-0.0100821
-0.00876177
-0.00676887
-0.00427703
-0.00127913
0.00225452
0.00625928
0.0105449
0.0149888
0.0194981
0.0239518
0.0281912
0.0320193
0.0352395
0.0377227
0.0394139
0.0401872
0.0399671
0.0388781
0.0371811
0.0350447
0.0326218
0.0301367
0.02783
0.025875
0.0243395
0.0231566
0.0221599
0.021208
0.0201766
0.0189509
0.0174484
0.0156442
0.0135822
0.011424
0.00947974
0.00814515
0.00769561
0.00816076
0.00931316
0.0109266
0.012922
0.0152833
0.0179649
0.0208242
0.0236443
0.0261988
0.0282688
0.0296949
0.030443
0.0306006
0.0303022
0.0296104
0.0285658
0.0272093
0.025542
0.0236027
0.0215444
0.0196471
0.018199
0.0173271
0.0169359
0.016797
0.0167666
0.0167884
0.0168613
0.0170263
0.0173299
0.0177893
0.018365
0.0189895
0.0196069
0.0201798
0.020692
0.0211599
0.0216188
0.0220918
0.0225095
0.0226511
0.0221788
0.020749
0.0181792
0.014645
0.0107591
0.00728092
0.00469494
0.00309165
0.0022226
0.00186809
0.00182492
0.00187011
0.00186517
0.00176514
0.00159368
0.00141876
0.0013273
0.00139308
0.00163961
0.00200259
0.00230234
0.00224631
0.00147089
-0.000362332
-0.00339892
-0.00740415
-0.011727
-0.0157009
-0.0191471
-0.022296
-0.0253393
-0.0282752
-0.0309069
-0.0329166
-0.0341005
-0.0345168
-0.0344756
-0.0342057
-0.033765
-0.0330941
-0.0320543
-0.0304956
-0.0283536
-0.0257547
-0.0230171
-0.0204271
-0.0180557
-0.0157189
-0.0129997
-0.00940639
-0.00458729
0.00145409
0.00820775
0.0148539
0.0208092
0.0257975
0.029733
0.0326497
0.0347724
0.0364282
0.0377721
0.0388432
0.039668
0.0403014
0.0407865
0.0411671
0.0415139
0.0418993
0.0423106
0.0425864
0.0424182
0.0414114
0.0392149
0.0357081
0.0311519
0.0260506
0.0207247
0.0153302
0.00992967
0.00451505
-0.000954019
-0.00650251
-0.0120993
-0.0176536
-0.0230335
-0.0280815
-0.0326274
-0.0364612
-0.0394296
-0.0415192
-0.0427971
-0.043427
-0.0437489
-0.0441621
-0.0449404
-0.0461959
-0.0478877
-0.049913
-0.0521078
-0.0542057
-0.0558773
-0.0568769
-0.0571324
-0.0567775
-0.0560233
-0.0549896
-0.0537454
-0.0523587
-0.0508882
-0.0492936
-0.0474316
-0.0451151
-0.0421916
-0.0386044
-0.0343778
-0.0297308
-0.0251603
-0.0213228
-0.0187301
-0.0175682
-0.0176146
-0.0184759
-0.019897
-0.0216625
-0.0234847
-0.0250019
-0.0259216
-0.0260777
-0.0254987
-0.0244207
-0.0230719
-0.0215414
-0.0198169
-0.0178205
-0.0154049
-0.0123392
-0.00844196
-0.00375814
0.00134189
0.00627119
0.0103415
0.0128387
0.0131569
0.0109769
0.00661426
0.000990524
-0.00522914
-0.0115797
-0.0176211
-0.0229871
-0.0275419
-0.0313644
-0.034516
-0.0369615
-0.038623
-0.0393699
-0.0391279
-0.0379939
-0.0360854
-0.0333675
-0.0297874
-0.0254479
-0.0206534
-0.0157087
-0.0107939
-0.00602521
-0.0015119
0.00254575
0.00579556
0.00776732
0.00791686
0.00587328
0.0018078
-0.00349627
-0.00925887
-0.0148431
-0.0196762
-0.0233248
-0.0256338
-0.026848
-0.0274441
-0.0277241
-0.027848
-0.0279284
-0.0280318
-0.0281657
-0.0283025
-0.0284102
-0.0284542
-0.0284043
-0.028234
-0.0279326
-0.0275148
-0.0270261
-0.0265054
-0.0259703
-0.0254263
-0.0248836
-0.0243674
-0.0239236
-0.0236041
-0.0234466
-0.023441
-0.023525
-0.0236024
-0.0235367
-0.0231537
-0.0222654
-0.0207066
-0.0184551
-0.0157573
-0.0131315
-0.0111179
-0.0101823
-0.0105884
-0.0122142
-0.0145723
-0.0172736
-0.0201407
-0.0231185
-0.0262087
-0.0293852
-0.0325323
-0.0353966
-0.0375974
-0.0386984
-0.0383249
-0.0363862
-0.0332768
-0.0297159
-0.0262283
-0.0231207
-0.0205033
-0.0182675
-0.0162048
-0.0142193
-0.0123526
-0.0107356
-0.0095141
-0.00875814
-0.00839234
-0.00824019
-0.00819104
-0.00819352
-0.00822922
-0.00830145
-0.00841097
-0.00853497
-0.00861303
-0.00855352
-0.00826412
-0.0077068
-0.00696338
-0.00628359
-0.00606212
-0.00672205
-0.0085829
-0.0116907
-0.015755
-0.0204377
-0.0255084
-0.030745
-0.0358862
-0.0406833
-0.0449307
-0.0484885
-0.0512972
-0.0534409
-0.0552062
-0.0569384
-0.0588397
-0.0609565
-0.0631978
-0.0654003
-0.0674265
-0.0692041
-0.0707618
-0.0722294
-0.0737499
-0.0754059
-0.0771923
-0.0790109
-0.0807113
-0.0821605
-0.0832818
-0.084092
-0.0846785
-0.085066
-0.0851992
-0.0849446
-0.0840173
-0.0819066
-0.0780602
-0.0721924
-0.0645956
-0.0561209
-0.0474359
-0.0390159
-0.0312073
-0.0241602
-0.0177978
-0.0117684
-0.00553738
0.00123966
0.00853749
0.0159915
0.0231484
0.0296834
0.0354404
0.040355
0.0444509
0.0478878
0.0508405
0.0533575
0.0554359
0.0570778
0.0582398
0.0589298
0.0592977
0.0595808
0.0599291
0.0603877
0.0609104
0.061396
0.0617537
0.0619301
0.0619401
0.0618629
0.0617691
0.0616927
0.0616335
0.0615642
0.0614638
0.0613326
0.0612042
0.061144
0.0612218
0.0614823
0.0619136
0.0624323
0.0629291
0.0633322
0.0636104
0.063752
0.0636971
0.0633112
0.062437
0.0609789
0.0590006
0.0567361
0.0544008
0.0521927
0.0502956
0.0488207
0.0477476
0.0468929
0.0458852
0.044164
0.0410814
0.0361162
0.0292334
0.0211505
0.0128267
0.00516108
-0.00138194
-0.00675825
-0.0109809
-0.0141556
-0.0164573
-0.0181096
-0.0191629
-0.0195116
-0.0190331
-0.0176277
-0.015319
-0.0123316
-0.00890697
-0.00519851
-0.00134305
0.00249539
0.0061465
0.00947827
0.0124026
0.0148547
0.0168175
0.0183721
0.0196469
0.0206706
0.0214019
0.0217899
0.021776
0.021217
0.0199767
0.0180677
0.0157155
0.0132652
0.0111614
0.00989362
0.00978548
0.0108128
0.0126087
0.0148465
0.0173163
0.0198399
0.0222447
0.0243821
0.0261558
0.0275366
0.0285823
0.0293771
0.0299025
0.0300631
0.0297219
0.0286787
0.0267836
0.0240812
0.020807
0.0170962
0.0130433
0.00881692
0.00470342
0.00107842
-0.00178271
-0.00382153
-0.0052865
-0.00664561
-0.00829778
-0.0105219
-0.0134319
-0.0169578
-0.0209947
-0.0253397
-0.0296386
-0.0334806
-0.0365417
-0.0386277
-0.0396266
-0.0394886
-0.0383724
-0.0366243
-0.034373
-0.0315906
-0.0282435
-0.0243563
-0.019966
-0.0150528
-0.00964676
-0.0039078
0.00192215
0.00760479
0.0129038
0.0175956
0.0214907
0.0245043
0.0267375
0.0283844
0.0296133
0.0306488
0.0318072
0.033372
0.0354826
0.0380787
0.0409266
0.0438277
0.0466874
0.0495008
0.0523441
0.0553296
0.0585355
0.0619446
0.0654102
0.0686867
0.0715392
0.0737883
0.0753031
0.0759651
0.075769
0.0748606
0.0733259
0.0711165
0.0681903
0.0646506
0.0607584
0.0568196
0.0532134
0.0503524
0.0484977
0.0476092
0.0473052
0.0471274
0.0467256
0.0458621
0.0444397
0.0424798
0.0399604
0.0368748
0.0333401
0.0296423
0.0261324
0.023057
0.020508
0.0183845
0.016444
0.0144727
0.0122979
0.00979755
0.00693999
0.00379654
0.000482136
-0.00287421
-0.00610964
-0.00903404
-0.0114811
-0.0133646
-0.0147097
-0.0155899
-0.0161112
-0.0164605
-0.0168488
-0.0173537
-0.0179012
-0.0182933
-0.0182879
-0.0177194
-0.0165769
-0.0150068
-0.0131238
-0.0109049
-0.00824841
-0.00505165
-0.00126752
0.00302204
0.00749348
0.011555
0.0145802
0.0163553
0.0171699
0.0174867
0.0175585
0.0174407
0.0170579
0.0162651
0.0149599
0.0131968
0.0111999
0.00915526
0.00721254
0.00550928
0.00417399
0.00334548
0.00313116
0.00361587
0.00499373
0.00744742
0.0109566
0.0152688
0.0201737
0.0254045
0.0305378
0.0351187
0.0388333
0.0415072
0.0429255
0.0428292
0.0411262
0.0379893
0.0335464
0.0278044
0.0209257
0.0134763
0.00636308
0.000209312
-0.0049115
-0.00927849
-0.0128776
-0.0154147
-0.0165255
-0.0159656
-0.0139184
-0.0110414
-0.00793801
-0.00501981
-0.00258094
-0.000820666
3.08828e-05
-0.000226001
-0.00160624
-0.00380339
-0.00631106
-0.0087851
-0.0110416
-0.0130038
-0.0146701
-0.0160264
-0.0170772
-0.0178886
-0.0186066
-0.0193774
-0.0202951
-0.0213816
-0.0225733
-0.0237198
-0.0246166
-0.0250429
-0.0248465
-0.0240465
-0.0228637
-0.0215649
-0.0204963
-0.0201007
-0.0208444
-0.0230782
-0.0268356
-0.0317917
-0.0376549
-0.0441684
-0.0509313
-0.0573732
-0.0629566
-0.0673187
-0.0703923
-0.0724709
-0.0739445
-0.0749735
-0.0755408
-0.0754961
-0.0744847
-0.0721384
-0.0683422
-0.0634393
-0.0581134
-0.0529375
-0.0483284
-0.0445155
-0.0414337
-0.03873
-0.0359954
-0.032954
-0.0295047
-0.0257567
-0.0219783
-0.0184546
-0.0154129
-0.0129439
-0.0109097
-0.00896531
-0.00677169
-0.00406452
-0.000715999
0.00320379
0.00750551
0.0119061
0.0159905
0.0192266
0.0210787
0.0212051
0.0197012
0.0171593
0.0142137
0.0112443
0.00843264
0.00580894
0.00332241
0.00094325
-0.00130127
-0.00332647
-0.00499472
-0.00611523
-0.00651895
-0.00617636
-0.00524382
-0.00389513
-0.00211568
0.000233746
0.00330203
0.00711789
0.0115482
0.0164784
0.021718
0.0268883
0.0314341
0.0347844
0.0366195
0.0370916
0.0368292
0.0364334
0.0363211
0.0367365
0.0376993
0.0390326
0.0405413
0.0420097
0.0431694
0.0437115
0.0433037
0.0416753
0.0387828
0.0349233
0.0305339
0.0259286
0.0213555
0.0170541
0.013238
0.0100469
0.00745123
0.00517433
0.00269931
-0.000473826
-0.00449063
-0.00900277
-0.0132219
-0.0163491
-0.017983
-0.018277
-0.0177646
-0.0168499
-0.0158269
-0.0149539
-0.0144527
-0.0145131
-0.0152447
-0.0165959
-0.0182634
-0.0197162
-0.0204876
-0.0204225
-0.019705
-0.0186525
-0.0174632
-0.0162212
-0.0149301
-0.0135377
-0.0119782
-0.0102277
-0.00836631
-0.00660312
-0.0052289
-0.00451129
-0.00459528
-0.0053942
-0.00663209
-0.0081879
-0.0100797
-0.012364
-0.0150611
-0.0180752
-0.0212292
-0.024327
-0.0271367
-0.029398
-0.0308502
-0.0312201
-0.0303805
-0.0285411
-0.0262193
-0.0237867
-0.0214658
-0.0193876
-0.0175752
-0.0159664
-0.0144777
-0.0130793
-0.0117808
-0.0106024
-0.00953873
-0.00854668
-0.0075862
-0.00661057
-0.00555549
-0.00435054
-0.00293441
-0.00126066
0.000708173
0.00294679
0.00531251
0.00755225
0.00942195
0.0107443
0.0114747
0.0117474
0.0117665
0.0116705
0.0115611
0.0115437
0.0117454
0.0123286
0.0134609
0.0152418
0.0176388
0.0205453
0.0238482
0.0273331
0.0306064
0.0331335
0.0344363
0.0342651
0.0327788
0.0304761
0.0275792
0.0240768
0.0199012
0.0150527
0.00966295
0.00383498
-0.00226724
-0.00833944
-0.0140197
-0.0190774
-0.0235064
-0.0275401
-0.0314773
-0.0354475
-0.0394038
-0.0431659
-0.0465407
-0.0494777
-0.05215
-0.0549144
-0.0580329
-0.0614404
-0.0647083
-0.0672135
-0.0685074
-0.0684958
-0.0673855
-0.0652183
-0.0619538
-0.0575929
-0.0520348
-0.045139
-0.036998
-0.0281956
-0.0196966
-0.0121232
-0.00559206
0.000177725
0.00545077
0.0103436
0.0149009
0.0191193
0.0229587
0.0263038
0.0290712
0.0312987
0.033106
0.0345315
0.0355865
0.0363312
0.0368961
0.0374071
0.0379393
0.0385287
0.0391781
0.039855
0.0405045
0.0410753
0.0415457
0.0419419
0.0423529
0.0429193
0.043797
0.0450908
0.0467695
0.048602
0.0501851
0.0510066
0.050553
0.0484987
0.0449432
0.0404393
0.0355222
0.0306068
0.0260554
0.0221417
0.0190136
0.0166691
0.0150469
0.0141059
0.013749
0.0138495
0.0144042
0.0154351
0.0168617
0.0184586
0.0199619
0.0211618
0.0219289
0.0222562
0.0222316
0.0218551
0.0210589
0.0197778
0.017977
0.0155868
0.0124476
0.00845017
0.00370215
-0.00141544
-0.0064586
-0.0110791
-0.0150158
-0.0180437
-0.0200176
-0.0210128
-0.0213609
-0.021387
-0.0212589
-0.0210581
-0.0208467
-0.0207178
-0.0208216
-0.0213675
-0.0225863
-0.0246499
-0.0276618
-0.0318312
-0.0372984
-0.0438806
-0.0510304
-0.0581852
-0.0648675
-0.0706641
-0.0752616
-0.0785158
-0.0805498
-0.0816038
-0.0818537
-0.0815308
-0.0809762
-0.0804176
-0.0797108
-0.0783672
-0.0756897
-0.0710107
-0.0640423
-0.0552536
-0.0459164
-0.0373255
-0.0301744
-0.0244604
-0.0197264
-0.0156319
-0.0119381
-0.00841225
-0.00480899
-0.000895569
0.0034756
0.00833261
0.0135238
0.0187056
0.0234892
0.0275155
0.0305186
0.0323696
0.0329526
0.0321877
0.0302502
0.0276488
0.0249066
0.022344
0.0200972
0.0181161
0.0161995
0.0141389
0.0117772
0.00906058
0.00610422
0.00319515
0.000678929
-0.00112271
-0.00197411
-0.0017204
-0.000215981
0.00249752
0.0060286
0.00978145
0.013374
0.0166434
0.0195496
0.0220285
0.0239852
0.0253162
0.0259149
0.025788
0.0251241
0.0241506
0.0229453
0.0214879
0.0197373
0.0176854
0.015377
0.0129455
0.0106623
0.00893051
0.00818097
0.00868163
0.0103499
0.0127155
0.01528
0.0177676
0.0201188
0.0224781
0.0251347
0.0283573
0.0322477
0.0366232
0.0410445
0.0451266
0.0486098
0.0514021
0.053557
0.0550264
0.0557085
0.0555325
0.0544213
0.052289
0.0492212
0.0455437
0.041558
0.0375134
0.0336762
0.0303327
0.0277429
0.026052
0.0251875
0.0248875
0.0250308
0.025697
0.0270589
0.0292874
0.0325306
0.0369634
0.0425749
0.0489419
0.0552663
0.0608971
0.0655594
0.0693088
0.0722385
0.0743113
0.0754272
0.0754178
0.0740842
0.0714228
0.0677351
0.0633239
0.0583444
0.0529426
0.0473381
0.0417737
0.0364845
0.0317136
0.0276923
0.0246426
0.0228014
0.0223132
0.0231252
0.0248837
0.0271542
0.0297309
0.0325647
0.0356627
0.0390362
0.0427012
0.0466163
0.0506055
0.0543312
0.0573649
0.0594005
0.0604367
0.0608072
0.0608951
0.0609353
0.061034
0.061178
0.0612517
0.061077
0.0604834
0.059385
0.0578631
0.05615
0.0544452
0.0528773
0.0514849
0.0501672
0.0486696
0.0465975
0.0434918
0.0389754
0.0329853
0.0259559
0.018666
0.0117348
0.0055773
0.000435779
-0.00354417
-0.00632999
-0.00790056
-0.00831701
-0.0078513
-0.00681047
-0.00511809
-0.00242661
0.00162905
0.00716667
0.0139022
0.0213633
0.0287222
0.0347185
0.0378933
0.0370419
0.0317982
0.0231812
0.013425
0.0041977
-0.00358054
-0.00968711
-0.014537
-0.0185085
-0.0219303
-0.025113
-0.0282347
-0.0313674
-0.034557
-0.0378243
-0.0410529
-0.0439822
-0.0462553
-0.0475271
-0.0476121
-0.0466403
-0.0450215
-0.0429912
-0.040647
-0.0380694
-0.0353662
-0.0326717
-0.0300624
-0.0275622
-0.0251428
-0.0227243
-0.0202162
-0.0175748
-0.014821
-0.0120472
-0.00939095
-0.00693597
-0.00463102
-0.00226807
0.000447025
0.00368278
0.00738038
0.0112787
0.015136
0.0187504
0.0219376
0.02451
0.0263027
0.0272846
0.0276448
0.0277102
0.0276918
0.0276967
0.0277676
0.0278878
0.0279979
0.028011
0.0278334
0.0273901
0.0266544
0.025672
0.0245254
0.0231806
0.0214961
0.0192849
0.0163962
0.0128266
0.0087343
0.00422308
-0.000656775
-0.00578717
-0.0108917
-0.0154918
-0.0189443
-0.0205592
-0.0197865
-0.0164891
-0.0112334
-0.00502552
0.00150555
0.00807736
0.0146126
0.0211841
0.0278903
0.0347511
0.0416173
0.0481605
0.053905
0.0582952
0.060814
0.0611144
0.0589335
0.0544266
0.0482426
0.0408552
0.0327319
0.0244763
0.0165427
0.00918174
0.00246188
-0.00365832
-0.00909991
-0.0137164
-0.0173693
-0.019874
-0.0211974
-0.0216139
-0.0215426
-0.0213111
-0.0212048
-0.0214998
-0.0224197
-0.0240669
-0.026327
-0.028866
-0.0313468
-0.0335053
-0.0351639
-0.0362846
-0.0369893
-0.0374579
-0.0378007
-0.0380738
-0.0383055
-0.0385003
-0.0386147
-0.0385324
-0.0380926
-0.0371394
-0.0355547
-0.0332846
-0.0304494
-0.0273749
-0.0244042
-0.0218295
-0.019866
-0.0186014
-0.0180242
-0.0180413
-0.0183744
-0.0185152
-0.0178929
-0.0161312
-0.0132098
-0.00947599
-0.00531243
-0.00109516
0.00270308
0.00547873
0.00653035
0.0052669
0.00152107
-0.0043712
-0.0120826
-0.0210245
-0.0301699
-0.038526
-0.0454732
-0.0506945
-0.0538394
-0.0547449
-0.0536255
-0.050812
-0.0467135
-0.0419622
-0.0371438
-0.0326049
-0.0285053
-0.024858
-0.0216308
-0.0188377
-0.0164916
-0.0145653
-0.0130654
-0.0120293
-0.0114268
-0.011089
-0.0107704
-0.010328
-0.00975694
-0.00919666
-0.00890694
-0.00917034
-0.01021
-0.0120878
-0.0146622
-0.0177815
-0.0214987
-0.0259664
-0.031261
-0.0372054
-0.0432843
-0.0488464
-0.0533012
-0.0562114
-0.0573118
-0.0564508
-0.0538485
-0.0501401
-0.045803
-0.0410649
-0.0360378
-0.0307496
-0.0252581
-0.019708
-0.0142566
-0.00909265
-0.00445701
-0.00067002
0.0018228
0.00260959
0.00147385
-0.00137796
-0.00527706
-0.00965475
-0.0141598
-0.0185421
-0.0226196
-0.0262567
-0.0293711
-0.0319296
-0.0340298
-0.0359463
-0.0380246
-0.0405105
-0.0434967
-0.046862
-0.0502711
-0.0533554
-0.0558709
-0.0577568
-0.0591013
-0.0599005
-0.0600965
-0.0596747
-0.0586832
-0.0571338
-0.0550608
-0.0524909
-0.0492953
-0.0452938
-0.0404182
-0.0348533
-0.0290181
-0.0232002
-0.0175396
-0.0120678
-0.00674846
-0.00154231
0.0035751
0.00859594
0.0134404
0.0179179
0.0217693
0.0247191
0.0264717
0.0268667
0.0260994
0.0247387
0.0232922
0.0220743
0.0212256
0.0207023
0.0203485
0.0199833
0.0194046
0.0183946
0.0167241
0.0141104
0.0102798
0.0051586
-0.000923246
-0.00726695
-0.0133522
-0.0190173
-0.0243295
-0.029279
-0.0337483
-0.037556
-0.0404516
-0.0421415
-0.0424808
-0.0416963
-0.0403306
-0.0386804
-0.0367796
-0.0344836
-0.0314538
-0.0271939
-0.0212954
-0.0137917
-0.00544835
0.00210368
0.00715539
0.00976163
0.0105159
0.00978824
0.00797971
0.00540649
0.00222071
-0.00143101
-0.00519483
-0.00851236
-0.0109069
-0.0121896
-0.0125086
-0.0121756
-0.0114179
-0.0104635
-0.00956533
-0.00894887
-0.00881263
-0.00933762
-0.0106937
-0.0129873
-0.0161651
-0.0201047
-0.0247083
-0.0297746
-0.0348935
-0.0395607
-0.0434566
-0.0465513
-0.0490501
-0.0511092
-0.0528478
-0.0543838
-0.0557258
-0.0568105
-0.0575167
-0.0576157
-0.0568331
-0.0549973
-0.052186
-0.0487037
-0.0446847
-0.0401535
-0.0351659
-0.0298827
-0.0245512
-0.0193625
-0.0144423
-0.00983293
-0.00544875
-0.00108256
0.00347391
0.00832479
0.013442
0.01869
0.0239122
0.0289421
0.033626
0.0378863
0.041778
0.045475
0.0490847
0.0523349
0.0545969
0.055118
0.053456
0.0498644
0.0452055
0.0400288
0.0345767
0.028953
0.0231763
0.0172972
0.0114574
0.00586063
0.000714386
-0.0037756
-0.0073662
-0.00983796
-0.0111799
-0.0116918
-0.011786
-0.0117159
-0.0116137
-0.0115419
-0.0115145
-0.0115198
-0.011526
-0.0114966
-0.0114026
-0.0112339
-0.0110125
-0.0108097
-0.0107572
-0.0110279
-0.011783
-0.0130946
-0.0148578
-0.0167954
-0.0186505
-0.0202096
-0.0213173
-0.0219374
-0.0221876
-0.022273
-0.022313
-0.0223382
-0.022313
-0.0221544
-0.0217702
-0.0211059
-0.0201917
-0.0191417
-0.0180465
-0.0169028
-0.0156291
-0.0141145
-0.0123167
-0.0103513
-0.00852977
-0.00727746
-0.00686345
-0.00725278
-0.00808844
-0.00893977
-0.00949986
-0.00961441
-0.00932365
-0.00881866
-0.00822335
-0.00756974
-0.00682536
-0.00591671
-0.00478876
-0.00346775
-0.00211505
-0.00101537
-0.00045278
-0.000561315
-0.00120901
-0.0019931
-0.00247976
-0.0022639
-0.00104769
0.00124271
0.00437587
0.00782407
0.0111116
0.0139287
0.0161097
0.0175758
0.0182289
0.0181184
0.0174873
0.0164516
0.0149439
0.0130172
0.0108904
0.00874782
0.00662714
0.00444911
0.00210562
-0.000340501
-0.00253473
-0.00397671
-0.00445316
-0.00408464
-0.00303505
-0.00150132
0.000276408
0.0022038
0.00429857
0.00659164
0.00903783
0.0114565
0.0135561
0.0150899
0.0160175
0.0165309
0.0168933
0.0173938
0.018335
0.0199242
0.0220895
0.0244172
0.0263243
0.0274288
0.0276887
0.0273978
0.0269235
0.0265062
0.026256
0.0261642
0.0261819
0.0262546
0.0263383
0.0264086
0.0264648
0.0265202
0.0265907
0.0266824
0.0267935
0.0269079
0.0269885
0.0269683
0.0267426
0.0261516
0.0250123
0.0231861
0.0206064
0.017173
0.0128296
0.00771282
0.00215415
-0.00346964
-0.0087148
-0.013148
-0.0165121
-0.0188057
-0.020162
-0.020558
-0.0199439
-0.0183705
-0.0159076
-0.0128428
-0.00985906
-0.00793781
-0.00783505
-0.00969704
-0.0129773
-0.0169043
-0.0207821
-0.023925
-0.025665
-0.025483
-0.0232121
-0.0190928
-0.0136446
-0.00778608
-0.00250437
0.00188633
0.00542596
0.00808516
0.0098958
0.0111314
0.0122633
0.013595
0.0150229
0.0161045
0.016318
0.0153165
0.0130156
0.00945943
0.0048576
-0.000437327
-0.00593445
-0.0110006
-0.0151124
-0.0180863
-0.0200584
-0.021199
-0.0217154
-0.0217258
-0.0210888
-0.019529
-0.0168271
-0.0129791
-0.00817568
-0.00272854
0.00294125
0.00861045
0.0142851
0.0199286
0.02522
0.029595
0.0325475
0.0339323
0.0338562
0.0325198
0.0303136
0.0276125
0.0246487
0.0215845
0.0185417
0.0156117
0.012832
0.0102398
0.00802023
0.00647749
0.00574905
0.00570473
0.0060805
0.0066423
0.00721237
0.00778733
0.008488
0.00934926
0.0102478
0.0109783
0.0115222
0.0121538
0.0133372
0.0154017
0.0184044
0.022128
0.0261006
0.0296455
0.032227
0.0337596
0.034597
0.0351302
0.0355305
0.0358068
0.0359079
0.0357858
0.0354509
0.0349792
0.0345267
0.0342822
0.0343439
0.0346607
0.0350567
0.035392
0.0355888
0.0356224
0.0354998
0.0352438
0.0349097
0.0345811
0.0343853
0.0344929
0.0351084
0.0363928
0.0383756
0.0409092
0.0435724
0.0457438
0.047009
0.0472798
0.0466923
0.0451794
0.0425495
0.0387043
0.0337531
0.0279509
0.0217013
0.0156423
0.0104376
0.00631237
0.00291363
-0.000475403
-0.00418079
-0.00800561
-0.0113807
-0.0137629
-0.0149354
-0.0151458
-0.0149513
-0.0147192
-0.014583
-0.0144619
-0.0141062
-0.013215
-0.0115412
-0.00898806
-0.00567369
-0.00193507
0.00196788
0.00599701
0.0101056
0.0140073
0.0172038
0.0192325
0.0199806
0.0197439
0.0189034
0.0177406
0.0164494
0.0150204
0.013253
0.0109054
0.00793031
0.00463939
0.00165197
-0.000484834
-0.00145333
-0.00124971
-9.38786e-05
0.0017274
0.00379223
0.00564397
0.00707157
0.00812885
0.00900434
0.00980998
0.0105487
0.0111439
0.0114826
0.0114714
0.0110576
0.0102265
0.00907277
0.00782174
0.00670536
0.00591035
0.00555161
0.00566737
0.00630541
0.00749486
0.00916003
0.0110554
0.0128534
0.0145051
0.0162553
0.0184718
0.0213805
0.0249027
0.0285522
0.0315382
0.0332679
0.0335653
0.0326699
0.0308713
0.0285843
0.0263838
0.0247028
0.0236181
0.022804
0.0216756
0.0198404
0.017258
0.0142145
0.0110488
0.00803901
0.00538576
0.00317182
0.00139253
-5.21215e-05
-0.0014023
-0.00302418
-0.00526804
-0.00838346
-0.0124193
-0.0172128
-0.0226253
-0.0284544
-0.0343258
-0.0397654
-0.0444038
-0.0480069
-0.0503828
-0.0514361
-0.0513333
-0.0504705
-0.0492174
-0.0479532
-0.0469931
-0.0464888
-0.0464224
-0.046666
-0.047112
-0.0476575
-0.0481785
-0.0485646
-0.0487884
-0.0489117
-0.0490589
-0.0493388
-0.0497457
-0.0501229
-0.0501595
-0.0494474
-0.047611
-0.0445029
-0.0403649
-0.0357887
-0.031609
-0.0286224
-0.0271833
-0.0271479
-0.0282304
-0.030169
-0.0326253
-0.0352363
-0.0377172
-0.0398251
-0.0413584
-0.0422341
-0.0425665
-0.0426557
-0.0427599
-0.0430186
-0.0434505
-0.0439384
-0.0442488
-0.0440737
-0.0431138
-0.0412021
-0.0384316
-0.0352046
-0.0320069
-0.0292347
-0.027174
-0.025993
-0.0257069
-0.0260687
-0.0266148
-0.0270287
-0.02717
-0.0270214
-0.0266159
-0.0260047
-0.025244
-0.0243239
-0.0231769
-0.0217299
-0.0199573
-0.0179204
-0.0157864
-0.0137328
-0.0118694
-0.0102302
-0.00880791
-0.0076261
-0.00671481
-0.00607528
-0.00568804
-0.00551633
-0.00546048
-0.00533821
-0.00494471
-0.00415312
-0.00298908
-0.00169391
-0.000689877
-0.000357715
-0.000923331
-0.00241012
-0.00472637
-0.00761195
-0.0105644
-0.0129984
-0.014604
-0.0154814
-0.0161519
-0.0173099
-0.0194485
-0.0226983
-0.0267836
-0.0312854
-0.0358155
-0.0399926
-0.0434434
-0.0458245
-0.0469302
-0.0468271
-0.0458141
-0.044204
-0.0424203
-0.0410114
-0.040379
-0.0406299
-0.0415184
-0.042579
-0.0434627
-0.0439854
-0.0441412
-0.0440973
-0.0440538
-0.0441762
-0.0445522
-0.0451453
-0.0457627
-0.0460785
-0.0457514
-0.0445645
-0.0425394
-0.0399306
-0.0369323
-0.0336195
-0.0300172
-0.0261268
-0.0218943
-0.0172738
-0.0123327
-0.00730005
-0.00254027
0.00148445
0.00435895
0.00588488
0.00613415
0.00518448
0.00304078
-0.000137252
-0.0039178
-0.00777226
-0.0110932
-0.0132119
-0.0135996
-0.0121571
-0.00932198
-0.00569906
-0.00185053
0.00163918
0.00425227
0.00567606
0.00592454
0.00531862
0.00414549
0.00271478
0.00145286
0.00082432
0.00105387
0.00188565
0.00253066
0.00193705
-0.000395534
-0.00409876
-0.0080308
-0.011093
-0.0128899
-0.0136587
-0.0136617
-0.0130411
-0.0119226
-0.0104779
-0.00900676
-0.00791931
-0.007512
-0.00780676
-0.00865502
-0.00984971
-0.0111095
-0.0121756
-0.0129045
-0.0132819
-0.0133863
-0.013232
-0.0127986
-0.012108
-0.0112924
-0.010649
-0.0106084
-0.0115609
-0.013682
-0.016842
-0.0207229
-0.024792
-0.028393
-0.0312526
-0.0335703
-0.0356116
-0.0374532
-0.0389877
-0.039982
-0.0401927
-0.0395048
-0.0380002
-0.0359277
-0.0337289
-0.031822
-0.0302987
-0.0289608
-0.027592
-0.0260619
-0.0243305
-0.0224076
-0.0203554
-0.0182996
-0.0163923
-0.0147728
-0.013531
-0.0126888
-0.0122451
-0.0121751
-0.0123825
-0.0127186
-0.0129878
-0.0129352
-0.0122794
-0.010804
-0.00848606
-0.00562434
-0.00279206
-0.000452274
0.00114484
0.00202132
0.00255367
0.00339014
0.00503694
0.00750899
0.0102664
0.0125081
0.0138001
0.014206
0.0140546
0.0134714
0.0123903
0.0107197
0.00852053
0.00608545
0.00379281
0.0019071
0.00053609
-0.000362455
-0.000873062
-0.00105756
-0.000967782
-0.000582294
0.00017573
0.00137461
0.00305328
0.00530512
0.00823651
0.0118752
0.0161838
0.0211625
0.0267266
0.0326123
0.0384542
0.0437893
0.0480805
0.0508424
0.051844
0.0512188
0.0492544
0.0463903
0.0430771
0.0395442
0.0359156
0.032373
0.0291959
0.0266912
0.0250242
0.0240871
0.023485
0.0228101
0.0218483
0.0205934
0.0192061
0.0178289
0.0165124
0.0152256
0.0139207
0.0125951
0.0113152
0.0102106
0.00946419
0.00926678
0.00976257
0.0110429
0.01308
0.0156464
0.0184108
0.0210103
0.0230806
0.024365
0.024773
0.0243211
0.0230836
0.0213085
0.0194168
0.0177205
0.0164006
0.0155102
0.0149782
0.0147234
0.0146334
0.0145547
0.0143725
0.0140304
0.0135282
0.012912
0.0122251
0.0114571
0.0105543
0.00944082
0.00803156
0.00626027
0.00415514
0.0019047
-0.000149842
-0.00167711
-0.00251581
-0.00275407
-0.00266575
-0.00250376
-0.0024956
-0.00284357
-0.00366965
-0.00495654
-0.00652128
-0.00809758
-0.009334
-0.00984691
-0.0093387
-0.00772411
-0.0051805
-0.00195424
0.00174073
0.00572543
0.0100363
0.0148402
0.020259
0.0261923
0.032173
0.0373906
0.0409222
0.041967
0.0401373
0.0357174
0.0294593
0.0224958
0.0162063
0.0113265
0.00757154
0.00398533
5.15587e-05
-0.00408694
-0.00775585
-0.0102039
-0.01126
-0.011315
-0.0106702
-0.00958608
-0.00838458
-0.00731583
-0.00644633
-0.00565183
-0.00472953
-0.00363032
-0.00248827
-0.00146375
-0.000580613
0.000304741
0.00141226
0.00291904
0.0048812
0.00716814
0.00949687
0.0117026
0.0137516
0.0156482
0.0173032
0.0185417
0.0191715
0.0190931
0.0184154
0.0174403
0.0163596
0.0150621
0.013218
0.010504
0.00679304
0.00223757
-0.00289908
-0.00832446
-0.0136358
-0.0183295
-0.0219477
-0.0242196
-0.0252268
-0.0254021
-0.0250991
-0.0245065
-0.0237288
-0.0227914
-0.021695
-0.0204768
-0.019211
-0.0178949
-0.016449
-0.0147519
-0.0127033
-0.0103023
-0.00771304
-0.00526522
-0.0033032
-0.00203322
-0.00143119
-0.00124909
-0.00126235
-0.0013352
-0.00138985
-0.00139652
-0.00135728
-0.00129104
-0.00122002
-0.00116302
-0.0011331
-0.00113782
-0.00117904
-0.00125063
-0.00133404
-0.00139444
-0.00138135
-0.00123751
-0.00091874
-0.000421267
0.000191004
0.000784338
0.00123259
0.00156146
0.00191836
0.00240449
0.00304189
0.00379168
0.00463346
0.00558304
0.00665509
0.0078069
0.00891847
0.00980408
0.0102899
0.010394
0.010392
0.010721
0.0116368
0.0130951
0.0147564
0.0162181
0.0173232
0.0181257
0.0186298
0.0186471
0.0178522
0.0159131
0.0126898
0.00846055
0.00393342
-0.000239815
-0.00359588
-0.00574121
-0.00644931
-0.00580728
-0.00414179
-0.00173
0.00110423
0.00397845
0.0067541
0.00958318
0.012732
0.0162469
0.0198487
0.0230039
0.0250793
0.025515
0.024001
0.0206394
0.0162269
0.0121537
0.00947117
0.00852474
0.00914834
0.0108638
0.0128395
0.014178
0.0145528
0.0143505
0.0144788
0.0157125
0.0184405
0.0225792
0.0274844
0.0320111
0.0351517
0.0367661
0.0372879
0.036951
0.0358335
0.0340186
0.0316936
0.0292478
0.0271316
0.0255072
0.0242948
0.0234607
0.0229823
0.0227796
0.0227139
0.0226876
0.0226586
0.0226156
0.0225648
0.0225214
0.0225024
0.0225196
0.0225748
0.0226562
0.0227354
0.0227714
0.0227182
0.0225409
0.0222344
0.0218398
0.0214485
0.0211799
0.0211
0.021101
0.020871
0.0199447
0.0178735
0.0144694
0.00998183
0.00500732
0.000123881
-0.00414764
-0.00742157
-0.00964137
-0.0111985
-0.0128814
-0.0153729
-0.0186592
-0.0220322
-0.0246413
-0.0261532
-0.0268052
-0.0269615
-0.02685
-0.0265767
-0.0261522
-0.0255319
-0.0246775
-0.0235862
-0.0222523
-0.0207013
-0.0189836
-0.0170417
-0.014675
-0.0116952
-0.00812003
-0.00428068
-0.000741
0.00214353
0.00433125
0.00582877
0.00668355
0.00706536
0.00721129
0.00726465
0.00729679
0.00734619
0.00741626
0.00749145
0.00755104
0.0075793
0.00756915
0.00752505
0.00532606
0.00527385
0.00525954
0.00531
0.00543465
0.00561159
0.00577741
0.00583018
0.00565107
0.00514918
0.00432288
0.00332081
0.00247121
0.00220666
0.00280226
0.00414526
0.0057415
0.00708117
0.00791795
0.00828709
0.00836366
0.00828888
0.00816454
0.00805962
0.00800702
0.00801367
0.00807092
0.00816435
0.00827679
0.00838831
0.00847399
0.00850688
0.00846879
0.00838058
0.00833931
0.00850287
0.00902167
0.0099665
0.0112561
0.0126065
0.0136197
0.0141121
0.0141595
0.0139403
0.0136598
0.013558
0.0138868
0.0148434
0.0164782
0.0185989
0.0207632
0.0225215
0.023722
0.0244778
0.0248913
0.0250592
0.0250736
0.0249209
0.0245102
0.0237375
0.0225558
0.0210434
0.0194166
0.0178644
0.0162415
0.0140701
0.0107267
0.00587251
-5.96913e-05
-0.00589804
-0.0105195
-0.0134819
-0.0150076
-0.0154308
-0.0151115
-0.0145004
-0.0139531
-0.0136264
-0.0135103
-0.0135115
-0.0135578
-0.0136237
-0.0137202
-0.0138733
-0.0140821
-0.0142819
-0.0143231
-0.0139909
-0.0130694
-0.0114522
-0.00926437
-0.00691309
-0.00490028
-0.00355285
-0.00292595
-0.00281927
-0.00301251
-0.00332293
-0.00356548
-0.00355402
-0.00311584
-0.00214182
-0.000653717
0.0011216
0.00277819
0.00397421
0.00462772
0.00490153
0.00499958
0.00503008
0.00501039
0.00487925
0.0045293
0.00386342
0.00286443
0.00165203
0.000446486
-0.000637854
-0.00163118
-0.00267822
-0.00393678
-0.00550264
-0.00737143
-0.00945381
-0.0116112
-0.0136364
-0.0152737
-0.0162755
-0.0164831
-0.0158707
-0.0144635
-0.0124065
-0.01007
-0.00795419
-0.00641213
-0.00559212
-0.00546604
-0.0060039
-0.00725216
-0.00922355
-0.0118527
-0.0151083
-0.0188655
-0.0227827
-0.0263706
-0.0291373
-0.0307013
-0.0309474
-0.0301706
-0.0289131
-0.0275227
-0.0261678
-0.0249355
-0.0239131
-0.0232363
-0.0230728
-0.0235795
-0.0247977
-0.0266027
-0.0288188
-0.0312015
-0.0333966
-0.035061
-0.0360284
-0.0363919
-0.0364373
-0.0363245
-0.0360687
-0.0355932
-0.0347638
-0.0334719
-0.0317042
-0.0295176
-0.0269125
-0.0239487
-0.0209267
-0.0184009
-0.0169854
-0.0169862
-0.0182927
-0.020598
-0.0234767
-0.0263486
-0.028691
-0.0302331
-0.0309981
-0.0312214
-0.0311393
-0.0309763
-0.0308885
-0.0309069
-0.0309448
-0.0308152
-0.0302713
-0.0290759
-0.0270739
-0.0242276
-0.0207336
-0.0170213
-0.0134581
-0.0102493
-0.00745092
-0.00496219
-0.00257067
-0.000132919
0.00235576
0.0047819
0.00699043
0.00892581
0.0106897
0.0125532
0.0148483
0.0176734
0.0207563
0.0234238
0.0247899
0.0241984
0.0215296
0.0173347
0.0124162
0.00726813
0.00213644
-0.00285285
-0.00764061
-0.0121811
-0.0164092
-0.0202437
-0.0236099
-0.0264387
-0.0287127
-0.0305526
-0.0321976
-0.0337468
-0.0350016
-0.035561
-0.0350682
-0.0334205
-0.0308739
-0.0278649
-0.0247499
-0.0218041
-0.0191656
-0.016798
-0.0145337
-0.0122294
-0.00993426
-0.00787762
-0.00632443
-0.00539188
-0.00496822
-0.00480078
-0.00473458
-0.00471512
-0.00474978
-0.00487555
-0.00512048
-0.00546957
-0.00585289
-0.00620194
-0.00646346
-0.00657635
-0.00641314
-0.00579567
-0.00456922
-0.00269857
-0.000365983
0.00205276
0.00429307
0.00639796
0.00859272
0.0109218
0.0131214
0.0147521
0.0154735
0.0151934
0.0141061
0.0124691
0.0104786
0.0083391
0.00626277
0.00443524
0.00301129
0.00209149
0.00166814
0.00157331
0.00153067
0.00131975
0.00079631
-9.69554e-05
-0.00133587
-0.00286182
-0.00454399
-0.00615088
-0.00742086
-0.00827913
-0.00885273
-0.00932668
-0.00985558
-0.0105428
-0.0114113
-0.0123696
-0.0132025
-0.0135971
-0.0132401
-0.0119988
-0.0100671
-0.00791861
-0.00590863
-0.00414837
-0.00260906
-0.00127142
-0.000137663
0.00079452
0.00155041
0.00219497
0.00279283
0.0033667
0.00390864
0.00439855
0.00481264
0.00513697
0.00537434
0.00554357
0.00564609
0.00563539
0.00542702
0.00492413
0.0040383
0.002729
0.00107585
-0.000718927
-0.00248091
-0.00406149
-0.00532149
-0.00613376
-0.0063993
-0.00610616
-0.00533065
-0.00417517
-0.00283081
-0.00157867
-0.000624083
-2.49438e-05
0.000296252
0.000452336
0.000529518
0.000597575
0.000705239
0.00087656
0.00111288
0.00139379
0.00167682
0.00190505
0.0020288
0.00203194
0.00194988
0.00187669
0.00195528
0.00235302
0.00320748
0.0045488
0.00622029
0.00786521
0.00909026
0.00969043
0.00973047
0.00952027
0.00936111
0.00936231
0.00944232
0.00942384
0.00921392
0.00886439
0.00856858
0.00854456
0.00887152
0.00945966
0.010143
0.0107983
0.0113567
0.0118088
0.0122019
0.0126215
0.0131762
0.0139644
0.0150234
0.0162792
0.0175253
0.018497
0.0190328
0.0191329
0.0189296
0.0185018
0.0178401
0.0169222
0.0158125
0.0146941
0.0137704
0.0131813
0.0129587
0.0129962
0.0130963
0.0130512
0.0126644
0.0117967
0.0104387
0.00876291
0.00705492
0.00553049
0.0043398
0.00363447
0.00355507
0.0041544
0.00530749
0.00673715
0.0082567
0.0097673
0.0112284
0.0126531
0.0140744
0.0155091
0.016923
0.0182418
0.0194058
0.0204357
0.0214248
0.0224526
0.0235213
0.0245642
0.0255039
0.0263225
0.0270675
0.0278075
0.0285472
0.0292169
0.0296932
0.029866
0.0297214
0.029346
0.0288196
0.0281553
0.0273218
0.0262683
0.0249375
0.0232915
0.021369
0.0192864
0.0171225
0.0149355
0.0127966
0.0107885
0.0089837
0.00743141
0.00615358
0.00516719
0.00450235
0.0041578
0.00407327
0.00418036
0.00446105
0.00491185
0.00550836
0.00620305
0.00691651
0.00754145
0.00800027
0.00827741
0.00841986
0.00848937
0.00850584
0.00845437
0.00830277
0.00802319
0.00761951
0.00715004
0.00670853
0.00633335
0.00600569
0.00569268
0.00536928
0.00502109
0.00464011
0.00422517
0.00377947
0.00330906
0.00282857
0.0023651
0.00195215
0.00162707
0.00142214
0.00135063
0.00139135
0.00149736
0.00164942
0.00185288
0.00212149
0.00246631
0.00287999
0.00333856
0.00383341
0.00437509
0.004978
0.00564702
0.00636193
0.00706589
0.00767393
0.00812319
0.00840294
0.00856675
0.00870241
0.00886276
0.00906066
0.00928201
0.00951592
0.00978944
0.0101595
0.0106813
0.0113591
0.0121177
0.0128208
0.0133757
0.0137701
0.0140418
0.0142221
0.0143342
0.0143886
0.0143803
0.014299
0.0141367
0.0138789
0.0135094
0.0130273
0.0124493
0.0117957
0.0111067
0.0104555
0.00993212
0.00958679
0.00939168
0.00927505
0.00919347
0.00913132
0.00908995
0.00908197
0.009119
0.00920055
0.00931132
0.00942911
0.00952479
0.00957226
0.00956744
0.00953374
0.00951116
0.00952114
0.00955852
0.009596
0.00960326
0.00956448
0.00948505
0.00939037
0.00930691
0.00925397
0.00924438
0.00928925
0.00939063
0.00953476
0.00969807
0.00985512
0.00997758
0.0100397
0.0100379
0.0100002
0.0099696
0.00996998
0.00999957
0.0100348
0.0100483
0.0100181
0.00993195
0.00979101
0.00960183
0.00936877
0.00910063
0.00881785
0.00855159
0.00833058
0.00817151
0.00807104
0.00800007
0.0079129
0.00776248
0.00750849
0.0071267
0.00661512
0.00600897
0.00538283
0.00480962
0.00433139
0.00395464
0.00365143
0.00338117
0.00311675
0.00284623
0.00257166
0.0023051
0.00205985
0.00184569
0.00166546
0.00151539
0.00138961
0.00127883
0.00117118
0.00105871
0.000939633
0.000818206
0.0007033
0.000603459
0.00052257
0.000457588
0.000398376
0.000332782
0.000253396
0.000159856
6.02948e-05
-3.18171e-05
-0.000108937
-0.000171304
-0.0002235
-0.000265594
-0.000293334
-0.000301263
-0.000285894
-0.000250188
-0.000204878
-0.000162435
-0.000132941
-0.000124049
-0.000139418
-0.000176606
-0.000226136
-0.000275878
-0.000319629
-0.000357835
-0.000395823
-0.000439131
-0.0004882
-0.000538902
-0.000586956
-0.000632645
-0.000680348
-0.000734351
-0.000796139
-0.000864643
-0.000938706
-0.00101937
-0.00110868
-0.00120782
-0.00131538
-0.00142583
-0.00153115
-0.00162735
-0.00171508
-0.00179818
-0.00188012
-0.00196238
-0.00204404
-0.00212156
-0.00218942
-0.00224186
-0.0022756
-0.00229291
-0.00230304
-0.00231809
-0.0023453
-0.0023882
-0.00244631
-0.00251492
-0.00258888
-0.00266436
-0.00273856
-0.00280984
-0.00287786
-0.00294323
-0.00300706
-0.00307026
-0.00313321
-0.00319588
-0.00325809
-0.00331971
-0.00338082
-0.0034418
-0.00350329
-0.00356594
-0.00363013
-0.00369557
-0.00376126
-0.00382595
-0.0038888
-0.00394941
-0.00400781
-0.00406428
-0.00411922
-0.00417318
-0.0042269
-0.00428087
-0.00433519
-0.00438951
-0.00444321
-0.00449575
-0.00454703
-0.00459727
-0.00464682
-0.00469599
-0.00474507
-0.00479434
-0.00484394
-0.00489387
-0.00494385
-0.00499333
-0.00504165
-0.00508833
-0.00513335
-0.00517723
-0.00522088
-0.00526487
-0.00530946
-0.00535465
-0.00540024
-0.00544606
-0.00549193
-0.00553775
-0.00558348
-0.00562907
-0.00567446
-0.00571958
-0.00576441
-0.00580893
-0.00585313
-0.005897
-0.00594055
-0.00598376
-0.00602664
-0.00606921
-0.00611146
-0.00615341
-0.00619505
-0.00623638
-0.00627738
-0.00631805
-0.00635837
-0.00639835
-0.006438
-0.00647732
-0.00651632
-0.00655504
-0.00659347
-0.00663163
-0.00666951
-0.00670711
-0.00674438
-0.00678129
-0.00681783
-0.00685401
-0.00688985
-0.00692538
-0.00696062
-0.00699558
-0.00703026
-0.00706466
-0.00709877
-0.00713255
-0.007166
-0.00719912
-0.00723193
-0.00726444
-0.00729666
-0.00732858
-0.00736021
-0.00739155
-0.00742259
-0.00745334
-0.00748378
-0.00751391
-0.00754375
-0.00757328
-0.00760252
-0.00763145
-0.00766008
-0.0076884
-0.00771641
-0.00774412
-0.00777152
-0.0077986
-0.00782537
-0.00785184
-0.00787798
-0.00790382
-0.00792933
-0.00795453
-0.00797941
