-0.00290558
-0.00288902
-0.00287227
-0.00285521
-0.00283789
-0.00282024
-0.00280227
-0.00278406
-0.00276535
-0.00274643
-0.00272734
-0.00270793
-0.0026882
-0.00266822
-0.00264811
-0.00262797
-0.00260773
-0.00258743
-0.00256638
-0.00254254
-0.00251649
-0.00248956
-0.00246164
-0.00243148
-0.00239844
-0.00236226
-0.00232325
-0.00228079
-0.00223443
-0.00218354
-0.00212897
-0.00209032
-0.00208459
-0.00209145
-0.00209563
-0.00213847
-0.00220965
-0.00214055
-0.00194454
-0.00177799
-0.00183939
-0.0020594
-0.00224736
-0.00236776
-0.00250322
-0.00268418
-0.00280594
-0.00273209
-0.00257219
-0.00245737
-0.00237991
-0.00227044
-0.00210199
-0.00189788
-0.00168375
-0.00146087
-0.00121713
-0.000944352
-0.000645574
-0.000486352
-0.000846987
-0.00151546
-0.00210344
-0.00257527
-0.00310932
-0.00379876
-0.00454243
-0.0051987
-0.00536785
-0.00410942
-0.00206862
-0.000340978
0.000559326
0.000872302
0.0014112
0.00240133
0.003504
0.00444585
0.00522541
0.00521318
0.0027762
-0.00152451
-0.00499187
-0.00427258
0.00105507
0.0076861
0.0120481
0.00973516
0.000164403
-0.011065
-0.0175088
-0.0114372
0.00336753
0.0159922
0.0196575
0.00853441
-0.00751094
-0.0142735
-0.00580337
0.00825843
0.017829
0.0188389
0.0125669
0.00747545
0.00666248
0.00691177
0.00518702
0.00167297
-0.00199443
-0.00502714
-0.0075005
-0.00786495
-0.00612717
-0.00448553
-0.00378637
-0.00327944
-0.00225517
-0.000783591
0.000729583
0.00210011
0.0034132
0.00426848
0.00407968
0.00261527
-0.00461635
-0.0162986
-0.0221806
-0.00834801
0.0169649
0.0302442
0.0164349
-0.00682633
-0.019166
-0.0175225
-0.00809316
-0.000801917
0.00115287
-0.00127593
-0.00781258
-0.0150269
-0.0166971
-0.0112627
-0.00178548
0.00581603
0.00984285
0.00963709
0.00704797
0.00569175
0.00624092
0.00847688
0.0109282
0.0126655
0.0152042
0.0187897
0.021238
0.0204002
0.0133988
0.00382519
-0.00405864
-0.0104576
-0.0178792
-0.0279217
-0.0392314
-0.0479705
-0.0496338
-0.037471
-0.0189913
-0.00852516
-0.00523858
0.00014053
0.01168
0.0185069
0.0153593
0.0100813
0.00717284
0.00483915
0.00818645
0.0182558
0.0304617
0.0386131
0.0293719
0.0109463
-0.00243945
-0.00618859
0.00479401
0.0217179
0.0314887
0.0255983
0.0106299
-0.000226105
-0.00249489
0.000724131
0.00212977
-0.000372521
-0.00375879
-0.00548906
-0.00583253
-0.00620217
-0.00722498
-0.0085766
-0.00980962
-0.0101205
-0.00567028
0.00864076
0.0424828
0.0721946
0.0350787
-0.0482629
-0.110513
-0.106692
-0.041553
0.0526861
0.124727
0.113824
0.0498272
0.00448842
-0.000453729
0.018315
0.0429513
0.0642116
0.0744282
0.0584434
0.0247254
0.0127274
0.0253281
0.0366037
0.0373914
0.0330084
0.0155448
-0.00997184
-0.0226888
-0.0165015
-0.00878444
-0.00986998
-0.0161766
-0.0253116
-0.0351721
-0.0450767
-0.0541688
-0.0569563
-0.0555091
-0.055679
-0.0579713
-0.0564369
-0.0494929
-0.0417667
-0.0359643
-0.0310724
-0.0254419
-0.018828
-0.00954369
0.00463014
0.0202496
0.0344767
0.0396835
0.027753
0.006737
-0.007983
0.00551163
0.0478322
0.0995602
0.133378
0.127202
0.0873232
0.0364628
0.0110652
0.0197726
0.0322991
0.0282075
0.0149015
0.00653909
0.00911768
0.0172272
0.0236464
0.0280403
0.0179845
-0.0136686
-0.0481365
-0.0777956
-0.100132
-0.0595496
0.0389742
0.132596
0.160162
0.114317
0.0639625
0.0587956
0.080323
0.0890633
0.0770499
0.0606954
0.0521955
0.0500734
0.0493017
0.0463291
0.0247402
-0.022375
-0.072006
-0.087681
-0.0467366
0.0218688
0.0796645
0.100976
0.0738967
0.0138351
-0.040213
-0.076836
-0.0749842
-0.0149447
0.0616129
0.0889826
0.018792
-0.0849073
-0.139183
-0.0681721
0.0618875
0.162009
0.177691
0.0618605
-0.104785
-0.165971
-0.0619619
0.105421
0.192795
0.139319
0.0377938
-0.0137429
-0.0187081
-0.00564501
0.0191377
0.0477707
0.0735127
0.0899971
0.087947
0.0582197
0.0166858
-0.0040151
0.0152881
0.0408878
0.0424438
0.0105434
-0.0519619
-0.116715
-0.150439
-0.0991012
0.0246745
0.143218
0.205018
0.141185
-0.00368121
-0.113274
-0.0860166
0.00700978
0.057883
0.0493465
-0.00623453
-0.066355
-0.0752288
-0.0332965
0.00227338
-0.00474118
-0.0362812
-0.0570399
-0.0471308
-0.00634198
0.0353277
0.0578394
0.0476311
0.0245149
0.0128203
0.00987232
0.044615
0.139833
0.230824
0.207082
0.109145
0.0364238
0.0241766
0.0709486
0.117671
0.130863
0.0965732
0.0231517
-0.043218
-0.0752474
-0.0702605
-0.0547871
-0.0416643
-0.0142597
0.0378793
0.110797
0.185145
0.255099
0.249361
0.120166
-0.0366885
-0.10538
-0.0475693
0.0711456
0.160236
0.146239
0.0317479
-0.0799729
-0.0989986
-0.0107667
0.111828
0.186139
0.17826
0.11157
0.0608906
0.0604909
0.104552
0.16998
0.20538
0.119114
-0.104858
-0.31735
-0.321959
-0.1268
0.0747301
0.129811
0.0191023
-0.101018
-0.144368
-0.10177
-0.0265095
0.0185215
0.0350803
0.0541228
0.0780072
0.09169
0.0740124
0.0296839
-0.0244129
-0.0716658
-0.0695315
0.0509138
0.305667
0.559639
0.687034
0.658467
0.504548
0.238608
-0.0982425
-0.339383
-0.323244
-0.152273
0.0127259
0.116143
0.15564
0.131396
0.0730442
0.0239799
-0.00543954
-0.0232019
-0.0416451
-0.0579296
-0.0711663
-0.0837317
-0.0887571
-0.0747682
-0.0316191
0.0283688
0.0765857
0.106981
0.133986
0.169184
0.199242
0.187602
0.104661
-0.0222866
-0.144982
-0.243596
-0.312521
-0.341593
-0.292943
-0.0946956
0.25072
0.595644
0.721037
0.47562
0.113279
-0.0894029
-0.0844961
0.0504029
0.229497
0.41633
0.588288
0.61751
0.432162
0.0784018
-0.293456
-0.39603
-0.203127
0.0276949
0.0989647
0.00651242
-0.126879
-0.198664
-0.169421
-0.0518207
0.0843863
0.162921
0.140097
0.0145215
-0.154492
-0.231392
-0.15962
-0.0179497
0.0975804
0.17685
0.21814
0.162777
0.0469817
-0.0316785
-0.0204015
0.0238502
0.0359433
0.0166974
0.0014373
0.016295
0.0659624
0.140857
0.167172
0.108275
0.0350849
-0.00526578
0.04473
0.187856
0.330543
0.417862
0.37411
0.222918
0.0876708
0.0224962
0.0440148
0.104686
0.13712
0.130569
0.0697112
-0.0363801
-0.136125
-0.211678
-0.283845
-0.351031
-0.363286
-0.256318
0.0159396
0.32604
0.530919
0.583564
0.519836
0.38781
0.204658
0.00890063
-0.0533527
0.0739119
0.237818
0.264595
0.160994
0.0299933
-0.0611408
-0.0860339
-0.0598165
-0.021829
0.00102779
-0.0885791
-0.310408
-0.544454
-0.589813
-0.432793
-0.22768
-0.0827703
-0.0193532
-0.0275924
-0.053657
-0.0418369
0.0586831
0.203108
0.338136
0.395686
0.31184
0.131196
-0.0250067
-0.0450065
0.0244063
0.0618979
0.0241502
-0.0603603
-0.139281
-0.189631
-0.21456
-0.195138
-0.0826353
0.082779
0.227712
0.343974
0.45946
0.5366
0.49928
0.261663
-0.0745272
-0.162992
-0.000122261
0.182633
0.275096
0.291277
0.23402
0.148252
0.0930498
0.089333
0.147202
0.22406
0.239437
0.127463
-0.104103
-0.292885
-0.269352
-0.0694124
0.138856
0.263507
0.274597
0.21128
0.160533
0.14721
0.133495
0.086501
0.00558451
-0.104263
-0.195262
-0.199623
-0.0945675
0.127068
0.414996
0.585091
0.561506
0.41073
0.201768
0.0134834
-0.112966
-0.104752
0.000650196
0.0875252
0.121906
0.150301
0.208611
0.273779
0.256667
0.184446
0.138604
0.126807
0.1195
0.101063
-0.000814899
-0.203852
-0.397133
-0.430127
-0.251679
0.102357
0.382711
0.389366
0.218174
0.0889211
0.0661962
0.0633799
-0.0197784
-0.206473
-0.421741
-0.564255
-0.509787
-0.13224
0.454176
0.747466
0.545448
0.0823469
-0.271353
-0.290922
-0.0798492
0.110265
0.162074
0.110047
0.0325453
-0.000778502
0.0437917
0.182123
0.388259
0.544186
0.538985
0.390628
0.202731
0.0608829
-0.0583068
-0.208799
-0.306932
-0.254095
-0.0982614
0.0424267
0.114941
0.0390619
-0.24085
-0.545731
-0.656576
-0.528017
-0.289178
-0.104071
-0.0377802
-0.00208661
0.0892699
0.22476
0.342855
0.41185
0.404482
0.283901
0.115341
0.0624888
0.196874
0.390464
0.510185
0.511598
0.388033
0.229658
0.161528
0.236471
0.361494
0.438851
0.424513
0.221358
-0.121579
-0.384992
-0.431495
-0.319431
-0.176849
0.00249647
0.24147
0.396528
0.356499
0.175038
-0.0765798
-0.291466
-0.366174
-0.28845
-0.0923215
0.164967
0.419073
0.643102
0.753918
0.655532
0.373415
0.0820695
-0.0528713
0.0264821
0.165144
0.226934
0.177666
0.00347027
-0.209267
-0.288624
-0.201556
-0.0417102
0.0712212
0.0451821
-0.0480491
-0.0957994
-0.0890821
-0.0816869
-0.103227
-0.141344
-0.174043
-0.188432
-0.125853
0.0844473
0.340016
0.506732
0.51516
0.334065
-0.0236989
-0.457277
-0.69484
-0.593929
-0.338616
-0.134144
-0.0219451
0.00391364
-0.0371772
-0.111991
-0.175571
-0.221279
-0.231248
-0.194569
-0.13526
-0.0863743
-0.0489112
0.0103883
0.132918
0.344251
0.550196
0.612416
0.548401
0.475305
0.456831
0.462338
0.446422
0.405122
0.36093
0.335072
0.333265
0.335432
0.328105
0.315444
0.30565
0.300295
0.27995
0.0880451
-0.370416
-0.858788
-1.03837
-0.887092
-0.680748
-0.630368
-0.673995
-0.670678
-0.599358
-0.526229
-0.448037
-0.305921
-0.0659102
0.220809
0.420174
0.439711
0.31404
0.122214
-0.118537
-0.339699
-0.427994
-0.421999
-0.442488
-0.532184
-0.686241
-0.885121
-1.07291
-1.15883
-1.13378
-1.05387
-0.92162
-0.672975
-0.41829
-0.24636
-0.114077
0.0345793
0.190685
0.268378
0.188151
-0.0135463
-0.220564
-0.298392
-0.18559
-0.0255035
0.0574433
-0.0201323
-0.250619
-0.477527
-0.470749
-0.155144
0.209212
0.447992
0.55024
0.524496
0.387686
0.146956
-0.0641396
-0.116744
-0.0697432
-0.046625
-0.0804033
-0.172071
-0.303972
-0.402839
-0.412722
-0.378323
-0.356875
-0.359227
-0.353505
-0.299946
-0.200256
-0.0618192
0.111197
0.208824
0.187187
0.137231
0.131371
0.154558
0.159666
0.128324
0.0310488
-0.19077
-0.508326
-0.781588
-0.837109
-0.769357
-0.755174
-0.837278
-0.971668
-1.10919
-1.19854
-1.17819
-1.0688
-0.971835
-0.92255
-0.920453
-1.03948
-1.24619
-1.40119
-1.39119
-1.20372
-0.967106
-0.807813
-0.779585
-0.841631
-0.891681
-0.832062
-0.591409
-0.206522
0.182604
0.350778
0.31094
0.253267
0.280909
0.349757
0.387568
0.383279
0.368942
0.367987
0.378204
0.387893
0.392226
0.394156
0.397355
0.401252
0.396525
0.372279
0.243838
-0.0283802
-0.321598
-0.500262
-0.497309
-0.33263
-0.102883
0.101179
0.279568
0.37845
0.431564
0.513223
0.618303
0.735749
0.901418
1.09081
1.26544
1.42269
1.56428
1.65559
1.65404
1.51998
1.20528
0.758751
0.173809
-0.548239
-1.28727
-1.71659
-1.83594
-1.85515
-1.91595
-1.9979
-2.02509
-1.96544
-1.83278
-1.64834
-1.43263
-1.19852
-0.96833
-0.762805
-0.571515
-0.444742
-0.466162
-0.598786
-0.728945
-0.767897
-0.708944
-0.656915
-0.660166
-0.702472
-0.847773
-1.10819
-1.37273
-1.58447
-1.70387
-1.73239
-1.7451
-1.78576
-1.83107
-1.84584
-1.82131
-1.77011
-1.71112
-1.65668
-1.61275
-1.57321
-1.52905
-1.48303
-1.39741
-1.18212
-0.898951
-0.638856
-0.461901
-0.460491
-0.644669
-0.855129
-0.940195
-0.847248
-0.612728
-0.239106
0.136402
0.380474
0.521281
0.587176
0.644538
0.759412
0.940958
1.12073
1.21879
1.15536
0.828142
0.113734
-0.791151
-1.41909
-1.55033
-1.43193
-1.3752
-1.42992
-1.48301
-1.46052
-1.38568
-1.3119
-1.25983
-1.21466
-1.16203
-1.10279
-1.04354
-0.98525
-0.922484
-0.856207
-0.790532
-0.72488
-0.656035
-0.584543
-0.504824
-0.353598
-0.0236896
0.508546
1.0943
1.59576
2.03125
2.48901
2.96436
3.3935
3.75207
4.06356
4.34583
4.57801
4.70572
4.74547
4.74625
4.73248
4.7023
4.64339
4.54253
4.36958
4.13708
3.8885
3.65872
3.5432
3.58302
3.71013
3.84664
3.97448
4.07076
3.99647
3.64594
3.18868
2.93421
2.83411
2.6748
2.33538
1.90466
1.55657
1.37735
1.31625
1.24731
1.09148
0.899634
0.741012
0.616567
0.473703
0.331747
0.262478
0.229585
0.176906
0.101515
0.0267847
-0.0483935
-0.146301
-0.293629
-0.459315
-0.567178
-0.537996
-0.435092
-0.364008
-0.382431
-0.520357
-0.691279
-0.78575
-0.760255
-0.657504
-0.573604
-0.54274
-0.539897
-0.522916
-0.481508
-0.43141
-0.371149
-0.305134
-0.241667
-0.185752
-0.163107
-0.186554
-0.23801
-0.265928
-0.262314
-0.25914
-0.265924
-0.28716
-0.366783
-0.523722
-0.673172
-0.654854
-0.472483
-0.287961
-0.178458
-0.0886728
0.0802946
0.380009
0.731926
1.04632
1.30281
1.44309
1.42738
1.35109
1.31447
1.36243
1.52376
1.72403
1.8468
1.81532
1.59517
1.22045
0.81593
0.496728
0.270844
0.0988113
-0.0762213
-0.283131
-0.498736
-0.692699
-0.853021
-0.960719
-0.980426
-0.965734
-0.978245
-1.01384
-1.04131
-1.04826
-1.04216
-1.03894
-1.0528
-1.08174
-1.12498
-1.17384
-1.2247
-1.27948
-1.34167
-1.41244
-1.48728
-1.56345
-1.63922
-1.71894
-1.80632
-1.89923
-1.99251
-2.08362
-2.17519
-2.28859
-2.41802
-2.50363
-2.53444
-2.55107
-2.57647
-2.61038
-2.6417
-2.65728
-2.64974
-2.58937
-2.3759
-1.99989
-1.54387
-1.1023
-0.742301
-0.487599
-0.309077
-0.164444
-0.0200283
0.12356
0.24746
0.327531
0.34316
0.330473
0.325354
0.331588
0.315
0.257074
0.189183
0.129043
0.0591842
-0.0236378
-0.108256
-0.189079
-0.268515
-0.349723
-0.43271
-0.515029
-0.59139
-0.64441
-0.61905
-0.520857
-0.408552
-0.307597
-0.189968
-0.00331662
0.240403
0.478702
0.678565
0.810938
0.836402
0.783432
0.74268
0.777813
0.936899
1.13258
1.29383
1.38775
1.37207
1.29699
1.25856
1.26627
1.27022
1.24506
1.20601
1.17962
1.16629
1.13122
1.05597
0.949164
0.827199
0.689468
0.519492
0.323228
0.127361
-0.0959523
-0.347975
-0.600301
-0.843038
-1.05936
-1.24439
-1.34771
-1.32298
-1.20021
-1.0402
-0.879102
-0.712036
-0.499625
-0.193776
0.152354
0.4737
0.774039
1.01895
1.16323
1.22556
1.21705
1.13079
0.930316
0.565626
0.0685479
-0.394753
-0.60149
-0.578874
-0.576924
-0.693676
-0.842746
-0.946907
-1.00444
-1.01069
-0.975917
-0.939844
-0.922984
-0.910242
-0.892315
-0.886524
-0.898893
-0.920811
-0.939507
-0.953066
-0.965864
-0.981877
-1.00721
-1.0634
-1.14533
-1.2236
-1.28912
-1.35264
-1.42285
-1.49843
-1.57439
-1.64811
-1.72046
-1.78815
-1.8408
-1.88586
-1.93015
-1.96387
-1.98942
-2.01459
-2.03842
-2.058
-2.06703
-2.04336
-1.96256
-1.849
-1.74454
-1.65699
-1.57154
-1.4793
-1.38454
-1.29522
-1.22112
-1.15684
-1.09611
-1.04005
-0.997915
-0.970538
-0.955177
-0.940885
-0.926134
-0.91449
-0.90541
-0.896785
-0.887724
-0.87865
-0.872018
-0.86883
-0.866453
-0.866122
-0.865211
-0.853111
-0.820585
-0.769873
-0.720341
-0.679248
-0.63986
-0.595999
-0.549039
-0.506627
-0.466367
-0.401047
-0.315447
-0.235077
-0.18433
-0.162963
-0.138757
-0.0978622
-0.0514531
-0.00837211
0.0195245
0.00714776
-0.0444659
-0.0884668
-0.0480714
0.0852121
0.229292
0.341353
0.438886
0.549441
0.677738
0.811554
0.93567
1.02476
1.08486
1.12799
1.17123
1.22156
1.27264
1.31856
1.36041
1.40119
1.43471
1.46002
1.48237
1.48898
1.48212
1.46882
1.44568
1.3915
1.26491
1.09995
0.952761
0.827633
0.699763
0.559869
0.423945
0.34743
0.3894
0.48649
0.555673
0.5569
0.511958
0.477433
0.471778
0.502277
0.622767
0.805053
0.967766
1.07866
1.12502
1.1163
1.10118
1.10743
1.12064
1.1216
1.10707
1.07692
0.979152
0.780684
0.552412
0.38687
0.361192
0.464697
0.623381
0.756379
0.84826
0.878864
0.832406
0.780795
0.76501
0.820695
0.966721
1.11946
1.21783
1.25884
1.27542
1.31031
1.39999
1.54389
1.68346
1.79507
1.89832
1.94208
1.89527
1.8331
1.79664
1.77915
1.80251
1.87463
1.94192
1.94499
1.87899
1.79446
1.73129
1.68078
1.61947
1.54099
1.44221
1.28604
1.01004
0.613138
0.132526
-0.393054
-0.861078
-1.30629
-1.7066
-1.96274
-2.0925
-2.18418
-2.27312
-2.35311
-2.45782
-2.61875
-2.79201
-2.90371
-2.90778
-2.85727
-2.81379
-2.78299
-2.74439
-2.6842
-2.6048
-2.49602
-2.32689
-2.10335
-1.85176
-1.60847
-1.38472
-1.18575
-1.03552
-0.898958
-0.744232
-0.577384
-0.413754
-0.237655
-0.0390002
0.17845
0.401627
0.605541
0.765733
0.831744
0.828996
0.836038
0.877466
0.929653
0.975154
1.0106
1.04642
1.0525
0.941687
0.75046
0.574499
0.487673
0.510319
0.541663
0.497589
0.394071
0.30422
0.251067
0.204252
0.188395
0.237762
0.318086
0.385126
0.434228
0.468125
0.437322
0.330432
0.202457
0.0858897
-0.0224885
-0.13743
-0.262826
-0.390718
-0.506541
-0.612329
-0.71436
-0.813394
-0.912335
-1.01214
-1.10797
-1.19501
-1.27762
-1.35321
-1.42139
-1.4837
-1.53661
-1.57047
-1.56853
-1.49954
-1.3554
-1.16041
-0.950192
-0.738617
-0.515191
-0.261822
0.00566089
0.274674
0.552785
0.795745
0.978564
1.06687
1.04878
0.999489
0.978393
0.972927
0.950674
0.907405
0.846292
0.746186
0.604484
0.424605
0.249938
0.126284
0.0439357
-0.0134436
-0.0527049
-0.073927
-0.0912306
-0.101893
-0.101267
-0.0965436
-0.0937651
-0.0898659
-0.0674195
-0.0247298
0.0701559
0.213455
0.354524
0.468632
0.514352
0.487539
0.451914
0.446233
0.453597
0.447912
0.426712
0.402957
0.386159
0.374389
0.36118
0.339826
0.312097
0.285486
0.262265
0.239665
0.20971
0.166374
0.118301
0.0529717
-0.0415362
-0.141781
-0.235762
-0.323997
-0.394751
-0.438843
-0.457365
-0.448879
-0.419487
-0.3772
-0.326825
-0.276216
-0.22668
-0.175035
-0.12049
-0.0650749
-0.0104285
0.043226
0.0921889
0.128721
0.107409
-0.00464947
-0.143555
-0.252946
-0.336287
-0.416181
-0.483691
-0.5401
-0.593617
-0.640634
-0.683149
-0.725342
-0.767939
-0.808561
-0.847214
-0.886028
-0.924212
-0.946826
-0.941937
-0.901597
-0.833627
-0.748409
-0.644962
-0.514788
-0.350325
-0.173826
-0.00521144
0.172056
0.338557
0.423504
0.380151
0.187847
-0.093895
-0.330537
-0.448177
-0.455695
-0.419956
-0.407768
-0.417431
-0.408755
-0.35025
-0.249212
-0.121504
0.0479503
0.230432
0.392671
0.526146
0.610603
0.65887
0.704891
0.753683
0.780974
0.769545
0.713205
0.61192
0.462977
0.256274
0.0311183
-0.0680786
-0.0159161
0.0463456
0.0410994
0.00144771
-0.0750196
-0.189617
-0.324738
-0.460994
-0.591578
-0.724041
-0.863869
-1.00826
-1.15128
-1.29009
-1.40617
-1.4559
-1.42764
-1.38334
-1.36768
-1.3672
-1.35512
-1.32724
-1.29579
-1.26962
-1.24771
-1.22563
-1.20229
-1.17828
-1.14425
-1.09095
-1.009
-0.903414
-0.770693
-0.621772
-0.45961
-0.290991
-0.118106
0.0199178
0.0802473
0.0883283
0.0925758
0.104243
0.115317
0.118925
0.11916
0.127159
0.141517
0.160284
0.184473
0.209527
0.234147
0.26954
0.317539
0.38282
0.480039
0.60202
0.730339
0.851626
0.971675
1.10083
1.21332
1.27944
1.28687
1.24839
1.18575
1.10493
0.996194
0.869871
0.746099
0.63761
0.542412
0.440187
0.316638
0.184847
0.0605693
-0.0514169
-0.126399
-0.145092
-0.145036
-0.155776
-0.176169
-0.192488
-0.190676
-0.165701
-0.113581
-0.0216692
0.0795399
0.167619
0.246014
0.30502
0.34803
0.379616
0.390433
0.375581
0.357073
0.347102
0.33976
0.329001
0.328911
0.350493
0.414388
0.500771
0.576683
0.639766
0.704782
0.778668
0.856827
0.933216
1.00677
1.07971
1.15365
1.22787
1.29893
1.36746
1.43345
1.48157
1.51384
1.54058
1.56662
1.58892
1.59783
1.57515
1.50657
1.42803
1.3659
1.31119
1.25173
1.2048
1.17156
1.14094
1.11104
1.06102
0.944967
0.769651
0.598064
0.489615
0.452346
0.43194
0.388846
0.334496
0.271249
0.210867
0.167173
0.14408
0.131223
0.120884
0.114064
0.113026
0.115612
0.114783
0.102812
0.0595516
-0.0227818
-0.140879
-0.28496
-0.398894
-0.450934
-0.486897
-0.550334
-0.640176
-0.720409
-0.766061
-0.771312
-0.750321
-0.715448
-0.656064
-0.525002
-0.338307
-0.175252
-0.0548297
0.0632047
0.177177
0.263549
0.305592
0.325075
0.335048
0.335005
0.319019
0.302014
0.297289
0.3052
0.313038
0.315972
0.320788
0.332574
0.350896
0.368762
0.383091
0.396777
0.4174
0.450783
0.491611
0.53163
0.563602
0.583153
0.58746
0.579596
0.561004
0.538541
0.523083
0.518428
0.520451
0.525431
0.536178
0.564234
0.608508
0.657361
0.695014
0.703194
0.6887
0.666965
0.646827
0.631346
0.618878
0.600082
0.575827
0.55298
0.524683
0.477822
0.37667
0.222991
0.0679466
-0.0499938
-0.130238
-0.17406
-0.183366
-0.170845
-0.140379
-0.0879061
-0.00302598
0.125087
0.249809
0.316892
0.347791
0.355849
0.329895
0.250907
0.120987
-0.00588212
-0.071544
-0.0762638
-0.0519253
-0.016695
0.0161335
0.0455307
0.0590312
0.058016
0.0532386
0.0659545
0.106895
0.180324
0.261206
0.328144
0.357537
0.344229
0.30993
0.273466
0.245348
0.223552
0.193223
0.132084
0.0362437
-0.0691464
-0.156423
-0.223505
-0.266228
-0.290909
-0.313491
-0.337826
-0.356743
-0.360785
-0.345762
-0.311414
-0.272876
-0.240355
-0.215339
-0.183353
-0.121906
-0.0277905
0.0865792
0.204099
0.317527
0.406914
0.473675
0.522531
0.548104
0.545321
0.515388
0.464594
0.415927
0.38428
0.369069
0.363652
0.364977
0.370339
0.371976
0.362133
0.344415
0.330084
0.331667
0.346642
0.361554
0.345741
0.286951
0.131465
-0.104687
-0.35836
-0.515662
-0.581931
-0.617756
-0.660082
-0.702501
-0.729766
-0.733682
-0.717444
-0.686846
-0.651067
-0.613501
-0.578925
-0.548679
-0.509226
-0.450846
-0.349678
-0.208295
-0.0409584
0.0901088
0.164194
0.181264
0.157643
0.129212
0.114506
0.13303
0.177245
0.219192
0.231431
0.200373
0.132417
0.039922
-0.0543783
-0.116594
-0.156465
-0.199501
-0.252207
-0.300481
-0.33254
-0.346682
-0.343577
-0.321283
-0.298548
-0.287059
-0.287234
-0.284364
-0.263805
-0.217152
-0.158895
-0.128993
-0.145196
-0.204521
-0.283717
-0.35531
-0.395427
-0.390078
-0.364578
-0.34004
-0.318785
-0.293677
-0.257433
-0.216377
-0.187613
-0.172317
-0.164906
-0.169393
-0.190271
-0.228622
-0.278782
-0.329966
-0.364241
-0.379091
-0.382927
-0.382881
-0.378575
-0.364861
-0.337497
-0.299921
-0.255237
-0.209784
-0.170577
-0.142696
-0.130576
-0.127209
-0.127961
-0.13863
-0.173904
-0.235721
-0.29691
-0.33774
-0.349772
-0.324229
-0.269551
-0.188709
-0.0949973
0.00537464
0.112853
0.229963
0.345519
0.451884
0.547704
0.607866
0.62851
0.625729
0.601538
0.564845
0.530832
0.506212
0.492128
0.47914
0.456397
0.413873
0.339444
0.224211
0.107557
0.0185123
-0.046113
-0.0997353
-0.156208
-0.223678
-0.305908
-0.397221
-0.487393
-0.566615
-0.62419
-0.662475
-0.693411
-0.723601
-0.755235
-0.789016
-0.829572
-0.863936
-0.878839
-0.877585
-0.869788
-0.857578
-0.840769
-0.819052
-0.78791
-0.74043
-0.660443
-0.553422
-0.436042
-0.329525
-0.235672
-0.13927
-0.0227826
0.115874
0.268504
0.425505
0.575112
0.686627
0.739801
0.750875
0.752576
0.746914
0.722647
0.680797
0.642556
0.617894
0.600136
0.57482
0.540944
0.50666
0.476255
0.454823
0.448126
0.452045
0.455928
0.4489
0.436761
0.431322
0.445786
0.479131
0.524546
0.568584
0.60568
0.627566
0.63569
0.631995
0.610194
0.558219
0.477758
0.390688
0.321721
0.287104
0.28127
0.292261
0.31101
0.333695
0.362502
0.392046
0.415743
0.433031
0.447288
0.46037
0.471217
0.477061
0.471293
0.454249
0.432405
0.410448
0.386298
0.348094
0.297357
0.243971
0.188223
0.134362
0.0861497
0.0329173
-0.02424
-0.0741525
-0.103787
-0.103757
-0.0788648
-0.0483482
-0.0245525
-0.0264788
-0.0475118
-0.0691815
-0.0686825
-0.0392285
0.0192297
0.0888666
0.159006
0.215392
0.253997
0.285121
0.316575
0.347546
0.370854
0.375837
0.360335
0.330547
0.299211
0.281404
0.280275
0.282719
0.278208
0.262784
0.246034
0.238423
0.25058
0.277273
0.307798
0.319716
0.301564
0.250887
0.189615
0.140083
0.108131
0.085263
0.0616654
0.0281575
-0.0175346
-0.0722498
-0.11462
-0.135949
-0.142811
-0.151144
-0.169735
-0.200917
-0.233797
-0.259309
-0.275453
-0.283595
-0.2869
-0.292877
-0.304373
-0.320876
-0.336939
-0.349115
-0.357948
-0.362554
-0.360491
-0.359443
-0.367553
-0.389219
-0.41307
-0.426918
-0.421113
-0.404123
-0.385655
-0.377637
-0.383874
-0.396568
-0.406077
-0.409213
-0.412006
-0.4207
-0.440985
-0.467735
-0.492334
-0.505977
-0.50656
-0.493554
-0.469957
-0.440383
-0.418034
-0.404636
-0.391838
-0.375639
-0.358891
-0.346211
-0.337351
-0.321772
-0.296775
-0.264678
-0.235735
-0.219567
-0.225903
-0.252211
-0.288988
-0.321789
-0.344306
-0.356491
-0.366118
-0.379142
-0.396419
-0.411318
-0.412207
-0.382196
-0.316411
-0.219296
-0.106414
-0.00960321
0.0683719
0.136851
0.198028
0.247678
0.278833
0.288021
0.280141
0.255364
0.227419
0.213054
0.223424
0.245119
0.262757
0.26515
0.252412
0.234969
0.220155
0.211008
0.202392
0.190041
0.177188
0.173932
0.188592
0.214989
0.239131
0.23583
0.203104
0.151408
0.0939763
0.041195
-0.00060847
-0.0424569
-0.0932307
-0.149663
-0.200995
-0.241199
-0.266981
-0.274181
-0.269743
-0.265197
-0.263374
-0.261066
-0.259762
-0.26182
-0.260979
-0.250786
-0.228898
-0.193408
-0.14346
-0.0857094
-0.0269053
0.0238899
0.0653023
0.0954196
0.122568
0.154038
0.188477
0.221888
0.253636
0.285421
0.318469
0.345476
0.357425
0.357604
0.350998
0.33863
0.324228
0.311935
0.297056
0.276883
0.25921
0.248052
0.242193
0.238536
0.233645
0.223377
0.208678
0.192576
0.176892
0.165313
0.161444
0.159858
0.155445
0.145972
0.136469
0.133035
0.137429
0.145576
0.152406
0.155689
0.155285
0.149604
0.136421
0.11429
0.0816518
0.035623
-0.0188923
-0.0730934
-0.121669
-0.158398
-0.183161
-0.197101
-0.201976
-0.197845
-0.169396
-0.121823
-0.0728189
-0.0460463
-0.0475099
-0.0659744
-0.0865636
-0.0942216
-0.0785285
-0.041894
-0.00346955
0.0250582
0.028059
0.00544769
-0.0359899
-0.0764665
-0.101911
-0.10425
-0.095569
-0.0904378
-0.101976
-0.125957
-0.151751
-0.164072
-0.162578
-0.153327
-0.14515
-0.142436
-0.140802
-0.135144
-0.122051
-0.103513
-0.0824759
-0.0607732
-0.0390184
-0.0254931
-0.0217966
-0.0210058
-0.0111354
0.0152464
0.0506395
0.0855013
0.117434
0.146438
0.167974
0.175467
0.162082
0.139248
0.121058
0.115
0.116906
0.120454
0.121941
0.122097
0.12163
0.124512
0.133904
0.154811
0.182722
0.203925
0.21093
0.202605
0.187354
0.175259
0.174664
0.190414
0.22736
0.27157
0.309894
0.333483
0.350394
0.370427
0.393164
0.411926
0.412211
0.386913
0.340786
0.290144
0.247415
0.216865
0.19211
0.167346
0.138406
0.111151
0.09987
0.111397
0.140915
0.177816
0.213288
0.227041
0.21603
0.187608
0.153872
0.122814
0.100423
0.0843832
0.07034
0.0566351
0.0430644
0.0301536
0.0233737
0.0256996
0.0458024
0.0758774
0.10199
0.117773
0.125493
0.125641
0.115705
0.0919565
0.060587
0.0292817
0.00285967
-0.0210858
-0.0461264
-0.0718805
-0.0942121
-0.107208
-0.105132
-0.0859727
-0.0471472
0.00149319
0.050966
0.0931588
0.122725
0.141481
0.152064
0.159866
0.165076
0.163893
0.154796
0.138101
0.122348
0.114286
0.116691
0.128196
0.146322
0.16872
0.195255
0.226153
0.259514
0.29327
0.317471
0.325886
0.318102
0.29721
0.266253
0.237673
0.222386
0.233053
0.262508
0.297722
0.322815
0.335401
0.34591
0.360316
0.375535
0.38591
0.389037
0.383964
0.370984
0.354917
0.338979
0.322434
0.303108
0.278757
0.243168
0.154211
0.0752567
0.154064
0.233867
0.177149
0.0583683
-0.0418238
-0.086776
-0.0972615
-0.115589
-0.163371
-0.222285
-0.248653
-0.244485
-0.236601
-0.251179
-0.284239
-0.313969
-0.331898
-0.344865
-0.360417
-0.379361
-0.398861
-0.419168
-0.440032
-0.458292
-0.472644
-0.484549
-0.497433
-0.512116
-0.527263
-0.538055
-0.539497
-0.52979
-0.515157
-0.509697
-0.518783
-0.54029
-0.564304
-0.582524
-0.589274
-0.58831
-0.58509
-0.580311
-0.571497
-0.557414
-0.535491
-0.502067
-0.462272
-0.421545
-0.387132
-0.358517
-0.330644
-0.297549
-0.253111
-0.20271
-0.154137
-0.116463
-0.0914178
-0.0743076
-0.0568662
-0.0280986
0.0182445
0.0851963
0.150536
0.199986
0.225433
0.226569
0.213735
0.197518
0.188441
0.18598
0.182311
0.161928
0.121728
0.0683025
0.0249518
0.00390313
0.00474131
0.00856825
0.00127
-0.0231966
-0.0564527
-0.0896139
-0.116433
-0.140428
-0.170635
-0.211124
-0.257091
-0.292066
-0.310683
-0.317276
-0.319245
-0.321452
-0.327173
-0.336876
-0.350084
-0.356798
-0.351973
-0.337885
-0.32325
-0.313489
-0.315107
-0.325759
-0.33851
-0.34683
-0.346963
-0.335362
-0.314215
-0.28247
-0.243
-0.199901
-0.15462
-0.105994
-0.0518398
0.00728221
0.0588742
0.0981075
0.123881
0.142765
0.158176
0.172798
0.188024
0.204615
0.221092
0.231638
0.234644
0.228564
0.216516
0.203719
0.200357
0.204797
0.208986
0.20244
0.181009
0.141248
0.0885913
0.0312473
-0.0115443
-0.0387572
-0.0611755
-0.0843456
-0.105984
-0.122836
-0.13744
-0.15353
-0.171452
-0.187015
-0.196512
-0.203523
-0.211855
-0.222144
-0.233613
-0.245374
-0.250591
-0.248864
-0.248151
-0.248638
-0.243748
-0.225943
-0.192869
-0.147471
-0.101317
-0.0653086
-0.0408301
-0.0271551
-0.022467
-0.026079
-0.0286742
-0.0235719
-0.00564438
0.0295917
0.0802057
0.127191
0.163378
0.189989
0.214214
0.245135
0.284056
0.327872
0.362209
0.379779
0.383209
0.38032
0.376339
0.370005
0.357172
0.332724
0.299317
0.265324
0.237393
0.216216
0.201064
0.193043
0.195628
0.208175
0.226836
0.253125
0.283783
0.312204
0.328414
0.328368
0.311622
0.285679
0.265005
0.252532
0.24243
0.230325
0.215328
0.198445
0.183825
0.171296
0.155117
0.1293
0.0926304
0.046029
-0.00343173
-0.0492442
-0.089194
-0.120488
-0.13965
-0.145793
-0.144872
-0.147504
-0.156292
-0.168178
-0.178371
-0.184331
-0.178592
-0.163976
-0.148013
-0.136022
-0.127999
-0.125052
-0.123806
-0.119625
-0.108711
-0.0904471
-0.0637072
-0.0324622
-0.00669169
0.0107881
0.0220335
0.0313862
0.0394602
0.044929
0.0468356
0.0434382
0.0365414
0.028569
0.0190383
0.00338582
-0.0234113
-0.0610211
-0.100478
-0.127947
-0.142159
-0.149529
-0.153361
-0.156015
-0.158413
-0.153347
-0.135021
-0.0983266
-0.0507609
-0.0106619
0.0120375
0.0165159
0.0134761
0.00860916
0.00570512
0.00303452
-0.00322934
-0.0166307
-0.0363668
-0.0549403
-0.0628767
-0.0555213
-0.0467192
-0.0471039
-0.0612982
-0.0844286
-0.110795
-0.129726
-0.138759
-0.142548
-0.146569
-0.151152
-0.150221
-0.140693
-0.124197
-0.099335
-0.0613145
-0.0221911
0.00812313
0.0240415
0.0302175
0.0276643
0.0178043
-3.81483e-06
-0.0215172
-0.0470335
-0.0846009
-0.129178
-0.170683
-0.205605
-0.234481
-0.257634
-0.271761
-0.279771
-0.286122
-0.287448
-0.280894
-0.262797
-0.239058
-0.218081
-0.204828
-0.198393
-0.19431
-0.189451
-0.18158
-0.16635
-0.138915
-0.107472
-0.0781377
-0.0442296
-0.00560508
0.0294483
0.0569351
0.0772568
0.094224
0.108114
0.113296
0.108294
0.0908983
0.0682843
0.047846
0.0310064
0.0215792
0.0262214
0.041924
0.0620368
0.0879526
0.116838
0.140908
0.15919
0.173647
0.185217
0.195036
0.20624
0.216602
0.221504
0.21926
0.211164
0.201647
0.190748
0.174368
0.148836
0.111127
0.0556177
-0.00395065
-0.0592624
-0.121652
-0.187704
-0.245739
-0.289564
-0.323617
-0.352986
-0.376352
-0.397151
-0.420814
-0.441923
-0.455132
-0.460503
-0.459508
-0.452583
-0.437198
-0.414031
-0.388528
-0.373327
-0.378482
-0.395993
-0.416643
-0.432059
-0.442272
-0.4501
-0.452546
-0.446197
-0.429839
-0.407851
-0.382971
-0.36016
-0.341626
-0.32729
-0.315829
-0.305916
-0.295697
-0.283572
-0.26517
-0.24073
-0.213112
-0.182892
-0.145783
-0.104372
-0.0637616
-0.030901
-0.00800093
0.0073261
0.0183098
0.0237638
0.0277907
0.0368365
0.0507554
0.0662548
0.0786403
0.0851155
0.081118
0.0634066
0.0332776
-0.00127874
-0.0288245
-0.0415065
-0.0396695
-0.0326541
-0.0325734
-0.0413539
-0.0557967
-0.0705474
-0.0822274
-0.0884977
-0.0938771
-0.103383
-0.119502
-0.140515
-0.163329
-0.174992
-0.169593
-0.161682
-0.163017
-0.175537
-0.193656
-0.211789
-0.221169
-0.221877
-0.218869
-0.218875
-0.223291
-0.230774
-0.234884
-0.230125
-0.220231
-0.209801
-0.200353
-0.192142
-0.186953
-0.185697
-0.188171
-0.196051
-0.208499
-0.220954
-0.230303
-0.236107
-0.233416
-0.217989
-0.187043
-0.150355
-0.116465
-0.0930027
-0.081147
-0.0758677
-0.0729626
-0.0700519
-0.0624027
-0.0455695
-0.0272126
-0.0130751
-0.000401686
0.018161
0.0465869
0.0742048
0.0925931
0.10137
0.104783
0.100522
0.0918522
0.0850973
0.0807105
0.0743267
0.0613835
0.0437204
0.0254731
0.0168119
0.0193016
0.0258741
0.0276645
0.0229727
0.0165774
0.0147125
0.023453
0.037808
0.051029
0.0576197
0.0578852
0.0488278
0.0360918
0.0285683
0.0308188
0.0399723
0.0574243
0.078928
0.0978968
0.107878
0.107826
0.101684
0.095769
0.098467
0.110817
0.130909
0.147955
0.157595
0.16151
0.164798
0.169984
0.174793
0.174937
0.161789
0.137022
0.107558
0.0825877
0.066027
0.0593002
0.0580871
0.0601821
0.0613919
0.0612086
0.0645387
0.0757302
0.0954543
0.112119
0.11716
0.106767
0.0857488
0.0587809
0.0324217
0.00926052
-0.0109935
-0.0345076
-0.0651015
-0.0918852
-0.108813
-0.116456
-0.121855
-0.130208
-0.144642
-0.163499
-0.183675
-0.196254
-0.19789
-0.181226
-0.154746
-0.132099
-0.12305
-0.126326
-0.129711
-0.124846
-0.107649
-0.0803518
-0.0436073
-0.00952705
0.0140122
0.0213966
0.0153872
0.00318025
-0.00769036
-0.015692
-0.023909
-0.0355428
-0.0523944
-0.0698831
-0.0840358
-0.0968564
-0.110308
-0.123264
-0.132062
-0.136372
-0.137286
-0.135053
-0.129318
-0.126308
-0.12864
-0.134587
-0.144244
-0.160072
-0.177683
-0.190463
-0.19278
-0.18549
-0.169679
-0.154328
-0.144186
-0.139862
-0.144336
-0.162248
-0.180752
-0.190147
-0.192844
-0.194172
-0.194781
-0.196556
-0.198688
-0.193501
-0.176589
-0.147944
-0.108853
-0.0605158
-0.0158016
0.0206071
0.0513788
0.0834467
0.121476
0.160635
0.19459
0.218732
0.233113
0.241671
0.248176
0.255749
0.25837
0.246977
0.220323
0.186274
0.15473
0.135
0.128609
0.129031
0.12829
0.123626
0.114158
0.100294
0.0861501
0.0709592
0.0509081
0.0316179
0.0169486
0.00450115
-0.00698773
-0.0158663
-0.0242511
-0.0331268
-0.0399001
-0.0417977
-0.03751
-0.0321947
-0.0345095
-0.0550667
-0.0922631
-0.136826
-0.172849
-0.194364
-0.203303
-0.207087
-0.211449
-0.221284
-0.235821
-0.251455
-0.255196
-0.240889
-0.209416
-0.172866
-0.138116
-0.107759
-0.0810601
-0.0590313
-0.0412318
-0.0259246
-0.0118151
0.0006796
0.0126642
0.0251907
0.035477
0.0428167
0.0500134
0.0570236
0.0613188
0.063197
0.0639618
0.0634505
0.0586824
0.046131
0.0288105
0.013221
0.00558297
0.00167008
-0.00409568
-0.00927304
-0.0123633
-0.0158397
-0.024804
-0.0408576
-0.0593441
-0.0802877
-0.108208
-0.139723
-0.16726
-0.183265
-0.185683
-0.178213
-0.171225
-0.167799
-0.164801
-0.161933
-0.162741
-0.167443
-0.174826
-0.185252
-0.194755
-0.200275
-0.204644
-0.210264
-0.21646
-0.224982
-0.238193
-0.257542
-0.275486
-0.283525
-0.285243
-0.286112
-0.286092
-0.284929
-0.28368
-0.279487
-0.270166
-0.258338
-0.249673
-0.250007
-0.252816
-0.250369
-0.24276
-0.235748
-0.233762
-0.233874
-0.23175
-0.225485
-0.21314
-0.18945
-0.158282
-0.124782
-0.0966097
-0.0774187
-0.0703716
-0.0683341
-0.0631458
-0.0520188
-0.0372108
-0.0238312
-0.0138249
-0.00691631
0.00343511
0.0231454
0.0488199
0.074368
0.0894598
0.0947265
0.0937409
0.0926697
0.0950039
0.104627
0.12174
0.144631
0.168156
0.189469
0.208592
0.226812
0.24273
0.252168
0.246491
0.229661
0.209297
0.184523
0.156212
0.128272
0.102807
0.079842
0.0601666
0.0454099
0.036592
0.0349085
0.0417124
0.058655
0.0829957
0.11231
0.142022
0.170999
0.201294
0.232507
0.262327
0.290236
0.316985
0.343552
0.367927
0.385117
0.393875
0.393705
0.386651
0.376674
0.368243
0.365249
0.367387
0.366465
0.357211
0.33792
0.312063
0.284254
0.262818
0.247528
0.233434
0.217771
0.201268
0.185136
0.172423
0.164292
0.157482
0.150422
0.144247
0.137229
0.128566
0.120338
0.113542
0.1076
0.102639
0.0986446
0.095054
0.0931456
0.0942119
0.0988438
0.105394
0.110528
0.114201
0.118318
0.124457
0.131867
0.138386
0.141213
0.139601
0.134231
0.12592
0.11537
0.108975
0.110668
0.115981
0.117805
0.111351
0.101519
0.0949615
0.0971523
0.105538
0.115417
0.122538
0.126595
0.128576
0.132912
0.146028
0.16733
0.191691
0.210055
0.216369
0.204645
0.184369
0.165742
0.14864
0.126937
0.0966768
0.0593964
0.0202881
-0.0149807
-0.0373314
-0.0423057
-0.0303821
-0.015754
-0.0114097
-0.0161284
-0.0245726
-0.0375739
-0.052355
-0.064018
-0.073118
-0.0803463
-0.0816739
-0.074996
-0.0617815
-0.0443503
-0.0234551
0.000752736
0.0288337
0.0621803
0.0981875
0.133106
0.16133
0.183365
0.200254
0.211237
0.212221
0.20027
0.180617
0.163537
0.147761
0.128173
0.110058
0.0933258
0.0724932
0.0504918
0.032859
0.0226819
0.0229151
0.033472
0.0471473
0.0579059
0.06368
0.0620527
0.0525289
0.0413272
0.0353422
0.0370863
0.0424378
0.0476945
0.0478416
0.0442235
0.0416673
0.0472985
0.0608604
0.0797989
0.0963387
0.10372
0.102925
0.0977276
0.0944678
0.0937518
0.0919097
0.084587
0.0731617
0.0630488
0.057506
0.0577499
0.0682355
0.0881573
0.111378
0.129208
0.136505
0.134703
0.129796
0.127775
0.133744
0.150822
0.169647
0.182949
0.188493
0.187072
0.17898
0.173741
0.176771
0.186511
0.199233
0.214584
0.225156
0.228689
0.228477
0.226003
0.21907
0.207852
0.192957
0.173138
0.154871
0.144042
0.139857
0.137978
0.136591
0.135661
0.135527
0.133735
0.128801
0.121778
0.12205
0.131651
0.145398
0.155558
0.15716
0.147098
0.127777
0.104024
0.0857885
0.0768922
0.0688733
0.0492646
0.0128895
-0.0221964
-0.0423591
-0.0471281
-0.0375891
-0.0141131
0.0212142
0.0616282
0.0870687
0.0985388
0.109805
0.131658
0.162166
0.189047
0.20492
0.207948
0.205946
0.203457
0.196863
0.183519
0.165693
0.148708
0.135585
0.128187
0.122691
0.11424
0.100198
0.0823069
0.0636466
0.0481074
0.0370258
0.0295778
0.0246431
0.0226101
0.0248258
0.0315888
0.0380541
0.0403997
0.0382042
0.0345855
0.0310132
0.0268403
0.0209612
0.0125254
-0.000793196
-0.0180631
-0.0353009
-0.0525657
-0.0715773
-0.0897171
-0.103412
-0.111397
-0.120159
-0.13377
-0.150798
-0.164916
-0.173574
-0.18221
-0.191278
-0.193449
-0.190452
-0.187978
-0.186155
-0.182643
-0.175636
-0.164493
-0.149832
-0.133235
-0.115009
-0.0928385
-0.071416
-0.0558543
-0.047185
-0.0439614
-0.0457143
-0.0492313
-0.0527
-0.0589493
-0.0678456
-0.0740313
-0.0761138
-0.0764413
-0.077127
-0.0781849
-0.0786208
-0.0816662
-0.0908492
-0.108239
-0.127771
-0.14219
-0.149498
-0.150932
-0.145414
-0.136065
-0.125281
-0.113377
-0.0999475
-0.0847141
-0.0715681
-0.0653501
-0.0647594
-0.0666391
-0.0747137
-0.0905726
-0.111505
-0.12476
-0.124823
-0.11491
-0.105087
-0.100072
-0.099003
-0.100908
-0.102106
-0.101261
-0.10004
-0.0994944
-0.096251
-0.0875686
-0.072832
-0.054203
-0.0324141
-0.00981276
0.0116614
0.027787
0.0350908
0.0259987
0.00650246
-0.0139211
-0.0319978
-0.0475015
-0.0586613
-0.061431
-0.0563164
-0.0477893
-0.0402165
-0.0344942
-0.0307346
-0.0280595
-0.0249945
-0.0223689
-0.0220239
-0.0274655
-0.0397554
-0.058199
-0.0795477
-0.100354
-0.113274
-0.116528
-0.111617
-0.10109
-0.0874259
-0.0714736
-0.0558289
-0.047488
-0.0483916
-0.0545771
-0.0624613
-0.071171
-0.0720398
-0.062619
-0.0436867
-0.0223709
-0.00501064
0.00627357
0.013236
0.0213153
0.0317035
0.0419428
0.0529174
0.0669801
0.0848871
0.100406
0.106886
0.10847
0.111421
0.122013
0.136582
0.148443
0.158443
0.169848
0.179266
0.182832
0.176316
0.164953
0.156241
0.157194
0.160773
0.155484
0.136282
0.109498
0.0850303
0.0676963
0.0575158
0.0518189
0.0472267
0.0407197
0.0347504
0.0334893
0.0420559
0.0589571
0.0834667
0.105173
0.117368
0.12875
0.146167
0.167895
0.190577
0.212683
0.228764
0.233977
0.223636
0.20769
0.196274
0.190922
0.187189
0.181815
0.173299
0.16139
0.143598
0.122276
0.10173
0.0853408
0.0732169
0.0648
0.0590519
0.056897
0.0596249
0.066455
0.0754117
0.0855456
0.0971476
0.111324
0.126425
0.137496
0.141589
0.140167
0.139253
0.141991
0.148975
0.158303
0.1675
0.169138
0.162983
0.155888
0.150439
0.145427
0.145046
0.148272
0.15059
0.147305
0.138122
0.128447
0.12273
0.12155
0.123462
0.127361
0.1296
0.13291
0.143511
0.162628
0.185741
0.2084
0.226282
0.236346
0.241003
0.242594
0.243197
0.23956
0.22631
0.204115
0.177811
0.151497
0.130176
0.116268
0.110365
0.108425
0.108515
0.108659
0.108137
0.109617
0.111888
0.10962
0.102858
0.0964639
0.100915
0.115243
0.132084
0.144789
0.155007
0.172239
0.200363
0.236639
0.269226
0.292334
0.300625
0.29693
0.285271
0.268528
0.249034
0.230125
0.209111
0.181345
0.140932
0.0947213
0.0545051
0.0308505
0.0159724
-0.00232233
-0.025001
-0.0476499
-0.0693365
-0.0832089
-0.084234
-0.0741231
-0.0615951
-0.0526367
-0.0475332
-0.0439717
-0.0397573
-0.0343782
-0.0285974
-0.0245108
-0.02292
-0.0252766
-0.0279202
-0.0261609
-0.0229149
-0.0235983
-0.0322401
-0.0528976
-0.0845264
-0.113327
-0.132344
-0.143778
-0.151232
-0.155428
-0.15458
-0.149203
-0.141404
-0.134099
-0.127297
-0.118935
-0.106518
-0.0888746
-0.0635258
-0.0361225
-0.0138945
0.00733471
0.0342055
0.0698758
0.110494
0.152877
0.184532
0.198275
0.199262
0.193853
0.183761
0.171665
0.160774
0.157238
0.155983
0.147628
0.130657
0.110345
0.0914725
0.0757086
0.0621003
0.0494885
0.0366721
0.0234381
0.012515
0.00564953
0.00278733
0.000670791
-0.00348604
-0.0120663
-0.0257764
-0.0447497
-0.0648227
-0.0835884
-0.102077
-0.121336
-0.139578
-0.148065
-0.145799
-0.136948
-0.125624
-0.112603
-0.0940752
-0.0727018
-0.0562323
-0.0566837
-0.0700277
-0.0784213
-0.0758613
-0.067773
-0.0561031
-0.0445365
-0.0380158
-0.0343907
-0.0294042
-0.0213957
-0.0107866
0.0017522
0.0114934
0.0169491
0.020945
0.0257929
0.03147
0.040142
0.0519507
0.0641341
0.0736123
0.0786552
0.0740896
0.0625076
0.0487392
0.0288492
0.00130446
-0.0281889
-0.0538099
-0.073743
-0.0843752
-0.0866957
-0.0837162
-0.0834566
-0.0902553
-0.10479
-0.121686
-0.137236
-0.152896
-0.170251
-0.187513
-0.19436
-0.187766
-0.173139
-0.156705
-0.140893
-0.130985
-0.126388
-0.125413
-0.125288
-0.125089
-0.127199
-0.131055
-0.133531
-0.131892
-0.127014
-0.121627
-0.116411
-0.110861
-0.107119
-0.105526
-0.104597
-0.101693
-0.0968874
-0.0928166
-0.0910105
-0.0910056
-0.0895524
-0.0857392
-0.0818491
-0.0824929
-0.0891149
-0.0977728
-0.105469
-0.11184
-0.111994
-0.103752
-0.0884645
-0.0689343
-0.04687
-0.0254021
-0.00564156
0.0125126
0.0296521
0.0463668
0.0653275
0.0829788
0.0884958
0.0818817
0.0696844
0.0553402
0.0407666
0.0281552
0.0237312
0.0234952
0.0124798
-0.0122404
-0.0435999
-0.0586343
-0.0567454
-0.0511876
-0.0504197
-0.0534029
-0.0586075
-0.0633418
-0.064994
-0.0586465
-0.0446051
-0.0229002
0.00131139
0.0224332
0.0389623
0.0507996
0.0517851
0.0439827
0.0334672
0.0228788
0.0126246
0.00483373
-0.00250072
-0.0118512
-0.0195512
-0.0223925
-0.0205976
-0.0173716
-0.0146511
-0.0120782
-0.0102274
-0.0121378
-0.0181279
-0.0258581
-0.0303135
-0.0297442
-0.0252044
-0.0206888
-0.0181148
-0.017752
-0.0191172
-0.0223468
-0.0267134
-0.032163
-0.0399899
-0.0506603
-0.0643334
-0.0842525
-0.104039
-0.114169
-0.114943
-0.110983
-0.107693
-0.105533
-0.102576
-0.10264
-0.107012
-0.111733
-0.113112
-0.11014
-0.104232
-0.0958922
-0.0835182
-0.0743318
-0.0739955
-0.0774371
-0.0802929
-0.0838832
-0.0853389
-0.0815547
-0.0753242
-0.0700413
-0.0660126
-0.0641115
-0.0639095
-0.0575641
-0.0431323
-0.0242592
-0.00716678
0.00624476
0.0161606
0.0232248
0.0245883
0.0209132
0.0143404
0.00373334
-0.0140063
-0.0411527
-0.0716228
-0.0962879
-0.106128
-0.103898
-0.0976773
-0.0977063
-0.104134
-0.11318
-0.119277
-0.119904
-0.113174
-0.102794
-0.0932611
-0.0896345
-0.0946567
-0.113919
-0.137156
-0.149597
-0.149006
-0.143597
-0.138278
-0.133191
-0.127241
-0.122727
-0.121617
-0.121333
-0.119422
-0.116162
-0.115346
-0.118335
-0.125052
-0.1346
-0.146384
-0.156401
-0.163716
-0.171483
-0.181418
-0.192759
-0.203739
-0.211877
-0.213479
-0.210392
-0.206291
-0.202843
-0.200326
-0.2003
-0.199866
-0.195894
-0.187484
-0.177093
-0.168593
-0.162554
-0.157445
-0.150555
-0.142936
-0.139232
-0.137548
-0.134156
-0.1355
-0.144865
-0.157552
-0.168118
-0.175773
-0.181937
-0.186396
-0.18635
-0.183261
-0.179879
-0.176273
-0.170237
-0.158334
-0.14335
-0.129343
-0.116668
-0.104355
-0.0931871
-0.0809706
-0.0653403
-0.0522907
-0.0444624
-0.0369161
-0.0284116
-0.0225378
-0.0214789
-0.0247057
-0.0364626
-0.0513143
-0.0596874
-0.060463
-0.0579477
-0.0542625
-0.0503667
-0.0461146
-0.0412687
-0.0362782
-0.0322052
-0.0281472
-0.0231097
-0.0211188
-0.0232642
-0.0256352
-0.0256755
-0.0234664
-0.0182326
-0.0118597
-0.00945566
-0.0098242
-0.00917789
-0.00734784
-0.00640274
-0.00777353
-0.0112207
-0.0166462
-0.0248107
-0.0349977
-0.044455
-0.044924
-0.0331845
-0.01823
-0.00693524
-0.00035845
0.00217493
-0.000478028
-0.00289966
-0.00235346
-0.00163812
0.000272277
0.0059662
0.0142826
0.0230851
0.0311653
0.0373507
0.0407567
0.0453415
0.0521598
0.0572171
0.0593967
0.0600227
0.0582673
0.0552672
0.0555497
0.0561819
0.0508025
0.0364253
0.0162795
-0.00469491
-0.023949
-0.04182
-0.0581233
-0.0711
-0.0787757
-0.0847914
-0.0916523
-0.0969819
-0.101469
-0.108224
-0.114494
-0.11724
-0.113707
-0.105319
-0.0949859
-0.0889624
-0.0880336
-0.0887666
-0.0875873
-0.0834035
-0.0760905
-0.0669532
-0.0638951
-0.0677623
-0.0739214
-0.0780587
-0.0803377
-0.0830251
-0.0844894
-0.0809925
-0.0732451
-0.0633583
-0.0535081
-0.0450351
-0.0393675
-0.0363921
-0.0354303
-0.0366329
-0.0401124
-0.0470486
-0.0544881
-0.0590642
-0.0594156
-0.0573457
-0.0543842
-0.0483287
-0.0362885
-0.0167504
0.00755168
0.0355119
0.061761
0.0828894
0.103035
0.123598
0.139593
0.150247
0.157354
0.162559
0.166327
0.166879
0.165401
0.164813
0.166523
0.16607
0.154425
0.136174
0.119817
0.108561
0.101381
0.098961
0.0997626
0.100734
0.092759
0.0760858
0.0604507
0.0502174
0.0427534
0.0358828
0.0297891
0.0259214
0.025719
0.0299912
0.0393657
0.0492996
0.0543624
0.0491255
0.0333772
0.0182851
0.00984247
0.00565723
-5.9558e-06
-0.00922036
-0.0226431
-0.036692
-0.0471461
-0.0508344
-0.0517029
-0.0583743
-0.0653794
-0.0642544
-0.0559076
-0.0440436
-0.0286319
-0.01291
-0.000638943
0.00777304
0.0130885
0.014078
0.0114078
0.00565073
-0.00117387
-0.0081025
-0.0157684
-0.0245257
-0.0340257
-0.0441222
-0.0565862
-0.0750945
-0.0946121
-0.109363
-0.119906
-0.127711
-0.13146
-0.127064
-0.113767
-0.103636
-0.097342
-0.0859169
-0.0687524
-0.0510841
-0.0394116
-0.0320376
-0.0242384
-0.0167668
-0.0122181
-0.00857521
-0.00416744
0.000174536
0.00175996
-0.000627491
-0.00615229
-0.0106127
-0.00875342
-0.000200623
0.0127366
0.0291804
0.0446803
0.0520431
0.0524978
0.0509698
0.0495876
0.0480429
0.047371
0.0472792
0.0466118
0.0436446
0.0396701
0.0371457
0.0332922
0.0259539
0.0218479
0.0242189
0.0308609
0.0361523
0.0391292
0.0465588
0.0581805
0.0681772
0.0734696
0.0745315
0.071059
0.0648514
0.0577522
0.0494365
0.0393071
0.027032
0.0143987
0.00372215
-0.00376082
-0.00878133
-0.0125567
-0.0172092
-0.0237638
-0.0324862
-0.0444579
-0.0624984
-0.0841272
-0.104632
-0.117328
-0.125399
-0.135797
-0.150017
-0.163315
-0.16936
-0.168568
-0.165485
-0.166846
-0.173128
-0.180348
-0.183635
-0.180842
-0.168157
-0.148669
-0.125139
-0.100926
-0.078365
-0.0624601
-0.054847
-0.0545851
-0.0593444
-0.0668763
-0.0697792
-0.0660023
-0.0588614
-0.0547638
-0.056458
-0.0637917
-0.0736978
-0.0857008
-0.0984897
-0.107075
-0.107566
-0.106251
-0.10821
-0.112182
-0.115154
-0.116444
-0.117134
-0.106714
-0.0723972
-0.0319018
-0.0058505
0.00833883
0.0203475
0.0283678
0.0264272
0.0170271
0.00557969
-0.00727061
-0.0203989
-0.0318273
-0.03913
-0.0426326
-0.0441944
-0.050728
-0.0637134
-0.0787299
-0.0955387
-0.115016
-0.12791
-0.133915
-0.138969
-0.140241
-0.132989
-0.121524
-0.108643
-0.0898072
-0.0689503
-0.0530607
-0.045962
-0.0419606
-0.0342683
-0.0230703
-0.0135241
-0.0164052
-0.0287269
-0.0419659
-0.0519377
-0.059954
-0.0680655
-0.0782156
-0.0913658
-0.106341
-0.119996
-0.128172
-0.131892
-0.133972
-0.1343
-0.133065
-0.131049
-0.125197
-0.112573
-0.0924501
-0.0702796
-0.0517679
-0.043776
-0.047768
-0.0548605
-0.0576471
-0.0554427
-0.0471611
-0.0316927
-0.0131509
0.00170486
0.0092612
0.0145014
0.0212659
0.0279407
0.0342287
0.0419101
0.0480901
0.0510388
0.0517285
0.0517867
0.0515045
0.0501706
0.0469652
0.0411188
0.0341573
0.0279069
0.024135
0.0225384
0.0216121
0.0196615
0.0154825
0.00526936
-0.00803009
-0.0185947
-0.0240713
-0.0268645
-0.0289195
-0.0311918
-0.0337182
-0.0347084
-0.0332741
-0.0297622
-0.0231393
-0.0130524
-0.00370326
0.00310734
0.00890879
0.0116563
0.00968434
0.00885285
0.0111699
0.0135587
0.013156
0.00967601
0.0026788
-0.0056309
-0.0125877
-0.0169653
-0.0198776
-0.0223896
-0.0238685
-0.0229472
-0.0201497
-0.0164966
-0.0120839
-0.0071055
-0.00173026
0.004059
0.0092456
0.0116179
0.0135873
0.0178098
0.0218019
0.0231383
0.0218886
0.0185336
0.0137038
0.0105703
0.00627347
-0.00486919
-0.0210183
-0.0376791
-0.0531542
-0.068017
-0.0832457
-0.10022
-0.116922
-0.127909
-0.132546
-0.133773
-0.134377
-0.135974
-0.138965
-0.141775
-0.14254
-0.139709
-0.134525
-0.128485
-0.124811
-0.121999
-0.113659
-0.103159
-0.0963871
-0.0914032
-0.0844433
-0.0747275
-0.0646595
-0.056287
-0.0514428
-0.0503458
-0.0529192
-0.059907
-0.0713035
-0.0836799
-0.0932682
-0.0982186
-0.099014
-0.0980768
-0.0979682
-0.0980591
-0.0968417
-0.0974315
-0.10086
-0.103739
-0.104114
-0.102741
-0.100513
-0.0977198
-0.0933515
-0.0851751
-0.0731508
-0.062922
-0.0564437
-0.0515826
-0.0471031
-0.0436351
-0.0409055
-0.0398899
-0.0419935
-0.0438106
-0.043413
-0.0431295
-0.0411399
-0.0329407
-0.0216765
-0.0111369
-0.000818881
0.00665117
0.00694376
0.00441183
0.0036418
0.00424186
0.00285813
-0.00160801
-0.00576536
-0.00701185
-0.00432605
-0.00165887
-0.00213078
-0.00424133
-0.00716432
-0.0123546
-0.0192277
-0.0267493
-0.0364193
-0.0482123
-0.0603606
-0.0693626
-0.0733469
-0.0714186
-0.0672349
-0.0640028
-0.0619001
-0.0634637
-0.0723649
-0.0810446
-0.0820562
-0.0702992
-0.0520747
-0.0353238
-0.0218511
-0.00847377
0.00854493
0.0256188
0.036745
0.043874
0.0507357
0.057588
0.0624087
0.0639917
0.0659746
0.0702801
0.0747044
0.0784011
0.0825979
0.0864706
0.0886833
0.0886379
0.0883896
0.0900283
0.0944552
0.0995555
0.101418
0.101251
0.10214
0.104901
0.108116
0.110112
0.108869
0.104092
0.0985112
0.0943402
0.0917369
0.0895163
0.0869618
0.0845424
0.0821489
0.0787287
0.0719626
0.0611996
0.04718
0.0343136
0.0255676
0.0208482
0.016495
0.00953371
0.00252167
-0.00104524
0.000541042
0.006087
0.0143452
0.0231375
0.0316005
0.0403766
0.0495088
0.0582956
0.0674767
0.0776655
0.0892134
0.101673
0.114197
0.123705
0.130561
0.140299
0.15283
0.163897
0.172023
0.178293
0.180829
0.18086
0.181369
0.183326
0.187059
0.19467
0.205649
0.218145
0.231056
0.243865
0.255177
0.264057
0.269888
0.274932
0.279242
0.278991
0.274013
0.267443
0.264499
0.263874
0.260452
0.252349
0.241784
0.233832
0.231083
0.232981
0.233158
0.229214
0.224375
0.221356
0.219907
0.218981
0.217788
0.215837
0.214147
0.213509
0.212585
0.211542
0.213079
0.215609
0.215983
0.212364
0.205168
0.195123
0.185871
0.179595
0.177343
0.176988
0.176275
0.174394
0.17208
0.170142
0.168428
0.165637
0.157079
0.143236
0.130195
0.120142
0.111247
0.102965
0.0959453
0.0920132
0.0896298
0.0862977
0.080566
0.0747085
0.0713804
0.068701
0.0649438
0.0623935
0.063956
0.0707154
0.078619
0.0838958
0.0851294
0.0855772
0.0876252
0.0875619
0.0840152
0.0808733
0.0785233
0.0750599
0.0719399
0.0708118
0.0717825
0.0746326
0.0790582
0.0834789
0.0879626
0.0943609
0.100829
0.105187
0.109418
0.115065
0.121832
0.130345
0.1405
0.147172
0.150034
0.152497
0.155154
0.15658
0.157602
0.158605
0.158628
0.155775
0.149961
0.140416
0.127388
0.11152
0.0951293
0.0796066
0.0652426
0.0545223
0.0489436
0.0457812
0.0412584
0.0340568
0.0275533
0.0240079
0.0215875
0.0198974
0.020898
0.0246554
0.0298238
0.0366983
0.042878
0.0452771
0.0478642
0.0535051
0.0599962
0.0662482
0.0730736
0.0755841
0.0714114
0.0628288
0.0552208
0.0512185
0.0490173
0.0469343
0.0458907
0.0443073
0.0408107
0.0392821
0.0410874
0.0431687
0.0461169
0.0516266
0.0558524
0.0593158
0.0678592
0.0805679
0.0932574
0.105559
0.117105
0.124046
0.128606
0.134456
0.139401
0.142045
0.145357
0.149507
0.152801
0.155753
0.157824
0.155675
0.150635
0.145978
0.143436
0.143404
0.146074
0.148505
0.14932
0.151233
0.154455
0.156601
0.156175
0.153216
0.148041
0.143021
0.140235
0.137019
0.132088
0.129928
0.130944
0.13184
0.130983
0.128787
0.125392
0.120485
0.113444
0.106841
0.102879
0.102187
0.103124
0.103982
0.102306
0.0977335
0.0911343
0.0835516
0.0752975
0.0666653
0.0606239
0.0600104
0.0580461
0.0511597
0.0440913
0.0399977
0.0378143
0.0367325
0.0354658
0.0314087
0.0281888
0.0308037
0.0353532
0.0372553
0.0365782
0.0364255
0.0387962
0.0460303
0.0552133
0.0585823
0.0572603
0.0565945
0.0582003
0.0607913
0.0640671
0.0676796
0.0720596
0.0826825
0.0987717
0.111717
0.117952
0.118806
0.118102
0.119662
0.124507
0.12813
0.127651
0.125045
0.123371
0.123559
0.125658
0.12905
0.130527
0.128394
0.122957
0.115757
0.107719
0.101855
0.0995793
0.10042
0.100536
0.0973716
0.0868184
0.0732547
0.0634104
0.0552602
0.0452936
0.0345768
0.0236465
0.0113788
-0.00243004
-0.0155335
-0.0241083
-0.0308345
-0.0400613
-0.0543324
-0.0698688
-0.0785798
-0.0786898
-0.0744956
-0.073852
-0.0782138
-0.0854522
-0.0911365
-0.0935525
-0.0947224
-0.0946977
-0.0890561
-0.0806838
-0.0745854
-0.0715224
-0.070346
-0.0725944
-0.0758632
-0.0769053
-0.0742905
-0.0713959
-0.0727184
-0.0768236
-0.0796836
-0.0771252
-0.0705408
-0.0622839
-0.0555767
-0.051511
-0.0482244
-0.0452244
-0.0448013
-0.0474293
-0.0517255
-0.0558029
-0.0583344
-0.0576762
-0.0558856
-0.0554282
-0.0569409
-0.0604656
-0.0672438
-0.0731793
-0.0750814
-0.0770005
-0.081839
-0.089104
-0.0989439
-0.110594
-0.115976
-0.114261
-0.109044
-0.108862
-0.116501
-0.121797
-0.120845
-0.118112
-0.11775
-0.119307
-0.118884
-0.116351
-0.114574
-0.111461
-0.104056
-0.0932892
-0.0814638
-0.0700515
-0.0616577
-0.0590091
-0.0604712
-0.0629661
-0.0657521
-0.0661031
-0.0606639
-0.0552628
-0.0543654
-0.0540065
-0.0515375
-0.0489547
-0.0461863
-0.0421813
-0.0394317
-0.0398448
-0.0446276
-0.0490946
-0.0496333
-0.0495099
-0.0513402
-0.0536223
-0.0566747
-0.0621809
-0.0650639
-0.0616498
-0.0525468
-0.0451745
-0.0453617
-0.0510183
-0.0579361
-0.067947
-0.0765445
-0.0762145
-0.072731
-0.0724353
-0.0730528
-0.0735382
-0.0763087
-0.0772048
-0.0730001
-0.0687902
-0.0676213
-0.0681215
-0.0723715
-0.0820937
-0.0915062
-0.0977705
-0.102579
-0.105983
-0.107116
-0.108661
-0.111586
-0.113952
-0.115248
-0.11639
-0.117365
-0.117252
-0.114808
-0.110268
-0.105045
-0.108259
-0.120636
-0.132642
-0.136651
-0.131782
-0.126957
-0.126978
-0.12925
-0.132013
-0.136813
-0.14035
-0.140254
-0.140355
-0.142988
-0.147092
-0.150484
-0.152286
-0.152186
-0.150302
-0.145383
-0.138728
-0.13219
-0.125843
-0.119061
-0.111969
-0.104953
-0.0982278
-0.0916971
-0.0862464
-0.0875116
-0.0935218
-0.0980928
-0.096343
-0.0883996
-0.0785941
-0.0714048
-0.0694139
-0.0688085
-0.0658503
-0.0612405
-0.0578203
-0.0577614
-0.0617313
-0.0688939
-0.0773348
-0.0838167
-0.08299
-0.0781013
-0.0747954
-0.0757211
-0.0807391
-0.0908235
-0.10047
-0.105008
-0.105031
-0.103769
-0.103601
-0.104292
-0.105264
-0.11115
-0.123351
-0.138409
-0.153932
-0.169642
-0.181342
-0.188365
-0.194588
-0.202816
-0.212572
-0.222332
-0.231626
-0.240768
-0.247099
-0.248859
-0.248534
-0.247059
-0.241893
-0.233631
-0.224351
-0.213196
-0.198665
-0.180403
-0.162398
-0.14832
-0.138637
-0.132334
-0.128002
-0.123696
-0.117969
-0.110669
-0.102876
-0.0994406
-0.101111
-0.104175
-0.104764
-0.102469
-0.0989697
-0.0954861
-0.0922635
-0.0912362
-0.0946201
-0.0988163
-0.101268
-0.103522
-0.104053
-0.0992716
-0.0923461
-0.0860452
-0.0758216
-0.0641577
-0.0580892
-0.0559976
-0.0535572
-0.0495124
-0.0435229
-0.0348628
-0.0264711
-0.0198793
-0.0116015
-0.0010409
0.00914073
0.0194869
0.0316523
0.0437348
0.0544077
0.0646288
0.0743489
0.0813538
0.0877959
0.0961788
0.103922
0.108864
0.110493
0.11149
0.113618
0.113969
0.112184
0.112667
0.114799
0.115389
0.113848
0.111604
0.10963
0.113942
0.127395
0.141753
0.150254
0.150727
0.145385
0.137231
0.130961
0.126792
0.122287
0.116496
0.11031
0.104466
0.0977721
0.088548
0.0779513
0.0679927
0.0622498
0.0597433
0.0576847
0.0566234
0.0573578
0.0586674
0.0604567
0.0635598
0.0656567
0.0660896
0.068743
0.0752087
0.0843172
0.0942842
0.103634
0.108707
0.110079
0.110341
0.110175
0.109268
0.10828
0.108622
0.111257
0.113639
0.113883
0.110859
0.106394
0.102451
0.0976959
0.0915372
0.0860862
0.0818909
0.0780292
0.0733963
0.067932
0.0621927
0.0574029
0.0541381
0.0524449
0.0522464
0.053842
0.0575695
0.0630374
0.0675502
0.0704086
0.0731031
0.074357
0.072968
0.0738389
0.0781624
0.0811966
0.0806341
0.0773605
0.0684241
0.0550365
0.044671
0.0403066
0.0388895
0.0339314
0.0253975
0.0175712
0.0145642
0.0169092
0.0231969
0.0305382
0.0373931
0.0451486
0.0548403
0.0632057
0.0675065
0.0656347
0.0666571
0.0777852
0.0944476
0.107745
0.111971
0.107975
0.0998687
0.0949206
0.0936369
0.0922161
0.088094
0.081024
0.0681421
0.0513248
0.0344795
0.019487
0.00630425
-0.000933504
-0.00221309
-0.000122933
0.00318495
0.00682908
0.00995264
0.0173665
0.0344482
0.0536569
0.0686245
0.0811741
0.0918364
0.0975699
0.100483
0.103365
0.104815
0.104216
0.102591
0.0992165
0.0940786
0.0888986
0.0855899
0.0852723
0.0880285
0.0911789
0.0900087
0.0865527
0.0847782
0.0829991
0.079339
0.0754064
0.0705205
0.0623624
0.0535107
0.0463052
0.0401115
0.0361333
0.0353976
0.0343252
0.0316852
0.0301418
0.0295448
0.0277993
0.0236499
0.0186331
0.0148348
0.0127717
0.0113189
0.00735223
0.000230608
-0.00868183
-0.0159417
-0.0201192
-0.0219618
-0.0228986
-0.023335
-0.0240307
-0.0249889
-0.0249992
-0.02347
-0.0209025
-0.0203164
-0.021907
-0.0212083
-0.0166863
-0.00983327
-0.00188964
0.00605058
0.0104765
0.01246
0.015835
0.0247722
0.0378851
0.0500786
0.0563555
0.0545122
0.0491287
0.0444155
0.0459362
0.0523218
0.0587982
0.0593118
0.0537974
0.043012
0.0352347
0.0392272
0.051173
0.063204
0.0722639
0.077388
0.0771837
0.0752235
0.0744512
0.0743837
0.0751474
0.0781266
0.0803902
0.0801238
0.0781312
0.0751007
0.0707469
0.0680557
0.0677334
0.0661949
0.061273
0.0533112
0.0438106
0.0342192
0.0263531
0.0193008
0.0111158
0.0012768
-0.00778481
-0.0118942
-0.0120311
-0.0103618
-0.00619104
0.00173226
0.0137044
0.0259355
0.034969
0.0410161
0.0466113
0.0544387
0.0633445
0.0704483
0.0729888
0.0723085
0.0723766
0.0741897
0.0762964
0.0777448
0.0786743
0.0796078
0.0807913
0.0820719
0.0825101
0.0816889
0.0807214
0.0781592
0.0693412
0.0602769
0.0572463
0.0548965
0.0486713
0.0392979
0.0292784
0.0195087
0.0106751
0.00534713
0.00167857
-0.00442264
-0.0135287
-0.0235836
-0.0307235
-0.0336464
-0.0345007
-0.0357017
-0.0386835
-0.0420373
-0.0441803
-0.0453487
-0.0459445
-0.0450678
-0.0432555
-0.0416368
-0.040971
-0.0400815
-0.0364981
-0.032898
-0.0321501
-0.0309501
-0.0256415
-0.0149293
-0.00223632
0.0093878
0.0166603
0.0209047
0.0277822
0.0365054
0.0420086
0.0426536
0.0409696
0.0393342
0.0412458
0.0494837
0.0586795
0.0640228
0.062575
0.0542956
0.0399434
0.0282588
0.0217919
0.0142984
0.00224751
-0.012712
-0.0254323
-0.033161
-0.0355905
-0.0378538
-0.0439889
-0.0547001
-0.0655109
-0.0723798
-0.0764203
-0.0799126
-0.0826724
-0.0844774
-0.0859755
-0.0910234
-0.101414
-0.112776
-0.122769
-0.132378
-0.13831
-0.139184
-0.137399
-0.134372
-0.128766
-0.121951
-0.115679
-0.110257
-0.104146
-0.0961201
-0.0876018
-0.0801131
-0.0745597
-0.0686029
-0.0597203
-0.0515347
-0.0456759
-0.0362108
-0.0226582
-0.00933803
0.00271651
0.0143071
0.0211107
0.0234743
0.0240938
0.0214225
0.0133746
0.00263312
-0.00605553
-0.00998423
-0.0100368
-0.00923815
-0.0111059
-0.0155766
-0.0209651
-0.0257792
-0.0297025
-0.0316807
-0.0326832
-0.0345593
-0.0388834
-0.0469377
-0.0609984
-0.0761036
-0.0871088
-0.0927941
-0.0963636
-0.102243
-0.11231
-0.124733
-0.133359
-0.137018
-0.138413
-0.137771
-0.133478
-0.12646
-0.119667
-0.115036
-0.112263
-0.110461
-0.1085
-0.106038
-0.103435
-0.102332
-0.103363
-0.10467
-0.104031
-0.10074
-0.0982606
-0.0987205
-0.100048
-0.101192
-0.103219
-0.103932
-0.10157
-0.0985957
-0.0976699
-0.0990272
-0.0992783
-0.0961254
-0.0862104
-0.0722137
-0.0588966
-0.0506726
-0.0486146
-0.0529951
-0.058984
-0.0615549
-0.059771
-0.056651
-0.0557129
-0.0581802
-0.0632221
-0.0643744
-0.0613933
-0.0619454
-0.0685625
-0.0787612
-0.0867367
-0.0904691
-0.0914915
-0.0930175
-0.0961682
-0.099546
-0.101308
-0.100057
-0.0963681
-0.0922573
-0.0927862
-0.0961728
-0.0971406
-0.0929732
-0.0846351
-0.0750328
-0.0674073
-0.0632305
-0.0605777
-0.0575387
-0.0520529
-0.0452189
-0.0392789
-0.0357379
-0.034603
-0.0356523
-0.0377936
-0.0401812
-0.0423101
-0.0444116
-0.0476147
-0.0551055
-0.0697326
-0.0867118
-0.100475
-0.108245
-0.109778
-0.107016
-0.107405
-0.11213
-0.116144
-0.119876
-0.126069
-0.13079
-0.132203
-0.132191
-0.133925
-0.138751
-0.148563
-0.160619
-0.1706
-0.174635
-0.173489
-0.170179
-0.16836
-0.169578
-0.174049
-0.180301
-0.186181
-0.189183
-0.188619
-0.185622
-0.182302
-0.179341
-0.174491
-0.166554
-0.158801
-0.152692
-0.147024
-0.143282
-0.143216
-0.145246
-0.145871
-0.141902
-0.134784
-0.127605
-0.123673
-0.123055
-0.12575
-0.129864
-0.133413
-0.133985
-0.131196
-0.125666
-0.12003
-0.11544
-0.111846
-0.10783
-0.102345
-0.0970362
-0.0933197
-0.0901504
-0.0866155
-0.0831001
-0.0791058
-0.0735446
-0.0645255
-0.0543253
-0.0471303
-0.0428446
-0.038978
-0.0335252
-0.0262614
-0.0169574
-0.00850907
-0.00351155
-0.00299718
-0.00300187
0.00150499
0.00788222
0.0114935
0.0110303
0.00966448
0.0105909
0.0128093
0.0141176
0.0142871
0.0126208
0.00593018
-0.00553856
-0.0186199
-0.0269803
-0.0284108
-0.024286
-0.0212637
-0.022861
-0.0285233
-0.0370438
-0.0489055
-0.0565745
-0.0570358
-0.0547327
-0.0545824
-0.0574763
-0.0649863
-0.0757666
-0.0854412
-0.0915723
-0.0950716
-0.0982029
-0.101781
-0.104986
-0.106886
-0.107512
-0.106633
-0.106476
-0.110011
-0.117838
-0.127025
-0.133273
-0.135459
-0.134172
-0.132134
-0.130586
-0.128757
-0.126987
-0.126049
-0.125209
-0.124809
-0.127028
-0.129741
-0.129939
-0.126394
-0.120068
-0.11211
-0.102433
-0.090191
-0.0727069
-0.052257
-0.036671
-0.0278173
-0.0235286
-0.01848
-0.0111095
-0.00408584
0.00108813
0.00571169
0.0136491
0.0247299
0.0333389
0.0378811
0.0405532
0.0428441
0.0448343
0.046128
0.0444574
0.0375515
0.0285478
0.0207229
0.0146177
0.0107485
0.00947725
0.0102928
0.0120406
0.0130458
0.0139792
0.0155371
0.0143764
0.0112647
0.010083
0.00645876
-0.00322563
-0.00882937
-0.00710308
-0.00334784
-0.00173271
-0.0016283
-0.00138106
-0.00107912
-0.00201185
-0.00407216
-0.00660217
-0.0102035
-0.013229
-0.013086
-0.0107288
-0.00666182
0.00180056
0.0122061
0.0205407
0.0254137
0.0285572
0.0312786
0.0351211
0.0414831
0.0500721
0.0598481
0.0720031
0.0858361
0.0994252
0.112335
0.124419
0.131687
0.13484
0.137368
0.139826
0.140497
0.13857
0.134155
0.12733
0.120008
0.113833
0.11102
0.109364
0.105231
0.0981317
0.0908531
0.0868319
0.0858583
0.0858013
0.0849631
0.083421
0.0816959
0.0800209
0.078197
0.0757603
0.0723113
0.0670449
0.060756
0.0543873
0.0472182
0.0396176
0.032894
0.0273528
0.0224677
0.0179028
0.0139335
0.0136097
0.0137424
0.00827555
-0.00292472
-0.0147064
-0.0214472
-0.0255427
-0.0313754
-0.0371367
-0.0395536
-0.0376456
-0.0337546
-0.029998
-0.0270459
-0.0248486
-0.024106
-0.0231199
-0.0198951
-0.0130044
-0.00457811
0.00273377
0.00747176
0.0102838
0.0148158
0.0217575
0.0284851
0.0335699
0.0382101
0.047265
0.0604744
0.0719175
0.0799327
0.0871307
0.0965857
0.10782
0.118067
0.125831
0.131153
0.135424
0.139777
0.14462
0.149485
0.153817
0.156827
0.158419
0.158899
0.158696
0.157325
0.152344
0.143737
0.134092
0.125249
0.117514
0.112633
0.109759
0.107273
0.103833
0.0987903
0.0902873
0.081156
0.0760523
0.0770971
0.0811295
0.0820935
0.0785528
0.0723781
0.0662029
0.0615101
0.0593822
0.0602272
0.0649234
0.0718606
0.0788884
0.0847033
0.0892363
0.0924942
0.0954944
0.0993549
0.105021
0.112098
0.120298
0.129417
0.1371
0.13845
0.135607
0.132612
0.131826
0.132648
0.133899
0.13503
0.135991
0.134842
0.131293
0.127195
0.125131
0.125214
0.123172
0.118014
0.111655
0.107031
0.104927
0.103386
0.0979613
0.0851093
0.0668602
0.0497211
0.041424
0.0419742
0.0492709
0.0573328
0.062605
0.0644679
0.0632043
0.0573508
0.0480372
0.03687
0.0242356
0.0150326
0.0120937
0.00936522
0.00438916
0.0016091
-0.000544585
-0.00598023
-0.0132891
-0.0196385
-0.0242956
-0.0271848
-0.0282698
-0.0279261
-0.0276365
-0.0286386
-0.0308683
-0.0330358
-0.0303833
-0.0259109
-0.0262119
-0.0320888
-0.0411855
-0.0525063
-0.0621793
-0.0656102
-0.0622166
-0.0556043
-0.0486212
-0.0409272
-0.0311593
-0.021092
-0.0126243
-0.00777989
-0.00593407
-0.00567951
-0.00594371
-0.00602115
-0.00347365
8.26887e-07
0.000983465
-1.439e-05
-0.000876699
-0.00107688
0.000413195
0.00473754
0.00774432
0.00704686
0.0028965
-0.00186789
-0.00501816
-0.0059509
-0.00605942
-0.00749279
-0.00912431
-0.00799706
-0.00141146
0.00937166
0.0224123
0.0347004
0.0439107
0.0492075
0.0507541
0.0499063
0.0479764
0.0452564
0.0429593
0.0418792
0.0436985
0.0474871
0.0510004
0.0511724
0.0482903
0.0442652
0.0404642
0.0367368
0.0311214
0.0243925
0.0206394
0.0201084
0.0209282
0.0213429
0.0212345
0.0211706
0.0201122
0.0171939
0.0141153
0.011923
0.0101994
0.0103847
0.0138622
0.0206317
0.0297529
0.0402167
0.0520578
0.0660467
0.0795552
0.0910442
0.101655
0.111714
0.12013
0.128249
0.135987
0.136259
0.13312
0.136183
0.143395
0.149495
0.156393
0.162944
0.164735
0.16319
0.161097
0.155664
0.146804
0.137176
0.127435
0.118481
0.113785
0.114552
0.119331
0.126242
0.133475
0.137882
0.137321
0.132222
0.124779
0.115508
0.103247
0.0868302
0.0673173
0.05101
0.040105
0.0330172
0.0287604
0.0266528
0.0254555
0.0258551
0.0291301
0.0299876
0.0252793
0.0167933
0.00971715
0.00663897
0.00857743
0.0134339
0.0173224
0.0188006
0.0188158
0.0178008
0.0165516
0.0157285
0.015328
0.0153828
0.0173771
0.0197
0.0185697
0.0160397
0.0153735
0.0150616
0.0168213
0.0247831
0.0348753
0.0421461
0.0435461
0.0414588
0.0377649
0.0321601
0.0244821
0.0187113
0.0163953
0.0165322
0.0185351
0.0215828
0.0234229
0.0217843
0.0152296
0.00567641
-0.00310589
-0.00715772
-0.00765826
-0.006557
-0.00370505
0.000879787
0.00558619
0.00786196
0.00541442
-0.0028885
-0.012458
-0.014111
-0.0091137
-0.00412778
-0.00423737
-0.00773659
-0.0108183
-0.0107661
-0.00817686
-0.00338225
4.50001e-05
-0.00198105
-0.00883338
-0.0169033
-0.0229998
-0.0239033
-0.0188578
-0.0100589
-0.000757536
0.0078544
0.0177524
0.0302698
0.0429249
0.0537474
0.0621817
0.0646083
0.0609775
0.0554128
0.0504964
0.046054
0.0464161
0.0518672
0.0569238
0.0594488
0.0609768
0.0612849
0.0619381
0.0652048
0.0696534
0.0735999
0.0784983
0.0831066
0.0843827
0.083549
0.0821524
0.0790848
0.0774633
0.0798359
0.0819529
0.0824117
0.0838558
0.0863495
0.0884794
0.0900569
0.0898376
0.0862496
0.0830044
0.0814207
0.077836
0.0742326
0.0742523
0.0765412
0.0802281
0.0866506
0.0926149
0.095119
0.0935532
0.0903613
0.0876354
0.0866002
0.0870274
0.0883264
0.0871432
0.0817146
0.0748972
0.0684842
0.0620475
0.0595868
0.0614579
0.0619967
0.05994
0.0577981
0.0529145
0.0451751
0.0401313
0.0380906
0.0357646
0.031803
0.0274377
0.0241419
0.0225665
0.0223174
0.0229847
0.0247691
0.0274199
0.0278213
0.0260141
0.0240023
0.020493
0.0140028
0.00797227
0.00761074
0.0156103
0.0254238
0.0310412
0.0310317
0.0288459
0.0273964
0.0277071
0.0278486
0.0260407
0.0250653
0.0254831
0.0232988
0.0209519
0.0222423
0.0239934
0.0236734
0.0228626
0.0196073
0.0118602
0.00368277
-0.00107662
-0.0020819
-0.00302194
-0.00467737
-0.00355331
-0.00236511
-0.00521569
-0.0111677
-0.0167602
-0.0201304
-0.0205513
-0.0186359
-0.0150878
-0.0111472
-0.00773896
-0.00641814
-0.008801
-0.0157337
-0.0217351
-0.0235385
-0.0224201
-0.0199986
-0.0167026
-0.0144879
-0.0132648
-0.0116596
-0.0121058
-0.0161924
-0.0178879
-0.0142177
-0.00700742
-0.000581659
0.00318321
0.00456805
0.0059659
0.00851935
0.0104226
0.00920763
0.0035147
-0.00597675
-0.0164577
-0.0243474
-0.0308503
-0.0381717
-0.0440279
-0.0475844
-0.0501052
-0.0517599
-0.0525199
-0.0531955
-0.0546311
-0.0566066
-0.0568612
-0.0557262
-0.0550462
-0.0539411
-0.0516783
-0.0494505
-0.0476536
-0.045672
-0.0425733
-0.038534
-0.0346157
-0.0314252
-0.0286047
-0.0248196
-0.021336
-0.0207858
-0.024132
-0.0291912
-0.0324354
-0.032768
-0.0317007
-0.032662
-0.0350447
-0.035853
-0.0341721
-0.0316389
-0.0302796
-0.0284438
-0.0229975
-0.0130132
-0.00131998
0.00774677
0.0151075
0.0235438
0.0308942
0.0347318
0.0350635
0.0337777
0.0324174
0.0329916
0.0344805
0.0344563
0.0325504
0.0298493
0.0269344
0.0244363
0.0226787
0.0194238
0.0138905
0.00782626
0.00437904
0.00399406
0.00102414
-0.00628973
-0.0139845
-0.0168873
-0.0145043
-0.012468
-0.0132449
-0.0150813
-0.0171751
-0.0187828
-0.0178443
-0.0163006
-0.0166674
-0.0181234
-0.0188183
-0.0164717
-0.0122356
-0.010191
-0.01239
-0.0180526
-0.0262267
-0.0327098
-0.0335088
-0.0318393
-0.030946
-0.0292671
-0.0271469
-0.0269341
-0.0264206
-0.0243459
-0.0231826
-0.0235084
-0.0242083
-0.0260343
-0.029277
-0.032602
-0.0351137
-0.0372607
-0.040866
-0.0465411
-0.0537035
-0.0603865
-0.065488
-0.0688985
-0.0724506
-0.0778971
-0.0870086
-0.0981129
-0.106766
-0.111571
-0.113849
-0.113872
-0.111841
-0.108234
-0.106675
-0.108008
-0.109688
-0.110949
-0.113012
-0.114242
-0.114043
-0.11443
-0.114652
-0.113113
-0.111298
-0.109891
-0.107505
-0.103903
-0.100001
-0.0968494
-0.0948341
-0.093935
-0.0934169
-0.0926901
-0.0913221
-0.0889053
-0.085403
-0.0843823
-0.0862635
-0.0870841
-0.0859977
-0.0849101
-0.0841639
-0.0841531
-0.086953
-0.0903717
-0.0911027
-0.0896593
-0.0869208
-0.0812972
-0.0775134
-0.0794675
-0.0822852
-0.0815589
-0.0772127
-0.0730177
-0.0709744
-0.068369
-0.0624464
-0.0526004
-0.0448601
-0.0430844
-0.0422938
-0.0399745
-0.0401601
-0.0428347
-0.0449115
-0.0443272
-0.0412138
-0.0349738
-0.0305967
-0.0317256
-0.0345236
-0.0355186
-0.0352697
-0.0339429
-0.0313423
-0.0299482
-0.0303311
-0.0310857
-0.0308665
-0.0292252
-0.0243943
-0.0169318
-0.00859845
-0.00251575
-0.000157669
-0.00233553
-0.00627937
-0.00893702
-0.0094465
-0.00940009
-0.01126
-0.0156556
-0.0216666
-0.0253992
-0.0247602
-0.019803
-0.0136422
-0.00799627
-0.00218574
0.00327773
0.00514748
0.0065894
0.0121245
0.0169069
0.0173328
0.0162119
0.0156319
0.0146099
0.0129415
0.0117857
0.0128843
0.0166245
0.0216501
0.0225668
0.0204669
0.0233065
0.0271131
0.0255949
0.025892
0.0303465
0.0331215
0.0308986
0.0256454
0.0225256
0.0234231
0.0269313
0.0275397
0.0240138
0.0254077
0.0318218
0.0360891
0.037392
0.0387473
0.0400609
0.0425916
0.048739
0.0567088
0.0640965
0.0693017
0.0731656
0.076528
0.0780904
0.0768195
0.0743136
0.0712001
0.0661312
0.0613644
0.059672
0.0615308
0.0643094
0.0659718
0.0686765
0.0740266
0.0764669
0.0748463
0.0751486
0.0778875
0.0799362
0.0824231
0.084172
0.0785739
0.0693666
0.0635031
0.0630932
0.0632804
0.0567208
0.0471644
0.0405881
0.033674
0.0245908
0.016189
0.00848315
-0.000805904
-0.0141692
-0.0284486
-0.0388177
-0.0443827
-0.0484313
-0.055689
-0.0637403
-0.0676195
-0.0709951
-0.0772301
-0.0833513
-0.0867372
-0.0877295
-0.088695
-0.0905732
-0.0921455
-0.0930302
-0.0938041
-0.0930173
-0.0909278
-0.0922673
-0.0960278
-0.0975274
-0.0956293
-0.0928167
-0.0922357
-0.0916095
-0.08694
-0.0813431
-0.077382
-0.0707413
-0.0623299
-0.0570099
-0.0516342
-0.0423864
-0.0334815
-0.0269696
-0.020381
-0.0135065
-0.00743605
0.000754693
0.0110025
0.0184559
0.0235685
0.0294972
0.0337306
0.0341928
0.0325074
0.0321641
0.0347068
0.0368533
0.0368377
0.0371688
0.0378778
0.0368071
0.0367389
0.0388327
0.0380019
0.0316939
0.0212873
0.0119204
0.00802601
0.0131684
0.0162165
0.00557743
-0.0093292
-0.0177155
-0.0195432
-0.0203873
-0.0229388
-0.0253649
-0.0249046
-0.0203293
-0.0165078
-0.0168015
-0.0157838
-0.010942
-0.00650239
-0.00399078
-0.00153318
0.002666
0.00926749
0.0189662
0.0290006
0.0363364
0.0393834
0.0400701
0.0420751
0.0479641
0.0581517
0.0666078
0.0704707
0.071066
0.0697478
0.0658998
0.0611083
0.0567898
0.0531556
0.0502324
0.0482625
0.045105
0.0399797
0.0339715
0.0295012
0.0281312
0.0275344
0.0256526
0.0226806
0.0183818
0.0118158
0.00629491
0.00350201
0.00161651
-0.000567676
-0.00271962
-0.00508983
-0.00645729
-0.00371738
-0.000795572
-0.00210309
-0.00593658
-0.0101309
-0.0156539
-0.0198131
-0.0199469
-0.0172954
-0.0136059
-0.00896541
-0.00407672
0.000614041
0.00729709
0.0167866
0.0276566
0.0381653
0.0478558
0.056326
0.0632859
0.0659752
0.0661798
0.06754
0.0688251
0.0684832
0.0687218
0.0697198
0.0695496
0.0681481
0.0668129
0.0671061
0.0672282
0.0644173
0.0600993
0.0564275
0.0534294
0.0512521
0.0506004
0.049354
0.0454522
0.0380929
0.0314082
0.0293195
0.029679
0.0285258
0.0238293
0.0189894
0.01685
0.0147827
0.0105303
0.00410291
-0.000775924
-0.00222788
-0.00448077
-0.00949212
-0.0153898
-0.0191162
-0.0203384
-0.020733
-0.0220029
-0.0244379
-0.0269276
-0.0286609
-0.0296143
-0.0302262
-0.0302799
-0.0271872
-0.0234601
-0.025389
-0.0320072
-0.0390059
-0.0447947
-0.0487034
-0.0496909
-0.0486458
-0.046892
-0.0448406
-0.0418809
-0.0374213
-0.0336918
-0.0323537
-0.0333784
-0.0414604
-0.0432064
-0.0448425
-0.0467892
-0.0492393
-0.0521742
-0.0549734
-0.0548544
-0.0523894
-0.0499329
-0.0474286
-0.044365
-0.0425689
-0.0422228
-0.0421417
-0.042158
-0.0414962
-0.0376651
-0.0319922
-0.0269309
-0.0235235
-0.0212315
-0.0196033
-0.0184632
-0.01759
-0.015059
-0.0108483
-0.00723892
-0.00583365
-0.00712268
-0.0141657
-0.0232494
-0.0283087
-0.0297025
-0.0303115
-0.0305716
-0.0308291
-0.032005
-0.034387
-0.036886
-0.0377438
-0.0382562
-0.0403057
-0.0440045
-0.0492538
-0.0572192
-0.0660779
-0.0736337
-0.0796392
-0.086087
-0.0945045
-0.103059
-0.110285
-0.116796
-0.122327
-0.126592
-0.132593
-0.14086
-0.148478
-0.155298
-0.162585
-0.168206
-0.170141
-0.167706
-0.161411
-0.153707
-0.149776
-0.15075
-0.154508
-0.154359
-0.149439
-0.14585
-0.145918
-0.147177
-0.146629
-0.143731
-0.139163
-0.133512
-0.126191
-0.117156
-0.109075
-0.106964
-0.106585
-0.100999
-0.0878293
-0.0712842
-0.0577906
-0.0499245
-0.0470381
-0.044397
-0.0395198
-0.0327354
-0.0280298
-0.028529
-0.0296463
-0.028061
-0.0264949
-0.0269666
-0.028378
-0.0272123
-0.0228711
-0.0177093
-0.0131279
-0.00869823
-0.00542642
-0.00420518
-0.00514487
-0.00522223
-0.00201357
0.00042427
-0.00114656
-0.00606365
-0.0103971
-0.0122536
-0.0138813
-0.0171374
-0.021561
-0.0248585
-0.0262162
-0.028285
-0.0299814
-0.0278275
-0.024193
-0.02261
-0.0252735
-0.0285772
-0.0280759
-0.0247129
-0.0215002
-0.0214782
-0.0221006
-0.0192328
-0.0147532
-0.0117485
-0.0112938
-0.012766
-0.015225
-0.013841
-0.00791359
-0.001703
0.00398215
0.0113294
0.0158293
0.0160538
0.0181986
0.0226944
0.0248736
0.0243348
0.0229397
0.0208825
0.0187834
0.0174995
0.0173788
0.0171168
0.0143207
0.0112684
0.0107209
0.0113368
0.0102803
0.00543391
-0.00061396
-0.0044341
-0.00315113
0.00159033
0.00811146
0.0133911
0.0161292
0.0185843
0.0217596
0.023857
0.0243031
0.023694
0.0207056
0.0150571
0.00834747
0.00139102
-0.00567794
-0.0105217
-0.0133028
-0.0154592
-0.0173682
-0.0185231
-0.0186395
-0.017023
-0.0117392
-0.00659879
-0.00554462
-0.00788339
-0.00996468
-0.00935491
-0.00619137
-0.00171234
0.00307192
0.00744032
0.00998815
0.0108069
0.0111186
0.0136809
0.0174724
0.0178393
0.0150881
0.0121919
0.00970648
0.00789818
0.00915181
0.0127079
0.0164239
0.0194052
0.0216824
0.0226054
0.0230716
0.0244413
0.0287552
0.0353384
0.0412815
0.0452466
0.0477219
0.0502687
0.0535287
0.0572694
0.0604656
0.0622924
0.0618458
0.0592497
0.0576518
0.0576069
0.057199
0.0549163
0.0510407
0.0453286
0.0388558
0.0330226
0.0280056
0.0240664
0.02273
0.0222463
0.0204364
0.0190124
0.0191778
0.0194102
0.0199675
0.0221414
0.0220007
0.0179645
0.0127036
0.0109415
0.0155929
0.0238718
0.031969
0.0382929
0.0412224
0.0391206
0.0375614
0.0402408
0.0477479
0.0548788
0.0566731
0.053485
0.0475526
0.0402758
0.0349368
0.0347464
0.0399385
0.0489359
0.056255
0.0587519
0.0544852
0.0469724
0.0407073
0.0410521
0.0458891
0.0504267
0.051115
0.0460374
0.0408614
0.0405837
0.0456215
0.0515185
0.052122
0.0461917
0.0369078
0.0303
0.0292424
0.0357028
0.0441498
0.0486122
0.042473
0.028591
0.0168479
0.0138543
0.0184218
0.0252703
0.0292653
0.027515
0.0220604
0.0163429
0.0150626
0.0175024
0.0211594
0.0230289
0.0225606
0.0224437
0.0239341
0.0259904
0.0252968
0.0205158
0.014357
0.00968458
0.00754625
0.0066681
0.00578257
0.00457463
0.00259197
-0.00155092
-0.00593988
-0.00869288
-0.011606
-0.0142319
-0.014118
-0.0132276
-0.013726
-0.0143361
-0.0140955
-0.0135714
-0.0126173
-0.0108794
-0.00911505
-0.00779759
-0.00677889
-0.00584732
-0.00480667
-0.0027061
-0.00062056
-0.00120741
-0.00483839
-0.00979998
-0.0128214
-0.0130027
-0.0102504
-0.00701127
-0.00532282
-0.00597908
-0.0081657
-0.0119055
-0.0137644
-0.0112014
-0.00567222
-0.00055419
0.00234478
0.00323089
0.00290003
0.00129887
-0.000650346
-0.000180778
0.00165674
0.00267135
0.00337716
0.00391342
0.00268324
0.00114776
0.00149958
0.00507639
0.0106609
0.0157205
0.0182254
0.0176872
0.0179726
0.0212809
0.0265963
0.030826
0.0321329
0.0305947
0.0283421
0.0292845
0.0335602
0.0389123
0.0417293
0.0411953
0.0361379
0.0289624
0.0229361
0.0200379
0.0190461
0.0179497
0.0167088
0.0161939
0.0138596
0.00907212
0.00457553
0.0024253
0.00270772
0.00335211
0.00309483
0.00217243
0.00163117
0.00206238
0.00344822
0.00460272
0.00356971
0.000436115
-0.00393255
-0.00752262
-0.00937623
-0.00954583
-0.00903394
-0.00834475
-0.00880058
-0.0106555
-0.013046
-0.013798
-0.0114252
-0.0080511
-0.00578472
-0.0048715
-0.00496556
-0.00628736
-0.00787422
-0.00790117
-0.00411695
0.00216009
0.00897086
0.0134028
0.0154765
0.0173077
0.0203603
0.0245668
0.0284902
0.0311959
0.0319272
0.0312105
0.0292875
0.0282455
0.029431
0.0316011
0.0331624
0.0337478
0.0333038
0.0320194
0.0311127
0.0308123
0.0302905
0.0297177
0.0297041
0.0301876
0.0304995
0.0297535
0.0282545
0.0267931
0.0261978
0.0259481
0.0245722
0.0225689
0.0210297
0.019419
0.017299
0.0152634
0.0134138
0.0114143
0.0090888
0.00636506
0.00309757
0.000893319
0.000504317
-0.00096231
-0.00401524
-0.00662954
-0.00807523
-0.00901612
-0.00969146
-0.0101966
-0.0106191
-0.0109017
-0.0109431
-0.0106956
-0.010252
-0.00973787
-0.00977971
-0.0105486
-0.0108647
-0.0103385
-0.00946127
-0.00829448
-0.0067065
-0.00554713
-0.0051256
-0.00512799
-0.00551641
-0.0063121
-0.00643756
-0.0056952
-0.00467516
-0.00396445
-0.00361935
-0.00366523
-0.00331088
-0.00173559
0.000341317
0.00204103
0.00279286
0.00273938
0.00181212
0.00086693
0.000694814
0.00162217
0.00302642
0.00443662
0.00516603
0.00495164
0.00406617
0.00293765
0.00192954
0.00113316
0.000477066
1.52158e-05
-0.000297777
-0.000495694
-0.000657523
-0.000801853
-0.000737791
-0.000674296
-0.00114096
-0.00201628
-0.00285249
-0.00321745
-0.00325543
-0.00330583
-0.00360815
-0.00412645
-0.00468623
-0.00516884
-0.00556092
-0.00559429
-0.00520584
-0.00511249
-0.00551127
-0.00606155
-0.00648148
-0.00672349
-0.00647406
-0.00587297
-0.00526354
-0.00475809
-0.00427947
-0.00394222
-0.00369326
-0.00338353
-0.00307329
-0.00287086
-0.00275265
-0.00264881
-0.00253555
-0.00234417
-0.00205939
-0.00184207
-0.00183973
-0.00219415
-0.0026966
-0.00314469
-0.00366128
-0.00423047
-0.00464179
-0.00485958
-0.00503302
-0.00549291
-0.00604097
-0.00628039
-0.00629631
-0.00636971
-0.00678455
-0.00743542
-0.00805223
-0.00822496
-0.00795353
-0.00753419
-0.00732129
-0.00743933
-0.00774008
-0.00796977
-0.00791328
-0.00762648
-0.0072375
-0.00706596
-0.00712584
-0.00713751
-0.00700734
-0.00683263
-0.00664888
-0.00645541
-0.00627858
-0.00618148
-0.00620733
-0.00623076
-0.0061656
-0.00603333
-0.00587012
-0.00567099
-0.00550637
-0.00539617
-0.00528469
-0.00516009
-0.00505455
-0.00496677
-0.00488257
-0.00480148
-0.00469373
-0.00453119
-0.0043853
-0.00429323
-0.00421766
-0.00410679
-0.00394611
-0.00378793
-0.00365998
-0.00353141
-0.00338582
-0.00323881
-0.00313117
-0.00305613
-0.00294589
-0.00281643
-0.00272863
-0.00268084
-0.00264138
-0.00259007
-0.00253493
-0.00249001
-0.0024499
-0.00241368
-0.00242635
-0.00246351
-0.00246974
-0.00243662
-0.00238454
-0.00232336
-0.00226545
-0.00222011
-0.00217925
-0.00213369
-0.00207861
-0.00201773
-0.00195629
-0.00190693
-0.0018769
-0.00187427
-0.00187858
-0.00186657
-0.00183478
-0.00179187
-0.00174558
-0.00170014
-0.00165656
-0.00162254
-0.00159883
-0.00156387
-0.00150963
-0.00144343
-0.00137764
-0.00132022
-0.00128785
-0.00126775
-0.00123726
-0.00118388
-0.00111784
-0.00105429
-0.00100235
-0.000962063
-0.000917422
-0.000862899
-0.000808281
-0.000756089
-0.000701193
-0.000645627
-0.000592452
-0.000542452
-0.000493566
-0.000444084
-0.000393898
-0.000343339
-0.000292231
-0.000240422
-0.000187729
-0.00013297
-7.58297e-05
-1.66965e-05
4.11999e-05
9.52773e-05
0.000144607
0.000192152
0.000242282
0.000295878
0.000351763
0.000408052
0.000463202
0.000516096
0.000567779
0.000619466
0.000672235
0.000725983
0.000780166
0.000833289
0.000884505
0.000934108
0.000983133
0.00103246
0.00108217
0.001132
0.00118149
0.00123052
0.00127932
0.00132792
0.00137619
0.00142418
0.00147198
0.00151977
0.00156733
0.00161441
0.00166102
0.00170731
0.00175358
0.00179983
0.00184592
0.00189178
0.00193741
0.0019828
0.00202797
0.00207296
0.00211774
0.00216227
0.00220657
0.00225069
0.00229465
0.00233847
0.00238213
0.00242558
0.00246878
0.00251175
0.00255457
0.00259724
0.00263976
0.00268206
0.00272411
0.00276592
0.0028075
0.00284886
0.00289001
0.00293096
0.00297167
0.00301215
0.00305239
0.0030924
0.00313217
0.00317171
0.003211
0.00325006
0.00328887
0.00332743
0.00336574
0.0034038
0.0034416
0.00347915
0.00351645
0.00355349
0.00359026
0.00362678
0.00366303
0.00369901
0.00373473
0.00377017
0.00380535
0.00384025
0.00387488
0.00390923
0.00394331
0.0039771
0.00401061
0.00404384
0.00407678
0.00410944
0.00414181
0.00417389
0.00420568
0
0
