-0.0552697
-0.0551159
-0.0549617
-0.0548047
-0.0546345
-0.0544321
-0.0543148
-0.0541404
-0.0539387
-0.0538912
-0.0538727
-0.0538045
-0.0537856
-0.0537718
-0.0535447
-0.0532217
-0.0532991
-0.0530948
-0.0516687
-0.0503324
-0.0495199
-0.0485559
-0.0477182
-0.046985
-0.0470589
-0.0467756
-0.0460771
-0.04519
-0.0434115
-0.0411137
-0.0389788
-0.036318
-0.0358021
-0.036864
-0.0361092
-0.0346729
-0.033847
-0.0357709
-0.0373786
-0.037605
-0.0382133
-0.0375366
-0.0337367
-0.0314873
-0.0340655
-0.038038
-0.0429068
-0.0461852
-0.0481305
-0.0505999
-0.0508199
-0.0504677
-0.0509841
-0.0496855
-0.0459685
-0.0375664
-0.028325
-0.0232345
-0.0211283
-0.0193087
-0.0147248
-0.0131563
-0.0155948
-0.0246654
-0.0363554
-0.0353807
-0.0237631
-0.00548775
0.0119568
0.0226039
0.0318347
0.044905
0.0545298
0.0594618
0.0615472
0.0620554
0.0479538
0.0240312
0.0088669
0.0121754
0.0291742
0.0400508
0.0306845
0.0220654
0.0164382
0.0108133
-0.000902246
-0.0210965
-0.0586014
-0.109782
-0.15442
-0.176306
-0.158002
-0.125158
-0.0978664
-0.0799448
-0.0632438
-0.0415047
-0.0194802
-0.00944374
-0.0109519
-0.0240714
-0.0467099
-0.0641883
-0.070996
-0.0588804
-0.0292667
-0.00535561
0.0125658
0.0311367
0.053787
0.0856665
0.126528
0.161344
0.17515
0.160776
0.122363
0.0626714
0.00818553
-0.00683683
0.0253029
0.0641744
0.0964308
0.12242
0.1429
0.156468
0.146339
0.12095
0.0963734
0.0635556
0.0430788
0.0314705
0.0117417
0.00517792
0.022072
0.0344185
0.0277014
-0.00484446
-0.0581866
-0.0902629
-0.0880799
-0.076044
-0.0766808
-0.102282
-0.140067
-0.150395
-0.108784
-0.0329224
0.0432783
0.0870805
0.0965469
0.0790941
0.0628586
0.0526794
0.0389598
0.031773
0.067078
0.146711
0.229394
0.264242
0.26003
0.243026
0.245258
0.265778
0.277538
0.258933
0.197705
0.105815
0.0368909
0.0157445
0.016216
0.0247353
0.0277241
0.0367333
0.0526612
0.0439722
-0.00631138
-0.075076
-0.128505
-0.136862
-0.0946432
-0.0604438
-0.0664501
-0.106677
-0.174659
-0.24985
-0.302006
-0.32955
-0.349155
-0.359563
-0.377675
-0.417295
-0.45108
-0.460693
-0.386977
-0.194918
0.0143149
0.11708
0.125889
0.139889
0.192259
0.251424
0.274886
0.277437
0.300655
0.351402
0.398603
0.419196
0.412996
0.386149
0.348818
0.315629
0.280369
0.243325
0.209778
0.176413
0.149219
0.154842
0.186195
0.229507
0.271528
0.270526
0.211084
0.0964519
-0.0368692
-0.140407
-0.188284
-0.218653
-0.247292
-0.270374
-0.28706
-0.293376
-0.248961
-0.125677
0.0241616
0.126896
0.198659
0.281893
0.354411
0.39308
0.389891
0.371864
0.372612
0.394692
0.411598
0.390657
0.325899
0.234721
0.121093
0.00287033
-0.099593
-0.153313
-0.163882
-0.146705
-0.115844
-0.0757256
-0.0406054
-0.0143629
0.0202441
0.0640261
0.102273
0.106256
0.0833991
0.0652958
0.0731778
0.101421
0.123788
0.120584
0.0989843
0.0930668
0.0904478
0.0582527
0.00687735
-0.0352351
-0.061197
-0.0681362
-0.0411434
0.0171314
0.0724534
0.104951
0.13425
0.177713
0.241496
0.311359
0.370846
0.37772
0.330306
0.281132
0.26247
0.280168
0.329801
0.403664
0.464725
0.489451
0.458661
0.361543
0.199796
0.0215763
-0.123686
-0.226145
-0.307883
-0.396678
-0.465617
-0.477524
-0.406944
-0.259899
-0.129214
-0.0602854
-0.0220808
0.0236866
0.100062
0.191923
0.259499
0.296484
0.309819
0.314533
0.337631
0.361159
0.363317
0.354153
0.318989
0.260252
0.223076
0.216076
0.219876
0.23748
0.272528
0.31447
0.329954
0.293891
0.193491
0.0682784
-0.0362954
-0.0655162
-0.0125464
0.0795293
0.178259
0.256253
0.28023
0.262922
0.232858
0.208331
0.213598
0.242696
0.270607
0.279636
0.267561
0.242179
0.212305
0.197068
0.20333
0.208419
0.21054
0.195476
0.15841
0.0845032
-0.0267414
-0.181262
-0.326851
-0.408828
-0.452415
-0.516022
-0.607757
-0.739126
-0.907093
-1.09602
-1.2746
-1.43842
-1.60271
-1.74519
-1.87934
-2.00946
-2.11001
-2.17644
-2.22583
-2.25991
-2.26977
-2.24857
-2.17736
-1.9951
-1.75047
-1.47568
-1.16308
-0.820019
-0.476754
-0.137128
0.200225
0.535707
0.868864
1.16621
1.39182
1.53239
1.6056
1.61794
1.56692
1.39905
1.11538
0.9165
0.836649
0.683114
0.387544
0.00816003
-0.298269
-0.542088
-0.772277
-0.965602
-1.08958
-1.14028
-1.14344
-1.12962
-1.10789
-1.0903
-1.0857
-1.09089
-1.09629
-1.07342
-1.00883
-0.884746
-0.700381
-0.528337
-0.433693
-0.418271
-0.470648
-0.566106
-0.689709
-0.82027
-0.955177
-1.09421
-1.20948
-1.27821
-1.29672
-1.271
-1.18537
-1.02347
-0.81797
-0.602219
-0.350631
-0.0850006
0.17287
0.414201
0.627858
0.804208
0.892584
0.910648
0.894072
0.851681
0.785455
0.691185
0.537428
0.323179
0.0649179
-0.203357
-0.466496
-0.706316
-0.856423
-0.896195
-0.869157
-0.794214
-0.672472
-0.526347
-0.391231
-0.260743
-0.106564
0.0268284
0.111699
0.143921
0.145111
0.137345
0.133123
0.151661
0.202015
0.276812
0.36123
0.434557
0.493184
0.539701
0.56511
0.584391
0.627218
0.724554
0.900587
1.13209
1.42719
1.76131
2.09091
2.40894
2.68741
2.92554
3.11603
3.27171
3.38699
3.46109
3.49918
3.49832
3.47213
3.44783
3.42469
3.39854
3.36443
3.30676
3.21647
3.10428
2.97779
2.80887
2.61411
2.41077
2.23522
2.06148
1.88036
1.69852
1.51627
1.31851
1.11294
0.928696
0.734871
0.536327
0.362737
0.188766
0.0030354
-0.157107
-0.293519
-0.413516
-0.51379
-0.601069
-0.680308
-0.761797
-0.82601
-0.880427
-0.920401
-0.931191
-0.904278
-0.861066
-0.81863
-0.775232
-0.741249
-0.720325
-0.713452
-0.709863
-0.704856
-0.696959
-0.682062
-0.676753
-0.679734
-0.691308
-0.707615
-0.726314
-0.751175
-0.781735
-0.806558
-0.836605
-0.860772
-0.885099
-0.913962
-0.943284
-0.990482
-1.06129
-1.13722
-1.20191
-1.25213
-1.30064
-1.35883
-1.40415
-1.43044
-1.44856
-1.47158
-1.48534
-1.47262
-1.47402
-1.48884
-1.46957
-1.42588
-1.40163
-1.39224
-1.37468
-1.34354
-1.31358
-1.27908
-1.23465
-1.18072
-1.10147
-1.02992
-1.00361
-0.995357
-0.949148
-0.85913
-0.740589
-0.593383
-0.442024
-0.293013
-0.130009
-0.00393021
0.0691517
0.126887
0.158635
0.160285
0.152496
0.139385
0.123705
0.106123
0.0906361
0.0739519
0.0578494
0.0344094
0.0251452
0.0416539
0.0611545
0.0798978
0.0947965
0.101087
0.0990246
0.0972919
0.0901792
0.073106
0.0689337
0.0615311
0.0406821
0.021987
0.00458748
-0.026061
-0.0536036
-0.0884587
-0.140625
-0.232169
-0.321183
-0.348534
-0.335284
-0.314179
-0.297001
-0.280583
-0.275934
-0.291763
-0.314774
-0.350876
-0.39526
-0.42826
-0.457196
-0.484451
-0.508565
-0.534227
-0.552289
-0.561843
-0.560449
-0.53857
-0.492554
-0.416856
-0.317437
-0.197205
-0.0724851
0.0525076
0.174035
0.2796
0.35767
0.42441
0.468331
0.491585
0.4949
0.476129
0.462087
0.463102
0.47677
0.513881
0.570249
0.643415
0.728631
0.793501
0.826215
0.842012
0.830092
0.779217
0.716238
0.640057
0.551311
0.473027
0.394941
0.326366
0.259522
0.177376
0.0742132
-0.0556727
-0.164838
-0.224733
-0.227347
-0.203149
-0.171128
-0.139821
-0.131619
-0.15462
-0.201346
-0.265325
-0.337718
-0.413583
-0.486339
-0.551588
-0.621587
-0.701869
-0.770563
-0.815022
-0.852043
-0.881741
-0.89039
-0.868888
-0.823726
-0.77402
-0.715464
-0.636572
-0.570501
-0.539534
-0.527839
-0.523615
-0.52715
-0.528563
-0.532968
-0.533848
-0.523629
-0.501557
-0.467223
-0.416517
-0.342516
-0.252299
-0.14908
-0.0452
0.0414
0.105269
0.154404
0.181001
0.183052
0.174067
0.152728
0.128549
0.110111
0.0997464
0.0946089
0.0978418
0.113426
0.135118
0.161946
0.182729
0.196917
0.218892
0.229183
0.231643
0.234333
0.22791
0.215516
0.212936
0.224298
0.237853
0.249229
0.267726
0.28792
0.294645
0.292676
0.292017
0.282326
0.268853
0.267761
0.27063
0.272507
0.278284
0.289552
0.305325
0.321902
0.345803
0.372125
0.395959
0.413947
0.436964
0.462866
0.490933
0.518969
0.543145
0.554773
0.544454
0.529657
0.529034
0.532755
0.536163
0.548447
0.559106
0.565917
0.591189
0.615849
0.632367
0.655395
0.685087
0.708647
0.71536
0.710976
0.698263
0.679564
0.665505
0.649654
0.630973
0.612139
0.589581
0.554819
0.499859
0.438838
0.363219
0.281697
0.210206
0.170871
0.175035
0.210736
0.256557
0.29144
0.298075
0.286429
0.254524
0.205449
0.156157
0.106188
0.0613655
0.0360745
0.0206547
0.0159762
0.0202938
0.00958108
-0.0178743
-0.0454324
-0.085467
-0.147157
-0.222171
-0.300773
-0.369167
-0.41969
-0.447031
-0.468248
-0.483292
-0.481018
-0.471745
-0.470116
-0.475966
-0.477199
-0.469245
-0.465968
-0.466216
-0.465877
-0.464464
-0.463877
-0.463295
-0.462242
-0.460197
-0.447266
-0.438255
-0.436218
-0.434961
-0.433791
-0.43299
-0.432427
-0.428239
-0.411691
-0.374165
-0.318353
-0.259588
-0.21808
-0.199304
-0.199474
-0.212853
-0.238015
-0.266197
-0.285779
-0.296869
-0.291482
-0.274412
-0.264027
-0.249468
-0.242441
-0.244761
-0.254923
-0.278698
-0.311514
-0.349662
-0.386148
-0.416174
-0.441538
-0.456437
-0.479608
-0.504579
-0.524149
-0.543949
-0.573518
-0.609858
-0.632556
-0.639955
-0.632227
-0.607925
-0.570238
-0.52023
-0.455262
-0.395846
-0.329397
-0.255865
-0.192133
-0.134823
-0.0865629
-0.0522253
-0.030553
-0.0142668
0.00472633
0.0175954
0.0318075
0.0550556
0.0763528
0.100222
0.125012
0.155208
0.179852
0.197853
0.221801
0.251214
0.272021
0.28713
0.307059
0.314066
0.304823
0.285095
0.261915
0.241618
0.236744
0.23583
0.228024
0.22406
0.226897
0.231444
0.23205
0.227079
0.217257
0.201537
0.182007
0.165165
0.140791
0.117464
0.104351
0.0993454
0.0996716
0.10081
0.10528
0.122005
0.13674
0.153092
0.181073
0.209513
0.241795
0.276872
0.306761
0.337089
0.356346
0.380442
0.404614
0.424402
0.440913
0.4546
0.469155
0.479427
0.485364
0.473601
0.447023
0.402317
0.346713
0.291694
0.235803
0.184818
0.136998
0.0955983
0.0559249
0.0130517
-0.0300517
-0.0505165
-0.047546
-0.0393003
-0.0366279
-0.0390472
-0.0382093
-0.0282723
-0.0106071
0.0219912
0.0570177
0.0972263
0.147792
0.209076
0.263352
0.30468
0.3348
0.361315
0.376956
0.372813
0.35568
0.332586
0.311768
0.299138
0.284738
0.271795
0.266689
0.272685
0.283637
0.306587
0.342943
0.373857
0.409259
0.454435
0.492319
0.521195
0.537604
0.540722
0.531357
0.516691
0.496478
0.485209
0.490371
0.513641
0.558291
0.616688
0.677419
0.747143
0.811912
0.85612
0.885909
0.910828
0.926165
0.926451
0.89904
0.848968
0.793695
0.748417
0.711815
0.681411
0.662014
0.64291
0.61589
0.58639
0.547021
0.497106
0.440731
0.388927
0.346268
0.298319
0.256019
0.232421
0.224995
0.210261
0.197279
0.191591
0.184082
0.165743
0.14334
0.114419
0.0852556
0.0529305
0.0141534
-0.0248917
-0.0708074
-0.126656
-0.192334
-0.264277
-0.332407
-0.393732
-0.458281
-0.521749
-0.557311
-0.574562
-0.582179
-0.573311
-0.556036
-0.545584
-0.528201
-0.503038
-0.489311
-0.478359
-0.437808
-0.395187
-0.370559
-0.351401
-0.33971
-0.32837
-0.328783
-0.339459
-0.350288
-0.366466
-0.378815
-0.376366
-0.377854
-0.395952
-0.41659
-0.42747
-0.434911
-0.444068
-0.446391
-0.45069
-0.467346
-0.486329
-0.501003
-0.528085
-0.558331
-0.577713
-0.599507
-0.629183
-0.647571
-0.666553
-0.689598
-0.717193
-0.741336
-0.767735
-0.800327
-0.825698
-0.84673
-0.858554
-0.857926
-0.846589
-0.825705
-0.799652
-0.775801
-0.752142
-0.723886
-0.694243
-0.654834
-0.601097
-0.5238
-0.428489
-0.326269
-0.229072
-0.156813
-0.119813
-0.112789
-0.115389
-0.115031
-0.108446
-0.0893254
-0.0573588
-0.0115015
0.049251
0.112403
0.155225
0.193247
0.237597
0.276538
0.30783
0.333884
0.353639
0.37581
0.398976
0.421029
0.446924
0.469399
0.487909
0.508077
0.527808
0.537076
0.544458
0.554474
0.560316
0.56613
0.579807
0.587447
0.587706
0.587685
0.590676
0.593028
0.590194
0.580583
0.560034
0.53228
0.5058
0.472606
0.44371
0.417945
0.399399
0.383595
0.365523
0.359412
0.358688
0.346948
0.323506
0.304696
0.278367
0.241469
0.203181
0.175603
0.165095
0.16888
0.190168
0.208414
0.209812
0.205188
0.206248
0.199939
0.186498
0.180539
0.170468
0.163244
0.167395
0.169041
0.171965
0.168991
0.166678
0.164461
0.150441
0.140008
0.138033
0.130797
0.120834
0.108087
0.0887993
0.0752319
0.0610065
0.0362269
0.0237359
0.0121074
-0.0048739
-0.0153498
-0.0206949
-0.0346369
-0.0464951
-0.0534929
-0.0732541
-0.104138
-0.137351
-0.183945
-0.231591
-0.255685
-0.278744
-0.313302
-0.347877
-0.381125
-0.404362
-0.430953
-0.464242
-0.498837
-0.530177
-0.557025
-0.578137
-0.596769
-0.619279
-0.636655
-0.644627
-0.643763
-0.6418
-0.644076
-0.645067
-0.642703
-0.646434
-0.654522
-0.658584
-0.660215
-0.65944
-0.666939
-0.679378
-0.684321
-0.686722
-0.691382
-0.698837
-0.701053
-0.696649
-0.680522
-0.668665
-0.649086
-0.62265
-0.586716
-0.529565
-0.446985
-0.348295
-0.249068
-0.187578
-0.162784
-0.153502
-0.159379
-0.171713
-0.178369
-0.167063
-0.137693
-0.101808
-0.0632738
-0.0282757
0.00152372
0.0244238
0.0475932
0.0613417
0.0783926
0.0930434
0.103286
0.116566
0.132975
0.129502
0.130862
0.146305
0.157443
0.169965
0.179229
0.194244
0.203977
0.199358
0.187083
0.176558
0.164164
0.155064
0.149183
0.136814
0.133511
0.13673
0.133906
0.120848
0.108858
0.0951376
0.0815601
0.0688333
0.0671739
0.0700593
0.0713096
0.0700683
0.0593712
0.0479198
0.0423473
0.0291743
0.00806312
-0.00679951
-0.0186801
-0.0286747
-0.040564
-0.0417224
-0.0214067
-0.002403
0.00756752
0.0124413
0.0240464
0.0378223
0.0502985
0.0698196
0.0890723
0.0986141
0.113711
0.132637
0.143812
0.148135
0.164299
0.189068
0.205372
0.221214
0.236595
0.248667
0.252289
0.246921
0.243448
0.237799
0.229423
0.218658
0.204786
0.196618
0.185677
0.172364
0.155184
0.129078
0.106749
0.0835576
0.0602919
0.0352987
0.0181189
0.000464961
-0.0200436
-0.0315363
-0.044755
-0.0608949
-0.0707442
-0.0770669
-0.0902142
-0.10559
-0.11169
-0.113787
-0.119616
-0.120021
-0.110888
-0.104828
-0.107328
-0.111746
-0.108945
-0.102109
-0.102572
-0.10446
-0.10063
-0.0913038
-0.0696024
-0.0426234
-0.0155684
0.00582063
0.0277222
0.0533843
0.0731919
0.0899454
0.105009
0.118934
0.124308
0.127034
0.13504
0.14061
0.137051
0.134317
0.133427
0.129428
0.125465
0.122523
0.120997
0.121956
0.125064
0.119702
0.108171
0.0939953
0.0806613
0.0663213
0.0494021
0.0302397
0.0181138
0.00925812
-0.00212731
-0.00665817
-0.00651574
-0.0119638
-0.0209399
-0.0263069
-0.0283945
-0.0336977
-0.0307771
-0.023317
-0.0282477
-0.0407294
-0.0435317
-0.0439909
-0.0439075
-0.0431605
-0.041159
-0.0305564
-0.0164992
-0.00455243
0.00875689
0.00938361
0.00863311
0.0121967
0.0196577
0.032459
0.0402229
0.0411286
0.0373066
0.0309793
0.0213204
0.014627
0.00129958
-0.0101382
-0.0236533
-0.0364006
-0.0550803
-0.0716101
-0.0899559
-0.106676
-0.122534
-0.137195
-0.147085
-0.158686
-0.177466
-0.188834
-0.197227
-0.213104
-0.221509
-0.229521
-0.239799
-0.245371
-0.258248
-0.266926
-0.27339
-0.282703
-0.28896
-0.289457
-0.284656
-0.282915
-0.283233
-0.28325
-0.287743
-0.290533
-0.291349
-0.281143
-0.26714
-0.244257
-0.207228
-0.158504
-0.125966
-0.11922
-0.105192
-0.0846898
-0.0712058
-0.063869
-0.0518591
-0.0356889
-0.0178056
0.000727512
0.0206566
0.0321493
0.0334878
0.0365867
0.0458812
0.0578853
0.0667548
0.0814505
0.0933522
0.113293
0.138164
0.159477
0.16982
0.183008
0.190154
0.196268
0.209365
0.214887
0.21671
0.228996
0.242713
0.247846
0.258121
0.268354
0.269156
0.265247
0.251312
0.243745
0.246643
0.245828
0.231074
0.217255
0.206428
0.198633
0.191122
0.181633
0.185159
0.194119
0.199022
0.20226
0.202887
0.200102
0.198187
0.196652
0.19188
0.19191
0.196364
0.204189
0.208997
0.209631
0.209556
0.210125
0.213786
0.221597
0.235076
0.243766
0.255019
0.265659
0.276966
0.28995
0.289547
0.276985
0.264844
0.250876
0.241813
0.246252
0.260994
0.2742
0.2877
0.296127
0.297184
0.297042
0.29778
0.301364
0.302539
0.303037
0.301283
0.299954
0.30707
0.311434
0.306237
0.302723
0.301991
0.302684
0.303821
0.302733
0.291512
0.277014
0.261818
0.248581
0.220205
0.187489
0.179385
0.18426
0.185813
0.180985
0.16286
0.139076
0.117223
0.0976867
0.0751519
0.0528471
0.0396006
0.0320076
0.0174164
0.0102087
-0.00100907
-0.0142146
-0.0267378
-0.0332076
-0.0412185
-0.055743
-0.0580735
-0.0551819
-0.0543271
-0.0541744
-0.0543194
-0.0532554
-0.0526517
-0.0538849
-0.0614275
-0.0716483
-0.080782
-0.0934802
-0.102343
-0.119621
-0.148668
-0.17136
-0.174161
-0.170565
-0.17045
-0.170645
-0.169576
-0.162546
-0.154921
-0.160117
-0.159808
-0.157852
-0.152473
-0.145495
-0.150393
-0.164412
-0.174297
-0.18194
-0.189594
-0.200201
-0.217395
-0.228822
-0.237731
-0.249138
-0.262789
-0.275243
-0.286789
-0.305505
-0.324139
-0.339455
-0.357008
-0.375343
-0.38299
-0.380284
-0.37907
-0.379303
-0.367756
-0.351622
-0.341084
-0.33004
-0.315357
-0.298663
-0.283772
-0.273849
-0.258699
-0.248028
-0.249157
-0.250164
-0.251469
-0.264898
-0.28267
-0.29674
-0.298283
-0.304279
-0.317712
-0.322134
-0.319557
-0.318466
-0.312546
-0.290707
-0.267501
-0.240566
-0.2168
-0.197906
-0.196825
-0.211451
-0.216728
-0.211674
-0.209839
-0.206459
-0.192643
-0.18471
-0.185831
-0.186313
-0.185482
-0.184483
-0.184167
-0.183734
-0.182649
-0.182076
-0.181651
-0.181333
-0.172364
-0.157355
-0.152709
-0.14249
-0.126426
-0.105879
-0.0857688
-0.0711412
-0.0552649
-0.0454087
-0.0400422
-0.0347978
-0.0262831
-0.0240982
-0.0214616
-0.0144298
-0.0101311
-0.00981341
-0.0182723
-0.018542
-0.00234144
0.00637279
0.00549412
0.0101186
0.020634
0.0312393
0.0339127
0.0392266
0.0541105
0.0669842
0.0800937
0.0987412
0.112355
0.114162
0.119801
0.132228
0.143444
0.153387
0.162462
0.165367
0.164881
0.1653
0.166783
0.16491
0.15643
0.145159
0.13337
0.126568
0.119717
0.110905
0.100783
0.095773
0.0912661
0.0862648
0.0873209
0.0927757
0.0982084
0.10201
0.116545
0.136221
0.157652
0.177286
0.189738
0.201355
0.212847
0.226723
0.230512
0.227199
0.214199
0.206401
0.208886
0.21574
0.218431
0.213388
0.210557
0.212083
0.208147
0.197318
0.188073
0.188389
0.190536
0.190283
0.179026
0.165745
0.163871
0.16939
0.171825
0.171475
0.171725
0.167597
0.154865
0.145386
0.132021
0.12298
0.118169
0.117765
0.117943
0.116715
0.112283
0.105149
0.0961762
0.0846901
0.0816133
0.0812132
0.082641
0.0875552
0.10355
0.114948
0.117655
0.129636
0.139961
0.143959
0.145842
0.155232
0.167468
0.169528
0.168309
0.168907
0.161553
0.149604
0.152309
0.154267
0.147966
0.14738
0.146819
0.140331
0.137827
0.133279
0.128272
0.128473
0.127226
0.122757
0.103786
0.0826683
0.0618344
0.0445796
0.0304682
0.0125633
-0.00694449
-0.0262391
-0.0455585
-0.0571407
-0.0721308
-0.0890854
-0.105817
-0.118396
-0.129389
-0.141271
-0.150251
-0.152773
-0.152181
-0.151047
-0.150375
-0.149748
-0.144407
-0.133852
-0.127029
-0.12265
-0.120644
-0.120461
-0.119325
-0.118713
-0.123486
-0.135558
-0.14083
-0.138087
-0.136549
-0.137946
-0.152009
-0.155247
-0.135355
-0.123275
-0.117237
-0.101089
-0.0809648
-0.069029
-0.0532154
-0.0309215
-0.0152373
-0.0010359
0.0188336
0.0368902
0.0414618
0.0368418
0.0335868
0.0379675
0.0423319
0.0451597
0.0465018
0.0506787
0.058059
0.0562416
0.0474047
0.0365667
0.0188328
0.00253794
-0.00627821
-0.00785683
-0.00619112
-0.00497743
-0.00421799
-0.00344115
-0.00219895
-0.0153734
-0.0385341
-0.0388605
-0.0307166
-0.031992
-0.027175
-0.0187089
-0.0185843
-0.0207765
-0.0211802
-0.0214329
-0.0220654
-0.0226604
-0.0243135
-0.0297047
-0.0359131
-0.0406676
-0.0395318
-0.0374925
-0.0429551
-0.0512562
-0.0521375
-0.0454491
-0.0404099
-0.0425489
-0.0349984
-0.0360514
-0.0402641
-0.0429227
-0.055269
-0.0830388
-0.101839
-0.114617
-0.130075
-0.139819
-0.152001
-0.160968
-0.162958
-0.17272
-0.186397
-0.188832
-0.178006
-0.162411
-0.153927
-0.138809
-0.119477
-0.113695
-0.11309
-0.107034
-0.0966001
-0.0876923
-0.0760094
-0.0648753
-0.0538114
-0.0429364
-0.0303271
-0.0229596
-0.0160971
-0.00310807
0.011951
0.0259543
0.0349747
0.0457079
0.0498764
0.0478642
0.0447916
0.0432475
0.0442831
0.0455683
0.043568
0.0385009
0.0410865
0.0440711
0.0432409
0.0418798
0.042619
0.0465657
0.0552058
0.0648543
0.0658434
0.0597306
0.052519
0.0589286
0.065271
0.0706712
0.0764661
0.083132
0.0891999
0.10169
0.107183
0.109736
0.110486
0.111817
0.114915
0.110449
0.104153
0.102731
0.103089
0.10245
0.101098
0.100102
0.099548
0.0986388
0.0920872
0.0770467
0.0610085
0.0504821
0.0428646
0.0313412
0.021362
0.0187488
0.0184959
0.0148695
0.00647012
-0.00587508
-0.0239051
-0.0338408
-0.0229491
-0.0138309
-0.013925
-0.00879885
0.00425977
0.0087377
0.0148214
0.0293864
0.0390295
0.0404226
0.0510066
0.0707909
0.0774661
0.0743428
0.0758094
0.0776074
0.0838086
0.0940645
0.103146
0.111417
0.120303
0.128249
0.130152
0.13475
0.134553
0.136155
0.13728
0.135988
0.132598
0.130446
0.134285
0.136532
0.136378
0.141057
0.142433
0.145372
0.148735
0.147928
0.14511
0.147339
0.14594
0.134046
0.119701
0.105911
0.0858308
0.0701908
0.0681623
0.0715016
0.0654733
0.0662179
0.0816667
0.091023
0.0886718
0.0831316
0.0730641
0.0621718
0.0582084
0.0579023
0.0535157
0.0497897
0.0429044
0.0430024
0.0365569
0.020639
0.0169837
0.0156665
0.00992554
0.0117118
0.0156778
0.0183934
0.0146412
0.012655
0.00655592
0.00519428
0.00589692
0.00324877
0.00201196
-0.000717109
0.00355977
0.00799136
0.00342194
-0.00669638
-0.0161839
-0.0242313
-0.0345708
-0.0444034
-0.0530914
-0.0716083
-0.0917941
-0.105106
-0.122176
-0.140571
-0.15467
-0.176218
-0.196374
-0.211398
-0.231015
-0.255426
-0.28765
-0.307056
-0.317974
-0.341072
-0.35993
-0.366469
-0.381108
-0.405006
-0.415454
-0.416198
-0.422473
-0.426637
-0.426989
-0.421444
-0.419411
-0.433225
-0.439172
-0.433168
-0.432044
-0.428879
-0.426162
-0.422466
-0.410763
-0.393181
-0.381088
-0.370276
-0.352853
-0.335968
-0.322705
-0.30259
-0.275102
-0.251155
-0.227898
-0.20161
-0.177209
-0.155339
-0.136494
-0.117465
-0.101804
-0.0895132
-0.0762428
-0.064394
-0.055068
-0.0418285
-0.0249158
-0.0132144
-0.00245251
0.00842713
0.0224037
0.0305487
0.0304428
0.0352849
0.0448526
0.0546706
0.0617265
0.0631771
0.0699973
0.0774498
0.077741
0.0824511
0.0871805
0.0889836
0.0992355
0.113673
0.121167
0.123444
0.12547
0.138874
0.154256
0.160167
0.158143
0.165487
0.177892
0.182525
0.186128
0.191472
0.19115
0.19052
0.190804
0.188659
0.191408
0.193692
0.198539
0.203515
0.213935
0.22726
0.227979
0.231754
0.235864
0.232461
0.236875
0.23862
0.234648
0.239429
0.243665
0.241717
0.240033
0.244978
0.250199
0.248251
0.239376
0.234554
0.24744
0.258477
0.256568
0.248725
0.243424
0.23768
0.228979
0.215251
0.20496
0.198393
0.18683
0.17384
0.152572
0.120746
0.101043
0.0970843
0.090389
0.0861732
0.0809927
0.0665108
0.0501187
0.0385806
0.0275315
0.0161075
0.00735328
0.00213023
0.0011868
0.0027404
0.0097908
0.0204219
0.0320441
0.0546486
0.0688381
0.0803172
0.0848062
0.091142
0.0966169
0.102391
0.115022
0.11674
0.111845
0.113965
0.117142
0.11044
0.100716
0.085802
0.0657764
0.053798
0.0357771
0.0140687
0.00615402
0.00170178
-0.0105003
-0.0333321
-0.0552768
-0.0620832
-0.0618964
-0.0679263
-0.0756454
-0.0770632
-0.0774376
-0.078909
-0.0910446
-0.114927
-0.12665
-0.134182
-0.149363
-0.165248
-0.173615
-0.174349
-0.176534
-0.17723
-0.17769
-0.175556
-0.173862
-0.173972
-0.174096
-0.170829
-0.163312
-0.150824
-0.135575
-0.127893
-0.120022
-0.0980314
-0.0792066
-0.0690573
-0.0584911
-0.0440742
-0.0402745
-0.0395139
-0.0315665
-0.0177994
-0.0119337
-0.0143968
-0.0163542
-0.0167824
-0.0177559
-0.0264891
-0.0450143
-0.05308
-0.0513289
-0.0506241
-0.0516253
-0.054502
-0.0559312
-0.0579642
-0.0615795
-0.0605663
-0.0580975
-0.0533926
-0.0493393
-0.0426755
-0.0394449
-0.0470645
-0.0519454
-0.0505954
-0.0492512
-0.0472546
-0.0479199
-0.0488999
-0.0481846
-0.0484886
-0.0509308
-0.0492591
-0.0474421
-0.0459859
-0.0436113
-0.044505
-0.0476732
-0.0431647
-0.0392428
-0.0366747
-0.0284608
-0.0171991
-0.00796909
-0.00499077
-0.00605355
-0.00838029
-0.0109655
-0.0142033
-0.0159441
-0.0153741
-0.0108377
-0.00426076
-0.00225863
-0.00113938
8.74814e-05
0.00336905
0.00331397
0.00518736
0.0153628
0.023002
0.0264828
0.0273448
0.0296964
0.0331274
0.0337765
0.0364819
0.0406137
0.0423846
0.0423577
0.0466028
0.050623
0.0497727
0.0490423
0.0500211
0.05094
0.0537664
0.0561699
0.0559614
0.0550662
0.0577414
0.0615364
0.0618066
0.0612792
0.0603991
0.0606554
0.0623892
0.0640636
0.0647324
0.0641679
0.0632195
0.0644131
0.0642032
0.0623848
0.0599852
0.0591988
0.0578115
0.054481
0.0528002
0.0506559
0.0465317
0.044514
0.0420873
0.0375105
0.0333567
0.0293861
0.0250524
0.0189382
0.0128973
0.00976784
0.00688975
0.0037282
0.000596561
-0.00292977
-0.00570499
-0.00818758
-0.0113999
-0.014715
-0.0175533
-0.0197216
-0.0219382
-0.0240928
-0.0263038
-0.028308
-0.0296717
-0.0305824
-0.0309717
-0.0312004
-0.0313967
-0.0315301
-0.031616
-0.0316404
-0.0315926
-0.0314765
-0.0313194
-0.0311005
-0.0308264
-0.0305223
-0.0301636
-0.0297762
-0.0294264
-0.0290674
-0.0286777
-0.0281519
-0.0275588
-0.0269555
-0.0261361
-0.0253281
-0.0245257
-0.0236504
-0.0227723
-0.0217619
-0.0207269
-0.0196821
-0.0186706
-0.0176507
-0.0165478
-0.0154533
-0.0143518
-0.0131664
-0.0119659
-0.0107998
-0.00960701
-0.008417
-0.00722585
-0.00602888
-0.00484361
-0.00366261
-0.00247628
-0.00130719
-0.000154516
0.000986587
0.00210956
0.00321957
0.00432306
0.00541494
0.00649341
0.00756094
0.00861915
0.00966814
0.0107093
0.0117435
0.0127714
0.0137935
0.0148101
0.0158214
0.0168276
0.0178285
0.0188241
0
