-0.0051494
-0.00514203
-0.00513439
-0.00512637
-0.00511788
-0.00510902
-0.00509975
-0.00508999
-0.00507988
-0.00506927
-0.00505817
-0.00504671
-0.00503545
-0.00502441
-0.00501379
-0.00500372
-0.00499385
-0.0049833
-0.00497189
-0.00495928
-0.00494471
-0.00492819
-0.00491121
-0.00489608
-0.00488479
-0.00487326
-0.00485565
-0.00482328
-0.00478543
-0.0047564
-0.004741
-0.00473379
-0.00472705
-0.00471693
-0.00470454
-0.00470133
-0.00471286
-0.00473346
-0.00475229
-0.00475972
-0.00472301
-0.00461924
-0.00450273
-0.00439019
-0.00421596
-0.00403334
-0.00397703
-0.00404065
-0.00415143
-0.00435715
-0.00462908
-0.00486188
-0.00508867
-0.00535718
-0.00551523
-0.00553671
-0.00550591
-0.00540069
-0.00513856
-0.00469972
-0.00416402
-0.00361867
-0.00329253
-0.00329579
-0.00331315
-0.00321154
-0.00322156
-0.00356025
-0.0041958
-0.00478643
-0.00511904
-0.00514784
-0.00487721
-0.00421681
-0.00360263
-0.00331611
-0.00336894
-0.00344933
-0.00325719
-0.00293236
-0.00271997
-0.00261967
-0.00265824
-0.00311936
-0.00405911
-0.00546312
-0.00713969
-0.00880884
-0.0101411
-0.011326
-0.0125434
-0.0128588
-0.0118152
-0.00907206
-0.0052303
-0.00077411
0.00279129
0.00447458
0.00447394
0.00372499
0.00319725
0.0034449
0.00459178
0.00447197
0.00186836
-0.000956858
-0.00253336
-0.00345507
-0.00476004
-0.00654223
-0.00782948
-0.00836367
-0.00850098
-0.00882152
-0.00934036
-0.0087576
-0.0074708
-0.00733186
-0.00854919
-0.0100812
-0.0107297
-0.0102811
-0.00894986
-0.00705465
-0.00453102
-0.00222738
-0.000591961
0.000439289
0.00141375
0.00272869
0.00424418
0.00552125
0.00556943
0.00417465
0.00102665
-0.00286539
-0.00648572
-0.00983298
-0.0131721
-0.0161598
-0.0180576
-0.0183472
-0.0154227
-0.0099574
-0.00538631
-0.00350448
-0.00403466
-0.00417443
-0.0026461
-0.00026736
0.00153552
0.00218054
0.00162937
-4.64202e-06
-0.00233691
-0.00463369
-0.00640405
-0.00798994
-0.0097722
-0.0116788
-0.0135072
-0.0150547
-0.014813
-0.0117985
-0.00637691
-0.000520984
0.00257453
0.00292876
0.00169347
-0.000815397
-0.00418526
-0.00710082
-0.00901804
-0.00997975
-0.0102534
-0.0103865
-0.0117262
-0.0131003
-0.0123714
-0.0115555
-0.0124385
-0.0112663
-0.00660106
-0.000336576
0.00482433
0.00793109
0.00670954
0.00220569
-0.000712179
-0.000270282
0.0018961
0.00447665
0.00685526
0.00782337
0.00677128
0.0028357
-0.00643254
-0.0188203
-0.0269942
-0.0279854
-0.0217777
-0.00898538
0.00662086
0.0151773
0.0162627
0.0137951
0.00860573
-0.000258052
-0.00923777
-0.0154669
-0.0187329
-0.0197969
-0.0183466
-0.0133047
-0.00535967
0.00406876
0.0108767
0.0133371
0.0151143
0.0177243
0.0180403
0.015028
0.0104315
0.00693227
0.0045533
0.00144948
-0.0067886
-0.0214012
-0.0354543
-0.0450671
-0.0510639
-0.0508033
-0.0434288
-0.0260944
-0.00551373
0.00879897
0.0159175
0.0194411
0.0209477
0.0207441
0.0210187
0.0245789
0.0316938
0.0381072
0.0407322
0.0379961
0.0260493
0.00437449
-0.0154898
-0.02634
-0.0260836
-0.0208058
-0.0161505
-0.0144862
-0.0138332
-0.0121518
-0.00984706
-0.00814075
-0.00641773
-0.00475908
-0.00505479
-0.00594115
-0.00542189
-0.00520096
-0.00682399
-0.00974722
-0.0138736
-0.0187578
-0.0178909
-0.00908814
0.00393115
0.0154699
0.0232784
0.0251144
0.022472
0.0200097
0.0204007
0.0226642
0.0195696
0.00924256
-0.00328264
-0.0140991
-0.0231761
-0.0290676
-0.0318752
-0.0337636
-0.0336282
-0.029999
-0.0274043
-0.0295327
-0.0369904
-0.0419751
-0.0388983
-0.0298335
-0.0175868
-0.000939875
0.0243575
0.0611085
0.0862856
0.088589
0.0685887
0.0399067
0.0132748
-0.00815713
-0.0237581
-0.027649
-0.0221912
-0.0137999
-0.00925497
-0.00764792
-0.00380737
0.00351775
0.0119084
0.0178184
0.0173266
0.00457045
-0.0155333
-0.035641
-0.0543273
-0.071598
-0.0825818
-0.084525
-0.0771777
-0.0554834
-0.0259326
0.000856358
0.0164882
0.0209067
0.0230518
0.029178
0.0416611
0.0552148
0.0653969
0.0763085
0.0868469
0.0849453
0.0724581
0.0569435
0.0399821
0.0217555
0.00668181
-0.0041609
-0.0113812
-0.00896625
-0.00353659
-0.0107973
-0.0304159
-0.053058
-0.0737182
-0.0878568
-0.0906653
-0.0785592
-0.0508608
-0.0166181
0.00767872
0.0115226
0.0119799
0.0239032
0.0467815
0.069756
0.0848211
0.0837269
0.0643821
0.0342962
0.00524719
-0.0157827
-0.0240452
-0.0195694
-0.0114868
-0.00934766
-0.0161367
-0.0257584
-0.031991
-0.0243471
-0.00219028
0.0288307
0.0489396
0.0490329
0.0391165
0.0267433
0.00797408
-0.0244013
-0.0684113
-0.10264
-0.111586
-0.0899
-0.0493088
-0.00722121
0.0215994
0.0348294
0.033639
0.0273896
0.0212694
0.0227183
0.0338518
0.0526442
0.0621116
0.0527195
0.0304892
0.00950799
-0.00258361
-0.00727089
-0.0100492
-0.0120367
-0.00910048
0.00312324
0.0207493
0.0365357
0.0387174
0.0240375
-0.00505488
-0.0359651
-0.0632932
-0.0913964
-0.112315
-0.115949
-0.101016
-0.0741777
-0.0327792
0.00701192
0.0300607
0.0398756
0.0437193
0.0405318
0.0352198
0.033914
0.0365038
0.0411545
0.0493996
0.0526269
0.0394312
0.0116761
-0.020216
-0.0472219
-0.0659134
-0.0764591
-0.0740074
-0.0591239
-0.0353488
-0.0125276
0.00206815
0.0117868
0.0142009
0.00940368
0.00435675
-0.00426587
-0.0198259
-0.0381431
-0.0527429
-0.0614124
-0.0645695
-0.0627776
-0.0510734
-0.0298228
-0.00369047
0.0211182
0.041132
0.0525973
0.0521908
0.0409703
0.0294561
0.0200513
0.00527186
-0.0173683
-0.0416084
-0.0490321
-0.0393261
-0.0240923
-0.0131024
-0.00721875
-0.0101029
-0.0148451
-0.0115661
-0.00538572
-0.00497598
-0.0130141
-0.0257583
-0.0390906
-0.0440326
-0.0383468
-0.0193541
0.00223591
0.0125091
0.00896862
0.000679472
-0.00122099
0.00515489
0.0167497
0.0315377
0.0470379
0.0552258
0.0555247
0.0525873
0.0529159
0.0582077
0.0708939
0.0873539
0.101534
0.105308
0.0986031
0.0802988
0.0542175
0.0244019
-0.00951704
-0.0469621
-0.083166
-0.114324
-0.139163
-0.152939
-0.153694
-0.140911
-0.118418
-0.0907106
-0.0554449
-0.0160966
0.0198704
0.0466072
0.0632203
0.0726459
0.0807673
0.0902854
0.0950868
0.088933
0.0675343
0.0356377
0.000434217
-0.0226888
-0.0299045
-0.0188217
0.00632085
0.0389129
0.0533836
0.0434164
0.0173599
-0.011296
-0.034433
-0.036528
-0.0209735
-0.00991829
-0.0171108
-0.0439522
-0.0878869
-0.131848
-0.152636
-0.150627
-0.134728
-0.103411
-0.0704766
-0.0542538
-0.0454256
-0.02909
-0.000372832
0.0358644
0.0786745
0.11388
0.130973
0.13406
0.128363
0.111397
0.0912046
0.0758955
0.061274
0.0438155
0.0283042
0.0175033
0.0102938
0.00645753
0.00258716
-0.00571052
-0.0198303
-0.0347745
-0.0355074
-0.0215318
-0.00262437
0.0072856
0.00528084
-0.0119402
-0.0291131
-0.0269991
-0.00821105
0.0133215
0.0290574
0.0410219
0.053414
0.063112
0.0674675
0.0653384
0.0622886
0.0644336
0.0681947
0.0689718
0.0670862
0.0577675
0.0329864
-0.00230953
-0.04123
-0.0823971
-0.109345
-0.114693
-0.0929267
-0.0538303
-0.00961121
0.0252202
0.0463734
0.055142
0.0603998
0.0676914
0.0822116
0.104303
0.121547
0.125006
0.111327
0.0872068
0.0610662
0.0446302
0.0352425
0.0233451
0.00558055
-0.0138029
-0.027681
-0.0329036
-0.0308683
-0.0354909
-0.055815
-0.0931223
-0.136963
-0.173988
-0.175017
-0.146966
-0.10927
-0.0846736
-0.0794948
-0.082973
-0.084735
-0.0807647
-0.0676589
-0.0448558
-0.0165882
0.0121847
0.0362192
0.058677
0.0839015
0.103646
0.114109
0.121175
0.131017
0.145015
0.161521
0.176426
0.177965
0.159956
0.121649
0.072186
0.0215468
-0.0231953
-0.0547551
-0.0716519
-0.0831455
-0.092025
-0.0914022
-0.0751082
-0.0482114
-0.0219484
-0.0064804
-0.00638157
-0.010892
-0.0112235
-0.00234672
0.0127499
0.0297243
0.0436638
0.0530316
0.0554348
0.0575816
0.0712112
0.0975985
0.129653
0.155512
0.1696
0.166019
0.13836
0.0869576
0.0257271
-0.0293701
-0.0700949
-0.0905192
-0.0959953
-0.0984589
-0.0968697
-0.084279
-0.0598748
-0.0306923
-0.00760521
0.00268651
-0.00256239
-0.0131758
-0.0187136
-0.0141667
1.99484e-05
0.0249817
0.0549141
0.0833871
0.103615
0.109273
0.0956714
0.0769525
0.0660811
0.0726629
0.0902113
0.107467
0.10925
0.0954907
0.0708513
0.0468164
0.0346036
0.0478052
0.079135
0.103224
0.10652
0.0904016
0.0690787
0.0518669
0.0401756
0.0339762
0.0352405
0.0356936
0.0295263
0.0144784
0.00308061
0.00863814
0.017471
0.0140619
-0.00378388
-0.0244919
-0.038343
-0.0323094
-0.00672773
0.0278957
0.0603394
0.0914762
0.119032
0.128579
0.12309
0.115971
0.125533
0.152636
0.186408
0.209271
0.210203
0.188947
0.152591
0.105738
0.0544021
0.00562335
-0.0198504
-0.0272008
-0.0333216
-0.0562001
-0.0975301
-0.135046
-0.148948
-0.134457
-0.0976602
-0.0464701
-0.0138311
-0.0043703
-0.00316487
-0.000710824
-0.00133311
-0.00287351
-0.00269763
-0.00306852
-0.00967679
-0.0279961
-0.0627654
-0.107117
-0.144404
-0.156615
-0.139424
-0.0998125
-0.0559491
-0.0190128
0.0111532
0.0376058
0.0626709
0.0893485
0.118298
0.143841
0.165134
0.192226
0.220603
0.236376
0.231742
0.207377
0.169516
0.125436
0.0768058
0.0224224
-0.0366281
-0.0952953
-0.137004
-0.152426
-0.148847
-0.139438
-0.128819
-0.118364
-0.106753
-0.0840531
-0.0450827
0.00426198
0.055556
0.10144
0.139798
0.166136
0.176531
0.171902
0.158507
0.141685
0.126604
0.115481
0.10748
0.101124
0.0943309
0.0828726
0.0620417
0.0310906
-0.00565553
-0.0386776
-0.0595835
-0.0620582
-0.0480554
-0.00636219
0.0546005
0.120713
0.175437
0.200313
0.199072
0.176521
0.139646
0.101106
0.0799883
0.0739962
0.0732934
0.0665823
0.0509073
0.0272009
0.000969147
-0.0221213
-0.0392861
-0.0464023
-0.0357888
-0.00234782
0.0454138
0.0924432
0.12651
0.133246
0.113627
0.0763918
0.0275069
-0.0195898
-0.050684
-0.0605058
-0.058241
-0.0532975
-0.044873
-0.0270059
0.00193712
0.0406302
0.0869172
0.129022
0.148785
0.146467
0.12635
0.0936698
0.0506967
-0.00369814
-0.0634623
-0.118672
-0.148589
-0.144096
-0.106339
-0.0626636
-0.0316761
-0.0221524
-0.0213728
-0.0166639
-0.000309005
0.0273456
0.0629365
0.0961313
0.108159
0.107174
0.109736
0.122118
0.137418
0.137055
0.105378
0.034022
-0.0656817
-0.163035
-0.222244
-0.210846
-0.152618
-0.11034
-0.102471
-0.114116
-0.120202
-0.112374
-0.0917593
-0.0683918
-0.0552019
-0.0535688
-0.0603197
-0.0768336
-0.0999783
-0.119267
-0.124063
-0.107181
-0.0734935
-0.0336955
0.0066731
0.0459704
0.0832348
0.121545
0.160273
0.178998
0.169739
0.124041
0.0627775
0.0146283
-0.0089681
-0.0212598
-0.0315256
-0.0451242
-0.0627694
-0.0827956
-0.0994271
-0.107638
-0.102973
-0.0854055
-0.0665762
-0.0501289
-0.0277438
-0.000962076
0.0220772
0.0313967
0.0247641
0.00406523
-0.0159615
-0.0223456
-0.00715605
0.0232528
0.0556844
0.073896
0.0691828
0.0568659
0.0496046
0.0499882
0.0545672
0.0612124
0.0608206
0.0473047
0.0178943
-0.0203708
-0.0596334
-0.0904466
-0.114932
-0.144726
-0.18335
-0.223347
-0.245332
-0.245507
-0.22297
-0.180133
-0.121312
-0.0526984
0.0190187
0.0704184
0.0986204
0.112451
0.118991
0.12303
0.128907
0.1386
0.147681
0.154031
0.162692
0.173449
0.180861
0.175724
0.150807
0.093081
0.024598
-0.0255831
-0.0568634
-0.08155
-0.102915
-0.130234
-0.169081
-0.210073
-0.235788
-0.234695
-0.213644
-0.186379
-0.156311
-0.122977
-0.0870624
-0.05655
-0.0368922
-0.0250316
-0.0157804
-0.00750886
0.000103714
0.00718102
0.00903196
0.00473975
-0.00279767
-0.0108696
-0.0187425
-0.0235347
-0.0246223
-0.0223006
-0.0230705
-0.0345287
-0.0561292
-0.0845427
-0.132078
-0.189064
-0.233486
-0.250083
-0.245562
-0.220918
-0.183391
-0.140459
-0.0933486
-0.0429456
-0.00250171
0.023201
0.0234665
-0.0082235
-0.0446907
-0.0595907
-0.0314945
0.0237863
0.0903214
0.143101
0.164681
0.16399
0.152464
0.1377
0.123553
0.11102
0.0977398
0.0824222
0.0600277
0.0288487
-0.00205869
-0.0206108
-0.0214567
-0.021905
-0.0336785
-0.0555876
-0.0802998
-0.102394
-0.104233
-0.0791591
-0.0325228
0.0099229
0.0298816
0.0295447
0.0163644
-0.00553542
-0.0342383
-0.070667
-0.117031
-0.170912
-0.224747
-0.255582
-0.252007
-0.225876
-0.195506
-0.177181
-0.180197
-0.21286
-0.277575
-0.358805
-0.428515
-0.468654
-0.490908
-0.517544
-0.560077
-0.619728
-0.692148
-0.756884
-0.794574
-0.805382
-0.803572
-0.79128
-0.770853
-0.746878
-0.716561
-0.674331
-0.615867
-0.545459
-0.463314
-0.371435
-0.248846
-0.089315
0.0729852
0.199493
0.2576
0.263904
0.269622
0.306591
0.370801
0.451117
0.529729
0.602189
0.66195
0.686769
0.682076
0.638218
0.558046
0.439616
0.295379
0.141554
0.00543296
-0.129209
-0.239709
-0.334404
-0.430834
-0.516032
-0.583745
-0.638774
-0.67478
-0.691501
-0.684326
-0.638742
-0.519822
-0.354097
-0.175811
0.0426993
0.307102
0.556798
0.758056
0.914276
1.03418
1.13842
1.24747
1.34536
1.41174
1.44677
1.4325
1.37355
1.24701
1.04831
0.771764
0.446171
0.106253
-0.208042
-0.486319
-0.730752
-0.929435
-1.06525
-1.18598
-1.26861
-1.28668
-1.26258
-1.20545
-1.11866
-0.991546
-0.804499
-0.595829
-0.406765
-0.191617
0.0785333
0.314244
0.429756
0.464583
0.46201
0.458823
0.426695
0.352473
0.260715
0.198562
0.15522
0.086186
-0.0309547
-0.160231
-0.24678
-0.293809
-0.334892
-0.387738
-0.449996
-0.514723
-0.584824
-0.659082
-0.72579
-0.74697
-0.721837
-0.645684
-0.503827
-0.312065
-0.103405
0.0661438
0.205106
0.353144
0.533165
0.734142
0.873648
0.907468
0.884695
0.867051
0.847919
0.79564
0.700023
0.549326
0.35881
0.122069
-0.138142
-0.42568
-0.672286
-0.875633
-1.06041
-1.21141
-1.33621
-1.42351
-1.4731
-1.48612
-1.4674
-1.42372
-1.36042
-1.27965
-1.18517
-1.08403
-0.975473
-0.86632
-0.769316
-0.682762
-0.60337
-0.509518
-0.359176
-0.145308
0.118856
0.368096
0.574323
0.777867
0.964282
1.11706
1.26811
1.43978
1.66036
1.90152
2.10402
2.24042
2.30497
2.30377
2.26875
2.21969
2.14936
2.04252
1.8929
1.69111
1.42827
1.09177
0.775712
0.407752
-0.187091
-0.866481
-1.36088
-1.68472
-1.89169
-1.99641
-2.02833
-1.98575
-1.88377
-1.75079
-1.6645
-1.63598
-1.59749
-1.5117
-1.37614
-1.21411
-0.998364
-0.679482
-0.287765
0.154072
0.631379
1.09993
1.50047
1.76338
1.83796
1.81008
1.7471
1.64189
1.5117
1.36305
1.17216
0.940467
0.719854
0.583442
0.496506
0.372368
0.216362
0.120853
0.0878114
0.0616055
-0.00616454
-0.113301
-0.235252
-0.330796
-0.393088
-0.438911
-0.460253
-0.383588
-0.180594
0.0533976
0.227843
0.320398
0.335685
0.252529
0.0183394
-0.321743
-0.708037
-1.09716
-1.4396
-1.68838
-1.81799
-1.8358
-1.80051
-1.7703
-1.73632
-1.67669
-1.5907
-1.50486
-1.43428
-1.3768
-1.32007
-1.25605
-1.19133
-1.13868
-1.09543
-1.05267
-0.99989
-0.901933
-0.695589
-0.435066
-0.178753
0.0837423
0.339437
0.576294
0.792568
0.98789
1.14542
1.28506
1.41546
1.51624
1.57135
1.57241
1.49764
1.31096
1.05904
0.802843
0.552419
0.301337
0.0485367
-0.166176
-0.31852
-0.376513
-0.35627
-0.311412
-0.277555
-0.249686
-0.239146
-0.245867
-0.268468
-0.297653
-0.321551
-0.313751
-0.279808
-0.235324
-0.196281
-0.165083
-0.123969
-0.063111
0.0257184
0.117198
0.179907
0.213458
0.22292
0.200018
0.133705
0.0499818
-0.0234558
-0.0813963
-0.118982
-0.145723
-0.175472
-0.228643
-0.314154
-0.437148
-0.581392
-0.723957
-0.829895
-0.884916
-0.8984
-0.893844
-0.869536
-0.816532
-0.703547
-0.538558
-0.352065
-0.159218
0.0503732
0.275902
0.482501
0.610583
0.644886
0.589195
0.413387
0.17382
-0.0534818
-0.255317
-0.452067
-0.63476
-0.765179
-0.851153
-0.911272
-0.951117
-0.963159
-0.952104
-0.927312
-0.876632
-0.802083
-0.689403
-0.511342
-0.309305
-0.123164
0.0406637
0.160683
0.233543
0.295664
0.349825
0.390027
0.414987
0.441071
0.477411
0.505703
0.525977
0.57002
0.649756
0.790238
0.977687
1.14207
1.24087
1.31126
1.38233
1.45023
1.48921
1.49361
1.47211
1.43998
1.40789
1.37508
1.32155
1.22934
1.11053
0.950483
0.773169
0.602555
0.415866
0.23752
0.1102
0.0128652
-0.0711284
-0.123367
-0.136391
-0.124197
-0.0904223
-0.0344634
0.043909
0.137913
0.243137
0.351662
0.456584
0.538479
0.600824
0.640539
0.658444
0.645798
0.595893
0.512379
0.411849
0.294136
0.187842
0.120437
0.103301
0.123083
0.163967
0.218567
0.282773
0.324446
0.320143
0.274695
0.20156
0.156685
0.164925
0.207465
0.267517
0.352225
0.476575
0.652635
0.804657
0.898389
0.978305
1.05834
1.13757
1.22321
1.30722
1.37581
1.42975
1.47245
1.50138
1.51165
1.50621
1.4911
1.46131
1.41588
1.35915
1.29889
1.23462
1.1647
1.10313
1.0287
0.941981
0.868435
0.804879
0.740771
0.674798
0.613338
0.562931
0.523612
0.487978
0.453119
0.422207
0.394741
0.366441
0.332309
0.295515
0.262451
0.244132
0.244948
0.265246
0.297341
0.339123
0.393291
0.462479
0.540816
0.624999
0.728597
0.846809
0.963604
1.07087
1.1559
1.21856
1.27459
1.32782
1.36435
1.38129
1.39144
1.39977
1.4
1.38906
1.37088
1.34742
1.32073
1.29291
1.2672
1.24011
1.20088
1.15109
1.09311
0.999641
0.875908
0.753682
0.652713
0.581531
0.539411
0.521671
0.511823
0.498788
0.484233
0.47235
0.460324
0.447871
0.437751
0.42504
0.405755
0.386671
0.378549
0.387229
0.406264
0.428269
0.440955
0.448131
0.463367
0.489852
0.526683
0.571562
0.625827
0.682164
0.734896
0.780468
0.818938
0.841515
0.836971
0.796289
0.729018
0.64938
0.528279
0.346519
0.158475
0.0156133
-0.0783417
-0.13008
-0.130428
-0.101585
-0.0421739
0.0460313
0.151915
0.257135
0.354405
0.423105
0.445731
0.439854
0.391672
0.304635
0.201696
0.0832948
-0.0339081
-0.133571
-0.242314
-0.376594
-0.528007
-0.685856
-0.84919
-1.01806
-1.18029
-1.30896
-1.38923
-1.47299
-1.59859
-1.74828
-1.89034
-2.01176
-2.11188
-2.20399
-2.29331
-2.37136
-2.43817
-2.49956
-2.55581
-2.59798
-2.61677
-2.62044
-2.6155
-2.59432
-2.55279
-2.48229
-2.38411
-2.26672
-2.13677
-1.99598
-1.83823
-1.66473
-1.47598
-1.28817
-1.12105
-0.991824
-0.903309
-0.861561
-0.849976
-0.850671
-0.869326
-0.923498
-1.00318
-1.08792
-1.17491
-1.25492
-1.30843
-1.33176
-1.33153
-1.30224
-1.20312
-1.0334
-0.817292
-0.5471
-0.193622
0.148966
0.458125
0.730186
0.967861
1.19173
1.39207
1.51107
1.54487
1.54275
1.55001
1.56976
1.59578
1.62839
1.67073
1.71453
1.74614
1.7481
1.70011
1.59504
1.41005
1.12476
0.789404
0.441986
0.155589
-0.0136838
-0.10749
-0.189628
-0.254392
-0.276434
-0.250885
-0.207234
-0.16569
-0.136941
-0.120406
-0.118044
-0.130756
-0.171784
-0.256294
-0.397054
-0.56273
-0.729104
-0.904078
-1.07345
-1.19965
-1.27672
-1.3215
-1.3542
-1.38487
-1.40719
-1.41188
-1.39614
-1.36083
-1.30515
-1.22685
-1.08249
-0.824266
-0.446371
-0.0153424
0.379231
0.715453
1.00388
1.27293
1.48848
1.59473
1.55922
1.334
0.950279
0.443907
-0.0474649
-0.334793
-0.429194
-0.450992
-0.4862
-0.55002
-0.614874
-0.669094
-0.727587
-0.811799
-0.912328
-1.00956
-1.11054
-1.21556
-1.31525
-1.40919
-1.50419
-1.60554
-1.71789
-1.81886
-1.88682
-1.92191
-1.94164
-1.94722
-1.93472
-1.90497
-1.86205
-1.80474
-1.72619
-1.63656
-1.54775
-1.4722
-1.43461
-1.42615
-1.42572
-1.42669
-1.4299
-1.43153
-1.42516
-1.39402
-1.32985
-1.23259
-1.11254
-0.963876
-0.814351
-0.692918
-0.595227
-0.522766
-0.473128
-0.451017
-0.457612
-0.504016
-0.574018
-0.639382
-0.689283
-0.717467
-0.713491
-0.68954
-0.66274
-0.638525
-0.62556
-0.638072
-0.679057
-0.739034
-0.808245
-0.876973
-0.940501
-0.993076
-1.03165
-1.05185
-1.04412
-1.01066
-0.963468
-0.907728
-0.835233
-0.741857
-0.628973
-0.49489
-0.354171
-0.210609
-0.0460408
0.0970298
0.209807
0.294271
0.347852
0.388041
0.419917
0.437828
0.433959
0.402071
0.347802
0.274072
0.163569
0.0344251
-0.0707011
-0.151417
-0.218779
-0.275482
-0.322783
-0.362849
-0.396358
-0.425141
-0.447914
-0.458425
-0.458397
-0.455047
-0.461579
-0.483478
-0.521651
-0.570308
-0.62475
-0.684016
-0.744402
-0.799943
-0.840214
-0.862357
-0.864932
-0.835911
-0.774593
-0.661496
-0.460312
-0.217558
-0.00329091
0.15314
0.294906
0.428082
0.523509
0.573718
0.611477
0.653637
0.698058
0.737728
0.772734
0.809717
0.857481
0.916355
0.982703
1.06289
1.15624
1.24917
1.33494
1.41467
1.49615
1.58506
1.66605
1.71934
1.73972
1.73062
1.69147
1.61065
1.48763
1.32815
1.15908
0.979467
0.81264
0.694997
0.612075
0.574406
0.596548
0.654418
0.73124
0.830904
0.958435
1.10069
1.24457
1.36568
1.45566
1.53567
1.61288
1.65441
1.53774
1.20747
0.688927
0.0886743
-0.515367
-1.097
-1.56246
-1.91425
-2.17472
-2.32729
-2.42433
-2.50085
-2.50961
-2.41088
-2.23358
-2.04825
-1.87824
-1.7305
-1.59351
-1.4525
-1.27668
-1.04747
-0.793707
-0.540331
-0.2524
0.0158257
0.249612
0.45915
0.65187
0.843057
1.02281
1.16333
1.26944
1.36492
1.45984
1.54017
1.58122
1.57926
1.55622
1.52487
1.47983
1.4108
1.31133
1.19444
1.06699
0.924372
0.795139
0.70726
0.66802
0.654722
0.656939
0.684393
0.731024
0.783775
0.833539
0.878575
0.923407
0.966486
0.985354
0.975412
0.93593
0.871415
0.786136
0.691708
0.607215
0.543093
0.507951
0.492837
0.496031
0.521808
0.571384
0.638912
0.709492
0.770927
0.824449
0.874121
0.919702
0.95609
0.974212
0.979857
0.981816
0.989919
1.00718
1.02761
1.04837
1.07518
1.099
1.1092
1.10631
1.0947
1.05198
0.965384
0.82635
0.621811
0.380038
0.130891
-0.0985917
-0.258353
-0.362742
-0.399178
-0.34953
-0.20907
0.00224163
0.233083
0.421464
0.564181
0.693338
0.813379
0.905978
0.975522
1.02213
1.05199
1.06478
1.04188
0.968972
0.836376
0.657789
0.466951
0.290832
0.142305
0.0170325
-0.0890551
-0.149688
-0.15555
-0.133543
-0.074986
0.0261135
0.16941
0.346979
0.551078
0.707962
0.756959
0.723277
0.632279
0.495122
0.292306
0.0444234
-0.24192
-0.535826
-0.781978
-1.01385
-1.26854
-1.50851
-1.725
-1.93782
-2.12737
-2.29759
-2.42534
-2.51151
-2.57101
-2.60001
-2.58909
-2.53639
-2.45721
-2.33041
-2.14357
-1.84714
-1.48733
-1.11775
-0.765456
-0.476141
-0.26869
-0.142796
-0.0721144
-0.0560452
-0.0815764
-0.137652
-0.227887
-0.328513
-0.422564
-0.51042
-0.586178
-0.639063
-0.658128
-0.646732
-0.61374
-0.533075
-0.377014
-0.163162
0.00436282
0.147514
0.286427
0.367617
0.384899
0.39873
0.441481
0.510918
0.587384
0.66033
0.722727
0.760868
0.767977
0.733441
0.650034
0.520848
0.364243
0.20769
0.102961
0.0994856
0.180517
0.322476
0.551339
0.791518
1.00317
1.19708
1.35519
1.49144
1.61125
1.66926
1.64747
1.54603
1.33752
1.07229
0.81898
0.603202
0.43547
0.358557
0.347186
0.329356
0.281837
0.207969
0.104853
-0.0509126
-0.229135
-0.415758
-0.605326
-0.796794
-0.983714
-1.15368
-1.29679
-1.42413
-1.54879
-1.67144
-1.7825
-1.84397
-1.82767
-1.77416
-1.69594
-1.60014
-1.4981
-1.39067
-1.27034
-1.14867
-1.03691
-0.925941
-0.803316
-0.64792
-0.489901
-0.383832
-0.356567
-0.390531
-0.445597
-0.534228
-0.656593
-0.778174
-0.872782
-0.938518
-0.970234
-0.969922
-0.93896
-0.86934
-0.749856
-0.564326
-0.358903
-0.145515
0.0818065
0.280201
0.424288
0.518263
0.578353
0.616184
0.639507
0.63623
0.603373
0.558923
0.530534
0.525488
0.540871
0.571321
0.609327
0.646759
0.674794
0.686254
0.68019
0.655952
0.61169
0.549119
0.469847
0.387972
0.314578
0.254622
0.21897
0.217892
0.266658
0.352993
0.47326
0.612299
0.756865
0.912755
1.07053
1.15948
1.14506
1.04688
0.882652
0.705335
0.572775
0.518042
0.528798
0.583418
0.667297
0.75857
0.843392
0.890928
0.902776
0.869874
0.772557
0.611153
0.391866
0.148896
-0.0616774
-0.239667
-0.41454
-0.586521
-0.75022
-0.892181
-1.01495
-1.12653
-1.21566
-1.27838
-1.29786
-1.24951
-1.09304
-0.850723
-0.517834
-0.108386
0.318265
0.704547
0.944877
1.04972
1.07834
1.05703
0.996749
0.851219
0.603501
0.355835
0.180963
0.019196
-0.163732
-0.318367
-0.416909
-0.486735
-0.551915
-0.607491
-0.642559
-0.664016
-0.675852
-0.667292
-0.624216
-0.540958
-0.390492
-0.133179
0.191319
0.492719
0.693769
0.766822
0.709689
0.569741
0.363749
0.133843
-0.0971063
-0.287899
-0.436514
-0.552597
-0.626444
-0.666677
-0.675735
-0.645884
-0.564614
-0.466485
-0.384892
-0.335331
-0.312457
-0.342477
-0.417559
-0.547606
-0.735653
-0.893135
-0.977953
-1.02518
-1.04741
-1.04504
-1.02328
-0.978632
-0.904308
-0.812297
-0.717256
-0.597375
-0.434346
-0.253415
-0.0300775
0.204344
0.407635
0.587023
0.744592
0.874401
0.990728
1.08333
1.13646
1.17363
1.21864
1.25095
1.24226
1.16367
0.980816
0.694327
0.398761
0.0863808
-0.189715
-0.375601
-0.455722
-0.49234
-0.538391
-0.596678
-0.656099
-0.720461
-0.786297
-0.841309
-0.867833
-0.863212
-0.823069
-0.733557
-0.562101
-0.344678
-0.114809
0.096277
0.280673
0.452378
0.625189
0.76032
0.810082
0.788412
0.743102
0.661202
0.523321
0.344605
0.164345
0.0204043
-0.053775
-0.0885038
-0.0900514
-0.0584544
0.0209011
0.140386
0.276432
0.391018
0.481846
0.548249
0.603331
0.646143
0.673
0.684431
0.681644
0.66052
0.606358
0.52798
0.442572
0.352397
0.264587
0.195065
0.135168
0.0740428
0.0198532
-0.0230851
-0.0575856
-0.077254
-0.0807165
-0.0661654
-0.0385657
-0.0038845
0.0295491
0.0577985
0.0743579
0.0814896
0.0805155
0.0648847
0.0279978
-0.0368657
-0.126279
-0.236024
-0.356961
-0.471801
-0.544484
-0.565483
-0.55553
-0.519653
-0.432988
-0.311169
-0.168168
0.0231932
0.248446
0.459851
0.606404
0.68248
0.742038
0.790344
0.819361
0.824983
0.817408
0.808187
0.803874
0.802451
0.799967
0.788804
0.761482
0.696674
0.594243
0.467442
0.295779
0.0955559
-0.0910055
-0.2283
-0.326956
-0.396597
-0.446064
-0.465727
-0.454383
-0.423314
-0.394816
-0.374889
-0.356819
-0.334584
-0.307687
-0.268113
-0.214488
-0.145889
-0.0739277
-0.0124046
0.0264378
0.0402279
0.0347283
0.0123261
-0.0306085
-0.0886261
-0.154906
-0.231103
-0.306745
-0.36399
-0.389815
-0.391038
-0.352313
-0.266551
-0.155348
-0.0394189
0.0722389
0.172017
0.238772
0.277588
0.285831
0.276806
0.260795
0.239174
0.214711
0.199015
0.202792
0.228479
0.284735
0.367677
0.45757
0.53947
0.611435
0.658907
0.67021
0.648501
0.599983
0.524806
0.42025
0.292218
0.170382
0.0646101
-0.00335505
-0.0432873
-0.0744036
-0.0954855
-0.0970545
-0.0783813
-0.0480977
-0.018715
8.21608e-05
0.00290776
-0.011201
-0.0416115
-0.091889
-0.155556
-0.22367
-0.289134
-0.343354
-0.378374
-0.395108
-0.394429
-0.373841
-0.333937
-0.264683
-0.177041
-0.0853857
0.0245872
0.157985
0.293224
0.416764
0.531676
0.639595
0.733416
0.784763
0.796872
0.784183
0.751048
0.665397
0.523789
0.345645
0.161501
-0.0109161
-0.152604
-0.258548
-0.329368
-0.372618
-0.389302
-0.384042
-0.362556
-0.332867
-0.309544
-0.30393
-0.311615
-0.323253
-0.340997
-0.366634
-0.398734
-0.439679
-0.488584
-0.539296
-0.582678
-0.616147
-0.646108
-0.675726
-0.701432
-0.719136
-0.729809
-0.743312
-0.761374
-0.775556
-0.784984
-0.794031
-0.800158
-0.796685
-0.775462
-0.734405
-0.677106
-0.606551
-0.523823
-0.431123
-0.333503
-0.232837
-0.129442
-0.0243216
0.0723779
0.158192
0.237432
0.307268
0.350177
0.377024
0.404728
0.438365
0.475364
0.524597
0.586561
0.647647
0.69924
0.741283
0.764487
0.75914
0.724559
0.666222
0.584089
0.486247
0.377463
0.255198
0.143991
0.0655454
0.0245113
0.00504209
0.000702127
-0.00258819
-0.0132917
-0.042294
-0.0901249
-0.154462
-0.233228
-0.321912
-0.41262
-0.489541
-0.540262
-0.545604
-0.516451
-0.450458
-0.361065
-0.272865
-0.193266
-0.131337
-0.0800577
-0.0402216
-0.00755162
0.0245908
0.0558033
0.0833003
0.109428
0.136438
0.162619
0.178527
0.174687
0.153816
0.120496
0.078466
0.0367964
0.00472003
-0.0129995
-0.0182228
-0.0130294
-0.00262687
0.0114143
0.0273908
0.0447239
0.0660331
0.0909162
0.116622
0.139703
0.159122
0.174459
0.182659
0.176241
0.151252
0.107857
0.0417148
-0.0441212
-0.143433
-0.229216
-0.28831
-0.336425
-0.381507
-0.409656
-0.416083
-0.408306
-0.394411
-0.377359
-0.359143
-0.341082
-0.325704
-0.322771
-0.33766
-0.36641
-0.399959
-0.426798
-0.437458
-0.4307
-0.406327
-0.364309
-0.304896
-0.236286
-0.165082
-0.110548
-0.0755199
-0.0492255
-0.0220119
0.00556605
0.0283389
0.0414004
0.0347023
0.00730924
-0.0339925
-0.0718961
-0.0973976
-0.115689
-0.132376
-0.141629
-0.1392
-0.127417
-0.11292
-0.0932054
-0.0561185
-0.00499563
0.0484896
0.0924032
0.124866
0.135784
0.122262
0.0862804
0.0404955
-0.00213969
-0.0314604
-0.0531018
-0.074541
-0.0993566
-0.126473
-0.155119
-0.190012
-0.234748
-0.286342
-0.339602
-0.391377
-0.431739
-0.458673
-0.470918
-0.463833
-0.429149
-0.366717
-0.28522
-0.177108
-0.0578608
0.0451496
0.126287
0.177052
0.199382
0.211293
0.213222
0.209067
0.204795
0.204578
0.201477
0.18671
0.161219
0.133218
0.110806
0.0960806
0.0865595
0.0806816
0.0798051
0.0865849
0.101244
0.124729
0.154394
0.182096
0.195671
0.190756
0.163674
0.111614
0.0323545
-0.0807002
-0.202774
-0.309128
-0.397787
-0.465777
-0.509111
-0.527854
-0.524063
-0.500042
-0.466231
-0.431059
-0.398648
-0.366789
-0.331143
-0.291844
-0.251371
-0.205593
-0.152359
-0.106111
-0.0727236
-0.0503406
-0.0308474
-0.0104858
0.011468
0.034313
0.0605123
0.0961687
0.14651
0.201416
0.253751
0.312824
0.37063
0.407983
0.42541
0.431046
0.423896
0.403895
0.379854
0.358746
0.340199
0.319454
0.294859
0.267397
0.233343
0.191204
0.137018
0.0770335
0.0219686
-0.0197401
-0.0548431
-0.092758
-0.129784
-0.158281
-0.176749
-0.190154
-0.202868
-0.220751
-0.242046
-0.253286
-0.252397
-0.245999
-0.235733
-0.223077
-0.218251
-0.214319
-0.196306
-0.171553
-0.153778
-0.155692
-0.172037
-0.191356
-0.201908
-0.205062
-0.211832
-0.223075
-0.231744
-0.239791
-0.248978
-0.253734
-0.251283
-0.243515
-0.231449
-0.218268
-0.21154
-0.204975
-0.186617
-0.151908
-0.103325
-0.0409377
0.0298803
0.105686
0.176838
0.237099
0.270522
0.282379
0.281017
0.27057
0.251704
0.228247
0.206993
0.196176
0.196286
0.203074
0.211633
0.221201
0.23541
0.24986
0.258572
0.261649
0.263744
0.267684
0.276825
0.292293
0.310466
0.329906
0.354913
0.381114
0.402661
0.422764
0.441622
0.450256
0.448422
0.440951
0.421854
0.389559
0.353323
0.320341
0.290378
0.261324
0.233536
0.210636
0.201483
0.206464
0.225837
0.253479
0.282231
0.303823
0.316922
0.316789
0.302666
0.2757
0.242897
0.208414
0.171509
0.138083
0.113826
0.0994116
0.0965754
0.112911
0.145407
0.185247
0.221842
0.250026
0.26476
0.267657
0.258972
0.245582
0.232729
0.220749
0.204572
0.180889
0.14997
0.115339
0.0767121
0.0261645
-0.03766
-0.0975572
-0.146761
-0.19151
-0.236016
-0.275386
-0.298408
-0.298996
-0.2794
-0.245739
-0.209221
-0.172096
-0.125581
-0.0730928
-0.0219354
0.0288409
0.0813059
0.124576
0.155196
0.173038
0.173352
0.153669
0.117398
0.0642996
-0.0118474
-0.0959725
-0.172847
-0.244173
-0.309805
-0.365682
-0.409465
-0.438926
-0.450565
-0.450119
-0.44158
-0.425516
-0.400003
-0.36302
-0.323212
-0.280085
-0.216875
-0.133801
-0.0413884
0.0638914
0.180359
0.289776
0.37376
0.423174
0.455839
0.47731
0.484196
0.476784
0.461335
0.443837
0.425826
0.414814
0.413123
0.415956
0.41933
0.423519
0.430638
0.442112
0.458464
0.478877
0.50346
0.528694
0.550765
0.567048
0.587454
0.620399
0.637585
0.628964
0.622918
0.627919
0.627733
0.615744
0.597198
0.571613
0.538063
0.496984
0.452793
0.40586
0.35061
0.293075
0.242565
0.204244
0.173454
0.144998
0.118776
0.0962156
0.0791979
0.067939
0.062167
0.0606224
0.061947
0.065499
0.0705067
0.0763065
0.0784002
0.0776172
0.0865012
0.108571
0.139908
0.180875
0.230108
0.284774
0.340419
0.393839
0.445898
0.498048
0.548878
0.592129
0.617383
0.629548
0.635489
0.635581
0.629277
0.616157
0.5953
0.565604
0.533112
0.499167
0.456033
0.405154
0.352858
0.300357
0.251801
0.214132
0.189198
0.172091
0.161941
0.15973
0.166943
0.184312
0.2083
0.234374
0.258482
0.27825
0.293232
0.302603
0.3027
0.294605
0.27797
0.257269
0.237071
0.218592
0.198264
0.172341
0.141548
0.107966
0.0717444
0.0413393
0.0227796
0.0119212
0.00760806
0.0179745
0.0424249
0.0726661
0.0919829
0.0949264
0.084666
0.0686667
0.0472316
0.0196876
-0.0115266
-0.0412327
-0.0667664
-0.088788
-0.107612
-0.12011
-0.119622
-0.106863
-0.0869613
-0.0635918
-0.039445
-0.0202292
-0.00667105
0.0014912
-0.000802801
-0.0137375
-0.0364893
-0.0625019
-0.0839647
-0.0915269
-0.0785165
-0.0361555
0.0317186
0.122339
0.207818
0.273486
0.316963
0.351398
0.371364
0.373092
0.359699
0.337307
0.31053
0.279766
0.245617
0.210371
0.179216
0.153788
0.132585
0.118102
0.11193
0.10551
0.0948249
0.0836112
0.0722527
0.0573737
0.0436644
0.0348037
0.0289353
0.0244433
0.022227
0.0172095
0.0050318
-0.015606
-0.0390459
-0.0610741
-0.0855441
-0.114479
-0.143281
-0.166762
-0.184442
-0.199573
-0.212421
-0.218742
-0.214175
-0.199179
-0.180128
-0.164986
-0.163684
-0.172933
-0.185007
-0.200429
-0.21924
-0.233367
-0.237485
-0.232766
-0.220542
-0.1998
-0.168271
-0.130336
-0.0904381
-0.056355
-0.0296081
-0.00976535
0.00695726
0.0219787
0.0309252
0.0298343
0.0168502
-0.00217612
-0.0227869
-0.0442932
-0.0669004
-0.0868327
-0.105776
-0.129935
-0.156049
-0.177597
-0.191948
-0.202724
-0.213694
-0.226759
-0.242074
-0.262479
-0.281419
-0.289651
-0.295252
-0.306887
-0.31929
-0.328483
-0.336835
-0.343864
-0.347687
-0.349339
-0.349142
-0.343501
-0.330338
-0.311067
-0.29002
-0.266476
-0.232926
-0.197035
-0.16987
-0.155883
-0.150267
-0.150172
-0.154123
-0.160644
-0.160657
-0.151069
-0.131464
-0.104828
-0.0730353
-0.0340541
0.0133513
0.0582713
0.0933589
0.115228
0.134449
0.159591
0.180217
0.188743
0.186036
0.176802
0.162392
0.142585
0.11782
0.0851291
0.0482114
0.0140937
-0.0130565
-0.036437
-0.062615
-0.0926862
-0.123457
-0.15115
-0.172889
-0.184403
-0.187283
-0.185586
-0.180997
-0.17214
-0.15753
-0.140612
-0.12474
-0.108531
-0.089826
-0.0665581
-0.0401341
-0.0126346
0.0196148
0.0590934
0.0967249
0.129285
0.161394
0.197076
0.23552
0.26626
0.28474
0.286392
0.272521
0.245041
0.208215
0.162574
0.102556
0.0249648
-0.0663488
-0.15636
-0.236474
-0.306394
-0.364161
-0.410332
-0.437134
-0.443809
-0.434559
-0.415638
-0.387711
-0.352399
-0.313923
-0.275808
-0.245262
-0.225033
-0.205995
-0.182871
-0.158534
-0.136312
-0.117049
-0.101736
-0.0936079
-0.0939036
-0.0997892
-0.107947
-0.115667
-0.124288
-0.135394
-0.145173
-0.153004
-0.164129
-0.178482
-0.192616
-0.205636
-0.218214
-0.230432
-0.243925
-0.258757
-0.267759
-0.267752
-0.260517
-0.251198
-0.241708
-0.233063
-0.226847
-0.227235
-0.234587
-0.247254
-0.266919
-0.286772
-0.297491
-0.302034
-0.305323
-0.30333
-0.294064
-0.279327
-0.259364
-0.233362
-0.206127
-0.177843
-0.14416
-0.104428
-0.0606726
-0.0167754
0.0254875
0.0662898
0.106398
0.144653
0.174222
0.194779
0.211545
0.224377
0.227937
0.221327
0.208876
0.191966
0.173182
0.155751
0.140179
0.127393
0.121588
0.124147
0.135973
0.153385
0.171726
0.187815
0.200869
0.209646
0.209209
0.200344
0.187463
0.172521
0.154633
0.13738
0.124309
0.116888
0.113911
0.114426
0.108228
0.091275
0.0680891
0.0375587
-0.00347201
-0.0496183
-0.0949608
-0.137611
-0.172014
-0.199419
-0.229792
-0.264216
-0.293891
-0.303078
-0.293979
-0.27661
-0.253619
-0.224801
-0.191414
-0.159746
-0.136082
-0.117077
-0.0988024
-0.0831582
-0.068703
-0.0497167
-0.026833
-0.003715
0.0191834
0.0427569
0.0672954
0.0887183
0.104289
0.116989
0.130179
0.145139
0.160082
0.172977
0.181058
0.182228
0.17362
0.156703
0.135024
0.113278
0.092934
0.0733507
0.0572524
0.0472019
0.0415961
0.0403906
0.045659
0.0498146
0.0483639
0.0436333
0.0355664
0.0204512
0.00172917
-0.0161876
-0.0325841
-0.0476786
-0.0603679
-0.0693092
-0.0739796
-0.0735113
-0.0669818
-0.0535564
-0.0263637
0.0128279
0.0513232
0.0853742
0.118693
0.142514
0.153417
0.154846
0.152264
0.147996
0.145928
0.147773
0.153223
0.162451
0.177437
0.193308
0.206212
0.216911
0.226092
0.23146
0.228366
0.215124
0.191494
0.159302
0.120114
0.0740793
0.0243481
-0.0254233
-0.0713208
-0.110146
-0.132549
-0.138586
-0.133229
-0.124247
-0.115294
-0.106123
-0.0969362
-0.0895191
-0.0828846
-0.0804174
-0.0853073
-0.094006
-0.103202
-0.113488
-0.12685
-0.142765
-0.152497
-0.153208
-0.147924
-0.141249
-0.134226
-0.122137
-0.101998
-0.0738038
-0.0405618
-0.00384945
0.0443867
0.100794
0.154701
0.197671
0.230188
0.26187
0.294458
0.319844
0.337981
0.352429
0.356411
0.348636
0.338117
0.327744
0.312332
0.290454
0.264648
0.236629
0.206257
0.172915
0.13663
0.0948674
0.0436576
-0.0157535
-0.0798402
-0.146838
-0.208186
-0.256999
-0.290967
-0.309293
-0.30881
-0.291361
-0.256831
-0.202564
-0.1375
-0.0703071
-0.00447156
0.0601789
0.124298
0.184649
0.226065
0.24706
0.254727
0.255818
0.246162
0.228208
0.208187
0.187899
0.169535
0.156797
0.149948
0.145648
0.140397
0.135843
0.135528
0.137679
0.139155
0.138689
0.134961
0.125686
0.109213
0.087043
0.062042
0.0364475
0.0101952
-0.0163943
-0.042463
-0.0669752
-0.0903233
-0.111802
-0.123255
-0.125107
-0.123468
-0.121155
-0.116627
-0.110934
-0.105306
-0.100012
-0.100124
-0.109857
-0.129487
-0.156547
-0.190941
-0.233623
-0.282701
-0.333872
-0.383514
-0.43084
-0.47567
-0.513044
-0.536509
-0.548364
-0.54966
-0.529674
-0.490319
-0.440852
-0.384901
-0.32008
-0.252686
-0.188303
-0.128381
-0.0717886
-0.0217776
0.0251202
0.0732441
0.111226
0.130348
0.141952
0.154626
0.165021
0.168458
0.163228
0.152875
0.140975
0.128094
0.108105
0.0735573
0.0294946
-0.0162958
-0.0615935
-0.103711
-0.140585
-0.172109
-0.195863
-0.207193
-0.209039
-0.206105
-0.192154
-0.16783
-0.139658
-0.108449
-0.0723524
-0.0397842
-0.012795
0.0128768
0.0354522
0.051383
0.06345
0.0716144
0.0689611
0.0550574
0.0340914
0.00498756
-0.0320249
-0.0711878
-0.110872
-0.151828
-0.187211
-0.21696
-0.246207
-0.275493
-0.300793
-0.317145
-0.329697
-0.345261
-0.36458
-0.383747
-0.398701
-0.406742
-0.408189
-0.40496
-0.396537
-0.379688
-0.356422
-0.329305
-0.302074
-0.279063
-0.266017
-0.256692
-0.24391
-0.234012
-0.231639
-0.232764
-0.233504
-0.234041
-0.2344
-0.234851
-0.23765
-0.242906
-0.249169
-0.255403
-0.261254
-0.265239
-0.268031
-0.270273
-0.263916
-0.247465
-0.227353
-0.206591
-0.182942
-0.157891
-0.132342
-0.0984816
-0.0552291
-0.0048683
0.044986
0.0905039
0.138609
0.189289
0.230078
0.26287
0.296926
0.333556
0.367116
0.387879
0.397968
0.402029
0.398287
0.383879
0.359922
0.325826
0.276734
0.220497
0.166318
0.113447
0.0605439
0.00991114
-0.0388412
-0.082185
-0.109368
-0.125218
-0.138004
-0.146765
-0.149599
-0.149939
-0.151582
-0.156072
-0.166718
-0.182381
-0.197212
-0.20977
-0.222228
-0.23249
-0.238761
-0.242001
-0.240076
-0.228035
-0.208559
-0.18648
-0.16304
-0.136383
-0.103913
-0.0639018
-0.0174613
0.0255444
0.0632466
0.100916
0.134324
0.157556
0.173906
0.187956
0.196986
0.200683
0.201386
0.196573
0.185872
0.172198
0.156226
0.135879
0.111249
0.0849375
0.0599632
0.034509
0.00534485
-0.0237585
-0.0494375
-0.0726326
-0.0945079
-0.115138
-0.135505
-0.155555
-0.173701
-0.186236
-0.191935
-0.194312
-0.193477
-0.184013
-0.167608
-0.14867
-0.123652
-0.0927742
-0.065222
-0.0433303
-0.0239042
-0.00984665
-0.00595775
-0.0123934
-0.0289791
-0.0580103
-0.0920759
-0.124319
-0.153055
-0.175876
-0.188396
-0.194517
-0.199722
-0.203814
-0.204927
-0.203046
-0.203334
-0.209974
-0.22554
-0.246144
-0.267471
-0.292717
-0.324328
-0.349292
-0.361262
-0.362663
-0.354045
-0.337331
-0.312654
-0.278717
-0.234448
-0.19064
-0.15442
-0.122804
-0.0943831
-0.0755801
-0.0642003
-0.0558254
-0.0526293
-0.0558455
-0.0644029
-0.0795192
-0.103675
-0.127797
-0.145525
-0.156115
-0.161747
-0.162834
-0.158913
-0.147944
-0.125567
-0.0955731
-0.0642576
-0.0316468
0.0051818
0.0438321
0.0771092
0.0949913
0.101662
0.103514
0.102246
0.097883
0.0921371
0.0869578
0.0833219
0.0793012
0.0730482
0.0627196
0.0491494
0.0341676
0.0206362
0.0112299
0.00391944
-0.00339304
-0.00511804
0.000712809
0.008968
0.0178575
0.0302903
0.0434804
0.0538203
0.0605358
0.0641484
0.0634417
0.0571534
0.0459043
0.026432
-0.000588877
-0.0327391
-0.071498
-0.1158
-0.159504
-0.194049
-0.217596
-0.238198
-0.258718
-0.273643
-0.281335
-0.283191
-0.282182
-0.279057
-0.271809
-0.259343
-0.241364
-0.223839
-0.210049
-0.198747
-0.185509
-0.167367
-0.146184
-0.124137
-0.101128
-0.0758927
-0.0462116
-0.0168607
0.00710292
0.0247037
0.0381129
0.0451997
0.0463897
0.0442212
0.0423025
0.0409597
0.0359264
0.0241664
0.00424323
-0.028004
-0.071819
-0.121876
-0.16817
-0.205096
-0.242143
-0.286057
-0.328174
-0.361356
-0.385491
-0.40109
-0.409983
-0.409125
-0.398107
-0.378792
-0.354485
-0.327732
-0.309883
-0.302498
-0.302853
-0.310856
-0.327112
-0.346712
-0.366392
-0.387759
-0.409332
-0.42808
-0.442749
-0.45551
-0.467767
-0.475668
-0.476089
-0.471056
-0.463825
-0.453126
-0.437194
-0.41647
-0.392677
-0.36737
-0.342163
-0.313421
-0.275966
-0.233841
-0.192943
-0.155852
-0.119672
-0.0808863
-0.0434061
-0.0109321
0.0236529
0.0610716
0.0903612
0.111745
0.132059
0.151714
0.166095
0.169978
0.166081
0.159399
0.150767
0.138755
0.128223
0.120616
0.113707
0.110922
0.116651
0.131622
0.151547
0.175237
0.200408
0.22511
0.249923
0.274917
0.297824
0.315373
0.324523
0.327626
0.327794
0.320098
0.3001
0.266735
0.226633
0.188002
0.157389
0.13151
0.106372
0.0861237
0.0752444
0.0747554
0.0798806
0.0879561
0.0959523
0.103015
0.109891
0.117342
0.125276
0.13365
0.14223
0.149379
0.156936
0.169944
0.186754
0.203648
0.223865
0.251327
0.28698
0.324276
0.357385
0.383619
0.405523
0.425368
0.442278
0.450874
0.449374
0.440257
0.427201
0.410796
0.385916
0.35434
0.321333
0.289453
0.260421
0.235782
0.210178
0.179831
0.147147
0.115766
0.0871613
0.0644748
0.0461248
0.0243978
0.00295304
-0.00827019
-0.012057
-0.0157519
-0.0207586
-0.0263467
-0.0328182
-0.0368967
-0.0370289
-0.0387699
-0.0418527
-0.0408267
-0.034428
-0.0243502
-0.0117587
0.00345605
0.0241829
0.0492536
0.0754763
0.100633
0.124538
0.146981
0.166852
0.182316
0.193215
0.199448
0.199675
0.196789
0.194602
0.191699
0.186295
0.18436
0.186897
0.190134
0.19191
0.192311
0.187511
0.175078
0.15472
0.127407
0.0953563
0.0670234
0.0436119
0.0217095
0.00801508
0.005499
0.0137696
0.0263413
0.0372329
0.042393
0.0416935
0.0379956
0.0294106
0.00511337
-0.0327807
-0.07622
-0.125416
-0.176747
-0.222333
-0.253734
-0.274005
-0.290948
-0.30458
-0.309392
-0.307196
-0.302395
-0.300434
-0.301203
-0.30173
-0.30185
-0.303129
-0.304958
-0.301753
-0.282823
-0.249651
-0.209798
-0.164974
-0.117596
-0.0776806
-0.045227
-0.0150342
0.0186151
0.0549664
0.0843736
0.107394
0.132535
0.159311
0.1806
0.192303
0.197289
0.196691
0.191533
0.182425
0.166913
0.143319
0.117452
0.0951835
0.0776252
0.0649177
0.054817
0.047072
0.0475774
0.0595031
0.0769898
0.0951101
0.113128
0.12394
0.117529
0.0954856
0.0623576
0.0150836
-0.0439833
-0.107766
-0.162912
-0.203906
-0.224384
-0.223665
-0.205951
-0.175258
-0.135116
-0.0925829
-0.0545469
-0.024304
-0.00230247
0.0117581
0.0229473
0.0353206
0.0492754
0.0649799
0.0830764
0.104519
0.128013
0.149645
0.165988
0.174919
0.173907
0.160058
0.129692
0.0833983
0.0223525
-0.0429334
-0.10638
-0.169464
-0.221201
-0.251543
-0.259325
-0.251541
-0.237664
-0.22428
-0.212354
-0.20738
-0.209325
-0.211543
-0.21213
-0.213922
-0.215368
-0.21427
-0.208658
-0.196315
-0.175263
-0.151711
-0.130286
-0.109121
-0.0886085
-0.0751283
-0.0700014
-0.0699345
-0.0724778
-0.0759822
-0.0767662
-0.0734211
-0.0671052
-0.0590385
-0.0483958
-0.0330705
-0.0161571
-0.00223171
0.00397352
0.00246484
-0.00430912
-0.0134408
-0.0255451
-0.0426675
-0.0638675
-0.0855295
-0.104887
-0.120602
-0.128989
-0.129497
-0.124604
-0.11734
-0.107497
-0.095885
-0.0831787
-0.0670038
-0.0465575
-0.0230483
-0.00165775
0.0143217
0.023021
0.0275564
0.0297904
0.0296538
0.0274373
0.0275675
0.0303181
0.0328337
0.0359445
0.0418674
0.0502111
0.0596838
0.0696492
0.0777877
0.082854
0.0872909
0.0920086
0.094802
0.0966404
0.10016
0.105489
0.110993
0.115364
0.120676
0.129673
0.139928
0.149312
0.160853
0.17537
0.190904
0.207298
0.22562
0.245301
0.263728
0.277309
0.286189
0.292083
0.294072
0.290332
0.275913
0.254591
0.232989
0.214685
0.197957
0.180678
0.165145
0.154491
0.15015
0.148074
0.143755
0.137625
0.132501
0.131281
0.130722
0.123933
0.109317
0.089383
0.0652528
0.0395333
0.0146943
-0.0101088
-0.035095
-0.0523897
-0.0619912
-0.0691095
-0.0719416
-0.0687068
-0.0597405
-0.0483744
-0.0375191
-0.029214
-0.0241745
-0.0241157
-0.0279423
-0.0337107
-0.0403668
-0.0494173
-0.0664438
-0.0880907
-0.106441
-0.117423
-0.123302
-0.123781
-0.119435
-0.11089
-0.0963274
-0.0764922
-0.0540793
-0.0273793
0.00772911
0.049496
0.094791
0.140079
0.182658
0.219349
0.250703
0.278583
0.300864
0.316666
0.328829
0.338128
0.34184
0.340891
0.337709
0.330171
0.319087
0.307934
0.299945
0.294882
0.290793
0.287579
0.287669
0.294759
0.306692
0.316248
0.323142
0.330886
0.334236
0.331158
0.327805
0.325777
0.321826
0.319404
0.320917
0.323949
0.326201
0.32739
0.325307
0.320007
0.313923
0.306402
0.29463
0.280102
0.265706
0.252692
0.2393
0.223672
0.207623
0.192576
0.177372
0.161478
0.145271
0.127833
0.108254
0.0859004
0.0585068
0.025682
-0.00625718
-0.0398097
-0.083303
-0.132849
-0.17907
-0.215301
-0.244492
-0.269734
-0.289494
-0.30039
-0.298892
-0.290411
-0.279078
-0.260043
-0.232925
-0.206075
-0.180011
-0.148897
-0.114574
-0.0814183
-0.0502065
-0.0218914
-0.0013512
0.013963
0.0288771
0.0419874
0.0529341
0.0669874
0.0815705
0.0919315
0.101023
0.110305
0.114867
0.115439
0.114768
0.106656
0.0907934
0.0772095
0.0652646
0.0468957
0.0246646
0.00475931
-0.0107972
-0.0249781
-0.0386814
-0.0385504
-0.0227068
-0.00589394
0.0047703
0.0139689
0.0308823
0.0551021
0.0777139
0.0961914
0.11355
0.127253
0.136673
0.147288
0.157586
0.160798
0.155738
0.1461
0.130695
0.110468
0.0880553
0.0635886
0.0407367
0.0293627
0.0250213
0.0196006
0.0175197
0.0221993
0.0277645
0.0306843
0.0321965
0.0315276
0.02876
0.02683
0.0240191
0.0165095
0.0101759
0.00880589
0.00866743
0.0107886
0.0206651
0.0345276
0.0477276
0.0635362
0.0820991
0.0996729
0.117447
0.136708
0.149024
0.15439
0.158972
0.161273
0.156786
0.146188
0.131903
0.111785
0.0916525
0.0765775
0.0586768
0.0379669
0.0227961
0.0171821
0.0199431
0.0284045
0.0392981
0.0526723
0.0677408
0.0830523
0.0979562
0.112245
0.125128
0.135855
0.14451
0.152155
0.158454
0.161426
0.163366
0.167774
0.175463
0.184265
0.190954
0.196147
0.202356
0.209987
0.216722
0.215024
0.202815
0.182132
0.153249
0.114899
0.0731828
0.0312262
-0.0133912
-0.0620867
-0.11019
-0.148299
-0.177413
-0.203816
-0.229798
-0.252051
-0.265552
-0.268608
-0.264059
-0.260685
-0.259662
-0.254348
-0.242511
-0.226403
-0.212264
-0.201556
-0.189462
-0.176313
-0.167114
-0.163551
-0.163201
-0.165339
-0.168999
-0.173041
-0.178231
-0.184582
-0.185719
-0.179507
-0.168205
-0.154163
-0.135978
-0.108064
-0.0710121
-0.0253671
0.0259509
0.0788565
0.122707
0.155432
0.177471
0.192192
0.201686
0.207265
0.207946
0.202147
0.192343
0.181103
0.171085
0.162992
0.154108
0.144476
0.137643
0.132012
0.124545
0.117029
0.10931
0.0970038
0.0811987
0.0653255
0.0491934
0.030231
0.00494399
-0.0195571
-0.0361078
-0.0467492
-0.0564815
-0.0649131
-0.0650364
-0.053524
-0.0371779
-0.0201094
0.00240844
0.0240061
0.0370835
0.0476171
0.0597088
0.0681028
0.0696542
0.0646526
0.0575891
0.050815
0.0407806
0.02794
0.0162056
0.005562
-0.00576699
-0.0181725
-0.029645
-0.0370496
-0.0336738
-0.0196972
0.00375932
0.0329586
0.0648027
0.0951388
0.121854
0.139278
0.144375
0.136542
0.121643
0.104507
0.0843907
0.0610097
0.0391534
0.0225468
0.0112323
0.00620288
0.00853993
0.0188473
0.0342407
0.0530594
0.0704161
0.0855221
0.1049
0.123071
0.128193
0.122895
0.114018
0.103828
0.0943595
0.0880969
0.083739
0.0809358
0.0866717
0.0998035
0.113962
0.128742
0.1472
0.167825
0.189198
0.213161
0.238283
0.261579
0.28223
0.30127
0.317535
0.331178
0.343229
0.350819
0.351427
0.348006
0.340547
0.325445
0.307129
0.289691
0.270916
0.252453
0.239199
0.22785
0.214619
0.202838
0.193498
0.184023
0.175816
0.170736
0.164819
0.155983
0.145131
0.133465
0.121199
0.10849
0.0963065
0.0863983
0.0778627
0.068429
0.0544903
0.0368472
0.0173862
-0.00176704
-0.0199542
-0.0380896
-0.0589089
-0.0840903
-0.106844
-0.124447
-0.143341
-0.16453
-0.182837
-0.195165
-0.203278
-0.207724
-0.208912
-0.207019
-0.202443
-0.195836
-0.186084
-0.174226
-0.162702
-0.154167
-0.147385
-0.136068
-0.121167
-0.108208
-0.0983527
-0.0902528
-0.0868624
-0.0877994
-0.090312
-0.0951531
-0.10537
-0.124562
-0.147908
-0.167956
-0.180307
-0.187157
-0.189581
-0.189375
-0.187723
-0.182406
-0.17348
-0.165587
-0.16022
-0.155548
-0.150337
-0.144991
-0.139851
-0.135626
-0.132998
-0.130675
-0.127249
-0.121295
-0.11252
-0.100984
-0.0862625
-0.0682012
-0.0504937
-0.0352854
-0.022822
-0.0127273
-0.00455521
0.00311886
0.0106453
0.017292
0.0212863
0.0221283
0.0218055
0.0206154
0.0160467
0.00711711
-0.00473003
-0.0157974
-0.0243615
-0.0301843
-0.0340624
-0.03593
-0.0324158
-0.0247317
-0.0157986
-0.00532831
0.00802987
0.0231875
0.0395516
0.058385
0.0767345
0.0906072
0.101916
0.111308
0.113704
0.110656
0.106134
0.101915
0.0975125
0.0923688
0.0854478
0.0775982
0.074599
0.0767664
0.0777774
0.0771787
0.079092
0.081655
0.0819035
0.0797198
0.0734102
0.0617489
0.0469023
0.0308095
0.0142145
0.00184961
-0.00402302
-0.0111429
-0.0198852
-0.0236277
-0.0246009
-0.0273891
-0.0304773
-0.0330756
-0.0371611
-0.0434155
-0.0499291
-0.0513949
-0.0462465
-0.0362193
-0.0280223
-0.0235573
-0.0179032
-0.0106612
-0.00610151
-0.00528204
-0.0069233
-0.0109537
-0.0181299
-0.0297803
-0.0432342
-0.0559566
-0.0675816
-0.0751631
-0.0773533
-0.0813091
-0.0886406
-0.0921881
-0.0888765
-0.0815929
-0.0748986
-0.0696673
-0.0639222
-0.0589588
-0.0577511
-0.0637371
-0.0735889
-0.0825911
-0.0917502
-0.103174
-0.112377
-0.117682
-0.12121
-0.123549
-0.123284
-0.119171
-0.113921
-0.111044
-0.110656
-0.110877
-0.111122
-0.111441
-0.111886
-0.113296
-0.115193
-0.113584
-0.108622
-0.103817
-0.104455
-0.108913
-0.109501
-0.107584
-0.109083
-0.109717
-0.105936
-0.101336
-0.0946533
-0.0806987
-0.0646967
-0.0510452
-0.0366737
-0.0231407
-0.0155317
-0.0105024
-0.00506623
-0.00245006
-0.00183524
0.000322307
0.00461612
0.0119715
0.0266564
0.041496
0.0490088
0.0533527
0.0597456
0.0677628
0.0735863
0.0740154
0.0673985
0.0550834
0.0389223
0.0184755
-0.00645019
-0.0304381
-0.051215
-0.0697887
-0.0848369
-0.0947207
-0.101209
-0.106349
-0.110092
-0.112226
-0.113017
-0.111825
-0.107474
-0.0993301
-0.0918531
-0.0858699
-0.0714543
-0.051715
-0.0383406
-0.0331823
-0.0301589
-0.0246769
-0.0159159
-0.0044196
0.00820507
0.0219429
0.0427795
0.0685698
0.0922227
0.111505
0.129623
0.151125
0.172416
0.186848
0.19693
0.206997
0.21614
0.219491
0.213336
0.20229
0.190089
0.174972
0.157378
0.139793
0.12004
0.0989685
0.0836052
0.0742206
0.0680842
0.0677896
0.0753377
0.0895428
0.104563
0.116907
0.128202
0.140791
0.154852
0.167887
0.177555
0.184978
0.191554
0.196586
0.201212
0.206615
0.210127
0.210511
0.209681
0.210028
0.211837
0.213052
0.212559
0.210701
0.20672
0.200182
0.193893
0.189288
0.185854
0.182969
0.180352
0.176442
0.173394
0.174678
0.175812
0.172717
0.169051
0.165922
0.160289
0.153432
0.147112
0.137555
0.121525
0.0988688
0.0762876
0.0581876
0.0442925
0.0308019
0.0163056
0.00545787
0.00134308
0.00343375
0.00874678
0.0153864
0.022889
0.0307721
0.0366709
0.0361085
0.0274166
0.012523
-0.00650681
-0.028792
-0.0535731
-0.07992
-0.105172
-0.126563
-0.142365
-0.154473
-0.165201
-0.172834
-0.177377
-0.180835
-0.184802
-0.18912
-0.192858
-0.194472
-0.19299
-0.192135
-0.192359
-0.188347
-0.181982
-0.178693
-0.178266
-0.1798
-0.186738
-0.198292
-0.211956
-0.231663
-0.257615
-0.282501
-0.302727
-0.319883
-0.334684
-0.346671
-0.354993
-0.36158
-0.367766
-0.373061
-0.376441
-0.377356
-0.376499
-0.3751
-0.374082
-0.371107
-0.362923
-0.35072
-0.336979
-0.319485
-0.297477
-0.272513
-0.248051
-0.223779
-0.190963
-0.152243
-0.116964
-0.0830497
-0.0456654
-0.0124356
0.0162475
0.0485241
0.0824011
0.111733
0.137459
0.161178
0.179888
0.194753
0.208259
0.220515
0.229934
0.234666
0.235652
0.234549
0.230086
0.222555
0.215709
0.209153
0.200598
0.191156
0.18173
0.17094
0.161973
0.156568
0.144896
0.127262
0.112335
0.102473
0.0949504
0.0894834
0.0852061
0.0810286
0.0794079
0.0809005
0.0820265
0.0830463
0.0872615
0.0942115
0.10129
0.106252
0.111392
0.120057
0.129542
0.136515
0.140638
0.144592
0.149315
0.146957
0.136949
0.129492
0.126038
0.120471
0.110005
0.0972983
0.0862933
0.0795041
0.0762355
0.0718322
0.0652818
0.059882
0.0562276
0.0523311
0.0461802
0.0378431
0.027287
0.0148579
0.00101417
-0.0138841
-0.0295574
-0.0456662
-0.0598807
-0.0712037
-0.0804548
-0.0887406
-0.0959804
-0.103876
-0.112556
-0.119587
-0.124745
-0.129229
-0.131678
-0.132193
-0.133749
-0.133921
-0.129381
-0.122204
-0.115759
-0.111028
-0.106607
-0.101464
-0.0964686
-0.0917092
-0.0858097
-0.077482
-0.0675073
-0.0613398
-0.0575425
-0.0492629
-0.0396471
-0.0345973
-0.0318058
-0.028311
-0.0254901
-0.0259237
-0.030136
-0.0365708
-0.0431508
-0.0491436
-0.0561965
-0.0652078
-0.0732024
-0.0791372
-0.0840678
-0.086245
-0.0845293
-0.076608
-0.0639477
-0.0497478
-0.0390796
-0.0319786
-0.0236073
-0.0124516
-0.00117738
0.00441909
0.00327069
-0.00531175
-0.0168833
-0.0267535
-0.0371592
-0.0513152
-0.0692177
-0.0890945
-0.11039
-0.131124
-0.149674
-0.165163
-0.179346
-0.193692
-0.206355
-0.215219
-0.21922
-0.217832
-0.211664
-0.203674
-0.196004
-0.190169
-0.187022
-0.186373
-0.186582
-0.185835
-0.182934
-0.179964
-0.178924
-0.179418
-0.180179
-0.180602
-0.179612
-0.176786
-0.173381
-0.169929
-0.165694
-0.162459
-0.162046
-0.164216
-0.166975
-0.167815
-0.169466
-0.174659
-0.179253
-0.181864
-0.187127
-0.191914
-0.191243
-0.187722
-0.183701
-0.176673
-0.167388
-0.157969
-0.145441
-0.128665
-0.110962
-0.0935177
-0.0750002
-0.0540932
-0.0325551
-0.0148145
0.00101193
0.0192301
0.0398456
0.058979
0.0670435
0.070531
0.0821281
0.0943205
0.0994815
0.105027
0.114056
0.121857
0.12623
0.128142
0.127405
0.124271
0.119062
0.108881
0.0917045
0.0714836
0.0480898
0.017698
-0.011489
-0.0331203
-0.0490124
-0.0651851
-0.0839029
-0.102766
-0.11663
-0.119042
-0.113279
-0.105575
-0.0968829
-0.0859334
-0.0741009
-0.0575372
-0.031542
-0.0113139
-0.00389343
0.00143787
0.0106394
0.0198034
0.0271974
0.0335627
0.0374527
0.0402285
0.0447959
0.050985
0.0576607
0.0664248
0.074869
0.0788074
0.0819436
0.0880429
0.0932908
0.0967643
0.102728
0.111566
0.121053
0.132332
0.143795
0.148594
0.153816
0.167292
0.177638
0.176559
0.167782
0.156896
0.143327
0.127425
0.110225
0.0920219
0.0746731
0.059118
0.0411005
0.0212347
0.00722733
-0.00259611
-0.0138996
-0.0246903
-0.0333004
-0.0435489
-0.0533253
-0.0590652
-0.0648152
-0.071225
-0.0711306
-0.0648791
-0.0573821
-0.0490206
-0.0386555
-0.0276505
-0.0149741
0.00171335
0.0180403
0.0317107
0.0483627
0.06695
0.0812185
0.0928371
0.10487
0.111444
0.112254
0.111602
0.109466
0.103764
0.0962262
0.0865067
0.0693973
0.0499617
0.0345962
0.018723
-0.000779748
-0.0216664
-0.0416187
-0.0595404
-0.0704948
-0.07753
-0.0874748
-0.101632
-0.11683
-0.127993
-0.136415
-0.146359
-0.155014
-0.158641
-0.160594
-0.162585
-0.162401
-0.159127
-0.153311
-0.145885
-0.139156
-0.136063
-0.13415
-0.130005
-0.123037
-0.117489
-0.120467
-0.126777
-0.128277
-0.122354
-0.112547
-0.103252
-0.095181
-0.0865921
-0.0759513
-0.0648515
-0.0573991
-0.0529651
-0.0488635
-0.043346
-0.0374367
-0.0351938
-0.0349804
-0.0322479
-0.02816
-0.0251148
-0.0218574
-0.018784
-0.018221
-0.0214979
-0.0279005
-0.032808
-0.0356234
-0.0394526
-0.0497617
-0.0675757
-0.0842425
-0.0965216
-0.10793
-0.117805
-0.123798
-0.129238
-0.134921
-0.138177
-0.140157
-0.143046
-0.146747
-0.149593
-0.150232
-0.145143
-0.13324
-0.121975
-0.112073
-0.0953167
-0.0743903
-0.0560942
-0.0375285
-0.0173257
-0.00214548
0.0117548
0.0321992
0.0511939
0.0625806
0.0712244
0.0805614
0.0885322
0.0944826
0.0993284
0.10253
0.105452
0.110229
0.113837
0.113746
0.113652
0.113696
0.110173
0.104361
0.0987601
0.0927783
0.085551
0.0769694
0.0674943
0.058283
0.0536337
0.0515631
0.0461921
0.0384959
0.0316189
0.0214712
0.00795386
-0.00492642
-0.0194076
-0.0391345
-0.0617685
-0.0825849
-0.0995221
-0.116336
-0.135616
-0.154171
-0.169909
-0.183652
-0.195523
-0.2042
-0.206819
-0.205987
-0.206306
-0.211121
-0.219886
-0.22727
-0.231857
-0.236313
-0.243579
-0.253028
-0.257577
-0.257356
-0.257742
-0.259667
-0.260416
-0.257387
-0.251881
-0.245935
-0.238962
-0.229264
-0.213824
-0.193639
-0.173661
-0.156414
-0.140898
-0.126057
-0.112758
-0.10324
-0.0919687
-0.0722376
-0.0506358
-0.0339096
-0.022641
-0.0141687
-0.00740571
-0.00132279
0.00419849
0.00947142
0.0119423
0.00842391
0.00173046
-0.0048214
-0.00967229
-0.0153171
-0.0247062
-0.0344764
-0.0410351
-0.0449331
-0.0488346
-0.0539939
-0.0588679
-0.0621389
-0.065207
-0.068894
-0.0723734
-0.0745372
-0.0755573
-0.0779568
-0.0831155
-0.0919364
-0.102622
-0.112958
-0.12098
-0.127751
-0.134959
-0.138848
-0.136308
-0.130962
-0.12442
-0.112946
-0.0982082
-0.0837379
-0.0667148
-0.0472321
-0.032341
-0.0212206
-0.00897479
0.00275425
0.011646
0.0190335
0.0261411
0.0325761
0.0389218
0.04589
0.053442
0.0600255
0.0641867
0.0675389
0.071877
0.0780457
0.0831891
0.0823532
0.0800736
0.0816648
0.0822991
0.0799161
0.0783606
0.0786345
0.0793263
0.0828986
0.0911333
0.103266
0.115696
0.125909
0.131137
0.132869
0.136067
0.139661
0.139408
0.139441
0.142153
0.139709
0.131842
0.12489
0.119986
0.114878
0.109237
0.102756
0.0948027
0.087772
0.0825894
0.0765099
0.0675218
0.0558189
0.0450838
0.0367379
0.0262452
0.0162774
0.0141885
0.0206228
0.0317058
0.0387346
0.0402113
0.0393256
0.0416406
0.0488722
0.0570633
0.0631922
0.0675336
0.0707933
0.0729204
0.0730266
0.0727345
0.0768074
0.082745
0.0855721
0.0870179
0.0894093
0.0885248
0.0833907
0.0764782
0.0679549
0.0574214
0.0450051
0.0302954
0.0126701
-0.0045978
-0.0196286
-0.0333953
-0.0479778
-0.0639395
-0.0772271
-0.0863917
-0.0935142
-0.0998675
-0.104378
-0.10521
-0.103558
-0.104251
-0.10864
-0.115104
-0.123464
-0.134804
-0.148235
-0.162276
-0.176414
-0.189295
-0.200036
-0.208984
-0.215006
-0.21599
-0.214011
-0.210697
-0.203924
-0.194842
-0.18691
-0.177498
-0.163439
-0.148848
-0.136881
-0.126272
-0.114839
-0.102198
-0.0895056
-0.0779556
-0.06989
-0.0645211
-0.0599926
-0.0579694
-0.0585974
-0.0574185
-0.0539535
-0.0512657
-0.0527506
-0.058835
-0.0665619
-0.0720541
-0.073773
-0.077914
-0.0884791
-0.100445
-0.10948
-0.116255
-0.126018
-0.141051
-0.156694
-0.167329
-0.171206
-0.175986
-0.186172
-0.195529
-0.200948
-0.205268
-0.209872
-0.213948
-0.217711
-0.220367
-0.21902
-0.212072
-0.200633
-0.188374
-0.178055
-0.172057
-0.16929
-0.167554
-0.165517
-0.163499
-0.161929
-0.161549
-0.162945
-0.164788
-0.165967
-0.166626
-0.167858
-0.170211
-0.171304
-0.170816
-0.173688
-0.177624
-0.176389
-0.17416
-0.175188
-0.175801
-0.173897
-0.171186
-0.167298
-0.16079
-0.152078
-0.143356
-0.135948
-0.125932
-0.110935
-0.0968898
-0.0858954
-0.0742392
-0.0600226
-0.0479341
-0.0382321
-0.0287038
-0.0187924
-0.00907062
0.000228406
0.00937934
0.0180388
0.0259106
0.0337679
0.0414546
0.0474202
0.0517909
0.0553441
0.0559138
0.0534148
0.0512912
0.0503367
0.0493046
0.0496645
0.0514819
0.0517483
0.0504822
0.0500443
0.0533922
0.0604811
0.0693193
0.0767791
0.0814385
0.0860863
0.0923321
0.0975605
0.102055
0.108615
0.115607
0.121042
0.127862
0.131578
0.124144
0.113275
0.107594
0.106667
0.10541
0.101269
0.0940331
0.085435
0.0816132
0.0813965
0.0792209
0.0754714
0.073011
0.0703626
0.0659262
0.0599194
0.0531355
0.0458743
0.0390772
0.0337926
0.0305717
0.0278702
0.0246602
0.0219995
0.024895
0.0377906
0.0523708
0.0629353
0.0755794
0.0898211
0.0987551
0.108208
0.124112
0.137284
0.145261
0.155641
0.168923
0.18084
0.191785
0.202746
0.212472
0.222225
0.233634
0.24486
0.254173
0.261565
0.267178
0.271037
0.273539
0.274249
0.271675
0.266126
0.258955
0.251156
0.243073
0.235428
0.229823
0.226783
0.224268
0.222211
0.223581
0.228706
0.235389
0.239634
0.240662
0.240086
0.23795
0.233313
0.225965
0.218584
0.216752
0.219958
0.22464
0.230404
0.237504
0.243758
0.248946
0.254014
0.257129
0.257127
0.254791
0.25058
0.24451
0.237887
0.230398
0.219726
0.208511
0.199984
0.192674
0.184476
0.175382
0.166593
0.158769
0.151824
0.144185
0.133572
0.12329
0.11685
0.112692
0.106871
0.0974014
0.0862336
0.076238
0.0729697
0.07367
0.0722529
0.070789
0.0719868
0.0723341
0.0708469
0.0698658
0.0695201
0.0687785
0.0674791
0.0654606
0.0627689
0.0636566
0.0686218
0.0719564
0.0736674
0.0780232
0.0817176
0.0817132
0.0794755
0.077843
0.0778454
0.0782531
0.0771229
0.0699902
0.0612608
0.0585678
0.0588158
0.0574663
0.0583766
0.0610267
0.0604274
0.0571369
0.0535788
0.0493826
0.044157
0.0381251
0.0323474
0.0283569
0.0282054
0.0300427
0.0317409
0.0345794
0.0395514
0.0453881
0.0518715
0.0602163
0.0700207
0.0792446
0.0853601
0.0895716
0.09429
0.102671
0.113767
0.123201
0.129649
0.134689
0.141844
0.151329
0.159148
0.163071
0.163608
0.163234
0.163292
0.163098
0.162147
0.16076
0.15874
0.155828
0.151975
0.146739
0.139302
0.130956
0.123136
0.116228
0.109563
0.102731
0.0968223
0.0921589
0.087632
0.0830946
0.07917
0.0763014
0.0733325
0.067717
0.0612909
0.0572661
0.0577082
0.0592559
0.0569565
0.0533107
0.0526149
0.0542854
0.0558971
0.056531
0.0520739
0.0411883
0.0336415
0.0324815
0.0333993
0.0339373
0.0345944
0.0332088
0.0296616
0.0255666
0.0207517
0.0140774
0.00604672
-0.000896249
-0.0047749
-0.00690729
-0.0091963
-0.0138779
-0.0187939
-0.0205002
-0.022848
-0.0298686
-0.0394267
-0.0499524
-0.0621572
-0.0693378
-0.0702346
-0.0739953
-0.082563
-0.0906174
-0.0962115
-0.100327
-0.100351
-0.100238
-0.106265
-0.111835
-0.111981
-0.110996
-0.111378
-0.111279
-0.110803
-0.11057
-0.10895
-0.105959
-0.102954
-0.0995359
-0.0950887
-0.0896191
-0.0832561
-0.0760701
-0.0700713
-0.0659402
-0.0627351
-0.0594887
-0.0561323
-0.0530166
-0.0508542
-0.0527109
-0.0562698
-0.0567983
-0.0548235
-0.0532912
-0.0539343
-0.0554224
-0.0556454
-0.0530947
-0.0483815
-0.0418697
-0.0349758
-0.0292748
-0.025406
-0.0223798
-0.0184505
-0.0156023
-0.0172785
-0.0219145
-0.0265879
-0.0311081
-0.0371098
-0.0453208
-0.0512128
-0.0532173
-0.0548959
-0.0570671
-0.0576
-0.0588302
-0.0622069
-0.0654748
-0.0673543
-0.068366
-0.0683497
-0.067702
-0.0679872
-0.0687408
-0.0687047
-0.0696067
-0.071369
-0.0702369
-0.065256
-0.0577875
-0.0526905
-0.0506956
-0.0476283
-0.0411895
-0.0325581
-0.0285971
-0.0310785
-0.0353813
-0.0400509
-0.0480234
-0.0578609
-0.0666349
-0.0731148
-0.0781023
-0.082298
-0.0880297
-0.0950535
-0.100029
-0.102314
-0.102201
-0.0930118
-0.0766279
-0.0663734
-0.0643165
-0.0636722
-0.0552714
-0.0392525
-0.0212359
-0.00798063
-0.0024851
0.00281501
0.0124113
0.0208864
0.0248933
0.026163
0.0263042
0.0256729
0.0277897
0.0318986
0.0344611
0.0350596
0.0362638
0.0440744
0.054558
0.0595596
0.0613882
0.0652976
0.0705976
0.0744521
0.07501
0.071591
0.0644434
0.0539403
0.0442036
0.0393654
0.0352544
0.0278435
0.0200951
0.0150901
0.0125626
0.00826169
0.000795814
-0.00296176
-0.00427083
-0.0104346
-0.0209302
-0.0312392
-0.0371972
-0.0412444
-0.0478654
-0.0560661
-0.062106
-0.0610077
-0.0549582
-0.0487218
-0.0409773
-0.0285659
-0.0140947
-0.000319635
0.0128155
0.0249142
0.0359581
0.0497897
0.0665375
0.0834566
0.098862
0.113266
0.128366
0.143601
0.155917
0.165297
0.172963
0.1787
0.181622
0.180898
0.178689
0.177255
0.178519
0.181293
0.182126
0.179013
0.17189
0.165855
0.163486
0.162941
0.160829
0.155818
0.149801
0.144452
0.139576
0.133877
0.126718
0.121073
0.117443
0.112193
0.105383
0.0995924
0.0944379
0.0895948
0.087269
0.0840605
0.0752903
0.0670551
0.0634391
0.0604431
0.0584209
0.0621057
0.0690159
0.0748586
0.0782224
0.0803824
0.082391
0.084791
0.0874969
0.0906565
0.0945907
0.0995574
0.104169
0.107933
0.113847
0.119959
0.121569
0.121118
0.121868
0.120951
0.117611
0.114109
0.109261
0.102166
0.100287
0.102505
0.100229
0.0958538
0.0958525
0.0987583
0.101535
0.104852
0.107928
0.109721
0.112763
0.117388
0.121216
0.122445
0.12137
0.119508
0.118269
0.119086
0.120975
0.122708
0.126176
0.131008
0.132766
0.132826
0.134587
0.135825
0.134976
0.134554
0.135014
0.135238
0.137148
0.141199
0.144772
0.148332
0.154574
0.163079
0.172328
0.183891
0.195902
0.204464
0.21012
0.214675
0.214493
0.211071
0.209295
0.208465
0.206475
0.207954
0.213493
0.219445
0.221945
0.22019
0.214469
0.20831
0.20479
0.199955
0.190205
0.179077
0.169921
0.162528
0.155575
0.148867
0.143475
0.140723
0.141614
0.143304
0.144362
0.146832
0.147987
0.142977
0.134513
0.12551
0.113672
0.0980622
0.0811106
0.0700237
0.0628125
0.0523288
0.0352996
0.0143911
-0.000883837
-0.011614
-0.0251445
-0.0374969
-0.0445342
-0.0494276
-0.0539401
-0.0562172
-0.0581597
-0.0610275
-0.062849
-0.0651177
-0.0699223
-0.0739644
-0.0758625
-0.0787172
-0.0828804
-0.0868304
-0.0919405
-0.0986617
-0.106257
-0.113718
-0.120244
-0.123415
-0.124585
-0.126841
-0.131164
-0.136509
-0.14123
-0.145305
-0.149612
-0.153424
-0.156224
-0.158666
-0.160889
-0.162388
-0.164181
-0.16573
-0.163875
-0.159732
-0.155856
-0.151103
-0.144341
-0.136818
-0.12823
-0.11716
-0.10773
-0.100892
-0.0914264
-0.0789389
-0.0666259
-0.0551573
-0.0448512
-0.0383677
-0.0336241
-0.0276715
-0.0240061
-0.0244754
-0.0257772
-0.0263435
-0.0274359
-0.0313324
-0.0375746
-0.0432239
-0.0472422
-0.0503827
-0.0522988
-0.051721
-0.0459705
-0.042107
-0.0462782
-0.0529155
-0.0559231
-0.0550784
-0.053754
-0.0538078
-0.0555439
-0.0564544
-0.0541898
-0.0519247
-0.0508553
-0.0470385
-0.0422951
-0.0401155
-0.0370258
-0.0311344
-0.0259089
-0.0218366
-0.0173967
-0.0149381
-0.0149283
-0.0160068
-0.0200134
-0.0275517
-0.0373554
-0.0457774
-0.0501217
-0.0548985
-0.0627418
-0.0707548
-0.0792382
-0.0894557
-0.0955817
-0.0993784
-0.107408
-0.115166
-0.118909
-0.122809
-0.12691
-0.128636
-0.130869
-0.135056
-0.138284
-0.140533
-0.143225
-0.143459
-0.140432
-0.135634
-0.128994
-0.121157
-0.116351
-0.110872
-0.0978447
-0.0840614
-0.0758644
-0.0708765
-0.0629258
-0.0504444
-0.0398571
-0.0359806
-0.0396774
-0.0464835
-0.0528494
-0.0585685
-0.0645911
-0.0706527
-0.0735916
-0.0743326
-0.0788993
-0.0856883
-0.0900662
-0.0928025
-0.0950052
-0.0941591
-0.0929511
-0.0945436
-0.0951202
-0.0929052
-0.0901228
-0.0893245
-0.0897436
-0.0866099
-0.0795708
-0.0713691
-0.0623914
-0.0542396
-0.052341
-0.0563807
-0.0640999
-0.0811813
-0.104964
-0.127595
-0.145966
-0.160558
-0.165476
-0.160777
-0.149665
-0.13011
-0.100004
-0.0595835
-0.0167396
0.0219705
0.0522336
0.076502
0.0983349
0.111227
0.104772
0.0858881
0.0649737
0.0396173
0.0149645
-0.000719599
-0.00858525
-0.01226
-0.0112214
-0.00556358
0.00348912
0.0153921
0.029005
0.041337
0.0515723
0.060735
0.068957
0.0748006
0.0759842
0.074656
0.0737231
0.0728787
0.0700432
0.0634305
0.0532632
0.0408437
0.0275192
0.0137859
0.000230168
-0.010867
-0.018005
-0.0215372
-0.0228829
-0.0224146
-0.0182129
-0.00864606
0.00495668
0.0182968
0.0283366
0.0367555
0.0448011
0.0474044
0.0450345
0.0414072
0.0320335
0.0131337
-0.00573371
-0.0208218
-0.0362946
-0.0488475
-0.0558278
-0.0580702
-0.0563848
-0.0499599
-0.0422478
-0.0361867
-0.0331402
-0.0312545
-0.0283358
-0.0233898
-0.0167869
-0.00669005
0.0036767
0.00865038
0.00596399
-0.000466496
-0.00389728
-0.000376453
0.0111908
0.0281063
0.0467133
0.0653459
0.0801652
0.086255
0.0849057
0.0804195
0.0720596
0.0591355
0.0423238
0.0221223
0.00171401
-0.0125184
-0.0240417
-0.0383773
-0.051108
-0.0578484
-0.0596488
-0.0588331
-0.0564338
-0.0544508
-0.0534292
-0.0528426
-0.0516224
-0.0485795
-0.0396356
-0.0283263
-0.0226368
-0.0214968
-0.0198784
-0.0181753
-0.0182088
-0.0190277
-0.0195357
-0.0193131
-0.0152296
-0.0073552
1.63996e-06
0.00524682
0.00973673
0.011641
0.00956029
0.00949555
0.0134657
0.0188048
0.0227413
0.0246044
0.0218737
0.0148041
0.00684155
-0.00111395
-0.0105282
-0.0169484
-0.0185106
-0.0179978
-0.0195745
-0.0251125
-0.0316857
-0.0364076
-0.0370055
-0.0347525
-0.030773
-0.0248265
-0.0166514
-0.00798463
0.000342989
0.0089402
0.0176748
0.0254944
0.0309227
0.0339081
0.0334326
0.0307412
0.0278988
0.0256029
0.0232777
0.0206875
0.0179841
0.0154433
0.0133999
0.0122005
0.0136658
0.0176329
0.0215441
0.0240712
0.025783
0.0285941
0.0328534
0.0371606
0.0399229
0.0404879
0.03966
0.0381457
0.0366611
0.0343837
0.0290408
0.0234425
0.0210363
0.0218334
0.0234626
0.0235574
0.0243495
0.0291787
0.0341187
0.0361968
0.0380841
0.0406501
0.0419166
0.0437633
0.0481543
0.052339
0.0537234
0.0511342
0.0465337
0.0412687
0.0344512
0.0254645
0.0150369
0.00412093
-0.00684382
-0.0148258
-0.0191951
-0.0212848
-0.0210305
-0.0171313
-0.0145833
-0.0166492
-0.018376
-0.0168198
-0.0135218
-0.0100397
-0.00651899
-0.00413555
-0.00388272
-0.00649933
-0.0105231
-0.0142231
-0.0158752
-0.0173963
-0.0238052
-0.0319474
-0.0361567
-0.0400563
-0.0475464
-0.0573154
-0.0664416
-0.0737916
-0.0796305
-0.0854118
-0.0943284
-0.102312
-0.102665
-0.0979099
-0.0930981
-0.0917684
-0.0921255
-0.0906618
-0.0852588
-0.0772576
-0.0746712
-0.0783901
-0.0807208
-0.0786361
-0.0747353
-0.0724646
-0.0726063
-0.0744575
-0.0766738
-0.0788535
-0.0805058
-0.0815387
-0.0816295
-0.081117
-0.0805285
-0.0798312
-0.0786976
-0.0770984
-0.0755808
-0.0749108
-0.0749609
-0.075259
-0.0759894
-0.077378
-0.0792754
-0.0818417
-0.0852578
-0.0893425
-0.0943281
-0.101089
-0.107068
-0.109164
-0.110426
-0.115219
-0.122811
-0.130158
-0.132829
-0.131478
-0.131493
-0.133026
-0.132473
-0.134631
-0.143971
-0.154525
-0.162241
-0.169266
-0.176835
-0.184198
-0.192142
-0.199848
-0.20378
-0.204456
-0.20449
-0.204435
-0.203614
-0.202127
-0.20083
-0.200084
-0.197172
-0.191911
-0.189379
-0.189256
-0.18714
-0.181594
-0.173609
-0.162794
-0.151944
-0.146037
-0.143534
-0.139983
-0.131524
-0.119782
-0.107447
-0.0966051
-0.087463
-0.079171
-0.0708741
-0.06199
-0.0532718
-0.046074
-0.0423774
-0.0413477
-0.0396705
-0.0374434
-0.0371397
-0.0385556
-0.0402258
-0.0413284
-0.042273
-0.0437432
-0.0462201
-0.0491178
-0.0487879
-0.0451751
-0.0403343
-0.0379483
-0.0391268
-0.03992
-0.0384228
-0.0360627
-0.0347148
-0.034521
-0.0337165
-0.0316369
-0.0293336
-0.0283237
-0.0286137
-0.0269055
-0.0223438
-0.0174767
-0.0158793
-0.0191231
-0.0216343
-0.0205722
-0.0190948
-0.0192254
-0.0200703
-0.0210798
-0.0218905
-0.0204347
-0.016636
-0.0121665
-0.00803896
-0.00337341
0.00387726
0.0117902
0.017813
0.022536
0.0277338
0.0343913
0.0414907
0.0475099
0.0501841
0.0498854
0.0491853
0.049712
0.0509602
0.0497653
0.0458433
0.0431053
0.0405821
0.0341137
0.0261313
0.0197262
0.01372
0.00772432
0.00322582
-0.000547152
-0.00486836
-0.0100556
-0.0152209
-0.0193821
-0.0216283
-0.0224573
-0.0229288
-0.0218368
-0.0170758
-0.0107524
-0.00492299
0.00147405
0.00894406
0.0165422
0.0239
0.0313491
0.0391754
0.0468691
0.0529311
0.0525657
0.0441683
0.0356772
0.0295372
0.019634
0.0101518
0.00722794
0.00299499
-0.00672344
-0.0154243
-0.0197639
-0.0215368
-0.0221152
-0.0218189
-0.0210525
-0.0207923
-0.0217316
-0.0225801
-0.0230745
-0.0250646
-0.0278012
-0.0297773
-0.0350399
-0.044653
-0.05331
-0.0578814
-0.0593692
-0.062022
-0.0675975
-0.0761207
-0.0844955
-0.0896063
-0.0911484
-0.0918127
-0.0963106
-0.10288
-0.106784
-0.108711
-0.111828
-0.11831
-0.125461
-0.129503
-0.129799
-0.127662
-0.124852
-0.120735
-0.11167
-0.0992879
-0.0871219
-0.0752538
-0.0625804
-0.0495319
-0.0355861
-0.020334
-0.00646501
0.00435144
0.0124397
0.0186195
0.0223262
0.0243459
0.0257996
0.0265634
0.0277735
0.031086
0.0332065
0.0317771
0.0308858
0.0326698
0.0354751
0.0372958
0.0381503
0.0399889
0.0434338
0.0479913
0.0516241
0.0534885
0.0564998
0.0620184
0.068475
0.0749335
0.0817043
0.0884746
0.0939201
0.0958329
0.0957962
0.0960395
0.0965519
0.0961848
0.0931969
0.0888194
0.0855687
0.0847583
0.0852786
0.0850887
0.0829034
0.078675
0.0757538
0.0755007
0.0764175
0.0758874
0.0725189
0.0669645
0.0603712
0.0551135
0.0522683
0.0513822
0.0480747
0.0404274
0.0331974
0.0287326
0.0251856
0.0204341
0.0145568
0.00977727
0.00577455
-0.000160558
-0.00744246
-0.0139573
-0.0190921
-0.022689
-0.0231181
-0.0230528
-0.0257443
-0.032515
-0.0399908
-0.0416416
-0.0381979
-0.0348036
-0.0389141
-0.0486464
-0.0543249
-0.0571214
-0.0641696
-0.0703979
-0.0722576
-0.0756853
-0.0810427
-0.0834545
-0.082048
-0.0795623
-0.0784011
-0.0776063
-0.0751073
-0.0713471
-0.0676565
-0.0642537
-0.0604029
-0.0554383
-0.0487488
-0.0405405
-0.0336563
-0.0282023
-0.0218132
-0.0146108
-0.00810005
-0.00235181
0.00325945
0.00877968
0.0127878
0.0146246
0.0166379
0.0194995
0.0210391
0.0207675
0.0195148
0.0172321
0.0138744
0.0100568
0.00761278
0.00806435
0.00956252
0.0104429
0.0118116
0.0148207
0.0192235
0.0222683
0.022559
0.0186468
0.0123005
0.00598503
-0.000790488
-0.00937691
-0.0180039
-0.025204
-0.0310446
-0.0349085
-0.0362636
-0.0369932
-0.0380427
-0.0387527
-0.0400016
-0.0428576
-0.0469378
-0.0504934
-0.0516324
-0.0504059
-0.0479041
-0.0448515
-0.0403376
-0.0326037
-0.0265529
-0.0260226
-0.0246423
-0.0189052
-0.0127801
-0.00909871
-0.00726839
-0.00681532
-0.00704998
-0.00610366
-0.00231412
0.00507181
0.0143578
0.0237556
0.029365
0.0324005
0.0367051
0.0410921
0.0427406
0.042604
0.0414232
0.0367344
0.0274222
0.0147018
0.000705162
-0.0117265
-0.0180016
-0.0210249
-0.0249009
-0.0277185
-0.0269312
-0.0243717
-0.0212869
-0.0171459
-0.0156949
-0.0184598
-0.0228324
-0.0287086
-0.0386951
-0.0488628
-0.0563391
-0.0634968
-0.0704213
-0.0740628
-0.0735572
-0.0706103
-0.065266
-0.0587163
-0.0528232
-0.048798
-0.0468625
-0.0474373
-0.0492918
-0.0512958
-0.0536927
-0.0568689
-0.0593288
-0.0609186
-0.0635618
-0.065544
-0.0646545
-0.0627467
-0.0617493
-0.0615675
-0.0602155
-0.0562262
-0.0520453
-0.0499943
-0.0503256
-0.0497935
-0.0455923
-0.0396341
-0.034122
-0.0273916
-0.0204141
-0.0162675
-0.0141776
-0.0124409
-0.0117842
-0.0121852
-0.0126729
-0.014227
-0.0176542
-0.0198237
-0.0194762
-0.0187185
-0.0185224
-0.0181926
-0.0174617
-0.0167924
-0.0169408
-0.017165
-0.0162806
-0.0141814
-0.011955
-0.0109861
-0.00839256
-0.000516312
0.00803906
0.0128228
0.0120632
0.00977763
0.0105038
0.0167159
0.0267961
0.0316171
0.0318173
0.0360277
0.0433524
0.0481338
0.0502437
0.0512984
0.0502687
0.048648
0.0483373
0.0480873
0.0469145
0.0459935
0.0467053
0.0494992
0.0519844
0.0524345
0.0509138
0.0507516
0.054774
0.0603028
0.0642483
0.0655942
0.0645417
0.0611487
0.0592381
0.060903
0.063309
0.0648404
0.0666157
0.0671408
0.0650263
0.0628575
0.0604787
0.0534866
0.0456711
0.0420479
0.0391382
0.0354823
0.035621
0.0387406
0.0415623
0.0464983
0.0545038
0.0615406
0.0666677
0.0715137
0.0745738
0.076439
0.0819331
0.0892535
0.0938461
0.0981211
0.104639
0.110624
0.115405
0.121184
0.128416
0.135672
0.139512
0.141524
0.146333
0.152677
0.157149
0.159985
0.163795
0.170946
0.177076
0.178417
0.179444
0.182341
0.182923
0.18865
0.201446
0.19989
0.190404
0.187637
0.192041
0.196299
0.196721
0.195812
0.196008
0.195084
0.192626
0.190494
0.188425
0.184921
0.178628
0.17203
0.168398
0.166393
0.163949
0.16225
0.161604
0.160546
0.155996
0.146942
0.13657
0.128025
0.122422
0.117251
0.110545
0.103668
0.0980852
0.0940517
0.0899347
0.0846383
0.0792566
0.0738929
0.0667183
0.0585639
0.050579
0.0394535
0.0270585
0.0183201
0.0108656
0.000485329
-0.0140549
-0.0287569
-0.0389051
-0.0406798
-0.0373349
-0.0380711
-0.041798
-0.0412485
-0.0377832
-0.0354226
-0.0311806
-0.0253467
-0.0217004
-0.0179427
-0.0110493
-0.00417729
0.00102366
0.00653863
0.0122885
0.0168949
0.0206267
0.0229187
0.0210158
0.0168875
0.0135199
0.00933897
0.00379172
0.00029685
-0.0018451
-0.00501913
-0.00714444
-0.00609423
-0.00197456
0.00485747
0.0138447
0.0213836
0.027706
0.0375887
0.0483841
0.0543703
0.0585747
0.06461
0.0693443
0.0716771
0.0738683
0.0768039
0.0796732
0.0810862
0.0808294
0.0797504
0.0814607
0.086026
0.0880108
0.0872752
0.087869
0.0905781
0.093834
0.0972135
0.0995577
0.0994392
0.0988087
0.0992735
0.0992388
0.0979891
0.0963866
0.0936997
0.089467
0.0873566
0.087244
0.0855607
0.0838985
0.085348
0.08877
0.0918729
0.0942402
0.0972543
0.101664
0.10604
0.107646
0.102988
0.0951984
0.0887086
0.0847328
0.0812753
0.0761768
0.0706265
0.0665236
0.0635288
0.0603957
0.0565826
0.0531166
0.0508271
0.0490649
0.0473866
0.0464259
0.0456164
0.0438971
0.040385
0.0360948
0.032296
0.0266789
0.0179553
0.0121779
0.011522
0.0132871
0.0137055
0.0123819
0.0119907
0.0132725
0.0147756
0.0154478
0.0155875
0.0165001
0.017205
0.0146988
0.0112973
0.0101271
0.00927769
0.00725267
0.00491875
0.00293002
0.00100741
-0.00177268
-0.00498093
-0.00754522
-0.00952724
-0.0117126
-0.0154821
-0.019896
-0.023114
-0.0254031
-0.0276786
-0.0293813
-0.0299737
-0.0294961
-0.0282488
-0.0267393
-0.0275677
-0.0295413
-0.0296327
-0.0304992
-0.0348992
-0.0390683
-0.041613
-0.0448036
-0.0481045
-0.0499073
-0.0507695
-0.0502818
-0.0470025
-0.0437747
-0.0425907
-0.0401051
-0.0363558
-0.0345781
-0.0334093
-0.0306853
-0.0286372
-0.028179
-0.0278798
-0.026726
-0.0249961
-0.0236789
-0.0232813
-0.0236274
-0.0228691
-0.0202546
-0.0182423
-0.0170642
-0.0148292
-0.0123713
-0.0111887
-0.010867
-0.0107175
-0.0106933
-0.00838422
-0.00317965
-0.00197907
-0.00555699
-0.0093547
-0.0114781
-0.0131093
-0.0144497
-0.0158898
-0.0182765
-0.0206222
-0.0218056
-0.0224579
-0.0234681
-0.0249351
-0.0261997
-0.0268922
-0.0274063
-0.028625
-0.0311058
-0.0338513
-0.0359488
-0.0370474
-0.0377634
-0.0388526
-0.0421926
-0.0476924
-0.0488015
-0.0459931
-0.0448551
-0.0466219
-0.0491626
-0.051999
-0.0546173
-0.0561899
-0.0572374
-0.0585909
-0.0606595
-0.0631703
-0.0655933
-0.0662095
-0.0652375
-0.0657098
-0.067895
-0.069759
-0.0698645
-0.0693649
-0.070841
-0.0718057
-0.0684612
-0.0651768
-0.0655299
-0.0683365
-0.0706101
-0.071167
-0.0716027
-0.0730449
-0.0748473
-0.0765581
-0.0783666
-0.0794227
-0.0795742
-0.079873
-0.0810696
-0.0830149
-0.0835532
-0.083099
-0.08512
-0.0853587
-0.0795724
-0.0740387
-0.0724624
-0.0712439
-0.0673697
-0.0611827
-0.0553958
-0.0512189
-0.0478752
-0.0441171
-0.0396596
-0.0356753
-0.0325957
-0.0292986
-0.0262614
-0.0249256
-0.0239479
-0.022071
-0.0198814
-0.0183167
-0.0176545
-0.0178907
-0.0184568
-0.0180326
-0.0171849
-0.0174142
-0.0189021
-0.0207153
-0.021926
-0.0223484
-0.0221555
-0.0216592
-0.0211581
-0.0211153
-0.0219371
-0.0237907
-0.025441
-0.0261819
-0.0260986
-0.0259096
-0.026081
-0.0263356
-0.0262694
-0.0255069
-0.0246101
-0.0243468
-0.0244323
-0.0243743
-0.0242848
-0.0241128
-0.0235354
-0.0224672
-0.0212546
-0.0206214
-0.0202585
-0.0194945
-0.0191679
-0.019703
-0.0202527
-0.0200533
-0.0190868
-0.0185056
-0.0188018
-0.0196932
-0.0203422
-0.0202337
-0.02002
-0.0200828
-0.0194635
-0.0182483
-0.0173107
-0.016531
-0.0155638
-0.0147454
-0.0141034
-0.0133318
-0.0126327
-0.0122698
-0.0120342
-0.0118577
-0.0119201
-0.0121875
-0.0125644
-0.0130684
-0.0134847
-0.0135506
-0.0135012
-0.0135325
-0.0133032
-0.0127498
-0.0121011
-0.0113559
-0.010486
-0.0100736
-0.00965675
-0.00832741
-0.00705458
-0.00679086
-0.00690185
-0.0067957
-0.00671463
-0.00656639
-0.00612073
-0.0056597
-0.0052126
-0.00435505
-0.00340595
-0.00280024
-0.00221458
-0.00142389
-0.000558103
0.00025182
0.000999206
0.00166731
0.00239154
0.00347256
0.00457803
0.00524655
0.00563055
0.00595453
0.00609781
0.00626533
0.00673898
0.00709184
0.00706478
0.00691396
0.00685699
0.0068556
0.00678901
0.00663021
0.00641294
0.00627156
0.00627322
0.00596195
0.00524245
0.00458925
0.00426337
0.00417209
0.0041054
0.00397714
0.00381733
0.00367474
0.00355259
0.00341577
0.00327813
0.00334546
0.00348003
0.00340156
0.00331038
0.00341603
0.00344097
0.00331312
0.00325483
0.0032342
0.00309994
0.00286376
0.00257914
0.00220443
0.0018849
0.00173753
0.00163163
0.00145222
0.00120225
0.000869705
0.000469184
0.000185041
1.69119e-05
-0.000178728
-0.00045809
-0.00078162
-0.00113265
-0.00147323
-0.00176323
-0.00201238
-0.0022448
-0.00245766
-0.00263978
-0.00277704
-0.00289121
-0.0030037
-0.00309931
-0.00317278
-0.0032352
-0.0033136
-0.00340979
-0.0034623
-0.00348477
-0.00354916
-0.00362411
-0.00365415
-0.0036657
-0.00367976
-0.00367565
-0.00370088
-0.00378765
-0.00385398
-0.00388049
-0.00392781
-0.00396945
-0.00396244
-0.00396371
-0.00398407
-0.00396933
-0.00392335
-0.00388188
-0.00385358
-0.00382656
-0.00379207
-0.00374258
-0.00368144
-0.00363509
-0.00360434
-0.00357181
-0.00353019
-0.00348397
-0.00343571
-0.00338557
-0.00333402
-0.00328709
-0.00324743
-0.00320928
-0.00316651
-0.00311604
-0.00307026
-0.0030361
-0.00299681
-0.00294668
-0.00289822
-0.00285369
-0.00280589
-0.00274507
-0.00267343
-0.00260159
-0.00254419
-0.00250229
-0.00245586
-0.00239572
-0.00232725
-0.00226021
-0.00219774
-0.00213788
-0.0020779
-0.00201699
-0.00195697
-0.00189944
-0.00184132
-0.00178159
-0.00172299
-0.00166557
-0.00160765
-0.0015496
-0.00149254
-0.00143711
-0.00138133
-0.00132372
-0.00126665
-0.00121152
-0.00115728
-0.00110035
-0.00103861
-0.00097537
-0.000913692
-0.000854663
-0.000796529
-0.000737654
-0.000678008
-0.000618062
-0.000557763
-0.000497685
-0.000438264
-0.000377629
-0.000315487
-0.000253622
-0.000192193
-0.000130277
-6.829e-05
-6.59236e-06
5.52465e-05
0.000116992
0.000178205
0.000239455
0.000300946
0.000361939
0.000422612
0.000483569
0.00054431
0.000604562
0.000664922
0.000725351
0.000785397
0.000845194
0.000904925
0.000964516
0.0010239
0.0010831
0.00114205
0.00120074
0.00125923
0.00131753
0.00137562
0.00143349
0.00149116
0.00154863
0.0016059
0.00166301
0.00171993
0.00177664
0.00183319
0.00188958
0.00194582
0.0020019
0.00205781
0.00211355
0.00216912
0.00222453
0.00227977
0.00233484
0.00238973
0.00244444
0.00249897
0.00255333
0.00260751
0.0026615
0.0027153
0.00276893
0.00282237
0.00287562
0.00292869
0.00298156
0.00303424
0.00308673
0.00313903
0.00319113
0.00324303
0.00329473
0.00334623
0.00339753
0.00344862
0.00349951
0.0035502
0.00360067
0.00365094
0.003701
0.00375084
0.00380047
0.00384989
0.00389909
0.00394808
0.00399684
0.00404538
0.00409371
0.00414181
0.00418968
0.00423733
0
0
