-0.00587251
-0.00586889
-0.00586467
-0.00586016
-0.00585514
-0.00584966
-0.00584388
-0.00583766
-0.00583111
-0.00582428
-0.00581687
-0.00580883
-0.00579964
-0.00578913
-0.00577724
-0.00576517
-0.00575694
-0.00575172
-0.00574495
-0.00573466
-0.00572347
-0.00571687
-0.00570967
-0.0056905
-0.00567227
-0.00566744
-0.00565588
-0.00561869
-0.00559069
-0.00559355
-0.0056197
-0.00564488
-0.00565233
-0.00561962
-0.00555928
-0.00549654
-0.00544343
-0.00539095
-0.00529331
-0.00515571
-0.0050604
-0.00503633
-0.00506984
-0.00513251
-0.00517053
-0.00508109
-0.0049671
-0.00499787
-0.00511752
-0.00521413
-0.00531401
-0.0054554
-0.00560079
-0.0055744
-0.00535744
-0.00515141
-0.00512073
-0.0052799
-0.00530915
-0.0050126
-0.00421525
-0.00337887
-0.00312529
-0.00322962
-0.00322399
-0.00277907
-0.00244623
-0.00335275
-0.00505775
-0.0064971
-0.00702715
-0.00682622
-0.00582328
-0.00449464
-0.00336853
-0.00296057
-0.00314178
-0.00337528
-0.00343906
-0.00352281
-0.00382735
-0.00416353
-0.00402023
-0.00395158
-0.00484689
-0.00634111
-0.0075421
-0.00668928
-0.00404994
-0.00222024
-0.0021925
-0.00367983
-0.00550842
-0.00688695
-0.00703443
-0.00594444
-0.00390896
-0.00237916
-0.00194955
-0.00137453
-0.000245956
0.000147071
-0.00118928
-0.0038783
-0.0056065
-0.00578913
-0.00575278
-0.00583216
-0.00468379
-0.00275205
-0.00147831
-0.00189234
-0.00328445
-0.0036251
-0.00313003
-0.00328834
-0.00355466
-0.00348542
-0.00538786
-0.00795858
-0.00783093
-0.00588278
-0.00441228
-0.00417204
-0.00499578
-0.00687976
-0.00865832
-0.00915809
-0.00599294
-0.000336703
0.00508292
0.00751789
0.00643055
0.00301788
-0.000284377
-0.00181879
-0.00296806
-0.00504721
-0.00607814
-0.00529555
-0.00340196
-0.00199356
-0.00191484
-0.00378431
-0.0069246
-0.00950674
-0.0108106
-0.0108463
-0.00899717
-0.00399071
0.00184488
0.00671918
0.0114984
0.0145972
0.0127268
0.00603353
-0.00430579
-0.0172958
-0.0261274
-0.0232623
-0.013495
-0.00391265
0.0053144
0.0132581
0.0165216
0.0157385
0.0126965
0.00969263
0.00648388
0.000923304
-0.00316903
-0.00201684
0.00126613
0.0028211
0.00208369
0.000117202
-0.00271585
-0.00708602
-0.0129094
-0.0196096
-0.0263861
-0.0318767
-0.0299464
-0.0193323
-0.0025267
0.0143679
0.0286512
0.0367149
0.0366145
0.0268282
0.011333
-0.00702118
-0.0225858
-0.0292522
-0.0196292
-0.00497273
0.0018822
-0.00363064
-0.0139249
-0.0169048
-0.00869646
0.00571734
0.014981
0.0153605
0.00914874
0.00296278
-0.000245066
-0.00209921
-0.00541614
-0.0117494
-0.0220069
-0.0358298
-0.0387405
-0.0264708
-0.00938471
0.00306795
0.0104747
0.0152949
0.0181252
0.0189748
0.0172976
0.012207
0.00366067
-0.00696412
-0.0123062
-0.00815826
0.00483925
0.0132235
0.00958536
-0.000549782
-0.0106142
-0.0224078
-0.0372798
-0.0528914
-0.0616553
-0.0554467
-0.0297456
0.000118257
0.0228771
0.0344293
0.0370832
0.0322064
0.0248849
0.0172295
0.00483516
-0.0100102
-0.0149591
-0.00759505
0.00819603
0.0200869
0.0224686
0.00980564
-0.0115485
-0.0323454
-0.046159
-0.0530509
-0.0450751
-0.0228284
0.00458895
0.0292835
0.0494405
0.0541003
0.0419465
0.0179913
-0.00870388
-0.0322237
-0.0485493
-0.0546848
-0.0464795
-0.0348229
-0.0270846
-0.0173716
-0.00466921
0.005023
0.00963411
0.0112948
0.015771
0.0225029
0.025655
0.0159368
-0.00831093
-0.0341671
-0.0479436
-0.0448963
-0.0318608
-0.0148977
-0.00363964
0.00363786
0.0151166
0.0280635
0.0355201
0.0350858
0.0301882
0.0243591
0.0166329
-0.00141407
-0.0259284
-0.0450834
-0.0456414
-0.033114
-0.0266087
-0.0304246
-0.0370295
-0.0394731
-0.0360092
-0.0185314
0.00571604
0.0237395
0.037794
0.0538503
0.0626225
0.0587748
0.0391657
0.00716032
-0.0309918
-0.063665
-0.0814759
-0.080191
-0.0651469
-0.039394
-0.00562091
0.0293781
0.0579415
0.067921
0.0470023
0.0140953
-0.00931111
-0.0153918
-0.0138983
-0.0126469
-0.0193377
-0.0316993
-0.0404939
-0.0415628
-0.0372137
-0.0390241
-0.0472361
-0.0482677
-0.0308977
0.00799944
0.0448041
0.0621524
0.0413235
0.00552575
-0.011697
-0.00732339
0.00487486
0.0172418
0.029075
0.0480281
0.0697972
0.0727029
0.0503284
0.00393133
-0.0611195
-0.119457
-0.140136
-0.126954
-0.0959199
-0.0647689
-0.0402069
-0.0222226
-0.0161908
-0.0321758
-0.0498435
-0.045646
-0.00644981
0.0468783
0.0949466
0.123285
0.129893
0.108946
0.0641773
0.0103933
-0.0452843
-0.100238
-0.142172
-0.157786
-0.146358
-0.119817
-0.0868773
-0.0469812
-0.0031644
0.035426
0.05588
0.0546662
0.0401998
0.0245874
0.0214969
0.0283121
0.0372211
0.0380262
0.0291901
0.0145521
-0.00587441
-0.0377802
-0.0772995
-0.112597
-0.128963
-0.125897
-0.108338
-0.0586374
0.0214231
0.0946628
0.121994
0.112
0.0761553
0.0299778
-0.0176641
-0.0605421
-0.0830132
-0.0577116
-0.000198538
0.0511289
0.082159
0.0790629
0.0579443
0.0367604
0.0204663
0.00348082
-0.0238757
-0.0544501
-0.0723143
-0.0664034
-0.0468524
-0.039884
-0.0558369
-0.0877586
-0.100828
-0.0839071
-0.0435082
-0.00728073
0.00328381
-0.00250446
-0.00740316
0.0078989
0.0365705
0.0625459
0.0829851
0.101683
0.0930436
0.0487206
-0.0120096
-0.0618514
-0.0917393
-0.102242
-0.0936188
-0.0611656
-0.0231662
0.00599976
0.0134334
0.00165565
-0.0182904
-0.0347204
-0.0410115
-0.00739592
0.0666637
0.137755
0.143511
0.0807363
-0.0232747
-0.142996
-0.24216
-0.270903
-0.211194
-0.116658
-0.0347903
0.026769
0.0697881
0.0854368
0.0807622
0.0550425
0.0286851
0.0165923
0.0177552
0.0199812
0.0156128
0.0027099
-0.0105643
-0.000748722
0.0231483
0.0348013
0.00836899
-0.0564598
-0.120222
-0.166065
-0.177089
-0.0551556
0.186838
0.335861
0.308757
0.187045
0.0676523
-0.0172277
-0.0908783
-0.176986
-0.276273
-0.366973
-0.399392
-0.318144
-0.115193
0.0574536
0.0875326
0.0578182
0.0485706
0.0489358
0.0490315
0.085033
0.140661
0.188485
0.225648
0.228253
0.177376
0.0633708
-0.122538
-0.291605
-0.364054
-0.321507
-0.231758
-0.159876
-0.10719
-0.0566776
0.00206646
0.0664053
0.1242
0.149461
0.147301
0.13285
0.119403
0.109824
0.101121
0.0768341
0.00697666
-0.0778124
-0.0774724
0.0175259
0.111567
0.128333
0.0621475
-0.0265908
-0.0918255
-0.0938295
-0.0540758
0.000220084
0.0523164
0.0984007
0.127979
0.110639
0.0392434
-0.0633431
-0.166825
-0.223072
-0.242751
-0.234506
-0.167278
-0.0421189
0.0735689
0.136144
0.102549
0.0143173
-0.056392
-0.0815217
-0.0681993
-0.0263787
0.0681424
0.173313
0.192152
0.0953953
-0.042485
-0.127837
-0.118963
-0.0912531
-0.111616
-0.184145
-0.276463
-0.366605
-0.407883
-0.342127
-0.222625
-0.140731
-0.0843813
0.0188343
0.108836
0.0521221
-0.204084
-0.409194
-0.382795
-0.116014
0.267585
0.443954
0.36983
0.240097
0.181359
0.151137
0.0515629
-0.101833
-0.178248
-0.141787
-0.0578696
-0.0125838
-0.0573102
-0.169007
-0.28532
-0.383467
-0.447087
-0.470194
-0.456418
-0.351252
-0.184301
-0.0758566
-0.0686987
-0.089318
-0.0442715
0.0758538
0.215222
0.297684
0.305486
0.268914
0.186023
-0.0307125
-0.290887
-0.407922
-0.344086
-0.24183
-0.202321
-0.206162
-0.207142
-0.191053
-0.158809
-0.0742189
0.0304416
0.06219
-0.011403
-0.110429
-0.159187
-0.175977
-0.209516
-0.239777
-0.176534
-0.0639284
0.00972601
0.041445
0.0687177
0.0962064
0.102493
0.065998
0.00417274
-0.0397265
-0.0642412
-0.0955508
-0.172738
-0.307066
-0.493844
-0.646908
-0.648466
-0.536628
-0.40228
-0.292786
-0.177981
-0.0368673
0.112693
0.2151
0.219347
0.12563
-0.0206444
-0.159878
-0.209361
-0.145033
0.0178617
0.189848
0.241863
0.143725
-0.041313
-0.213956
-0.334736
-0.464437
-0.613744
-0.704763
-0.700113
-0.609609
-0.507465
-0.506059
-0.59914
-0.678759
-0.644092
-0.502748
-0.32201
-0.140803
0.049191
0.18617
0.266448
0.347517
0.448811
0.497564
0.361511
0.0368132
-0.25597
-0.35754
-0.33923
-0.358998
-0.455197
-0.563121
-0.625006
-0.610104
-0.548756
-0.507339
-0.492287
-0.437964
-0.312151
-0.130429
0.0452232
0.189516
0.323
0.431468
0.47057
0.389625
0.100085
-0.240178
-0.434163
-0.408127
-0.282392
-0.216158
-0.233729
-0.274217
-0.34648
-0.47775
-0.604817
-0.606371
-0.44559
-0.206521
0.00852506
0.138322
0.202221
0.226296
0.202881
0.114451
-0.0319897
-0.153423
-0.16823
-0.0936782
-0.0138534
0.0108613
-0.00675907
-0.0392964
-0.0777288
-0.137928
-0.221992
-0.305288
-0.371531
-0.423389
-0.468011
-0.507653
-0.54566
-0.570017
-0.526374
-0.400237
-0.257121
-0.154682
-0.131725
-0.145631
-0.119102
-0.0442927
0.0515093
0.13939
0.212929
0.292589
0.394758
0.473756
0.473208
0.36148
0.146659
-0.0909966
-0.313513
-0.470505
-0.549702
-0.595548
-0.642892
-0.679394
-0.670584
-0.575555
-0.371034
-0.134542
0.0252309
0.0707006
0.032855
-0.0184394
-0.0623591
-0.130652
-0.245523
-0.377167
-0.476236
-0.535234
-0.570022
-0.54981
-0.432261
-0.264651
-0.157814
-0.136776
-0.121138
-0.042411
0.131559
0.322752
0.389283
0.274264
0.0303821
-0.242673
-0.428979
-0.509813
-0.551946
-0.596684
-0.607985
-0.563893
-0.44064
-0.238273
0.00036549
0.240103
0.421592
0.545485
0.627819
0.665787
0.65788
0.585978
0.452667
0.289241
0.152859
0.0695499
0.0197271
-0.00805022
-0.00232039
0.0441039
0.0847322
0.0664102
-0.0123904
-0.157374
-0.357139
-0.560784
-0.719609
-0.811428
-0.820157
-0.767312
-0.705827
-0.621014
-0.479728
-0.278511
-0.0240702
0.236305
0.462066
0.603686
0.635751
0.571595
0.422693
0.269359
0.146944
-0.0197467
-0.225475
-0.455175
-0.665052
-0.804937
-0.865246
-0.8523
-0.809112
-0.744747
-0.637229
-0.462483
-0.289401
-0.208777
-0.22568
-0.27479
-0.304759
-0.31795
-0.323037
-0.317016
-0.288989
-0.258633
-0.244257
-0.262475
-0.308406
-0.361556
-0.386435
-0.377576
-0.341231
-0.295691
-0.2408
-0.199775
-0.231636
-0.321051
-0.426028
-0.517327
-0.590515
-0.658885
-0.713598
-0.709435
-0.62624
-0.515481
-0.444791
-0.447466
-0.52017
-0.61973
-0.669601
-0.629479
-0.552738
-0.537546
-0.643953
-0.858247
-1.02883
-1.05019
-0.996677
-0.994307
-1.05158
-1.09192
-1.08989
-1.0745
-1.0627
-1.05476
-1.06655
-1.10346
-1.07523
-0.919707
-0.736313
-0.66442
-0.730048
-0.854159
-0.919661
-0.876019
-0.815949
-0.83399
-0.920987
-1.00137
-0.992728
-0.947909
-0.974134
-1.06515
-1.098
-1.01061
-0.900339
-0.850226
-0.852595
-0.865266
-0.849936
-0.807239
-0.749201
-0.705863
-0.691532
-0.694854
-0.698489
-0.691837
-0.696219
-0.739519
-0.80934
-0.868598
-0.864833
-0.811839
-0.766936
-0.764849
-0.803196
-0.815624
-0.729554
-0.514029
-0.225789
0.0750628
0.429866
0.876793
1.31999
1.66406
1.91263
2.11783
2.35506
2.65127
2.93193
3.09557
3.18854
3.30308
3.46217
3.62172
3.69833
3.72556
3.79047
3.90541
4.03666
4.14184
4.20645
4.2554
4.30327
4.34453
4.36258
4.36975
4.37853
4.38283
4.3687
4.32991
4.30126
4.29712
4.30676
4.31851
4.33618
4.38775
4.47075
4.56056
4.59705
4.53547
4.41533
4.32292
4.2806
4.25496
4.1888
4.07203
3.9435
3.86066
3.81966
3.77564
3.62231
3.345
2.97354
2.64695
2.47323
2.441
2.41683
2.30162
2.09328
1.86083
1.64731
1.4359
1.25436
1.13017
1.05165
0.981236
0.892487
0.767253
0.646049
0.562671
0.510966
0.464885
0.40871
0.337301
0.248898
0.152639
0.0625
-0.0102776
-0.0468144
-0.0577004
-0.0627885
-0.0712504
-0.0793901
-0.0821014
-0.0957847
-0.13259
-0.173287
-0.211418
-0.258837
-0.311564
-0.344298
-0.336921
-0.319045
-0.321511
-0.369453
-0.434814
-0.476726
-0.479018
-0.458459
-0.421025
-0.386382
-0.370334
-0.384979
-0.427762
-0.490528
-0.55606
-0.610349
-0.625321
-0.568048
-0.468407
-0.376505
-0.336709
-0.34215
-0.353711
-0.350686
-0.329457
-0.30748
-0.296164
-0.271236
-0.199279
-0.0993463
-0.000334465
0.0541307
0.0313479
-0.0126951
0.0149687
0.125523
0.230185
0.280946
0.259171
0.133617
-0.0163483
-0.044367
0.105785
0.357287
0.528643
0.543781
0.48101
0.419447
0.413836
0.486016
0.577623
0.618792
0.602745
0.600317
0.654069
0.748262
0.839395
0.896588
0.900008
0.836405
0.736502
0.686678
0.76424
0.952385
1.11774
1.13561
1.06166
1.03297
1.08112
1.1444
1.17237
1.16173
1.17171
1.23791
1.32172
1.38015
1.37227
1.33176
1.33047
1.39766
1.47924
1.52744
1.54509
1.54303
1.53062
1.53571
1.58855
1.66097
1.68213
1.64268
1.60845
1.68111
1.84946
1.95231
1.91272
1.8339
1.83769
1.96098
2.12076
2.19107
2.144
2.05586
1.99147
1.96945
1.98881
2.01165
2.0173
2.00439
1.98898
1.98341
1.99133
2.00942
2.05012
2.09433
2.11145
2.11356
2.12018
2.12328
2.11469
2.09294
2.05723
2.00399
1.91246
1.78038
1.64207
1.5098
1.37611
1.23978
1.11215
0.99146
0.869123
0.73425
0.574862
0.394601
0.220934
0.0405113
-0.161885
-0.361569
-0.563929
-0.744498
-0.906041
-1.08139
-1.236
-1.33705
-1.42621
-1.5515
-1.72162
-1.91261
-2.0752
-2.18059
-2.2804
-2.44092
-2.66152
-2.87763
-3.04517
-3.16748
-3.27802
-3.41557
-3.57791
-3.73693
-3.86569
-3.95332
-4.03044
-4.11861
-4.18503
-4.20507
-4.19414
-4.18892
-4.19396
-4.18594
-4.16239
-4.13631
-4.10338
-4.05519
-4.00177
-3.93104
-3.81523
-3.64498
-3.46462
-3.33514
-3.19957
-2.91775
-2.68754
-2.60927
-2.56744
-2.47369
-2.35498
-2.2711
-2.21927
-2.16757
-2.09923
-2.01986
-1.93802
-1.85625
-1.82087
-1.86042
-1.90652
-1.85656
-1.68384
-1.49861
-1.40053
-1.39064
-1.41231
-1.42967
-1.41209
-1.29049
-1.07281
-0.88623
-0.860918
-0.927717
-0.940093
-0.847133
-0.750695
-0.715707
-0.710696
-0.690879
-0.649993
-0.60584
-0.570004
-0.539907
-0.50884
-0.472084
-0.426166
-0.373644
-0.306801
-0.280565
-0.292805
-0.283037
-0.22591
-0.151578
-0.115561
-0.128161
-0.15219
-0.13383
-0.0818291
-0.0311885
-0.00768559
-0.00405504
-0.00816703
-0.00426343
0.0107096
0.0137321
-0.0135294
-0.0776577
-0.148512
-0.195421
-0.209274
-0.216915
-0.251153
-0.335886
-0.438133
-0.485536
-0.480461
-0.474655
-0.487503
-0.504727
-0.50323
-0.482914
-0.445098
-0.401435
-0.363323
-0.32561
-0.281836
-0.247891
-0.231229
-0.227537
-0.216929
-0.182887
-0.134847
-0.0861843
-0.0559526
-0.0606658
-0.0789727
-0.0866813
-0.0773755
-0.0633041
-0.059517
-0.0756525
-0.10872
-0.141189
-0.161275
-0.170516
-0.190961
-0.227734
-0.262707
-0.281847
-0.314426
-0.382859
-0.469327
-0.497597
-0.473493
-0.45503
-0.459761
-0.46748
-0.453823
-0.443586
-0.478614
-0.524523
-0.558493
-0.583425
-0.608998
-0.638298
-0.667158
-0.690204
-0.703293
-0.707746
-0.706578
-0.695195
-0.671327
-0.651425
-0.646974
-0.659876
-0.675656
-0.684023
-0.688466
-0.695603
-0.707026
-0.722333
-0.738462
-0.752954
-0.766378
-0.780244
-0.794958
-0.809942
-0.824689
-0.839193
-0.853882
-0.870015
-0.891921
-0.92255
-0.946152
-0.956988
-0.966663
-0.977746
-0.985014
-0.990315
-0.996895
-1.00536
-1.01836
-1.03668
-1.05255
-1.0598
-1.05813
-1.05781
-1.06351
-1.07067
-1.07323
-1.06894
-1.05918
-1.04766
-1.03821
-1.02751
-1.01076
-0.995935
-0.985526
-0.962554
-0.931865
-0.91249
-0.90882
-0.912291
-0.904898
-0.887532
-0.873018
-0.869529
-0.876792
-0.897257
-0.920637
-0.933195
-0.929791
-0.919016
-0.914397
-0.920444
-0.933781
-0.93905
-0.93164
-0.916163
-0.899515
-0.884051
-0.871258
-0.861004
-0.850496
-0.836068
-0.813764
-0.793265
-0.784701
-0.795996
-0.820617
-0.842048
-0.852652
-0.856573
-0.861759
-0.869856
-0.877321
-0.880855
-0.88044
-0.879008
-0.87773
-0.876229
-0.880142
-0.891677
-0.912292
-0.933636
-0.946475
-0.956386
-0.971025
-0.990866
-1.00705
-1.01394
-1.01474
-1.01324
-1.00616
-0.994587
-0.983925
-0.98465
-0.988905
-0.978269
-0.960136
-0.949731
-0.94693
-0.942036
-0.926747
-0.904159
-0.881209
-0.863489
-0.849921
-0.836702
-0.820724
-0.803114
-0.798488
-0.807523
-0.809559
-0.801452
-0.795675
-0.797717
-0.804532
-0.817991
-0.833629
-0.844754
-0.855353
-0.873568
-0.905775
-0.94625
-0.985329
-1.00972
-1.01242
-0.991697
-0.964156
-0.941968
-0.927467
-0.913528
-0.894381
-0.861718
-0.814077
-0.764716
-0.72004
-0.675645
-0.618917
-0.541053
-0.460764
-0.392439
-0.328158
-0.257861
-0.186666
-0.137953
-0.116772
-0.110082
-0.100656
-0.0864949
-0.0869116
-0.103542
-0.12415
-0.149775
-0.187425
-0.26058
-0.383758
-0.537866
-0.661681
-0.717298
-0.717003
-0.688252
-0.652788
-0.60618
-0.544781
-0.476806
-0.431718
-0.414567
-0.417114
-0.430344
-0.445323
-0.455743
-0.459068
-0.447233
-0.415524
-0.361881
-0.286528
-0.186535
-0.0472218
0.128629
0.30656
0.472727
0.63413
0.744108
0.786542
0.785332
0.765728
0.726873
0.672739
0.618253
0.580965
0.560609
0.550782
0.549107
0.554312
0.565327
0.581822
0.604096
0.63441
0.674275
0.72113
0.774667
0.843261
0.918218
0.986139
1.0361
1.0684
1.09729
1.12408
1.12622
1.10506
1.07779
1.04904
1.01554
0.978459
0.950329
0.940893
0.954964
0.987158
1.04335
1.12799
1.23559
1.34562
1.44901
1.53987
1.62013
1.67877
1.71484
1.73656
1.75967
1.79875
1.84823
1.89655
1.93577
1.96835
1.99557
2.0205
2.04412
2.05589
2.05069
2.04647
2.05057
2.05182
2.04785
2.04222
2.0236
2.00151
1.99594
2.00096
2.00386
2.00472
2.00483
2.00213
2.00112
2.0005
1.97665
1.90047
1.73148
1.50222
1.2775
1.11124
0.993796
0.906097
0.822754
0.759586
0.726865
0.711544
0.696131
0.676705
0.648586
0.617323
0.590962
0.566814
0.538555
0.503297
0.461795
0.416648
0.373718
0.335212
0.298807
0.253638
0.20298
0.162495
0.135557
0.116422
0.103148
0.0964461
0.100475
0.119578
0.158858
0.228716
0.326676
0.450288
0.568637
0.664454
0.732325
0.750384
0.734195
0.682171
0.594832
0.485268
0.372016
0.274759
0.196246
0.130044
0.0775851
0.0430239
0.0196486
0.000164032
-0.0156226
-0.0234668
-0.0216018
-0.0105386
0.0016621
0.00918979
0.0168239
0.0278788
0.0355731
0.0342088
0.0229995
0.00728091
-0.00975632
-0.0301031
-0.0594405
-0.0990266
-0.140698
-0.177208
-0.206746
-0.229768
-0.248503
-0.26481
-0.271353
-0.261898
-0.233731
-0.193554
-0.154685
-0.120089
-0.0847669
-0.0474738
-0.0112691
0.0187693
0.0425021
0.0614214
0.0740834
0.0774932
0.0780443
0.081217
0.088362
0.0995148
0.115451
0.12919
0.137163
0.147859
0.164147
0.178619
0.19267
0.211293
0.229763
0.244631
0.260718
0.281213
0.29964
0.314155
0.328889
0.34468
0.36025
0.380321
0.407296
0.444037
0.484441
0.520674
0.554112
0.588152
0.615373
0.632973
0.644854
0.652883
0.654623
0.645717
0.623776
0.590413
0.557358
0.534795
0.515466
0.49102
0.462775
0.446685
0.452795
0.477691
0.506021
0.528017
0.550121
0.581812
0.620361
0.657782
0.686183
0.705062
0.712662
0.711691
0.703317
0.692715
0.678867
0.652293
0.615257
0.576195
0.540711
0.511328
0.489656
0.472218
0.454092
0.431656
0.410974
0.39868
0.400224
0.410119
0.414853
0.413428
0.413139
0.419798
0.432652
0.453295
0.476977
0.49767
0.521069
0.551296
0.572736
0.585396
0.604291
0.630857
0.656981
0.679299
0.699074
0.712802
0.723894
0.738927
0.737945
0.700728
0.609607
0.466754
0.297578
0.151042
0.0554258
-0.0135193
-0.0763055
-0.124451
-0.154818
-0.164104
-0.159909
-0.152796
-0.150646
-0.152415
-0.154673
-0.158708
-0.167697
-0.180868
-0.195556
-0.210294
-0.219731
-0.219431
-0.205031
-0.181718
-0.155897
-0.124115
-0.0805129
-0.0245605
0.037949
0.098673
0.152251
0.178062
0.166414
0.138615
0.112623
0.0896157
0.0656445
0.0390707
0.00583248
-0.0275439
-0.0433129
-0.0424271
-0.0370844
-0.0374453
-0.0415738
-0.0431544
-0.0444674
-0.0508459
-0.0640275
-0.0814149
-0.0990217
-0.113623
-0.124009
-0.127027
-0.126898
-0.130587
-0.141787
-0.159498
-0.180427
-0.201212
-0.220934
-0.243268
-0.269085
-0.287643
-0.300356
-0.317595
-0.343516
-0.37368
-0.406156
-0.446079
-0.491825
-0.543143
-0.604262
-0.672456
-0.73882
-0.792946
-0.84364
-0.902399
-0.957967
-0.99278
-0.993715
-0.957122
-0.868015
-0.696861
-0.452957
-0.193191
0.0288601
0.140987
0.153766
0.115078
0.0422383
-0.0547691
-0.165674
-0.267738
-0.345293
-0.392579
-0.419194
-0.429559
-0.427029
-0.417429
-0.403181
-0.389777
-0.381032
-0.373595
-0.366417
-0.364456
-0.37378
-0.395978
-0.434749
-0.494147
-0.580407
-0.687708
-0.804267
-0.924356
-1.02368
-1.09647
-1.15275
-1.19987
-1.22518
-1.21858
-1.1838
-1.13
-1.05905
-0.966952
-0.862605
-0.757301
-0.66434
-0.585819
-0.508442
-0.430414
-0.377064
-0.34733
-0.324087
-0.299106
-0.276914
-0.258872
-0.243141
-0.230731
-0.214437
-0.185177
-0.154949
-0.135271
-0.124075
-0.112449
-0.0963376
-0.0838929
-0.0814519
-0.0831894
-0.0871417
-0.101939
-0.129464
-0.1639
-0.195034
-0.222678
-0.253304
-0.28336
-0.303878
-0.30216
-0.283043
-0.250948
-0.198347
-0.119798
-0.0242123
0.0724886
0.161546
0.23825
0.297232
0.344224
0.384313
0.423051
0.459424
0.48863
0.505245
0.502957
0.476
0.424344
0.346801
0.244647
0.12444
0.0121696
-0.0747422
-0.126444
-0.158183
-0.178009
-0.176241
-0.151395
-0.117009
-0.0770253
-0.0243705
0.0282757
0.0713092
0.106666
0.140708
0.173904
0.201871
0.223283
0.236873
0.224236
0.194842
0.167208
0.142057
0.115002
0.0915054
0.0833852
0.0944511
0.118201
0.149783
0.189211
0.235351
0.286997
0.334585
0.375127
0.411945
0.44627
0.475146
0.498429
0.520783
0.538585
0.543115
0.534482
0.52051
0.508869
0.49599
0.473756
0.441796
0.405188
0.367378
0.329239
0.288398
0.230695
0.154095
0.0716349
-0.0177264
-0.11804
-0.22534
-0.325202
-0.399175
-0.441523
-0.458731
-0.46689
-0.470855
-0.468932
-0.456231
-0.431799
-0.403332
-0.37373
-0.343196
-0.309814
-0.26836
-0.221975
-0.171559
-0.115887
-0.0453229
0.0390388
0.122768
0.199732
0.260508
0.300917
0.328651
0.347767
0.354409
0.345818
0.318348
0.274218
0.218462
0.153608
0.0918515
0.0429199
0.0102351
-0.0124629
-0.024701
-0.0247164
-0.0147251
-0.00603255
-0.00219562
0.00156227
0.00767249
0.013949
0.0155195
0.0130239
0.0125129
0.0102214
-0.0017156
-0.0153889
-0.0228521
-0.0251755
-0.0289912
-0.0378987
-0.0497795
-0.06301
-0.0800703
-0.100657
-0.123751
-0.150756
-0.182607
-0.218922
-0.255403
-0.28933
-0.322847
-0.355744
-0.382089
-0.3942
-0.390987
-0.378014
-0.35758
-0.327091
-0.281496
-0.212365
-0.112829
0.00542424
0.118221
0.221586
0.31232
0.380168
0.42547
0.452155
0.469131
0.480119
0.479714
0.465464
0.437927
0.393483
0.329466
0.243478
0.14882
0.0594413
-0.0129947
-0.0636652
-0.0902997
-0.104833
-0.113637
-0.118001
-0.123171
-0.140256
-0.170016
-0.205885
-0.238392
-0.265147
-0.286101
-0.293693
-0.28074
-0.242249
-0.191753
-0.132019
-0.0679953
-0.021913
0.000599293
0.00302982
-0.0129357
-0.0503906
-0.102281
-0.154979
-0.199128
-0.230797
-0.248296
-0.247981
-0.232788
-0.205543
-0.174645
-0.14549
-0.11864
-0.0908688
-0.0615115
-0.0389637
-0.023174
0.00364136
0.0458998
0.0956806
0.146482
0.19607
0.227426
0.243936
0.258624
0.268874
0.266676
0.254367
0.244591
0.255381
0.276665
0.291918
0.302802
0.316866
0.333267
0.347417
0.356771
0.361441
0.36211
0.360345
0.361663
0.370892
0.3814
0.387797
0.394176
0.402983
0.411263
0.413501
0.407051
0.387101
0.352862
0.306935
0.256021
0.206344
0.171035
0.146998
0.123865
0.100516
0.0839218
0.0947151
0.12582
0.156741
0.183031
0.21218
0.245
0.270948
0.271857
0.2574
0.231068
0.199704
0.171818
0.148557
0.125977
0.102707
0.0875278
0.0903527
0.10047
0.107256
0.114319
0.120893
0.119263
0.107959
0.0911691
0.0673599
0.0385002
0.00930542
-0.0164519
-0.0382206
-0.0559915
-0.0744322
-0.0974592
-0.122721
-0.145927
-0.164706
-0.184816
-0.210189
-0.233159
-0.252152
-0.273264
-0.291498
-0.300294
-0.304638
-0.309953
-0.315833
-0.312683
-0.295086
-0.266564
-0.229116
-0.178672
-0.126848
-0.0855029
-0.0566007
-0.0347634
-0.0218783
-0.0184882
-0.0216396
-0.0173706
0.000307482
0.0377832
0.0928734
0.161104
0.229663
0.29165
0.340661
0.375756
0.388643
0.378947
0.343312
0.275471
0.189697
0.115143
0.0613582
0.0271859
0.0131505
0.0132942
0.0197442
0.028527
0.0389068
0.0435439
0.0355138
0.00978806
-0.0307912
-0.0834211
-0.14449
-0.208255
-0.266281
-0.316588
-0.362863
-0.412213
-0.462429
-0.506744
-0.549959
-0.597114
-0.639671
-0.671691
-0.693138
-0.702423
-0.699279
-0.684416
-0.669503
-0.663944
-0.660884
-0.652904
-0.641199
-0.629881
-0.620133
-0.610159
-0.596615
-0.56815
-0.527567
-0.48487
-0.444025
-0.403671
-0.365858
-0.325067
-0.268791
-0.20467
-0.147655
-0.110464
-0.0878769
-0.0751798
-0.0754372
-0.0986269
-0.140963
-0.188272
-0.22589
-0.250489
-0.265967
-0.273398
-0.27295
-0.258943
-0.235211
-0.208448
-0.178151
-0.142031
-0.0975706
-0.0572808
-0.0309762
-0.0118635
0.00704462
0.0244845
0.0406534
0.057317
0.0703907
0.0792349
0.0894226
0.101714
0.113328
0.127323
0.147793
0.177011
0.213381
0.25632
0.298416
0.335519
0.366003
0.386334
0.391724
0.387327
0.376481
0.355256
0.333084
0.324074
0.323549
0.322954
0.322073
0.322057
0.321504
0.314294
0.295019
0.256947
0.20729
0.156544
0.109765
0.0671761
0.0312924
0.00595542
-0.00594236
0.00221723
0.0254906
0.0609505
0.101116
0.141209
0.187425
0.236514
0.269599
0.289797
0.308874
0.323212
0.328022
0.323851
0.313435
0.297617
0.279607
0.261417
0.242702
0.221436
0.196359
0.171757
0.154492
0.148637
0.15399
0.167774
0.188579
0.209941
0.226039
0.233401
0.235112
0.235642
0.239813
0.250759
0.265454
0.278818
0.283975
0.282749
0.278934
0.263892
0.230822
0.178674
0.111654
0.0358799
-0.0330304
-0.0859181
-0.120147
-0.132922
-0.12976
-0.114598
-0.0901137
-0.057002
-0.00964876
0.0565701
0.138473
0.218455
0.281056
0.321905
0.343371
0.346803
0.333397
0.306475
0.26622
0.215463
0.176569
0.159195
0.168122
0.201827
0.255079
0.316312
0.374152
0.420826
0.457372
0.482767
0.493994
0.492886
0.47674
0.444355
0.396237
0.343268
0.292437
0.241418
0.198367
0.172897
0.16845
0.178432
0.197339
0.216626
0.2345
0.256674
0.284765
0.316417
0.347868
0.37693
0.400424
0.418684
0.430465
0.429614
0.41316
0.382618
0.334994
0.261008
0.184047
0.127751
0.0940096
0.0718168
0.0614549
0.071486
0.102423
0.146878
0.196513
0.249143
0.290828
0.317374
0.330652
0.339197
0.348744
0.353151
0.346029
0.331294
0.312739
0.287858
0.250428
0.199584
0.138356
0.0782898
0.0259633
-0.0230421
-0.0640317
-0.0853387
-0.0917326
-0.0902448
-0.0822271
-0.0707907
-0.0600977
-0.0521442
-0.0478305
-0.051995
-0.0616462
-0.0706189
-0.0782802
-0.0868539
-0.0965692
-0.103019
-0.100705
-0.0871791
-0.0661853
-0.0435726
-0.0172445
0.0190463
0.0579403
0.0918083
0.117417
0.133675
0.138887
0.138564
0.135595
0.127335
0.112256
0.091242
0.0689013
0.0470189
0.0233066
-0.00260959
-0.0286795
-0.0488984
-0.0563087
-0.0413808
-0.00472671
0.0463309
0.100712
0.150897
0.192771
0.228427
0.257395
0.274962
0.281878
0.279722
0.268918
0.247858
0.216892
0.179064
0.137904
0.101963
0.0770313
0.0659015
0.0623643
0.0633662
0.0695964
0.0801697
0.0845678
0.0848112
0.0903221
0.0945223
0.0903023
0.0913288
0.105813
0.130788
0.164549
0.207383
0.247109
0.277348
0.296812
0.307042
0.309129
0.302798
0.290553
0.272436
0.245058
0.206087
0.15325
0.0925225
0.030819
-0.0284354
-0.08389
-0.130944
-0.15727
-0.156509
-0.133339
-0.104356
-0.0800872
-0.0629962
-0.0528357
-0.0548707
-0.0653006
-0.0789915
-0.0922087
-0.102909
-0.105006
-0.0973229
-0.0766677
-0.0460727
-0.0120119
0.0142469
0.0319247
0.043237
0.0444228
0.0340019
0.026744
0.0275702
0.0305932
0.0311461
0.0295151
0.024993
0.0169983
0.00536975
-0.00562055
-0.0138785
-0.0227535
-0.035497
-0.0522305
-0.067755
-0.0800209
-0.0922345
-0.105903
-0.118844
-0.124634
-0.121624
-0.112682
-0.103022
-0.0947631
-0.0902537
-0.0883353
-0.0848894
-0.0803338
-0.078649
-0.0855078
-0.0996179
-0.114272
-0.124573
-0.131135
-0.138175
-0.146891
-0.155031
-0.160223
-0.162529
-0.164582
-0.169737
-0.181736
-0.195924
-0.206799
-0.213854
-0.218626
-0.221057
-0.219507
-0.211199
-0.189656
-0.156379
-0.116352
-0.0751778
-0.0349901
-0.00313711
0.0181668
0.0253789
0.024621
0.0226164
0.018777
0.0100031
-0.00692986
-0.0278901
-0.0464156
-0.0544866
-0.0506125
-0.0364694
-0.0156281
0.0115601
0.0435998
0.0779609
0.113235
0.149249
0.184921
0.212889
0.235299
0.259372
0.28109
0.294965
0.308269
0.324711
0.340178
0.3533
0.36681
0.387149
0.415653
0.449055
0.482122
0.512916
0.541998
0.568354
0.587007
0.592281
0.584121
0.569661
0.552807
0.532898
0.504017
0.464509
0.424852
0.395307
0.378154
0.359523
0.334497
0.313494
0.297418
0.279435
0.261374
0.247026
0.236039
0.224724
0.210693
0.192623
0.170112
0.139578
0.103778
0.0682093
0.0392054
0.0169845
-0.000236
-0.0113779
-0.0156065
-0.0134981
-0.00988803
-0.00860153
-0.0124256
-0.0208276
-0.0320645
-0.0450248
-0.0594356
-0.0734127
-0.0868087
-0.100565
-0.109259
-0.10854
-0.101081
-0.0924144
-0.084679
-0.0761608
-0.0661465
-0.0610681
-0.0633673
-0.0716139
-0.0858311
-0.10447
-0.12439
-0.142855
-0.157888
-0.165705
-0.167021
-0.166469
-0.165663
-0.164212
-0.168797
-0.176496
-0.172027
-0.160699
-0.154981
-0.153328
-0.149102
-0.139376
-0.130024
-0.12591
-0.123779
-0.119193
-0.110522
-0.0999916
-0.0904609
-0.0859295
-0.0854299
-0.0871102
-0.0909199
-0.0980275
-0.11046
-0.126427
-0.143306
-0.162048
-0.181176
-0.194308
-0.203628
-0.214501
-0.227712
-0.238512
-0.242792
-0.244761
-0.248721
-0.254392
-0.259759
-0.264706
-0.270453
-0.278055
-0.285412
-0.291248
-0.299968
-0.312618
-0.327214
-0.338737
-0.345058
-0.349554
-0.354244
-0.357098
-0.352556
-0.341573
-0.331892
-0.326919
-0.32516
-0.324711
-0.325267
-0.327535
-0.331256
-0.336215
-0.343649
-0.350627
-0.349284
-0.343789
-0.340989
-0.337528
-0.334301
-0.340374
-0.349628
-0.352469
-0.350542
-0.350856
-0.3563
-0.360914
-0.360819
-0.356825
-0.350494
-0.342079
-0.336915
-0.336302
-0.33596
-0.337275
-0.343035
-0.347041
-0.348861
-0.35775
-0.372299
-0.384606
-0.387854
-0.386701
-0.388727
-0.394103
-0.398946
-0.400583
-0.397468
-0.3888
-0.380041
-0.374903
-0.37279
-0.373226
-0.377463
-0.379398
-0.37637
-0.37249
-0.373362
-0.379215
-0.382661
-0.380774
-0.375057
-0.36955
-0.365645
-0.359926
-0.351045
-0.340576
-0.331385
-0.324338
-0.318278
-0.313208
-0.309927
-0.303382
-0.290595
-0.272748
-0.253607
-0.233706
-0.207794
-0.178788
-0.159924
-0.146006
-0.125021
-0.103397
-0.087273
-0.0705944
-0.0514954
-0.0340423
-0.0221475
-0.0140406
-0.00466903
0.00658077
0.017011
0.0246328
0.0288388
0.0283028
0.0227379
0.0123906
-0.00662247
-0.0335644
-0.061457
-0.0890391
-0.118503
-0.146144
-0.168349
-0.183325
-0.187394
-0.183925
-0.184165
-0.187656
-0.186221
-0.177922
-0.168057
-0.162958
-0.163765
-0.169122
-0.170005
-0.159831
-0.145583
-0.134618
-0.127273
-0.122571
-0.121802
-0.123008
-0.124498
-0.127035
-0.13676
-0.159699
-0.186361
-0.209886
-0.234353
-0.259015
-0.279025
-0.28973
-0.293689
-0.294959
-0.295246
-0.293858
-0.287984
-0.278286
-0.267403
-0.257333
-0.248179
-0.240301
-0.236374
-0.239138
-0.24189
-0.240162
-0.239496
-0.239568
-0.234146
-0.223149
-0.209633
-0.196581
-0.185548
-0.176954
-0.170449
-0.165113
-0.155532
-0.140236
-0.121212
-0.100438
-0.0781212
-0.0571646
-0.0418386
-0.034982
-0.0336288
-0.0354751
-0.0411713
-0.0498825
-0.0569666
-0.0631817
-0.0712494
-0.0791886
-0.0882663
-0.104787
-0.12299
-0.135356
-0.144613
-0.15396
-0.161251
-0.15951
-0.148936
-0.134556
-0.115993
-0.0888262
-0.0577964
-0.02896
-0.00664922
0.0081238
0.0156009
0.0270713
0.0477725
0.0666246
0.0793394
0.0913143
0.101478
0.106258
0.108764
0.107563
0.0970584
0.0800749
0.0598387
0.0326242
0.00545976
-0.00964813
-0.013636
-0.0143226
-0.0127432
-0.00855337
-0.00308334
0.000816312
0.00276635
0.00415176
0.00306201
-0.00424075
-0.0169169
-0.0293883
-0.0345825
-0.0357373
-0.0375455
-0.040601
-0.0427526
-0.034976
-0.0172961
0.000249359
0.0163055
0.0356706
0.058918
0.0835217
0.108027
0.128132
0.142077
0.156801
0.174227
0.18817
0.196702
0.202564
0.207118
0.209381
0.207993
0.20751
0.211802
0.219254
0.224829
0.222991
0.222122
0.229964
0.238895
0.240789
0.232726
0.225982
0.229272
0.238015
0.244923
0.24886
0.25517
0.266912
0.279756
0.291651
0.305751
0.321308
0.334578
0.340013
0.342014
0.349238
0.360518
0.36835
0.360264
0.344143
0.337009
0.333572
0.319587
0.286338
0.242915
0.200503
0.159426
0.118422
0.0831303
0.0518243
0.0206817
-0.00559951
-0.0233345
-0.0339346
-0.0422367
-0.050305
-0.0540469
-0.0510895
-0.0436953
-0.0438521
-0.0556792
-0.0589206
-0.049954
-0.0424719
-0.0416097
-0.0421083
-0.0378621
-0.0323322
-0.0345073
-0.0375933
-0.0328734
-0.027244
-0.0274728
-0.0339789
-0.0356027
-0.0245804
-0.0031799
0.0205774
0.0436789
0.0608692
0.0697398
0.0765368
0.0803058
0.069282
0.0496969
0.032918
0.0170768
-0.000476499
-0.0161509
-0.0285915
-0.0393614
-0.0501204
-0.0634986
-0.0817442
-0.102786
-0.12478
-0.147927
-0.170635
-0.189706
-0.20087
-0.205415
-0.206135
-0.204727
-0.200969
-0.19458
-0.186179
-0.175865
-0.16286
-0.147333
-0.139252
-0.14131
-0.148344
-0.156382
-0.1655
-0.171087
-0.172955
-0.179456
-0.183225
-0.169365
-0.14515
-0.122808
-0.103556
-0.0863383
-0.0735327
-0.0664181
-0.0640124
-0.0701787
-0.0797658
-0.0841978
-0.0866958
-0.0919251
-0.0962837
-0.0961881
-0.0923591
-0.0936041
-0.099243
-0.0878577
-0.064084
-0.0479564
-0.035381
-0.0158957
0.0112545
0.0359294
0.0495413
0.0582892
0.0699464
0.0876394
0.108309
0.128627
0.146073
0.161486
0.180469
0.20457
0.232599
0.256771
0.272411
0.282041
0.290594
0.3016
0.309978
0.310816
0.305711
0.300323
0.300704
0.301634
0.297103
0.292279
0.291647
0.293078
0.291447
0.285467
0.280338
0.277584
0.272734
0.262948
0.249985
0.241155
0.23585
0.224887
0.208938
0.193213
0.172516
0.144243
0.113707
0.0809514
0.0439872
0.0102952
-0.0160313
-0.036695
-0.0561284
-0.0741769
-0.0834148
-0.0816261
-0.0715998
-0.0618332
-0.0548756
-0.0440603
-0.0274061
-0.00811206
0.00646716
0.0131749
0.015808
0.0171721
0.0137482
0.0070591
0.000347519
-0.00905833
-0.0234363
-0.0443589
-0.0668973
-0.0869491
-0.107417
-0.125725
-0.135384
-0.140906
-0.14802
-0.157745
-0.167645
-0.176091
-0.183223
-0.189089
-0.18964
-0.179557
-0.155158
-0.118424
-0.0723189
-0.0269256
0.0125126
0.0449592
0.071769
0.0902109
0.0935921
0.0843816
0.0732725
0.0618603
0.0442138
0.0245503
0.00810797
-0.00562112
-0.0201472
-0.0373629
-0.052665
-0.0601277
-0.0583409
-0.0511541
-0.0397898
-0.0247877
-0.00587348
0.0215357
0.0556148
0.0847624
0.104074
0.116072
0.127315
0.138737
0.1419
0.135896
0.132023
0.133741
0.136464
0.139246
0.142842
0.145112
0.146997
0.15121
0.155062
0.155349
0.15237
0.147292
0.139778
0.128179
0.110442
0.0828548
0.0504207
0.0207157
-0.00358842
-0.0267491
-0.0581659
-0.0924013
-0.116997
-0.129595
-0.136085
-0.13533
-0.125361
-0.105766
-0.0805523
-0.0541557
-0.0302282
-0.0112418
0.000894696
0.00575054
0.00391345
0.00215622
-0.00024243
-0.0126121
-0.0289136
-0.0378691
-0.0337878
-0.0242616
-0.0139826
-0.00412081
0.000952409
0.00426818
0.0106715
0.0179084
0.0204822
0.0139606
0.0058526
0.00454209
0.00696717
0.00809423
0.0105075
0.0187693
0.0346858
0.0528682
0.069833
0.0892183
0.107935
0.118578
0.123092
0.125188
0.122782
0.115596
0.104265
0.0923406
0.0813273
0.0651707
0.0457606
0.0322656
0.0286806
0.030382
0.0220849
0.00401485
-0.0138337
-0.0286204
-0.0438593
-0.0605909
-0.0776756
-0.0942086
-0.112108
-0.13219
-0.149509
-0.160298
-0.163833
-0.157264
-0.138847
-0.116195
-0.092591
-0.0619615
-0.0315222
-0.010868
-0.000250706
0.00519623
0.00888781
0.0138897
0.0206502
0.024898
0.0252452
0.0244521
0.0238184
0.022448
0.0233432
0.0281351
0.035392
0.0438875
0.0544339
0.0670741
0.0818768
0.0943079
0.102243
0.112146
0.121906
0.123488
0.121344
0.12144
0.120494
0.11913
0.122138
0.122884
0.115498
0.10615
0.0998694
0.0951867
0.0892211
0.0818105
0.0760713
0.0733998
0.0740359
0.0743872
0.0723584
0.0721022
0.0755387
0.0813855
0.0818784
0.0736746
0.0667504
0.0657559
0.0672671
0.0673689
0.0650778
0.0580479
0.0506356
0.0508885
0.0524666
0.0476715
0.0436429
0.0483463
0.0665635
0.0875784
0.101858
0.11401
0.126715
0.131907
0.126395
0.110529
0.0883682
0.0635653
0.0339962
0.000782807
-0.0273928
-0.0504645
-0.0729604
-0.0953522
-0.114464
-0.126398
-0.130218
-0.128494
-0.129215
-0.132717
-0.131647
-0.126084
-0.12136
-0.122432
-0.128771
-0.137212
-0.145071
-0.152366
-0.160378
-0.169098
-0.176791
-0.180659
-0.180208
-0.179293
-0.179564
-0.179345
-0.176421
-0.170123
-0.164814
-0.162225
-0.159404
-0.154342
-0.148291
-0.149656
-0.158467
-0.162154
-0.159956
-0.160391
-0.164338
-0.168047
-0.16992
-0.172805
-0.179796
-0.187112
-0.192686
-0.202793
-0.213311
-0.213501
-0.201339
-0.184079
-0.169219
-0.157141
-0.144736
-0.128698
-0.109157
-0.090183
-0.0736105
-0.0588242
-0.0476336
-0.041199
-0.0350764
-0.0274067
-0.020682
-0.014137
-0.00480973
0.00527921
0.0149487
0.0270601
0.0341986
0.0265179
0.0158599
0.0118154
0.00738188
-0.00071204
-0.00764972
-0.0115961
-0.0148309
-0.0212803
-0.0281363
-0.0306721
-0.0352712
-0.0470169
-0.0679226
-0.0914796
-0.11038
-0.122916
-0.132291
-0.138603
-0.140368
-0.136347
-0.128946
-0.121221
-0.115656
-0.112733
-0.112563
-0.11564
-0.120505
-0.122481
-0.121271
-0.119412
-0.117223
-0.113305
-0.107602
-0.100445
-0.0906122
-0.0773881
-0.062037
-0.0498479
-0.0412917
-0.0339411
-0.0281293
-0.0254987
-0.0267427
-0.0322165
-0.0431627
-0.0592029
-0.0787279
-0.0991558
-0.119362
-0.138496
-0.151408
-0.155607
-0.15739
-0.158222
-0.151592
-0.142388
-0.138078
-0.136198
-0.131537
-0.122043
-0.111434
-0.10449
-0.10686
-0.12267
-0.144182
-0.166041
-0.190991
-0.216089
-0.234378
-0.248132
-0.261625
-0.275467
-0.28428
-0.282717
-0.275145
-0.266358
-0.257446
-0.24629
-0.229557
-0.213365
-0.203263
-0.193
-0.179964
-0.170971
-0.166642
-0.162469
-0.152768
-0.138159
-0.122942
-0.108794
-0.0941751
-0.0750528
-0.0500002
-0.0231481
0.00267112
0.0283505
0.0504315
0.066313
0.0817683
0.0978884
0.107626
0.11129
0.113068
0.114067
0.113992
0.114513
0.114026
0.109615
0.106149
0.10842
0.116441
0.126518
0.136362
0.145319
0.153314
0.15727
0.158145
0.158607
0.159851
0.161097
0.159498
0.155194
0.151496
0.147649
0.140488
0.13189
0.123621
0.113869
0.0990403
0.0765186
0.0519221
0.0299039
0.010077
-0.0103765
-0.0320092
-0.0490472
-0.0558058
-0.0520803
-0.0422924
-0.030535
-0.0174497
-0.0021424
0.0163627
0.0352293
0.0515921
0.0648628
0.0760906
0.0861214
0.0934869
0.0954198
0.0926616
0.0891151
0.0892316
0.0910386
0.0907346
0.088257
0.0865771
0.0918484
0.102602
0.113532
0.120716
0.123645
0.120314
0.114157
0.110199
0.112695
0.120546
0.12228
0.117572
0.115477
0.12024
0.130017
0.144805
0.160805
0.172801
0.181829
0.190839
0.197354
0.197149
0.18717
0.177447
0.175474
0.170872
0.158768
0.14812
0.142612
0.138736
0.13345
0.127832
0.124969
0.11823
0.099425
0.0817985
0.075019
0.0743532
0.0715379
0.0642026
0.0512092
0.0348382
0.0195508
0.00483842
-0.0118028
-0.0288418
-0.045771
-0.0648786
-0.0737673
-0.0634854
-0.0445821
-0.0259979
-0.0065192
0.0164028
0.0426865
0.0682941
0.0900141
0.101564
0.107376
0.115689
0.124995
0.131054
0.138538
0.148906
0.158616
0.165199
0.169431
0.174124
0.179579
0.176558
0.168791
0.163609
0.158344
0.152191
0.145941
0.13818
0.131266
0.128816
0.125502
0.117553
0.106535
0.0988224
0.0990068
0.101236
0.101374
0.106124
0.11405
0.117159
0.113658
0.105753
0.0936894
0.0788916
0.0631824
0.0486229
0.0346714
0.0173379
-0.00334643
-0.0241906
-0.0407919
-0.0527295
-0.0622302
-0.0705106
-0.0765049
-0.0824826
-0.0902091
-0.0991833
-0.109984
-0.123588
-0.130862
-0.127239
-0.115909
-0.100675
-0.0825407
-0.0637335
-0.0469311
-0.0360146
-0.0302302
-0.0290031
-0.035351
-0.0487345
-0.0641337
-0.077697
-0.0890135
-0.0987892
-0.105232
-0.103007
-0.0914608
-0.0733843
-0.0490781
-0.0199466
0.00870998
0.0344542
0.0563845
0.0687943
0.0741401
0.076806
0.0778779
0.0766144
0.0748152
0.0746378
0.0779748
0.0860933
0.0985988
0.112665
0.127055
0.1422
0.157815
0.173003
0.18764
0.200292
0.207276
0.210336
0.211855
0.208935
0.202141
0.198131
0.194263
0.18401
0.17499
0.172466
0.171349
0.162464
0.141284
0.121572
0.112295
0.102981
0.0865521
0.0686087
0.0570709
0.0521545
0.0426456
0.0279747
0.0214845
0.0250508
0.0307164
0.0299739
0.0248017
0.0212912
0.0185103
0.0132923
0.00964757
0.00990609
0.0125374
0.0125064
0.00845006
0.00632241
0.00875504
0.013523
0.0156713
0.0144141
0.0167176
0.0228412
0.0270774
0.0347194
0.0523484
0.0741803
0.0967376
0.121968
0.137358
0.139096
0.135414
0.13211
0.127407
0.117318
0.10042
0.076921
0.0548712
0.0394198
0.0246122
0.00821652
-0.002405
-0.000620602
0.0102359
0.00896394
-0.0014844
0.00091384
0.0119623
0.01617
0.0134968
0.0110698
0.0114314
0.0101933
0.00478076
0.0022984
0.00330565
0.00225773
-0.0013915
-0.00459647
-0.00407777
0.00218443
0.0148165
0.0251568
0.0294836
0.0398269
0.0560077
0.0674631
0.0741426
0.0806709
0.0846457
0.0866857
0.0912703
0.0947209
0.0924739
0.0885071
0.08767
0.0906844
0.0943026
0.0958005
0.0911725
0.0823201
0.0731167
0.06112
0.043094
0.02341
0.00869931
0.00191596
-0.00255844
-0.00732684
-0.00762124
-0.00330635
0.00241129
0.00530225
0.00456594
0.00156155
-0.00379943
-0.0139915
-0.0293528
-0.0476099
-0.0658895
-0.0790502
-0.0850245
-0.0875038
-0.0891798
-0.0890194
-0.0858063
-0.0799454
-0.0757369
-0.0711093
-0.0606616
-0.0485151
-0.0395668
-0.0318418
-0.0236163
-0.0171266
-0.0134656
-0.011709
-0.010431
-0.00601115
0.00747668
0.0201452
0.0232731
0.0276968
0.039779
0.055841
0.069631
0.0791295
0.0835216
0.0845709
0.0853777
0.082556
0.0729452
0.0622955
0.0504862
0.0282837
0.00667399
-0.0031928
-0.0169914
-0.0362656
-0.0468288
-0.0492909
-0.0511271
-0.0515712
-0.0499193
-0.04801
-0.0449612
-0.040274
-0.0363672
-0.0344336
-0.0338653
-0.033377
-0.0350872
-0.0448326
-0.0610846
-0.0795364
-0.0918449
-0.0962181
-0.0969419
-0.103473
-0.118261
-0.127719
-0.126091
-0.120423
-0.117214
-0.115872
-0.111467
-0.104259
-0.0988304
-0.0979962
-0.101433
-0.1089
-0.116883
-0.121093
-0.125097
-0.132502
-0.137385
-0.138135
-0.138402
-0.136356
-0.128526
-0.115865
-0.102032
-0.0884932
-0.0759675
-0.0655376
-0.0611505
-0.0607893
-0.0606073
-0.0636669
-0.0721833
-0.0755773
-0.0716841
-0.0664815
-0.0675443
-0.0763772
-0.0885218
-0.0980918
-0.102735
-0.104512
-0.105231
-0.105067
-0.104363
-0.103567
-0.0995765
-0.0904424
-0.0774107
-0.0609751
-0.038139
-0.0105076
0.0140722
0.0331572
0.0484094
0.0610128
0.069259
0.0690295
0.0628815
0.0549293
0.0524408
0.0563828
0.0621281
0.0668244
0.0720456
0.0803461
0.0917671
0.104643
0.119133
0.136768
0.153599
0.166714
0.174344
0.179421
0.185322
0.190987
0.194091
0.195032
0.18913
0.16973
0.143821
0.120946
0.105228
0.0921584
0.077703
0.0622249
0.0491373
0.0419856
0.0362735
0.0280338
0.0239717
0.0250568
0.025628
0.0180306
0.00404861
-0.000758471
0.00756436
0.0211269
0.0289034
0.0308148
0.0340644
0.0410088
0.0477379
0.0524627
0.0569504
0.0599419
0.0591335
0.052522
0.0423749
0.0341466
0.0244217
0.00968452
0.000673347
0.000182148
0.00327676
0.0037165
0.00181953
0.00935612
0.0255918
0.0407923
0.0491204
0.0522271
0.0550587
0.059719
0.0656927
0.066336
0.0588926
0.0536796
0.0549952
0.0595666
0.0668528
0.0780911
0.0893737
0.0984325
0.106158
0.112459
0.116642
0.119894
0.121766
0.119234
0.112596
0.104689
0.100874
0.100882
0.0995906
0.0960036
0.0926846
0.0920952
0.0920492
0.0867861
0.0788247
0.0729379
0.0677558
0.0612149
0.053658
0.0479653
0.0461832
0.0494823
0.0551907
0.0609678
0.067827
0.0765117
0.0821138
0.0838897
0.084342
0.0861711
0.0891689
0.0886323
0.0834178
0.0744529
0.0653523
0.0586152
0.0553699
0.0542303
0.0541356
0.059708
0.0734748
0.0858481
0.0938508
0.102722
0.118275
0.139523
0.153874
0.160191
0.166332
0.175039
0.183679
0.190777
0.196617
0.201694
0.210896
0.22647
0.240871
0.250701
0.258245
0.262684
0.262018
0.257302
0.250169
0.241172
0.228121
0.209883
0.189726
0.173425
0.164213
0.155351
0.142023
0.124989
0.107012
0.0887624
0.0694263
0.0498789
0.0334317
0.0194164
0.00552461
-0.00826831
-0.0209611
-0.0313347
-0.0345885
-0.0315815
-0.0294647
-0.0315038
-0.0361249
-0.0395877
-0.040174
-0.0352917
-0.0307515
-0.0337911
-0.0368366
-0.0340462
-0.0296902
-0.0313239
-0.0424218
-0.0551588
-0.0637746
-0.069421
-0.0696929
-0.0633354
-0.0633384
-0.0716878
-0.0750504
-0.0707029
-0.0657688
-0.0675095
-0.0740988
-0.078147
-0.0784598
-0.0779382
-0.075725
-0.0722972
-0.0697208
-0.0672524
-0.0635107
-0.0599961
-0.0586884
-0.0616449
-0.0688584
-0.0779725
-0.0815754
-0.0791941
-0.0749332
-0.0690155
-0.0587354
-0.0432698
-0.0295176
-0.024674
-0.023029
-0.0187865
-0.015778
-0.0146377
-0.011593
-0.0101525
-0.0141508
-0.0201893
-0.022948
-0.0204948
-0.016075
-0.0118952
-0.00672967
0.00438389
0.0254683
0.049086
0.0688797
0.0841303
0.0952546
0.100829
0.101291
0.097028
0.0890849
0.0752082
0.0526489
0.0334519
0.0226463
0.011964
0.00159421
-0.00253681
0.00248902
0.0118361
0.0159125
0.0149224
0.0131748
0.00692498
-0.00298291
-0.0112835
-0.0150343
-0.0154822
-0.0168744
-0.0195539
-0.0208991
-0.0209961
-0.0215533
-0.0242422
-0.0273086
-0.0279158
-0.0254424
-0.0208547
-0.0116883
-0.00120321
0.00494585
0.00829898
0.0118592
0.0124303
0.0101909
0.00835374
0.00615459
0.00224727
-0.0023984
-0.00675276
-0.0110036
-0.0170063
-0.026085
-0.0386418
-0.0476291
-0.0493022
-0.0537589
-0.0613486
-0.0635501
-0.0644777
-0.0709335
-0.0809209
-0.0895618
-0.0951154
-0.0980867
-0.101125
-0.107815
-0.111898
-0.105098
-0.0942481
-0.0860015
-0.0776699
-0.0674044
-0.0563788
-0.043405
-0.0303397
-0.0238553
-0.0237625
-0.0275687
-0.0370352
-0.0515594
-0.066034
-0.0800063
-0.0951028
-0.106823
-0.112904
-0.11445
-0.112913
-0.10855
-0.104716
-0.102971
-0.102424
-0.100339
-0.0965455
-0.0965563
-0.103249
-0.114952
-0.120861
-0.118788
-0.117375
-0.123313
-0.136178
-0.143225
-0.140122
-0.134496
-0.132217
-0.132565
-0.134079
-0.135516
-0.135361
-0.133549
-0.131121
-0.129753
-0.129698
-0.130509
-0.129152
-0.12415
-0.118879
-0.115504
-0.113419
-0.111275
-0.10913
-0.109624
-0.111636
-0.112015
-0.110756
-0.108795
-0.103587
-0.0985562
-0.0994709
-0.102213
-0.102534
-0.10363
-0.106435
-0.108093
-0.106998
-0.103134
-0.0916561
-0.0741334
-0.0557275
-0.0393294
-0.0247721
-0.015026
-0.00531385
0.0102269
0.0165573
0.00780148
-0.00365722
-0.00974896
-0.0118893
-0.0160071
-0.0242232
-0.0272563
-0.0212629
-0.0101007
0.00598922
0.0300834
0.0488994
0.0575864
0.0691825
0.0863951
0.1009
0.113862
0.129541
0.14233
0.147657
0.146045
0.144299
0.144289
0.136694
0.121306
0.105191
0.0902522
0.0750525
0.0600344
0.0470504
0.0362472
0.0221219
0.00369186
-0.0141586
-0.0302937
-0.046598
-0.061955
-0.0742441
-0.0823541
-0.0886459
-0.0952265
-0.101892
-0.106959
-0.109868
-0.116063
-0.124897
-0.127045
-0.122937
-0.118826
-0.117666
-0.115736
-0.106613
-0.0951543
-0.0885981
-0.0887805
-0.0926221
-0.0967829
-0.0975882
-0.0937045
-0.0853942
-0.0769311
-0.0730788
-0.0747269
-0.0799276
-0.0857806
-0.0902833
-0.0923405
-0.0926238
-0.093041
-0.0993333
-0.10742
-0.10905
-0.105359
-0.101293
-0.100268
-0.10293
-0.109008
-0.115965
-0.120887
-0.121075
-0.119975
-0.121449
-0.12374
-0.124406
-0.123903
-0.125732
-0.13296
-0.143743
-0.156227
-0.171857
-0.18899
-0.204772
-0.216981
-0.224892
-0.228055
-0.226677
-0.220717
-0.212113
-0.199866
-0.181016
-0.158337
-0.135526
-0.116839
-0.0998708
-0.0793048
-0.0583545
-0.0424856
-0.0328595
-0.0265495
-0.0229649
-0.0184614
-0.0114097
-0.00961965
-0.0131952
-0.0152877
-0.0143867
-0.0134748
-0.0144564
-0.016627
-0.0185211
-0.0167023
-0.00916326
0.00445571
0.0189128
0.0293103
0.0404687
0.0573271
0.0771114
0.096569
0.116487
0.133546
0.144898
0.153821
0.163404
0.173817
0.183029
0.190089
0.196662
0.201889
0.200994
0.197441
0.19678
0.199735
0.203806
0.208181
0.209927
0.207602
0.205293
0.204258
0.201279
0.198761
0.20093
0.209376
0.215534
0.205926
0.189578
0.179508
0.172044
0.161242
0.14796
0.138291
0.133215
0.127778
0.120701
0.114472
0.109661
0.107403
0.111713
0.11582
0.111165
0.103786
0.0988315
0.0914736
0.0802062
0.0682628
0.0603207
0.0528574
0.0372925
0.0183012
0.00502995
0.00289508
0.00510459
0.00311212
-0.00413669
-0.012228
-0.0170969
-0.0176882
-0.0144792
-0.0103281
-0.00723688
-0.00647273
-0.00474617
0.00144765
0.00658391
0.00745493
0.00872304
0.0135519
0.0210417
0.0289394
0.0361237
0.041939
0.0472828
0.0532709
0.0600398
0.0656002
0.0619856
0.0501644
0.0363231
0.0245094
0.0140421
0.00330198
-0.00400242
-0.00378314
0.00822131
0.0243879
0.0259622
0.0223686
0.0298702
0.0423185
0.0478698
0.0425572
0.0349877
0.032125
0.0306766
0.0269093
0.022797
0.0220957
0.0259808
0.0335514
0.0422971
0.0510459
0.0572913
0.0598924
0.0619242
0.0643882
0.0647066
0.063126
0.0617959
0.0623285
0.0633929
0.0626257
0.0602807
0.0582334
0.0591937
0.0613331
0.0608521
0.0655881
0.0813128
0.0957342
0.102635
0.105709
0.104546
0.097099
0.089626
0.0823665
0.0668318
0.0426732
0.0159983
-0.00623882
-0.0244578
-0.0384166
-0.0485947
-0.0549494
-0.0590852
-0.062286
-0.0613194
-0.0559736
-0.0515239
-0.0493982
-0.0469895
-0.0419218
-0.0341486
-0.0217604
-0.00618366
0.00984523
0.0263217
0.043959
0.0585594
0.0699211
0.0807043
0.0904329
0.0972721
0.101316
0.102916
0.0995058
0.0876379
0.0678248
0.0484298
0.0324054
0.0163897
-0.00436456
-0.0295098
-0.0496268
-0.0612092
-0.0664607
-0.0645547
-0.0566803
-0.046143
-0.0346909
-0.0224472
-0.0125506
-0.00559521
0.00141518
0.00608005
0.0029357
-0.0056698
-0.0153219
-0.0272972
-0.0394957
-0.0465745
-0.0455207
-0.0393676
-0.0319788
-0.024172
-0.014829
-0.00520382
0.00328447
0.0114779
0.0202449
0.0294073
0.0384415
0.0471936
0.0558508
0.0645878
0.0734087
0.0829431
0.0969765
0.114149
0.130422
0.144997
0.159457
0.174467
0.188635
0.197179
0.201761
0.206954
0.210559
0.208988
0.204379
0.199438
0.193482
0.187772
0.182809
0.171376
0.154696
0.139985
0.127062
0.111844
0.0937841
0.0727223
0.0480002
0.0264293
0.0115404
0.000799381
-0.00901214
-0.0172479
-0.0221188
-0.0228271
-0.0189363
-0.0109109
0.00139142
0.0125946
0.0195506
0.0207288
0.0207338
0.0242819
0.0273882
0.0271077
0.0279432
0.0300551
0.0293435
0.0259488
0.0216848
0.0155521
0.00856583
0.00296696
-0.00255701
-0.00922646
-0.015127
-0.0177221
-0.0157456
-0.011017
-0.00579879
-0.000707276
0.00354151
0.0058416
0.00683401
0.00670736
0.00286766
-0.00208779
-0.003408
-0.0029634
-0.00402069
-0.00623696
-0.00806494
-0.0090902
-0.00993181
-0.0104526
-0.00711678
-0.000895611
0.0047068
0.0101568
0.0162392
0.0155613
0.00906936
0.00321707
-0.00252308
-0.0110706
-0.0174929
-0.0211244
-0.0262595
-0.0313715
-0.033631
-0.0378713
-0.0449429
-0.0507534
-0.05516
-0.0608363
-0.0696974
-0.0808425
-0.0935667
-0.106249
-0.117127
-0.122501
-0.124235
-0.126286
-0.127989
-0.126812
-0.123086
-0.118538
-0.114133
-0.111499
-0.10903
-0.101857
-0.0940882
-0.090567
-0.0844522
-0.0746618
-0.0717345
-0.0771469
-0.08618
-0.0949891
-0.101754
-0.103965
-0.102912
-0.100127
-0.0971666
-0.0917674
-0.0779939
-0.0594668
-0.0426819
-0.0313582
-0.0233014
-0.0148117
-0.00782375
-0.0066846
-0.00705512
-0.00402029
0.00300402
0.0113384
0.0199581
0.0275028
0.0339317
0.0438431
0.0573375
0.0710271
0.0803921
0.0846554
0.0885372
0.092553
0.0912163
0.0846487
0.0759749
0.0682308
0.0628746
0.0611144
0.0564869
0.0446375
0.0325699
0.02586
0.0239397
0.0220282
0.0173741
0.00909175
-5.09541e-05
-0.00522927
-0.00869845
-0.014079
-0.0179811
-0.0182059
-0.0149505
-0.0114975
-0.0100417
-0.0104669
-0.012487
-0.017481
-0.0255929
-0.0357212
-0.0458587
-0.053091
-0.0528754
-0.0478868
-0.0428191
-0.0394114
-0.0368719
-0.0354386
-0.0366013
-0.0406958
-0.0442223
-0.0473861
-0.0553208
-0.0683061
-0.0836715
-0.102088
-0.12074
-0.133598
-0.143117
-0.153476
-0.160457
-0.162525
-0.162334
-0.162426
-0.163449
-0.168179
-0.1734
-0.17388
-0.173915
-0.17814
-0.182532
-0.1841
-0.18406
-0.18385
-0.183811
-0.185767
-0.188332
-0.188726
-0.188011
-0.187325
-0.182077
-0.173575
-0.167546
-0.164012
-0.159528
-0.151666
-0.141631
-0.131068
-0.122847
-0.117486
-0.10858
-0.0957873
-0.0870802
-0.0830709
-0.0788579
-0.0693407
-0.0574813
-0.0580806
-0.0665969
-0.0679378
-0.0616715
-0.055686
-0.056159
-0.0580134
-0.0534634
-0.0468017
-0.0446903
-0.0484885
-0.0555781
-0.0643245
-0.0726333
-0.0807916
-0.0935995
-0.107316
-0.114432
-0.119324
-0.126958
-0.133529
-0.133723
-0.126218
-0.11939
-0.116386
-0.107574
-0.0918552
-0.0763101
-0.0661772
-0.0610591
-0.0580001
-0.0553602
-0.0548605
-0.0560548
-0.057548
-0.0606719
-0.0650437
-0.0685756
-0.0721787
-0.0780042
-0.0878417
-0.0975271
-0.101919
-0.103879
-0.106776
-0.107193
-0.104789
-0.102866
-0.101553
-0.0991817
-0.0961092
-0.0926116
-0.087625
-0.0833436
-0.0816588
-0.0798469
-0.078396
-0.0825969
-0.0883189
-0.0903344
-0.0942247
-0.102155
-0.110414
-0.117763
-0.124593
-0.125724
-0.122249
-0.11885
-0.115172
-0.108971
-0.102665
-0.0985585
-0.0975616
-0.0969401
-0.0941618
-0.0876767
-0.0802745
-0.0776997
-0.0745723
-0.0649524
-0.0568469
-0.0563921
-0.0616133
-0.0654146
-0.0643869
-0.0635961
-0.0659958
-0.0683622
-0.0709818
-0.0771919
-0.0851941
-0.0918596
-0.0939653
-0.0924616
-0.0902109
-0.086731
-0.0795471
-0.0716038
-0.0648521
-0.0530194
-0.0387756
-0.0330308
-0.0327732
-0.0294573
-0.0213448
-0.013171
-0.00946958
-0.0087292
-0.00731821
-0.00218536
0.00636833
0.0167015
0.027874
0.0404035
0.0518972
0.0609316
0.0666622
0.0693742
0.0693005
0.0668545
0.0623842
0.0588865
0.0557232
0.0500466
0.043966
0.0410539
0.0449315
0.0522602
0.0580781
0.0614244
0.0637017
0.0643136
0.0655379
0.0720264
0.077546
0.0756814
0.0709495
0.069429
0.0731778
0.0783308
0.0814823
0.0821658
0.0843594
0.0944205
0.104348
0.103114
0.0994996
0.104992
0.110227
0.104355
0.0917702
0.0811443
0.0750709
0.0644973
0.0441882
0.0256142
0.014346
0.00630176
0.00111983
-0.000254839
-0.00836249
-0.0215335
-0.0293747
-0.0283927
-0.0222143
-0.0177144
-0.0164742
-0.0161842
-0.0169187
-0.0204647
-0.0278435
-0.0375059
-0.0485899
-0.0613431
-0.0751012
-0.0844526
-0.0896391
-0.0941937
-0.0993173
-0.103337
-0.102415
-0.0978795
-0.0931816
-0.0905402
-0.0894142
-0.0860309
-0.0807049
-0.0784564
-0.0773127
-0.0718143
-0.0617418
-0.0502104
-0.0391745
-0.0289928
-0.0195974
-0.012287
-0.00658798
0.0010443
0.00796954
0.00867171
0.00484958
0.001158
0.00469204
0.0137661
0.0234073
0.0293649
0.03181
0.0365835
0.0426381
0.040409
0.0332965
0.028654
0.0207736
0.00690485
-0.00524479
-0.0124382
-0.0166495
-0.0161248
-0.012014
-0.00647149
-0.00230373
-0.00068413
-0.00178743
-0.00289363
0.00133082
0.00951369
0.0174701
0.0197536
0.0186288
0.0227145
0.0289353
0.0282594
0.01809
0.00356068
-0.00980909
-0.0219863
-0.0353133
-0.0479925
-0.0572849
-0.0617895
-0.0654675
-0.0713718
-0.0736391
-0.0717646
-0.0749468
-0.0811543
-0.082261
-0.0791429
-0.0755772
-0.0679465
-0.0566152
-0.045632
-0.035664
-0.02592
-0.0196141
-0.0182726
-0.021199
-0.0261381
-0.0327857
-0.0426821
-0.0528177
-0.0585615
-0.0595028
-0.0580163
-0.0599447
-0.0645503
-0.067196
-0.066689
-0.0645282
-0.0610815
-0.0570393
-0.0530609
-0.0486465
-0.043677
-0.0409275
-0.0398713
-0.0375401
-0.0340947
-0.0315542
-0.0320851
-0.0340244
-0.0326717
-0.0292792
-0.0272736
-0.0261314
-0.0247435
-0.0242478
-0.0229434
-0.0180664
-0.0114967
-0.00651537
-0.00743286
-0.0114692
-0.0133602
-0.0119747
-0.0094948
-0.00671069
-0.00386399
-0.00163576
-0.0031838
-0.00841084
-0.0139917
-0.0185036
-0.0230295
-0.0292753
-0.0356232
-0.0373399
-0.0343499
-0.0287657
-0.0246676
-0.0232377
-0.0243301
-0.0248684
-0.0222782
-0.0200838
-0.0220207
-0.0290564
-0.0379119
-0.0467334
-0.058833
-0.0734121
-0.0830917
-0.0885285
-0.0943969
-0.100054
-0.103611
-0.105818
-0.106837
-0.10638
-0.105945
-0.106281
-0.10676
-0.106368
-0.105159
-0.105492
-0.105909
-0.100302
-0.0918254
-0.0864465
-0.0852041
-0.0860692
-0.0883262
-0.091809
-0.0963814
-0.101429
-0.105719
-0.10712
-0.10595
-0.103815
-0.102252
-0.100124
-0.0944676
-0.0874783
-0.0822563
-0.0773063
-0.0716171
-0.0674553
-0.0645932
-0.0610998
-0.0554798
-0.0475712
-0.037283
-0.0264233
-0.0166661
-0.00978102
-0.00474735
0.0021821
0.00706048
0.00307308
-0.0037668
-0.00711744
-0.00790231
-0.00949438
-0.0122961
-0.0106515
-0.00410968
-0.00161703
-0.00286479
-0.000986423
0.00211462
0.00365762
0.00936567
0.0184909
0.0254861
0.0324597
0.0422765
0.0530518
0.0618598
0.0676739
0.0715161
0.0745949
0.0796599
0.0836899
0.0817539
0.080143
0.0844864
0.0895881
0.0927064
0.0964195
0.0968389
0.0905197
0.0832754
0.0796694
0.0789404
0.0774592
0.0736004
0.0670886
0.0596925
0.0529083
0.0462869
0.039141
0.0321235
0.0256946
0.0195857
0.012425
0.00633845
0.00744413
0.00878592
-0.000129881
-0.0166056
-0.0329154
-0.0456775
-0.0570212
-0.0688818
-0.0764282
-0.0767135
-0.0714079
-0.0670657
-0.066981
-0.0682538
-0.0676733
-0.0649994
-0.0626471
-0.0617446
-0.0594924
-0.0541287
-0.0460071
-0.0368968
-0.0272242
-0.0156937
-0.0054477
-0.000196927
0.00697665
0.019781
0.0329697
0.0432659
0.0521802
0.0615677
0.0709536
0.0760012
0.0775488
0.0793512
0.0796725
0.0760455
0.0730458
0.0725243
0.0722294
0.0714083
0.0716064
0.0762649
0.0821411
0.0836566
0.0826858
0.0824748
0.0807389
0.0758721
0.0687839
0.0622146
0.0567025
0.0495582
0.0392731
0.0264674
0.0147053
0.00644924
0.00260198
0.00136406
0.00180875
0.00251119
0.00210791
-0.000830475
-0.00272922
0.000445043
0.00596918
0.0111927
0.0178766
0.0270053
0.0379677
0.0474885
0.0548381
0.0627862
0.0729457
0.0844789
0.0933136
0.0985872
0.102669
0.110132
0.123413
0.13379
0.136949
0.136627
0.137503
0.14043
0.143608
0.145863
0.147763
0.148993
0.148423
0.146968
0.145192
0.1406
0.136148
0.136891
0.138272
0.135574
0.127721
0.119066
0.113273
0.106223
0.0963891
0.0890798
0.0837667
0.0764127
0.0690396
0.0656897
0.0686475
0.0727676
0.0734791
0.0721796
0.0715965
0.0720193
0.0711538
0.0680216
0.0667496
0.0673602
0.0637908
0.0558834
0.0476565
0.0426654
0.0395259
0.0341204
0.0274575
0.0236001
0.0282384
0.0352189
0.0326803
0.0286023
0.0336826
0.0400649
0.0415828
0.0411573
0.0427847
0.0467627
0.0509611
0.0536301
0.0539748
0.0536725
0.0540235
0.0535442
0.0525736
0.0538508
0.0580229
0.063352
0.0658626
0.0654914
0.064065
0.0622383
0.0592959
0.0540356
0.0476744
0.0422787
0.0394751
0.0392796
0.0397056
0.0392577
0.0378968
0.0358687
0.0332452
0.0307541
0.0298031
0.0315184
0.0348738
0.0379963
0.0383153
0.0381831
0.0415445
0.0478897
0.0548573
0.0603891
0.0657923
0.0733117
0.0804129
0.0853575
0.0941412
0.103836
0.106384
0.10943
0.120519
0.130921
0.134717
0.13349
0.133291
0.136187
0.136275
0.132394
0.128702
0.129224
0.132927
0.130322
0.122698
0.118421
0.119314
0.121775
0.120966
0.118023
0.116911
0.119351
0.124164
0.128018
0.128701
0.125946
0.121632
0.11613
0.106561
0.0959056
0.0900611
0.0905662
0.0936788
0.0945494
0.0926638
0.090069
0.089572
0.090625
0.0883808
0.083253
0.0791316
0.0764374
0.0731791
0.0679185
0.0617195
0.0558348
0.0491931
0.0423693
0.0391456
0.0407175
0.0447001
0.0436579
0.0380516
0.0362675
0.0370413
0.0343848
0.026851
0.0186659
0.0159954
0.0175352
0.0189159
0.0182568
0.0160744
0.0121975
0.00769658
0.00318778
-0.00349705
-0.00984353
-0.00895822
-0.00509962
-0.00499928
-0.00739624
-0.0101862
-0.0155781
-0.0193185
-0.0175369
-0.0157906
-0.016099
-0.0150885
-0.0160212
-0.0209413
-0.0241119
-0.0264482
-0.0279125
-0.0263822
-0.0179154
-0.00519052
0.00241425
0.00215245
-0.00261411
-0.0110179
-0.0230226
-0.0363779
-0.0473578
-0.0540015
-0.0546091
-0.0502226
-0.0396308
-0.0279631
-0.0203421
-0.0169875
-0.0137045
-0.00733376
0.000864518
0.00845008
0.0143076
0.0200057
0.0278943
0.0356325
0.0406704
0.0456022
0.0525502
0.0606542
0.0675504
0.0722894
0.0750885
0.0770491
0.0796025
0.0835183
0.0883601
0.0922289
0.0952996
0.0994402
0.103892
0.107367
0.11177
0.116283
0.116641
0.111692
0.104806
0.10625
0.112636
0.111823
0.107494
0.108334
0.110813
0.109547
0.103997
0.0968214
0.0902052
0.0886061
0.089274
0.0866928
0.0828105
0.0802627
0.07506
0.0657764
0.0543582
0.0423453
0.0309681
0.0226172
0.0190881
0.0202601
0.0257357
0.0346936
0.0454301
0.052717
0.0524997
0.0526985
0.0556457
0.0516695
0.037453
0.0183659
0.0050203
-0.00117514
-0.00349351
-0.00707577
-0.0128348
-0.0145933
-0.014347
-0.0189057
-0.0231524
-0.0217546
-0.0140047
-0.00644736
-0.00517699
-0.00787653
-0.00986014
-0.00959301
-0.00832997
-0.00662287
-0.000767475
0.00858434
0.0117174
0.00784229
0.0031553
0.00226706
0.00406811
0.00536962
0.00505367
0.00445939
0.00706803
0.0109783
0.00859272
0.00188392
-0.00327357
-0.00710962
-0.0127883
-0.0215863
-0.0275386
-0.0266154
-0.0241186
-0.0250047
-0.0301421
-0.0376917
-0.0452315
-0.0466993
-0.043863
-0.0421096
-0.0370901
-0.0243003
-0.012823
-0.00823414
-0.00829565
-0.00834558
-0.00723288
-0.00502883
-0.00379753
-0.00538101
-0.00788995
-0.00894007
-0.00670407
-0.00295679
0.000218631
0.00605655
0.0151302
0.0205724
0.0205361
0.0186733
0.0221625
0.031196
0.0395767
0.0412744
0.034701
0.0294147
0.0310514
0.03707
0.0411658
0.040351
0.0352884
0.0290815
0.02491
0.022867
0.0212283
0.0180887
0.0162871
0.0228536
0.032877
0.0383578
0.0371473
0.0346698
0.036232
0.0414515
0.0467188
0.0465003
0.0437425
0.0457875
0.0463976
0.0382187
0.0283711
0.0242328
0.0260472
0.0284774
0.0281764
0.0238674
0.0209247
0.0250803
0.0318775
0.0370302
0.0426067
0.0457307
0.041545
0.0406218
0.0468793
0.0498234
0.0468405
0.0431844
0.0416271
0.0425925
0.0478949
0.0543436
0.0587234
0.063396
0.070693
0.079805
0.0879181
0.0938314
0.0987961
0.103696
0.10798
0.112255
0.116745
0.116416
0.111956
0.111435
0.112652
0.109897
0.106458
0.105224
0.105039
0.105564
0.107051
0.106763
0.104834
0.103334
0.098362
0.0874545
0.0796469
0.0761644
0.0707133
0.0630645
0.056172
0.051231
0.0476441
0.0448908
0.0429775
0.0413109
0.0384598
0.03639
0.0369686
0.0377828
0.0372015
0.0363671
0.0364511
0.0370181
0.0348688
0.0294015
0.0229942
0.015659
0.00706503
0.00312234
0.00523105
0.010518
0.0156953
0.0206301
0.0262378
0.0314212
0.034165
0.0353611
0.0360359
0.0348162
0.0318068
0.0283365
0.0241385
0.0183915
0.0112582
0.00361079
-0.00109094
-0.00204547
-0.000592294
0.00174538
0.00468065
0.0065671
0.00730384
0.00792448
0.00917056
0.010766
0.0117905
0.0118085
0.0108272
0.00868243
0.00553667
0.0010983
-0.00599737
-0.0162999
-0.0211352
-0.0187868
-0.0178383
-0.0191994
-0.0170107
-0.0107157
-0.0041544
-0.000817278
-0.000860284
-0.00297359
-0.000811909
0.00342404
-0.00246811
-0.0131775
-0.017942
-0.0183156
-0.0189455
-0.0192084
-0.0227894
-0.0316711
-0.0355093
-0.0320805
-0.0271562
-0.0249902
-0.0250235
-0.025017
-0.0227096
-0.0160142
-0.00846374
-0.00383391
-0.00231255
-0.00161908
-0.000436544
0.00106571
0.00173332
-0.000901728
-0.00428034
-0.00410619
-0.00189865
-0.00186997
-0.0113232
-0.0269626
-0.0410603
-0.0509056
-0.0580336
-0.0627569
-0.0641354
-0.0608548
-0.0605563
-0.0650876
-0.0666833
-0.0642615
-0.0624301
-0.0627734
-0.0637545
-0.0640886
-0.0649974
-0.0673755
-0.0674355
-0.0635322
-0.0575564
-0.0496217
-0.0396301
-0.0351278
-0.0351359
-0.0278058
-0.0154923
-0.00704085
-0.00375759
-0.00212045
-0.000142429
0.00326839
0.00829942
0.015365
0.0227656
0.0265306
0.0296892
0.0360317
0.041016
0.0410816
0.0375859
0.0341552
0.0317804
0.0262409
0.0177032
0.012874
0.0132964
0.0148402
0.0095101
-0.000571129
-0.00834525
-0.0123319
-0.0149766
-0.0166361
-0.0172014
-0.0171478
-0.0194168
-0.0239944
-0.0262991
-0.0271621
-0.0313479
-0.0411147
-0.0517031
-0.0543003
-0.0516679
-0.0503193
-0.0493457
-0.0462327
-0.0421899
-0.0382611
-0.0341441
-0.0291507
-0.023539
-0.0183931
-0.0141838
-0.010661
-0.00610544
-0.00276959
-0.00762166
-0.0168697
-0.0238723
-0.0297998
-0.0356558
-0.0363403
-0.0305342
-0.0215842
-0.016294
-0.0150808
-0.0148976
-0.0143577
-0.0143258
-0.0157298
-0.017046
-0.0151919
-0.0125776
-0.0122377
-0.0120405
-0.00898023
-0.00247082
0.00244611
0.00203565
-0.0047902
-0.0151039
-0.0263175
-0.0363727
-0.0458757
-0.0591577
-0.0757647
-0.0914523
-0.100192
-0.103098
-0.106551
-0.106812
-0.0985746
-0.0881357
-0.0792007
-0.0675027
-0.0539377
-0.0421372
-0.0312387
-0.0207406
-0.0136425
-0.0108533
-0.0123058
-0.0176827
-0.025551
-0.0336487
-0.040622
-0.0464971
-0.0509471
-0.0529986
-0.0511952
-0.0482563
-0.0468792
-0.0460014
-0.0448491
-0.045219
-0.0449483
-0.0418007
-0.0389841
-0.0369723
-0.0317359
-0.0233869
-0.0145517
-0.00601589
-0.000818147
-0.0062857
-0.0197877
-0.0352486
-0.0519988
-0.0676975
-0.0777047
-0.0795382
-0.0766552
-0.0748179
-0.0728237
-0.0665286
-0.0614636
-0.0615516
-0.0650955
-0.071197
-0.0815419
-0.0935272
-0.102515
-0.104011
-0.0991092
-0.0895225
-0.0811232
-0.0770533
-0.0769998
-0.075288
-0.0680989
-0.0613318
-0.0612456
-0.06966
-0.0750799
-0.0694064
-0.0586682
-0.0494803
-0.0419134
-0.0342704
-0.026886
-0.026108
-0.0324647
-0.0391321
-0.0444812
-0.0503828
-0.0522563
-0.0504115
-0.0489046
-0.0480838
-0.046131
-0.0436664
-0.0414497
-0.0391647
-0.0355768
-0.0306463
-0.027739
-0.0264786
-0.0234214
-0.0208119
-0.0219902
-0.0252205
-0.0281136
-0.0309303
-0.0347495
-0.0399152
-0.0464727
-0.0523843
-0.0555919
-0.059313
-0.0663108
-0.0748426
-0.0810922
-0.0831533
-0.084666
-0.0885011
-0.0938989
-0.0971718
-0.0956596
-0.0910764
-0.0855205
-0.0800867
-0.0761958
-0.0752463
-0.0766188
-0.0790322
-0.0790525
-0.081005
-0.0914957
-0.102079
-0.105921
-0.104539
-0.104299
-0.108477
-0.11133
-0.109977
-0.110198
-0.110156
-0.102508
-0.0895318
-0.07575
-0.0607894
-0.0482814
-0.0438231
-0.0417416
-0.0364608
-0.0299418
-0.0262701
-0.0279159
-0.0312924
-0.0321058
-0.0277147
-0.0225235
-0.0231613
-0.0251713
-0.0224569
-0.018259
-0.0151386
-0.0105461
-0.00603264
-0.00438636
-0.00429044
-0.00249131
0.00356307
0.00918607
0.0102257
0.00972984
0.00843289
0.000731933
-0.0123181
-0.0262913
-0.0400543
-0.0517434
-0.0585901
-0.0612052
-0.0604702
-0.0555342
-0.049584
-0.0466571
-0.0426586
-0.0348952
-0.0337339
-0.0391382
-0.0425086
-0.0430854
-0.0448708
-0.0483053
-0.050923
-0.0507279
-0.0464033
-0.0375741
-0.0250508
-0.0143034
-0.0128753
-0.0115215
-0.00107114
0.00957623
0.0158078
0.0235114
0.0299598
0.0299246
0.0280652
0.0293959
0.0344537
0.0394123
0.0415775
0.0398197
0.0368156
0.0376082
0.0416494
0.0453767
0.0432968
0.0372576
0.035535
0.0376443
0.0380429
0.0348204
0.0289593
0.0208534
0.0124798
0.0118947
0.0179275
0.0240153
0.0266803
0.0274672
0.029379
0.0337367
0.0398488
0.0418065
0.0369142
0.0315497
0.0305206
0.0343524
0.038525
0.0400768
0.0405507
0.0404782
0.0368428
0.0336697
0.0350524
0.0362549
0.0335731
0.0270328
0.0187702
0.0108539
0.00774079
0.00762432
0.00567358
0.00163178
-0.00156981
-0.000433774
0.00313344
0.00500916
0.00283027
-0.00227775
-0.00470363
-0.00363187
-0.00350185
-0.00523129
-0.00684521
-0.00854759
-0.0108418
-0.0129819
-0.0157787
-0.0202106
-0.0253792
-0.029793
-0.031979
-0.029662
-0.0227425
-0.0170597
-0.0142586
-0.0104018
-0.00210478
0.0107623
0.020721
0.0250919
0.0283331
0.0323143
0.0345404
0.0332684
0.0301065
0.0292215
0.0293415
0.0265296
0.022769
0.0214246
0.0230043
0.0235822
0.0198092
0.0184108
0.0245565
0.0328518
0.0354866
0.0298415
0.0242796
0.0243327
0.0266556
0.0262543
0.021845
0.013924
0.00371682
-0.00359715
-0.00602287
-0.00491328
-0.00286399
-0.000896623
-0.00185468
-0.00575661
-0.0107291
-0.0124611
-0.00977504
-0.00724234
-0.00981773
-0.0189797
-0.0291248
-0.0367628
-0.0437685
-0.0503934
-0.0542564
-0.0561938
-0.0586518
-0.0649105
-0.0730011
-0.0789058
-0.0808863
-0.0797508
-0.0721424
-0.0624231
-0.0579469
-0.0566649
-0.0542903
-0.0524014
-0.051946
-0.0515208
-0.0503188
-0.0489728
-0.0499182
-0.05223
-0.0532065
-0.0516531
-0.0480515
-0.0432306
-0.0379013
-0.0319195
-0.0273069
-0.0249682
-0.0199844
-0.0124004
-0.00715889
-0.00572899
-0.00583785
-0.00384564
0.000281285
0.00384278
0.00562451
0.00657825
0.0087459
0.0126208
0.0173989
0.0211254
0.0226335
0.0238996
0.0258632
0.0268278
0.0298479
0.0389056
0.0446244
0.0430855
0.0422227
0.0449384
0.0473712
0.0460902
0.0425899
0.0425904
0.045666
0.0475495
0.0473766
0.0470403
0.0484344
0.0509978
0.052929
0.0513766
0.0473317
0.0466837
0.0498325
0.0527365
0.0505712
0.0442495
0.0386194
0.0352344
0.0312037
0.0237331
0.0162072
0.012726
0.0117773
0.0109637
0.0112363
0.0111101
0.00566923
-0.00566511
-0.0191017
-0.0259285
-0.0287797
-0.0358795
-0.0457472
-0.0531924
-0.0574911
-0.0594543
-0.0588749
-0.0586752
-0.0603609
-0.0609563
-0.0601943
-0.0605796
-0.0622018
-0.0637619
-0.0643919
-0.0655934
-0.069209
-0.0726955
-0.074291
-0.0782067
-0.0835311
-0.0852361
-0.0798398
-0.0685608
-0.0605994
-0.0569861
-0.0514592
-0.0441709
-0.0387794
-0.0342328
-0.0291543
-0.0242194
-0.0186264
-0.0115633
-0.00566841
-0.00326418
-0.00536958
-0.00970898
-0.0132464
-0.00916424
0.000942912
0.00730299
0.00877858
0.0102302
0.0119521
0.0120081
0.0100327
0.00685284
0.00293219
0.000217458
-0.00146094
-0.00488482
-0.00896158
-0.0101949
-0.00525065
0.00238171
0.00402303
0.00256192
0.00555672
0.0114544
0.0155287
0.0151378
0.0143878
0.0186048
0.0276793
0.0374188
0.0420393
0.0420995
0.041024
0.0383811
0.0321117
0.0243548
0.0150539
0.00221361
-0.0081485
-0.0128521
-0.0137209
-0.0150524
-0.0188388
-0.0214203
-0.0212318
-0.0228202
-0.0244782
-0.0205122
-0.0141953
-0.00909536
-0.000225058
0.00997873
0.0141302
0.0165748
0.0228437
0.0284956
0.0302732
0.0299524
0.0345267
0.045268
0.0478536
0.0395049
0.0268842
0.0152146
0.00533498
0.000968818
-0.000659896
-0.00505884
-0.00773294
-0.00320355
0.00426255
0.00984441
0.0133939
0.0190214
0.0284852
0.0365231
0.0398945
0.0398209
0.0389762
0.0377517
0.035936
0.0333232
0.0290341
0.0229092
0.0154012
0.00825754
0.00560693
0.0140237
0.0238412
0.0247778
0.0197537
0.0160936
0.0104542
0.014519
0.018143
0.016749
0.0112895
0.00741533
0.00410754
-0.00353848
-0.0128741
-0.0196048
-0.0226097
-0.022853
-0.0205744
-0.0199424
-0.0219661
-0.0218361
-0.0181147
-0.0136297
-0.0139865
-0.0186732
-0.0200713
-0.0174273
-0.0154562
-0.0152717
-0.0153033
-0.0164528
-0.0157179
-0.00867025
0.000289305
0.00654225
0.0108048
0.0134426
0.010564
0.00564176
0.00357499
0.003591
0.00360272
0.00411952
0.00371996
0.00131896
0.000664797
0.00162702
-0.00187898
-0.00998342
-0.0188996
-0.0269663
-0.0344576
-0.0407891
-0.0454965
-0.0489848
-0.0535612
-0.0592784
-0.0636777
-0.0655084
-0.0657991
-0.0678941
-0.0723498
-0.0769507
-0.0819838
-0.0892508
-0.0941011
-0.0950232
-0.0967243
-0.100479
-0.103384
-0.100713
-0.0931731
-0.0858609
-0.0820441
-0.0816565
-0.0814935
-0.0799753
-0.0784153
-0.0766532
-0.0730872
-0.0695309
-0.0674426
-0.0660941
-0.0645261
-0.0627298
-0.0609599
-0.0593107
-0.0575748
-0.0556643
-0.0537365
-0.0518812
-0.0500564
-0.0482042
-0.0463223
-0.0444395
-0.0427026
-0.0433094
-0.046948
-0.0476836
-0.0437065
-0.0392334
-0.0362596
-0.0336185
-0.0313161
-0.0298022
-0.0290304
-0.0264279
-0.0196973
-0.0133198
-0.00899804
-0.00218893
0.00670142
0.0139672
0.0194558
0.024883
0.0305042
0.0356419
0.0397775
0.0420465
0.0423783
0.0433323
0.0437434
0.0402287
0.0338969
0.0273014
0.0227899
0.0203565
0.0189551
0.0159838
0.0111174
0.00908295
0.0104079
0.0121039
0.0125468
0.0121396
0.0107558
0.00882492
0.00667221
0.00237636
-0.00470547
-0.00941644
-0.0102779
-0.00903837
-0.00688064
-0.00359436
0.000888073
0.00530248
0.00767298
0.00804588
0.00770904
0.00855791
0.0102192
0.0105943
0.00932573
0.00739836
0.00671917
0.00743984
0.00812403
0.00863918
0.0100339
0.0122771
0.0136941
0.0117499
0.00895497
0.008549
0.0076038
0.00375632
-0.00172724
-0.00736526
-0.0128831
-0.0155352
-0.0151853
-0.0151027
-0.0167327
-0.0188374
-0.0178973
-0.0140671
-0.0121472
-0.0115934
-0.00804042
-0.000570697
0.00788604
0.012648
0.016453
0.0248716
0.0358836
0.0454662
0.0526145
0.0590344
0.066089
0.0736823
0.0806877
0.0845839
0.0862791
0.0881455
0.091119
0.0941214
0.093726
0.0921448
0.095216
0.0972396
0.0920074
0.0861755
0.0848643
0.0871281
0.0886777
0.0876664
0.0858892
0.0848483
0.0839742
0.0825287
0.0803694
0.077113
0.0728107
0.0672055
0.0611663
0.0556566
0.0511504
0.0474047
0.0445078
0.0408435
0.0361014
0.0358748
0.0384433
0.0376717
0.0343874
0.0321864
0.031976
0.0325464
0.0329378
0.0316461
0.0283343
0.0249756
0.022595
0.0206203
0.01831
0.0156165
0.0128904
0.010342
0.00791892
0.00549865
0.00304484
0.000594577
-0.0018156
-0.00418549
-0.00653107
-0.00886022
-0.0111704
-0.0134554
-0.0157129
-0.0179454
-0.0201912
-0.022526
-0.0248898
-0.0271959
-0.0294409
-0.0316638
-0.0338824
-0.0360847
-0.0382556
-0.0403895
-0.0421269
-0.0426943
-0.0425772
-0.0425882
-0.0433605
-0.0446084
-0.0455479
-0.0462595
-0.046907
-0.0442506
-0.0383533
-0.0336885
-0.031265
-0.0289322
-0.0243835
-0.0189955
-0.0168421
-0.0166461
-0.0152701
-0.0149216
-0.0167837
-0.0178622
-0.0178578
-0.0187381
-0.0206227
-0.0225163
-0.0239649
-0.0248788
-0.0237691
-0.0213391
-0.0193811
-0.0184765
-0.0183794
-0.0159813
-0.0104357
-0.00897011
-0.0119239
-0.0134865
-0.0109842
-0.00640154
-0.00395469
-0.0044984
-0.00695678
-0.00818661
-0.00662715
-0.00344762
-0.000567024
0.00147137
0.00317183
0.00512602
0.00812403
0.0109916
0.0112773
0.0103593
0.0108495
0.0142832
0.0188113
0.0221402
0.0253492
0.0296714
0.0317577
0.0316594
0.0325206
0.0347395
0.0364195
0.0350383
0.0318194
0.0294073
0.0287808
0.0290433
0.0282265
0.0268597
0.0273781
0.0295057
0.0315289
0.0324951
0.0325708
0.0317172
0.0312499
0.0320285
0.0328671
0.0330725
0.0331758
0.0334229
0.033519
0.0329152
0.0318684
0.030916
0.0298891
0.0284877
0.0271471
0.0260095
0.0246741
0.0208319
0.0141147
0.0107904
0.0106491
0.00890672
0.00718319
0.00754473
0.00724454
0.00587242
0.00549257
0.00528169
0.00413114
0.00285955
0.00330827
0.00650294
0.0099358
0.0121303
0.0148688
0.0183703
0.0208379
0.0203495
0.0177214
0.015463
0.0151299
0.0168449
0.0190502
0.0206692
0.0215787
0.0226275
0.0244556
0.0265013
0.0281773
0.0295242
0.0305715
0.0311118
0.0311955
0.0309596
0.0299217
0.0282671
0.0266197
0.0255422
0.0246782
0.0223916
0.019674
0.0187154
0.019095
0.0193722
0.0190034
0.0181865
0.0170279
0.015284
0.0131835
0.0115319
0.0103671
0.00934537
0.00897546
0.00935266
0.00976862
0.0103369
0.0113994
0.0119703
0.011646
0.0110764
0.0106335
0.0102251
0.0101896
0.0106475
0.0113887
0.0126221
0.0144511
0.0157477
0.0162749
0.0169388
0.0168838
0.015354
0.0150566
0.0164909
0.016764
0.0152608
0.0135855
0.0136007
0.0143748
0.013695
0.0124892
0.0124116
0.0126119
0.0122854
0.0117396
0.0113669
0.0111362
0.0107165
0.0102755
0.0104012
0.0109506
0.0115573
0.0125124
0.0138662
0.0154462
0.0165033
0.0168075
0.0176798
0.019188
0.0201778
0.0202549
0.0200262
0.0208513
0.0225375
0.0241131
0.025296
0.0263522
0.0271055
0.0270732
0.0256946
0.0243529
0.0241006
0.0235663
0.0222733
0.0212063
0.0207679
0.0204176
0.0188302
0.0165905
0.0153361
0.0151932
0.0153336
0.0152602
0.0151533
0.0154517
0.0155253
0.0148881
0.0146685
0.0151973
0.0158781
0.0160602
0.015716
0.0153965
0.0152279
0.0148084
0.0141785
0.0136162
0.0131607
0.0125411
0.0113583
0.0098984
0.00863679
0.00788712
0.00736098
0.00665855
0.00569461
0.00470265
0.00427048
0.00408464
0.00347976
0.00292505
0.00288207
0.00253205
0.00179399
0.00131039
0.00121678
0.00124063
0.00109786
0.000625711
-0.000202397
-0.000907585
-0.00129658
-0.00194419
-0.00289284
-0.00371362
-0.00427939
-0.00471209
-0.00493916
-0.00510521
-0.00540347
-0.00548899
-0.00529592
-0.0054825
-0.00601476
-0.0063598
-0.00629606
-0.005985
-0.00558826
-0.00525472
-0.00501518
-0.00474088
-0.00438427
-0.00403635
-0.00379784
-0.00369568
-0.00363783
-0.00355243
-0.00341735
-0.0033512
-0.00346503
-0.00357509
-0.00358163
-0.00381255
-0.00417118
-0.00429564
-0.00419911
-0.00409245
-0.00407711
-0.00410461
-0.00410412
-0.00397827
-0.0037322
-0.00357694
-0.00362783
-0.00384976
-0.00409208
-0.00430006
-0.00451823
-0.00476239
-0.00499918
-0.00514913
-0.00518879
-0.00520147
-0.00526777
-0.00539795
-0.00548885
-0.00551767
-0.00569976
-0.00599226
-0.00619615
-0.00629178
-0.00636346
-0.00644907
-0.00657838
-0.00677435
-0.00697518
-0.00713625
-0.00726998
-0.00742359
-0.00761562
-0.00774859
-0.0077845
-0.00777833
-0.00779913
-0.00786313
-0.00793489
-0.00798041
-0.00798812
-0.0080222
-0.00813679
-0.00823882
-0.00826744
-0.0082565
-0.00824532
-0.00823916
-0.00824379
-0.00825221
-0.00824807
-0.00822537
-0.00818858
-0.00813181
-0.00807182
-0.00804885
-0.00802582
-0.00796069
-0.0078698
-0.00779321
-0.00776052
-0.00774278
-0.00770842
-0.00766479
-0.00762748
-0.00759661
-0.00755934
-0.00751016
-0.00745786
-0.00741024
-0.00736921
-0.00733314
-0.00729953
-0.00726433
-0.00722647
-0.007187
-0.00715544
-0.00713452
-0.00710926
-0.0070726
-0.0070295
-0.00699428
-0.00697058
-0.00694366
-0.00690535
-0.00685868
-0.00681515
-0.00677848
-0.00673868
-0.00669225
-0.00664297
-0.00659356
-0.00654427
-0.00649659
-0.00645028
-0.00640437
-0.00635805
-0.00631149
-0.00626632
-0.0062221
-0.00617739
-0.00613005
-0.00608007
-0.00603063
-0.00598286
-0.00593582
-0.00588715
-0.00583653
-0.00578707
-0.00573928
-0.00569159
-0.00564317
-0.00559431
-0.00554565
-0.00549688
-0.00544731
-0.00539669
-0.00534546
-0.00529485
-0.00524464
-0.00519396
-0.00514246
-0.00509053
-0.00503897
-0.00498754
-0.00493558
-0.00488321
-0.00483081
-0.00477871
-0.00472659
-0.00467403
-0.00462102
-0.00456775
-0.00451449
-0.00446115
-0.00440752
-0.00435355
-0.00429938
-0.00424517
-0.00419091
-0.00413647
-0.00408188
-0.00402715
-0.00397229
-0.00391727
-0.00386204
-0.00380664
-0.00375115
-0.00369558
-0.00363991
-0.00358412
-0.00352819
-0.00347215
-0.003416
-0.00335973
-0.00330335
-0.00324684
-0.00319022
-0.00313349
-0.00307663
-0.00301967
-0.00296259
-0.0029054
-0.00284809
-0.00279068
-0.00273316
-0.00267554
-0.00261781
-0.00255997
-0.00250204
-0.002444
-0.00238586
-0.00232763
-0.0022693
-0.00221088
-0.00215237
-0.00209376
-0.00203507
-0.00197629
-0.00191743
-0.00185849
-0.00179946
-0.00174035
-0.00168117
-0.00162191
-0.00156258
-0.00150318
-0.0014437
0
