0.0144649
-0.0105275
-0.0274633
-0.0138115
0.0135845
-0.0142974
-0.0332631
0.0529089
0.0686889
-0.0175604
-0.0402154
0.0571315
0.10006
0.00934168
-0.133236
-0.156022
0.0399048
0.0996856
0.0634447
-0.0292238
-0.0440436
0.0128578
0.0985173
0.0845368
-0.0010354
-0.0569696
-0.189883
-0.302985
-0.0767823
0.276049
0.302021
0.145896
-0.0679457
-0.178509
-0.228007
-0.00638441
0.170077
0.0542145
-0.0107581
-0.0475122
-0.115394
-0.0672923
0.169664
0.087787
-0.159474
-0.21723
-0.249357
-0.0565444
0.151222
0.264407
0.250682
0.0946536
-0.105737
-0.167543
-0.141724
-0.126492
-0.0709053
0.134231
0.217556
0.0853374
0.0111652
0.180346
0.127854
-0.235313
-0.268882
-0.00918804
0.181263
0.271504
0.156827
0.0394309
-0.000246436
-0.0632746
-0.0547115
0.141486
0.363684
0.131893
-0.341572
-0.38129
0.0615683
0.24612
0.343277
0.0404631
-0.161821
-0.222681
-0.236161
0.0293177
0.315028
0.298789
0.0153572
0.0498977
0.112197
-0.0580207
-0.101389
0.158151
0.290122
0.169224
-0.391069
-0.289346
0.00258059
0.0810324
0.308884
0.655409
0.579142
-0.286709
-0.687496
-0.814952
-0.442899
0.158123
0.467821
0.615754
0.218385
-0.155423
-0.293706
-0.292865
0.0317966
0.131898
0.0259416
0.147554
0.214209
0.104084
-0.0159073
0.0439595
0.156205
0.0180012
-0.365545
-0.548411
-0.50024
-0.259946
0.0789284
0.360746
0.547801
0.292623
0.137274
0.0716104
0.148029
0.215942
0.189122
0.256814
0.333112
0.144947
-0.0388007
-0.216121
-0.662963
-0.781457
-0.581628
-0.516666
-0.273715
0.245566
0.265486
0.238565
0.389513
0.593799
0.587789
0.598063
0.397881
-0.166156
-0.41094
-0.408514
-0.454788
-0.138737
0.234121
0.262077
0.074779
-0.326783
-0.386353
-0.233547
0.0118417
0.115177
-0.0425433
-0.251723
-0.0715088
0.430387
0.611601
0.176781
-0.163947
-0.0401702
-0.146542
-0.466608
-0.64751
-0.629771
-0.650657
-0.714416
-0.706733
-0.703549
-0.760421
-0.852179
-0.959551
-1.05365
-0.993867
-0.627718
0.194978
1.15828
1.8955
2.40066
2.66483
2.73464
2.67631
2.44382
1.74132
0.131705
-1.68503
-3.60786
-4.77806
-5.04644
-4.31325
-3.13719
-2.08029
-0.265203
1.29792
2.3234
2.98284
2.4535
0.985455
-0.521808
-2.3848
-2.74885
-2.82768
-2.21514
-0.998871
0.642056
2.31494
3.28026
3.6963
4.23027
4.90882
5.08812
4.42177
2.14547
-0.348522
-3.20654
-5.16053
-5.23409
-4.08221
-2.5052
-0.150286
1.22467
2.23224
2.88693
2.93644
2.70289
2.05002
1.19539
0.15245
-0.468819
-0.682192
-0.645765
-0.783818
-1.12272
-1.47009
-1.72942
-1.75644
-1.52605
-1.25346
-0.89966
-0.54693
-0.362382
-0.372457
-0.569287
-0.872024
-1.2178
-1.65002
-1.9593
-2.37232
-2.86849
-3.67131
-4.16846
-5.16072
-5.71329
-3.02777
0.943381
4.08722
5.20764
5.54271
5.54121
5.22335
4.53827
3.39138
2.55894
2.2871
1.76307
1.53827
1.9339
2.18419
2.41137
1.92917
0.743458
0.0466575
-1.10641
-3.15641
-4.96267
-5.0262
-3.37118
-1.06318
0.907074
2.50578
2.95852
1.35593
0.860542
0.791519
0.671867
0.240529
-0.0971958
-0.0943972
-0.0628402
0.0953361
0.790558
1.30896
1.23851
1.32314
1.12938
0.863036
0.506568
-0.00744668
-0.646452
-1.2445
-1.96619
-2.80783
-3.03252
-2.82496
-2.84629
-2.46837
-0.925946
0.492856
1.03896
1.03466
0.535646
0.0883541
-0.558488
-1.3293
-1.50496
-1.57301
-1.31219
-0.979265
-0.795929
0.097742
0.769922
1.28594
1.82801
2.28371
3.05574
3.5964
4.33115
4.33111
2.87567
1.11022
-0.400352
-1.69855
-2.40126
-1.69029
-0.600208
0.40161
0.693981
0.7445
0.649046
1.12445
1.96224
2.37466
2.36225
2.07545
1.81344
1.45639
1.29775
1.25563
1.19544
0.692082
0.208863
-0.314959
-0.943129
-1.7402
-2.14836
-2.01655
-1.69666
-1.4195
-1.24919
-1.11439
-1.22659
-1.55075
-1.79446
-1.76753
-1.64986
-1.46992
-1.30737
-0.927463
-0.26454
0.0715538
0.0746807
-0.181509
-0.715877
-1.56106
-1.96802
-2.04711
-2.18242
-2.23088
-1.68931
-0.362722
0.480848
1.11695
1.43822
1.61704
1.54789
1.51468
0.858125
-0.645456
-1.92045
-2.76004
-3.04914
-3.26905
-3.20786
-2.78626
-1.5069
-0.260017
0.194189
0.240548
0.043625
-0.178928
-0.372543
-0.475704
-0.400516
0.183988
0.859136
1.2319
1.47303
1.57783
1.55334
1.48034
1.4919
1.49671
1.58951
1.5809
1.24943
1.0796
0.818545
0.568692
0.414072
0.325285
0.339057
0.254959
0.00416686
-0.719546
-1.58189
-1.78787
-1.09516
-0.585469
0.105443
0.786168
1.04908
1.33491
1.45172
1.50313
1.34905
1.15258
1.01231
0.840987
0.458378
0.303997
0.874197
0.745726
0.218305
-0.2514
-0.737167
-0.813889
-0.999057
-0.761135
-1.13376
-1.71574
-1.49752
-0.642202
-0.12898
0.11546
0.382301
0.692285
1.29778
1.65889
1.98197
2.05418
1.90979
1.47434
1.00375
0.361738
-0.174719
-0.391635
-0.122355
0.313378
0.320913
0.024949
-0.364637
-0.659242
-0.804776
-0.640814
-0.485158
-0.584131
-0.825437
-1.03394
-1.08691
-0.941907
-0.854484
-0.885754
-0.986126
-1.06262
-1.11129
-1.16301
-1.02941
-0.815766
-0.622416
-0.332224
0.00745789
0.294271
0.492439
0.594526
0.666545
0.758806
0.849098
0.918328
0.952862
0.910186
0.579786
-0.0148778
-0.418798
-0.59516
-0.62542
-0.610428
-0.63678
-0.632014
-0.593492
-0.545243
-0.506051
-0.485861
-0.456725
-0.331127
-0.139296
0.0308134
0.0682763
-0.0233592
-0.160726
-0.205261
-0.115179
0.0525219
0.195962
0.260285
0.336522
0.428963
0.543555
0.655908
0.696859
0.685732
0.728792
0.794354
0.815164
0.709104
0.401585
0.117497
0.0606177
0.147131
0.232055
0.257773
0.165918
0.00823866
-0.119422
0.0296861
0.280274
0.395986
0.397913
0.27506
0.173339
0.129934
0.164019
0.167615
0.103949
0.0437911
-0.0745634
-0.203194
-0.285673
-0.326288
-0.278619
-0.264697
-0.305112
-0.399047
-0.540542
-0.700809
-0.851941
-0.920505
-0.928634
-0.844729
-0.639493
-0.410227
-0.237947
-0.124215
-0.0195483
0.103561
0.244712
0.379847
0.455615
0.474655
0.369756
0.201151
0.0773191
0.00611594
-0.0523024
-0.13789
-0.157614
-0.0764077
0.0654939
0.197389
0.210602
0.109661
-0.00369496
-0.07002
-0.0662131
-0.0197133
0.0501271
0.153754
0.252063
0.322643
0.350811
0.300839
0.224298
0.183653
0.168088
0.169216
0.147183
0.0729212
-0.0249411
-0.0919558
-0.126653
-0.152234
-0.14251
-0.0964598
-0.00297859
0.0881535
0.134853
0.122987
0.0709862
0.0658069
0.0800998
0.0176734
-0.0678437
-0.165706
-0.217586
-0.157692
-0.0927991
-0.0827344
-0.123679
-0.207437
-0.237246
-0.108909
0.161531
0.460511
0.666317
0.745524
0.682558
0.526989
0.315252
0.0665708
-0.130751
-0.209521
-0.24007
-0.249597
-0.277387
-0.332726
-0.345532
-0.294334
-0.204401
-0.0989645
-0.0133699
0.0295618
0.0548806
0.107049
0.248151
0.403208
0.506096
0.49261
0.368869
0.197716
0.0642485
0.0175462
-0.0108835
-0.0724898
-0.161605
-0.179769
-0.0315091
0.221029
0.41701
0.542838
0.563719
0.465527
0.288977
0.113936
-0.00944535
-0.0595562
0.0110347
0.156516
0.283454
0.372248
0.401435
0.377084
0.331132
0.242256
0.100312
-0.0970495
-0.32162
-0.527339
-0.677829
-0.749372
-0.723503
-0.644605
-0.539558
-0.449185
-0.376105
-0.286571
-0.153055
0.0219439
0.171533
0.249871
0.254129
0.217353
0.168292
0.0824357
-0.0968932
-0.341086
-0.546964
-0.682751
-0.642287
-0.554433
-0.474386
-0.330404
-0.168569
-0.0313547
0.0151061
-0.0374334
-0.184585
-0.354098
-0.386615
-0.232807
-0.0817083
0.00152791
-0.0354378
-0.148013
-0.214827
-0.197274
-0.132261
-0.0896684
-0.106472
-0.186421
-0.240709
-0.178814
-0.0306142
0.1087
0.161578
0.143205
0.0982627
0.0752415
0.0736518
0.0240213
-0.0357151
-0.119772
-0.197901
-0.210176
-0.169103
-0.158208
-0.157798
-0.0922047
0.0128629
0.131445
0.250687
0.400467
0.556454
0.704325
0.734983
0.654534
0.356513
-0.0361897
-0.242027
-0.36191
-0.367648
-0.298056
-0.182152
-0.0678882
0.0325515
0.132391
0.221995
0.274564
0.28548
0.251083
0.164258
0.0623186
0.0201153
0.03325
0.0248632
0.0216944
0.0581797
0.15818
0.316166
0.479661
0.577761
0.629141
0.618515
0.586308
0.495334
0.304421
-0.0767468
-0.454906
-0.61895
-0.648148
-0.531725
-0.359654
-0.163822
-0.0223586
0.0395567
0.0516119
0.00064232
-0.124907
-0.278576
-0.372828
-0.376007
-0.313752
-0.265501
-0.255825
-0.302396
-0.360932
-0.396198
-0.403885
-0.345638
-0.299167
-0.296438
-0.296357
-0.245538
-0.109062
0.0300223
0.139369
0.231002
0.321666
0.410361
0.495007
0.570477
0.602994
0.550995
0.469838
0.413461
0.359862
0.295048
0.211482
0.14174
0.0953289
0.107644
0.183214
0.258854
0.325758
0.387013
0.449249
0.44649
0.338943
0.163124
-0.0521596
-0.236945
-0.335436
-0.29833
-0.206817
-0.0992593
-0.0141331
0.0246917
0.0184645
0.00971831
0.0297906
0.074583
0.130281
0.151443
0.157851
0.108901
0.0628094
0.0426978
-0.00719193
-0.0981352
-0.188399
-0.241207
-0.240007
-0.166446
-0.0954245
-0.109348
-0.20417
-0.30268
-0.374471
-0.408807
-0.431877
-0.47573
-0.49927
-0.443891
-0.324139
-0.154446
0.0189145
0.0606583
0.039887
0.0338099
0.0418171
0.063089
0.102833
0.142178
0.146417
0.147657
0.127265
0.0731576
-0.0200146
-0.0980229
-0.111077
-0.0696834
0.0144234
0.0868549
0.0945623
0.0843868
0.0857668
0.0993918
0.126651
0.124023
0.092416
0.0764629
0.129072
0.21077
0.267408
0.249296
0.148267
0.0117918
-0.143815
-0.282829
-0.4035
-0.473202
-0.481898
-0.42507
-0.309666
-0.154507
-0.00162823
0.0782104
0.109908
0.113327
0.116017
0.0981245
0.0421175
0.00302363
0.00605295
0.0335425
0.0772056
0.11797
0.148008
0.167371
0.191472
0.214393
0.255747
0.289754
0.261576
0.208268
0.146903
0.101202
0.0830498
0.0805114
0.0653181
0.0485653
0.0298234
-0.0255939
-0.138538
-0.28239
-0.394674
-0.436317
-0.365545
-0.238335
-0.103889
-0.0118748
0.0291294
0.0322787
0.0266215
0.0205445
-0.00440492
-0.0563935
-0.154104
-0.260971
-0.325534
-0.31007
-0.249214
-0.191656
-0.140856
-0.0631662
0.0298172
0.0820069
0.0811678
0.0616162
0.0355472
0.0259616
0.0293109
0.00857975
-0.0135608
-0.034042
-0.0480158
-0.058691
-0.10959
-0.170875
-0.173233
-0.0946543
0.0289568
0.116223
0.150479
0.162135
0.182898
0.201771
0.210588
0.186128
0.126812
0.101063
0.13546
0.191138
0.206053
0.203784
0.177076
0.135463
0.0913612
0.038273
-0.0335177
-0.114005
-0.184486
-0.22446
-0.207216
-0.12124
0.03077
0.220645
0.388348
0.468866
0.470546
0.409111
0.303274
0.203735
0.106194
0.078386
0.105756
0.117212
0.104817
0.107557
0.109246
0.0632055
0.0199033
-0.0359338
-0.0935601
-0.138282
-0.159933
-0.160562
-0.159662
-0.156252
-0.131252
-0.0966151
-0.0714346
-0.0639171
-0.0723232
-0.10346
-0.146163
-0.183117
-0.185966
-0.166753
-0.108396
-0.0279273
0.0184447
0.0309402
-0.0351728
-0.151206
-0.286461
-0.384112
-0.440419
-0.457541
-0.457691
-0.426123
-0.347864
-0.268185
-0.164556
-0.0547693
0.0277781
0.0679525
0.0752101
0.0470819
-0.0257985
-0.0673814
-0.0454596
0.0258023
0.101173
0.141537
0.174944
0.18698
0.168717
0.160321
0.158842
0.1413
0.118779
0.0901313
0.103086
0.166402
0.214133
0.226079
0.181487
0.120582
0.061186
-0.00509705
-0.0610142
-0.118871
-0.131085
-0.0645115
0.0472442
0.182411
0.297255
0.355742
0.372596
0.369307
0.374686
0.376125
0.378125
0.374497
0.336073
0.301987
0.253976
0.185174
0.117532
0.0357148
-0.0296287
-0.0811377
-0.0924528
-0.07354
-0.0629139
-0.049249
-0.0520875
-0.0819052
-0.124618
-0.169249
-0.176036
-0.131574
-0.0573732
-0.000495661
0.000554256
-0.0159288
-0.0181876
-0.0291529
-0.0334408
-0.0544121
-0.0569908
-0.00933952
0.0262665
0.0403212
0.0143919
-0.0283307
-0.0659353
-0.0881462
-0.107198
-0.0785494
-0.0419838
-0.00269921
0.0172731
0.00180954
0.000640276
-0.0151131
-0.00235799
0.025851
0.0373866
0.0376768
0.0652859
0.083219
0.0654764
0.0140972
-0.0570541
-0.138221
-0.205704
-0.237521
-0.226256
-0.167939
-0.105064
-0.0571025
-0.0356109
-0.0169782
-0.01205
-0.0208262
-0.0523134
-0.0673572
-0.042617
-0.00814057
0.00326505
-0.0384481
-0.0864987
-0.134259
-0.150473
-0.166736
-0.217136
-0.259269
-0.291266
-0.319794
-0.322413
-0.316875
-0.307279
-0.284968
-0.245473
-0.195513
-0.169304
-0.161017
-0.146083
-0.129029
-0.0966322
-0.0945429
-0.0960222
-0.0586771
-0.0108661
0.034076
0.0261093
0.00208896
-0.0395343
-0.0622651
-0.0818373
-0.0680627
-0.0142142
0.0251401
0.0557879
0.0443225
0.0316077
0.0260799
0.0316178
0.0515098
0.0948725
0.155548
0.210516
0.253859
0.284157
0.303839
0.306278
0.306598
0.288955
0.272851
0.252419
0.222162
0.214035
0.196962
0.19997
0.212925
0.228579
0.232927
0.193473
0.146972
0.106957
0.088125
0.0840665
0.0787786
0.0507897
0.0166333
-0.00856667
-0.032887
-0.0470114
-0.0589867
-0.063505
-0.0594267
-0.0520198
-0.0582274
-0.0536793
-0.0453827
-0.062496
-0.0714525
-0.0961628
-0.107468
-0.0965928
-0.059078
-0.0278806
-0.034558
-0.037447
-0.0504819
-0.0570195
-0.0901364
-0.135138
-0.148044
-0.103562
-0.0262426
0.0485873
0.109253
0.147627
0.152575
0.117469
0.0924489
0.0650696
0.0333521
0.00204448
-0.0371001
-0.0604909
-0.0538438
-0.00838217
0.0483149
0.0944862
0.132211
0.136199
0.0691757
-0.0207785
-0.0756268
-0.0913408
-0.0725685
-0.0280366
0.0195841
0.0463131
0.0567287
0.0230219
-0.0363446
-0.0604952
-0.0509693
-0.00605751
0.0430925
0.0729403
0.0999692
0.120021
0.123369
0.0740287
0.00931432
-0.058239
-0.0821897
-0.074673
-0.0544314
-0.0340399
-0.0339202
-0.047865
-0.0695366
-0.104763
-0.140059
-0.149526
-0.142099
-0.105324
-0.0783751
-0.0616022
-0.057834
-0.0472086
-0.0183905
-0.00131773
0.0126863
0.0178539
0.00930691
0.0124453
0.0179427
0.0399135
0.0604049
0.0657324
0.0721395
0.0484686
0.0370827
0.037952
0.0488972
0.0594726
0.0412195
0.0157392
-0.0198769
-0.0391396
-0.061671
-0.0804439
-0.0900705
-0.0933796
-0.0556252
-0.0139223
0.0181245
0.0480421
0.0629756
0.0320676
-0.0269393
-0.091104
-0.123541
-0.117454
-0.0985324
-0.0746724
-0.066986
-0.0337598
-0.0115291
-0.00965034
-0.0188072
-0.027884
-0.0201176
-0.0124911
0.0128083
0.0113284
0.00648982
0.0176748
0.0363169
0.0417442
0.0405242
0.02472
0.0213409
0.00415726
-0.0232923
-0.0407758
-0.041626
-0.0120083
0.00699355
0.0456576
0.0640497
0.0740052
0.0710158
0.0598997
0.0340196
0.0204345
0.0338686
0.071333
0.110047
0.128879
0.127409
0.112005
0.0966302
0.0465697
0.00748475
0.00380567
0.01648
0.0640005
0.106463
0.0985555
0.0676073
0.0329306
0.00995926
-0.0160809
-0.0427508
-0.0628333
-0.0753889
-0.0892839
-0.0969714
-0.0739412
-0.013366
0.0507977
0.0939099
0.114191
0.103305
0.074066
0.0309927
-0.00197472
-0.0246562
-0.0313342
-0.033164
-0.0606336
-0.0585551
-0.0591654
-0.0561573
-0.0519495
-0.0621061
-0.0753414
-0.113787
-0.136718
-0.142166
-0.131182
-0.119357
-0.11379
-0.103624
-0.0932092
-0.0967784
-0.0926507
-0.078427
-0.050039
-0.0211411
-0.008097
-0.0242312
-0.0315389
-0.0426151
-0.0548708
-0.0404072
-0.0398281
-0.0363701
-0.0495655
-0.0671591
-0.0665499
-0.0674902
-0.0624929
-0.0552864
-0.0294474
-0.00230887
0.0246097
0.0433116
0.0451702
0.0449896
0.0539154
0.0728072
0.0731864
0.0794632
0.0837809
0.0715451
0.0544813
0.0350784
0.0206235
0.010217
0.00552825
0.0182225
0.0269584
0.0451804
0.0476088
0.0540555
0.0702384
0.0692082
0.057952
0.0278634
0.00340254
-0.0246069
-0.0383921
-0.0284667
-0.0190211
-0.0128742
-0.0166934
-0.0460023
-0.0756711
-0.0948641
-0.094265
-0.0631181
-0.0160576
0.010711
0.0254145
0.0485246
0.0664867
0.0835393
0.0876469
0.073322
0.0563681
0.0508897
0.0555671
0.0659823
0.0780568
0.104386
0.124017
0.122617
0.123686
0.117648
0.129012
0.137418
0.13277
0.111777
0.0938839
0.0800188
0.0760397
0.0779682
0.0901927
0.0992684
0.0941498
0.0713783
0.0330529
0.0169387
-0.00106472
-0.00985186
-0.00300525
0.0168162
0.0270714
0.0431443
0.0394951
0.0217016
-0.00930665
-0.0547991
-0.094094
-0.124642
-0.126153
-0.10949
-0.0878391
-0.0707666
-0.0460471
-0.0311238
-0.019569
-0.00741454
-0.00675545
0.00964735
0.0276695
0.0578168
0.0799673
0.102438
0.106545
0.088272
0.0759863
0.0534947
0.040999
0.0284234
0.020476
0.0226045
0.0212244
0.0211338
0.0319089
0.0189235
0.00533826
-0.0132949
-0.0288393
-0.0299095
-0.017845
-0.0105985
-0.0321905
-0.0701259
-0.106402
-0.119407
-0.119108
-0.113391
-0.0833737
-0.0427206
-0.0190507
0.00952728
0.0251104
0.029658
0.0172124
-0.0171145
-0.0246121
-0.0298406
-0.0369484
-0.0225048
-0.0352802
-0.0319422
-0.0409392
-0.0483668
-0.0516061
-0.0654812
-0.0753278
-0.0808762
-0.0935917
-0.100719
-0.10045
-0.0968421
-0.0722826
-0.0433247
-0.0174957
-0.0276522
-0.0356196
-0.056052
-0.0643792
-0.0693378
-0.0786646
-0.0733773
-0.0779161
-0.0816452
-0.0847445
-0.0901729
-0.0940519
-0.114984
-0.12624
-0.116835
-0.1042
-0.0979832
-0.094755
-0.0830602
-0.067627
-0.0766539
-0.0705169
-0.0496758
-0.0419994
-0.00846341
-0.00655473
0.00280098
0.00987761
0.00925731
0.00396889
-0.0130049
-0.00344923
0.0172719
0.0396524
0.0424408
0.0213287
-0.0202452
-0.0413773
-0.0459959
-0.0589013
-0.0472565
-0.0401199
-0.026136
-0.00565471
0.00231158
0.017385
0.0253913
0.0494312
0.0629253
0.0781786
0.0780682
0.0706506
0.0858441
0.0830946
0.0735279
0.0742172
0.0855321
0.11586
0.131853
0.114639
0.0712458
0.0389183
0.0168866
0.00236191
0.00441059
0.0130467
0.0363168
0.049701
0.0297485
0.0114453
0.00697662
0.00767585
0.00589608
-0.0118773
-0.0150865
-0.0164664
-0.00152289
0.0110116
0.0185381
0.0469963
0.0556423
0.065348
0.0546518
0.0280419
0.0252626
0.0403361
0.0573688
0.0646154
0.0697629
0.0615157
0.0526988
0.0561069
0.0458206
0.0367937
0.0392423
0.0316749
0.020159
0.00775349
0.0183488
0.0463471
0.0624902
0.0601707
0.0540726
0.0373989
0.0350393
0.0418062
0.05623
0.0822191
0.0815489
0.0832178
0.0777495
0.0795983
0.0804575
0.0910028
0.0856545
0.0768076
0.0623629
0.0505972
0.0410306
0.0293348
0.0278449
0.024076
0.0257548
0.0132494
-0.009412
-0.0509858
-0.0615021
-0.0599531
-0.0592339
-0.0436406
-0.0295367
-0.00083862
0.014005
0.00651752
-0.00520824
-0.0246509
-0.0392056
-0.064146
-0.0767215
-0.0667359
-0.047764
-0.0215949
-0.00358258
-0.0044327
-0.0178078
-0.0228063
-0.0349619
-0.0414597
-0.044469
-0.0285059
-0.0153516
-0.00734527
-0.00537654
-0.0194914
-0.0302775
-0.0589665
-0.0716619
-0.097542
-0.105749
-0.101791
-0.093655
-0.0794512
-0.0734141
-0.0516233
-0.0464659
-0.0320221
-0.0250954
-0.0182686
-0.0215178
-0.0105627
0.00985861
0.0322891
0.0484821
0.0454429
0.0525795
0.0645242
0.0641238
0.0655428
0.0740388
0.0900219
0.0965988
0.0934195
0.106994
0.0931285
0.0717466
0.0599707
0.0414376
0.0375886
0.0347692
0.0401865
0.047503
0.0601774
0.039775
0.00394874
-0.0160738
-0.0356366
-0.035947
-0.0511302
-0.0634361
-0.0599167
-0.0452044
-0.0520081
-0.0544669
-0.0550147
-0.0569313
-0.0588369
-0.0677875
-0.0570354
-0.0341352
-0.0230656
-0.0398222
-0.0610431
-0.0717773
-0.0671621
-0.0619154
-0.0822435
-0.0975228
-0.10219
-0.0665556
-0.0281243
-0.00582917
-0.00110465
-0.0145392
-0.0244219
-0.0299289
-0.0342461
-0.0473766
-0.0567879
-0.0620538
-0.0627254
-0.0584132
-0.0534804
-0.0421613
-0.0313604
-0.0293648
-0.0267466
-0.0155756
0.00244977
0.0120974
0.0177918
0.0209292
0.0229905
0.0228318
0.0144905
0.00774369
-0.00239794
-0.0141007
-0.0240778
-0.0293534
-0.0135037
0.0168265
0.0356614
0.0310092
0.0294412
0.0245766
0.0304026
0.0288711
0.028128
0.026872
0.0262504
0.0294162
0.0319681
0.0389956
0.0372083
0.032031
0.0230596
0.024948
0.0296396
0.0388044
0.041803
0.0410524
0.0409018
0.0391024
0.0344602
0.025757
0.0262523
0.0271382
0.0283192
0.028908
0.0185763
0.00947472
0.00365025
0.0026625
0.00169487
0.0047684
0.00994362
0.0133844
0.0188896
0.013765
0.00631957
0.00339341
0.00356217
0.00237835
0.00206667
-0.00169922
-0.00652094
-0.00881266
-0.0122215
-0.0128174
-0.0141267
-0.0114665
-0.0057425
-0.00567714
-0.00555652
-0.00433396
-0.00528804
-0.00777692
-0.0118896
-0.0118596
-0.0122352
-0.0102928
-0.0101952
-0.00748416
-0.00576714
-0.0070381
-0.00745663
-0.00879682
-0.00757704
-0.00616035
-0.00520982
-0.00317449
-7.49627e-05
0.00254656
0.00545466
0.00513172
0.00380523
0.0035996
0.00343093
0.00250045
0.00135611
5.82439e-05
0.000478022
-0.000377973
0.000177258
0.00146817
0.00217344
0.00270232
0.00203403
0.00188242
0.00217845
0.00304019
0.00348547
0.00372117
0.00361821
0.00354394
0.00329183
0.00269641
0.0022029
0.00182534
0.00171201
0.00140045
0.00127817
0.000941469
0.000733408
0.000610505
0.000325704
0.000296867
0.000167767
0.000106643
0.000118371
7.8825e-05
8.00323e-05
5.92795e-05
-2.50694e-05
-6.14979e-05
-0.000147078
-0.000165646
-0.000146687
-0.000159866
-0.000184717
-0.000255862
-0.000323811
-0.000346695
-0.00035637
-0.000377999
-0.000395137
-0.000404718
-0.000415551
-0.000419012
-0.000411803
-0.000402913
-0.000392676
-0.000385494
-0.000382291
-0.00037888
-0.000376629
-0.000374803
-0.000374573
-0.00037558
-0.00037831
-0.000382861
-0.000389317
-0.000397396
-0.000406737
-0.000416925
-0.000427496
-0.000437997
