-0.0307866
-0.0307289
-0.0306716
-0.0306146
-0.0305578
-0.0305013
-0.030445
-0.0303889
-0.030333
-0.030277
-0.0302211
-0.030165
-0.0301089
-0.0300522
-0.029995
-0.0299392
-0.029889
-0.0298439
-0.0298017
-0.0297627
-0.0297284
-0.0296976
-0.0296567
-0.0295991
-0.0295373
-0.0294788
-0.029419
-0.0293503
-0.0292706
-0.0291805
-0.0290519
-0.028862
-0.0286646
-0.0285038
-0.0284066
-0.0283908
-0.0284602
-0.0285563
-0.028655
-0.0287823
-0.0289271
-0.0290446
-0.0290367
-0.0289004
-0.0287604
-0.0286668
-0.0285738
-0.0284349
-0.028253
-0.028054
-0.0278507
-0.0276373
-0.027402
-0.0271735
-0.0271409
-0.0272711
-0.0273832
-0.0274299
-0.0274821
-0.0275951
-0.0277566
-0.0279247
-0.0279317
-0.0276919
-0.0274064
-0.0272069
-0.0270428
-0.0268289
-0.0265536
-0.026258
-0.0262176
-0.0267296
-0.0274384
-0.0280027
-0.0284632
-0.0285601
-0.0278247
-0.0268028
-0.0260232
-0.0254065
-0.0246676
-0.0237273
-0.0226943
-0.0219332
-0.0229057
-0.0251321
-0.0271039
-0.0285089
-0.0298222
-0.0307737
-0.0311751
-0.0308455
-0.0302449
-0.0297288
-0.0284896
-0.0262509
-0.0238079
-0.0217023
-0.019917
-0.0185977
-0.017903
-0.0188261
-0.0207939
-0.0224976
-0.0237495
-0.0248325
-0.0254657
-0.0258914
-0.0265014
-0.0272802
-0.0280246
-0.0286642
-0.0292771
-0.0298511
-0.0296792
-0.028694
-0.0276951
-0.0270274
-0.0264395
-0.025666
-0.0247168
-0.0237383
-0.0231117
-0.0231649
-0.0234048
-0.0234037
-0.0232384
-0.0231438
-0.0231827
-0.023265
-0.0233142
-0.0233475
-0.023396
-0.0234609
-0.0235308
-0.0236001
-0.023671
-0.0237464
-0.0239241
-0.0258663
-0.03049
-0.035787
-0.0389905
-0.0383726
-0.0325797
-0.023439
-0.0150931
-0.00776759
0.000705283
0.00765891
0.00963681
0.00432316
-0.00585876
-0.0150517
-0.022074
-0.0284457
-0.0343914
-0.0384852
-0.0394819
-0.0365978
-0.0324417
-0.0293465
-0.0269314
-0.0239669
-0.0201769
-0.0160984
-0.0123371
-0.0117048
-0.0154719
-0.0197896
-0.0223742
-0.0242172
-0.0268084
-0.0302962
-0.0339579
-0.0350094
-0.0308894
-0.0252588
-0.0213512
-0.018621
-0.0153094
-0.0109386
-0.00618175
-0.00208897
-0.00111592
-0.00216243
-0.00264861
-0.00420659
-0.0090317
-0.0150136
-0.0201753
-0.0247312
-0.0296439
-0.0351905
-0.0409647
-0.0433823
-0.038767
-0.0320325
-0.0276387
-0.0248903
-0.0213906
-0.016473
-0.0110488
-0.00683642
-0.00870428
-0.014627
-0.0191883
-0.0191784
-0.0155755
-0.0127298
-0.0120258
-0.0117915
-0.0105786
-0.00854213
-0.0064957
-0.00509328
-0.00478736
-0.0048581
-0.00501808
-0.00784637
-0.0128724
-0.0175937
-0.0213415
-0.0250197
-0.0292999
-0.0340192
-0.0387583
-0.0435597
-0.0468938
-0.0391722
-0.0234978
-0.00981621
-0.000207955
0.0087133
0.0166741
0.0197631
0.0103726
-0.00504132
-0.0169596
-0.0231334
-0.0249549
-0.0223569
-0.0195266
-0.0187052
-0.0184034
-0.0169112
-0.0143181
-0.0116203
-0.00960324
-0.00952907
-0.0129253
-0.0233018
-0.0367685
-0.0483532
-0.0581457
-0.0679721
-0.0771184
-0.0781971
-0.0684366
-0.0427755
-0.00938091
0.0201547
0.045231
0.0698697
0.0875828
0.0894374
0.0683022
0.0393999
0.0174343
0.000446424
-0.0192821
-0.0438212
-0.0700283
-0.0936814
-0.106968
-0.111526
-0.110469
-0.0976986
-0.069513
-0.0390256
-0.0125464
0.015804
0.0426815
0.0568006
0.0519213
0.0360573
0.0239471
0.0176185
0.0106928
-0.000315145
-0.0135831
-0.0262733
-0.0356997
-0.0383856
-0.0327051
-0.0172186
-9.67782e-05
0.0134749
0.025619
0.039758
0.0557481
0.062715
0.051843
0.0188603
-0.0265898
-0.0707616
-0.10195
-0.115862
-0.109575
-0.0840288
-0.0458717
0.00383473
0.0520315
0.0828652
0.0976361
0.0978296
0.0872923
0.0673839
0.0467288
0.0285122
0.00986787
-0.0113949
-0.0343499
-0.0569683
-0.0751488
-0.085193
-0.0737364
-0.04351
-0.0147121
0.00908612
0.0323397
0.0415887
0.0296114
-0.000934994
-0.032452
-0.0554966
-0.0674634
-0.0640254
-0.038598
-0.0087071
0.0131326
0.0311625
0.0524086
0.0759469
0.0894065
0.0843155
0.0603457
0.0310193
0.00787316
-0.0114257
-0.0333621
-0.0593242
-0.0864569
-0.110591
-0.117644
-0.105287
-0.0836529
-0.0644675
-0.0499255
-0.0349575
-0.0164438
0.00421025
0.0245028
0.0438324
0.0652607
0.0888477
0.10168
0.096156
0.0641556
0.0231711
-0.00927401
-0.0353614
-0.0632526
-0.0925808
-0.108029
-0.104975
-0.0843311
-0.0530136
-0.0160068
0.0208356
0.0574107
0.101677
0.146246
0.165649
0.152393
0.119857
0.0839056
0.0542147
0.0269314
-0.00439013
-0.0401481
-0.076759
-0.110712
-0.133474
-0.139911
-0.127271
-0.100901
-0.0627148
-0.0229704
0.0128577
0.0460139
0.0776151
0.102838
0.121352
0.131646
0.133346
0.124306
0.104276
0.078214
0.0538094
0.0319131
0.00928503
-0.015565
-0.0414571
-0.0668659
-0.0871521
-0.0972617
-0.0917436
-0.0703109
-0.0486499
-0.0337305
-0.0205254
-0.00379162
0.0160595
0.0359836
0.0512325
0.0553442
0.0542201
0.0545193
0.0468204
0.0274823
0.00654338
-0.0102752
-0.0246142
-0.0358316
-0.0351219
-0.0134224
0.0137717
0.0337168
0.0491779
0.067228
0.0893678
0.112601
0.133215
0.1412
0.131643
0.103495
0.0606621
0.00747579
-0.0518324
-0.112422
-0.164601
-0.200744
-0.220202
-0.2257
-0.22223
-0.205366
-0.163706
-0.0927324
0.0045901
0.114706
0.225238
0.315415
0.364714
0.350494
0.286877
0.203543
0.111996
0.0139677
-0.0693207
-0.126942
-0.163174
-0.182613
-0.191939
-0.189367
-0.173552
-0.147604
-0.118224
-0.0875133
-0.0480983
0.000966017
0.0506997
0.0968189
0.141721
0.188264
0.235309
0.272775
0.292119
0.286954
0.254732
0.189356
0.117297
0.0500546
-0.0244937
-0.0939386
-0.122508
-0.111574
-0.0869367
-0.0696819
-0.0601596
-0.047775
-0.0281224
-0.00515032
0.0164418
0.0361801
0.0609781
0.0934643
0.120042
0.130967
0.119251
0.100493
0.0896223
0.0844413
0.0768027
0.0644168
0.0504711
0.0372423
0.0214503
0.00299664
-0.0166356
-0.046907
-0.0831969
-0.10058
-0.0829814
-0.035312
0.0281733
0.0925755
0.138361
0.15664
0.123997
0.0540196
-0.0215721
-0.0766523
-0.101333
-0.104072
-0.089503
-0.0574345
-0.017595
0.0168148
0.0416223
0.0654466
0.0946455
0.127486
0.157318
0.166091
0.136049
0.082674
0.0372082
0.00469439
-0.025129
-0.0536499
-0.0814137
-0.107666
-0.123684
-0.119469
-0.083327
-0.01641
0.0717002
0.16872
0.26728
0.345397
0.369331
0.338706
0.282858
0.21777
0.156502
0.0973287
0.0330824
-0.0361632
-0.0982686
-0.144179
-0.167165
-0.164774
-0.133719
-0.0833304
-0.0205187
0.0272283
0.050183
0.0469626
0.0274342
-0.0100808
-0.0549937
-0.0988913
-0.148356
-0.192157
-0.212988
-0.193756
-0.131964
-0.0229737
0.105753
0.20177
0.250678
0.270066
0.272046
0.262335
0.240004
0.203801
0.149574
0.0674401
-0.0260853
-0.112358
-0.191208
-0.260667
-0.294252
-0.258342
-0.16105
-0.0335846
0.107765
0.237206
0.348656
0.414303
0.417343
0.381877
0.331977
0.277106
0.222218
0.164951
0.101479
0.0275928
-0.0345904
-0.062796
-0.0490174
-0.0133002
0.0336955
0.0835771
0.133876
0.178655
0.209051
0.221888
0.218333
0.206717
0.192945
0.179826
0.149744
0.0923739
0.03036
-0.0188136
-0.0433069
-0.0316474
0.0153204
0.079137
0.134921
0.180764
0.227088
0.273741
0.27946
0.218275
0.139785
0.0841084
0.0364603
-0.0244922
-0.0720816
-0.0807579
-0.0464898
0.0198271
0.111485
0.20577
0.294459
0.375445
0.405993
0.379794
0.326271
0.269598
0.22121
0.173967
0.12067
0.0693003
0.0231086
-0.0228835
-0.0754057
-0.130219
-0.172863
-0.187315
-0.168728
-0.116041
-0.0405475
0.0601451
0.17238
0.281611
0.383868
0.441114
0.422711
0.382621
0.375756
0.399551
0.437664
0.471805
0.467958
0.414188
0.313842
0.190585
0.0788041
-0.0185145
-0.109856
-0.192437
-0.260928
-0.315448
-0.35847
-0.383527
-0.382734
-0.346421
-0.283992
-0.198155
-0.105097
-0.0179404
0.0660655
0.143697
0.204688
0.260477
0.322061
0.387523
0.450883
0.510714
0.569519
0.628072
0.664051
0.659066
0.593646
0.480398
0.371419
0.281612
0.145236
-0.0435378
-0.196733
-0.347623
-0.490145
-0.608229
-0.672899
-0.686321
-0.609623
-0.431666
-0.208086
-0.0148009
0.0846547
0.126013
0.174846
0.243202
0.305797
0.351992
0.384043
0.404486
0.402133
0.363616
0.275766
0.164314
0.064237
-0.00712686
-0.0590287
-0.0877718
-0.105397
-0.125703
-0.14574
-0.161776
-0.174325
-0.185876
-0.190677
-0.180557
-0.165841
-0.156182
-0.1502
-0.145608
-0.14434
-0.145571
-0.132337
-0.0655543
0.0582749
0.201816
0.338489
0.438406
0.467231
0.450639
0.425702
0.390688
0.3321
0.254602
0.171939
0.08267
-0.0261236
-0.15387
-0.289818
-0.424261
-0.499576
-0.494243
-0.413757
-0.234252
0.052056
0.350019
0.563216
0.661116
0.669874
0.614132
0.491219
0.343114
0.206963
0.103518
0.0387925
-0.0179777
-0.0869064
-0.161176
-0.226527
-0.265514
-0.276219
-0.240049
-0.179503
-0.130679
-0.0893231
-0.0407969
-0.0189676
-0.0521852
-0.109562
-0.146593
-0.148466
-0.125915
-0.0492615
0.105975
0.278038
0.426715
0.555036
0.673649
0.773216
0.808403
0.759827
0.662867
0.544244
0.424846
0.30716
0.176989
0.0520157
-0.0419065
-0.0922511
-0.12135
-0.14752
-0.169636
-0.174669
-0.10414
0.0782199
0.284426
0.449629
0.575824
0.681174
0.75718
0.77749
0.713152
0.590068
0.473405
0.381256
0.292478
0.204721
0.115607
0.0187764
-0.0807558
-0.179815
-0.281664
-0.375722
-0.435896
-0.452204
-0.435847
-0.370521
-0.203553
0.015696
0.211152
0.373143
0.489931
0.529012
0.48684
0.41116
0.348149
0.303793
0.269691
0.229397
0.179064
0.133406
0.0857475
0.0156598
-0.0644706
-0.135615
-0.164062
-0.0790564
0.113509
0.334045
0.553984
0.706244
0.7556
0.72644
0.659718
0.580701
0.490713
0.388488
0.275293
0.171457
0.100877
0.05265
0.0145547
0.000915835
0.0252204
0.0923386
0.191521
0.303297
0.408439
0.504943
0.60024
0.689106
0.726469
0.670757
0.52698
0.37336
0.256453
0.179406
0.150398
0.171929
0.224331
0.285741
0.349056
0.405795
0.449489
0.464516
0.44602
0.386943
0.29522
0.172475
0.00690277
-0.169757
-0.323818
-0.458371
-0.555633
-0.569017
-0.487623
-0.285964
0.00897962
0.297346
0.536434
0.718206
0.869654
0.983363
1.04942
1.0596
1.0267
0.971491
0.902152
0.811861
0.712179
0.618082
0.531875
0.455373
0.394829
0.37023
0.386797
0.440038
0.514426
0.603913
0.688833
0.731431
0.705964
0.609294
0.489853
0.389005
0.284684
0.179588
0.0994882
0.0577087
0.0531609
0.0859753
0.149183
0.248017
0.387191
0.551288
0.71112
0.860385
0.984081
1.03691
1.01752
0.972028
0.931365
0.891768
0.845034
0.790003
0.730084
0.666815
0.600527
0.534028
0.482508
0.456633
0.462569
0.514192
0.622221
0.745903
0.853781
0.940819
0.992099
1.00796
1.00405
0.992878
0.985746
0.990006
1.00443
1.01598
1.02062
1.02406
1.03094
1.04051
1.04995
1.05517
1.05028
1.03601
1.01684
0.997625
0.976468
0.944567
0.888928
0.808884
0.728421
0.658432
0.591523
0.520084
0.452678
0.397824
0.346542
0.286506
0.213869
0.139573
0.0656362
-0.0193104
-0.0919652
-0.125948
-0.110462
-0.0524938
0.0554767
0.211949
0.395405
0.57406
0.716829
0.809954
0.864009
0.864453
0.794738
0.636512
0.43094
0.236935
0.0429918
-0.140487
-0.282688
-0.367434
-0.401727
-0.387693
-0.327358
-0.263807
-0.210016
-0.14107
-0.0741696
-0.0859081
-0.174074
-0.279093
-0.383827
-0.506478
-0.654335
-0.824116
-1.00026
-1.17095
-1.33831
-1.509
-1.67694
-1.82401
-1.91884
-1.95643
-1.96679
-1.95817
-1.90521
-1.79078
-1.60379
-1.32426
-0.985237
-0.667296
-0.459158
-0.321687
-0.246519
-0.260258
-0.373967
-0.535872
-0.696767
-0.844043
-0.983281
-1.1231
-1.2671
-1.41589
-1.56755
-1.71557
-1.84677
-1.94755
-2.01299
-2.02892
-1.91593
-1.5948
-1.0493
-0.324243
0.490513
1.1862
1.76567
2.2072
2.48878
2.66796
2.77231
2.7916
2.72318
2.58896
2.35307
2.01082
1.61884
1.18565
0.736009
0.258224
-0.227501
-0.797361
-1.37829
-1.83563
-2.17316
-2.34297
-2.3487
-2.27678
-2.07691
-1.61186
-0.909617
-0.192616
0.485174
1.26917
2.08657
2.68264
3.03777
3.20516
3.1923
2.97276
2.5748
1.97383
1.25498
0.672745
0.197236
-0.236823
-0.588186
-0.851589
-1.09095
-1.32446
-1.50369
-1.59878
-1.59034
-1.47073
-1.26819
-1.03845
-0.798034
-0.554857
-0.306911
-0.0702554
0.10612
0.191313
0.16806
0.0381075
-0.142294
-0.338727
-0.612188
-0.965695
-1.32741
-1.64886
-1.9369
-2.19992
-2.37144
-2.4199
-2.32435
-2.11015
-1.84749
-1.52424
-1.09961
-0.635488
-0.187524
0.198427
0.481808
0.665394
0.765439
0.786039
0.720884
0.559215
0.345913
0.126263
-0.0864935
-0.301664
-0.525063
-0.73331
-0.920762
-1.10751
-1.28609
-1.44988
-1.56442
-1.62518
-1.66954
-1.7132
-1.72985
-1.72082
-1.71069
-1.69909
-1.67766
-1.67871
-1.74847
-1.87996
-2.02312
-2.14443
-2.25467
-2.3798
-2.5222
-2.62995
-2.68907
-2.71005
-2.70306
-2.67045
-2.60901
-2.52017
-2.41217
-2.24868
-1.97954
-1.67501
-1.40032
-1.13193
-0.878898
-0.697608
-0.586069
-0.515216
-0.476324
-0.492868
-0.581084
-0.705246
-0.836186
-0.959159
-1.07982
-1.2124
-1.33214
-1.41837
-1.45163
-1.42743
-1.37409
-1.31189
-1.22179
-1.1071
-0.991872
-0.885677
-0.783709
-0.687175
-0.605686
-0.541225
-0.497921
-0.479508
-0.48982
-0.530577
-0.591945
-0.666958
-0.758983
-0.865236
-0.972157
-1.07503
-1.178
-1.28201
-1.36711
-1.41735
-1.42517
-1.40269
-1.35298
-1.28486
-1.20484
-1.09887
-0.97451
-0.852059
-0.728333
-0.594033
-0.469018
-0.364698
-0.287758
-0.230764
-0.18744
-0.155565
-0.136044
-0.129582
-0.137306
-0.160416
-0.203097
-0.275924
-0.359911
-0.429362
-0.483478
-0.527489
-0.562187
-0.581577
-0.581214
-0.564716
-0.526969
-0.477877
-0.432857
-0.394154
-0.358089
-0.329564
-0.318632
-0.313425
-0.302385
-0.286537
-0.258954
-0.207053
-0.148208
-0.0979494
-0.0533372
-0.00695577
0.0406974
0.0826488
0.11207
0.123558
0.117531
0.100137
0.0663985
0.0237863
-0.037983
-0.118582
-0.207317
-0.293396
-0.376087
-0.460098
-0.547399
-0.636164
-0.724255
-0.810961
-0.896657
-0.982472
-1.06883
-1.15535
-1.24162
-1.32364
-1.39228
-1.44264
-1.47708
-1.49782
-1.49136
-1.44289
-1.33473
-1.19182
-1.05968
-0.944889
-0.832862
-0.715857
-0.596279
-0.482294
-0.38838
-0.313168
-0.26133
-0.258357
-0.320422
-0.450745
-0.623698
-0.811004
-0.992707
-1.17094
-1.35353
-1.53105
-1.69352
-1.85072
-1.99043
-2.1064
-2.20288
-2.28419
-2.33069
-2.31836
-2.25765
-2.16855
-2.06747
-1.97053
-1.8766
-1.7778
-1.6724
-1.56423
-1.46161
-1.37097
-1.302
-1.2566
-1.21194
-1.15719
-1.09939
-1.04653
-0.998315
-0.95038
-0.900924
-0.858119
-0.826177
-0.782038
-0.658211
-0.435333
-0.181289
0.0643184
0.321477
0.599068
0.884774
1.16906
1.45171
1.73547
2.02097
2.30352
2.54524
2.72883
2.89651
3.06582
3.2316
3.36822
3.45566
3.44597
3.33038
3.16648
3.0197
2.89106
2.74219
2.55292
2.3104
2.01675
1.70045
1.36962
1.02098
0.724502
0.51526
0.345929
0.186301
0.0589261
-0.0144118
-2.43088e-05
0.0903879
0.253744
0.506384
0.846031
1.21776
1.59025
1.96058
2.33431
2.57608
2.66914
2.71989
2.75328
2.70635
2.57226
2.3982
2.21346
2.01847
1.79534
1.55377
1.28182
0.979623
0.707151
0.482616
0.264541
0.0643905
-0.0357576
-0.00662304
0.132687
0.38582
0.736277
1.09355
1.40378
1.65824
1.83408
1.94289
1.99773
1.98008
1.89391
1.77792
1.6501
1.51044
1.35109
1.16635
0.962728
0.731193
0.449204
0.147823
-0.14026
-0.40255
-0.64515
-0.878791
-1.05582
-1.17266
-1.25677
-1.3297
-1.38438
-1.41253
-1.41956
-1.41716
-1.41035
-1.39473
-1.36333
-1.31546
-1.25282
-1.16633
-1.04758
-0.897201
-0.742701
-0.603843
-0.486489
-0.376852
-0.270459
-0.169129
-0.081331
-0.0116913
0.0370102
0.0621414
0.0611744
0.0320503
-0.0157603
-0.0605708
-0.0979618
-0.136361
-0.180676
-0.22826
-0.275433
-0.324716
-0.371949
-0.407232
-0.426696
-0.424253
-0.369254
-0.222328
-0.024006
0.162133
0.331215
0.500225
0.682336
0.905213
1.17428
1.4496
1.70553
1.94769
2.16457
2.30705
2.35653
2.33084
2.23706
2.1006
1.94862
1.79646
1.64388
1.48478
1.31902
1.14988
0.96868
0.775197
0.582337
0.395157
0.20931
0.0221759
-0.161762
-0.336634
-0.494867
-0.632845
-0.767596
-0.909705
-1.05313
-1.18142
-1.28291
-1.35669
-1.40114
-1.42109
-1.41584
-1.38049
-1.32419
-1.25145
-1.17553
-1.10735
-1.05338
-1.00785
-0.958137
-0.90297
-0.848997
-0.790913
-0.714705
-0.608837
-0.460586
-0.27045
-0.0170922
0.2717
0.562849
0.873795
1.14472
1.37926
1.59782
1.76404
1.85258
1.85026
1.73547
1.53987
1.31393
1.04907
0.73103
0.379834
0.0411597
-0.299249
-0.664737
-1.0451
-1.42228
-1.78358
-2.08445
-2.32375
-2.54895
-2.75445
-2.88174
-2.91825
-2.87434
-2.69108
-2.3914
-2.03791
-1.61689
-1.16188
-0.710939
-0.243634
0.229645
0.658948
1.07546
1.50184
1.79749
1.9053
1.92105
1.93082
1.91241
1.75211
1.44674
1.13204
0.872735
0.631817
0.365437
0.0763203
-0.18016
-0.358397
-0.500456
-0.629907
-0.688821
-0.648505
-0.504671
-0.303137
-0.0900649
0.119034
0.332409
0.56723
0.812586
1.00409
1.11231
1.20019
1.30393
1.40424
1.43616
1.34324
1.11084
0.824378
0.551573
0.196561
-0.258124
-0.725425
-1.11279
-1.43481
-1.78468
-2.21734
-2.59458
-2.85217
-3.03534
-3.1677
-3.21221
-3.16248
-3.04329
-2.82687
-2.5054
-2.16018
-1.83047
-1.49614
-1.14417
-0.781013
-0.417497
-0.0575827
0.301069
0.661908
1.00129
1.26404
1.48119
1.71289
1.96051
2.18382
2.33621
2.43354
2.53336
2.63528
2.70887
2.74719
2.74521
2.69749
2.60114
2.47115
2.3228
2.17888
2.05812
1.93362
1.79232
1.64419
1.46084
1.24032
1.02087
0.79177
0.52351
0.240075
-0.0341062
-0.300621
-0.548101
-0.763452
-0.95112
-1.13024
-1.30125
-1.45589
-1.60159
-1.72721
-1.79094
-1.78055
-1.68271
-1.50649
-1.3126
-1.11345
-0.895246
-0.627965
-0.333746
-0.0528209
0.21307
0.481139
0.761246
1.05467
1.29959
1.47123
1.56658
1.61593
1.61341
1.52763
1.38181
1.20241
1.023
0.869055
0.734519
0.587515
0.432357
0.290225
0.152847
0.0189164
-0.104153
-0.21865
-0.314347
-0.383712
-0.437797
-0.480402
-0.498826
-0.484925
-0.442433
-0.38104
-0.303965
-0.193863
-0.0526065
0.106697
0.29125
0.499882
0.709064
0.901234
1.04542
1.12268
1.11667
1.05189
0.952934
0.798996
0.560672
0.298615
0.0603963
-0.163876
-0.398756
-0.651269
-0.902238
-1.09949
-1.21162
-1.24901
-1.20997
-1.07714
-0.888569
-0.638972
-0.259453
0.199823
0.638726
1.04126
1.43097
1.80102
2.15606
2.41952
2.58197
2.72152
2.8241
2.84843
2.78313
2.63298
2.39658
2.08764
1.69796
1.24715
0.793998
0.337305
-0.20538
-0.822063
-1.38152
-1.84339
-2.38048
-2.82978
-3.06314
-3.1821
-3.25448
-3.26723
-3.15698
-2.85609
-2.45491
-2.02836
-1.52094
-0.956788
-0.406916
0.134394
0.653098
1.09162
1.45667
1.74939
1.95684
2.01566
1.97937
1.89243
1.70521
1.43386
1.14124
0.83081
0.508623
0.18299
-0.158542
-0.500465
-0.803778
-1.05704
-1.2368
-1.33076
-1.34606
-1.30166
-1.20333
-1.03759
-0.834539
-0.631118
-0.397698
-0.127614
0.168507
0.478649
0.785183
1.06786
1.29948
1.5027
1.67742
1.7927
1.83157
1.78595
1.67859
1.53568
1.36698
1.18275
0.996914
0.811478
0.611573
0.367361
0.0865859
-0.193823
-0.464222
-0.743382
-1.05365
-1.34079
-1.56242
-1.76692
-1.95463
-2.07431
-2.08845
-1.98083
-1.70875
-1.33882
-0.996011
-0.674893
-0.332953
0.00850617
0.327702
0.61746
0.876434
1.09522
1.28843
1.41921
1.49846
1.53825
1.51156
1.35114
1.08874
0.839441
0.637195
0.464109
0.299687
0.111309
-0.0835042
-0.237286
-0.334669
-0.374776
-0.360924
-0.317132
-0.232853
-0.129301
-0.0360163
0.0223849
0.0443939
0.0437742
-0.00926418
-0.0996602
-0.196987
-0.313208
-0.450931
-0.595234
-0.744681
-0.89287
-1.01729
-1.11563
-1.19595
-1.25814
-1.29179
-1.25777
-1.07136
-0.714976
-0.30216
0.111674
0.518523
0.927711
1.3123
1.67385
2.00718
2.27156
2.4321
2.45468
2.37897
2.25187
2.10024
1.93929
1.74523
1.51139
1.26191
1.0174
0.779813
0.540922
0.296722
0.0454606
-0.19089
-0.344281
-0.37633
-0.322728
-0.19859
-0.00694991
0.22721
0.469355
0.710913
0.971593
1.21587
1.40544
1.56248
1.6871
1.75494
1.75851
1.69105
1.55704
1.36031
1.14823
0.889908
0.59791
0.326892
0.0815113
-0.151658
-0.362043
-0.543122
-0.670464
-0.741985
-0.764532
-0.733353
-0.643885
-0.505445
-0.329851
-0.14345
-0.00592009
0.0732863
0.119036
0.125125
0.0892797
0.0137836
-0.0924538
-0.210764
-0.344987
-0.492736
-0.633692
-0.762867
-0.870747
-0.923719
-0.929598
-0.878686
-0.738607
-0.55663
-0.376162
-0.203904
-0.00585898
0.221911
0.40573
0.494814
0.547123
0.608399
0.675735
0.726476
0.756941
0.775335
0.780941
0.772843
0.743784
0.696593
0.639129
0.576804
0.514822
0.454573
0.383415
0.302946
0.231309
0.180487
0.142388
0.101571
0.0543883
0.00499747
-0.0508283
-0.113144
-0.172137
-0.211739
-0.223232
-0.19628
-0.133338
-0.0185648
0.12369
0.258359
0.374677
0.490897
0.611698
0.694111
0.711426
0.681712
0.6202
0.513964
0.371137
0.210986
0.0537845
-0.0866728
-0.208005
-0.314509
-0.405208
-0.467157
-0.494721
-0.500724
-0.495118
-0.479268
-0.461717
-0.452052
-0.452777
-0.458998
-0.46828
-0.476738
-0.47809
-0.457614
-0.412021
-0.347544
-0.267623
-0.164883
-0.0500508
0.0698803
0.221813
0.400678
0.578749
0.740915
0.890938
1.02793
1.13151
1.16506
1.09904
0.95908
0.787706
0.582565
0.339094
0.0690296
-0.189576
-0.426599
-0.646263
-0.846226
-1.01403
-1.1218
-1.15377
-1.1198
-1.04716
-0.941497
-0.797833
-0.618872
-0.429436
-0.24536
-0.069592
0.0596688
0.156843
0.236197
0.274673
0.250823
0.148771
-0.00368131
-0.171982
-0.344171
-0.507998
-0.654074
-0.780608
-0.879777
-0.918736
-0.905963
-0.844787
-0.750968
-0.640636
-0.53204
-0.431538
-0.353359
-0.292266
-0.212431
-0.108994
-0.00982294
0.0650189
0.114301
0.143141
0.151346
0.132044
0.0770778
-0.0222519
-0.142216
-0.263062
-0.395154
-0.527266
-0.639215
-0.719516
-0.775729
-0.818921
-0.85367
-0.877124
-0.886876
-0.884447
-0.872476
-0.847487
-0.805751
-0.745604
-0.671738
-0.584907
-0.492134
-0.397641
-0.29135
-0.170206
-0.0405374
0.0889856
0.214423
0.328527
0.423013
0.510452
0.600062
0.6925
0.781628
0.852033
0.905543
0.949145
0.983757
1.00271
1.00849
1.00438
0.988513
0.959197
0.914617
0.853847
0.782647
0.71076
0.635442
0.545478
0.416869
0.26146
0.109578
-0.0212834
-0.141586
-0.265105
-0.384596
-0.469005
-0.50861
-0.508076
-0.481726
-0.425297
-0.324415
-0.176389
0.0139655
0.198467
0.346319
0.481549
0.622902
0.730028
0.768244
0.770449
0.75245
0.706824
0.619858
0.497681
0.345864
0.166322
0.00607503
-0.122538
-0.239824
-0.348028
-0.429964
-0.468673
-0.470433
-0.441273
-0.375852
-0.289407
-0.20306
-0.13577
-0.0897939
-0.0668147
-0.0750912
-0.118983
-0.184614
-0.260755
-0.355881
-0.46433
-0.5587
-0.614309
-0.639075
-0.642559
-0.622168
-0.567676
-0.492003
-0.408159
-0.298933
-0.176431
-0.0780904
-0.00555414
0.0504035
0.0883331
0.0928603
0.051091
-0.0433739
-0.164732
-0.281295
-0.388516
-0.502041
-0.618167
-0.722047
-0.804131
-0.859112
-0.878823
-0.860517
-0.810462
-0.700925
-0.546755
-0.379021
-0.200132
-0.00269015
0.181614
0.321794
0.43373
0.534654
0.607774
0.629916
0.602969
0.53813
0.4411
0.343069
0.226815
0.0972793
-0.0141608
-0.0989975
-0.171123
-0.238483
-0.292166
-0.326533
-0.346065
-0.361072
-0.374195
-0.378099
-0.362396
-0.31526
-0.25812
-0.168138
-0.0229755
0.129177
0.270944
0.396283
0.504643
0.603792
0.69274
0.757707
0.797144
0.814337
0.823201
0.83389
0.836476
0.818641
0.773433
0.709498
0.634199
0.540767
0.426027
0.299516
0.163905
0.0250283
-0.103027
-0.20858
-0.292181
-0.356041
-0.397328
-0.414197
-0.408296
-0.382997
-0.342791
-0.294333
-0.24023
-0.193503
-0.158265
-0.130814
-0.106522
-0.0839532
-0.0468212
0.0155937
0.0971057
0.188547
0.29807
0.418889
0.557893
0.724163
0.894805
1.0353
1.13912
1.22219
1.29133
1.34702
1.38113
1.38067
1.34053
1.25829
1.15014
1.0223
0.848391
0.643266
0.454481
0.278234
0.077606
-0.125301
-0.316298
-0.480713
-0.614164
-0.7134
-0.767049
-0.781698
-0.756932
-0.690802
-0.582148
-0.456558
-0.326184
-0.207785
-0.102801
-0.00512808
0.0840586
0.135411
0.152498
0.151211
0.131817
0.0882417
0.0258763
-0.0390629
-0.095247
-0.144707
-0.192425
-0.236726
-0.266132
-0.27406
-0.259938
-0.230204
-0.194929
-0.161191
-0.129248
-0.0979961
-0.0714521
-0.0475017
-0.0219045
0.00566826
0.0338486
0.062777
0.0952501
0.12889
0.160049
0.187054
0.209575
0.226044
0.23653
0.240551
0.243052
0.243843
0.234951
0.22584
0.227508
0.233499
0.23485
0.228519
0.20577
0.160571
0.0939978
0.0080679
-0.0970791
-0.191988
-0.273989
-0.365213
-0.444426
-0.4943
-0.519626
-0.525408
-0.504917
-0.45827
-0.396062
-0.324295
-0.246032
-0.160809
-0.0707328
0.0197036
0.099538
0.165958
0.214191
0.249877
0.276115
0.290011
0.288176
0.260706
0.208442
0.142615
0.0585418
-0.0500461
-0.164324
-0.28053
-0.400346
-0.504046
-0.58522
-0.650842
-0.700581
-0.736798
-0.756057
-0.75119
-0.721987
-0.676985
-0.61972
-0.547056
-0.461689
-0.368479
-0.29209
-0.237629
-0.200628
-0.182144
-0.18601
-0.212279
-0.2568
-0.313487
-0.377969
-0.44191
-0.496917
-0.536892
-0.559255
-0.563331
-0.544643
-0.501389
-0.427672
-0.335393
-0.240489
-0.15446
-0.0723445
0.0110265
0.0766933
0.117297
0.129834
0.118108
0.0779406
0.0100103
-0.074343
-0.158245
-0.239127
-0.318475
-0.38775
-0.432867
-0.449946
-0.444739
-0.416907
-0.355982
-0.270967
-0.17535
-0.0633043
0.0666985
0.198635
0.317742
0.403649
0.455069
0.495497
0.51006
0.485155
0.420803
0.32392
0.212397
0.110042
0.0169379
-0.0749771
-0.161396
-0.229521
-0.273223
-0.294759
-0.298173
-0.282012
-0.245987
-0.190476
-0.126254
-0.0651985
-0.0117646
0.0368688
0.0828406
0.124916
0.162845
0.190062
0.195485
0.173314
0.121948
0.0419531
-0.0504226
-0.139042
-0.224369
-0.310017
-0.393022
-0.467624
-0.530378
-0.57792
-0.609597
-0.625968
-0.623382
-0.603768
-0.562193
-0.503706
-0.438654
-0.379878
-0.329251
-0.285571
-0.245909
-0.211715
-0.187565
-0.17212
-0.160844
-0.149766
-0.137078
-0.12043
-0.0994461
-0.0706232
-0.036862
-0.00366116
0.0270787
0.0558317
0.0784306
0.0933389
0.0973664
0.0885788
0.0677386
0.0367875
0.000616566
-0.0376237
-0.0785724
-0.123832
-0.174284
-0.229336
-0.288061
-0.350412
-0.411526
-0.464979
-0.507261
-0.536358
-0.545584
-0.531523
-0.496223
-0.438607
-0.361324
-0.274061
-0.182708
-0.0862466
0.00260085
0.0781474
0.141044
0.197671
0.249038
0.299258
0.351208
0.392752
0.420603
0.444741
0.469188
0.485217
0.47689
0.438885
0.378911
0.311715
0.247124
0.200537
0.166925
0.135566
0.107944
0.0915437
0.091947
0.100637
0.107539
0.111694
0.115875
0.116589
0.114435
0.113407
0.114099
0.114964
0.116553
0.116131
0.106854
0.0898316
0.072478
0.0704452
0.0800123
0.0880602
0.0943521
0.106448
0.128165
0.152935
0.173097
0.188136
0.199904
0.204349
0.199374
0.180276
0.146578
0.100582
0.0414534
-0.0331176
-0.123529
-0.203122
-0.261683
-0.311042
-0.353132
-0.374302
-0.363194
-0.326781
-0.265966
-0.190481
-0.112224
-0.0431452
0.0147154
0.0601818
0.0877624
0.0895857
0.0720632
0.0360358
-0.0267774
-0.117299
-0.21171
-0.300856
-0.391727
-0.48415
-0.573905
-0.656728
-0.723024
-0.765109
-0.773465
-0.738753
-0.658612
-0.533568
-0.395124
-0.251046
-0.0971592
0.0304393
0.136041
0.236356
0.322199
0.387237
0.436679
0.473098
0.492684
0.498528
0.492737
0.477864
0.453352
0.414214
0.368456
0.327796
0.304624
0.296415
0.302629
0.330762
0.384311
0.453128
0.521666
0.581216
0.626185
0.649735
0.657673
0.652686
0.626575
0.578379
0.510972
0.425822
0.325323
0.213495
0.107252
0.0174513
-0.0555849
-0.115068
-0.162955
-0.200917
-0.22495
-0.22599
-0.205084
-0.169542
-0.123251
-0.0696407
-0.0175163
0.0310137
0.0777208
0.118344
0.149025
0.157405
0.146063
0.117617
0.0736865
0.0161158
-0.0501113
-0.11573
-0.162726
-0.197729
-0.229549
-0.249723
-0.250124
-0.234491
-0.202119
-0.1565
-0.102559
-0.0470827
0.00764414
0.0629067
0.118387
0.170197
0.212049
0.238751
0.258383
0.260252
0.240296
0.203699
0.161305
0.117885
0.0726868
0.0356281
0.0164164
0.0184532
0.0373674
0.0807894
0.142194
0.208837
0.27074
0.328347
0.380668
0.428199
0.458941
0.469665
0.456624
0.427149
0.389693
0.345209
0.293191
0.235476
0.184007
0.143067
0.106868
0.0715575
0.039366
0.0172375
0.00355344
-0.00535243
-0.00709626
0.00194791
0.0231121
0.0518743
0.0871377
0.122225
0.152392
0.182942
0.213836
0.234431
0.243871
0.245811
0.241665
0.232121
0.214792
0.187427
0.149694
0.112898
0.0837141
0.0599739
0.0354582
0.00790787
-0.0205626
-0.04796
-0.0741373
-0.0971416
-0.116582
-0.131572
-0.140468
-0.140847
-0.131821
-0.116764
-0.0988956
-0.0810049
-0.0652435
-0.0539275
-0.0467862
-0.0455674
-0.0525293
-0.0691022
-0.0881092
-0.106857
-0.131447
-0.168331
-0.220491
-0.274433
-0.318623
-0.352807
-0.383242
-0.410304
-0.422665
-0.412797
-0.378804
-0.329389
-0.273795
-0.210453
-0.143442
-0.0815572
-0.0271384
0.0224487
0.0685384
0.104758
0.121724
0.123089
0.11763
0.110238
0.0983243
0.0825709
0.0663658
0.0515392
0.036385
0.0186592
-0.0012345
-0.0209705
-0.0381863
-0.053516
-0.0687543
-0.0852459
-0.102295
-0.118158
-0.132468
-0.145622
-0.156305
-0.165479
-0.175134
-0.184496
-0.191603
-0.194271
-0.192538
-0.186953
-0.178317
-0.167051
-0.149623
-0.129581
-0.11342
-0.0980265
-0.0778492
-0.0504532
-0.0194793
0.0110942
0.0381715
0.0602689
0.0719262
0.0746507
0.0693893
0.0553532
0.0335916
0.0130733
0.00110465
-0.000386742
0.00644016
0.0215212
0.0466407
0.0780234
0.110544
0.137595
0.155671
0.160194
0.156069
0.149982
0.140541
0.12277
0.0953644
0.0617508
0.0246488
-0.0129038
-0.0489787
-0.081698
-0.107688
-0.126012
-0.140868
-0.152215
-0.153869
-0.144437
-0.127013
-0.101761
-0.0710704
-0.0431667
-0.0264191
-0.0202774
-0.00894084
0.00961911
0.0201323
0.0160621
0.00264781
-0.0157939
-0.0372069
-0.0579292
-0.0756347
-0.0891086
-0.0917384
-0.0854626
-0.073601
-0.0557499
-0.0308298
-0.00164771
0.0294451
0.0640601
0.100144
0.13541
0.175561
0.219197
0.254032
0.275595
0.284454
0.281808
0.271057
0.251712
0.222008
0.181114
0.137239
0.0933961
0.0430065
-0.0130071
-0.0686714
-0.119472
-0.163236
-0.19738
-0.217349
-0.220094
-0.201623
-0.164472
-0.108029
-0.0439817
0.0209548
0.0990319
0.184043
0.257195
0.311338
0.35036
0.379089
0.39952
0.406029
0.398092
0.379127
0.355011
0.328156
0.296796
0.25401
0.196537
0.127637
0.052075
-0.0289019
-0.108073
-0.180494
-0.244566
-0.295706
-0.329529
-0.340769
-0.331422
-0.304515
-0.268114
-0.226242
-0.187477
-0.153549
-0.123336
-0.103487
-0.0979794
-0.0953686
-0.0877807
-0.0756947
-0.06552
-0.060544
-0.0597726
-0.0629468
-0.0738207
-0.0914926
-0.112926
-0.139254
-0.170786
-0.203937
-0.236258
-0.267433
-0.295106
-0.315671
-0.326152
-0.3268
-0.318101
-0.302266
-0.280555
-0.251664
-0.211424
-0.160194
-0.117055
-0.0859999
-0.0582779
-0.0314012
-0.00891428
0.00763994
0.0173909
0.0177656
0.00839099
-0.012343
-0.0413771
-0.0743687
-0.108996
-0.143939
-0.177896
-0.206294
-0.227172
-0.240873
-0.250169
-0.255516
-0.255561
-0.253368
-0.253332
-0.2568
-0.263855
-0.278617
-0.301229
-0.329663
-0.361883
-0.395384
-0.42641
-0.455689
-0.485573
-0.51739
-0.548418
-0.573083
-0.593283
-0.612993
-0.62983
-0.642582
-0.651161
-0.651844
-0.641716
-0.620451
-0.592166
-0.556532
-0.518043
-0.481359
-0.446459
-0.413971
-0.389004
-0.372251
-0.364063
-0.367242
-0.379379
-0.392956
-0.405209
-0.418655
-0.435532
-0.454639
-0.472931
-0.486972
-0.496031
-0.501437
-0.502151
-0.493436
-0.473705
-0.444625
-0.404149
-0.354211
-0.303413
-0.255608
-0.20995
-0.171585
-0.13996
-0.104543
-0.0645157
-0.0266991
0.00718312
0.0382408
0.0596228
0.0715215
0.0757163
0.069727
0.0517652
0.0263056
0.00124283
-0.0189303
-0.0332534
-0.0421326
-0.0467693
-0.0484
-0.0472181
-0.0459634
-0.0464645
-0.0504775
-0.0520514
-0.0435275
-0.02762
-0.0109476
0.00388547
0.0183287
0.033435
0.0456436
0.0538062
0.0601314
0.0632928
0.0591599
0.0478403
0.0329654
0.0158209
-0.00210208
-0.0189099
-0.0340678
-0.0474428
-0.0577372
-0.065157
-0.0708276
-0.07559
-0.079575
-0.0829794
-0.0856384
-0.0871795
-0.0866178
-0.0831966
-0.0746882
-0.0622212
-0.04787
-0.0310769
-0.012139
0.00830379
0.030929
0.055743
0.0782377
0.0973614
0.116756
0.138431
0.161489
0.185117
0.207844
0.226744
0.244066
0.262598
0.276927
0.283523
0.284273
0.281895
0.275686
0.267961
0.260077
0.250647
0.24307
0.240539
0.240248
0.239978
0.241157
0.246845
0.257653
0.270257
0.282953
0.297781
0.314131
0.329497
0.33988
0.343166
0.337731
0.325141
0.308157
0.291029
0.273751
0.252663
0.22968
0.206258
0.169919
0.119824
0.0637004
0.00320386
-0.062595
-0.131704
-0.197647
-0.255479
-0.29963
-0.328656
-0.340793
-0.333624
-0.31111
-0.271601
-0.220514
-0.165742
-0.109465
-0.0512455
-0.00144855
0.0422206
0.0906044
0.134623
0.161647
0.16963
0.164821
0.153264
0.13141
0.0880533
0.0193439
-0.0601994
-0.127647
-0.172314
-0.20309
-0.224442
-0.230167
-0.209917
-0.165493
-0.108425
-0.0432086
0.0231822
0.0827849
0.136125
0.186297
0.233898
0.274899
0.302989
0.321024
0.332024
0.334338
0.326558
0.308925
0.281096
0.239535
0.190866
0.143097
0.100095
0.0664798
0.0445441
0.0325313
0.0279524
0.0314778
0.0454102
0.0701907
0.0961145
0.115772
0.128649
0.138523
0.146394
0.150092
0.150751
0.151139
0.153412
0.157853
0.163543
0.16967
0.176685
0.181739
0.182288
0.178869
0.172115
0.161166
0.148868
0.137042
0.124075
0.11185
0.104613
0.102121
0.101917
0.106162
0.115675
0.129132
0.142686
0.155928
0.178146
0.210242
0.238394
0.256116
0.271938
0.293527
0.32124
0.339256
0.337893
0.326145
0.31229
0.294745
0.268159
0.231509
0.190564
0.152185
0.118976
0.0868546
0.0544646
0.0315912
0.0222873
0.0244145
0.033558
0.0464125
0.0639552
0.0810367
0.0898987
0.0906293
0.0847358
0.0667397
0.039682
0.0126379
0.00297145
0.0116515
0.0326721
0.0597219
0.0917041
0.13112
0.178945
0.225743
0.267037
0.304267
0.341838
0.381156
0.418985
0.452747
0.478758
0.495117
0.500797
0.49332
0.469485
0.428376
0.37524
0.314803
0.257355
0.207119
0.162471
0.125213
0.0989824
0.0868678
0.0848205
0.0923431
0.105763
0.121224
0.138519
0.157903
0.177045
0.194978
0.212003
0.225994
0.235821
0.242261
0.24598
0.246053
0.24539
0.245576
0.244771
0.242033
0.237595
0.230195
0.219261
0.205211
0.187839
0.166175
0.147567
0.13412
0.119278
0.102297
0.0867876
0.0730229
0.0620592
0.0589112
0.0618302
0.0671221
0.0802169
0.101703
0.122549
0.142557
0.167836
0.193194
0.213462
0.228621
0.238728
0.241981
0.242946
0.242997
0.228764
0.198862
0.16224
0.131102
0.107963
0.0891734
0.0724
0.0586042
0.0509018
0.0512585
0.060419
0.0745813
0.0904757
0.109479
0.130557
0.146981
0.158852
0.169726
0.181202
0.191141
0.195717
0.195163
0.189957
0.176113
0.158245
0.151256
0.150643
0.143354
0.126179
0.104594
0.08276
0.0582562
0.0285775
-0.000812169
-0.0280798
-0.056711
-0.0857753
-0.112023
-0.134254
-0.153533
-0.169967
-0.17994
-0.18281
-0.177016
-0.16177
-0.135679
-0.0979329
-0.0519814
9.78266e-05
0.0519607
0.0966004
0.128282
0.145785
0.152148
0.148372
0.13209
0.10417
0.0673184
0.0232453
-0.0192839
-0.0512329
-0.076494
-0.0991336
-0.11121
-0.108813
-0.0930796
-0.0661992
-0.0322224
0.00665033
0.0472855
0.0864866
0.121659
0.151469
0.17418
0.191442
0.202824
0.20924
0.212466
0.213485
0.212968
0.212626
0.212974
0.213228
0.211002
0.205216
0.195642
0.181347
0.161716
0.137171
0.108672
0.0736596
0.0310793
-0.0168112
-0.0633862
-0.10622
-0.146618
-0.184112
-0.21528
-0.23368
-0.233969
-0.21746
-0.193527
-0.164743
-0.126168
-0.0754656
-0.0130963
0.0447891
0.0910091
0.129467
0.159795
0.175345
0.176504
0.165373
0.144288
0.118782
0.0933022
0.0717438
0.055346
0.0435701
0.03596
0.0340146
0.0396597
0.0500332
0.0571791
0.0595545
0.0613106
0.0722014
0.0912287
0.1041
0.104283
0.0948361
0.0838432
0.0734742
0.0613409
0.0489298
0.04094
0.0399205
0.0444713
0.0577739
0.0776032
0.0990104
0.11955
0.139556
0.15753
0.169789
0.172815
0.16575
0.148537
0.122939
0.0931462
0.0617385
0.0302007
-0.000750637
-0.0296887
-0.0526047
-0.0680385
-0.0810826
-0.091261
-0.0896831
-0.0737997
-0.0476723
-0.0130839
0.0260664
0.0598599
0.0840752
0.097537
0.0972988
0.0860246
0.0713889
0.0547282
0.0314748
0.00447145
-0.0212466
-0.0433929
-0.0599137
-0.0705085
-0.0792819
-0.0891058
-0.0995016
-0.109872
-0.119695
-0.124629
-0.1261
-0.1287
-0.13152
-0.132795
-0.139553
-0.152109
-0.165287
-0.180004
-0.200287
-0.227559
-0.257736
-0.28655
-0.311703
-0.33275
-0.348317
-0.358246
-0.359946
-0.345178
-0.317443
-0.291906
-0.270615
-0.245175
-0.211233
-0.172422
-0.133451
-0.0986341
-0.0704209
-0.0469656
-0.0274148
-0.0150692
-0.0100519
-0.0135919
-0.0248311
-0.0416878
-0.0622543
-0.0845977
-0.108253
-0.132241
-0.155314
-0.175909
-0.193276
-0.207145
-0.21897
-0.226549
-0.214265
-0.184279
-0.14948
-0.119876
-0.0954612
-0.0757848
-0.0567924
-0.0346722
-0.0109393
0.0120155
0.0374922
0.0670716
0.0978305
0.128105
0.158551
0.186666
0.210525
0.225561
0.231085
0.228375
0.217013
0.19494
0.163236
0.125647
0.0846073
0.0467457
0.0151205
-0.0112614
-0.0325407
-0.0449884
-0.048355
-0.0445163
-0.0334414
-0.0173969
0.00247494
0.024328
0.0449688
0.0598256
0.0704433
0.0794471
0.0873979
0.0935807
0.0958108
0.095024
0.0935888
0.09177
0.0881198
0.0805691
0.0706893
0.0610843
0.0506217
0.0375425
0.0239044
0.0124228
0.00459679
0.00282717
0.00647596
0.0158426
0.0314962
0.053955
0.0789328
0.10379
0.12879
0.155953
0.187681
0.219462
0.247292
0.275963
0.303519
0.316262
0.314777
0.305097
0.289618
0.264691
0.22285
0.168311
0.109354
0.0507893
-0.00215701
-0.043712
-0.073457
-0.0963673
-0.113053
-0.118428
-0.106713
-0.0821744
-0.0529051
-0.0209003
0.00969609
0.0329466
0.0472799
0.0529734
0.0495631
0.038849
0.0183955
-0.0120928
-0.0511759
-0.101089
-0.15367
-0.197752
-0.233321
-0.266234
-0.298961
-0.327973
-0.349919
-0.363334
-0.369549
-0.370793
-0.370918
-0.372216
-0.376999
-0.386465
-0.402012
-0.420403
-0.43829
-0.454856
-0.470524
-0.483882
-0.48998
-0.485453
-0.468399
-0.443628
-0.413007
-0.38097
-0.350895
-0.322704
-0.296617
-0.275811
-0.259722
-0.247029
-0.235989
-0.226685
-0.221036
-0.219768
-0.223203
-0.228977
-0.233182
-0.231445
-0.226482
-0.221783
-0.214834
-0.203865
-0.192207
-0.182249
-0.17248
-0.161682
-0.153371
-0.147257
-0.139531
-0.12891
-0.117076
-0.10765
-0.100462
-0.0920542
-0.0836237
-0.0778579
-0.0735795
-0.0699761
-0.0689858
-0.0714101
-0.0772565
-0.0844729
-0.0916208
-0.098624
-0.103947
-0.10639
-0.10646
-0.106083
-0.107918
-0.110512
-0.111412
-0.11015
-0.105202
-0.0918266
-0.0758165
-0.0649676
-0.0592928
-0.0545142
-0.04821
-0.041691
-0.0374664
-0.0371887
-0.0401502
-0.0474555
-0.0593453
-0.0755562
-0.0948327
-0.115588
-0.136384
-0.157577
-0.179
-0.195268
-0.204436
-0.207827
-0.204775
-0.193462
-0.176287
-0.159822
-0.149942
-0.138912
-0.119401
-0.0974713
-0.0818555
-0.0774999
-0.0799984
-0.0857823
-0.094462
-0.106148
-0.119385
-0.13123
-0.139699
-0.140672
-0.133307
-0.119576
-0.100514
-0.0763329
-0.0496806
-0.0222235
0.00555548
0.0320072
0.0551308
0.0767899
0.0977633
0.112379
0.119425
0.118821
0.109799
0.0920898
0.066551
0.0352047
-0.000956311
-0.0376837
-0.0720471
-0.103256
-0.130999
-0.154358
-0.169747
-0.17716
-0.178241
-0.172841
-0.159603
-0.141287
-0.124214
-0.114695
-0.113732
-0.118795
-0.12775
-0.140437
-0.15666
-0.173899
-0.18945
-0.199435
-0.204134
-0.205477
-0.203501
-0.196301
-0.182169
-0.165017
-0.149525
-0.135347
-0.120175
-0.103492
-0.0862073
-0.069196
-0.0570527
-0.0522114
-0.0511236
-0.0523518
-0.0592323
-0.0702915
-0.0817953
-0.0915948
-0.0988824
-0.101445
-0.0990882
-0.0938742
-0.0919992
-0.0930743
-0.089942
-0.0790635
-0.062474
-0.0424422
-0.0210864
-0.00193081
0.0163595
0.0367575
0.0579154
0.0773328
0.0923321
0.104583
0.116399
0.124157
0.124233
0.11774
0.107723
0.0927799
0.0753206
0.0577409
0.034995
0.0120757
-0.000136422
-0.000785133
0.00221568
0.000340417
-0.00631604
-0.013568
-0.0171943
-0.0177416
-0.0185273
-0.0214291
-0.0261869
-0.0321152
-0.0384246
-0.0442646
-0.0520123
-0.0648151
-0.0803808
-0.0959782
-0.111936
-0.128616
-0.145549
-0.161982
-0.178496
-0.196577
-0.21586
-0.234407
-0.247526
-0.254651
-0.256993
-0.251856
-0.239322
-0.219872
-0.19574
-0.168918
-0.142892
-0.118677
-0.0932291
-0.0674752
-0.0479795
-0.0359959
-0.0307252
-0.034071
-0.0466699
-0.0678147
-0.0959493
-0.128981
-0.160419
-0.188432
-0.215179
-0.240467
-0.261652
-0.274795
-0.279755
-0.277597
-0.270465
-0.259597
-0.240014
-0.214662
-0.190543
-0.164769
-0.13334
-0.104701
-0.0824316
-0.0639234
-0.0478415
-0.0369441
-0.0325509
-0.0326405
-0.0369092
-0.0443695
-0.0537537
-0.0641981
-0.0722231
-0.0707663
-0.067498
-0.0728592
-0.0810941
-0.0840398
-0.0810135
-0.0752617
-0.0685343
-0.0592917
-0.0468273
-0.0331031
-0.0204429
-0.00986787
-0.00194016
0.00375122
0.00576762
0.00509873
0.00379192
0.00196182
-0.000928527
-0.0049359
-0.00957962
-0.0144494
-0.019259
-0.0238874
-0.0281396
-0.0260644
-0.0110025
0.00813998
0.0219654
0.0289608
0.0355127
0.0459037
0.0577812
0.0681644
0.0777692
0.0882386
0.0992713
0.104137
0.101583
0.0957793
0.0886186
0.0781228
0.0631076
0.0444762
0.0233278
-0.000345536
-0.0256596
-0.0457125
-0.0608542
-0.0757888
-0.0888142
-0.0954184
-0.0921841
-0.0786512
-0.0546996
-0.0244561
0.00943775
0.0423557
0.0727555
0.100616
0.127049
0.151715
0.173407
0.192141
0.206869
0.215353
0.215525
0.209496
0.198092
0.177803
0.150039
0.11867
0.0870116
0.0559355
0.0259312
0.0016091
-0.0134914
-0.0192441
-0.0190875
-0.01511
-0.00961573
-0.00373238
-0.00134004
-0.00340373
-0.00850197
-0.0117669
-0.0112006
-0.0086242
-0.00623504
-0.00417082
-0.00108975
0.00336064
0.00584542
0.00557403
0.0042465
0.00334306
0.00305334
0.0046272
0.00987703
0.0194269
0.0247449
0.0211797
0.00479341
-0.0173076
-0.0364552
-0.0542071
-0.0741147
-0.0944316
-0.113208
-0.129097
-0.13545
-0.132887
-0.123209
-0.106974
-0.0845515
-0.0579338
-0.0307881
-0.00900565
0.00814355
0.0231364
0.0353879
0.0435419
0.0428659
0.0311777
0.00884028
-0.0157794
-0.0344312
-0.0450146
-0.0587847
-0.081556
-0.102265
-0.11368
-0.117417
-0.115503
-0.108398
-0.0953997
-0.0775311
-0.0549845
-0.0304926
-0.00627174
0.0167987
0.0367202
0.0509878
0.0612683
0.0694404
0.0769264
0.083012
0.0849004
0.0833622
0.0809988
0.0797084
0.0795574
0.0806326
0.0847406
0.0927556
0.101989
0.111513
0.123823
0.135343
0.14168
0.143142
0.14228
0.138256
0.132897
0.128719
0.126382
0.125316
0.125426
0.126881
0.129321
0.128686
0.123271
0.113864
0.101026
0.084596
0.0678359
0.0506711
0.0305147
0.0102226
-0.00734848
-0.0223163
-0.0337868
-0.0405038
-0.0420412
-0.0408247
-0.0381369
-0.034243
-0.0292711
-0.0240117
-0.0201352
-0.0203763
-0.0238039
-0.0284364
-0.0349308
-0.0429039
-0.0509687
-0.0594015
-0.0685263
-0.0752652
-0.0771878
-0.0743718
-0.0745312
-0.080004
-0.0843485
-0.0806019
-0.0664317
-0.0464325
-0.0239961
-0.00193964
0.0187865
0.0374959
0.054831
0.0714203
0.0865522
0.099432
0.109995
0.11838
0.123553
0.123365
0.119078
0.114886
0.112252
0.109957
0.107087
0.105763
0.110876
0.123721
0.141534
0.157679
0.170329
0.180219
0.190864
0.204921
0.220888
0.237046
0.256445
0.27681
0.292953
0.307593
0.324056
0.337789
0.347555
0.355739
0.359782
0.356566
0.346224
0.33002
0.308017
0.282136
0.254455
0.226664
0.199896
0.175086
0.15306
0.134403
0.120548
0.114638
0.11772
0.128319
0.143741
0.160641
0.179368
0.202281
0.225204
0.244908
0.261433
0.27475
0.283541
0.289127
0.292243
0.291152
0.286726
0.281193
0.274822
0.267354
0.262887
0.261632
0.261061
0.262319
0.266477
0.273358
0.282236
0.292793
0.302885
0.311413
0.319703
0.326517
0.328867
0.326797
0.321548
0.314777
0.306908
0.297323
0.286934
0.276748
0.267143
0.257476
0.247851
0.244529
0.247219
0.244291
0.234227
0.224053
0.218246
0.216548
0.218637
0.221371
0.222481
0.222165
0.221849
0.222411
0.223091
0.22286
0.222713
0.224592
0.230552
0.239669
0.250736
0.268108
0.291419
0.313069
0.330565
0.346191
0.359142
0.368453
0.382245
0.396086
0.398082
0.386266
0.36442
0.335812
0.305694
0.277606
0.248136
0.216584
0.188885
0.165139
0.142821
0.126679
0.118159
0.115234
0.116635
0.121099
0.127642
0.135076
0.141965
0.144786
0.142848
0.134899
0.120566
0.0995109
0.0741929
0.0468127
0.0177247
-0.0123226
-0.0418667
-0.0673457
-0.085219
-0.0924556
-0.0882901
-0.0753003
-0.0481933
-0.0113229
0.0263742
0.0658946
0.1118
0.159945
0.201676
0.227607
0.241332
0.24769
0.248371
0.240415
0.219859
0.192533
0.16642
0.142795
0.119682
0.0975088
0.0767296
0.0574129
0.0405154
0.0273959
0.0191299
0.0134912
0.00854324
0.00638804
0.0080815
0.0131315
0.022169
0.0338597
0.0436694
0.0494625
0.0514751
0.0508532
0.0485425
0.043077
0.0362612
0.031646
0.0299629
0.0278884
0.0204576
0.0120738
0.00975807
0.013424
0.0198623
0.0286668
0.0388879
0.049907
0.062106
0.074781
0.0855677
0.0954875
0.106433
0.115323
0.120843
0.125948
0.131181
0.134561
0.137446
0.141216
0.144572
0.146726
0.148027
0.147906
0.148232
0.159538
0.17678
0.186798
0.186889
0.182763
0.174596
0.163903
0.153214
0.139215
0.119815
0.0970276
0.0733911
0.0494225
0.0246414
0.000934774
-0.019095
-0.0376671
-0.0557328
-0.0653625
-0.0642796
-0.0550747
-0.0389022
-0.0180814
0.00298315
0.0218159
0.0380721
0.0524715
0.0640683
0.0680512
0.0631803
0.0508582
0.034182
0.013853
-0.00913206
-0.0324754
-0.0539016
-0.0709135
-0.0822496
-0.0864108
-0.0851864
-0.0808184
-0.0725432
-0.0592161
-0.0414738
-0.0243256
-0.0110573
-0.00100256
0.00587326
0.00626728
-0.000967838
-0.0168141
-0.0383378
-0.0635999
-0.0942543
-0.127367
-0.158918
-0.187036
-0.211113
-0.229894
-0.243605
-0.252814
-0.256557
-0.255093
-0.24949
-0.239039
-0.225508
-0.214588
-0.204624
-0.190967
-0.177935
-0.168462
-0.158717
-0.144615
-0.125423
-0.108199
-0.0963582
-0.0884225
-0.0788707
-0.0639255
-0.0472576
-0.032624
-0.0196979
-0.00771574
0.00149558
0.00926865
0.0168842
0.0192957
0.0178028
0.0185084
0.022278
0.0259025
0.0256612
0.022897
0.020847
0.0202446
0.0195004
0.0156358
0.00667747
-0.0106134
-0.026909
-0.0335266
-0.0326192
-0.0320291
-0.0354482
-0.0390797
-0.039383
-0.0385193
-0.0369613
-0.0325842
-0.0288278
-0.0283054
-0.0264769
-0.0218053
-0.0168992
-0.0128592
-0.00953857
-0.00920246
-0.0115808
-0.0149023
-0.0206162
-0.0301303
-0.0389087
-0.0446561
-0.0485973
-0.0515078
-0.0533375
-0.0526788
-0.0500148
-0.0468577
-0.0440107
-0.0417854
-0.0426653
-0.0448185
-0.0442723
-0.0396706
-0.0325674
-0.0221907
-0.00882662
0.00595428
0.0175965
0.0253298
0.0312946
0.0345411
0.0319586
0.0266691
0.0220407
0.0188819
0.0175895
0.0191626
0.0217345
0.0236775
0.0252256
0.0273733
0.0305629
0.0347576
0.039263
0.0426442
0.0450243
0.0473604
0.0495037
0.0506235
0.0498041
0.0460297
0.0384635
0.0297495
0.021319
0.00961328
-0.00522398
-0.0197578
-0.0313318
-0.0384385
-0.0380556
-0.029133
-0.0139123
-0.000448097
0.0087801
0.0167005
0.0273838
0.0417837
0.055393
0.0649842
0.0675633
0.0647619
0.0587567
0.0478076
0.0311234
0.0105683
-0.0114381
-0.0341015
-0.0578172
-0.0812462
-0.100194
-0.112133
-0.1167
-0.110483
-0.0957478
-0.0768031
-0.0575903
-0.0381354
-0.0168984
0.00319415
0.0142957
0.0122979
-0.000967683
-0.0206229
-0.0451381
-0.0807423
-0.120082
-0.15425
-0.184095
-0.213914
-0.243489
-0.263874
-0.276362
-0.287783
-0.295453
-0.293554
-0.280656
-0.261965
-0.241937
-0.223354
-0.205744
-0.186525
-0.167328
-0.15466
-0.150856
-0.153456
-0.159873
-0.169931
-0.18417
-0.199053
-0.2111
-0.218726
-0.220214
-0.213292
-0.20144
-0.186898
-0.168103
-0.146984
-0.130241
-0.121375
-0.114213
-0.105043
-0.100122
-0.102123
-0.10852
-0.116607
-0.125794
-0.138401
-0.152988
-0.165792
-0.174888
-0.180435
-0.181906
-0.179831
-0.174923
-0.165591
-0.153117
-0.143084
-0.135476
-0.127694
-0.124261
-0.128489
-0.139278
-0.154833
-0.176753
-0.203361
-0.231271
-0.25788
-0.283626
-0.309031
-0.329998
-0.341567
-0.341518
-0.341467
-0.347421
-0.3539
-0.354127
-0.345638
-0.328784
-0.30719
-0.283208
-0.258708
-0.234948
-0.210806
-0.185915
-0.164388
-0.147372
-0.13461
-0.124457
-0.115818
-0.109638
-0.106702
-0.106634
-0.109472
-0.115142
-0.122029
-0.131538
-0.148407
-0.163881
-0.169279
-0.169156
-0.171666
-0.179863
-0.188494
-0.192313
-0.188652
-0.1784
-0.162478
-0.143448
-0.122446
-0.102207
-0.0823375
-0.0600931
-0.0379565
-0.0204835
-0.00685978
0.00478592
0.0131385
0.0179061
0.0188578
0.0153361
0.00852091
1.7547e-05
-0.0113924
-0.0279681
-0.0462621
-0.0644602
-0.0856692
-0.107291
-0.125019
-0.138048
-0.147526
-0.153555
-0.157108
-0.158128
-0.154941
-0.149531
-0.145285
-0.144088
-0.14537
-0.14615
-0.146866
-0.15021
-0.154864
-0.158601
-0.160281
-0.158994
-0.153681
-0.14648
-0.140173
-0.138522
-0.140684
-0.14409
-0.147717
-0.151679
-0.155167
-0.157704
-0.15935
-0.16137
-0.1639
-0.165604
-0.16669
-0.168084
-0.168288
-0.167003
-0.166345
-0.164986
-0.160224
-0.156522
-0.156102
-0.155137
-0.148915
-0.135825
-0.124093
-0.118654
-0.120104
-0.123795
-0.125952
-0.126799
-0.128438
-0.132775
-0.141064
-0.153542
-0.16358
-0.168334
-0.171141
-0.171719
-0.165919
-0.157468
-0.149312
-0.134301
-0.115089
-0.100805
-0.0903394
-0.0786465
-0.0651066
-0.0532877
-0.0476247
-0.0403603
-0.0239701
-0.00224379
0.0147387
0.017668
0.0106203
0.00125946
-0.00959233
-0.0224899
-0.0330131
-0.0415408
-0.0499795
-0.0530868
-0.050549
-0.0451968
-0.0374325
-0.0267367
-0.0169261
-0.00985814
-0.00438868
-0.00193348
-0.00418262
-0.00987592
-0.0183683
-0.0311104
-0.0463188
-0.0616754
-0.0777011
-0.0935499
-0.105866
-0.116136
-0.126747
-0.134557
-0.138031
-0.138415
-0.137202
-0.134096
-0.127753
-0.119134
-0.109534
-0.0991709
-0.0882074
-0.0792655
-0.0738334
-0.0735902
-0.0764919
-0.0801989
-0.0862039
-0.0941681
-0.0992916
-0.100607
-0.100141
-0.0982826
-0.0957754
-0.0936412
-0.0904577
-0.0851046
-0.0800572
-0.0769452
-0.0752877
-0.0763977
-0.0813793
-0.088424
-0.0972759
-0.110472
-0.125757
-0.13947
-0.149909
-0.158631
-0.166578
-0.172515
-0.174508
-0.168858
-0.155645
-0.133173
-0.106766
-0.0810193
-0.049111
-0.00704235
0.0410971
0.0868686
0.126025
0.159036
0.186656
0.204669
0.21043
0.204232
0.187461
0.162333
0.136807
0.112358
0.0858463
0.0639615
0.0494778
0.0369936
0.0248582
0.0162125
0.00911353
0.00293257
0.0027555
0.0153812
0.0407223
0.0669245
0.0876468
0.1011
0.110243
0.116605
0.117041
0.110593
0.0962464
0.075849
0.0519831
0.0301795
0.0112627
-0.00860956
-0.0277078
-0.0417772
-0.0482563
-0.0495534
-0.0462495
-0.0386854
-0.0275129
-0.0134899
0.00147904
0.0155313
0.026795
0.0345625
0.0380319
0.0372223
0.0327043
0.0242634
0.0121233
-0.000158908
-0.0121239
-0.0269698
-0.0431261
-0.0570449
-0.066872
-0.0719539
-0.0713352
-0.0672361
-0.061579
-0.0511397
-0.0365566
-0.0217006
-0.00980925
-8.46265e-05
0.0101607
0.0211284
0.031198
0.0403268
0.0492881
0.0582008
0.0668354
0.07484
0.0812474
0.0854677
0.0873922
0.0872933
0.0838309
0.0777948
0.0701979
0.0582751
0.0445057
0.0338241
0.0236002
0.010801
0.00110068
-0.002667
-0.00184467
0.00441697
0.0155063
0.0302093
0.0488465
0.072239
0.0903373
0.0966833
0.0977761
0.10025
0.103913
0.10714
0.108593
0.103691
0.0940873
0.0843611
0.0749926
0.0648942
0.0558181
0.0478821
0.040146
0.035782
0.0362228
0.0394717
0.0417203
0.0408526
0.0357558
0.0267978
0.014118
-0.00413043
-0.027366
-0.044626
-0.0528616
-0.0543863
-0.0566795
-0.0631651
-0.0691568
-0.0702183
-0.0660206
-0.0574976
-0.0446712
-0.0278255
-0.00701528
0.0208196
0.0496952
0.0734118
0.094627
0.11524
0.130928
0.141117
0.147087
0.149483
0.148843
0.143553
0.133947
0.121558
0.10826
0.0947159
0.0807382
0.0662752
0.0516875
0.0378055
0.024758
0.0124295
-0.000815525
-0.0159853
-0.0318929
-0.0471098
-0.0611264
-0.0730391
-0.0826149
-0.0899712
-0.0949078
-0.0974862
-0.099124
-0.10018
-0.0996538
-0.0970304
-0.0925803
-0.0856374
-0.0771298
-0.070177
-0.0642614
-0.0570685
-0.0489587
-0.0411602
-0.0337214
-0.0257452
-0.0166843
-0.00859422
-0.00266689
0.00178455
0.00736068
0.0155406
0.0225125
0.0270774
0.0353188
0.0463684
0.0543613
0.0594765
0.0649615
0.0724617
0.0806284
0.0879083
0.0957315
0.105175
0.1157
0.120895
0.114365
0.104338
0.0980291
0.0926447
0.086161
0.0810824
0.0795858
0.0811053
0.086099
0.0928815
0.0992548
0.106908
0.116985
0.123316
0.125288
0.126924
0.128206
0.127035
0.124554
0.122334
0.120325
0.116228
0.110034
0.109915
0.118978
0.134368
0.145177
0.146874
0.145524
0.145312
0.142658
0.136673
0.129432
0.121506
0.111646
0.0972273
0.0806197
0.0656518
0.0551933
0.0459766
0.0341042
0.0248118
0.0216444
0.0241656
0.029313
0.0353329
0.0419714
0.0497246
0.057696
0.0631693
0.0637543
0.0599944
0.0521032
0.0369731
0.0175733
-0.00105597
-0.0202243
-0.0397528
-0.0533355
-0.0616965
-0.0682097
-0.0714542
-0.0691808
-0.0609891
-0.0486866
-0.032608
-0.0148036
0.0034477
0.0237881
0.0448873
0.0635479
0.0794734
0.0931339
0.101612
0.106
0.108552
0.108836
0.105881
0.101286
0.0968468
0.0936541
0.0917128
0.0906989
0.0912709
0.0950103
0.104103
0.115529
0.12611
0.138168
0.151541
0.160212
0.164606
0.167995
0.16874
0.166041
0.163095
0.162992
0.166237
0.167206
0.163899
0.160147
0.159751
0.163681
0.170842
0.179057
0.186056
0.190371
0.19112
0.189391
0.185651
0.173954
0.156171
0.13834
0.118901
0.0970295
0.0779109
0.0592033
0.0371124
0.0178209
0.00411041
-0.00690444
-0.0194747
-0.0319131
-0.0292826
-0.0136444
0.00215389
0.00975784
0.0110675
0.0133654
0.01841
0.0227866
0.0245956
0.0245531
0.0242498
0.0242459
0.0241192
0.0236596
0.0231374
0.0234487
0.0252575
0.0289254
0.0362039
0.0482699
0.0635217
0.0800792
0.098698
0.116073
0.129024
0.138003
0.143522
0.143548
0.138971
0.132021
0.123277
0.112553
0.100732
0.0903725
0.0825648
0.0750104
0.0683491
0.0655744
0.065715
0.0669278
0.0690379
0.0718781
0.0749065
0.0778355
0.0804634
0.0815796
0.0805948
0.0775967
0.0735196
0.0687574
0.0636388
0.0589814
0.0555926
0.053008
0.0508942
0.0514529
0.0546705
0.0589912
0.065397
0.0752248
0.0861694
0.0950592
0.100643
0.10506
0.109607
0.112806
0.113445
0.111477
0.106726
0.098911
0.0892996
0.0794005
0.0702061
0.065734
0.0648073
0.0571444
0.0408638
0.0212801
0.00526982
-0.00583524
-0.0139972
-0.0230611
-0.0344519
-0.0467041
-0.0581319
-0.068196
-0.0768366
-0.0842495
-0.0910314
-0.0961721
-0.0980352
-0.0986571
-0.0997341
-0.0998374
-0.0979055
-0.0942545
-0.0890522
-0.0832714
-0.0838584
-0.0871212
-0.0837892
-0.0705212
-0.0511361
-0.0386094
-0.0362244
-0.0387439
-0.0382122
-0.0334093
-0.0292061
-0.0274383
-0.0258671
-0.0228974
-0.0185477
-0.0126331
-0.00471064
0.00567451
0.0170799
0.028119
0.0365918
0.0429692
0.0483081
0.053302
0.0572407
0.0560271
0.0507358
0.0446942
0.037817
0.0284199
0.0164937
0.00424542
-0.00624851
-0.0139165
-0.0200871
-0.0275721
-0.0352935
-0.0400559
-0.0408429
-0.0395115
-0.0383795
-0.0375704
-0.0357912
-0.0325124
-0.0285505
-0.0251171
-0.0218808
-0.0179327
-0.0141313
-0.0113196
-0.00934504
-0.00789981
-0.00735669
-0.00870849
-0.0130089
-0.0216931
-0.0319903
-0.0414538
-0.0535975
-0.0709371
-0.0922699
-0.113295
-0.131751
-0.148382
-0.163691
-0.176895
-0.190188
-0.20442
-0.21752
-0.227495
-0.233514
-0.237259
-0.238138
-0.23139
-0.218331
-0.202615
-0.181779
-0.157748
-0.141089
-0.131584
-0.123495
-0.11428
-0.105073
-0.0972684
-0.0930395
-0.0943983
-0.100209
-0.108026
-0.118367
-0.129272
-0.137399
-0.143492
-0.149622
-0.155456
-0.158431
-0.1563
-0.15057
-0.143149
-0.130646
-0.113835
-0.0966386
-0.0819511
-0.0680457
-0.0448425
-0.0134984
0.0180251
0.0403596
0.0521004
0.0622735
0.0750836
0.0871173
0.0955472
0.100582
0.104894
0.109915
0.115076
0.119321
0.122081
0.122853
0.121978
0.118999
0.113374
0.104737
0.0945846
0.0838412
0.0720189
0.0623594
0.057206
0.0531144
0.0487664
0.0476056
0.0503522
0.0552702
0.0627471
0.0725212
0.0819916
0.090839
0.100235
0.108174
0.113003
0.114942
0.113788
0.107754
0.0981099
0.0876486
0.0785688
0.0713222
0.0655736
0.063131
0.0650905
0.0709329
0.0762413
0.0786661
0.082609
0.0891922
0.0932898
0.0929379
0.0890926
0.0825802
0.0749525
0.0688754
0.0621373
0.0520045
0.0401279
0.0290115
0.0196679
0.0116011
0.00426885
-0.00180282
-0.00592728
-0.00649867
-0.00395204
0.000312751
0.00558083
0.0128533
0.024976
0.0370642
0.0432728
0.0393608
0.0287566
0.0197861
0.0148283
0.0112698
0.00839562
0.0053348
0.000690971
-0.00517838
-0.0110539
-0.0154903
-0.0183168
-0.0200167
-0.0212324
-0.0217952
-0.0206977
-0.0193114
-0.0197224
-0.0194949
-0.0163359
-0.0121777
-0.00995578
-0.0104265
-0.007589
0.00266064
0.0183562
0.0303872
0.0316631
0.027425
0.0230682
0.0165766
0.00694119
-0.00426456
-0.0175205
-0.03297
-0.0494582
-0.0648827
-0.0777182
-0.088628
-0.097758
-0.103065
-0.106064
-0.109058
-0.110769
-0.109635
-0.105821
-0.100546
-0.094609
-0.0884623
-0.082619
-0.0783757
-0.0771889
-0.0792095
-0.0832584
-0.0884938
-0.0945969
-0.101423
-0.108799
-0.116168
-0.122551
-0.12634
-0.126636
-0.123291
-0.114915
-0.103073
-0.0891492
-0.0753032
-0.0627068
-0.0509136
-0.0394415
-0.0286947
-0.0193281
-0.0121259
-0.00744593
-0.00558488
-0.0076475
-0.0132758
-0.0227418
-0.0367514
-0.0533522
-0.0682925
-0.0825243
-0.0985761
-0.114485
-0.127476
-0.136571
-0.141884
-0.143394
-0.141735
-0.138713
-0.135675
-0.134664
-0.136381
-0.138866
-0.141201
-0.14406
-0.144271
-0.139036
-0.128631
-0.119233
-0.116229
-0.115075
-0.110366
-0.100484
-0.0887203
-0.0781407
-0.0693802
-0.0613983
-0.05336
-0.0445283
-0.0340197
-0.0231566
-0.0135998
-0.00646283
-0.000792343
0.004258
0.0103174
0.0181207
0.0265418
0.0344093
0.0412024
0.0471963
0.0527772
0.0601243
0.0716316
0.0898126
0.109668
0.125118
0.131135
0.130398
0.128314
0.126601
0.123567
0.117912
0.110147
0.100234
0.0885978
0.0757662
0.0625928
0.0491976
0.0350358
0.0216357
0.0105701
0.00192133
-0.00480913
-0.00813987
-0.00908886
-0.00897035
-0.00509899
0.00221461
0.0108869
0.0195128
0.0278607
0.0347488
0.0407925
0.0484873
0.0530423
0.0499915
0.0422801
0.0333359
0.0232836
0.0128995
0.00340886
-0.00420961
-0.0101206
-0.0135618
-0.0139456
-0.0114451
-0.00662713
-0.00108987
0.00393491
0.00872239
0.0138602
0.0204709
0.0271701
0.029661
0.0285638
0.0279632
0.0297896
0.0317027
0.0329662
0.0366678
0.0429507
0.0500128
0.0554962
0.0610799
0.0720766
0.0872623
0.10269
0.115285
0.125708
0.136289
0.147473
0.157689
0.164483
0.168017
0.169028
0.171566
0.179341
0.187228
0.190441
0.185893
0.178606
0.174752
0.173802
0.172709
0.167983
0.159292
0.150676
0.142279
0.129092
0.113253
0.0994167
0.0878078
0.0781659
0.0715912
0.0648445
0.0556809
0.0461646
0.0391621
0.0354802
0.0323481
0.026961
0.0147769
0.00279264
0.00127227
0.0068047
0.0116895
0.00884244
0.00138457
-0.00450174
-0.00724094
-0.00879298
-0.00985856
-0.0106602
-0.0110433
-0.0101034
-0.00715878
-0.00161859
0.00555628
0.0137927
0.0225497
0.0314535
0.0400127
0.0464427
0.0470862
0.0424977
0.0352566
0.0257368
0.0141125
0.00268435
-0.00676651
-0.0140587
-0.0179471
-0.0188283
-0.0191653
-0.0184025
-0.015222
-0.0125516
-0.0121637
-0.0129756
-0.0132935
-0.0127309
-0.0114393
-0.0109851
-0.0142523
-0.0194201
-0.02377
-0.0291986
-0.0358407
-0.0392195
-0.0402495
-0.0422484
-0.0435246
-0.0421242
-0.0389685
-0.0350502
-0.0299174
-0.0240538
-0.0184704
-0.01501
-0.0140573
-0.0152559
-0.0181214
-0.0219855
-0.0263622
-0.0323611
-0.0413402
-0.0510249
-0.0596086
-0.0678518
-0.0751151
-0.0791748
-0.0792712
-0.0767461
-0.0712962
-0.0617132
-0.0468364
-0.027923
-0.00875394
0.00187248
0.00533294
0.00835022
0.014327
0.0208762
0.0216867
0.0143878
0.000190474
-0.0168115
-0.0352396
-0.0550408
-0.0770205
-0.101741
-0.126614
-0.148361
-0.164195
-0.177177
-0.190079
-0.199758
-0.202958
-0.198931
-0.193748
-0.191115
-0.183007
-0.164547
-0.138589
-0.111593
-0.0862568
-0.0661348
-0.050493
-0.036165
-0.0217939
-0.00866208
-0.000134965
0.00366385
0.00356735
0.002177
0.00143106
0.000102905
-0.00237047
-0.00252098
0.00108646
0.00774112
0.01736
0.0296432
0.0458039
0.0638313
0.0807338
0.0993637
0.121997
0.142181
0.157417
0.169607
0.18043
0.189175
0.192073
0.189537
0.182509
0.171917
0.15866
0.145001
0.132674
0.122206
0.113752
0.107798
0.105077
0.105442
0.108583
0.112784
0.11718
0.12151
0.124577
0.124964
0.124687
0.124515
0.118869
0.107412
0.0941728
0.0830942
0.0736816
0.0620247
0.048965
0.0383964
0.0306594
0.024691
0.0213036
0.0205245
0.0224454
0.0267502
0.0319511
0.0357047
0.0382132
0.0406181
0.0426712
0.0429447
0.039669
0.0363374
0.0369429
0.0386784
0.0371567
0.0302406
0.0220314
0.0174028
0.02259
0.0358526
0.0494131
0.0611267
0.074081
0.0859754
0.0943309
0.0998102
0.102106
0.0984533
0.0884089
0.0745484
0.0599157
0.0472255
0.0368996
0.0270731
0.0179074
0.0123592
0.010056
0.00801305
0.000973138
-0.00498871
0.00445915
0.022274
0.0349202
0.0397028
0.0418722
0.0432381
0.0427346
0.0396054
0.0357759
0.0316964
0.0252982
0.0156937
0.00378464
-0.00895617
-0.0221362
-0.0357927
-0.0457668
-0.0515522
-0.0579852
-0.0648425
-0.0679351
-0.0680249
-0.0674333
-0.0660929
-0.0656615
-0.0682583
-0.0708551
-0.0721566
-0.0754508
-0.0794933
-0.0808916
-0.0832617
-0.0892495
-0.0965798
-0.10213
-0.105606
-0.1097
-0.115914
-0.123703
-0.129075
-0.129861
-0.128639
-0.126871
-0.121753
-0.113279
-0.103161
-0.0904759
-0.0754004
-0.0586825
-0.0431701
-0.0308597
-0.0230826
-0.018848
-0.0157891
-0.0127043
-0.00936567
-0.00303709
0.00672284
0.0200936
0.0362783
0.054496
0.0754088
0.0980566
0.118448
0.132018
0.138498
0.143752
0.149293
0.150935
0.148662
0.144779
0.138592
0.130475
0.123775
0.117807
0.109613
0.0949583
0.0775488
0.0685895
0.0691204
0.0734479
0.0790504
0.0854901
0.093156
0.101155
0.108217
0.112967
0.114122
0.109613
0.0988437
0.0836038
0.0702559
0.0598038
0.0488283
0.034765
0.0185732
0.00468931
-0.00801326
-0.0237993
-0.0397465
-0.0507198
-0.0512132
-0.0496031
-0.0573853
-0.0710746
-0.0825793
-0.0868122
-0.087275
-0.0888246
-0.0901698
-0.0889205
-0.0844728
-0.0780636
-0.0706182
-0.0619905
-0.0523102
-0.0425308
-0.0324768
-0.0214212
-0.0121402
-0.00633669
-7.06636e-05
0.00603093
0.00758477
0.00623356
0.00472829
0.00161105
-0.00188899
-0.0025048
-0.001453
-0.000679244
0.00110423
0.00444711
0.00844226
0.0123966
0.0165707
0.0220267
0.0281594
0.0332782
0.0359802
0.0364563
0.0369932
0.0373884
0.0344773
0.0301001
0.0274264
0.0258209
0.0238416
0.0217269
0.021123
0.0230891
0.0281504
0.0347653
0.0418498
0.0507185
0.0616898
0.0691422
0.0722453
0.0735161
0.0719945
0.0656733
0.0547023
0.040532
0.0246382
0.00855819
-0.00698923
-0.02146
-0.0338171
-0.042895
-0.049646
-0.0538605
-0.0501812
-0.0383431
-0.0217907
-0.00725885
0.00282079
0.00963838
0.0168093
0.0264097
0.0335682
0.0341731
0.0303739
0.0249218
0.0158597
0.00560228
-0.00208267
-0.00584914
-0.00695506
-0.00632597
-0.00531588
-0.00369881
0.00134653
0.00782773
0.0115945
0.0147656
0.0200444
0.0238902
0.022983
0.0174682
0.0172427
0.0270062
0.0361472
0.0375806
0.0333379
0.0305742
0.0318586
0.0345415
0.0362349
0.0371142
0.0363242
0.033307
0.0301591
0.027065
0.0222807
0.0158917
0.00896679
0.00278725
-0.00221642
-0.00623969
-0.0108489
-0.0164882
-0.0207535
-0.0247309
-0.0315838
-0.0398677
-0.0476097
-0.0565893
-0.0661895
-0.0738054
-0.0802231
-0.0860794
-0.0892334
-0.0912037
-0.0945249
-0.0969561
-0.0970259
-0.0967179
-0.0951558
-0.0895772
-0.0833587
-0.0786349
-0.0726757
-0.0655209
-0.0596418
-0.0558295
-0.0541036
-0.0557287
-0.0591911
-0.0625543
-0.064056
-0.064045
-0.064095
-0.064921
-0.0659764
-0.0657351
-0.0642518
-0.0631848
-0.0621122
-0.0595232
-0.0570723
-0.0558815
-0.0547098
-0.0526826
-0.0501147
-0.047563
-0.0448884
-0.0413588
-0.0373543
-0.0335715
-0.02973
-0.0244302
-0.0155716
-0.00255066
0.0144511
0.0282901
0.0354106
0.0380047
0.0421444
0.0506865
0.0593841
0.0647635
0.0674567
0.06818
0.0657013
0.0607727
0.0551969
0.0502805
0.0456473
0.040599
0.0357051
0.0321965
0.0313674
0.0323247
0.0335303
0.033586
0.0329337
0.0327718
0.0286101
0.0184404
0.0139086
0.0172687
0.0217521
0.020849
0.0141637
0.00518101
-0.00297907
-0.0101282
-0.0167641
-0.0229966
-0.029148
-0.0355737
-0.0424034
-0.0498438
-0.0583394
-0.0692601
-0.0809673
-0.0908128
-0.0992359
-0.107117
-0.110876
-0.109464
-0.104206
-0.09652
-0.0874855
-0.0779194
-0.0676869
-0.0566094
-0.0469576
-0.0391282
-0.0299275
-0.0211706
-0.0174549
-0.0166301
-0.0152731
-0.0142729
-0.0154991
-0.019474
-0.0252715
-0.0322394
-0.0408637
-0.0520416
-0.0668562
-0.0841636
-0.0999527
-0.108389
-0.112158
-0.116352
-0.121223
-0.123731
-0.121372
-0.1166
-0.112664
-0.110989
-0.110496
-0.109614
-0.107994
-0.106188
-0.104475
-0.103756
-0.105952
-0.111098
-0.118439
-0.129273
-0.142013
-0.154027
-0.167636
-0.184918
-0.201012
-0.21361
-0.224119
-0.231756
-0.236025
-0.23557
-0.227216
-0.20899
-0.195892
-0.1939
-0.193003
-0.186154
-0.175338
-0.1669
-0.162875
-0.162387
-0.163098
-0.164
-0.167602
-0.175418
-0.182574
-0.186947
-0.190071
-0.190949
-0.189059
-0.184686
-0.177769
-0.167781
-0.157288
-0.147965
-0.138719
-0.132147
-0.132274
-0.129633
-0.118231
-0.110732
-0.112137
-0.117059
-0.121658
-0.125779
-0.125478
-0.121078
-0.115618
-0.108884
-0.0991948
-0.0888784
-0.0791289
-0.0686327
-0.0597311
-0.0548246
-0.0521138
-0.0508671
-0.0536001
-0.0574609
-0.0588779
-0.0594651
-0.0608852
-0.0616757
-0.0603503
-0.056913
-0.0513346
-0.0444563
-0.038159
-0.030822
-0.020566
-0.00932406
0.000855432
0.0095833
0.0171128
0.0226411
0.0232003
0.0178763
0.00762405
-0.00579699
-0.022919
-0.0436575
-0.0653023
-0.0830796
-0.0948421
-0.101456
-0.104005
-0.104817
-0.104787
-0.101994
-0.0953595
-0.0871352
-0.0774338
-0.0626708
-0.0441525
-0.0249307
-0.00732301
0.00777557
0.0191452
0.0276652
0.0336008
0.0363497
0.0363372
0.0336841
0.029667
0.0258363
0.0234607
0.021804
0.0178972
0.012796
0.0100251
0.0119549
0.0165536
0.0187813
0.0139892
0.000430917
-0.0120069
-0.0175945
-0.0194009
-0.0245332
-0.0363255
-0.0510721
-0.0634376
-0.069979
-0.0732915
-0.0758393
-0.0752311
-0.0710119
-0.0671016
-0.0638705
-0.0590092
-0.0543129
-0.050633
-0.0451289
-0.0379722
-0.0316304
-0.0292644
-0.027286
-0.0159274
0.00381607
0.0255777
0.0379731
0.0412197
0.0464391
0.057204
0.0688886
0.0776218
0.0840385
0.0904952
0.097693
0.104687
0.109703
0.112422
0.115739
0.120805
0.126457
0.130185
0.131071
0.130085
0.129464
0.1304
0.129965
0.126207
0.122274
0.118888
0.113793
0.108425
0.104657
0.100859
0.0983339
0.100442
0.104521
0.107517
0.110306
0.113281
0.115437
0.118777
0.123794
0.126656
0.128161
0.132166
0.137014
0.139264
0.136606
0.131592
0.127424
0.122487
0.114072
0.102382
0.0916227
0.085475
0.0822001
0.0795274
0.0811245
0.0871201
0.0944025
0.10116
0.107795
0.115157
0.12293
0.130234
0.137547
0.145072
0.149993
0.151161
0.149332
0.145965
0.14055
0.129368
0.114272
0.100345
0.0931426
0.0905269
0.0829541
0.0677965
0.0494022
0.0390442
0.0391785
0.0436252
0.0470938
0.0505237
0.0569255
0.0651971
0.0701878
0.0720159
0.0734378
0.0751008
0.0760924
0.0758646
0.0736764
0.068932
0.0655402
0.0621171
0.0498736
0.0359788
0.0298501
0.0240495
0.0149861
0.0124837
0.0201316
0.0324464
0.0383369
0.0380315
0.0382861
0.0412877
0.0444899
0.0449185
0.0424934
0.0387502
0.0327662
0.0242179
0.0197627
0.018303
0.0121538
0.00345935
-0.00166158
-0.00215092
-2.42443e-05
0.00395399
0.0104632
0.0204537
0.0331356
0.0468601
0.0613092
0.0751773
0.0866538
0.0922943
0.0940836
0.0951778
0.0949851
0.0918544
0.0868818
0.0806513
0.0722911
0.061897
0.050365
0.0406114
0.0353289
0.0360141
0.0410629
0.0479183
0.0565277
0.068562
0.0851666
0.103084
0.119287
0.131064
0.13804
0.140579
0.139969
0.135746
0.125254
0.110854
0.0964536
0.080932
0.0634401
0.0484233
0.037623
0.0299067
0.0253304
0.0248885
0.0299178
0.0409336
0.0590071
0.0783289
0.0953671
0.112859
0.129658
0.140824
0.146367
0.148976
0.145898
0.138714
0.131052
0.1174
0.0931447
0.0590419
0.0311713
0.0192089
0.0131162
0.00474698
-0.00279107
-0.00339362
0.00432356
0.0193123
0.0393495
0.0619045
0.085278
0.10938
0.131824
0.150737
0.161007
0.163528
0.161429
0.153221
0.137457
0.108386
0.0734542
0.0443968
0.0260598
0.0130386
-0.00299993
-0.0231354
-0.042952
-0.0563437
-0.0637851
-0.0672932
-0.0675883
-0.0641495
-0.0560282
-0.0462293
-0.0389245
-0.0325253
-0.0245984
-0.0187005
-0.0155464
-0.012596
-0.00938788
-0.00679403
-0.00350759
0.000537835
0.0040658
0.00814845
0.0139734
0.0191259
0.0226655
0.0265267
0.0293904
0.0295462
0.0305608
0.0333181
0.0337096
0.0309293
0.0269367
0.0213671
0.0135911
0.00442842
-0.00500159
-0.0137104
-0.018143
-0.0193204
-0.0199451
-0.0177907
-0.0105979
-0.00271092
0.00429116
0.0138503
0.0237254
0.0303149
0.0359415
0.04232
0.0472723
0.0507331
0.0540247
0.0557942
0.0554092
0.0543314
0.0526301
0.0496577
0.046702
0.0439898
0.0399621
0.037713
0.0401468
0.0446525
0.049039
0.0548725
0.0613687
0.066916
0.0729463
0.0802127
0.0879261
0.0947488
0.0997059
0.0989016
0.0933367
0.089548
0.089182
0.0895251
0.0888383
0.0864994
0.0810913
0.0758181
0.0737165
0.0733857
0.0728832
0.072736
0.0731547
0.0737386
0.074558
0.075388
0.0755746
0.0761541
0.0778553
0.0783716
0.0761009
0.0701604
0.065758
0.0674779
0.0760416
0.0852546
0.0883531
0.0869946
0.0855729
0.0846469
0.0831826
0.0806808
0.078125
0.0765851
0.0765084
0.075701
0.0718393
0.0679524
0.0666582
0.0657185
0.063657
0.0614147
0.0595584
0.0577232
0.0549773
0.0503758
0.0433211
0.035079
0.0270328
0.0200107
0.0143599
0.0105999
0.00935853
0.0107944
0.0183641
0.0297107
0.0400098
0.0499182
0.0612912
0.0724535
0.0810167
0.0858417
0.0879683
0.0890764
0.0894344
0.0874027
0.0815703
0.0755692
0.0710248
0.062788
0.0511999
0.0410286
0.033599
0.0279191
0.0243562
0.0219701
0.0199994
0.0192137
0.0202492
0.0229397
0.0272632
0.0338682
0.041391
0.0485608
0.0553476
0.0619756
0.0661135
0.0675283
0.0689937
0.0716747
0.0746814
0.077066
0.0751807
0.0654133
0.0536004
0.0449052
0.0397852
0.0345378
0.0246027
0.00940709
-0.00796798
-0.0191494
-0.0217474
-0.0186243
-0.0120205
-0.00197084
0.0104093
0.0239292
0.038681
0.0523659
0.0630552
0.0716441
0.0784039
0.0812981
0.0810275
0.0792808
0.074407
0.0651256
0.0522911
0.0389841
0.0254003
0.00289235
-0.0206665
-0.0298792
-0.0274499
-0.022608
-0.0222673
-0.0251812
-0.0272442
-0.0242616
-0.0167711
-0.0125919
-0.01225
-0.0104384
-0.0068564
-0.00444111
-0.00523475
-0.00837026
-0.0124046
-0.0163359
-0.0201371
-0.0240633
-0.028453
-0.0334772
-0.0389634
-0.0436221
-0.0451465
-0.0459474
-0.0493254
-0.0535714
-0.0559088
-0.0555457
-0.0543046
-0.0538659
-0.0553735
-0.0575643
-0.0576122
-0.0562914
-0.0556629
-0.0553467
-0.0553296
-0.0577713
-0.0613154
-0.0636044
-0.0644118
-0.0646868
-0.0647907
-0.0649332
-0.0647158
-0.0615446
-0.0557008
-0.0487887
-0.0429963
-0.0392172
-0.0373102
-0.0361959
-0.0357553
-0.0364051
-0.0382085
-0.0404037
-0.0430384
-0.0472916
-0.0506767
-0.0504431
-0.0460811
-0.0403963
-0.0357317
-0.031109
-0.0247353
-0.0162109
-0.00696602
0.00165069
0.00838937
0.0133925
0.0196914
0.0259413
0.0284401
0.0311489
0.0365497
0.0337557
0.0205604
0.00339832
-0.0110214
-0.0221037
-0.0312653
-0.0402127
-0.0487972
-0.0527426
-0.0516844
-0.0500956
-0.0498033
-0.0493667
-0.0483061
-0.0470185
-0.0453054
-0.0436934
-0.0428186
-0.040609
-0.0367492
-0.035208
-0.0366696
-0.0392278
-0.0440184
-0.0498402
-0.0461764
-0.0340954
-0.0225427
-0.0188682
-0.0213903
-0.0268134
-0.0305212
-0.0297211
-0.0284002
-0.0288335
-0.0249184
-0.0189265
-0.0184696
-0.020669
-0.0205582
-0.0185115
-0.0152693
-0.0100384
-0.00634376
-0.00581412
-0.00676731
-0.00753484
-0.0081517
-0.00886564
-0.0100308
-0.0130792
-0.016598
-0.0181366
-0.0190203
-0.0209921
-0.0238893
-0.0259332
-0.025579
-0.0224387
-0.0176728
-0.0120285
-0.0047319
0.00505945
0.013294
0.0181481
0.0214598
0.0238375
0.0237977
0.0209009
0.0153567
0.00742476
-0.00175124
-0.0112736
-0.0212891
-0.0319851
-0.0430127
-0.0540321
-0.0644717
-0.0705332
-0.0722868
-0.0743865
-0.0765016
-0.07474
-0.0707052
-0.0674188
-0.0654175
-0.0619593
-0.0548361
-0.0483926
-0.0457704
-0.0458567
-0.0469815
-0.0498883
-0.0562936
-0.0642688
-0.0684
-0.0693995
-0.0699699
-0.065431
-0.056727
-0.0543073
-0.057827
-0.0604404
-0.0575636
-0.0509204
-0.0443359
-0.0377892
-0.028401
-0.016372
-0.00437171
0.00484045
0.00804195
0.00261425
-0.00290951
-0.00367595
-0.0037142
-0.00884721
-0.0209194
-0.0332554
-0.0384405
-0.0370858
-0.0498527
-0.0741221
-0.0952916
-0.0952405
-0.0858009
-0.0793364
-0.0786625
-0.0795137
-0.0772507
-0.0717054
-0.064588
-0.0574594
-0.051131
-0.0483305
-0.0482039
-0.0487237
-0.0507103
-0.0556428
-0.062751
-0.0709615
-0.0810976
-0.0915453
-0.100495
-0.108827
-0.115647
-0.118539
-0.118642
-0.117047
-0.11123
-0.103145
-0.0969317
-0.0906975
-0.0821537
-0.0765843
-0.075943
-0.0778141
-0.0803531
-0.0837631
-0.0867432
-0.0885051
-0.0891304
-0.0889525
-0.0882046
-0.086349
-0.0823252
-0.0754182
-0.0685349
-0.0639246
-0.0591618
-0.0522184
-0.0458307
-0.0416138
-0.0391159
-0.0379356
-0.0380839
-0.039045
-0.0402446
-0.0415196
-0.0427232
-0.0439757
-0.0464644
-0.0487435
-0.0482617
-0.0446687
-0.0391417
-0.0345131
-0.0313717
-0.0285132
-0.0252572
-0.0223113
-0.0218973
-0.0227248
-0.0220429
-0.0213843
-0.0237228
-0.0321876
-0.0391819
-0.0355987
-0.0319988
-0.0373181
-0.0506413
-0.0627596
-0.0669779
-0.066579
-0.0660854
-0.0649454
-0.0640942
-0.065368
-0.0651133
-0.0622196
-0.0609072
-0.0604628
-0.0571216
-0.0528294
-0.0498718
-0.0470682
-0.044466
-0.0438249
-0.0462272
-0.0507816
-0.0562005
-0.0664115
-0.0824281
-0.0900413
-0.0868622
-0.0799568
-0.0780927
-0.082647
-0.0864793
-0.0861708
-0.0837959
-0.0793776
-0.0722383
-0.0669998
-0.0648439
-0.0634273
-0.0589217
-0.0510527
-0.0464336
-0.047096
-0.0501527
-0.0523138
-0.0533675
-0.0545201
-0.0564168
-0.0585384
-0.0587515
-0.0568311
-0.0544363
-0.0507567
-0.0435294
-0.0348561
-0.0270595
-0.01988
-0.0124943
-0.00499299
0.00207226
0.00824114
0.011876
0.0132106
0.0131681
0.0104251
0.00469185
-0.00368115
-0.0134402
-0.0233034
-0.030255
-0.0343677
-0.0386975
-0.0420804
-0.0422248
-0.0412292
-0.0406159
-0.0390758
-0.035099
-0.0289579
-0.0231074
-0.0179797
-0.0116431
-0.00460786
0.00148422
0.00612907
0.0101115
0.0143466
0.0168556
0.0161144
0.0143496
0.0127897
0.010015
0.00563624
0.000658013
-0.00334904
-0.00768113
-0.0158365
-0.0264775
-0.0362662
-0.0429021
-0.0448544
-0.0411456
-0.0383516
-0.0402593
-0.0424059
-0.0394509
-0.0301313
-0.0184445
-0.00704324
0.0035728
0.0121545
0.0169294
0.0206785
0.0250988
0.0265739
0.0241696
0.0191231
0.0126347
0.00504258
-0.0032194
-0.0107517
-0.0162521
-0.0206324
-0.0251603
-0.0314661
-0.037371
-0.0392414
-0.0318542
-0.014499
0.0022502
0.0134124
0.0215558
0.0298231
0.0382006
0.0449355
0.0492281
0.0504144
0.0496545
0.0482581
0.0462301
0.0442365
0.0439471
0.0443578
0.0442111
0.0454586
0.0483835
0.0515233
0.0539676
0.0559956
0.0586499
0.0609219
0.059609
0.0566486
0.0552051
0.0547486
0.053561
0.051305
0.0500507
0.0510042
0.0521148
0.0518511
0.0502072
0.0486789
0.0484506
0.0506087
0.0539851
0.0570855
0.0591111
0.0604076
0.0628549
0.0661687
0.0676034
0.0668261
0.0651365
0.0620261
0.0571714
0.0516922
0.0472963
0.0443426
0.0411887
0.0381646
0.0383011
0.0409377
0.0437155
0.0461788
0.0489992
0.0522542
0.0559804
0.0600691
0.0634443
0.0656979
0.0671372
0.0660931
0.0614482
0.0549262
0.0482946
0.0423603
0.0370661
0.0321592
0.0278532
0.0245218
0.022258
0.0178911
0.0101398
0.00543438
0.00572094
0.00874277
0.0126922
0.0173242
0.0209679
0.0238583
0.0282514
0.031668
0.0313472
0.0298466
0.0290125
0.0273537
0.0240396
0.0198044
0.0160192
0.0129977
0.0103082
0.00797249
0.00557337
-0.000718613
-0.00781569
-0.00744554
-0.000976826
0.00538619
0.00727151
0.00654911
0.00635689
0.00818326
0.0112468
0.0131169
0.0132156
0.0127886
0.0122069
0.0109698
0.00892403
0.00603367
0.00157698
-0.00373275
-0.00870841
-0.0124261
-0.0158868
-0.0207919
-0.0258039
-0.0290837
-0.0308488
-0.031821
-0.0312983
-0.0301691
-0.029494
-0.028351
-0.0261804
-0.02326
-0.0214433
-0.0215137
-0.0210367
-0.019019
-0.0164204
-0.0150514
-0.0153086
-0.0152994
-0.0141654
-0.0124155
-0.0101172
-0.00724511
-0.00539136
-0.00440263
-0.00273194
-0.00069889
0.000686658
0.00190896
0.00250127
0.000328755
-0.00273699
-0.00421434
-0.00496599
-0.00632198
-0.00823749
-0.0101211
-0.0114157
-0.0106185
-0.00806219
-0.00451221
-0.000729015
0.00288526
0.00557629
0.0073799
0.00838418
0.00965511
0.0117654
0.0135129
0.0143268
0.01454
0.0140464
0.0128813
0.0133566
0.016142
0.0196617
0.0205619
0.0179957
0.0163061
0.0179941
0.0223151
0.0271541
0.0315241
0.0351056
0.0382167
0.040782
0.0421416
0.0420125
0.0411749
0.040178
0.0385339
0.0349904
0.0292628
0.0228851
0.0179367
0.0153543
0.0131751
0.00951791
0.00241737
-0.00458059
-0.00631931
-0.00141789
0.00645618
0.0125025
0.0155408
0.0167922
0.0187972
0.0222224
0.0261889
0.0295966
0.0321067
0.0337905
0.0348915
0.0347675
0.0332752
0.0307406
0.028084
0.025711
0.0234248
0.0203085
0.015806
0.0122334
0.0111765
0.01241
0.0137175
0.0138841
0.0145059
0.0164801
0.0187041
0.0207234
0.0229924
0.0247225
0.0254456
0.0256469
0.0258759
0.0261296
0.026296
0.0263009
0.0260695
0.0254649
0.0245265
0.0238291
0.0238954
0.0251661
0.0271836
0.0292819
0.0308018
0.0320493
0.0339081
0.0355488
0.0358874
0.0347688
0.0327298
0.0302253
0.0270861
0.0231379
0.0189999
0.0150306
0.0110468
0.00784433
0.00605716
0.00501044
0.00406156
0.00328136
0.00280566
0.00274492
0.00353789
0.00468092
0.00533691
0.00503366
0.0038099
0.00183532
-0.00118244
-0.00557895
-0.00899175
-0.0108788
-0.0145976
-0.020183
-0.0250437
-0.0282762
-0.0302338
-0.0305818
-0.0297742
-0.0284754
-0.0266776
-0.0242161
-0.0213097
-0.0183449
-0.0155177
-0.0132903
-0.0117949
-0.0108451
-0.0103611
-0.0106001
-0.0115122
-0.0130418
-0.0154696
-0.0184018
-0.0214174
-0.0251685
-0.0288392
-0.0296005
-0.0282203
-0.0268948
-0.0260848
-0.025285
-0.0242823
-0.0230293
-0.0216368
-0.020505
-0.0197314
-0.019091
-0.0185549
-0.0182982
-0.0186728
-0.0195105
-0.0205796
-0.0216099
-0.0225353
-0.0236377
-0.0248614
-0.0258682
-0.0266909
-0.0274915
-0.0280726
-0.0284836
-0.0289438
-0.0291509
-0.0288367
-0.0282637
-0.0276684
-0.0270123
-0.0262965
-0.0255319
-0.0246134
-0.0237683
-0.0233046
-0.0229367
-0.0223976
-0.0219152
-0.0215773
-0.0212442
-0.0210216
-0.0210357
-0.0211647
-0.021302
-0.0214611
-0.0215549
-0.0215825
-0.0217503
-0.0219465
-0.0219242
-0.0218922
-0.021994
-0.022059
-0.0220531
-0.0220862
-0.0221529
-0.0221552
-0.0219937
-0.0217021
-0.0213399
-0.0210334
-0.0208181
-0.0206475
-0.0204985
-0.0203626
-0.0201083
-0.0198064
-0.019737
-0.0196493
-0.0192464
-0.018706
-0.0181737
-0.0175273
-0.0170289
-0.0168996
-0.0168536
-0.0166396
-0.0162468
-0.0158195
-0.0154449
-0.0151271
-0.0148044
-0.014418
-0.0140562
-0.0137884
-0.0135029
-0.013197
-0.0130044
-0.0128264
-0.0125351
-0.0122252
-0.0119669
-0.0117214
-0.0114624
-0.0112049
-0.0109767
-0.0107815
-0.0106145
-0.0103099
-0.00980483
-0.00937255
-0.00911157
-0.00892007
-0.00871381
-0.00849573
-0.00827923
-0.008066
-0.00784782
-0.00760349
-0.00733133
-0.00708657
-0.00685802
-0.0065954
-0.00631085
-0.0060343
-0.00576516
-0.00550644
-0.00526844
-0.00503512
-0.0047945
-0.00455841
-0.00433478
-0.00412021
-0.00391543
-0.00372284
-0.00354053
-0.00335188
-0.0031429
-0.00292919
-0.00272558
-0.00253009
-0.00233596
-0.00214204
-0.0019535
-0.00176861
-0.00156726
-0.00136183
-0.00117649
-0.000993381
-0.00079489
-0.000602472
-0.000422094
-0.000241317
-7.61517e-05
6.25489e-05
0.000202758
0.00035101
0.000491332
0.000621772
0.00074823
0.000867631
0.000987771
0.00111774
0.00123928
0.00134757
0.00146448
0.00159813
0.00174123
0.00188813
0.00203638
0.00218541
0.00233742
0.00249406
0.00264943
0.00280001
0.00294925
0.00309274
0.00322385
0.00335281
0.00348414
0.00360203
0.00371339
0.00383488
0.00395498
0.00406583
0.00417686
0.00429572
0.0044223
0.00455325
0.00468554
0.00481795
0.00495079
0.00508487
0.00521794
0.00534829
0.0054763
0.00560213
0.00572528
0.00584548
0.00596345
0.00607927
0.00619318
0.00630559
0.00641777
0.00653013
0.00664163
0.0067525
0.00686397
0.00697776
0.00709315
0.00720795
0.00732143
0.00743417
0.00754663
0.00765885
0.00777086
0.0078824
0.0079933
0.00810358
0.00821332
0.00832251
0.00843118
0.00853934
0.00864689
0.00875387
0.00886042
0.00896663
0.00907249
0.00917792
0.00928292
0.0093875
0.0094917
0.00959552
0.00969887
0.00980171
0.00990399
0.0100057
0.0101068
0.0102073
0.0103073
0.0104067
0.0105055
0.0106037
0.0107013
0.0107983
0.0108947
0.0109906
0.0110858
0.0111804
0.0112744
0.0113678
0.0114606
0.0115527
0.0116443
0.0117351
0.0118253
0.0119149
0.0120038
0.0120921
0.0121796
0.0122665
0.0123527
0.0124382
0.0125231
0.0126072
0.0126906
0.0127733
0.0128554
0.0129367
0.0130172
0.0130971
0.0131762
0.0132546
0.0133323
0.0134092
0.0134853
0.0135607
0.0136354
0.0137093
0.0137824
0.0138547
0.0139263
0.0139971
0.0140671
0.0141363
0.0142047
0.0142724
