-0.0146263
-0.0144748
-0.0132516
-0.00978461
-0.00852612
-0.0125564
-0.0178471
-0.0155208
-0.00674927
-0.00926502
-0.0245537
-0.0303467
-0.014944
0.00540665
-0.00428982
-0.0493078
-0.0828247
-0.086745
-0.0732578
-0.0262666
0.0112003
-0.0421841
-0.109673
-0.0333459
0.0396998
0.00343927
-0.0349235
-0.00935212
0.00597855
0.032888
0.0899497
0.019441
-0.0991442
-0.0977045
-0.0937306
-0.18571
-0.180736
0.0501199
0.249698
-0.0729814
-0.50097
-0.493237
-0.386558
-0.442805
-0.366784
-0.248866
-0.235857
-0.203659
-0.032485
0.267411
0.504199
0.563216
0.408858
-0.0341663
-0.310137
0.152406
0.754693
0.680155
0.355081
0.324055
0.407781
0.519406
0.815935
0.863664
0.0321077
-0.958394
-1.03709
-0.551508
-0.470264
-0.827872
-0.932314
-0.529857
0.0451998
0.437876
0.694462
0.910371
1.00642
0.92298
0.639629
0.284318
-0.239166
-0.853116
-1.05877
-0.835043
-0.776741
-1.03312
-1.14599
-0.81776
-0.741072
-1.00874
-0.634799
-0.111306
-0.0625852
0.293122
0.947582
0.927539
0.395055
0.208497
0.549735
0.98741
1.21019
0.7235
-0.557183
-1.46969
-0.587982
0.548849
0.251918
-0.218719
-0.482651
-1.21169
-1.66243
-0.917078
0.135436
0.505192
0.539044
0.755283
1.64113
2.59047
0.26996
-3.03026
-1.7125
1.06656
1.78264
0.746786
-0.232877
-0.14335
0.15185
0.0531473
0.510323
1.39689
1.12564
0.122485
0.00671691
0.189718
-0.572843
-1.52463
-1.5982
-1.40493
-1.68437
-1.98497
-1.76044
-1.19568
-0.541202
0.249925
0.527978
-0.172362
-0.600375
0.222324
1.06391
1.16106
0.865634
0.610147
0.56254
0.692683
0.665437
0.329718
-0.0625713
-0.246425
-0.243371
-0.127185
-0.0351462
-0.491837
-1.31495
-1.32303
-0.577515
-0.0549046
0.06751
0.316398
0.707105
0.988573
1.15456
1.15234
0.726667
-0.176635
-0.962498
-1.19377
-1.00233
-0.45729
0.364662
1.00486
1.22391
1.38837
1.67368
1.70858
1.33187
0.700014
-0.187536
-1.00467
-1.11577
-0.555538
0.134069
0.724525
1.09975
0.867972
0.141008
-0.138209
0.292922
0.831118
1.26401
1.76024
2.29526
2.64013
2.71762
2.59489
2.29357
1.88127
1.26411
0.26696
-0.820576
-1.52038
-1.60953
-1.32844
-1.23806
-1.74983
-2.60099
-3.1066
-3.16964
-3.21653
-3.24929
-3.12753
-2.96598
-2.93748
-2.99134
-2.95023
-2.78869
-2.5933
-2.3375
-2.02672
-1.84372
-1.80723
-1.81241
-1.79806
-1.76589
-1.70461
-1.60335
-1.42984
-1.15077
-0.851212
-0.364857
0.414581
1.23567
1.99362
2.73801
3.46162
3.84258
3.80745
3.71525
3.65795
3.6085
3.56862
3.5626
3.59375
3.47437
2.99078
2.29135
1.70549
1.17762
0.634628
0.255927
0.108496
0.0891264
0.220364
0.603741
1.20809
1.77442
2.24908
2.79336
3.25988
3.40791
3.38259
3.3213
3.19924
2.93413
2.5293
2.05167
1.82545
2.23038
2.86002
3.395
3.86814
4.03235
3.85626
3.40595
2.77689
2.08952
1.43421
0.956432
0.37323
-0.65469
-1.80708
-2.84792
-3.51731
-3.44593
-2.85121
-2.4051
-2.85034
-3.8969
-4.18415
-3.71698
-3.17392
-2.62074
-1.90926
-1.16792
-0.470557
0.212332
0.892212
1.55133
1.96413
1.8411
1.44904
1.33337
1.65259
2.10289
2.18674
1.85424
1.33874
0.718577
-0.432031
-1.87868
-3.10119
-3.53962
-3.05402
-2.28868
-1.72882
-1.47568
-1.40328
-1.43925
-1.91496
-3.23826
-4.14007
-4.18363
-4.08282
-3.95294
-3.54097
-2.99768
-2.59283
-2.2387
-1.81865
-1.58062
-1.5701
-1.5909
-1.41367
-0.537162
0.487449
0.752759
0.752498
0.942622
1.06172
0.615965
-0.557368
-1.60697
-1.83801
-1.40091
-0.888834
-0.734612
-0.719912
-0.551185
0.0367859
0.75605
1.01411
0.932242
0.536393
-0.291186
-0.742933
-0.500631
-0.129056
-0.112313
-0.250885
-0.210228
-0.0948238
-0.295194
-1.18813
-1.82603
-1.71211
-1.47245
-1.56085
-1.84861
-1.98011
-1.89185
-1.82492
-1.99904
-2.45932
-2.76067
-2.86473
-3.11929
-3.40511
-3.4123
-3.0514
-2.48378
-1.8879
-1.08887
-0.0874881
0.941176
2.38177
3.56044
3.34258
2.11439
1.30832
1.3308
1.88118
2.49907
2.64883
2.34197
1.68701
1.09335
0.775229
0.523942
0.255422
0.0205389
-0.633575
-1.89058
-2.74395
-2.8715
-2.94965
-3.34472
-3.63581
-3.38607
-2.57622
-1.27061
0.489786
2.35022
3.88526
4.62901
4.57937
3.79775
3.10604
3.07226
3.55904
3.78625
3.52109
3.13256
2.91457
2.73228
2.44159
2.02191
1.8135
2.31025
3.14506
2.69695
1.14728
-0.339624
-1.54327
-2.15811
-2.17692
-2.05495
-1.80671
-1.44121
-1.33693
-1.64773
-1.97309
-1.71679
-1.20195
-0.96183
-0.655538
0.257978
1.58731
2.73662
3.39752
3.47842
2.94969
2.1183
1.17931
-0.136987
-1.58579
-2.08299
-1.55228
-0.386534
0.732139
1.50361
1.80469
1.20741
0.208269
-0.218483
-0.150286
-0.360789
-0.684858
-0.442333
0.104681
0.484411
0.583307
0.464711
0.130661
-0.260665
-0.164187
0.576153
1.38186
1.54979
1.15719
0.546771
-0.0334226
-0.547413
-0.992331
-1.24041
-1.27639
-0.941225
-0.180609
0.452601
0.671335
0.685619
0.698427
0.507005
-0.542138
-1.7981
-2.51793
-2.74717
-2.22138
-1.34427
-0.54417
-0.129614
0.0264011
0.601958
1.47794
2.35656
3.17635
3.28787
2.6352
1.96303
1.71973
1.77415
1.86052
1.92002
1.92118
1.88264
1.87105
1.85837
1.77918
1.63805
1.53828
1.52878
1.48074
1.28866
1.10851
1.15083
1.29542
1.2017
0.763071
0.0597523
-0.549988
-0.913064
-0.967344
-0.601399
0.0452223
0.609501
1.00626
1.25867
1.36494
1.10454
0.053004
-1.26094
-1.52724
-0.498578
0.360948
0.45979
0.36669
0.366394
0.384491
0.404109
0.463809
0.445231
0.163875
-0.142652
-0.279509
-0.307956
-0.344365
-0.428792
-0.562106
-0.642444
-0.555492
-0.00875307
1.19793
1.96728
1.32753
-0.0648014
-0.749886
-0.539986
0.0800804
0.567606
0.692905
0.500839
0.044554
-0.557728
-1.15476
-1.65745
-1.97956
-2.22575
-2.60183
-3.05439
-3.45405
-3.83684
-4.16599
-4.34757
-4.36556
-4.12609
-3.68072
-3.18266
-2.86757
-2.79039
-2.75612
-2.67151
-2.59889
-2.58564
-2.59075
-2.56801
-2.50401
-2.36998
-2.16732
-1.91271
-1.63642
-1.47943
-1.40993
-1.32091
-1.2103
-1.09294
-0.847934
-0.489138
-0.269944
-0.258969
-0.394411
-0.59921
-0.853993
-1.0688
-1.26074
-1.60269
-1.90615
-1.38551
-0.0213719
1.15973
1.44194
1.28733
1.11694
0.674819
-0.113941
-0.692802
-0.795968
-0.744904
-0.727566
-0.714268
-0.699252
-0.717329
-0.752396
-0.649782
-0.220412
0.204834
0.267774
0.155354
0.140408
0.399359
0.820665
1.22677
1.42801
1.43759
1.37113
1.26932
1.19879
1.32871
1.55183
1.6404
1.58465
1.13865
0.171175
-0.558052
-0.611035
-0.38332
-0.265552
-0.318229
-0.310963
0.0963394
0.557357
0.687547
0.639129
0.546365
0.421849
0.269381
0.178421
0.30114
0.705102
1.03615
1.11859
1.18095
1.40955
1.96719
2.55975
2.58731
2.06009
1.2411
0.751376
0.715615
0.88176
0.521328
-0.650479
-1.76011
-1.86439
-0.961445
0.207486
0.953184
1.04934
0.915978
0.787046
0.771975
1.02852
1.61223
2.38571
2.90685
2.82306
2.01406
1.07713
0.429952
-0.117298
-0.794835
-1.7998
-2.60554
-2.58414
-1.94678
-1.34514
-1.16188
-1.1328
-0.99106
-0.681516
-0.147564
0.893516
2.25123
3.176
3.24947
3.01448
2.86643
2.77638
2.50795
2.05534
1.54745
0.771638
-0.198512
-1.24775
-1.78138
-1.70344
-1.50041
-1.33529
-1.24236
-1.12743
-0.641076
0.214917
1.09232
1.59725
1.63903
1.3806
0.629539
-0.650596
-1.16288
-0.793107
-0.395627
-0.256385
-0.199018
-0.104355
0.00830463
0.0805063
0.115229
0.106133
0.0386358
-0.057733
-0.108136
-0.0323993
0.162481
0.48755
0.807698
1.09508
1.36285
1.48867
1.21925
0.0212518
-1.64683
-2.38525
-1.91683
-0.584143
0.924073
1.97241
2.15992
1.64825
1.08143
0.843369
0.778143
0.59587
-0.00444669
-0.550426
-0.673867
-0.595615
-0.437051
-0.267427
-0.141676
-0.0942987
-0.0913893
0.0611565
0.662504
1.08761
1.06137
0.933101
0.866812
0.805553
0.688075
0.513048
0.245115
-0.262473
-0.710499
-0.84865
-0.853481
-0.872593
-0.956011
-1.20504
-1.63626
-1.89551
-1.90089
-1.77136
-1.48988
-0.754439
0.392075
0.914461
0.743637
0.269045
-0.304599
-0.692615
-0.85481
-0.876419
-0.884185
-0.992563
-1.13253
-1.13753
-0.795767
0.0546003
0.805649
0.903978
0.753211
0.653772
0.529324
0.309303
-0.0519439
-0.521548
-0.947964
-1.38015
-1.72663
-1.80739
-1.71904
-1.5177
-1.22712
-0.88842
-0.238218
0.775294
1.6474
1.97453
1.87556
1.67383
1.48657
1.35068
1.27834
1.20985
1.08889
0.856874
0.36474
-0.257465
-0.523091
-0.36767
-0.0169095
0.184751
0.165923
0.0609527
-0.0548243
-0.155892
-0.239477
-0.323405
-0.378363
-0.411018
-0.485616
-0.635216
-0.96862
-1.63572
-2.19792
-2.29539
-2.1081
-1.8105
-1.56422
-1.38606
-1.19559
-0.915284
-0.348642
0.469872
1.19601
1.7488
1.97362
1.93832
1.88351
1.88934
1.91315
1.92949
1.95963
1.98071
1.95577
1.86412
1.70353
1.50139
1.27303
1.02084
0.637714
-0.0528806
-0.504029
-0.4435
-0.226834
-0.0692173
0.0383095
0.250679
0.536882
0.670426
0.664107
0.605019
0.402752
0.00836141
-0.499617
-0.960147
-1.15081
-1.08479
-0.98907
-0.949131
-0.930035
-0.856956
-0.638688
-0.075536
0.925466
1.74235
1.85563
1.41033
0.639768
0.177825
0.152171
0.253883
0.301909
0.279786
0.158888
-0.0851649
-0.478574
-0.934074
-1.45012
-2.09671
-2.4158
-2.29951
-2.11379
-1.97026
-1.75403
-1.20839
-0.348789
0.215745
0.306049
0.148414
-0.177928
-0.45789
-0.546383
-0.493789
-0.372402
-0.158576
0.115978
0.343282
0.553615
0.750148
0.874092
0.916281
0.828286
0.537089
0.126254
-0.2672
-0.513447
-0.608815
-0.631086
-0.553904
-0.349491
-0.0680869
0.117233
0.172391
0.193262
0.193135
0.175889
0.195229
0.336883
0.610674
0.922778
1.12187
1.16988
1.15994
1.15682
1.1607
1.15986
1.14317
1.05498
0.849295
0.522959
0.202448
0.0101188
-0.165104
-0.528691
-0.912316
-1.04055
-1.01337
-0.931957
-0.725501
-0.275226
0.198366
0.37131
0.354246
0.326482
0.320183
0.315452
0.274968
0.134089
-0.067492
-0.232514
-0.289461
-0.303043
-0.376224
-0.57154
-0.808461
-0.951453
-0.976629
-0.941677
-0.887317
-0.772978
-0.538253
-0.0945409
0.495812
0.864753
0.899694
0.770273
0.55753
0.303275
0.0421116
-0.178421
-0.329359
-0.44066
-0.511668
-0.500696
-0.321228
0.0733029
0.447921
0.660104
0.754044
0.784412
0.778677
0.707681
0.559881
0.362388
0.187077
0.0924035
0.0230831
-0.0670436
-0.156234
-0.226603
-0.294285
-0.380861
-0.47489
-0.581831
-0.706264
-0.780416
-0.76828
-0.653689
-0.450712
-0.165483
0.00733964
-0.0499021
-0.215428
-0.353423
-0.379528
-0.343185
-0.217933
-0.00214577
0.141579
0.123774
0.0362121
-0.00140683
0.00869845
-0.0127037
-0.067271
-0.0860732
-0.058353
-0.0415782
-0.0724939
-0.155055
-0.318431
-0.541763
-0.692377
-0.619595
-0.295429
0.0477419
0.188353
0.15287
0.0661472
-0.0200069
-0.0717173
-0.0177344
0.172471
0.383203
0.484646
0.518071
0.523983
0.501334
0.501433
0.594871
0.782892
1.01615
1.19581
1.2727
1.30222
1.33963
1.35613
1.3427
1.31949
1.28526
1.22893
1.14814
0.98923
0.691186
0.343539
0.0766365
-0.0795228
-0.168749
-0.267194
-0.410035
-0.574222
-0.723796
-0.828162
-0.864305
-0.820596
-0.684526
-0.516847
-0.385526
-0.30429
-0.257568
-0.226496
-0.194398
-0.171961
-0.170538
-0.182508
-0.199444
-0.193377
-0.0921697
0.185032
0.479813
0.612732
0.639627
0.609894
0.478115
0.195915
-0.1415
-0.418967
-0.677731
-0.910804
-1.13645
-1.40373
-1.57635
-1.59712
-1.52905
-1.40194
-1.19393
-0.800134
-0.370957
-0.18884
-0.169023
-0.15038
-0.091833
0.0728372
0.46116
0.825193
0.925249
0.872014
0.772498
0.637384
0.42074
0.127256
-0.210851
-0.564081
-0.808654
-0.912431
-0.969469
-0.982184
-0.852212
-0.429469
0.0946927
0.277513
0.213215
0.103807
-0.0060043
-0.104213
-0.159658
-0.135482
-0.067948
-0.00688752
0.0163543
0.000832771
0.0154384
0.13576
0.300577
0.383632
0.283266
-0.0460706
-0.507247
-0.910221
-1.09147
-1.11125
-1.10943
-1.12431
-1.14517
-1.16443
-1.14698
-1.0392
-0.715309
-0.0840004
0.55745
0.865946
0.912597
0.875206
0.819896
0.784199
0.802976
0.841947
0.8476
0.795845
0.68507
0.432088
0.0911625
-0.0950899
-0.130652
-0.121618
-0.128386
-0.14509
-0.119227
-0.0420981
0.03436
0.0700562
0.0364905
-0.0588949
-0.160528
-0.243553
-0.247783
-0.16777
-0.059545
0.0340645
0.102592
0.158045
0.190334
0.190963
0.162759
0.120831
0.0845029
0.0618947
0.0544969
0.0363148
-0.0488206
-0.199599
-0.344694
-0.418237
-0.39992
-0.311031
-0.210462
-0.115774
-0.0426927
-0.0180817
-0.0492226
-0.113916
-0.148568
-0.129876
-0.103078
-0.109235
-0.12191
-0.105465
-0.0840632
-0.103628
-0.185191
-0.300097
-0.392393
-0.4369
-0.414068
-0.355933
-0.290855
-0.190585
-0.076617
0.0156161
0.105199
0.157282
0.150342
0.167653
0.264988
0.364504
0.417072
0.409268
0.344408
0.255256
0.186433
0.163549
0.160468
0.14643
0.134806
0.152442
0.203478
0.259013
0.289926
0.26277
0.184573
0.128199
0.173549
0.32033
0.487092
0.629887
0.741159
0.837381
0.931711
1.00082
1.02319
1.00885
0.966853
0.914712
0.861191
0.813363
0.766792
0.713925
0.63061
0.455325
0.146199
-0.11569
-0.220447
-0.23955
-0.250367
-0.278107
-0.339929
-0.468761
-0.665982
-0.838003
-0.909909
-0.930514
-0.953973
-0.967823
-0.957471
-0.918973
-0.847184
-0.662996
-0.258598
0.163513
0.36438
0.437705
0.489931
0.502588
0.461426
0.371295
0.229639
-0.0456961
-0.491296
-0.870201
-0.987419
-0.833236
-0.458341
-0.0805116
0.150031
0.259267
0.286916
0.251364
0.187693
0.127802
0.0874836
0.0661238
0.0516805
0.0310904
-0.00861126
-0.0607395
-0.0974311
-0.109519
-0.107844
-0.11485
-0.148108
-0.204884
-0.259112
-0.329389
-0.417816
-0.504011
-0.582087
-0.672341
-0.756346
-0.825127
-0.890313
-0.913804
-0.873921
-0.76438
-0.591795
-0.410337
-0.258649
-0.173987
-0.173175
-0.226775
-0.301984
-0.373809
-0.42057
-0.433971
-0.41966
-0.385555
-0.350458
-0.309484
-0.249553
-0.118859
0.123145
0.346518
0.501579
0.696474
0.904209
1.0192
1.02714
0.94296
0.737886
0.339681
-0.125969
-0.369601
-0.380803
-0.28336
-0.189888
-0.131299
-0.129334
-0.168481
-0.196989
-0.155877
-0.0191752
0.157148
0.293002
0.313837
0.248103
0.114616
-0.117164
-0.407198
-0.614505
-0.689244
-0.716425
-0.735058
-0.698865
-0.56025
-0.324244
-0.00492951
0.358043
0.588084
0.655379
0.638397
0.563853
0.466379
0.365861
0.281837
0.220202
0.142194
0.0208276
-0.160643
-0.383059
-0.532726
-0.589975
-0.595293
-0.548595
-0.45172
-0.294912
-0.113702
-0.00115268
0.0326706
0.010801
-0.0406448
-0.0880307
-0.0902109
-0.0283572
0.103492
0.37373
0.62554
0.709161
0.714953
0.711344
0.690255
0.633523
0.54905
0.475923
0.430387
0.329204
0.0470252
-0.283553
-0.421888
-0.390206
-0.303285
-0.119438
0.196594
0.445961
0.52627
0.498335
0.420236
0.323584
0.242625
0.231718
0.285479
0.354417
0.407887
0.460782
0.528783
0.554406
0.4258
0.106242
-0.146065
-0.194994
-0.17581
-0.182061
-0.204338
-0.212754
-0.203346
-0.210366
-0.273717
-0.366472
-0.428218
-0.407057
-0.237068
0.0253618
0.220453
0.333793
0.417475
0.463377
0.443242
0.353555
0.235716
0.171758
0.205257
0.287673
0.352622
0.337619
0.227502
0.0304923
-0.212548
-0.407208
-0.481723
-0.419194
-0.27563
-0.129134
-0.00787679
0.0835606
0.126996
0.137587
0.129877
0.0993409
0.0750745
0.107587
0.180236
0.210703
0.141579
-0.0202296
-0.140201
-0.324464
-0.48202
-0.477065
-0.434752
-0.441342
-0.426176
-0.348884
-0.266019
-0.223316
-0.192398
-0.119864
-0.0034709
0.111571
0.229768
0.304667
0.320924
0.330397
0.354811
0.368167
0.370657
0.401921
0.454379
0.436251
0.310541
0.0165129
-0.307638
-0.444673
-0.435866
-0.374088
-0.275592
-0.109964
0.0632451
0.160341
0.192478
0.197348
0.193425
0.182977
0.167345
0.150461
0.123654
0.0809494
0.0323941
-0.0110772
-0.0489532
-0.0748053
-0.0860315
-0.0719536
-0.0334974
-0.00808044
-0.0180413
-0.039315
-0.0434467
0.00662699
0.0934023
0.156725
0.188195
0.172357
0.126481
0.12015
0.158056
0.203004
0.231133
0.238576
0.204301
0.138385
0.0649779
-0.0175943
-0.094308
-0.134539
-0.113574
-0.0525224
0.0430624
0.146586
0.267063
0.333287
0.305046
0.23854
0.127503
-0.0326684
-0.156494
-0.295019
-0.453377
-0.498188
-0.458656
-0.400725
-0.301213
-0.128654
0.0344851
0.229759
0.450294
0.510362
0.463214
0.373638
0.278063
0.223494
0.212224
0.201604
0.205759
0.250564
0.299976
0.332313
0.331122
0.291192
0.233683
0.204237
0.231723
0.244643
0.165811
0.0367646
-0.0821633
-0.147567
-0.101979
-0.000823028
0.0770989
0.156934
0.219483
0.248386
0.309887
0.393079
0.501027
0.627941
0.776243
0.786878
0.643392
0.434988
0.251616
0.143805
0.0573214
-0.0354399
-0.128437
-0.219976
-0.31025
-0.372873
-0.408999
-0.429717
-0.442391
-0.447884
-0.435541
-0.370988
-0.228122
-0.0435586
0.0871124
0.130019
0.125899
0.119934
0.133621
0.147573
0.128817
0.0625591
-0.0188559
-0.0996001
-0.151905
-0.166577
-0.177766
-0.21894
-0.280424
-0.323709
-0.329265
-0.282477
-0.204249
-0.122302
-0.0584932
-0.0406421
-0.0747374
-0.125228
-0.145962
-0.117849
-0.0617398
-0.0130598
0.0314845
0.075501
0.0985471
0.0974999
0.104818
0.129464
0.161321
0.20986
0.261911
0.29127
0.285588
0.224888
0.12714
-0.0269784
-0.237335
-0.397281
-0.471863
-0.485845
-0.463041
-0.422129
-0.352698
-0.277773
-0.215433
-0.142572
-0.071142
-0.0341264
-0.0369133
-0.0582189
-0.072688
-0.0763758
-0.0730671
-0.069344
-0.0751224
-0.0943801
-0.11116
-0.096288
-0.0467329
0.000742889
0.0224255
0.0174098
0.0026803
0.0131326
0.0508399
0.0834357
0.0790906
0.0459298
0.00268529
-0.0359463
-0.0635275
-0.0794313
-0.0921363
-0.109714
-0.141423
-0.174724
-0.207998
-0.220455
-0.19615
-0.14735
-0.111744
-0.091972
-0.0764355
-0.0674437
-0.0682454
-0.0430088
0.0109477
0.0570765
0.0862426
0.0970218
0.085527
0.0649883
0.0491902
0.0408392
0.0378479
0.0431542
0.0552609
0.0900352
0.148246
0.201095
0.242112
0.286765
0.320072
0.329723
0.304138
0.261109
0.18126
0.0116827
-0.238923
-0.433043
-0.516681
-0.503849
-0.436827
-0.338155
-0.203614
-0.0496561
0.123432
0.28112
0.373962
0.422679
0.444959
0.423891
0.365863
0.303972
0.241933
0.170695
0.0907129
8.60213e-05
-0.106579
-0.260846
-0.433141
-0.536741
-0.564117
-0.55712
-0.550633
-0.540718
-0.510808
-0.468374
-0.429986
-0.386156
-0.31801
-0.23347
-0.138526
-0.011352
0.118678
0.213065
0.28802
0.329659
0.334277
0.30995
0.260756
0.194279
0.119978
0.0581032
0.013218
-0.0282523
-0.0754308
-0.113096
-0.139553
-0.156503
-0.164702
-0.163665
-0.154561
-0.135759
-0.103791
-0.0629637
-0.0147039
0.0238224
0.032362
0.0177154
-0.00302576
-0.0133085
-0.0197405
-0.023261
-0.00650746
0.0410241
0.0997434
0.145894
0.176775
0.201501
0.211364
0.196613
0.165232
0.134049
0.104625
0.073744
0.0462043
0.0229322
-0.00596503
-0.0272206
-0.0251338
-0.0151391
-0.00910219
0.00551301
0.053965
0.128487
0.208449
0.28486
0.342343
0.367681
0.37125
0.346258
0.284535
0.210784
0.14402
0.0857807
0.0381216
-0.0159333
-0.0755363
-0.125964
-0.161104
-0.177371
-0.173883
-0.156908
-0.143387
-0.144676
-0.160382
-0.173859
-0.172953
-0.163106
-0.146102
-0.105479
-0.0279028
0.0508337
0.0814659
0.067232
0.0396771
0.0135511
-0.0117116
-0.0449514
-0.105289
-0.167609
-0.186903
-0.176572
-0.159094
-0.138375
-0.114708
-0.089114
-0.0664301
-0.047258
-0.029953
-0.0119982
0.00265456
0.0105162
0.00761742
-0.00321262
-0.0124166
-0.0197123
-0.0301054
-0.0432367
-0.0547514
-0.0601389
-0.0597668
-0.0559738
-0.0505198
-0.0452197
-0.0406029
-0.0360128
-0.0319414
-0.0283419
-0.0251572
-0.0227465
-0.0212812
-0.0206854
-0.0200865
-0.0187847
-0.0163707
-0.012469
-0.00800018
-0.00359383
0.00049335
0.00430647
0.0079598
0.0112983
0.0141184
0.016574
0.0190171
0.0215404
0.0239766
0.026205
0.0282519
0.0301261
0.031889
0.0336103
0.0353016
0.0369523
0.0385698
0.0401485
0.0416732
0.0431184
0.0444703
0.0457365
0.0469306
0.0480639
0.0491414
0.0501606
0.0511192
0.0520157
0.0528489
0.0536177
0.0543216
0.0549605
0
0
0
0
