-0.000763099
-0.000792606
-0.000821458
-0.000849756
-0.000877602
-0.00090499
-0.000931959
-0.000958486
-0.000984667
-0.00101064
-0.00103673
-0.00106334
-0.00109102
-0.00112019
-0.00115101
-0.00118298
-0.00121471
-0.00124381
-0.00126727
-0.00128233
-0.00128851
-0.00128965
-0.00128988
-0.00128836
-0.00128385
-0.00127555
-0.001263
-0.00124601
-0.00122469
-0.00119925
-0.00116994
-0.00113678
-0.00109952
-0.00105748
-0.00100964
-0.000954756
-0.00089208
-0.000822087
-0.000747397
-0.000673265
-0.000607522
-0.000558762
-0.000532915
-0.000526321
-0.000521664
-0.000510272
-0.000495773
-0.000482019
-0.000471526
-0.000465703
-0.000464858
-0.000467863
-0.000472112
-0.000473591
-0.00046721
-0.000448253
-0.000414769
-0.000372083
-0.000333157
-0.00029734
-0.000261993
-0.000225854
-0.000188057
-0.000148346
-0.00010672
-6.35015e-05
-1.90498e-05
2.62179e-05
7.18248e-05
0.000117262
0.000162096
0.000206186
0.000249886
0.000294255
0.000341035
0.000392281
0.000449341
0.000511422
0.000573879
0.000627022
0.000656215
0.000644729
0.000580234
0.000466653
0.000334858
0.000212267
9.31553e-05
-2.99807e-05
-0.000160254
-0.000298394
-0.000443812
-0.000596109
-0.000756602
-0.000928938
-0.00111802
-0.0013281
-0.00155842
-0.00179827
-0.00202291
-0.00219302
-0.00226089
-0.00218776
-0.00197188
-0.00168893
-0.00144773
-0.00123412
-0.00102046
-0.000793519
-0.000546217
-0.000279417
2.87799e-06
0.000294543
0.000590599
0.000888191
0.00118917
0.0014999
0.0018299
0.00218775
0.00257544
0.00298103
0.00337113
0.00368911
0.00386123
0.00382109
0.00354439
0.00312485
0.00277443
0.00247711
0.00218557
0.0018788
0.00154399
0.00118139
0.000795684
0.000395487
-1.28369e-05
-0.000425459
-0.000844908
-0.00127807
-0.00173482
-0.00222161
-0.00273482
-0.00325271
-0.00373093
-0.00410318
-0.00429598
-0.0042584
-0.00401585
-0.00371745
-0.00349128
-0.00330721
-0.00312674
-0.00293057
-0.00271015
-0.00246639
-0.00220405
-0.00192988
-0.00164933
-0.00136627
-0.00108252
-0.00079798
-0.000512298
-0.000225228
6.22079e-05
0.000348112
0.000630929
0.000910097
0.0011878
0.00147059
0.00176798
0.00209032
0.00244199
0.00281384
0.00317488
0.00346743
0.0036113
0.00352423
0.00315972
0.0025795
0.00198776
0.00147683
0.00100276
0.000525213
2.3235e-05
-0.000509647
-0.00106955
-0.00164638
-0.00222781
-0.00280294
-0.00336716
-0.00392344
-0.00448424
-0.00506904
-0.00569899
-0.0063837
-0.00710661
-0.00780862
-0.0083799
-0.00866705
-0.00851418
-0.00783512
-0.00674914
-0.0056473
-0.0047094
-0.00385852
-0.00302438
-0.00216752
-0.00126587
-0.000303914
0.000731613
0.00184982
0.00304391
0.00427378
0.00544425
0.00639853
0.00693147
0.00685318
0.00608645
0.00486728
0.0037809
0.00291493
0.00213064
0.00132084
0.000404011
-0.000663875
-0.00188632
-0.00320348
-0.00447528
-0.00547303
-0.00590361
-0.00549292
-0.00412214
-0.00209866
-0.000212868
0.00140489
0.00291008
0.00439553
0.00590917
0.00746686
0.00908547
0.0107969
0.0126546
0.0147126
0.0169807
0.0193609
0.0215814
0.0231734
0.0235116
0.0220065
0.0184071
0.0134074
0.0087722
0.0048325
0.00129451
-0.00200526
-0.00517016
-0.00830091
-0.011615
-0.0152721
-0.0188999
-0.0219215
-0.023697
-0.023689
-0.0217464
-0.0186749
-0.0162169
-0.0142408
-0.0123587
-0.0103884
-0.00822235
-0.00587178
-0.00341518
-0.000997376
0.00121796
0.00308773
0.00456113
0.00579244
0.00713824
0.00856738
0.00999713
0.0113863
0.0127154
0.0139962
0.0152676
0.0165906
0.0180275
0.0196098
0.021296
0.0229277
0.024206
0.0247114
0.0240137
0.021868
0.01859
0.0152414
0.0122888
0.00949589
0.00667628
0.00378795
0.000911342
-0.00177974
-0.00407871
-0.00584168
-0.00712983
-0.00831959
-0.00963997
-0.0107659
-0.0112738
-0.0108181
-0.00924937
-0.00691417
-0.00469881
-0.00276197
-0.000937312
0.000878748
0.00274883
0.00469698
0.00673926
0.00888532
0.0111473
0.0135192
0.0159555
0.0183363
0.0204529
0.0220164
0.0227345
0.0224454
0.0213806
0.0202894
0.0195068
0.018869
0.0182294
0.0175125
0.0166965
0.0157973
0.0148521
0.0139018
0.0129751
0.0120736
0.0111621
0.0101674
0.00898694
0.00752253
0.00572923
0.00371008
0.0017371
-0.000141864
-0.00197725
-0.00379889
-0.00562437
-0.00746542
-0.00933937
-0.0112713
-0.0132908
-0.0154126
-0.0176127
-0.0197961
-0.0217761
-0.0232804
-0.0240103
-0.0237661
-0.0226702
-0.0213582
-0.0203641
-0.0195561
-0.0187683
-0.0179205
-0.0169789
-0.015952
-0.0148672
-0.0137592
-0.0126532
-0.0115592
-0.010466
-0.00934725
-0.00817124
-0.0069218
-0.0056217
-0.00435867
-0.00329617
-0.00266199
-0.00268691
-0.00349777
-0.00491182
-0.00634031
-0.0075343
-0.00865037
-0.0098333
-0.0111559
-0.0126123
-0.0141052
-0.015445
-0.0163719
-0.0166243
-0.0160544
-0.0148401
-0.0135879
-0.0125735
-0.0116741
-0.0107819
-0.00984724
-0.00885796
-0.00782345
-0.00675629
-0.00565771
-0.00451109
-0.00328759
-0.00196534
-0.000561691
0.000829206
0.00200941
0.00267986
0.00249893
0.00122138
-0.00105227
-0.00365099
-0.00601634
-0.00831058
-0.0106587
-0.0129689
-0.0149658
-0.0162222
-0.0163155
-0.0150402
-0.0128319
-0.0108498
-0.00925787
-0.00778311
-0.00625055
-0.00456543
-0.00272028
-0.00076385
0.00120234
0.00305447
0.0046677
0.00596826
0.00698626
0.00793123
0.00906921
0.0103656
0.0116888
0.0128474
0.0135717
0.0135617
0.0125937
0.010705
0.00843633
0.00652562
0.00487984
0.00330313
0.00167016
-0.000127156
-0.00215697
-0.00444019
-0.00690588
-0.00935433
-0.0114237
-0.0126118
-0.0123812
-0.0103883
-0.00687888
-0.0030277
0.000205522
0.00311717
0.00610092
0.00940246
0.0131382
0.0172281
0.0213541
0.0249328
0.0271679
0.0272472
0.0246968
0.0200513
0.0151928
0.0109847
0.00709454
0.00333997
-0.000166271
-0.00310186
-0.0051062
-0.00600748
-0.00625784
-0.00694759
-0.00795857
-0.00903874
-0.0101006
-0.0111031
-0.0120476
-0.0129044
-0.0135911
-0.0139459
-0.0137637
-0.0128747
-0.0112962
-0.00942574
-0.00781432
-0.0063745
-0.00495848
-0.00349543
-0.00195182
-0.000333313
0.00133356
0.00301132
0.00466692
0.00628385
0.00787117
0.00946887
0.0111416
0.0129583
0.0149519
0.0170692
0.0191128
0.0207131
0.0213476
0.0204762
0.0177816
0.0136442
0.00937548
0.00550247
0.00165342
-0.00242271
-0.00667866
-0.0107379
-0.0139225
-0.0153811
-0.0144158
-0.0109809
-0.00637827
-0.0024495
0.00114058
0.00484754
0.00867882
0.0122982
0.0150134
0.0159919
0.0145823
0.0109312
0.00649661
0.00253361
-0.00128352
-0.00514275
-0.00871982
-0.0112844
-0.0118524
-0.00960965
-0.00453383
0.00177079
0.00695029
0.0110016
0.0140731
0.0160708
0.0170451
0.0175936
0.0189283
0.0209395
0.0233001
0.0257236
0.0278084
0.0290352
0.0287664
0.0264556
0.0219395
0.0161168
0.0109464
0.00633933
0.00200134
-0.00203829
-0.00561237
-0.00847795
-0.0105301
-0.0121204
-0.0140562
-0.0159204
-0.0170763
-0.0170439
-0.0156028
-0.0131656
-0.0108201
-0.00878516
-0.00689841
-0.00508309
-0.00331669
-0.00160737
7.09727e-05
0.00181508
0.00372261
0.00580361
0.00803445
0.0103276
0.0124793
0.0141538
0.0149076
0.0143271
0.0122436
0.00916743
0.00636946
0.00403484
0.00185805
-0.000387787
-0.00286071
-0.0056265
-0.00865805
-0.0118016
-0.0147655
-0.0171275
-0.0184075
-0.0182388
-0.0166497
-0.0144409
-0.0127245
-0.0113673
-0.0101099
-0.0088314
-0.00745347
-0.00593919
-0.00424785
-0.0023363
-0.000165354
0.00224774
0.00476708
0.00711002
0.00892669
0.00975613
0.00916665
0.00698806
0.00381642
0.00102648
-0.00149437
-0.00396108
-0.00626254
-0.0080798
-0.00891925
-0.00835201
-0.00631562
-0.0035717
-0.00123296
0.000846638
0.00284335
0.00464345
0.00596026
0.00641087
0.00573462
0.0041189
0.00239825
0.000942197
-0.000403171
-0.00167137
-0.00270099
-0.00319257
-0.0028326
-0.00147412
0.000511408
0.00221955
0.00378327
0.00541609
0.00711408
0.0087082
0.00985482
0.0101322
0.00920031
0.00706959
0.00443696
0.00227026
0.000409602
-0.00143633
-0.00344247
-0.00572841
-0.00831002
-0.0110873
-0.0137954
-0.0160068
-0.017161
-0.0167298
-0.0144636
-0.0109184
-0.00755778
-0.00451283
-0.00137037
0.00204673
0.00561586
0.0088513
0.0109666
0.0110479
0.00844465
0.00340197
-0.00236059
-0.00722284
-0.0111195
-0.013912
-0.0152187
-0.0147959
-0.0130584
-0.0113929
-0.0103287
-0.00943334
-0.00837869
-0.00710725
-0.00582111
-0.00494814
-0.00502997
-0.00650748
-0.00939858
-0.0128909
-0.0157297
-0.0176647
-0.0184801
-0.0179246
-0.0160794
-0.0137418
-0.0119959
-0.0106502
-0.00939482
-0.00808118
-0.00663532
-0.00505825
-0.00337452
-0.00161482
0.000212126
0.00211458
0.00410761
0.00617694
0.00824342
0.0101277
0.011551
0.0121784
0.0117508
0.0102921
0.00839769
0.00688114
0.0056053
0.00433076
0.00293467
0.00136059
-0.00035033
-0.002073
-0.00359891
-0.00467582
-0.00508442
-0.00475396
-0.00398789
-0.00345829
-0.00311476
-0.0028117
-0.0024833
-0.00208983
-0.00162961
-0.00111563
-0.000573162
-2.56276e-05
0.00050868
0.00102562
0.00153632
0.00207049
0.00266987
0.00337939
0.00422642
0.00519023
0.00617582
0.00710192
0.00798364
0.0088501
0.00972991
0.0106575
0.0116649
0.0127686
0.0139467
0.0151149
0.0161085
0.0166911
0.0166054
0.0156812
0.0140275
0.0121963
0.0106515
0.00928418
0.00794764
0.00655831
0.00506112
0.00343265
0.0016752
-0.000172475
-0.00202374
-0.00373289
-0.00510195
-0.00591987
-0.0060488
-0.00557716
-0.0049521
-0.00454888
-0.00427764
-0.00402403
-0.00373354
-0.00338225
-0.00297486
-0.00252677
-0.00205596
-0.00157169
-0.00107419
-0.000555328
-7.98505e-06
0.000561249
0.00111645
0.00158341
0.00185037
0.00179311
0.00132654
0.000511953
-0.000385215
-0.00127474
-0.00224459
-0.00330292
-0.00430973
-0.00497075
-0.00486653
-0.00358987
-0.000949953
0.00259776
0.00590743
0.00893958
0.0116361
0.0136126
0.0143289
0.0132932
0.010472
0.00680831
0.00366522
0.000831279
-0.0019501
-0.00458593
-0.00675314
-0.0079605
-0.00779388
-0.00622833
-0.00407096
-0.00245196
-0.00114193
0.000226058
0.00183517
0.00375143
0.00586596
0.00790657
0.00943941
0.00995607
0.00904192
0.00666671
0.00357022
0.000845615
-0.00154099
-0.00363638
-0.00524808
-0.00609498
-0.00594695
-0.00491955
-0.00370568
-0.00288905
-0.00229824
-0.00173513
-0.00110414
-0.000359415
0.000506534
0.00148936
0.00257874
0.0037563
0.00497774
0.00615294
0.00712934
0.00769981
0.00765422
0.00687734
0.00553682
0.00417722
0.00304029
0.00200743
0.000973235
-0.000112746
-0.00126249
-0.00246115
-0.00368251
-0.00490418
-0.0061199
-0.00734622
-0.00861927
-0.0099819
-0.011456
-0.0130068
-0.0145043
-0.0157048
-0.0162651
-0.0158316
-0.0142029
-0.0116394
-0.00901579
-0.00669274
-0.00443242
-0.00204987
0.000484467
0.00303065
0.005288
0.00684012
0.00729889
0.00649965
0.00490707
0.00362277
0.00257526
0.00160514
0.000782476
0.000301167
0.000436195
0.00137764
0.00299827
0.00469591
0.00612742
0.00724478
0.00789269
0.00782071
0.00683756
0.00504934
0.00307537
0.00141683
-0.000111795
-0.00170817
-0.00343148
-0.00522274
-0.00689678
-0.0081812
-0.00879066
-0.00855838
-0.00765909
-0.00671991
-0.00600853
-0.00536482
-0.00465008
-0.00381263
-0.00288783
-0.00200469
-0.00137088
-0.00123324
-0.00178473
-0.00302604
-0.00457487
-0.00590998
-0.00716094
-0.00851821
-0.0100571
-0.011742
-0.0133762
-0.0146122
-0.0149848
-0.0140635
-0.0116633
-0.00827988
-0.00516176
-0.00246834
0.000136537
0.0029037
0.00598863
0.00939717
0.0129656
0.016317
0.0188896
0.0200215
0.0191986
0.0164281
0.0127721
0.00970203
0.00696492
0.00417096
0.00122164
-0.00177299
-0.00447002
-0.00639309
-0.00709133
-0.00639212
-0.00485685
-0.00378427
-0.00306558
-0.00241888
-0.00172742
-0.000926189
-1.46598e-05
0.000995898
0.00209007
0.00326877
0.00453901
0.00589651
0.00729033
0.00859015
0.0095714
0.00993281
0.00939398
0.00784031
0.00564542
0.00367847
0.00186245
5.75734e-05
-0.00165979
-0.00307054
-0.00382337
-0.00359595
-0.00226522
-0.000298285
0.0012642
0.00254613
0.00383042
0.00525536
0.00688851
0.0086764
0.0104623
0.0119799
0.0129058
0.0129549
0.0120368
0.0105472
0.00936698
0.00843257
0.00755909
0.00666612
0.00570611
0.00467327
0.00357122
0.00240709
0.00118007
-0.000113181
-0.0014649
-0.00283558
-0.00413066
-0.00519667
-0.0058341
-0.00586669
-0.00523978
-0.00423122
-0.00344628
-0.00283642
-0.00226652
-0.00167885
-0.00103909
-0.000348527
0.000384177
0.00114445
0.00192909
0.00274157
0.00359342
0.00448679
0.00540206
0.00627602
0.00699972
0.00742344
0.00740626
0.00688525
0.00602546
0.00524536
0.00460921
0.00402401
0.00343155
0.0027985
0.00211857
0.00139678
0.000647463
-0.000117713
-0.000888079
-0.00165966
-0.00242984
-0.00319884
-0.00396471
-0.00472549
-0.00547624
-0.00621394
-0.00693879
-0.00767005
-0.00843705
-0.00927341
-0.0101976
-0.0111915
-0.012173
-0.0129799
-0.013376
-0.0131048
-0.0119977
-0.0101662
-0.00816392
-0.006458
-0.00494038
-0.00346151
-0.00192624
-0.000262539
0.00157328
0.00359044
0.00573958
0.00788391
0.00977831
0.0110794
0.011416
0.0105433
0.00861417
0.00641412
0.00459882
0.00299828
0.00140196
-0.000287686
-0.00209477
-0.00396933
-0.00581284
-0.00749997
-0.00892308
-0.0100382
-0.0109566
-0.011937
-0.0128746
-0.0134565
-0.0133461
-0.0122884
-0.0102874
-0.00784877
-0.00566918
-0.0036099
-0.0014646
0.000823476
0.00318253
0.00537887
0.00705552
0.00780964
0.00736835
0.00586516
0.00408582
0.00269839
0.00155343
0.000453848
-0.000700216
-0.00197088
-0.00338438
-0.00495447
-0.00667425
-0.00850499
-0.0103459
-0.0120133
-0.0132361
-0.0136998
-0.0131613
-0.0116453
-0.00971013
-0.00811653
-0.00672158
-0.00529279
-0.00372565
-0.00200796
-0.000255627
0.00130817
0.00237476
0.00265021
0.00198764
0.000663325
-0.000569891
-0.00162703
-0.00269738
-0.00385955
-0.00506328
-0.00611155
-0.00669427
-0.00646843
-0.00521431
-0.00311015
-0.000880613
0.00116309
0.00317508
0.00520771
0.00712319
0.00862279
0.009315
0.00888114
0.00732164
0.00528427
0.00367752
0.00236647
0.00110493
-0.000240774
-0.00176378
-0.00349813
-0.00543024
-0.00747606
-0.00946851
-0.0111475
-0.0121872
-0.0122858
-0.0113174
-0.00962932
-0.00810424
-0.00687877
-0.00576313
-0.00463604
-0.00343278
-0.00214196
-0.000777449
0.000633478
0.00207176
0.00353207
0.00502581
0.00656934
0.00816678
0.0097859
0.0113364
0.0126649
0.0135715
0.0138789
0.0135317
0.0128056
0.0123025
0.0119733
0.0116828
0.0113702
0.0109994
0.0105688
0.0100885
0.0095784
0.00905429
0.008528
0.00800299
0.00747887
0.00695304
0.00642619
0.00590441
0.00540035
0.00492871
0.00449748
0.00409488
0.00367443
0.00314681
0.00238243
0.00124548
-0.000346989
-0.00229433
-0.00427522
-0.00627281
-0.00835552
-0.0104627
-0.0123737
-0.0137112
-0.0140181
-0.0129356
-0.0104882
-0.00746596
-0.00495413
-0.00276442
-0.000568021
0.00181436
0.00447388
0.0073656
0.0103112
0.0129864
0.0149647
0.0158205
0.0153205
0.0137644
0.0121539
0.010942
0.00992241
0.00890805
0.00780473
0.00658284
0.00525707
0.00386385
0.00244075
0.00101179
-0.000420921
-0.00187508
-0.003378
-0.00494555
-0.0065581
-0.00813407
-0.00951861
-0.0104941
-0.01084
-0.0104361
-0.0094587
-0.00847365
-0.00773266
-0.00710711
-0.00647056
-0.00574162
-0.00487678
-0.00387567
-0.0027888
-0.00172793
-0.000866699
-0.000422204
-0.000592135
-0.00145578
-0.00277903
-0.00397846
-0.00496215
-0.00586035
-0.00677233
-0.0077731
-0.00890595
-0.0101833
-0.011568
-0.0129584
-0.0141732
-0.0149645
-0.0150687
-0.0143167
-0.0128248
-0.0111594
-0.00979428
-0.00861543
-0.0074635
-0.00623647
-0.00485995
-0.00329982
-0.00157107
0.000238803
0.00194735
0.00327494
0.00387364
0.00344273
0.00189151
-0.000307934
-0.00213658
-0.00372254
-0.00534802
-0.00714055
-0.009124
-0.0111572
-0.0129555
-0.0141087
-0.0142054
-0.0130077
-0.0107976
-0.00853306
-0.00665169
-0.00495609
-0.00327159
-0.00150779
0.000367932
0.00235435
0.00443306
0.00658623
0.00879573
0.01104
0.0132787
0.0154404
0.0174158
0.0190755
0.020315
0.0211388
0.0217741
0.0225379
0.0233795
0.024223
0.0250525
0.0258867
0.02677
0.0277381
0.0287812
0.0298008
0.0305834
0.0308091
0.0301292
0.0283183
0.0255658
0.0226455
0.0199728
0.0175643
0.0155837
0.0143746
0.0143054
0.0155557
0.017687
0.0195541
0.0210494
0.0225152
0.0241736
0.0261065
0.0282098
0.0301955
0.0316054
0.0319074
0.0306862
0.0279552
0.0245607
0.0216837
0.0191557
0.0166728
0.01409
0.0113371
0.00843378
0.00545649
0.00252564
-0.000229079
-0.00270735
-0.00489655
-0.00694468
-0.00906752
-0.0112456
-0.0134366
-0.0156282
-0.0178159
-0.0200025
-0.0221842
-0.0243479
-0.0264647
-0.0284967
-0.0304072
-0.0321854
-0.0338693
-0.035575
-0.037485
-0.039663
-0.0419758
-0.0440996
-0.0455119
-0.0455406
-0.0435875
-0.0394503
-0.0340079
-0.0292283
-0.0250929
-0.021397
-0.0182445
-0.0157959
-0.0141684
-0.0130681
-0.011755
-0.0103521
-0.00939541
-0.00931542
-0.0103306
-0.0121611
-0.0140117
-0.0157769
-0.017641
-0.0196532
-0.0217014
-0.0234702
-0.0244861
-0.024217
-0.0223114
-0.018974
-0.015301
-0.0122028
-0.00943041
-0.00664728
-0.00364986
-0.000314409
0.00335721
0.00722787
0.0109799
0.0141338
0.0160936
0.016351
0.0147499
0.0120718
0.010009
0.00842353
0.00692751
0.0053452
0.00357557
0.0016383
-0.000389342
-0.00237321
-0.00418253
-0.00572177
-0.0070117
-0.00822879
-0.0095534
-0.011001
-0.0125656
-0.0142086
-0.0158196
-0.0171858
-0.0180023
-0.0179324
-0.0167538
-0.0146061
-0.0122134
-0.0101828
-0.00837093
-0.00659333
-0.00476239
-0.00283543
-0.000811524
0.0012985
0.00347711
0.005714
0.0079937
0.0102894
0.0125425
0.0146587
0.0165091
0.0179738
0.018999
0.0197279
0.0205261
0.0214755
0.0225319
0.0236714
0.0248586
0.0260209
0.0270122
0.0276127
0.0275573
0.0266424
0.024889
0.0227782
0.0209702
0.0193736
0.01782
0.0162308
0.0145617
0.0128093
0.0109821
0.00909987
0.00717816
0.00523609
0.00329433
0.00138688
-0.000442181
-0.0021389
-0.00366435
-0.00501931
-0.00630171
-0.00769903
-0.00924548
-0.0109279
-0.012692
-0.0143902
-0.0157668
-0.0164674
-0.0161342
-0.0145683
-0.0120506
-0.0094942
-0.00731158
-0.0053121
-0.00332789
-0.00127452
0.00087592
0.00312196
0.00545492
0.00787797
0.0104056
0.0130492
0.0158052
0.0186676
0.0215406
0.0241914
0.0262511
0.027277
0.0269228
0.0252126
0.0229176
0.0211044
0.0196202
0.0181895
0.0166846
0.0150405
0.0132647
0.0113937
0.00948236
0.00757392
0.00569083
0.00382132
0.00192579
-5.30266e-05
-0.00216048
-0.0043922
-0.00664854
-0.00870069
-0.0101935
-0.010706
-0.00991305
-0.00784314
-0.00523089
-0.00309069
-0.00129153
0.000422749
0.00218672
0.00409971
0.00621031
0.00854151
0.0110653
0.0136899
0.0162191
0.0183485
0.0196833
0.0198585
0.0187187
0.0166958
0.0148797
0.013439
0.0121351
0.0108159
0.00939667
0.00785974
0.00621847
0.0045073
0.00275549
0.000984763
-0.000798394
-0.00259165
-0.00439165
-0.00617763
-0.00790524
-0.00950532
-0.0109012
-0.0120396
-0.0129546
-0.0138164
-0.0147688
-0.0157749
-0.0167872
-0.0177783
-0.0187323
-0.0196449
-0.0205227
-0.0213832
-0.0222549
-0.0231727
-0.0241678
-0.0252488
-0.0263801
-0.0274558
-0.0282939
-0.0286506
-0.0282959
-0.0271284
-0.025411
-0.0238171
-0.0224512
-0.0211689
-0.0198824
-0.0185462
-0.0171548
-0.0157152
-0.0142384
-0.01272
-0.0111437
-0.00948622
-0.00774401
-0.00595911
-0.00425477
-0.00284285
-0.0020094
-0.00202387
-0.00300366
-0.00463104
-0.00610196
-0.00732036
-0.00850273
-0.00979069
-0.0112417
-0.0128013
-0.0143058
-0.0154904
-0.016047
-0.0157337
-0.0145547
-0.0129919
-0.0117222
-0.0106549
-0.0096238
-0.00855218
-0.0074004
-0.00616925
-0.00487532
-0.00354336
-0.00219374
-0.000838901
0.000517607
0.00187662
0.00323712
0.00458954
0.00591082
0.00716501
0.00831153
0.00932422
0.0102266
0.0111122
0.0120261
0.0129591
0.0139119
0.0148996
0.0159366
0.017019
0.0181037
0.0190901
0.0198204
0.0201053
0.0197968
0.0189065
0.0177654
0.016832
0.0160418
0.0152779
0.0144857
0.0136358
0.0127281
0.0117737
0.0107915
0.00979729
0.00880367
0.00781665
0.00683839
0.00586724
0.00490063
0.00393518
0.0029686
0.00199778
0.00101983
3.20544e-05
-0.000965817
-0.00197026
-0.00297807
-0.00399064
-0.00500593
-0.0060174
-0.00701456
-0.00798677
-0.00892886
-0.00984885
-0.0107732
-0.0117472
-0.0128237
-0.0140399
-0.0153785
-0.0167273
-0.0178439
-0.0183627
-0.017857
-0.0160072
-0.0128639
-0.00920668
-0.00608225
-0.00329559
-0.000487513
0.00258034
0.0060675
0.00996774
0.0140642
0.0178623
0.0206156
0.0214441
0.0196701
0.0153365
0.00991849
0.00561736
0.00280333
0.00177222
0.0029264
0.00617404
0.0103127
0.0136193
0.0161803
0.0180928
0.0190648
0.0186983
0.0167413
0.0136831
0.0109035
0.00857187
0.00640394
0.00437563
0.00268907
0.00171101
0.00176811
0.00289432
0.00446914
0.00561437
0.00651151
0.00744497
0.00855322
0.00989043
0.0113901
0.012879
0.0140783
0.0146521
0.0143105
0.0129657
0.0110384
0.00944694
0.00809487
0.00674488
0.00527487
0.00362669
0.00184754
8.59844e-05
-0.00140838
-0.0023271
-0.00240282
-0.00155305
-0.000168393
0.000898415
0.00171164
0.00246558
0.00326268
0.0041814
0.00525148
0.00646852
0.00777266
0.00904471
0.0100976
0.0106985
0.0106322
0.00980909
0.0084757
0.00725859
0.0062538
0.00532618
0.00438823
0.00339237
0.00233002
0.00121229
6.25881e-05
-0.00109853
-0.00225847
-0.00341923
-0.00459379
-0.00580067
-0.00705066
-0.00833162
-0.00959183
-0.0107323
-0.0116136
-0.0120927
-0.0120902
-0.0117148
-0.0113251
-0.0110822
-0.0109097
-0.0107391
-0.0105352
-0.0102856
-0.00999382
-0.0096719
-0.00933316
-0.00898868
-0.0086452
-0.00830564
-0.00797019
-0.00763833
-0.00731002
-0.00698629
-0.00666894
-0.00635811
-0.0060503
-0.00573705
-0.00540547
-0.0050421
-0.0046409
-0.00421409
-0.00380431
-0.00349125
-0.00338636
-0.00360433
-0.00421134
-0.00512373
-0.00605887
-0.00690485
-0.00774628
-0.00864611
-0.00960684
-0.0105605
-0.0113693
-0.0118441
-0.011805
-0.0111704
-0.0101329
-0.0091922
-0.00842087
-0.00770071
-0.00695112
-0.00612325
-0.00520829
-0.00422989
-0.00324931
-0.00235627
-0.00166002
-0.00125123
-0.0011593
-0.00125259
-0.0012454
-0.00115744
-0.00105076
-0.000952601
-0.000880667
-0.000836015
-0.000815116
-0.00080862
-0.000809075
-0.000809371
-0.000806752
-0.000799952
-0.000790783
-0.000780955
-0.00077289
-0.000766958
-0.00076246
-0.000755895
-0.000743166
-0.000719885
-0.000685593
-0.000645834
-0.000616739
-0.000624392
-0.000703172
-0.000882958
-0.00117361
-0.0015288
-0.0018477
-0.00213896
-0.00242577
-0.00271728
-0.00301772
-0.00332391
-0.00363098
-0.00393352
-0.004231
-0.00452865
-0.00483949
-0.00517965
-0.00556226
-0.00598382
-0.00641219
-0.00677429
-0.00695721
-0.00682571
-0.00627518
-0.00531288
-0.00417258
-0.00317645
-0.00227857
-0.00139565
-0.000490341
0.000456094
0.00143871
0.00244434
0.00345502
0.0044601
0.00545854
0.00646515
0.00750376
0.00860037
0.00976352
0.0109656
0.0121194
0.013073
0.0136221
0.0135736
0.0128422
0.0116496
0.010563
0.00966858
0.00884138
0.00800341
0.0071132
0.00616597
0.0051728
0.004154
0.00312381
0.00208622
0.00103074
-5.9968e-05
-0.00119967
-0.00237932
-0.00354984
-0.00460686
-0.00539734
-0.00575068
-0.00555333
-0.00487294
-0.0040699
-0.00344658
-0.00292973
-0.00242574
-0.00188922
-0.00129941
-0.000659032
2.04777e-05
0.000721944
0.00143128
0.0021379
0.0028381
0.00353119
0.00422009
0.0049082
0.00559883
0.00629232
0.00698747
0.00768061
0.00836739
0.00904353
0.00970958
0.0103711
0.0110415
0.011739
0.0124818
0.0132748
0.0140964
0.0148822
0.0155213
0.0158645
0.0157722
0.0151832
0.0142595
0.0134143
0.0127111
0.0120589
0.0113992
0.010699
0.00995096
0.00916079
0.00834343
0.00751369
0.00668496
0.00586437
0.00505384
0.00424864
0.00344039
0.00261862
0.0017758
0.000912464
4.4518e-05
-0.000793124
-0.00154546
-0.00214767
-0.00254905
-0.00275325
-0.0028719
-0.00305995
-0.00329591
-0.00354063
-0.00377616
-0.00399335
-0.00419291
-0.00437892
-0.00455748
-0.00473268
-0.00490625
-0.0050769
-0.00524243
-0.00540169
-0.00555763
-0.00571902
-0.00589898
-0.00611208
-0.00636468
-0.00664476
-0.00690857
-0.0070758
-0.0070336
-0.00666757
-0.00591382
-0.00486065
-0.00379633
-0.00285384
-0.00197648
-0.00111317
-0.000235173
0.000674382
0.00162788
0.00263627
0.00370906
0.00484224
0.00600517
0.00712273
0.00806973
0.00868013
0.00879773
0.00835491
0.00753573
0.00680641
0.00623795
0.0057271
0.00520784
0.00464278
0.00402385
0.00335672
0.00265805
0.00194454
0.00123088
0.000525277
-0.00016947
-0.000856883
-0.00154465
-0.00224308
-0.00296058
-0.00369918
-0.00444833
-0.00517988
-0.005847
-0.00638972
-0.00675531
-0.00692764
-0.006988
-0.00711385
-0.00729125
-0.00748139
-0.00766623
-0.00783507
-0.00798686
-0.00812379
-0.0082503
-0.00837005
-0.00848546
-0.00859877
-0.00871303
-0.00883313
-0.00896546
-0.00911586
-0.00928573
-0.00946675
-0.00963442
-0.00974642
-0.00974511
-0.00957628
-0.00921589
-0.0087259
-0.00826492
-0.00785933
-0.0074783
-0.00710361
-0.00672445
-0.00633572
-0.00593083
-0.00550001
-0.00502975
-0.00451107
-0.00395079
-0.00338625
-0.00289671
-0.0026038
-0.0026511
-0.00314853
-0.00408344
-0.00520061
-0.00614949
-0.00697569
-0.00777002
-0.00858577
-0.00946651
-0.0104379
-0.0115111
-0.012667
-0.0138436
-0.0149193
-0.0157167
-0.0160283
-0.0156952
-0.0147308
-0.0134932
-0.0124769
-0.0116156
-0.0107864
-0.00993378
-0.00902825
-0.00806922
-0.00706383
-0.00602171
-0.00494551
-0.00383401
-0.00268826
-0.00152574
-0.000392598
0.000627566
0.00142022
0.00186983
0.00191686
0.00166222
0.00141696
0.00131126
0.00125739
0.00116278
0.000962301
0.00062874
0.00019244
-0.000234382
-0.000447759
-0.000165385
0.000903127
0.00293051
0.00572445
0.00860545
0.0112907
0.0139506
0.016685
0.0194363
0.0219916
0.0240136
0.0251416
0.0251614
0.0243091
0.0234198
0.0228678
0.0224728
0.0220751
0.0215956
0.021009
0.0203258
0.0195747
0.0187869
0.0179871
0.0171902
0.0164024
0.0156245
0.0148571
0.0141045
0.0133767
0.0126858
0.0120414
0.0114379
0.0108449
0.0102365
0.00961999
0.00900345
0.0083905
0.00778214
0.00717806
0.0065772
0.00597907
0.00538389
0.00479275
0.00420669
0.00362537
0.00304515
0.00245774
0.00185019
0.00120727
0.000516858
-0.000219645
-0.000975198
-0.00171275
-0.0024384
-0.00316239
-0.00389007
-0.00462362
-0.00536231
-0.00610289
-0.00684065
-0.00757071
-0.00829047
-0.00900145
-0.00971099
-0.0104328
-0.0111835
-0.0119758
-0.0128066
-0.0136441
-0.0144166
-0.0150134
-0.0153029
-0.0151825
-0.0146593
-0.0139611
-0.0134028
-0.0129419
-0.0124999
-0.0120418
-0.0115489
-0.0110211
-0.0104624
-0.00987877
-0.0092709
-0.00863816
-0.00798157
-0.0073145
-0.0066702
-0.00610712
-0.00570314
-0.00553286
-0.00562851
-0.00590267
-0.00613172
-0.00628217
-0.00640361
-0.00652898
-0.00667677
-0.00685204
-0.00705229
-0.0072688
-0.00749046
-0.00770573
-0.00790533
-0.00808473
-0.00824735
-0.0084067
-0.00858624
-0.00881403
-0.00911117
-0.00947296
-0.00984759
-0.0101182
-0.0101032
-0.00958632
-0.00839823
-0.00654871
-0.0044079
-0.00249099
-0.000731322
0.000991839
0.00272679
0.0044956
0.00629624
0.00813081
0.0100156
0.0119881
0.0140925
0.01635
0.0187107
0.0210039
0.0229102
0.0239793
0.0237455
0.0219419
0.0189057
0.0157833
0.0130847
0.0105704
0.00806686
0.00556295
0.00317304
0.00108177
-0.000553185
-0.00174805
-0.00281714
-0.00404131
-0.0053562
-0.00670065
-0.00806952
-0.00947069
-0.010894
-0.0122699
-0.0134456
-0.0141859
-0.0142259
-0.013386
-0.0117761
-0.00997207
-0.0084578
-0.00711512
-0.00579487
-0.00442539
-0.00297386
-0.00144192
0.000156397
0.00180188
0.00348005
0.00517751
0.00687977
0.00856005
0.010176
0.0116682
0.0129773
0.0140713
0.0150028
0.0159357
0.0169402
0.0179742
0.018997
0.0199841
0.0209275
0.0218369
0.0227402
0.0236791
0.0246988
0.0258255
0.0270382
0.0282368
0.0292226
0.0297079
0.0293783
0.0280268
0.025787
0.0233329
0.0212249
0.0193118
0.0173961
0.0153671
0.0131704
0.0108238
0.00841364
0.00609962
0.00409615
0.00262967
0.00184702
0.0016659
0.001644
0.00140816
0.00104321
0.000660103
0.000312977
2.74387e-05
-0.000198142
-0.000377098
-0.000528946
-0.000670177
-0.000813145
-0.000963542
-0.0011228
-0.0012888
-0.00145878
-0.00162985
-0.00180054
-0.00196962
-0.00213746
-0.00230456
-0.00247173
-0.00263935
-0.00280789
-0.00297737
-0.00314788
-0.00331907
-0.0034909
-0.00366319
-0.00383599
-0.00400913
-0.0041827
-0.00435682
-0.00453185
-0.00470786
-0.00488533
-0.00506465
-0.00524615
-0.00542947
-0.00561365
-0.00579822
-0.00598333
-0.00616896
-0.00635514
-0.00654205
-0.00673004
-0.00691959
-0.0071113
-0.00730561
-0.00750253
-0.00770073
-0.00789825
-0.00809264
-0.00828183
-0.00846557
-0.00864688
-0.00883325
-0.00903563
-0.00926527
-0.00952721
-0.0098114
-0.0100832
-0.0102794
-0.0103118
-0.0100905
-0.00956584
-0.00880731
-0.00804226
-0.00737241
-0.00674807
-0.00612451
-0.00547802
-0.00480021
-0.00409424
-0.00337096
-0.00264429
-0.00192777
-0.00123022
-0.000552276
0.000116696
0.000798804
0.00152322
0.00231582
0.00318024
0.00407668
0.0049
0.00547704
0.00558468
0.00502708
0.00374378
0.00204026
0.000581021
-0.000688732
-0.00192019
-0.00318152
-0.0045136
-0.00591576
-0.00737217
-0.00885267
-0.0103322
-0.0117933
-0.0132386
-0.0146873
-0.0161755
-0.0177406
-0.0194029
-0.0211337
-0.0228283
-0.0242906
-0.0252467
-0.0254166
-0.0246445
-0.0231431
-0.0216131
-0.0203713
-0.0192729
-0.0181885
-0.0170535
-0.0158442
-0.0145615
-0.0132136
-0.0118055
-0.0103372
-0.0088125
-0.00725737
-0.00574058
-0.00438614
-0.00336704
-0.0028607
-0.00296567
-0.00354379
-0.0041412
-0.00455129
-0.00486462
-0.00516192
-0.00548462
-0.00585259
-0.00627622
-0.00676675
-0.00733842
-0.00800071
-0.00873754
-0.00948255
-0.0100964
-0.0103676
-0.0100441
-0.00893202
-0.00704813
-0.00483503
-0.00290448
-0.0011781
0.000494729
0.00218804
0.00395241
0.00580971
0.00777481
0.00984858
0.0120132
0.01421
0.0163214
0.0181636
0.0195058
0.020146
0.0200249
0.0194646
0.0191632
0.0190648
0.0190124
0.0189347
0.0187878
0.0185688
0.0182881
0.0179689
0.0176308
0.0172908
0.0169567
0.0166318
0.0163138
0.016
0.0156865
0.0153717
0.0150542
0.0147344
0.0144127
0.01409
0.013766
0.0134403
0.0131109
0.0127758
0.0124333
0.0120843
0.0117328
0.0113827
0.0110328
0.0106825
0.0103309
0.00997821
0.00962424
0.00926939
0.00891372
0.00855749
0.0082005
0.0078429
0.00748439
0.00712503
0.00676481
0.00640431
0.00604409
0.00568499
0.00532732
0.00497122
0.0046152
0.0042567
0.00389208
0.00351843
0.00313522
0.00274747
0.00236787
0.00201797
0.001725
0.00151358
0.00139183
0.00132585
0.00123521
0.00110773
0.000964827
0.000829256
0.000724226
0.000669139
0.000671102
0.00071229
0.000735927
0.000639624
0.000281992
-0.000480175
-0.00172675
-0.00334878
-0.00498765
-0.00648201
-0.00790752
-0.00933031
-0.0107816
-0.0122677
-0.0137813
-0.0153107
-0.0168507
-0.0184077
-0.0199997
-0.021648
-0.0233597
-0.0251062
-0.026801
-0.0282918
-0.0293738
-0.0298529
-0.0296444
-0.0289723
-0.0284088
-0.0280406
-0.0277418
-0.0274321
-0.0270666
-0.0266362
-0.0261488
-0.0256237
-0.0250793
-0.0245313
-0.0239861
-0.0234455
-0.0229062
-0.0223648
-0.0218199
-0.021276
-0.0207411
-0.0202269
-0.0197405
-0.0192766
-0.0188075
-0.0182783
-0.0176064
-0.0167022
-0.0155052
-0.0140518
-0.0125318
-0.0111062
-0.00973709
-0.00837678
-0.00700163
-0.00560034
-0.00417078
-0.00271519
-0.00123617
0.000262982
0.00177685
0.00329419
0.00479667
0.00625955
0.00766002
0.00899111
0.0102829
0.0116217
0.01316
0.0151022
0.0176487
0.0208984
0.0246659
0.0283993
0.0318783
0.035282
0.0388087
0.042609
0.0467462
0.0511319
0.0554575
0.0591625
0.0614777
0.0616252
0.0591727
0.0547042
0.050146
0.0463706
0.0429829
0.0396337
0.0361505
0.0324742
0.028606
0.0245578
0.0203113
0.0158145
0.011009
0.00590992
0.00069008
-0.00437553
-0.00898866
-0.0127229
-0.0151246
-0.0159387
-0.01553
-0.0150896
-0.0151489
-0.015446
-0.015747
-0.0159315
-0.0159585
-0.0158406
-0.0156191
-0.0153406
-0.0150449
-0.014756
-0.0144852
-0.0142318
-0.0139907
-0.0137548
-0.0135196
-0.0132831
-0.0130454
-0.0128062
-0.0125629
-0.0123077
-0.0120288
-0.011712
-0.0113481
-0.0109423
-0.0105253
-0.0101223
-0.00972717
-0.00933175
-0.0089322
-0.0085263
-0.00811403
-0.00769597
-0.00727352
-0.00684821
-0.0064224
-0.0059983
-0.00557812
-0.00516276
-0.0047511
-0.00433875
-0.0039183
-0.00348057
-0.00301856
-0.00253251
-0.0020354
-0.00155571
-0.00113357
-0.000808214
-0.000591963
-0.000439298
-0.000213047
0.000326502
0.00150186
0.0036201
0.00681894
0.0107549
0.0145389
0.0180269
0.021395
0.0247417
0.0281108
0.0315068
0.0349406
0.03845
0.0421181
0.0460475
0.0503063
0.0548313
0.0593233
0.0631677
0.0654521
0.0651531
0.0615589
0.0550202
0.0476155
0.0411152
0.0351356
0.029306
0.0236968
0.0186604
0.0146916
0.0121278
0.0106948
0.0092577
0.00732932
0.00519719
0.00310256
0.00115865
-0.000604381
-0.00221222
-0.00371768
-0.0051809
-0.00665543
-0.00817936
-0.00976779
-0.0114043
-0.0130356
-0.0145677
-0.0158755
-0.0168346
-0.017377
-0.0175977
-0.0178057
-0.0181403
-0.0185372
-0.0189378
-0.0193111
-0.0196447
-0.0199404
-0.0202076
-0.0204587
-0.0207059
-0.0209595
-0.0212274
-0.0215133
-0.0218149
-0.0221209
-0.0224087
-0.0226446
-0.0227895
-0.0228133
-0.0227185
-0.0225729
-0.0224701
-0.0223972
-0.0223308
-0.0222598
-0.0221783
-0.0220859
-0.021985
-0.0218791
-0.0217712
-0.0216638
-0.0215579
-0.0214541
-0.0213526
-0.0212536
-0.0211577
-0.0210652
-0.0209758
-0.0208882
-0.0207994
-0.0207054
-0.0206025
-0.0204892
-0.0203696
-0.0202546
-0.020162
-0.0201115
-0.0201152
-0.0201621
-0.0202033
-0.0201401
-0.0198287
-0.0191111
-0.0178822
-0.0162063
-0.0144185
-0.0127996
-0.0112809
-0.00977345
-0.00823384
-0.0066426
-0.00500364
-0.00333128
-0.00164689
3.06385e-05
0.00168817
0.00332566
0.00495544
0.00660296
0.00829873
0.0100665
0.0119013
0.0137486
0.0154835
0.016915
0.017816
0.0180115
0.0175161
0.016725
0.0161834
0.0158203
0.0154982
0.0151479
0.0147214
0.0141997
0.0135757
0.012863
0.0120976
0.0113548
0.0107524
0.0104475
0.0105948
0.0112781
0.0123718
0.0134765
0.0144129
0.0152673
0.0161184
0.0170095
0.0179567
0.0189568
0.0199924
0.0210402
0.0220749
0.0230774
0.0240394
0.0249718
0.0259067
0.0268964
0.0279981
0.029247
0.0306145
0.0319646
0.0330234
0.0333907
0.0326259
0.0304344
0.0269918
0.0232256
0.019919
0.0168901
0.0139091
0.0108681
0.00771703
0.00445193
0.00107719
-0.00240676
-0.00601088
-0.00973762
-0.0135496
-0.0173283
-0.0208446
-0.0237637
-0.0257168
-0.0264572
-0.0261382
-0.0255537
-0.02537
-0.0254235
-0.0255074
-0.0255209
-0.0254182
-0.025204
-0.0249047
-0.0245574
-0.0241932
-0.023834
-0.0234901
-0.0231632
-0.0228494
-0.0225428
-0.0222386
-0.0219334
-0.0216261
-0.0213166
-0.0210055
-0.0206937
-0.020382
-0.020071
-0.0197623
-0.0194576
-0.01916
-0.0188716
-0.0185944
-0.0183256
-0.018058
-0.0177879
-0.0175169
-0.017246
-0.0169767
-0.016709
-0.016443
-0.0161783
-0.015915
-0.0156527
-0.0153915
-0.0151309
-0.0148706
-0.0146101
-0.014349
-0.0140863
-0.0138224
-0.0135579
-0.0132955
-0.0130382
-0.0127899
-0.012551
-0.0123182
-0.0120782
-0.0118091
-0.0114796
-0.0110602
-0.0105365
-0.00994358
-0.00936586
-0.00878779
-0.0081885
-0.00757521
-0.00697742
-0.0064443
-0.00602418
-0.00573287
-0.00551178
-0.00518867
-0.00446712
-0.00295493
-0.00029401
0.00364785
0.00837579
0.0127516
0.0167661
0.0204898
0.0237929
0.0265048
0.02851
0.0300039
0.0315926
0.0335585
0.0357679
0.0380544
0.0402175
0.0419895
0.0430314
0.0430131
0.041763
0.0395761
0.0373607
0.0355239
0.0338729
0.0322344
0.0305178
0.0286937
0.0267725
0.0247859
0.0227641
0.0207262
0.0186726
0.0165917
0.0144706
0.0123166
0.0101752
0.00814699
0.00638063
0.00504301
0.00424593
0.00392325
0.00372134
0.00334346
0.00286172
0.00236868
0.00190854
0.0015017
0.00114574
0.000829228
0.000535485
0.000250816
-3.52701e-05
-0.000327281
-0.000626608
-0.000931116
-0.00123785
-0.00154238
-0.00184088
-0.00212925
-0.00240541
-0.00266958
-0.00292807
-0.00318883
-0.00345156
-0.00371458
-0.0039775
-0.00423973
-0.00450099
-0.00476011
-0.00501577
-0.00526611
-0.00551015
-0.00574837
-0.00598438
-0.00622502
-0.00647955
-0.00675585
-0.00705494
-0.0073636
-0.00764751
-0.00784986
-0.00789767
-0.00772675
-0.00731748
-0.00676992
-0.00630198
-0.00589624
-0.00550381
-0.00510256
-0.00467873
-0.00423121
-0.00376297
-0.00328127
-0.00279245
-0.00230263
-0.00181544
-0.00133333
-0.000856197
-0.000382446
9.21121e-05
0.000573196
0.00106759
0.00157979
0.00210842
0.00264089
0.00314991
0.0035933
0.00392136
0.00409548
0.00411896
0.00407841
0.0040934
0.00414669
0.00420705
0.00425922
0.00429495
0.00431446
0.00432241
0.00432703
0.00433686
0.00435888
0.00439488
0.00443872
0.00447323
0.0044708
0.00439653
0.00422076
0.00393575
0.00359063
0.00328958
0.00302686
0.00277914
0.00253096
0.00226518
0.00196709
0.00162536
0.00124165
0.000838916
0.000473081
0.000233381
0.000234082
0.000574633
0.00128529
0.00221005
0.00301008
0.00370691
0.00437059
0.00503214
0.00571564
0.00643403
0.0072031
0.00803666
0.00894422
0.00991238
0.0108889
0.0117631
0.0123684
0.0125067
0.0120253
0.0109373
0.00958948
0.00846007
0.00748491
0.0065432
0.00557788
0.0045543
0.00346573
0.00231412
0.00111128
-0.000127529
-0.00137596
-0.00259409
-0.00372285
-0.00469163
-0.00543869
-0.00594743
-0.00631895
-0.00677182
-0.00728811
-0.00781915
-0.0083428
-0.00884665
-0.00933064
-0.00979854
-0.0102567
-0.0107091
-0.0111568
-0.0115973
-0.0120276
-0.0124475
-0.0128635
-0.0132912
-0.013753
-0.0142703
-0.0148493
-0.0154636
-0.0160339
-0.0164228
-0.0164467
-0.0159316
-0.0148023
-0.0132589
-0.0118131
-0.0105463
-0.00935189
-0.00816117
-0.00693326
-0.00565104
-0.0043046
-0.00288897
-0.00140089
0.000147504
0.00171709
0.00322207
0.00452798
0.0054622
0.00587452
0.00571951
0.0052378
0.00495001
0.00481436
0.00471302
0.00459306
0.00442145
0.00419646
0.00392589
0.00362783
0.00331699
0.00300657
0.0027019
0.00240491
0.00211198
0.0018194
0.00152241
0.00122014
0.000914839
0.000615476
0.000335118
9.04102e-05
-0.000106549
-0.000255895
-0.000384925
-0.000530575
-0.000688245
-0.000848163
-0.00100642
-0.00116037
-0.0013105
-0.00145735
-0.00160276
-0.00174755
-0.00189282
-0.00203831
-0.00218411
-0.00232969
-0.00247548
-0.00262193
-0.00277074
-0.00292334
-0.00308134
-0.00324355
-0.00340574
-0.00355861
-0.0036892
-0.00378267
-0.00382951
-0.00383535
-0.00383126
-0.00384291
-0.00386461
-0.00388857
-0.00391141
-0.00393104
-0.00394713
-0.00395918
-0.00396716
-0.00397061
-0.00397038
-0.00396869
-0.00397074
-0.00398351
-0.00401454
-0.0040668
-0.00413372
-0.00419209
-0.00419961
-0.00409703
-0.00382447
-0.00334856
-0.00271588
-0.00207796
-0.00150314
-0.000959282
-0.000417079
0.000139434
0.00071623
0.00131241
0.00192272
0.00254057
0.00315863
0.00377093
0.00437319
0.00496463
0.00554852
0.00613366
0.00673309
0.00736129
0.00802661
0.00872174
0.00941196
0.0100284
0.0104704
0.0106275
0.0104259
0.00991043
0.00931483
0.008836
0.00842609
0.0080247
0.00760203
0.00714491
0.00665441
0.00613849
0.00560774
0.00507167
0.00453671
0.00400602
0.00347979
0.00295675
0.00243461
0.0019116
0.00138638
0.000859375
0.000331704
-0.000194221
-0.00071616
-0.00123238
-0.00174406
-0.00225594
-0.00277885
-0.00332712
-0.00391717
-0.00456012
-0.0052516
-0.00595741
-0.00663453
-0.00729198
-0.00795031
-0.00862893
-0.00934764
-0.0101165
-0.0109255
-0.011731
-0.0124484
-0.0129549
-0.0131176
-0.0128474
-0.0122
-0.0114587
-0.0108627
-0.0103565
-0.00986703
-0.00935425
-0.00879331
-0.00817387
-0.00749518
-0.00676855
-0.00602123
-0.00530407
-0.00469225
-0.00427941
-0.00414618
-0.00431663
-0.00466351
-0.00491062
-0.00507926
-0.00522867
-0.00538244
-0.00555295
-0.00573752
-0.00593285
-0.00613758
-0.00636083
-0.00661993
-0.00693437
-0.00730886
-0.00771566
-0.00807132
-0.00823113
-0.00799836
-0.00718496
-0.00570474
-0.00376759
-0.00191701
-0.000205099
0.00152436
0.00335462
0.00528034
0.00717972
0.00882991
0.00993427
0.010232
0.00963424
0.00851547
0.00770173
0.00713
0.00661498
0.00606907
0.00542917
0.00467716
0.00381283
0.00286701
0.00189407
0.000986509
0.000264946
-0.000132947
-0.000106693
0.000332859
0.000949653
0.00142235
0.00179273
0.00214289
0.00251094
0.0029189
0.00336713
0.00384955
0.00435319
0.00486782
0.00538385
0.00589692
0.00640347
0.00690312
0.00739513
0.00788136
0.00836457
0.0088516
0.00935098
0.00987307
0.0104231
0.0109957
0.011565
0.0120806
0.0124683
0.0126473
0.012563
0.0122489
0.0118767
0.0115914
0.0113575
0.0111307
0.0108891
0.0106229
0.0103328
0.0100249
0.00970676
0.00938534
0.00906527
0.00874896
0.00843662
0.00812739
0.00781997
0.00751332
0.00720656
0.00689952
0.00659226
0.00628533
0.00597913
0.00567408
0.0053703
0.00506762
0.00476517
0.00446191
0.00415668
0.00384901
0.00353974
0.0032321
0.00293215
0.00264843
0.0023896
0.00216015
0.00195353
0.00174836
0.00153477
0.0013173
0.00110006
0.000885205
0.000673372
0.000464368
0.000257512
5.21201e-05
-0.000152421
-0.000356504
-0.000560146
-0.000763389
-0.000966507
-0.00116987
-0.00137409
-0.00158011
-0.00178807
-0.00199693
-0.00220428
-0.00240656
-0.00260033
-0.00278388
-0.00295978
-0.00313649
-0.00332872
-0.00355372
-0.00382381
-0.00413385
-0.00444813
-0.00468878
-0.00473767
-0.00445609
-0.00373929
-0.00260123
-0.00129186
-0.000148952
0.000887675
0.00192798
0.00303965
0.00426551
0.00559955
0.00698034
0.00827369
0.00928329
0.00978019
0.00958974
0.00872341
0.00756394
0.00663959
0.00587996
0.00515236
0.00439484
0.00357221
0.00268243
0.00173525
0.000750545
-0.000253239
-0.00125702
-0.00224429
-0.00319752
-0.0041014
-0.00494514
-0.00573399
-0.00650151
-0.00729126
-0.00809188
-0.00888679
-0.00966601
-0.0104277
-0.01118
-0.0119423
-0.0127401
-0.013597
-0.0145163
-0.015465
-0.0163532
-0.017033
-0.0173127
-0.0170246
-0.0161163
-0.0148498
-0.013794
-0.012904
-0.0120518
-0.011181
-0.0102557
-0.00927351
-0.00824195
-0.00717905
-0.00641351
-0.00532402
-0.00423806
-0.00316227
-0.00209945
-0.00105347
-2.36354e-05
0.000994133
0.00201258
0.00305022
0.00413103
0.00527148
0.00646589
0.00766625
0.00876841
0.00961099
0.0100033
0.0097975
0.00900724
0.00796522
0.00712955
0.00643553
0.00576638
0.0050681
0.00431295
0.0035033
0.00265309
0.00178315
0.000909479
4.10941e-05
-0.000823936
-0.00169464
-0.0025833
-0.00349506
-0.00441933
-0.00531906
-0.00612873
-0.00675985
-0.00712929
-0.00720147
-0.00707392
-0.00699271
-0.00699488
-0.00702646
-0.00705283
-0.00705519
-0.00702944
-0.0069791
-0.00691248
-0.00683778
-0.00676158
-0.00668752
-0.00661679
-0.00654863
-0.00648147
-0.00641392
-0.00634543
-0.00627674
-0.0062094
-0.0061455
-0.00608623
-0.00603086
-0.00597527
-0.00591237
-0.00583335
-0.00573216
-0.00561131
-0.00548993
-0.00540913
-0.0054323
-0.00563275
-0.00606577
-0.00671541
-0.00744625
-0.00814783
-0.00885862
-0.00959098
-0.0102839
-0.0108081
-0.0109809
-0.0106281
-0.00967462
-0.00832113
-0.00707636
-0.00601437
-0.00502257
-0.00403055
-0.0030005
-0.00192529
-0.000812219
0.000322538
0.00146286
0.00259507
0.00370983
0.00480108
0.00586538
0.00690031
0.00790603
0.00888701
0.00985432
0.0108257
0.0118212
0.0128553
0.0139217
0.0149784
0.0159342
0.0166506
0.0169659
0.0167599
0.0160517
0.0151345
0.0144036
0.0138043
0.0132375
0.0126567
0.0120336
0.0113611
0.0106391
0.00987504
0.00908206
0.00828639
0.00753237
0.00688514
0.00642364
0.00621446
0.0062718
0.00647736
0.00658514
0.00661743
0.00663054
0.00665062
0.00669266
0.0067568
0.00683655
0.00692043
0.0069975
0.00705973
0.00710559
0.00714097
0.00718035
0.00724211
0.00734252
0.00748276
0.00763672
0.0077371
0.00767607
0.00731676
0.00654333
0.00532694
0.00386768
0.00258079
0.00141256
0.000252328
-0.000942368
-0.00217189
-0.00337443
-0.00444321
-0.00523854
-0.00564368
-0.00562486
-0.00536338
-0.00523996
-0.00522214
-0.00522485
-0.00521227
-0.00516306
-0.00507769
-0.00496231
-0.00483017
-0.00469152
-0.00455558
-0.00442631
-0.00430594
-0.00419253
-0.00408337
-0.00397411
-0.00386132
-0.00374199
-0.00361719
-0.00349273
-0.00338138
-0.00330127
-0.00327389
-0.00331411
-0.00341834
-0.0035466
-0.00364709
-0.00372736
-0.00380086
-0.00387358
-0.00394895
-0.00402698
-0.00410707
-0.00418713
-0.00426511
-0.00433841
-0.00440464
-0.00446133
-0.00450731
-0.00454287
-0.0045713
-0.00459854
-0.00463191
-0.00467718
-0.00473435
-0.0047926
-0.00482529
-0.00479008
-0.0046347
-0.00431636
-0.00382761
-0.00324986
-0.00274663
-0.00230255
-0.00188087
-0.00146682
-0.00105284
-0.000640945
-0.000235402
0.000158909
0.000540949
0.000913201
0.00128206
0.0016535
0.00202774
0.00239275
0.00271908
0.00295947
0.003056
0.00296213
0.00267195
0.00227951
0.00196954
0.00172474
0.00150389
0.00128939
0.00107059
0.000845882
0.000615089
0.000380116
0.000142428
-9.36652e-05
-0.000319528
-0.000517819
-0.000663308
-0.000725322
-0.000680456
-0.000527341
-0.000319328
-0.000158055
-3.28956e-05
8.01452e-05
0.00019135
0.000306406
0.000424507
0.00054294
0.000657161
0.000763526
0.000859709
0.000946162
0.00102539
0.00110212
0.0011811
0.00126495
0.00135037
0.00142565
0.00146896
0.00145083
0.00134198
0.00112816
0.000833131
0.000535457
0.000294316
9.1755e-05
-9.2913e-05
-0.000270098
-0.000444957
-0.000617311
-0.000783466
-0.000936066
-0.00106512
-0.00115882
-0.00120671
-0.00120435
-0.00116147
-0.00110715
-0.00106328
-0.00102399
-0.000982988
-0.000938039
-0.000888981
-0.000837001
-0.000783297
-0.000728042
-0.000669559
-0.000604288
-0.000527417
-0.000435003
-0.000326774
-0.000211171
-0.000105105
-1.0194e-05
7.76904e-05
0.000160932
0.00024069
0.000317079
0.000389809
0.000458356
0.000522293
0.000581337
0.000635449
0.00068475
0.000729474
0.000769895
0.000806299
0.000838886
0.00086775
0.000892844
0.000914043
0.000931213
0.000944365
0.000953817
0.000960374
0.000965401
0.000970648
0.00097782
0.000987743
0.000999282
0.00100816
0.00100969
0.00100518
0.000996356
0.000984167
0.000969301
0.00095214
0.000932893
0.000911507
0.000887619
0.000860509
0.000829231
0.000792823
0.000750936
0.000704444
0.000656656
0.000612482
0.000571112
0.000531293
0.000492539
0.000454624
0.000417597
0.000381567
0.000346683
0.000313034
0.000280667
0.000249567
0.000219702
0.000191009
0.000163434
0.000136925
0.000111445
8.69613e-05
6.34501e-05
4.08871e-05
1.92546e-05
-1.4682e-06
-2.12982e-05
-4.02518e-05
-5.83382e-05
-7.55674e-05
-9.19559e-05
-0.000107519
-0.000122267
-0.00013621
-0.000149356
-0.000161714
-0.00017329
-0.00018409
-0.000194121
-0.000203389
-0.000211899
-0.000219655
-0.000226664
-0.000232931
-0.000238459
-0.000243255
-0.000247324
-0.000250673
-0.000253309
-0.000255241
-0.000256481
-0.000257038
-0.000256924
-0.000256149
-0.000254724
-0.000252666
-0.000249993
-0.000246724
-0.000242881
-0.000238489
-0.000233571
