-0.00211627
-0.00213233
-0.00215041
-0.00217128
-0.00219561
-0.0022237
-0.00225546
-0.00229016
-0.0023264
-0.00236202
-0.00239427
-0.0024201
-0.00243677
-0.00244252
-0.00243784
-0.00242607
-0.00241073
-0.00239682
-0.00239106
-0.00240119
-0.00243496
-0.00249839
-0.00259328
-0.00271517
-0.00285849
-0.00301769
-0.0031842
-0.00334604
-0.00348859
-0.00359587
-0.00365289
-0.00364933
-0.0035843
-0.00347217
-0.00333809
-0.00319699
-0.00306407
-0.00295634
-0.00288917
-0.00287304
-0.00290844
-0.00298185
-0.00307837
-0.00319632
-0.00333653
-0.00350014
-0.00368903
-0.00390442
-0.00414584
-0.00441001
-0.00468924
-0.00496968
-0.00523061
-0.00544483
-0.00558081
-0.0056062
-0.00549525
-0.00523707
-0.00485037
-0.00438512
-0.00386253
-0.00330513
-0.00274595
-0.00222439
-0.00178493
-0.00147166
-0.00132059
-0.00134887
-0.0015374
-0.00182631
-0.00218768
-0.00260843
-0.00307058
-0.00355096
-0.0040207
-0.00444581
-0.00478867
-0.00501173
-0.00508438
-0.00499233
-0.00475293
-0.00442017
-0.00402801
-0.00360522
-0.00319233
-0.00284011
-0.00260711
-0.00255346
-0.00273072
-0.00316773
-0.00384801
-0.00470077
-0.0056752
-0.00671666
-0.00774105
-0.00863472
-0.00925734
-0.00945369
-0.00907193
-0.00799792
-0.00619492
-0.00377471
-0.000998612
0.00203877
0.0052502
0.00850642
0.0116551
0.0145198
0.0169194
0.0186866
0.0197096
0.0199758
0.0196508
0.0190863
0.0184762
0.0179232
0.0175164
0.0173079
0.0172908
0.0173933
0.0175947
0.017899
0.0183075
0.0188148
0.0194037
0.0200351
0.0206391
0.0211052
0.0212809
0.0209762
0.0199858
0.0181227
0.0152912
0.0115006
0.00656607
0.000320786
-0.0072681
-0.0160382
-0.025535
-0.0349389
-0.0429673
-0.0479886
-0.0490039
-0.0457566
-0.0389542
-0.0304474
-0.0216559
-0.0132202
-0.00561491
0.000931431
0.00651043
0.0109941
0.0142022
0.016094
0.0168291
0.0168205
0.0164735
0.0159364
0.015308
0.0146803
0.0141257
0.0137066
0.0134738
0.0134696
0.0137197
0.0142243
0.0149357
0.0157489
0.0165533
0.0172422
0.0176832
0.0177239
0.0172075
0.0160025
0.0140402
0.0113775
0.00822503
0.00474159
0.00100198
-0.00289375
-0.00680506
-0.0105503
-0.0139106
-0.0166418
-0.0185017
-0.0192948
-0.0189362
-0.0175475
-0.0155013
-0.0130732
-0.0103839
-0.00756629
-0.00478399
-0.00222353
-8.95314e-05
0.00141048
0.00208896
0.00182117
0.000595577
-0.00139721
-0.00376015
-0.00631504
-0.00901283
-0.0118286
-0.0147742
-0.017894
-0.0212627
-0.0249657
-0.029078
-0.033627
-0.0385681
-0.0438246
-0.0492793
-0.054723
-0.0598428
-0.0642247
-0.06738
-0.0687972
-0.0680322
-0.064836
-0.059339
-0.0521945
-0.0440842
-0.0352325
-0.025854
-0.0162477
-0.0067781
0.00211333
0.00992141
0.0161081
0.0201665
0.0217329
0.0207288
0.0176029
0.0133568
0.00842221
0.00292789
-0.00299675
-0.00922966
-0.0156312
-0.0220324
-0.0282069
-0.0338566
-0.0385335
-0.0415977
-0.0423158
-0.0399711
-0.0340306
-0.0243624
-0.0115898
0.00285796
0.0182945
0.0343941
0.0507743
0.0670208
0.0826905
0.0973429
0.1106
0.122128
0.131113
0.136612
0.137781
0.134097
0.125651
0.11364
0.100329
0.0866248
0.0732462
0.0610136
0.0506412
0.0426598
0.0372429
0.0340273
0.0320214
0.0303373
0.0283328
0.0253359
0.0206814
0.0138314
0.00449531
-0.00721289
-0.0206312
-0.03438
-0.0462789
-0.0531976
-0.0515458
-0.0400491
-0.0202804
0.00370295
0.0294716
0.055197
0.0785566
0.0969698
0.107824
0.108933
0.0990562
0.0787248
0.0508239
0.0184317
-0.0173074
-0.0551856
-0.0935238
-0.130241
-0.162844
-0.188529
-0.204428
-0.208012
-0.197785
-0.174075
-0.140413
-0.103379
-0.0657354
-0.0297139
0.0021597
0.0276996
0.045295
0.0544684
0.0564613
0.0545197
0.0511698
0.0477289
0.0453754
0.0451675
0.0478071
0.0534997
0.0616786
0.0710573
0.0808511
0.0902108
0.0980718
0.103317
0.104858
0.101857
0.0939507
0.0816438
0.0664611
0.0496176
0.0318033
0.0138678
-0.00311979
-0.0178954
-0.0290704
-0.0352489
-0.0352477
-0.0284177
-0.015091
0.00290646
0.0230848
0.0449185
0.0682561
0.0929221
0.11879
0.145665
0.173186
0.2007
0.227156
0.251054
0.270468
0.283203
0.287074
0.280413
0.262683
0.235525
0.202901
0.166559
0.127222
0.0858948
0.0438657
0.00280435
-0.0352487
-0.0678929
-0.0925642
-0.106831
-0.10898
-0.0987042
-0.0782625
-0.0526765
-0.0251008
0.00198459
0.0255329
0.0421636
0.0484277
0.0413345
0.0190511
-0.0181124
-0.0665614
-0.121069
-0.180114
-0.242493
-0.306407
-0.369636
-0.429369
-0.482258
-0.524506
-0.552261
-0.562197
-0.552523
-0.524245
-0.4827
-0.435195
-0.383607
-0.328854
-0.271984
-0.213826
-0.155197
-0.096928
-0.0400474
0.0141725
0.0641752
0.108245
0.14473
0.172472
0.191318
0.202969
0.211092
0.217624
0.223655
0.230347
0.238769
0.249774
0.263794
0.280676
0.299459
0.318227
0.333954
0.342542
0.338857
0.317774
0.279072
0.227851
0.169574
0.106246
0.0401318
-0.0254378
-0.0863642
-0.137835
-0.17475
-0.192286
-0.186938
-0.157796
-0.108511
-0.0481269
0.0155513
0.077098
0.130474
0.169145
0.186908
0.178927
0.143215
0.0824645
0.00611334
-0.0730622
-0.149531
-0.219209
-0.278591
-0.326072
-0.362692
-0.390839
-0.409874
-0.418922
-0.41787
-0.407251
-0.386748
-0.356634
-0.319042
-0.277816
-0.233899
-0.18781
-0.140446
-0.092591
-0.044784
0.0025023
0.0487663
0.0935312
0.13636
0.176953
0.215232
0.251544
0.286625
0.320495
0.352682
0.382533
0.40924
0.432057
0.450239
0.461771
0.464285
0.455757
0.435
0.402808
0.36196
0.312422
0.254236
0.188789
0.119001
0.0501956
-0.0103975
-0.0583901
-0.090923
-0.10693
-0.108989
-0.103382
-0.0932058
-0.0800199
-0.065756
-0.052517
-0.0426035
-0.0382976
-0.0417534
-0.0546072
-0.0775653
-0.109662
-0.147772
-0.188419
-0.22964
-0.269278
-0.30477
-0.333369
-0.352429
-0.35983
-0.354618
-0.337893
-0.31348
-0.285163
-0.254055
-0.220936
-0.186733
-0.15239
-0.118992
-0.0878321
-0.0604307
-0.0384284
-0.0234294
-0.0166226
-0.018341
-0.0272587
-0.0402816
-0.0558812
-0.0732049
-0.0910883
-0.108093
-0.122478
-0.132315
-0.135621
-0.130666
-0.116403
-0.0930462
-0.0629077
-0.0305467
0.000879396
0.0287853
0.0503947
0.0630921
0.0649045
0.0551329
0.0352918
0.00941736
-0.0199443
-0.0524486
-0.0881065
-0.127056
-0.169458
-0.215278
-0.263964
-0.314131
-0.363233
-0.407377
-0.441187
-0.458381
-0.454901
-0.429697
-0.386121
-0.332687
-0.27552
-0.216974
-0.158895
-0.102688
-0.048968
0.00275663
0.0539427
0.105232
0.157068
0.209743
0.263113
0.316481
0.368469
0.417043
0.459594
0.493224
0.515155
0.523426
0.517692
0.500549
0.477625
0.451515
0.423192
0.393548
0.363248
0.332722
0.302134
0.271448
0.240488
0.209029
0.176903
0.144066
0.110352
0.0754722
0.0392152
0.0015327
-0.0373599
-0.0768918
-0.116037
-0.153256
-0.186508
-0.213361
-0.231252
-0.237905
-0.231989
-0.213948
-0.186997
-0.155711
-0.121524
-0.0855039
-0.0490483
-0.0136361
0.0191076
0.0475329
0.0700488
0.0853762
0.0928866
0.0930985
0.0882357
0.0813214
0.0733078
0.0647685
0.0562714
0.0481901
0.0407162
0.0338059
0.0271956
0.0203949
0.0127303
0.00338793
-0.00847525
-0.0235939
-0.0423788
-0.0646692
-0.0894347
-0.114914
-0.139304
-0.160292
-0.175026
-0.180425
-0.17358
-0.152458
-0.116727
-0.0690988
-0.0155057
0.0407416
0.0975268
0.152439
0.203001
0.246863
0.282161
0.307925
0.324668
0.335027
0.342676
0.348917
0.354654
0.360804
0.368043
0.376763
0.386968
0.3982
0.409462
0.419177
0.425194
0.424874
0.41533
0.393797
0.358297
0.308395
0.246561
0.178224
0.105344
0.0279694
-0.0539632
-0.140594
-0.231814
-0.327006
-0.42456
-0.521496
-0.613178
-0.694119
-0.759003
-0.802862
-0.822155
-0.816275
-0.789907
-0.753233
-0.710944
-0.664824
-0.616547
-0.567418
-0.518383
-0.469932
-0.42223
-0.375142
-0.32837
-0.281492
-0.234076
-0.18572
-0.136149
-0.0852177
-0.0330037
0.0201269
0.0734332
0.125781
0.175636
0.22115
0.260336
0.291382
0.313117
0.325571
0.330882
0.333267
0.334779
0.337425
0.34368
0.356072
0.376942
0.407917
0.449354
0.499516
0.554018
0.607718
0.656678
0.696732
0.723634
0.733815
0.725348
0.699154
0.660406
0.616275
0.568978
0.519805
0.470053
0.420522
0.371605
0.32316
0.274637
0.225087
0.173361
0.118214
0.0586154
-0.00598694
-0.0751637
-0.147375
-0.221357
-0.295637
-0.367993
-0.435542
-0.494786
-0.541201
-0.569086
-0.572826
-0.548268
-0.494318
-0.415624
-0.322949
-0.221344
-0.113246
-0.00182401
0.109078
0.214777
0.309892
0.388481
0.444651
0.473442
0.472342
0.443182
0.394447
0.337584
0.275617
0.209894
0.141683
0.0715521
-0.000333287
-0.0741522
-0.150027
-0.227748
-0.30636
-0.383935
-0.457559
-0.523414
-0.576895
-0.613157
-0.627934
-0.618841
-0.586966
-0.53881
-0.483168
-0.421655
-0.354346
-0.28124
-0.201878
-0.115854
-0.0231458
0.0751628
0.176318
0.275182
0.364017
0.434588
0.480631
0.497986
0.486124
0.451298
0.406122
0.35368
0.295398
0.233333
0.169374
0.105636
0.044355
-0.0118563
-0.0601244
-0.0974146
-0.120998
-0.129177
-0.121882
-0.0991854
-0.0636353
-0.0213519
0.021496
0.0620883
0.0983433
0.128767
0.153033
0.172575
0.19046
0.207868
0.22564
0.244602
0.265212
0.287462
0.310685
0.333466
0.353619
0.368694
0.37626
0.374114
0.36082
0.336369
0.303286
0.266381
0.226285
0.182553
0.134523
0.0810923
0.0210522
-0.0466127
-0.122037
-0.204255
-0.293188
-0.387972
-0.486139
-0.583206
-0.674004
-0.756393
-0.830076
-0.89643
-0.955534
-1.00574
-1.04559
-1.07421
-1.09037
-1.09164
-1.07625
-1.0442
-0.998456
-0.946293
-0.896865
-0.85396
-0.819518
-0.793928
-0.774569
-0.755864
-0.733916
-0.705787
-0.668664
-0.620668
-0.561592
-0.493928
-0.421246
-0.343545
-0.260058
-0.170166
-0.0733052
0.0304694
0.140099
0.252827
0.363784
0.465354
0.547776
0.603438
0.627813
0.620406
0.588199
0.545207
0.495799
0.442933
0.390521
0.342335
0.302137
0.273096
0.257507
0.256027
0.266781
0.284908
0.306959
0.331548
0.35742
0.38318
0.407372
0.428405
0.444602
0.454251
0.455827
0.448352
0.431889
0.408436
0.381715
0.351732
0.317465
0.277722
0.231088
0.176381
0.11309
0.0420848
-0.0336726
-0.108376
-0.175084
-0.230459
-0.273206
-0.303996
-0.322621
-0.327865
-0.319755
-0.300716
-0.275554
-0.246077
-0.212402
-0.174439
-0.131964
-0.0849216
-0.033763
0.0201775
0.0756354
0.132262
0.189713
0.247386
0.30447
0.359874
0.412281
0.460216
0.502252
0.537264
0.564237
0.581358
0.587183
0.58139
0.565697
0.544132
0.518402
0.487078
0.447728
0.397378
0.332903
0.25181
0.153237
0.0392914
-0.0836545
-0.203128
-0.301372
-0.367997
-0.399566
-0.400076
-0.382424
-0.355478
-0.321867
-0.283679
-0.242821
-0.200648
-0.157927
-0.114918
-0.0715517
-0.0276544
0.0168248
0.0615911
0.105833
0.148101
0.186682
0.220559
0.249311
0.27347
0.294877
0.315204
0.334529
0.352443
0.368224
0.380732
0.388514
0.389964
0.383656
0.36879
0.345865
0.317157
0.284635
0.247984
0.206456
0.159371
0.106248
0.0472513
-0.0164022
-0.0817608
-0.144197
-0.200194
-0.246276
-0.279085
-0.296318
-0.297695
-0.286253
-0.266546
-0.238978
-0.203539
-0.160975
-0.112878
-0.0622234
-0.0139279
0.0254007
0.0515142
0.0614266
0.0538857
0.0310389
-0.00105305
-0.0382684
-0.0794429
-0.123635
-0.169848
-0.217065
-0.264143
-0.309692
-0.351995
-0.388997
-0.418437
-0.438129
-0.446451
-0.443027
-0.429659
-0.410985
-0.391748
-0.374078
-0.359567
-0.349384
-0.343764
-0.341641
-0.341112
-0.341068
-0.340238
-0.337033
-0.329756
-0.316764
-0.296783
-0.269255
-0.234897
-0.196058
-0.155034
-0.112419
-0.0685177
-0.0235954
0.022167
0.0686083
0.115497
0.162434
0.208753
0.25348
0.295318
0.332738
0.364133
0.388123
0.403963
0.41204
0.414654
0.415987
0.418015
0.421257
0.425576
0.429899
0.432045
0.428759
0.416893
0.394029
0.358863
0.312058
0.257302
0.199978
0.142828
0.0884747
0.0398664
-0.000312133
-0.0300391
-0.0486263
-0.0575517
-0.0608232
-0.0614695
-0.0609405
-0.0606123
-0.0618692
-0.0659195
-0.0736855
-0.0856079
-0.101479
-0.120102
-0.139328
-0.157867
-0.174966
-0.190069
-0.202981
-0.214065
-0.224223
-0.233643
-0.24203
-0.248878
-0.253467
-0.254947
-0.252473
-0.245469
-0.233922
-0.218856
-0.202346
-0.185483
-0.169412
-0.155587
-0.145546
-0.140749
-0.142269
-0.150419
-0.164278
-0.18119
-0.197445
-0.210534
-0.218023
-0.21755
-0.207429
-0.18721
-0.158619
-0.125698
-0.0910399
-0.0567351
-0.0253354
0.000342423
0.0174577
0.0235716
0.0172247
-0.00126945
-0.0289025
-0.0613602
-0.0974644
-0.136388
-0.176909
-0.217556
-0.256437
-0.291246
-0.319253
-0.337525
-0.343259
-0.334467
-0.310766
-0.274773
-0.232234
-0.185749
-0.13632
-0.0850762
-0.0331988
0.0179726
0.0669677
0.112126
0.151942
0.185438
0.212379
0.233658
0.250754
0.263728
0.27275
0.278411
0.280748
0.279929
0.276684
0.272288
0.267322
0.261976
0.256418
0.250764
0.2451
0.239465
0.233869
0.22829
0.222684
0.216986
0.211123
0.205017
0.19861
0.191854
0.184757
0.177407
0.170008
0.162893
0.156549
0.151595
0.148744
0.148706
0.15205
0.159002
0.169149
0.181307
0.194698
0.209116
0.224374
0.24021
0.256278
0.2721
0.287033
0.300256
0.310797
0.317616
0.319754
0.316599
0.308175
0.295699
0.281453
0.26568
0.248088
0.228314
0.205826
0.180108
0.150805
0.118027
0.0826057
0.0465176
0.0128865
-0.0158139
-0.0384008
-0.0546768
-0.0659325
-0.0740837
-0.0789596
-0.079985
-0.0766816
-0.0686956
-0.0560937
-0.0397815
-0.0215296
-0.00178786
0.0191056
0.0405405
0.0616763
0.0813762
0.0982436
0.110688
0.117116
0.116209
0.107366
0.0912387
0.0703587
0.0482141
0.0263304
0.00592515
-0.0118031
-0.0260362
-0.0365102
-0.0439053
-0.0497897
-0.0548646
-0.0598188
-0.065568
-0.073108
-0.0834706
-0.0975672
-0.116008
-0.13883
-0.165176
-0.193686
-0.223849
-0.255069
-0.286391
-0.31652
-0.343796
-0.36626
-0.381824
-0.388556
-0.385175
-0.371621
-0.350081
-0.324866
-0.297292
-0.268248
-0.238946
-0.210636
-0.184665
-0.162333
-0.144821
-0.132965
-0.126987
-0.126142
-0.128191
-0.12954
-0.128449
-0.123702
-0.114457
-0.100722
-0.0836686
-0.0660883
-0.0523654
-0.0462621
-0.0500409
-0.0646797
-0.0888659
-0.1188
-0.152764
-0.189921
-0.229012
-0.26838
-0.305902
-0.339055
-0.364974
-0.380739
-0.383766
-0.372523
-0.347337
-0.311802
-0.272596
-0.232309
-0.192922
-0.156692
-0.125584
-0.101091
-0.0837854
-0.0728558
-0.0658697
-0.0609567
-0.0571525
-0.0534545
-0.048739
-0.0418471
-0.0316449
-0.0171451
0.00231481
0.0268229
0.0555035
0.0863751
0.117953
0.14955
0.180563
0.210454
0.238831
0.265557
0.290732
0.314032
0.334887
0.352735
0.367147
0.37799
0.385162
0.388414
0.387881
0.384458
0.379863
0.375189
0.37058
0.365787
0.360155
0.352576
0.34153
0.325228
0.301879
0.270081
0.229378
0.180976
0.128279
0.074901
0.0226918
-0.0267151
-0.0718675
-0.111747
-0.144556
-0.167722
-0.178836
-0.176255
-0.159862
-0.132046
-0.0987795
-0.0674603
-0.0405276
-0.0186102
-0.000655794
0.0163169
0.0334179
0.0516455
0.0721531
0.095831
0.123048
0.153255
0.184891
0.21654
0.246651
0.273299
0.294374
0.307846
0.312187
0.306891
0.293273
0.274746
0.253621
0.230539
0.205929
0.180137
0.153421
0.126014
0.0982328
0.0705842
0.0438659
0.0192082
-0.0019338
-0.0179124
-0.0271052
-0.0283038
-0.0211953
-0.00709579
0.0107586
0.0297744
0.0484641
0.0652976
0.0787338
0.0874368
0.090567
0.0880737
0.0812335
0.0725321
0.0627582
0.0523826
0.0419455
0.0318617
0.0224551
0.0138871
0.00617462
-0.000861104
-0.0075904
-0.0146246
-0.0226629
-0.0321869
-0.0435053
-0.0566989
-0.0714243
-0.0869034
-0.102574
-0.117951
-0.132453
-0.145472
-0.156436
-0.164934
-0.17084
-0.174539
-0.176988
-0.178969
-0.180943
-0.183396
-0.186827
-0.191691
-0.198319
-0.206825
-0.216962
-0.228041
-0.239303
-0.250317
-0.260653
-0.269871
-0.277585
-0.283541
-0.287739
-0.290466
-0.291636
-0.290691
-0.286966
-0.279827
-0.268845
-0.254036
-0.236227
-0.21712
-0.197757
-0.178891
-0.161369
-0.146021
-0.133564
-0.124418
-0.118507
-0.114996
-0.112688
-0.11121
-0.110291
-0.109571
-0.108667
-0.107142
-0.104525
-0.100318
-0.094051
-0.0853612
-0.0741283
-0.0606493
-0.0457812
-0.0303189
-0.014417
0.00191856
0.0187208
0.0360797
0.0540857
0.0727825
0.0920828
0.111699
0.131068
0.149318
0.165267
0.177494
0.184497
0.184948
0.178087
0.164216
0.145276
0.124071
0.101704
0.0791437
0.0575841
0.038249
0.0223365
0.0108494
0.00439
0.00288931
0.00514863
0.00893149
0.0136123
0.0189006
0.0244913
0.0302065
0.0359444
0.0416918
0.0474679
0.0533
0.0591508
0.0648784
0.0702167
0.0747833
0.0780926
0.0796185
0.0788797
0.0755843
0.0698034
0.062185
0.053641
0.0443684
0.0344528
0.0240298
0.0132489
0.00231967
-0.00847306
-0.0187325
-0.0279487
-0.0355045
-0.0407385
-0.0430311
-0.0419773
-0.0375706
-0.0305541
-0.0223535
-0.0132185
-0.00313954
0.00786632
0.0198267
0.0327163
0.0464079
0.0606601
0.0752759
0.0899171
0.104052
0.116946
0.127703
0.13534
0.138947
0.137909
0.132199
0.12281
0.111826
0.10054
0.0898964
0.0809292
0.0746284
0.0718046
0.0728682
0.0775911
0.0848152
0.0929067
0.101149
0.108953
0.11571
0.120943
0.124373
0.126064
0.126492
0.12621
0.125507
0.124704
0.124198
0.124431
0.125858
0.128903
0.133876
0.140875
0.149631
0.159403
0.169304
0.178646
0.186652
0.192453
0.195211
0.194263
0.189331
0.180811
0.169982
0.158112
0.145586
0.132644
0.119496
0.106272
0.0930321
0.0797745
0.0664639
0.0530613
0.0395477
0.0259533
0.0123721
-0.00101968
-0.0139782
-0.0262015
-0.0373731
-0.0472164
-0.055587
-0.0625743
-0.0686269
-0.0744026
-0.0802867
-0.0866755
-0.0940252
-0.102772
-0.113263
-0.125648
-0.139721
-0.154878
-0.170863
-0.187554
-0.204736
-0.222077
-0.239106
-0.255193
-0.269569
-0.281363
-0.289715
-0.293941
-0.293772
-0.28968
-0.28313
-0.275617
-0.267737
-0.259976
-0.252814
-0.246633
-0.241662
-0.23791
-0.23508
-0.232593
-0.230181
-0.227634
-0.224751
-0.221399
-0.217545
-0.213293
-0.208909
-0.204839
-0.201698
-0.200236
-0.201255
-0.20548
-0.213369
-0.224879
-0.239141
-0.254322
-0.268592
-0.280347
-0.287855
-0.289433
-0.28379
-0.270459
-0.250422
-0.226367
-0.200322
-0.173258
-0.146167
-0.120129
-0.0962059
-0.0753572
-0.0583036
-0.0453427
-0.0361061
-0.0292845
-0.0230743
-0.0166051
-0.00913734
6.76006e-05
0.0115784
0.025682
0.0421966
0.0603479
0.0793514
0.0989518
0.118964
0.139189
0.159445
0.179546
0.1993
0.21849
0.23689
0.254273
0.270461
0.285387
0.299187
0.312275
0.325089
0.337837
0.35072
0.363942
0.377672
0.392002
0.406905
0.422182
0.437419
0.451945
0.464841
0.474967
0.48107
0.481962
0.476806
0.465465
0.44908
0.430115
0.409687
0.388204
0.366058
0.343572
0.321019
0.298615
0.276556
0.255035
0.234254
0.21442
0.195711
0.178221
0.161878
0.146341
0.131138
0.116138
0.101243
0.0863259
0.0712425
0.0558302
0.0399104
0.0233042
0.00586157
-0.0124828
-0.0316508
-0.051537
-0.0723852
-0.0945076
-0.118167
-0.1435
-0.170396
-0.198355
-0.226351
-0.252793
-0.276039
-0.294402
-0.30625
-0.310357
-0.306367
-0.295469
-0.280646
-0.263932
-0.245917
-0.22697
-0.207333
-0.187085
-0.16618
-0.144537
-0.122134
-0.0991403
-0.0760268
-0.0536627
-0.0333559
-0.0168316
-0.0060947
-0.0031809
-0.00972589
-0.026407
-0.0520798
-0.083427
-0.11815
-0.155466
-0.194552
-0.234354
-0.273592
-0.310722
-0.34395
-0.371317
-0.390898
-0.401163
-0.401484
-0.392872
-0.378516
-0.361575
-0.343037
-0.323571
-0.303831
-0.284317
-0.265385
-0.247243
-0.229947
-0.21341
-0.19738
-0.18144
-0.165193
-0.148446
-0.13111
-0.113228
-0.0950055
-0.0768518
-0.0593978
-0.0434795
-0.0299165
-0.0192536
-0.0116881
-0.00683709
-0.00361201
-0.00125502
0.000492255
0.00184993
0.00304678
0.00430001
0.00582863
0.00785686
0.0106324
0.0144154
0.0194642
0.0259772
0.0340228
0.0434217
0.0540158
0.0663885
0.0813957
0.0999444
0.122876
0.150688
0.183237
0.219267
0.256262
0.292126
0.325578
0.355537
0.381265
0.402442
0.419453
0.432547
0.441032
0.444169
0.441552
0.433376
0.420876
0.405602
0.38725
0.365081
0.338399
0.306681
0.269918
0.229115
0.186336
0.142466
0.0984419
0.0556081
0.0155799
-0.0198137
-0.0487837
-0.0698012
-0.0813929
-0.0825328
-0.0735079
-0.0568454
-0.0375659
-0.0192627
-0.00323539
0.0101049
0.021323
0.0311079
0.039383
0.0460607
0.0511749
0.0548383
0.0572999
0.0588212
0.0593523
0.0588069
0.0571997
0.0547467
0.0518973
0.0488204
0.0455416
0.0420787
0.0384397
0.0346242
0.0306254
0.0264384
0.0220691
0.0175496
0.0129397
0.00827323
0.00350192
-0.00147135
-0.00679125
-0.0126501
-0.0192749
-0.0268936
-0.0356891
-0.0457026
-0.0568037
-0.0691544
-0.0832589
-0.0996749
-0.118884
-0.141122
-0.166187
-0.193147
-0.220231
-0.245709
-0.268119
-0.286013
-0.298184
-0.303715
-0.301778
-0.292387
-0.277195
-0.259371
-0.239956
-0.21968
-0.199499
-0.180382
-0.163355
-0.149385
-0.139315
-0.133655
-0.132381
-0.134499
-0.138137
-0.142838
-0.148416
-0.154608
-0.161173
-0.167799
-0.174105
-0.179564
-0.183516
-0.185167
-0.183678
-0.178288
-0.168542
-0.154576
-0.137469
-0.11868
-0.0983119
-0.0761866
-0.0521441
-0.0260298
0.00214961
0.0320933
0.0629837
0.0934163
0.12209
0.148
0.170281
0.188402
0.20247
0.212948
0.219649
0.222611
0.222551
0.220833
0.21811
0.21466
0.210792
0.206841
0.203204
0.200336
0.19876
0.199011
0.201576
0.206751
0.21449
0.224136
0.234421
0.244566
0.253716
0.26081
0.264728
0.264408
0.259101
0.248641
0.233918
0.21692
0.198647
0.17962
0.160442
0.141758
0.124241
0.10854
0.0952311
0.0847008
0.0770154
0.0716788
0.0676093
0.0642551
0.0613146
0.0584293
0.0552004
0.0511881
0.0459407
0.0390329
0.0301336
0.0191144
0.00619045
-0.00791533
-0.0222109
-0.0361957
-0.0494237
-0.0614236
-0.0718105
-0.0803488
-0.0871156
-0.0924837
-0.0962613
-0.0979198
-0.096892
-0.0926764
-0.0850298
-0.07422
-0.0612465
-0.0472165
-0.0327478
-0.0185661
-0.00561319
0.00502462
0.012194
0.0148245
0.012165
0.00408127
-0.00845136
-0.02331
-0.0395944
-0.0570489
-0.0754365
-0.0945504
-0.114165
-0.133994
-0.153622
-0.172453
-0.189681
-0.204309
-0.215235
-0.221405
-0.22208
-0.217157
-0.207704
-0.196002
-0.183053
-0.169176
-0.154644
-0.139641
-0.124289
-0.10865
-0.0927924
-0.07683
-0.0609816
-0.0456071
-0.031223
-0.0184873
-0.00813857
-0.000889253
0.00275425
0.00270685
-0.000341192
-0.00489596
-0.0102955
-0.016322
-0.0227771
-0.0295115
-0.0364094
-0.0433858
-0.0503512
-0.0571931
-0.0637435
-0.0697259
-0.0747132
-0.0781891
-0.0796123
-0.0785244
-0.0746989
-0.0683574
-0.0603258
-0.0514683
-0.0421296
-0.032639
-0.0233906
-0.0147972
-0.00726203
-0.00113304
0.00337547
0.00626716
0.00791503
0.00905714
0.0101252
0.0115861
0.0140309
0.0180913
0.0243904
0.0334094
0.0453452
0.059867
0.076023
0.0930507
0.110505
0.127848
0.144421
0.159472
0.17222
0.18193
0.188077
0.190523
0.189828
0.187349
0.184031
0.18019
0.176052
0.17179
0.167501
0.1632
0.158842
0.154331
0.149551
0.144389
0.13877
0.132686
0.126237
0.119631
0.112973
0.106302
0.0996279
0.0929137
0.0860699
0.0789495
0.0713522
0.063046
0.0537988
0.0434384
0.0319155
0.019427
0.00640113
-0.00711656
-0.0211422
-0.0356387
-0.0505233
-0.0656171
-0.0806282
-0.0951137
-0.108482
-0.120006
-0.128902
-0.13443
-0.136099
-0.133887
-0.128633
-0.121991
-0.11438
-0.106007
-0.0971706
-0.0881622
-0.0793203
-0.0710165
-0.0636837
-0.0577877
-0.0537979
-0.0520959
-0.0528593
-0.0558721
-0.0603934
-0.0657043
-0.071643
-0.0781144
-0.0849899
-0.092112
-0.0992627
-0.106138
-0.112329
-0.117322
-0.120531
-0.121366
-0.119354
-0.114309
-0.106586
-0.0971848
-0.0867859
-0.0756007
-0.0638419
-0.0517876
-0.0397856
-0.0282729
-0.0177809
-0.00892494
-0.00235043
0.00135221
0.00180939
-0.000955032
-0.00618698
-0.0124582
-0.0194382
-0.0270224
-0.0350752
-0.0435131
-0.0522482
-0.0611799
-0.0701371
-0.0788548
-0.0869384
-0.0938703
-0.0990322
-0.101784
-0.101579
-0.0981478
-0.0917386
-0.08331
-0.073828
-0.0635966
-0.052865
-0.0419528
-0.0312082
-0.021025
-0.0118244
-0.00403659
0.00195612
0.00590559
0.00781504
0.00813111
0.00773569
0.00694782
0.00603372
0.00534884
0.00528261
0.00625126
0.00864934
0.0127868
0.018796
0.0264855
0.0352766
0.0447474
0.0547101
0.0649314
0.0750918
0.0847802
0.0934989
0.100681
0.105746
0.108187
0.10772
0.104473
0.0992079
0.0929816
0.0860629
0.0785945
0.0707634
0.062754
0.0547845
0.0471106
0.0400472
0.0339603
0.0292445
0.0262675
0.0252771
0.0262831
0.0288568
0.0321471
0.0358997
0.0399373
0.0440099
0.0478446
0.0511324
0.0535542
0.0547998
0.0546196
0.052894
0.049733
0.0455876
0.0410506
0.0362415
0.0311651
0.0257955
0.0200505
0.0138196
0.00699065
-0.000500081
-0.00860969
-0.0171333
-0.0257804
-0.0342508
-0.0421499
-0.0489869
-0.0542247
-0.0573497
-0.0579877
-0.0560456
-0.0519303
-0.0466212
-0.0408143
-0.0347575
-0.0286243
-0.022521
-0.0164575
-0.0103329
-0.00394287
0.003006
0.0108534
0.019933
0.0304816
0.0425468
0.0558324
0.0696763
0.0835707
0.0968701
0.108716
0.118115
0.124026
0.125537
0.122102
0.113876
0.102097
0.0885001
0.0734735
0.0572014
0.0399729
0.0221234
0.00412206
-0.013397
-0.0295806
-0.0433694
-0.0535505
-0.0589076
-0.0584558
-0.0517904
-0.0395587
-0.0238229
-0.00678149
0.0104772
0.026895
0.0412999
0.0525897
0.0598631
0.0626538
0.0611907
0.0567259
0.0509765
0.0444535
0.0374284
0.0301625
0.0228019
0.015415
0.00798867
0.000478472
-0.00716671
-0.0149533
-0.0228168
-0.0305854
-0.0379747
-0.0445847
-0.0499357
-0.053522
-0.0549136
-0.0538867
-0.0506137
-0.0458008
-0.0401798
-0.0340113
-0.0275359
-0.0210571
-0.0149105
-0.00946115
-0.00507907
-0.00210489
-0.000783652
-0.00117982
-0.00303944
-0.00573866
-0.00882208
-0.0120945
-0.0153743
-0.0184763
-0.0212296
-0.023491
-0.025163
-0.0261697
-0.0263822
-0.0256989
-0.0241019
-0.0217091
-0.018841
-0.0158677
-0.0127726
-0.00938901
-0.00545534
-0.000607471
0.00557884
0.0135184
0.0235169
0.0356215
0.0494687
0.0640357
0.0777271
0.0898316
0.099986
0.108095
0.113936
0.116718
0.115626
0.110066
0.0998833
0.0857304
0.0692298
0.0516202
0.0335433
0.0156917
-0.00114654
-0.0161455
-0.0285165
-0.0376159
-0.0431168
-0.0452247
-0.0449444
-0.0436453
-0.0417307
-0.0394225
-0.0369472
-0.0344562
-0.0320508
-0.0297729
-0.0276304
-0.0256026
-0.0236575
-0.0217538
-0.0198498
-0.017924
-0.0159986
-0.0141192
-0.0123491
-0.0107591
-0.00941438
-0.00835522
-0.00757071
-0.00698826
-0.00656254
-0.00624328
-0.00594383
-0.00553852
-0.00486434
-0.00373043
-0.00193806
0.000686732
0.00424397
0.00869631
0.0137958
0.0191649
0.0245823
0.0298017
0.0345161
0.0383925
0.0411039
0.0423898
0.0421331
0.0404733
0.037887
0.0348527
0.0315253
0.0280187
0.0244565
0.0209523
0.017613
0.0145363
0.0118091
0.00949838
0.00763429
0.00618515
0.0050262
0.00399391
0.00305087
0.00218473
0.00138143
0.000630057
-8.61799e-05
-0.000794566
-0.00154175
-0.00239732
-0.00345941
-0.004851
-0.00671148
-0.00917911
-0.0123617
-0.0162971
-0.0208878
-0.0258838
-0.0312085
-0.0370132
-0.0435232
-0.0509965
-0.0596803
-0.0697349
-0.0811367
-0.0935548
-0.106258
-0.118307
-0.128773
-0.136609
-0.140733
-0.140231
-0.134628
-0.124271
-0.110614
-0.0951261
-0.0782368
-0.0603077
-0.041835
-0.0234186
-0.00580472
0.0101128
0.0233079
0.0327094
0.0373413
0.0365872
0.0304891
0.0202976
0.00838117
-0.00467832
-0.0186538
-0.0332494
-0.0482427
-0.0633983
-0.0784724
-0.0931362
-0.106971
-0.119439
-0.129949
-0.137871
-0.142316
-0.142356
-0.137358
-0.127278
-0.113148
-0.097132
-0.0804055
-0.0636638
-0.0476566
-0.0330961
-0.0205834
-0.0104848
-0.00276884
0.00302172
0.00692167
0.00880421
0.00868269
0.00681266
0.00382803
0.000499107
-0.00299541
-0.00663712
-0.0104636
-0.014601
-0.0192362
-0.0245911
-0.0308691
-0.0381893
-0.0465038
-0.055508
-0.0646898
-0.0735625
-0.0815121
-0.0877839
-0.0915698
-0.092112
-0.0888969
-0.081867
-0.0718054
-0.0602832
-0.0476682
-0.0341275
-0.0199308
-0.00536947
0.00917844
0.0232439
0.0362399
0.0474813
0.0562314
0.0618116
0.0637713
0.062109
0.057612
0.0519115
0.0460387
0.0407701
0.0369728
0.0355026
0.0370936
0.0421714
0.0506412
0.0616198
0.0738558
0.0870035
0.100851
0.115116
0.12951
0.143687
0.157253
0.169739
0.180634
0.189422
0.195677
0.1992
0.200204
0.199518
0.198259
0.196791
0.195325
0.194028
0.192946
0.191983
0.190878
0.189208
0.186402
0.181803
0.174742
0.164682
0.151391
0.135193
0.117142
0.0983846
0.0795112
0.061116
0.0438514
0.0283373
0.0150805
0.00434918
-0.00397997
-0.0106012
-0.0164734
-0.0218805
-0.0269812
-0.0319318
-0.0368329
-0.0417455
-0.0466906
-0.051669
-0.0566726
-0.0616964
-0.0667507
-0.0718621
-0.0770702
-0.082419
-0.0879414
-0.0936402
-0.0994653
-0.105292
-0.110904
-0.11599
-0.120147
-0.122919
-0.12385
-0.122588
-0.11901
-0.11342
-0.106622
-0.0991527
-0.0911549
-0.0827351
-0.0740024
-0.065072
-0.056082
-0.0472188
-0.0387329
-0.0309504
-0.02426
-0.0190787
-0.0157823
-0.0145983
-0.0154621
-0.0178475
-0.0210135
-0.0248028
-0.0291406
-0.0338996
-0.0389218
-0.043982
-0.0487743
-0.0528931
-0.0558418
-0.0570639
-0.0560154
-0.0522789
-0.0457245
-0.0367305
-0.0263423
-0.0156273
-0.0050384
0.00508103
0.0144444
0.0229374
0.0306113
0.0373312
0.0429818
0.0475612
0.0512225
0.054323
0.0571675
0.059774
0.0620707
0.0639404
0.0652218
0.0657429
0.0653648
0.0640433
0.0619125
0.0593196
0.0565051
0.053548
0.0505052
0.0474211
0.0443163
0.0411887
0.0380153
0.0347608
0.0313872
0.0278693
0.0242082
0.0204494
0.016695
0.0131156
0.00994935
0.00749396
0.00607525
0.00600197
0.00748494
0.0105468
0.014862
0.0197729
0.0250797
0.0306403
0.036252
0.0416936
0.0467141
0.0510538
0.0544595
0.0567266
0.0577536
0.0576227
0.0566882
0.0554289
0.0539812
0.0524138
0.0507883
0.0491325
0.0474465
0.0457027
0.0438554
0.0418505
0.03964
0.0371979
0.0345389
0.0317327
0.0288537
0.0259342
0.0230012
0.0200816
0.0171945
0.0143487
0.0115362
0.00873086
0.00588467
0.00292959
-0.000220788
-0.003661
-0.00748054
-0.0117384
-0.0164338
-0.0214766
-0.0267673
-0.0322694
-0.0379261
-0.0436336
-0.0492383
-0.0545288
-0.0592438
-0.0630867
-0.0657619
-0.0670306
-0.0667927
-0.0651983
-0.0627309
-0.0598645
-0.0567346
-0.0534204
-0.0499937
-0.0464997
-0.0429646
-0.0394009
-0.0358199
-0.032243
-0.0287117
-0.0252945
-0.0220884
-0.0192133
-0.0167966
-0.0149483
-0.0137247
-0.0130749
-0.0128143
-0.0128128
-0.0130187
-0.0133597
-0.0137268
-0.0139721
-0.0139084
-0.0133164
-0.0119648
-0.00964429
-0.00622366
-0.00172247
0.00360152
0.00935246
0.0153437
0.0213674
0.0271352
0.0323022
0.0364775
0.0392665
0.0403283
0.0394727
0.0367818
0.0327597
0.0280985
0.0229549
0.0173915
0.0114944
0.00534571
-0.000940745
-0.00720669
-0.0132173
-0.0186551
-0.0231166
-0.0261464
-0.0272913
-0.026208
-0.0227912
-0.0173944
-0.0108591
-0.00356205
0.00433243
0.0125946
0.0209285
0.0289498
0.0361902
0.0420986
0.0460886
0.0476045
0.0462565
0.0419761
0.0352923
0.02735
0.0186499
0.00935382
-0.000369971
-0.0103651
-0.0204603
-0.0304669
-0.0401472
-0.0492155
-0.0573313
-0.0641366
-0.069299
-0.0726128
-0.0740998
-0.074205
-0.0737634
-0.0730127
-0.0720725
-0.0710808
-0.0701276
-0.0692683
-0.0685003
-0.0677728
-0.066976
-0.065954
-0.0645067
-0.062416
-0.0594686
-0.055511
-0.0505015
-0.0446172
-0.038242
-0.0314628
-0.0243347
-0.0169734
-0.00954229
-0.00227821
0.00450837
0.0104289
0.0150457
0.0179168
0.0186832
0.0171854
0.0136364
0.00874283
0.0031955
-0.00282896
-0.00923042
-0.0159071
-0.0227728
-0.0297396
-0.0366998
-0.0435067
-0.0499598
-0.0558024
-0.0607338
-0.0644462
-0.0666832
-0.0673291
-0.0665299
-0.0647862
-0.0625962
-0.0601134
-0.0574467
-0.0547151
-0.0520232
-0.0494662
-0.0471243
-0.0450621
-0.0433194
-0.0419011
-0.0407527
-0.0397552
-0.0388244
-0.0379312
-0.0370534
-0.0361721
-0.0352722
-0.0343439
-0.0333809
-0.0323826
-0.0313532
-0.0303061
-0.0292645
-0.0282646
-0.0273561
-0.0266021
-0.0260747
-0.0258468
-0.0259777
-0.0264938
-0.0273586
-0.0284521
-0.0296691
-0.0310133
-0.0325124
-0.0341974
-0.0360956
-0.0382149
-0.0405237
-0.0429281
-0.0452536
-0.0472309
-0.0484974
-0.0486133
-0.0471092
-0.0435545
-0.0376823
-0.0295168
-0.0196148
-0.00902144
0.00200008
0.0133559
0.0249461
0.0367361
0.0487208
0.0609299
0.0733827
0.0860648
0.0988822
0.111639
0.124006
0.135528
0.145631
0.153692
0.159128
0.16155
0.160945
0.157983
0.153978
0.149296
0.144149
0.13881
0.133535
0.128583
0.124189
0.120571
0.117895
0.116244
0.11555
0.115538
0.11583
0.116325
0.116965
0.117688
0.118433
0.119136
0.119722
0.120105
0.120185
0.119856
0.119025
0.117638
0.115713
0.113397
0.110955
0.108463
0.105955
0.103455
0.10096
0.0984361
0.0958122
0.0929844
0.0898207
0.0861744
0.0819056
0.0769173
0.0711963
0.0648888
0.0582831
0.0513657
0.0440463
0.0362254
0.0277982
0.018694
0.00891782
-0.00139492
-0.0119239
-0.0221085
-0.0311382
-0.0382142
-0.0428475
-0.044855
-0.0445634
-0.042915
-0.0406202
-0.0380166
-0.0354515
-0.0333038
-0.0319406
-0.0316803
-0.0327404
-0.0351729
-0.0387642
-0.0430044
-0.0475254
-0.052188
-0.0568928
-0.0615734
-0.0662093
-0.0708303
-0.0755125
-0.0803693
-0.0855328
-0.0911331
-0.0972639
-0.103937
-0.111057
-0.118538
-0.126245
-0.133936
-0.141248
-0.147708
-0.152746
-0.15576
-0.156203
-0.153734
-0.148384
-0.140853
-0.132468
-0.123673
-0.114765
-0.106091
-0.0979423
-0.0905537
-0.0840395
-0.0783571
-0.0732636
-0.0685118
-0.0640281
-0.0597601
-0.0556396
-0.0515863
-0.0474919
-0.0432123
-0.0385617
-0.0333161
-0.0272343
-0.0200962
-0.0117651
-0.00226843
0.00810401
0.0188968
0.0298386
0.0406081
0.0507773
0.0598491
0.0672935
0.0726221
0.0754984
0.0758779
0.0742337
0.0715756
0.0683759
0.0648221
0.0610886
0.0573111
0.0535867
0.0499628
0.0464472
0.0430063
0.0395754
0.0360581
0.0323364
0.0282739
0.0237319
0.0185845
0.012754
0.00624158
-0.000800676
-0.00808854
-0.01559
-0.023335
-0.0313495
-0.0396634
-0.0482771
-0.0571428
-0.0661255
-0.074981
-0.0833324
-0.0906756
-0.0964029
-0.0998722
-0.100512
-0.0979918
-0.0924289
-0.0846458
-0.0758102
-0.0662951
-0.0563774
-0.0464098
-0.036755
-0.0277952
-0.0198987
-0.0133979
-0.00852263
-0.0053254
-0.00354669
-0.00257363
-0.00198223
-0.00163445
-0.0014301
-0.00128923
-0.00115732
-0.00100383
-0.000812625
-0.000575986
-0.000285342
7.21422e-05
0.000516766
0.001072
0.00175976
0.0025892
0.00354333
0.00457047
0.00563275
0.00671303
0.00779275
0.00884998
0.00986423
0.0108197
0.0117116
0.0125513
0.0133726
0.0142374
0.0152381
0.0164955
0.0181499
0.0203439
0.0231927
0.026745
0.030918
0.0354865
0.040343
0.0454215
0.0506131
0.0557612
0.0606541
0.0650293
0.0685857
0.0710166
0.0720636
0.0715952
0.0697192
0.0668698
0.0634985
0.0597772
0.0558771
0.0520225
0.0484744
0.045527
0.043486
0.0426349
0.0431743
0.0451449
0.0483009
0.0520882
0.0561792
0.0603318
0.0642428
0.0675635
0.0699186
0.0709468
0.0703614
0.0680364
0.064131
0.0591812
0.0537108
0.0478579
0.0417043
0.0353383
0.0288429
0.022312
0.015863
0.0096527
0.00388297
-0.00120321
-0.005344
-0.00829736
-0.00990886
-0.0101917
-0.00946583
-0.00833511
-0.00694645
-0.00535164
-0.00361042
-0.0017519
0.000207792
0.00226545
0.00441025
0.00661314
0.00880802
0.0108833
0.0126749
0.0139724
0.014537
0.0141335
0.0125838
0.0098356
0.00606484
0.00171312
-0.00290834
-0.00769057
-0.0125497
-0.0174187
-0.0222586
-0.027062
-0.0318502
-0.0366704
-0.0415848
-0.04666
-0.0519486
-0.0574727
-0.0632012
-0.0690292
-0.0747599
-0.0800964
-0.0846463
-0.0879479
-0.0895236
-0.0889683
-0.086075
-0.0810098
-0.0744472
-0.0670911
-0.059215
-0.051088
-0.043057
-0.0355139
-0.0288916
-0.0236261
-0.0201111
-0.0186053
-0.0191274
-0.0212719
-0.0241937
-0.0274332
-0.0307215
-0.0337696
-0.0363022
-0.0380768
-0.0389299
-0.0388145
-0.0378758
-0.0364664
-0.0348467
-0.0331226
-0.0313795
-0.0296841
-0.0280768
-0.0265642
-0.0251198
-0.0236799
-0.022148
-0.020397
-0.01828
-0.0156439
-0.012355
-0.00833207
-0.00359221
0.00168427
0.00716366
0.0127535
0.0184133
0.0241078
0.0298269
0.0355817
0.0414015
0.0473258
0.0533912
0.0596159
0.0659823
0.0724212
0.0787969
0.0849
0.0904487
0.0951081
0.0985268
0.100397
0.100548
0.0990581
0.0963924
0.0932036
0.0897009
0.0860268
0.0823466
0.078805
0.0755296
0.0726102
0.0700924
0.0679504
0.0660758
0.064334
0.0626278
0.060836
0.0588081
0.0563695
0.0533391
0.0495498
0.0448933
0.0393635
0.0331461
0.0266047
0.0198443
0.0129297
0.00595469
-0.0009818
-0.00776268
-0.0142656
-0.0203619
-0.0259361
-0.0309063
-0.0352617
-0.0391124
-0.0427
-0.0461528
-0.0495484
-0.052972
-0.0565095
-0.0602357
-0.0642023
-0.0684197
-0.0728385
-0.0773273
-0.0816584
-0.0854965
-0.0884069
-0.089883
-0.0894058
-0.0865409
-0.0810763
-0.0732181
-0.063735
-0.0533833
-0.0423541
-0.0307752
-0.0188117
-0.00665305
0.00545926
0.0172136
0.0282162
0.0379965
0.0460431
0.0518709
0.0551413
0.0558092
0.054367
0.0518665
0.0487861
0.0453017
0.0415806
0.0377584
0.0339437
0.0302108
0.0266134
0.0231854
0.0199489
0.0169105
0.0140579
0.011347
0.00869422
0.00601732
0.00327786
0.000449877
-0.00248057
-0.00550611
-0.0085902
-0.0116597
-0.0146
-0.0172551
-0.0194336
-0.0209276
-0.0215416
-0.0211412
-0.0197109
-0.0174508
-0.014782
-0.0118935
-0.00884745
-0.00569564
-0.00246916
0.0008168
0.00416248
0.00757086
0.0110394
0.0145455
0.018038
0.0214274
0.0245858
0.0273504
0.02954
0.0309804
0.031549
0.031225
0.030175
0.0287593
0.0271447
0.0253945
0.0235686
0.0217133
0.0198615
0.0180291
0.0162187
0.0144215
0.0126202
0.0107917
0.00891076
0.00695285
0.00489771
0.00273436
0.00046627
-0.00187878
-0.00425262
-0.00664299
-0.00904773
-0.0114679
-0.0139116
-0.0163918
-0.018927
-0.0215352
-0.0242334
-0.0270292
-0.0299167
-0.0328655
-0.0358252
-0.0387858
-0.0417525
-0.0447394
-0.047775
-0.0508999
-0.0541631
-0.0576131
-0.061284
-0.0651795
-0.0692942
-0.0736287
-0.0781471
-0.0827536
-0.0872789
-0.0914703
-0.0949947
-0.0974555
-0.0984362
-0.0975696
-0.0946443
-0.0897418
-0.0833989
-0.0763648
-0.0688301
-0.0608971
-0.0526978
-0.0443633
-0.0360445
-0.0279182
-0.0202021
-0.013153
-0.00705216
-0.00217094
0.00129244
0.00329305
0.00407806
0.00420094
0.00389244
0.00322095
0.00226996
0.00113813
-4.34417e-05
-0.00110484
-0.00182133
-0.00191742
-0.00107832
0.00101167
0.00461069
0.00982839
0.0165037
0.0241083
0.0320996
0.0402566
0.0483835
0.0562581
0.0636692
0.0704297
0.07642
0.0815976
0.0858117
0.088792
0.0902855
0.0901422
0.0884041
0.0854691
0.0820664
0.0783958
0.0745496
0.0706306
0.0667014
0.0627972
0.0589132
0.0550151
0.0510379
0.0468991
0.0425017
0.037753
0.0325784
0.026949
0.0209107
0.0146101
0.00818171
0.00164698
-0.00500113
-0.0117759
-0.0186997
-0.0257884
-0.0330404
-0.0404157
-0.0478199
-0.0550864
-0.0619732
-0.0681646
-0.0732959
-0.0769965
-0.078965
-0.0790688
-0.0774869
-0.0748115
-0.0716303
-0.0681202
-0.0643952
-0.0605652
-0.0567076
-0.0528732
-0.0490847
-0.0453469
-0.0416492
-0.0379745
-0.0343019
-0.0306113
-0.0268842
-0.0231065
-0.0192688
-0.0153703
-0.0114181
-0.00743293
-0.00344967
0.000478659
0.00428265
0.00787776
0.0111732
0.0140821
0.0165456
0.0185554
0.0201973
0.0216529
0.0230045
0.0242806
0.0255074
0.0267046
0.0278881
0.0290694
0.0302602
0.0314739
0.0327291
0.0340497
0.0354643
0.037001
0.0386817
0.0405096
0.0424603
0.0445084
0.0466533
0.0488865
0.0511802
0.053482
0.0557102
0.0577517
0.0594647
0.0606906
0.0612735
0.061095
0.0601177
0.0584528
0.056385
0.0541104
0.0516911
0.0491754
0.0466072
0.0440225
0.0414503
0.0389168
0.0364463
0.0340654
0.0318008
0.0296783
0.0277141
0.0259076
0.0242242
0.0225961
0.0209944
0.0194126
0.0178466
0.0162966
0.0147649
0.0132558
0.011772
0.0103142
0.00887488
0.00743792
0.005975
0.00444614
0.00279951
0.000977046
-0.00107964
-0.00341306
-0.00603838
-0.00891525
-0.0119403
-0.0150421
-0.0181996
-0.0213967
-0.0246194
-0.027856
-0.0310979
-0.0343367
-0.0375642
-0.0407694
-0.0439403
-0.0470626
-0.0501237
-0.0531126
-0.0560267
-0.0588741
-0.0616788
-0.0644848
-0.067353
-0.0703141
-0.0733695
-0.0764885
-0.0796
-0.0825825
-0.0852632
-0.0874238
-0.0888203
-0.0892159
-0.0884372
-0.0864424
-0.0834349
-0.0798748
-0.0759592
-0.0717529
-0.0673302
-0.0627729
-0.0581812
-0.0536793
-0.0494228
-0.0455985
-0.0424136
-0.0400706
-0.0387198
-0.0384018
-0.0389454
-0.0399648
-0.0412928
-0.0427403
-0.0440172
-0.0447569
-0.0445183
-0.0428306
-0.0392479
-0.0334593
-0.025408
-0.0155035
-0.00464396
0.00668414
0.0181863
0.0295181
0.040317
0.0502153
0.0588914
0.0661155
0.0718303
0.0762597
0.0799544
0.0832966
0.0864174
0.0894091
0.0923475
0.0952796
0.0982303
0.101206
0.104207
0.107232
0.110288
0.113387
0.116553
0.119811
0.123179
0.126694
0.130382
0.134234
0.1382
0.14216
0.145923
0.149221
0.151716
0.153031
0.152805
0.150769
0.146857
0.141361
0.134988
0.128217
0.121179
0.113942
0.106516
0.0988479
0.0908192
0.0822716
0.07303
0.062958
0.0520094
0.0403212
0.028219
0.0158399
0.00322426
-0.00957155
-0.0224861
-0.0354363
-0.048318
-0.0609921
-0.0732891
-0.0849861
-0.0958111
-0.105481
-0.113771
-0.12058
-0.126067
-0.130657
-0.134446
-0.137358
-0.139345
-0.140413
-0.140697
-0.140496
-0.140095
-0.139576
-0.138984
-0.138358
-0.137726
-0.137097
-0.136472
-0.135841
-0.135185
-0.134482
-0.133707
-0.132836
-0.131853
-0.130751
-0.129542
-0.128266
-0.126975
-0.125691
-0.124429
-0.123198
-0.122
-0.120822
-0.119638
-0.118406
-0.11707
-0.115559
-0.113797
-0.111714
-0.109255
-0.106407
-0.103215
-0.0998247
-0.0964593
-0.0931467
-0.0898288
-0.0863903
-0.0826371
-0.0783124
-0.0731112
-0.0667275
-0.0589158
-0.0495749
-0.0388563
-0.0272721
-0.0158628
-0.00609018
0.00149515
0.0072347
0.0120916
0.0164831
0.0205633
0.0245322
0.0285893
0.032917
0.0376444
0.0428306
0.0484241
0.0542703
0.0602922
0.0664536
0.0727132
0.0790247
0.0853376
0.0915909
0.0977084
0.103597
0.109152
0.114254
0.118765
0.122567
0.125605
0.127937
0.129791
0.131471
0.133044
0.134521
0.135894
0.137114
0.138106
0.138768
0.138995
0.138705
0.137875
0.136589
0.135049
0.13335
0.131529
0.129636
0.127726
0.125859
0.1241
0.122514
0.121161
0.120086
0.1193
0.118757
0.118348
0.117976
0.117531
0.11687
0.115818
0.114188
0.1118
0.10853
0.10435
0.0994212
0.0940961
0.0885358
0.0828033
0.0769696
0.0711027
0.0652759
0.0595631
0.0540455
0.0488028
0.0439116
0.0394246
0.035356
0.0316402
0.0281246
0.0247049
0.0213529
0.0180482
0.0147757
0.0115228
0.00828401
0.00504943
0.00180828
-0.00145768
-0.00477213
-0.00816759
-0.0116791
-0.0153423
-0.0191799
-0.0231966
-0.0273569
-0.0315873
-0.035848
-0.0401198
-0.044382
-0.0486195
-0.0528198
-0.056983
-0.0611179
-0.0652478
-0.069407
-0.0736424
-0.0780064
-0.0825509
-0.087313
-0.092303
-0.0974838
-0.102752
-0.107929
-0.112816
-0.117171
-0.120726
-0.123215
-0.124443
-0.124349
-0.123122
-0.121238
-0.119031
-0.11661
-0.114059
-0.111447
-0.108824
-0.106217
-0.103633
-0.101067
-0.0985051
-0.0959307
-0.0933254
-0.0906723
-0.087955
-0.0851582
-0.0822664
-0.0792653
-0.0761427
-0.0728968
-0.0695375
-0.0660141
-0.0621479
-0.0576955
-0.0523804
-0.0459299
-0.0381355
-0.0289317
-0.0184985
-0.00736744
0.00343837
0.0124572
0.01887
0.0229344
0.0256802
0.0277795
0.0293696
0.0305423
0.0313743
0.0318964
0.0320928
0.0319163
0.0313185
0.0302894
0.028913
0.0273847
0.0258356
0.024382
0.0231725
0.0223728
0.0221462
0.0226173
0.0238307
0.0256809
0.0279044
0.0303905
0.0331
0.0359754
0.0389392
0.0418844
0.0446713
0.0471228
0.0490316
0.0501775
0.0503585
0.0494453
0.0474433
0.0446037
0.041407
0.0379857
0.0344074
0.0307576
0.0271061
0.0235187
0.020047
0.0167355
0.0136138
0.0106962
0.00796864
0.00537755
0.00282691
0.00026538
-0.00233327
-0.00498517
-0.00769265
-0.0104375
-0.0131789
-0.0158496
-0.0183579
-0.0205913
-0.0224289
-0.023758
-0.0245036
-0.0246601
-0.024348
-0.0238151
-0.0231806
-0.0224922
-0.0217892
-0.0210929
-0.0204059
-0.0197073
-0.0189572
-0.0180992
-0.0170702
-0.0158099
-0.0142774
-0.0124688
-0.0104379
-0.00832263
-0.00634516
-0.00469321
-0.0035302
-0.00299782
-0.00317554
-0.00403244
-0.00537072
-0.0069165
-0.00860013
-0.0103925
-0.0122673
-0.0142155
-0.0162379
-0.0183409
-0.0205242
-0.0227705
-0.0250326
-0.027225
-0.0292194
-0.0308471
-0.0319123
-0.0322175
-0.0316043
-0.0300091
-0.0275394
-0.0245305
-0.0213374
-0.0181304
-0.0150669
-0.012311
-0.0100038
-0.00823962
-0.00703367
-0.00627236
-0.0057236
-0.00533001
-0.0050662
-0.00489715
-0.00479046
-0.0047068
-0.00459699
-0.00439391
-0.0040111
-0.00334269
-0.00227327
-0.000693125
0.0014718
0.00422489
0.0074399
0.010866
0.0144302
0.0180842
0.0217596
0.0253833
0.028873
0.0321444
0.0351158
0.0377231
0.039936
0.0417876
0.0433943
0.0448752
0.0462734
0.0476271
0.0489836
0.0503936
0.05191
0.0535838
0.0554567
0.0575504
0.0598525
0.0622966
0.0647575
0.0671148
0.0692194
0.0708903
0.0719362
0.072181
0.0715112
0.069927
0.0676349
0.0650336
0.062226
0.0592597
0.0561953
0.0530814
0.0499659
0.0468939
0.0439147
0.0410829
0.0384588
0.0361022
0.0340616
0.0323559
0.0309492
0.0297324
0.0285997
0.0275254
0.0264971
0.0255038
0.024539
0.0235982
0.0226764
0.0217656
0.0208505
0.0199074
0.0189031
0.0177972
0.0165451
0.0151061
0.0134521
0.0115833
0.00954103
0.007421
0.00532058
0.00328861
0.00135492
-0.000471382
-0.00221773
-0.00395517
-0.00580854
-0.00795369
-0.0106109
-0.0140191
-0.0184032
-0.0239113
-0.0305494
-0.0380646
-0.04595
-0.053945
-0.0617784
-0.0691002
-0.0755302
-0.0806863
-0.084252
-0.0860574
-0.0861982
-0.0851617
-0.0836192
-0.0817664
-0.0797119
-0.0775647
-0.0753949
-0.0732425
-0.0711134
-0.0689908
-0.0668395
-0.0646179
-0.062284
-0.0598075
-0.0571768
-0.054414
-0.0515733
-0.0486737
-0.0457133
-0.0426873
-0.039588
-0.0364097
-0.0331542
-0.0298395
-0.026507
-0.0232293
-0.0201137
-0.0173013
-0.0149565
-0.0132475
-0.0123136
-0.0122196
-0.0128913
-0.0140678
-0.015475
-0.0169948
-0.0185149
-0.0199044
-0.0210309
-0.0217704
-0.0220236
-0.0217409
-0.0209539
-0.0198133
-0.0185232
-0.0171421
-0.0156992
-0.0142222
-0.0127257
-0.0112163
-0.00969382
-0.00815737
-0.00660906
-0.00506033
-0.00353474
-0.00207144
-0.000722997
0.000446907
0.00137242
0.00199759
0.00229551
0.00229306
0.0020902
0.00178245
0.00138811
0.000913186
0.000365572
-0.000246563
-0.000908415
-0.00159393
-0.00225889
-0.00283808
-0.00324265
-0.00336504
-0.0030897
-0.00231229
-0.000968868
0.000925363
0.00323085
0.00574224
0.00838478
0.0110897
0.0137637
0.0162996
0.0185777
0.0204766
0.021886
0.0227326
0.0230096
0.0228284
0.0224213
0.0218976
0.0213002
0.0206681
0.02003
0.0194049
0.0187994
0.0182105
0.0176264
0.0170289
0.0163953
0.0157018
0.0149258
0.0140513
0.013073
0.0120042
0.0108804
0.00974056
0.00860558
0.00749396
0.00642089
0.00539444
0.0044107
0.0034503
0.00247421
0.00142237
0.000213321
-0.00125055
-0.00307364
-0.00534922
-0.00813471
-0.0114166
-0.0150706
-0.018922
-0.0229395
-0.0271131
-0.0314211
-0.035833
-0.0402986
-0.0447408
-0.0490474
-0.0530694
-0.0566258
-0.0595197
-0.0615661
-0.0626369
-0.0627172
-0.0619903
-0.0608641
-0.0596236
-0.0583596
-0.0571116
-0.0558658
-0.0545398
-0.0529766
-0.0509532
-0.0481995
-0.0444383
-0.0394384
-0.0330947
-0.0255211
-0.017161
-0.00863435
-0.000264214
0.00765894
0.0148358
0.0210326
0.0261308
0.0302153
0.0336233
0.0367048
0.0395797
0.0423378
0.045066
0.0478324
0.0506833
0.0536405
0.0566987
0.0598276
0.0629676
0.0660308
0.0689012
0.0714411
0.0735022
0.074946
0.0756752
0.0756748
0.0750774
0.0741686
0.0730736
0.0718336
0.070488
0.0690714
0.0676183
0.0661658
0.0647607
0.0634621
0.0623437
0.0614873
0.0609743
0.0608643
0.061172
0.061827
0.0626642
0.0635646
0.0644153
0.0650709
0.0653621
0.0651103
0.0641548
0.0623899
0.0598143
0.0566087
0.05313
0.0495081
0.0458478
0.0422826
0.0389502
0.0359878
0.0335134
0.0316051
0.0302708
0.0294
0.0287615
0.0282458
0.0278096
0.0274136
0.027028
0.0266319
0.0262146
0.0257721
0.0253065
0.0248231
0.0243308
0.0238392
0.02336
0.0229051
0.0224871
0.022116
0.0217984
0.0215323
0.021306
0.0210903
0.020838
0.0204806
0.0199313
0.0190899
0.0178556
0.0161461
0.0139268
0.0112463
0.00826701
0.00514875
0.00194006
-0.00132886
-0.00462805
-0.00793665
-0.0112381
-0.0145239
-0.0177877
-0.0210263
-0.0242356
-0.0274135
-0.0305584
-0.0336733
-0.0367656
-0.0398424
-0.0429
-0.0459352
-0.0489456
-0.0519338
-0.0549067
-0.0578788
-0.060869
-0.0639032
-0.0670082
-0.0702082
-0.0735155
-0.076923
-0.0803933
-0.0838503
-0.087171
-0.0901869
-0.0926893
-0.0944496
-0.0952511
-0.094943
-0.0935041
-0.091149
-0.0883353
-0.0852691
-0.0820208
-0.0786523
-0.0752071
-0.0717136
-0.0681858
-0.0646334
-0.0610699
-0.0575222
-0.0540376
-0.0506883
-0.0475697
-0.0447929
-0.0424694
-0.0406841
-0.0394644
-0.038723
-0.0382537
-0.037975
-0.0378678
-0.037904
-0.0380451
-0.0382328
-0.0383847
-0.038385
-0.0380858
-0.0373109
-0.0358752
-0.0336129
-0.0304265
-0.0263467
-0.0216087
-0.0165452
-0.0112555
-0.00581064
-0.000308982
0.00514291
0.0104217
0.0153956
0.0199263
0.0238896
0.0271974
0.0298358
0.0319174
0.0337028
0.0353735
0.036993
0.0385997
0.0402144
0.0418293
0.0434066
0.0448784
0.0461533
0.0471247
0.0476883
0.0477635
0.0473241
0.0464404
0.0452959
0.0440185
0.0426515
0.0412284
0.0397779
0.0383202
0.0368673
0.0354243
0.0339913
0.0325663
0.0311467
0.0297312
0.0283203
0.0269172
0.0255266
0.0241543
0.0228058
0.0214843
0.0201887
0.0189108
0.0176348
0.0163511
0.0150588
0.0137616
0.0124683
0.0111929
0.00995297
0.00876783
0.00765385
0.00661963
0.00565939
0.0047471
0.00383119
0.00283236
0.00164525
0.000146909
-0.00178742
-0.0042592
-0.00731259
-0.010893
-0.0147949
-0.0186391
-0.0220251
-0.0245727
-0.0258922
-0.0256386
-0.0236084
-0.0198573
-0.0148409
-0.00920279
-0.00310828
0.00334984
0.0100489
0.0168643
0.0236495
0.0302324
0.0364027
0.0419166
0.0465113
0.0499409
0.0520359
0.0527797
0.0524359
0.0515588
0.0503996
0.0490482
0.0475852
0.0460701
0.0445431
0.0430224
0.0415122
0.0400068
0.0384983
0.0369814
0.0354584
0.033941
0.0324518
0.0310229
0.0296919
0.028497
0.0274676
0.0266138
0.0259107
0.0252932
0.0247149
0.0241606
0.0236187
0.0230813
0.0225454
0.022014
0.0214945
0.0209974
0.0205334
0.0201106
0.0197294
0.0193789
0.0190326
0.0186461
0.0181551
0.0174786
0.0165248
0.0152049
0.0134509
0.0112419
0.00864211
0.00581564
0.00287748
-0.000131635
-0.00317972
-0.00623759
-0.00928501
-0.01231
-0.0153098
-0.0182895
-0.0212619
-0.0242449
-0.0272611
-0.0303317
-0.033476
-0.0367039
-0.0400103
-0.0433675
-0.0467203
-0.0499804
-0.0530269
-0.0557102
-0.0578676
-0.0593446
-0.0600338
-0.0599198
-0.0591545
-0.0580624
-0.0567927
-0.0554003
-0.0539359
-0.0524371
-0.0509303
-0.0494284
-0.0479362
-0.0464524
-0.0449746
-0.0435022
-0.0420393
-0.0405947
-0.0391832
-0.0378234
-0.0365346
-0.0353327
-0.0342237
-0.0331967
-0.0322176
-0.0312539
-0.0302984
-0.0293505
-0.0284132
-0.0274951
-0.0266086
-0.0257686
-0.0249874
-0.0242705
-0.0236101
-0.0229795
-0.0223272
-0.021574
-0.0206137
-0.0193203
-0.0175604
-0.0152174
-0.0122252
-0.00861243
-0.00455311
-0.000296873
0.00406028
0.0084356
0.0127296
0.0168417
0.0206755
0.0241508
0.0272204
0.0298903
0.0322541
0.0344899
0.0366736
0.0388155
0.0409043
0.0429003
0.0447379
0.0463289
0.0475763
0.048392
0.0487252
0.0485961
0.0481347
0.0475235
0.0468136
0.0460339
0.0452163
0.0443838
0.0435532
0.0427333
0.0419279
0.0411359
0.0403539
0.0395768
0.0387988
0.0380144
0.0372182
0.0364058
0.035574
0.0347217
0.0338504
0.0329653
0.0320752
0.0311942
0.030339
0.0295285
0.0287799
0.0281052
0.0275039
0.0269581
0.0264242
0.0258302
0.0250709
0.0240129
0.0225031
0.0203892
0.0175485
0.0139316
0.00961887
0.0048651
-8.13899e-05
-0.00514841
-0.0102972
-0.0154972
-0.0207403
-0.0260348
-0.0314039
-0.036873
-0.0424617
-0.0481759
-0.0540195
-0.059967
-0.0659527
-0.0718603
-0.0775216
-0.0827176
-0.0871986
-0.0907119
-0.0930525
-0.0941302
-0.0940663
-0.0932616
-0.0921141
-0.0907439
-0.0892284
-0.0876415
-0.086035
-0.0844421
-0.0828773
-0.0813426
-0.0798309
-0.0783318
-0.0768334
-0.0753257
-0.0738011
-0.0722557
-0.0706884
-0.0691013
-0.0674989
-0.0658886
-0.0642795
-0.0626833
-0.0611129
-0.059583
-0.058107
-0.0566967
-0.0553574
-0.0540865
-0.0528646
-0.0516579
-0.0504481
-0.0492281
-0.0479938
-0.0467476
-0.0454976
-0.0442602
-0.0430558
-0.0419084
-0.0408391
-0.0398618
-0.0389729
-0.0381449
-0.0373159
-0.0363871
-0.0352176
-0.0336319
-0.0314342
-0.0284371
-0.0245036
-0.0196037
-0.0139023
-0.00777126
-0.00137795
0.00521096
0.0119223
0.0186789
0.0253991
0.0319945
0.0383711
0.0444282
0.0500731
0.0552335
0.059885
0.064082
0.0679976
0.0718543
0.0757201
0.079617
0.083543
0.0874509
0.0912468
0.094787
0.0978888
0.100348
0.101969
0.102614
0.102261
0.101093
0.0995113
0.0977005
0.0957311
0.0936687
0.0915646
0.0894569
0.087367
0.085305
0.0832712
0.0812615
0.0792683
0.0772833
0.0752969
0.0732999
0.0712801
0.0692243
0.0671161
0.0649383
0.0626739
0.0603107
0.0578462
0.0552974
0.0527021
0.0500863
0.0474566
0.044818
0.0421724
0.0395209
0.036862
0.0341951
0.0315188
0.0288343
0.0261453
0.0234605
0.0207925
0.0181595
0.0155829
0.0130871
0.010694
0.00841952
0.00626595
0.00421404
0.00221589
0.000232885
-0.00173063
-0.00364987
-0.00548657
-0.00718539
-0.00868038
-0.00990222
-0.0107944
-0.0113316
-0.0115485
-0.0115583
-0.0114734
-0.0113264
-0.0111374
-0.0109243
-0.0106987
-0.0104659
-0.0102268
-0.00997906
-0.00972093
-0.00945304
-0.00918131
-0.00891837
-0.00868516
-0.00850989
-0.00842689
-0.00847147
-0.00867471
-0.00905286
-0.0095963
-0.0102546
-0.0109606
-0.011699
-0.0124669
-0.0132618
-0.0140869
-0.0149467
-0.0158454
-0.0167817
-0.017745
-0.0187101
-0.0196339
-0.0204536
-0.021089
-0.0214486
-0.021442
-0.0210003
-0.0201021
-0.0188154
-0.0173037
-0.0156413
-0.0138623
-0.0120136
-0.010155
-0.00836317
-0.0067304
-0.00536376
-0.00437608
-0.00387231
-0.00392368
-0.00453734
-0.00560367
-0.00689305
-0.00830608
-0.00981446
-0.011396
-0.0130377
-0.0147329
-0.0164773
-0.0182619
-0.0200657
-0.0218484
-0.0235457
-0.0250685
-0.0263061
-0.0271382
-0.0274528
-0.0271775
-0.0263141
-0.0249994
-0.0234965
-0.0218761
-0.0201723
-0.0184254
-0.0166633
-0.0149066
-0.0131649
-0.0114407
-0.00972978
-0.00802433
-0.0063142
-0.00458891
-0.00283895
-0.00105798
0.000755728
0.00259719
0.004453
0.00629965
0.00810228
0.00981632
0.0113898
0.0127689
0.0139076
0.014781
0.0154034
0.0158481
0.016216
0.0165361
0.0168242
0.0170965
0.0173638
0.0176329
0.017906
0.0181824
0.0184595
0.0187343
0.0190043
0.0192684
0.0195276
0.0197852
0.0200465
0.0203184
0.0206078
0.0209203
0.0212582
0.0216178
0.0219875
0.0223453
0.0226583
0.0228826
0.0229668
0.0228571
0.0225071
0.0218913
0.0210238
0.0199777
0.0188546
0.0176829
0.0164786
0.0152576
0.014031
0.0128054
0.0115832
0.0103638
0.00914481
0.0079231
0.00669679
0.00546497
0.00422932
0.00299386
0.00176565
0.000553371
-0.000632633
-0.00178275
-0.00288905
-0.00394906
-0.00496768
-0.00596203
-0.00695933
-0.00797329
-0.00901265
-0.0100824
-0.0111782
-0.0122853
-0.0133739
-0.0143993
-0.0153017
-0.0160103
-0.0164513
-0.0165605
-0.0163024
-0.0156951
-0.0148384
-0.0138689
-0.0128165
-0.0116904
-0.0105007
-0.00925221
-0.00795077
-0.00660726
-0.00524478
-0.0039041
-0.00264862
-0.00156514
-0.000760685
-0.000351573
-0.000446255
-0.00111568
-0.00235967
-0.00404728
-0.00592607
-0.00793812
-0.0100643
-0.0122793
-0.0145655
-0.0169049
-0.0192763
-0.0216465
-0.0239659
-0.0261632
-0.0281463
-0.0298075
-0.0310371
-0.031745
-0.0318916
-0.0315306
-0.0308414
-0.0300012
-0.0290634
-0.028062
-0.0270306
-0.0259927
-0.0249641
-0.0239517
-0.0229557
-0.0219711
-0.020989
-0.019998
-0.0189854
-0.0179375
-0.0168419
-0.0156887
-0.0144732
-0.013199
-0.0118833
-0.0105552
-0.00922612
-0.00790251
-0.00658961
-0.00528797
-0.00399341
-0.00269481
-0.00137442
-7.30185e-06
0.0014363
0.00298897
0.00468031
0.00652931
0.00853347
0.0106566
0.0128481
0.015105
0.0174315
0.0198279
0.0222889
0.0247975
0.0273203
0.0298022
0.0321638
0.0343027
0.0360997
0.0374332
0.0382014
0.038355
0.0379385
0.0371372
0.036201
0.0352068
0.0341932
0.033186
0.0321799
0.031136
0.0299786
0.0286002
0.0268703
0.0246534
0.0218371
0.0183676
0.0143054
0.00984806
0.00513129
0.000199074
-0.00489339
-0.0100649
-0.0152022
-0.0201572
-0.0247446
-0.0287506
-0.0319524
-0.0341548
-0.035245
-0.0352672
-0.0345083
-0.0333709
-0.0319629
-0.0303499
-0.0286199
-0.0268647
-0.0251919
-0.0237227
-0.0225954
-0.0219562
-0.0219442
-0.0226605
-0.0241288
-0.0262316
-0.0286884
-0.0313059
-0.0340224
-0.0367963
-0.0395983
-0.042418
-0.045263
-0.0481567
-0.0511319
-0.0542224
-0.0574504
-0.0608182
-0.0643316
-0.0679956
-0.0717904
-0.075659
-0.0794989
-0.0831557
-0.0864246
-0.0890601
-0.0908023
-0.0914146
-0.0907512
-0.088828
-0.0859535
-0.0827042
-0.0792411
-0.0756359
-0.0719639
-0.0682591
-0.0645263
-0.0607296
-0.0568079
-0.052679
-0.048261
-0.0434871
-0.0383345
-0.0328538
-0.0271866
-0.0214447
-0.0156928
-0.00999551
-0.00442136
0.000972775
0.00614741
0.0110953
0.0158582
0.0205245
0.0251046
0.0295909
0.0339707
0.0382255
0.0423346
0.0462835
0.0500746
0.0537384
0.0572788
0.0606278
0.0636865
0.0663482
0.0685079
0.0700923
0.0710914
0.0716161
0.0719009
0.0720533
0.072112
0.0721145
0.0720899
0.0720612
0.072042
0.0720411
0.0720619
0.0721054
0.072169
0.0722483
0.0723349
0.0724161
0.0724728
0.0724797
0.0724051
0.0722141
0.0718722
0.0713538
0.0706518
0.0697933
0.0688453
0.067854
0.0668341
0.0657964
0.06475
0.0637007
0.0626514
0.061603
0.0605547
0.0595055
0.0584546
0.057402
0.0563493
0.0552991
0.0542551
0.053221
0.0521999
0.0511925
0.0501961
0.0492025
0.0481984
0.0471626
0.0460684
0.0448845
0.0435796
0.0421277
0.0405176
0.038764
0.0369173
0.0350268
0.0331074
0.0311685
0.0292198
0.0272679
0.0253176
0.023371
0.0214308
0.0194965
0.017568
0.0156438
0.0137229
0.011802
0.00987725
0.00794256
0.00599108
0.00401353
0.00200048
-5.73638e-05
-0.00216561
-0.00432495
-0.00652538
-0.00874618
-0.010974
-0.0132093
-0.0154558
-0.0177205
-0.0200116
-0.0223383
-0.0247064
-0.0271158
-0.0295547
-0.0319977
-0.0344009
-0.0367023
-0.0388222
-0.0406712
-0.0421609
-0.043224
-0.0438377
-0.0440637
-0.0440607
-0.04394
-0.0437394
-0.0434904
-0.0432226
-0.0429608
-0.042724
-0.0425254
-0.0423718
-0.0422625
-0.0421871
-0.0421243
-0.0420387
-0.0418804
-0.0415854
-0.0410794
-0.0402866
-0.039142
-0.0376123
-0.0357203
-0.0335757
-0.0313271
-0.0290183
-0.0266721
-0.0243108
-0.021946
-0.0195817
-0.0172127
-0.0148285
-0.0124152
-0.00996134
-0.00746061
-0.00491822
-0.00235445
0.000190612
0.00265619
0.00496094
0.00700902
0.00870012
0.00994769
0.0107041
0.0109941
0.0109526
0.0107658
0.0104869
0.0101449
0.00977026
0.00938426
0.00900109
0.00862699
0.00826318
0.00790686
0.00755392
0.00720004
0.00684198
0.00647817
0.00610881
0.00573579
0.00536237
0.00499217
0.00462866
0.00427382
0.00392768
0.00358662
0.00324319
0.00288524
0.00249648
0.00205709
0.00154609
0.00094437
0.000240364
-0.000564494
-0.001445
-0.00235441
-0.00328099
-0.00422123
-0.00517183
-0.00613323
-0.00710753
-0.00809881
-0.00911043
-0.0101433
-0.0111928
-0.012247
-0.0132845
-0.0142732
-0.0151715
-0.0159312
-0.0165033
-0.016848
-0.0169476
-0.0168256
-0.0165595
-0.0162268
-0.0158506
-0.0154461
-0.015028
-0.0146065
-0.0141885
-0.0137772
-0.0133729
-0.0129743
-0.0125787
-0.0121829
-0.0117839
-0.0113785
-0.0109646
-0.0105405
-0.0101063
-0.00966382
-0.00921737
-0.00877425
-0.00834503
-0.00794336
-0.00758535
-0.00728769
-0.00706502
-0.00692553
-0.00686561
-0.00686318
-0.00688788
-0.00693241
-0.00699357
-0.00706734
-0.00715043
-0.00723917
-0.00732928
-0.00741526
-0.00749037
-0.00754676
-0.00757675
-0.00757449
-0.00753854
-0.00747478
-0.00739956
-0.00734223
-0.00734677
-0.00747098
-0.0077829
-0.00835303
-0.00924205
-0.0104822
-0.0120537
-0.0138578
-0.0157587
-0.0177148
-0.0197014
-0.0216942
-0.0236775
-0.0256441
-0.0275963
-0.0295448
-0.0315078
-0.0335071
-0.0355652
-0.0376993
-0.0399157
-0.0422025
-0.0445227
-0.0468082
-0.0489569
-0.050834
-0.0522808
-0.0531321
-0.0532454
-0.0525431
-0.0510672
-0.0490423
-0.0467788
-0.0443665
-0.0418569
-0.0393034
-0.0367433
-0.034201
-0.0316862
-0.0291965
-0.0267202
-0.0242392
-0.0217327
-0.0191805
-0.0165667
-0.0138842
-0.0111399
-0.00835876
-0.00558823
-0.00290066
-0.000392933
0.00181924
0.00361282
0.0048765
0.00553977
0.00560946
0.00522886
0.00466755
0.00399751
0.00324991
0.00245818
0.0016398
0.00080186
-6.00143e-05
-0.000954522
-0.00189055
-0.00286897
-0.00387685
-0.00488086
-0.00582396
-0.00662492
-0.00718123
-0.00737957
-0.00711213
-0.00630344
-0.00494185
-0.00313189
-0.00109781
0.00105643
0.00329229
0.00557438
0.00787726
0.0101841
0.0124897
0.0147955
0.0171094
0.0194387
0.0217902
0.0241642
0.0265527
0.0289359
0.0312826
0.0335494
0.0356853
0.0376355
0.0393531
0.0408116
0.0420227
0.0430563
0.0440109
0.0449156
0.0457888
0.0466496
0.0475133
0.0483911
0.0492892
0.0502081
0.0511434
0.0520847
0.0530163
0.0539161
0.0547583
0.0555137
0.0561544
0.0566581
0.0570156
0.0572395
0.0573778
0.0575085
0.0576546
0.0578201
0.0579971
0.0581576
0.0582528
0.0582125
0.0579495
0.0573701
0.0563876
0.0549475
0.0530535
0.050815
0.0484379
0.0459791
0.0434646
0.0409232
0.0383705
0.0358139
0.033249
0.0306663
0.0280517
0.0253939
0.0226882
0.0199439
0.0171872
0.0144668
0.0118542
0.00944289
0.00733976
0.00565303
0.00446958
0.00382776
0.00367362
0.00383344
0.00413736
0.00454075
0.00502054
0.00555801
0.00614437
0.00677727
0.00745573
0.00817348
0.00891153
0.00963164
0.010271
0.0107417
0.0109331
0.0107241
0.00999864
0.00867654
0.00674767
0.00433075
0.00167546
-0.00111622
-0.00402606
-0.00704524
-0.0101788
-0.0134373
-0.0168298
-0.020348
-0.0239525
-0.0275563
-0.0310139
-0.034116
-0.0365972
-0.0381585
-0.0385076
-0.0374285
-0.034865
-0.031059
-0.0265691
-0.021666
-0.0164868
-0.0112011
-0.00600294
-0.00111256
0.0032355
0.00680559
0.0093911
0.0108626
0.0112286
0.0107428
0.00988707
0.00879017
0.00751545
0.00614431
0.00474769
0.00339973
0.00217353
0.00114909
0.000408419
3.16557e-05
8.01199e-05
0.000575823
0.00146632
0.00260191
0.00383982
0.00514761
0.00651381
0.00793223
0.0094054
0.0109398
0.0125401
0.0142016
0.0159013
0.0175913
0.019193
0.0205961
0.0216631
0.0222431
0.0221923
0.0214115
0.0198871
0.0177625
0.015342
0.0127667
0.0100887
0.00735456
0.00459558
0.00182999
-0.000940987
-0.00372633
-0.00654279
-0.00940618
-0.0123267
-0.0152998
-0.0183018
-0.0212817
-0.0241622
-0.0268383
-0.0291856
-0.0310738
-0.0323899
-0.0330717
-0.0331501
-0.0327988
-0.0322585
-0.0315973
-0.0308528
-0.0300648
-0.0292611
-0.0284607
-0.0276728
-0.0269001
-0.0261403
-0.0253892
-0.0246419
-0.0238943
-0.0231433
-0.0223872
-0.0216248
-0.0208557
-0.0200792
-0.0192947
-0.0185009
-0.0176969
-0.0168829
-0.0160605
-0.0152342
-0.0144128
-0.0136093
-0.0128416
-0.0121315
-0.0115024
-0.0109763
-0.0105667
-0.0102731
-0.0100684
-0.00990061
-0.00975594
-0.0096278
-0.0095086
-0.00939306
-0.00927738
-0.00915971
-0.00903951
-0.00891708
-0.00879325
-0.008669
-0.00854526
-0.00842276
-0.00830188
-0.00818299
-0.00806614
-0.00795126
-0.00783816
-0.00772657
-0.00761604
-0.00750597
-0.00739551
-0.00728368
-0.00716943
-0.00705165
-0.00692956
-0.00680297
-0.00667273
-0.00654104
-0.00641192
-0.00629131
-0.00618707
-0.00610841
-0.006065
-0.00606512
-0.0061133
-0.00620707
-0.00633324
-0.00647357
-0.00662293
-0.00677841
-0.00693693
-0.00709644
-0.00725553
-0.00741361
-0.00757069
-0.00772723
-0.00788391
-0.00804153
-0.00820073
-0.0083621
-0.00852581
-0.00869172
-0.00885925
-0.00902745
-0.00919481
-0.00935973
-0.00952045
-0.00967554
-0.00982422
-0.00996681
-0.0101051
-0.0102427
-0.010385
-0.0105389
-0.0107118
-0.0109106
-0.0111392
-0.0113968
-0.0116742
-0.0119522
-0.0121991
-0.0123704
-0.0124101
-0.0122556
-0.0118462
-0.0111363
-0.010113
-0.00882253
-0.00738017
-0.00586439
-0.00429867
-0.00269835
-0.00107455
0.000567793
0.00222837
0.00390943
0.00561144
0.00733062
0.00905439
0.0107591
0.0124078
0.0139518
0.0153337
0.0164949
0.0173865
0.0179862
0.0183201
0.0184794
0.0185555
0.0185776
0.0185666
0.0185439
0.0185271
0.0185294
0.0185589
0.0186174
0.0187
0.0187938
0.018877
0.0189182
0.0188772
0.0187073
0.0183607
0.017796
0.0169911
0.0159587
0.0147646
0.0134991
0.0121886
0.0108471
0.00949028
0.00812895
0.00677128
0.0054214
0.00408133
0.00275046
0.00142729
0.000108432
-0.00121013
-0.00253373
-0.00386802
-0.00522054
-0.00659846
-0.00800776
-0.00945003
-0.0109212
-0.0124079
-0.0138852
-0.0153146
-0.0166449
-0.0178138
-0.0187552
-0.019408
-0.0197342
-0.0197367
-0.0194928
-0.0191488
-0.018743
-0.0182919
-0.0178138
-0.0173187
-0.0168124
-0.0162951
-0.0157654
-0.0152224
-0.0146694
-0.0141159
-0.0135807
-0.0130916
-0.0126855
-0.0124045
-0.0122905
-0.0123759
-0.0126714
-0.013148
-0.0137307
-0.0143666
-0.0150381
-0.0157309
-0.0164324
-0.0171328
-0.0178264
-0.0185106
-0.0191867
-0.0198593
-0.0205366
-0.0212297
-0.0219528
-0.0227218
-0.0235523
-0.0244566
-0.025438
-0.0264865
-0.0275944
-0.0287697
-0.0300184
-0.0313368
-0.0327065
-0.034088
-0.0354166
-0.0365991
-0.0375164
-0.0380314
-0.0380062
-0.0373293
-0.0359527
-0.0339454
-0.0315311
-0.0289316
-0.026211
-0.0234087
-0.0205602
-0.0176887
-0.0148067
-0.0119176
-0.00902106
-0.00611756
-0.00321196
-0.000317743
0.00254113
0.00532949
0.00800409
0.0105181
0.0128306
0.014917
0.0167878
0.0185051
0.0201556
0.0217633
0.0233416
0.0249047
0.0264624
0.0280205
0.0295813
0.031144
0.0327062
0.0342643
0.0358154
0.037358
0.0388928
0.0404228
0.0419543
0.0434958
0.0450574
0.0466487
0.0482767
0.0499424
0.0516377
0.0533414
0.0550172
0.0566123
0.0580584
0.0592771
0.0601892
0.0607304
0.060873
0.0606557
0.0602057
0.0596487
0.0590211
0.0583458
0.0576436
0.0569285
0.0562088
0.0554884
0.0547683
0.0540495
0.0533343
0.0526274
0.0519362
0.0512696
0.0506362
0.0500414
0.0494828
0.0489469
0.0484044
0.0478084
0.0470926
0.0461755
0.0449666
0.0433807
0.0413577
0.0388889
0.0360585
0.0330472
0.0299357
0.0267519
0.0235197
0.0202578
0.0169774
0.0136849
0.0103845
0.00708214
0.00378742
0.000517078
-0.00270517
-0.00584762
-0.00887638
-0.0117591
-0.0144754
-0.0170258
-0.0194505
-0.0218264
-0.0241874
-0.0265611
-0.0289795
-0.0314685
-0.0340445
-0.0367044
-0.0394206
-0.042132
-0.0447402
-0.0471085
-0.0490677
-0.0504317
-0.0510236
-0.0507184
-0.0494947
-0.0475207
-0.0451607
-0.0425789
-0.0398347
-0.0369852
-0.0340784
-0.0311568
-0.0282556
-0.0254103
-0.0226572
-0.0200378
-0.0175942
-0.0153659
-0.0133765
-0.0116217
-0.0100424
-0.00852984
-0.00705602
-0.00560999
-0.00417797
-0.00275194
-0.00132625
0.00010016
0.0015269
0.00295147
0.00437212
0.00578731
0.00719847
0.00860941
0.0100279
0.0114642
0.0129319
0.0144445
0.0160137
0.0176422
0.0193249
0.0210692
0.0228797
0.0247495
0.0266571
0.0285599
0.0303921
0.0320629
0.033461
0.034464
0.0349562
0.0348567
0.0341537
0.0329607
0.0315211
0.0299481
0.0282851
0.0265733
0.0248449
0.0231234
0.0214211
0.019742
0.018081
0.0164278
0.0147655
0.0130738
0.0113291
0.00950773
0.00758726
0.00555278
0.00340133
0.00115398
-0.00114624
-0.0034819
-0.00585017
-0.0082477
-0.0106716
-0.013116
-0.0155714
-0.0180202
-0.020437
-0.0227865
-0.0250255
-0.027106
-0.0289833
-0.030626
-0.0320313
-0.0332454
-0.0343673
-0.0354441
-0.0364953
-0.0375381
-0.0385849
-0.0396414
-0.0407058
-0.0417683
-0.0428118
-0.043813
-0.0447445
-0.045578
-0.0462893
-0.0468646
-0.047309
-0.0476575
-0.0479752
-0.048292
-0.0486145
-0.0489392
-0.0492483
-0.0495082
-0.0496698
-0.0496717
-0.0494474
-0.0489363
-0.0481007
-0.0469458
-0.0455514
-0.0440672
-0.0425352
-0.0409753
-0.0394045
-0.0378271
-0.0362346
-0.0346041
-0.032901
-0.0310815
-0.0291006
-0.0269211
-0.0245257
-0.0219362
-0.0192203
-0.0164242
-0.0135613
-0.0106464
-0.00769917
-0.00474767
-0.00182661
0.00101907
0.00373595
0.00626482
0.00854895
0.0105455
0.0122426
0.0136833
0.0149763
0.0161967
0.0173694
0.018513
0.0196441
0.0207746
0.0219126
0.0230609
0.0242205
0.0253893
0.0265637
0.0277381
0.0289058
0.0300584
0.0311865
0.0322794
0.033327
0.0343208
0.0352563
0.0361358
0.0369733
0.0377956
0.0386241
0.0394553
0.040273
0.0410492
0.0417429
0.0423027
0.0426723
0.042799
0.042649
0.0422233
0.0415858
0.0408595
0.0400819
0.039275
0.0384646
0.0376704
0.0369064
0.0361775
0.0354781
0.0347901
0.034082
0.033309
0.0324141
0.0313333
0.0300029
0.0283726
0.0264218
0.0241839
0.0217631
0.0192635
0.0167187
0.0141507
0.011578
0.0090115
0.00645215
0.00389199
0.00131464
-0.00130203
-0.0039837
-0.00675449
-0.00963184
-0.0126184
-0.0156941
-0.0188118
-0.0219313
-0.0250093
-0.0279936
-0.0308264
-0.033452
-0.0358254
-0.0379288
-0.0397874
-0.0414899
-0.0431532
-0.0448178
-0.0465033
-0.0482187
-0.0499498
-0.051658
-0.0532766
-0.0547136
-0.055858
-0.0565937
-0.0568196
-0.0564798
-0.0556019
-0.0543406
-0.0529111
-0.0513771
-0.0497767
-0.0481496
-0.0465247
-0.0449209
-0.0433453
-0.0417944
-0.0402543
-0.0387021
-0.0371073
-0.0354341
-0.0336449
-0.0317047
-0.0295905
-0.0272983
-0.024859
-0.022342
-0.0197974
-0.0172433
-0.0146911
-0.012144
-0.00959597
-0.00702866
-0.00441279
-0.0017096
0.00112369
0.00412787
0.00732996
0.0107293
0.0142826
0.0179436
0.0216942
0.0255079
0.0293381
0.033118
0.0367583
0.0401504
0.0431734
0.0457108
0.0476743
0.0490372
0.0498839
0.0504295
0.0508256
0.0511263
0.0513759
0.0516154
0.0518771
0.0521828
0.0525421
0.0529519
0.0533943
0.0538358
0.0542255
0.0544963
0.054568
0.0543536
0.0537726
0.0527699
0.0513395
0.0495637
0.0476165
0.0455779
0.043478
0.0413432
0.0391929
0.0370393
0.0348869
0.0327348
0.0305798
0.0284178
0.0262472
0.02407
0.0218949
0.019736
0.0176145
0.0155551
0.0135853
0.0117282
0.00999705
0.00838588
0.00686013
0.00537078
0.00390265
0.00244579
0.000990709
-0.000469676
-0.00193876
-0.00341581
-0.0048952
-0.00636709
-0.00781707
-0.00922785
-0.0105795
-0.0118542
-0.0130391
-0.0141321
-0.0151497
-0.0161283
-0.0170842
-0.0180237
-0.0189523
-0.0198748
-0.0207952
-0.0217169
-0.0226427
-0.0235753
-0.0245175
-0.0254718
-0.0264393
-0.0274197
-0.0284093
-0.0294004
-0.0303794
-0.0313277
-0.0322206
-0.0330305
-0.0337291
-0.034294
-0.0347158
-0.0350093
-0.0352211
-0.0353969
-0.03555
-0.0356881
-0.0358176
-0.0359418
-0.0360614
-0.0361749
-0.0362802
-0.0363755
-0.0364611
-0.0365399
-0.0366187
-0.0367079
-0.0368205
-0.0369708
-0.037171
-0.037427
-0.0377337
-0.0380698
-0.0383932
-0.0386378
-0.0387135
-0.0385105
-0.037911
-0.0368059
-0.0351254
-0.0328711
-0.0301758
-0.0272934
-0.0242928
-0.0212073
-0.0180779
-0.0149344
-0.0118026
-0.00869869
-0.00563683
-0.00262489
0.00033078
0.00322841
0.00607018
0.00886781
0.0116442
0.014424
0.0171985
0.0199456
0.0226314
0.0252116
0.027634
0.0298475
0.0318105
0.0335074
0.0349647
0.0362728
0.0375486
0.0388283
0.0401229
0.0414291
0.042717
0.0439291
0.0449785
0.0457558
0.0461397
0.0460165
0.0453099
0.0440158
0.0422621
0.0403002
0.0381933
0.0359707
0.0336725
0.0313347
0.0289965
0.0266991
0.024491
0.0224265
0.0205656
0.0189651
0.0176677
0.0166843
0.0159677
0.0154024
0.0149094
0.0144637
0.0140476
0.0136454
0.0132469
0.0128458
0.01244
0.0120294
0.0116154
0.0111998
0.0107843
0.0103696
0.00995613
0.00954373
0.00913234
0.00872194
0.00831326
0.00790746
0.00750698
0.00711405
0.00673093
0.00635874
0.00599666
0.00564059
0.00528225
0.00490837
0.00450108
0.00403805
0.00349519
0.0028499
0.00208722
0.00120612
0.00023108
-0.000787755
-0.00182569
-0.00287296
-0.00392159
-0.00496778
-0.00601221
-0.00706174
-0.00812855
-0.00923009
-0.0103864
-0.0116183
-0.0129422
-0.0143648
-0.0158738
-0.0174369
-0.0190387
-0.0206705
-0.0223187
-0.023965
-0.0255848
-0.0271484
-0.0286216
-0.0299699
-0.0311633
-0.0321857
-0.0330452
-0.033788
-0.0344792
-0.0351422
-0.0357949
-0.0364576
-0.0371475
-0.0378781
-0.0386552
-0.0394747
-0.0403187
-0.0411531
-0.0419252
-0.042565
-0.042988
-0.0431041
-0.0428313
-0.0421176
-0.0409671
-0.0394835
-0.0378634
-0.0361608
-0.0344018
-0.032615
-0.03082
-0.029028
-0.0272415
-0.0254561
-0.0236627
-0.0218493
-0.0200036
-0.0181156
-0.0161804
-0.0142002
-0.0121873
-0.0101655
-0.00815726
-0.00616854
-0.00419633
-0.00222592
-0.000229483
0.00183708
0.00403125
0.00641974
0.00906901
0.0120313
0.0153254
0.0189065
0.0226602
0.0265359
0.0305094
0.0345448
0.038592
0.0425851
0.0464412
0.0500627
0.0533436
0.0561847
0.0585143
0.0603178
0.061681
0.0628065
0.0638359
0.0648169
0.0657797
0.0667403
0.0676938
0.0686125
0.0694477
0.0701339
0.0705976
0.0707686
0.0705989
0.0700826
0.0692882
0.0683608
0.0673775
0.0663785
0.0654016
0.0644732
0.0636045
0.0627832
0.0619704
0.0610966
0.0600628
0.058743
0.056997
0.0546866
0.0517091
0.0480301
0.0437468
0.039105
0.0342627
0.0292444
0.0240532
0.0186808
0.0131134
0.00733923
0.0013677
-0.00475124
-0.0109124
-0.0170094
-0.0229416
-0.0285963
-0.0338563
-0.0386251
-0.0428533
-0.046577
-0.0499576
-0.0532187
-0.056442
-0.0596829
-0.0629884
-0.06638
-0.0698451
-0.0733281
-0.0767252
-0.0798852
-0.0826156
-0.0846999
-0.0859256
-0.0861318
-0.0852673
-0.0834805
-0.0811523
-0.0785478
-0.0757549
-0.0728428
-0.0698742
-0.0668986
-0.0639534
-0.0610665
-0.0582597
-0.0555501
-0.0529512
-0.0504691
-0.0480984
-0.0458106
-0.0435546
-0.0413092
-0.0390715
-0.036841
-0.0346206
-0.032415
-0.0302305
-0.0280705
-0.0259346
-0.0238147
-0.0216936
-0.0195417
-0.0173182
-0.0149711
-0.0124448
-0.00968517
-0.00665588
-0.0033551
0.000161109
0.00380908
0.00757102
0.0114325
0.0153608
0.0193076
0.0232009
0.0269447
0.0304189
0.0334887
0.0360187
0.0379011
0.0390906
0.0396585
0.0398285
0.0398195
0.0396905
0.0394717
0.0391863
0.0388407
0.0384286
0.0379342
0.0373406
0.0366387
0.03584
0.0349819
0.0340898
0.03317
0.0322285
0.0312714
0.030304
0.0293309
0.0283554
0.02738
0.026407
0.0254386
0.0244769
0.0235243
0.0225825
0.0216524
0.020733
0.0198202
0.0189062
0.0179782
0.0170188
0.0160062
0.0149167
0.0137272
0.0124218
0.010998
0.00947758
0.00790791
0.00631173
0.0046984
0.00307735
0.00145644
-0.000157762
-0.00176152
-0.00335325
-0.0049344
-0.00650855
-0.00808265
-0.0096657
-0.0112685
-0.0129019
-0.0145746
-0.0162906
-0.0180456
-0.0198226
-0.0215895
-0.0232965
-0.0248762
-0.0262466
-0.0273203
-0.0280166
-0.0282843
-0.0281254
-0.0276399
-0.0270178
-0.0263108
-0.0255434
-0.0247442
-0.0239328
-0.0231234
-0.0223227
-0.021533
-0.0207524
-0.0199776
-0.0192041
-0.0184279
-0.0176455
-0.0168546
-0.0160541
-0.0152444
-0.0144268
-0.0136044
-0.0127819
-0.0119657
-0.0111638
-0.0103851
-0.00963924
-0.00893471
-0.00827675
-0.00766472
-0.00708772
-0.00652513
-0.00597127
-0.00542332
-0.00487842
-0.00433452
-0.00379015
-0.0032447
-0.00269809
-0.00215053
-0.00160234
-0.00105375
-0.000505147
4.34962e-05
0.000592243
0.00114128
0.00169066
0.0022405
0.00279065
0.00334103
0.00389058
0.00443874
0.00498469
0.00552781
0.00606781
0.00660533
0.00714209
0.00768149
0.00822839
0.00878965
0.00937324
0.00998778
0.0106407
0.011336
0.0120708
0.0128342
0.0136197
0.0144281
0.0152595
0.016111
0.0169759
0.0178415
0.0186882
0.0194887
0.020209
0.0208108
0.0212568
0.0215187
0.0215881
0.0214926
0.0213019
0.0210647
0.0207968
0.0205106
0.0202164
0.0199216
0.0196302
0.0193434
0.0190606
0.0187794
0.0184974
0.0182118
0.0179205
0.0176226
0.0173183
0.0170094
0.0166995
0.0163932
0.0160964
0.0158148
0.0155532
0.0153132
0.0150921
0.0148802
0.0146597
0.0144029
0.0140736
0.0136281
0.0130208
0.0122119
0.0111798
0.00993696
0.00854384
0.0070621
0.00551184
0.00391284
0.00229521
0.000698072
-0.000828053
-0.00222287
-0.0034186
-0.00434798
-0.0049557
-0.00521736
-0.00516449
-0.00490401
-0.00453863
-0.00409157
-0.00357356
-0.00299688
-0.00237291
-0.00171768
-0.0010551
-0.000422195
0.000128452
0.000527883
0.000694936
0.000544862
4.93041e-06
-0.000963388
-0.00233494
-0.00398747
-0.00575335
-0.00758359
-0.00945146
-0.0113318
-0.0132105
-0.0150846
-0.0169619
-0.0188589
-0.020797
-0.0227973
-0.0248745
-0.0270295
-0.0292419
-0.0314632
-0.0336114
-0.0355698
-0.0371907
-0.0383083
-0.0387602
-0.038423
-0.0372586
-0.0353833
-0.0330937
-0.0305933
-0.0279449
-0.025194
-0.0223799
-0.0195308
-0.0166673
-0.0138055
-0.0109636
-0.00816616
-0.00544763
-0.00285229
-0.00043124
0.00176521
0.00369953
0.00536472
0.00680964
0.00814238
0.0094101
0.0106288
0.0118144
0.0129809
0.0141406
0.0153041
0.016481
0.0176797
0.0189075
0.0201693
0.0214653
0.0227887
0.0241221
0.0254357
0.0266848
0.0278109
0.0287447
0.0294144
0.0297574
0.0297401
0.029381
0.0287796
0.0280727
0.0272991
0.0264798
0.025637
0.024786
0.0239373
0.0230956
0.0222618
0.0214345
0.0206107
0.0197875
0.0189622
0.018133
0.0172993
0.0164609
0.0156186
0.0147734
0.0139267
0.0130797
0.0122334
0.0113886
0.0105457
0.00970495
0.00886571
0.00802728
0.00718833
0.00634742
0.00550259
0.00465188
0.00379326
0.00292558
0.00204815
0.00116201
0.000270339
-0.000621429
-0.00151167
-0.00239987
-0.0032865
-0.00417269
-0.00506125
-0.00595579
-0.00686053
-0.00777924
-0.00871447
-0.00966581
-0.0106288
-0.0115926
-0.0125402
-0.0134467
-0.0142813
-0.015009
-0.0155957
-0.0160157
-0.0162614
-0.0163574
-0.016367
-0.0163338
-0.0162715
-0.0161902
-0.0160985
-0.0160022
-0.0159045
-0.0158068
-0.0157097
-0.0156139
-0.0155204
-0.0154318
-0.0153511
-0.015282
-0.0152278
-0.0151896
-0.0151647
-0.0151454
-0.0151167
-0.0150562
-0.0149337
-0.0147137
-0.0143587
-0.0138366
-0.0131293
-0.0122463
-0.0112385
-0.010176
-0.00907825
-0.00795544
-0.00681839
-0.00567464
-0.00452939
-0.00338531
-0.00224386
-0.00110588
2.77099e-05
0.0011555
0.00227558
0.00338556
0.00448361
0.00556903
0.00664323
0.00771058
0.00877907
0.00986055
0.0109694
0.012114
0.0132972
0.0145134
0.015744
0.0169547
0.0180931
0.0190904
0.0198646
0.0203304
0.0204135
0.0200735
0.0193312
0.0183025
0.0171475
0.015912
0.0146216
0.0133041
0.0119794
0.0106623
0.00936037
0.00807699
0.00681035
0.00555577
0.0043047
0.00304621
0.00176549
0.000445305
-0.000934203
-0.00239265
-0.00394761
-0.00560869
-0.00756517
-0.00941158
-0.0112839
-0.0131734
-0.0150821
-0.017014
-0.0189774
-0.0209814
-0.0230336
-0.0251342
-0.027272
-0.0294183
-0.0315237
-0.0335147
-0.0352971
-0.0367616
-0.0377978
-0.0383157
-0.0382759
-0.037732
-0.0368606
-0.0358363
-0.0347117
-0.0335202
-0.0322944
-0.0310573
-0.0298247
-0.0286045
-0.0273999
-0.0262104
-0.0250338
-0.0238667
-0.0227049
-0.0215432
-0.0203742
-0.0191874
-0.0179696
-0.0167042
-0.0153733
-0.01396
-0.0124529
-0.0108534
-0.00918202
-0.00746955
-0.00572369
-0.00395186
-0.00216713
-0.0003882
0.00135913
0.00304169
0.00462081
0.00605554
0.0073086
0.0083564
0.00920085
0.00988968
0.0105131
0.0110946
0.0116447
0.0121757
0.012696
0.0132116
0.0137256
0.0142404
0.0147575
0.0152786
0.0158061
0.0163429
0.0168912
0.0174523
0.0180241
0.0186004
0.0191685
0.0197086
0.020194
0.0205917
0.0208668
0.0209871
0.020932
0.0207033
0.0203421
0.019926
0.0194763
0.0190027
0.0185168
0.0180261
0.0175361
0.0170489
0.0165647
0.0160825
0.0156004
0.0151168
0.0146308
0.0141424
0.0136528
0.0131642
0.0126797
0.0122026
0.0117359
0.0112812
0.0108377
0.0104013
0.00996332
0.00951025
0.00902362
0.00848123
0.00785914
0.0071356
0.00629675
0.00534383
0.00430445
0.003231
0.00213761
0.00103143
-7.96437e-05
-0.00119001
-0.00229566
-0.00339444
-0.00448567
-0.00556964
-0.00664736
-0.00771983
-0.00878838
-0.00985406
-0.0109179
-0.0119803
-0.0130418
-0.014102
-0.0151605
-0.0162158
-0.0172661
-0.0183088
-0.0193412
-0.0203603
-0.0213635
-0.0223494
-0.0233187
-0.0242742
-0.025222
-0.0261714
-0.0271343
-0.0281233
-0.0291505
-0.0302228
-0.0313388
-0.0324834
-0.0336239
-0.0347064
-0.0356551
-0.0363749
-0.0367596
-0.0367063
-0.0361379
-0.0350337
-0.0334731
-0.0316519
-0.0297053
-0.0276782
-0.0256044
-0.023513
-0.021424
-0.0193506
-0.0172978
-0.0152666
-0.0132549
-0.0112598
-0.00927822
-0.00730761
-0.00534537
-0.00338961
-0.00143688
0.000517294
0.00247959
0.00445795
0.00646196
0.00850041
0.0105796
0.0126979
0.0148442
0.0170014
0.0191674
0.0213402
0.0235157
0.0256863
0.02784
0.0299587
0.0320193
0.0339934
0.0358504
0.0375613
0.0391064
0.0404835
0.0417232
0.0428874
0.0440001
0.0450627
0.0460739
0.0470283
0.0479194
0.0487411
0.0494926
0.0501817
0.0508312
0.0514786
0.0521525
0.0528641
0.0536132
0.0543834
0.055137
0.0558116
0.0563198
0.0565534
0.0563938
0.0557294
0.0544839
0.0526494
0.0503405
0.0477988
0.045134
0.0423875
0.0395978
0.0367962
0.0340072
0.0312476
0.02853
0.0258647
0.0232603
0.0207246
0.0182637
0.0158797
0.0135666
0.0113049
0.00906195
0.00682699
0.00459381
0.00235858
0.000122597
-0.00210586
-0.00431076
-0.00646705
-0.00854189
-0.0104953
-0.0122867
-0.0138799
-0.0152549
-0.016418
-0.0174234
-0.0183673
-0.0192831
-0.0201898
-0.0211065
-0.0220423
-0.0229958
-0.0239505
-0.0248747
-0.0257205
-0.0264266
-0.0269221
-0.0271377
-0.0270176
-0.0265401
-0.0257424
-0.02474
-0.0236453
-0.0224914
-0.0212988
-0.0200875
-0.0188716
-0.0176619
-0.0164662
-0.0152921
-0.0141484
-0.0130467
-0.0120007
-0.0110255
-0.0101345
-0.00933541
-0.00862357
-0.00797558
-0.00735951
-0.00676795
-0.00619738
-0.0056432
-0.00510125
-0.00456703
-0.00403584
-0.00350241
-0.00296122
-0.00240711
-0.00183619
-0.00124785
-0.000646434
-4.32973e-05
0.000541506
0.00107829
0.00152835
0.00184636
0.00198593
0.00190759
0.00159154
0.00105283
0.000359575
-0.000396541
-0.00118905
-0.00200332
-0.00282363
-0.00363921
-0.00444232
-0.00522937
-0.00599913
-0.0067531
-0.00749401
-0.00822618
-0.00895436
-0.00968442
-0.0104224
-0.0111744
-0.0119454
-0.0127383
-0.0135522
-0.0143797
-0.0152068
-0.0160294
-0.0168451
-0.017651
-0.0184444
-0.0192228
-0.0199845
-0.0207282
-0.0214536
-0.0221614
-0.0228541
-0.0235356
-0.0242115
-0.0248886
-0.0255741
-0.0262742
-0.0269916
-0.0277243
-0.0284618
-0.0291839
-0.0298585
-0.0304418
-0.0308802
-0.0311161
-0.0310957
-0.030783
-0.0301764
-0.029335
-0.0283792
-0.0273641
-0.0263101
-0.0252361
-0.024157
-0.0230842
-0.0220251
-0.0209849
-0.0199669
-0.0189736
-0.0180069
-0.017067
-0.0161523
-0.0152573
-0.0143713
-0.0134772
-0.012551
-0.0115624
-0.0104774
-0.00926225
-0.00789177
-0.00635764
-0.00468257
-0.00292869
-0.00115683
0.000613543
0.00237012
0.00410314
0.00580764
0.00748443
0.00913914
0.0107813
0.0124222
0.0140726
0.0157392
0.0174219
0.0191081
0.0207716
0.0223688
0.023839
0.0251067
0.0260886
0.0267055
0.0269002
0.0266612
0.0260568
0.0252463
0.0243395
0.0233728
0.0223739
0.0213663
0.0203664
0.0193842
0.0184237
0.0174852
0.0165666
0.0156647
0.0147761
0.0138978
0.0130272
0.0121625
0.011302
0.0104447
0.00958983
0.00873771
0.00788988
0.00704988
0.00622378
0.0054209
0.00465364
0.00393718
0.00328806
0.00272196
0.00224987
0.0018735
0.00157813
0.00133065
0.0011084
0.000904031
0.000712174
0.000528555
0.000350359
0.000176221
5.73565e-06
-0.000160853
-0.000323284
-0.000481554
-0.000636252
-0.000788555
-0.000940252
-0.00109331
-0.00124949
-0.0014096
-0.0015728
-0.00173582
-0.00189234
-0.00203258
-0.00214351
-0.00220958
-0.00221451
-0.00214399
-0.0019899
-0.00175494
-0.00146076
-0.00114591
-0.000821002
-0.000491141
-0.000162054
0.000162367
0.000479372
0.000787731
0.00108705
0.00137766
0.00166017
0.00193536
0.0022039
0.00246626
0.00272279
0.00297365
0.0032189
0.00345843
0.00369209
0.00391961
0.00414064
0.00435461
0.00456086
0.0047585
0.00494655
0.00512397
0.00528991
0.00544397
0.00558653
0.00571902
0.00584357
0.00596093
0.00607171
0.0061767
0.00627685
0.0063731
0.00646638
0.00655735
0.00664635
0.00673304
0.00681615
0.00689333
0.00696094
0.0070141
0.007047
0.00705346
0.00702799
0.00696725
0.00687189
0.00674934
0.00661374
0.00647159
0.00632534
0.00617718
0.00602864
0.00588072
0.00573381
0.00558794
0.00544288
0.00529838
0.00515427
0.00501069
0.00486798
0.00472679
0.00458799
0.00445248
0.00432101
0.00419392
0.00407076
0.00395011
0.00382921
0.00370395
0.00356883
0.00341751
0.00324335
0.00304073
0.00280664
0.00254281
0.00225869
0.00197074
0.00168343
0.00139896
0.00111971
0.000847267
0.000582666
0.000326404
7.85031e-05
-0.00016124
-0.000393196
-0.000617718
-0.000835172
-0.00104581
-0.00124987
-0.00144739
-0.00163849
-0.00182315
-0.00200142
-0.0021732
-0.00233848
-0.00249714
-0.00264917
-0.00279439
-0.00293276
-0.00306422
-0.00318886
-0.00330682
-0.00341852
-0.00352457
-0.00362591
-0.00372361
-0.00381907
-0.00391363
-0.00400856
-0.00410454
-0.00420145
-0.00429767
-0.00439023
-0.00447767
-0.00455941
-0.00463492
-0.00470382
-0.0047659
-0.00482121
-0.00487001
-0.00491285
-0.00495037
-0.00498349
-0.00501308
-0.00503999
-0.00506469
-0.00508721
-0.00510675
-0.0051216
-0.00512887
-0.00512461
-0.00510392
-0.0050615
-0.00499238
-0.00489313
-0.00476344
-0.0046081
-0.00443824
-0.0042642
-0.0040892
-0.00391523
-0.0037441
-0.00357693
-0.00341442
-0.00325672
-0.00310378
-0.00295534
-0.00281111
-0.00267084
-0.00253437
-0.00240167
-0.00227278
-0.00214782
-0.00202691
-0.00191012
-0.0017974
-0.00168852
-0.00158305
-0.00148031
-0.00137941
-0.00127926
-0.00117879
-0.00107702
-0.000973379
-0.000867988
-0.00076211
-0.000658183
-0.000557802
-0.000461432
-0.000369348
-0.000281642
-0.000198229
-0.000118845
-4.3118e-05
2.93695e-05
9.89741e-05
0.000165886
0.000229993
0.000290809
0.000347383
0.000398281
0.000441654
0.000475391
0.000497426
0.000506147
0.000501005
0.000483175
0.00045662
0.000427592
0.000397839
0.000368195
0.000339538
0.000312404
0.000287141
0.000263847
0.000242502
0.000222975
0.000205125
0.000188799
0.000173894
0.000160334
0.000148093
0.000137163
0.000127554
0.00011926
0.000112254
0.000106462
0.000101765
9.79941e-05
9.49456e-05
9.24031e-05
9.01784e-05
8.81569e-05
8.63495e-05
8.49471e-05
8.43621e-05
8.52487e-05
8.84836e-05
9.51163e-05
0.000106235
0.00012278
0.00014527
0.000173482
0.000206027
0.00024015
0.000273448
0.000305253
0.000335193
0.000362952
0.000388336
0.000411228
0.000431554
0.000449237
0.000464168
0.000476203
0.000485174
0.000490935
0.000493428
0.000492781
0.000489413
0.000484139
0.000477873
0.000470906
0.000463414
0.00045556
0.000447464
0.000439208
0.000430839
0.000422383
0.000413838
0.000405191
0.000396419
0.00038749
0.000378367
0.000369016
0.000359411
0.000349543
0.000339439
0.000329165
0.000318858
0.000308703
0.000298783
0.000289122
0.00027973
0.0002706
0.000261707
0.000253013
0.000244476
0.000236052
0.00022771
0.000219442
0.000211274
0.000203283
0.000195589
0.000188259
0.000181307
0.000174736
0.000168544
0.000162721
0.000157254
0.000152125
0.000147315
0.000142804
0.000138573
0.000134604
0.000130879
0.000127383
0.000124103
0.000121023
0.000118133
0.00011542
0.000112872
0.000110479
0.000108229
0.000106112
0.000104117
0.000102235
0.000100457
9.87734e-05
9.71766e-05
9.56589e-05
9.42135e-05
9.28343e-05
9.15153e-05
9.02515e-05
8.90378e-05
8.78696e-05
8.67425e-05
8.56515e-05
8.45919e-05
8.35585e-05
8.25461e-05
8.155e-05
8.05681e-05
7.95984e-05
7.86399e-05
7.76916e-05
7.67526e-05
7.58225e-05
7.49008e-05
7.39875e-05
7.30824e-05
7.21854e-05
7.12967e-05
7.04163e-05
6.95447e-05
6.86822e-05
6.78293e-05
6.69866e-05
6.61548e-05
6.53342e-05
6.45257e-05
6.37293e-05
6.29456e-05
6.2175e-05
6.14179e-05
6.0675e-05
5.9947e-05
5.92345e-05
5.85382e-05
5.78586e-05
5.71964e-05
5.65521e-05
5.5926e-05
