0.00828364
0.00827474
0.00824288
0.00823377
0.00820135
0.00819168
0.00815887
0.00814844
0.0081138
0.0081024
0.00807487
0.00808028
0.00807194
0.00809376
0.00808994
0.00808609
0.00805102
0.00803922
0.00800123
0.00796072
0.00791313
0.00799926
0.00817974
0.00800572
0.00777806
0.00774665
0.00767853
0.00763823
0.00759083
0.00770067
0.00776918
0.00783272
0.00790804
0.00808187
0.00822198
0.00831522
0.00823465
0.00812948
0.00797876
0.00784877
0.00766011
0.00751538
0.00744953
0.00754026
0.007691
0.00791092
0.00804338
0.00810345
0.00806628
0.00809209
0.00803627
0.00790038
0.00763254
0.00745001
0.00744133
0.00739489
0.00703297
0.00678269
0.00666947
0.00675804
0.00703102
0.00753615
0.00775568
0.00774704
0.00786769
0.00817653
0.00836066
0.00833169
0.0080031
0.00770891
0.00747918
0.00744099
0.00727416
0.00710018
0.00720266
0.00766239
0.00816796
0.00865786
0.00887508
0.00896484
0.00891335
0.00901769
0.00919807
0.00940535
0.00889786
0.0079736
0.00688185
0.00590387
0.00516018
0.00534724
0.0062443
0.00799683
0.0098282
0.0112609
0.011861
0.011522
0.00984198
0.0079047
0.00647289
0.00592525
0.00585407
0.00618065
0.00665306
0.00726673
0.00770654
0.00780339
0.00698021
0.00593346
0.00496538
0.00435059
0.00449954
0.00696705
0.0099664
0.011817
0.0121603
0.0115037
0.0104158
0.00849736
0.00534517
0.00258874
0.00112512
0.00245447
0.00473183
0.00649854
0.00820826
0.00997318
0.011566
0.0130295
0.0139735
0.0136055
0.0119082
0.00993842
0.00867355
0.00871513
0.00918775
0.00913386
0.0073494
0.00567133
0.00539106
0.00581068
0.00664215
0.00840332
0.0102903
0.0110214
0.0100192
0.0082852
0.00778789
0.00802674
0.00775317
0.00674176
0.00478862
0.00292666
0.00223085
0.00411548
0.00832049
0.0137739
0.0171032
0.0180268
0.0161411
0.0121983
0.00744417
0.00443685
0.00323366
0.00477506
0.00825
0.0117406
0.0120302
0.0101613
0.00739696
0.00524944
0.00400598
0.00289074
0.00279147
0.00568454
0.0103116
0.0147912
0.016821
0.0168663
0.0153139
0.0113193
0.00512165
-0.00120715
-0.00547129
-0.00483831
-0.00116509
0.00371517
0.00948003
0.0152498
0.0189768
0.0189337
0.0157809
0.0127885
0.011149
0.0112183
0.0109315
0.0100089
0.00911373
0.00742029
0.00171885
-0.00792373
-0.0185637
-0.0237807
-0.0255788
-0.0245934
-0.0174614
-0.00587008
0.00209661
0.00609938
0.00581335
0.00334037
0.00185002
0.00563787
0.0120105
0.0174977
0.0184269
0.0121719
-0.0037535
-0.0201856
-0.0301679
-0.0340913
-0.0330512
-0.0218552
-0.00317595
0.0192007
0.0411494
0.057987
0.0624008
0.0562038
0.0427719
0.0252595
0.0103531
0.00835172
0.014884
0.0237869
0.0303091
0.0301312
0.0232904
0.0134573
0.00604047
0.00120765
-0.00146545
-0.00441664
-0.00238902
0.00498632
0.0106871
0.015237
0.0304736
0.0477896
0.0549486
0.0497572
0.0351138
0.0148938
-0.001439
-0.00821038
-0.00667489
-0.00123959
0.0047882
0.0049611
-0.00645939
-0.0289601
-0.0535871
-0.0708073
-0.0789169
-0.0788397
-0.066042
-0.0419557
-0.00988529
0.0202441
0.0381
0.0406045
0.0315059
0.0148414
-0.0230294
-0.066218
-0.0984453
-0.106325
-0.0908164
-0.0559794
-0.012262
0.0217136
0.0388696
0.0389407
0.028538
0.0152569
0.00725875
0.00557752
0.00637131
0.00642673
0.00806505
0.0108775
0.0148343
0.0158087
0.0139868
0.0104042
0.00695785
0.00337044
0.000679386
-0.00165906
0.000251432
0.00941769
0.0282911
0.051363
0.0731859
0.0835455
0.0805707
0.0622545
0.0312416
-0.011233
-0.0627817
-0.0933792
-0.09149
-0.062847
-0.0229015
0.00599231
0.0235773
0.0211331
0.00100683
-0.0243168
-0.0302458
-0.0168356
0.00813547
0.0316105
0.0472944
0.0556524
0.0562798
0.0449243
0.0240295
-0.000102491
-0.022716
-0.0375334
-0.042286
-0.0387913
-0.0318366
-0.0225867
-0.0169309
-0.0194996
-0.0309181
-0.0458143
-0.0549081
-0.0594956
-0.0635122
-0.0636245
-0.056423
-0.0276459
0.0126754
0.0518723
0.0762494
0.074492
0.0545381
0.0280075
0.00362316
-0.012387
-0.0195228
-0.0228817
-0.0282745
-0.040905
-0.054053
-0.0594351
-0.0445848
-0.0176273
-0.000214909
-0.00270299
-0.0159625
-0.0227309
-0.0209194
-0.00832768
0.0126896
0.0409446
0.0744317
0.103202
0.0956212
0.0549205
-0.00346201
-0.0507068
-0.0775259
-0.0843505
-0.0634379
-0.0256699
0.006217
0.0227703
0.0223545
0.0187997
0.0299925
0.0551449
0.0820413
0.0722495
0.0266564
-0.0425903
-0.100477
-0.136592
-0.144428
-0.10828
-0.0510276
-0.00294108
0.0375559
0.0699373
0.0942956
0.108087
0.104417
0.0849924
0.0592471
0.0366134
0.0185557
-0.00821325
-0.0452192
-0.0894696
-0.129641
-0.158618
-0.165919
-0.153622
-0.125118
-0.0890828
-0.0544992
-0.030246
-0.0176167
-0.0215347
-0.0349915
-0.0424963
-0.0280459
0.00113519
0.0211582
0.0269831
0.00993081
-0.0131422
-0.0312939
-0.0397877
-0.0375317
-0.024638
-0.00767917
0.00630176
0.00891801
0.00226238
-0.0103083
-0.0211475
-0.0282008
-0.0399602
-0.0524054
-0.0653403
-0.0865744
-0.113855
-0.133825
-0.142054
-0.133489
-0.105375
-0.0678851
-0.0341955
-0.00799365
0.00297416
0.000657578
-0.00814357
-0.0163819
-0.02282
-0.0249171
-0.0150332
0.00461583
0.0189539
0.0192815
-0.00270993
-0.0405737
-0.0840642
-0.124499
-0.153256
-0.162444
-0.144224
-0.112203
-0.0792625
-0.0502178
-0.0334563
-0.0388465
-0.0656798
-0.109788
-0.152042
-0.175754
-0.16654
-0.126709
-0.0460016
0.0448019
0.0929817
0.0886161
0.057357
0.037551
0.0310754
0.0352033
0.0347251
0.0157768
-0.0393716
-0.120261
-0.203282
-0.255449
-0.282392
-0.269579
-0.195824
-0.0750092
0.0400907
0.107546
0.128991
0.0918811
0.0152025
-0.0664412
-0.1372
-0.187518
-0.1907
-0.148379
-0.0933853
-0.0520261
-0.0702297
-0.144344
-0.224161
-0.25521
-0.216585
-0.15477
-0.111941
-0.0967076
-0.129996
-0.196165
-0.269389
-0.324628
-0.357039
-0.358982
-0.331122
-0.291101
-0.256285
-0.236286
-0.246625
-0.276375
-0.308353
-0.323607
-0.319907
-0.298514
-0.263012
-0.224631
-0.205927
-0.211046
-0.244204
-0.282152
-0.302199
-0.294313
-0.272671
-0.249425
-0.209615
-0.147846
-0.0541392
0.0471356
0.103038
0.103616
0.0676054
-0.00475105
-0.0874628
-0.145278
-0.172554
-0.178641
-0.176075
-0.172112
-0.157956
-0.133673
-0.105869
-0.0823324
-0.0785632
-0.0969542
-0.134521
-0.182209
-0.222395
-0.247562
-0.254223
-0.248548
-0.240492
-0.245257
-0.280932
-0.344363
-0.410267
-0.459762
-0.480634
-0.475602
-0.436583
-0.378626
-0.306722
-0.240505
-0.195451
-0.176537
-0.183833
-0.228494
-0.298443
-0.375822
-0.42811
-0.453102
-0.458016
-0.44794
-0.433306
-0.426725
-0.435676
-0.466676
-0.506541
-0.536548
-0.549263
-0.54747
-0.534992
-0.505783
-0.46479
-0.405458
-0.341331
-0.285211
-0.243064
-0.216746
-0.202243
-0.196992
-0.209876
-0.232469
-0.258389
-0.275616
-0.272126
-0.232297
-0.173309
-0.113423
-0.0719372
-0.0553474
-0.0613949
-0.0834753
-0.117736
-0.162391
-0.205914
-0.233857
-0.243936
-0.244775
-0.244566
-0.246613
-0.246774
-0.23718
-0.209433
-0.152694
-0.0809692
-0.0257
0.00837816
0.00518408
-0.0313563
-0.0844736
-0.138673
-0.188392
-0.232722
-0.263497
-0.285743
-0.302252
-0.310051
-0.312763
-0.313369
-0.315319
-0.324056
-0.342924
-0.359693
-0.358002
-0.348924
-0.344114
-0.354091
-0.380937
-0.424089
-0.47254
-0.51583
-0.55176
-0.577974
-0.586022
-0.559171
-0.494827
-0.383844
-0.247934
-0.128156
-0.05298
-0.0288828
-0.0318521
-0.0640152
-0.121654
-0.18007
-0.219968
-0.234762
-0.232091
-0.212141
-0.18168
-0.137877
-0.091826
-0.0515976
-0.023901
-0.0129585
-0.0307181
-0.0648432
-0.101454
-0.125179
-0.133733
-0.1297
-0.118277
-0.105829
-0.0986678
-0.103677
-0.125584
-0.15451
-0.183207
-0.219078
-0.263374
-0.313847
-0.357426
-0.392944
-0.419883
-0.43413
-0.442806
-0.454204
-0.470118
-0.494326
-0.532171
-0.576493
-0.617319
-0.652482
-0.687471
-0.731971
-0.783677
-0.830868
-0.856529
-0.860586
-0.84228
-0.803691
-0.756387
-0.707447
-0.661115
-0.626082
-0.612295
-0.627442
-0.674639
-0.762607
-0.869016
-0.949588
-1.00545
-1.03881
-1.03193
-0.98654
-0.899786
-0.792653
-0.674962
-0.548156
-0.411878
-0.258501
-0.0801336
0.100472
0.240985
0.334173
0.377978
0.403101
0.414565
0.410939
0.398981
0.390606
0.385313
0.376843
0.378229
0.392003
0.41328
0.439459
0.473482
0.509051
0.541401
0.574773
0.610338
0.646686
0.680463
0.70831
0.731454
0.752738
0.774503
0.79575
0.807298
0.809232
0.794205
0.758338
0.709139
0.662591
0.633477
0.61763
0.598824
0.572014
0.531611
0.466499
0.391566
0.321849
0.255062
0.194772
0.144304
0.101094
0.0686198
0.0573375
0.0580127
0.0621106
0.0705963
0.0827626
0.102364
0.128509
0.162424
0.197581
0.220539
0.220458
0.199864
0.166635
0.11969
0.0488999
-0.0404669
-0.133484
-0.221026
-0.297424
-0.35548
-0.364964
-0.344535
-0.311072
-0.270879
-0.231626
-0.200276
-0.17748
-0.164348
-0.162025
-0.171122
-0.194949
-0.227962
-0.267537
-0.306864
-0.342737
-0.371965
-0.39285
-0.402041
-0.395219
-0.373991
-0.330657
-0.254186
-0.137246
0.0109803
0.181086
0.377458
0.588658
0.809977
1.04278
1.26755
1.47386
1.66369
1.82749
1.9768
2.10441
2.20909
2.31064
2.41379
2.50683
2.57165
2.618
2.64636
2.65948
2.66539
2.66712
2.6676
2.66489
2.65891
2.64765
2.63538
2.63061
2.64393
2.66439
2.68251
2.69367
2.70034
2.70676
2.71189
2.70952
2.69835
2.67802
2.65213
2.63077
2.62218
2.61656
2.60648
2.59196
2.57487
2.5584
2.54125
2.5159
2.44334
2.29588
2.13858
1.99672
1.84926
1.70664
1.58602
1.48219
1.36531
1.25415
1.15951
1.08139
1.01401
0.951698
0.899668
0.870848
0.860127
0.868574
0.88597
0.90282
0.914012
0.915215
0.904253
0.889288
0.876201
0.864023
0.861579
0.873227
0.892039
0.914972
0.946777
0.979461
1.00255
1.02002
1.03497
1.04437
1.05131
1.06694
1.09869
1.15862
1.24299
1.33793
1.4268
1.48196
1.50926
1.50318
1.48628
1.47607
1.47119
1.47371
1.48929
1.51279
1.53705
1.55546
1.56688
1.57681
1.58124
1.57419
1.56092
1.54273
1.51783
1.48877
1.45567
1.4246
1.39601
1.36891
1.34059
1.31046
1.27972
1.25219
1.22987
1.21097
1.19304
1.17247
1.14574
1.11214
1.07779
1.04894
1.02902
1.01342
0.997431
0.979777
0.957992
0.935308
0.919811
0.908073
0.887922
0.858627
0.823561
0.794885
0.767228
0.735558
0.707035
0.685257
0.672522
0.668602
0.674012
0.690343
0.713987
0.746589
0.780102
0.805889
0.824917
0.83941
0.856255
0.88172
0.92077
0.962951
0.991845
1.00952
1.01225
0.990518
0.95178
0.905635
0.853036
0.792538
0.716277
0.639723
0.571403
0.515755
0.475802
0.438992
0.392899
0.343312
0.29529
0.245799
0.184607
0.108234
0.0302145
-0.0428681
-0.1128
-0.183662
-0.264467
-0.350507
-0.430935
-0.534479
-0.68176
-0.841948
-1.01719
-1.20221
-1.38604
-1.54447
-1.6824
-1.82701
-1.9754
-2.11802
-2.24385
-2.33158
-2.40716
-2.4931
-2.588
-2.67188
-2.76082
-2.85132
-2.90056
-2.91633
-2.911
-2.90143
-2.90377
-2.91067
-2.9137
-2.90137
-2.8707
-2.81825
-2.74767
-2.65636
-2.55934
-2.46846
-2.37464
-2.27432
-2.17002
-2.07042
-1.99442
-1.95512
-1.93918
-1.94563
-1.97715
-2.02259
-2.06685
-2.09498
-2.11043
-2.12465
-2.14267
-2.16421
-2.16991
-2.15677
-2.11631
-2.06807
-2.02916
-2.00023
-1.98035
-1.967
-1.95963
-1.95688
-1.94806
-1.92132
-1.87575
-1.8187
-1.75697
-1.69827
-1.66428
-1.64512
-1.63172
-1.61003
-1.55467
-1.48364
-1.43169
-1.39535
-1.36965
-1.34502
-1.31178
-1.27053
-1.22823
-1.20438
-1.19237
-1.1843
-1.17147
-1.14528
-1.1056
-1.05582
-0.998397
-0.946327
-0.919408
-0.91418
-0.930328
-0.963716
-1.00033
-1.02386
-1.02641
-1.0114
-0.986355
-0.958827
-0.936069
-0.920699
-0.9167
-0.923646
-0.933693
-0.936387
-0.935185
-0.929404
-0.909918
-0.879032
-0.847842
-0.809016
-0.750066
-0.689661
-0.66903
-0.669417
-0.672277
-0.677764
-0.687625
-0.711212
-0.741248
-0.772185
-0.801403
-0.82312
-0.837543
-0.861666
-0.89762
-0.91126
-0.910445
-0.90614
-0.894322
-0.876799
-0.86
-0.84868
-0.845456
-0.843886
-0.839614
-0.836095
-0.831174
-0.80905
-0.770598
-0.73893
-0.757233
-0.80841
-0.861306
-0.91318
-0.956941
-0.989417
-1.01041
-1.02754
-1.0445
-1.06595
-1.09182
-1.12445
-1.16037
-1.19209
-1.20439
-1.2014
-1.20911
-1.24045
-1.30212
-1.39647
-1.50519
-1.58724
-1.6273
-1.64173
-1.6202
-1.57615
-1.52519
-1.47476
-1.4283
-1.39395
-1.37675
-1.37856
-1.38872
-1.38795
-1.3757
-1.35406
-1.32608
-1.291
-1.24347
-1.19283
-1.15723
-1.12752
-1.09235
-1.05157
-1.00545
-0.951125
-0.888691
-0.815328
-0.735564
-0.65586
-0.582822
-0.527685
-0.481894
-0.446681
-0.428018
-0.422174
-0.417718
-0.407877
-0.388091
-0.36079
-0.32535
-0.277902
-0.222004
-0.168537
-0.122554
-0.093744
-0.0802825
-0.0793661
-0.0949674
-0.12752
-0.184416
-0.252339
-0.318999
-0.373581
-0.411976
-0.432222
-0.434886
-0.42786
-0.413758
-0.397273
-0.38093
-0.364801
-0.347451
-0.325224
-0.301746
-0.28097
-0.26838
-0.26263
-0.257727
-0.252542
-0.24755
-0.245204
-0.240916
-0.232643
-0.228108
-0.226324
-0.203768
-0.163344
-0.114421
-0.0649793
-0.0213402
0.0198483
0.0579241
0.0898638
0.119048
0.150853
0.180754
0.204813
0.233107
0.278201
0.345956
0.428256
0.50254
0.569299
0.627228
0.675847
0.713499
0.747373
0.786696
0.833586
0.884169
0.925531
0.963701
1.0134
1.06901
1.1207
1.16629
1.20373
1.23892
1.27326
1.30904
1.35067
1.41384
1.48949
1.56687
1.6348
1.68563
1.72535
1.75137
1.75623
1.74513
1.72285
1.6927
1.65613
1.60363
1.53568
1.45842
1.38756
1.31986
1.24915
1.18541
1.13116
1.08661
1.04123
0.985785
0.918168
0.860033
0.813918
0.767483
0.714207
0.656737
0.60374
0.548635
0.489421
0.433297
0.386951
0.352659
0.330195
0.299541
0.236645
0.154496
0.0750522
0.00705869
-0.0484105
-0.098404
-0.143084
-0.175322
-0.195488
-0.213065
-0.234042
-0.258333
-0.274871
-0.279052
-0.269195
-0.256312
-0.246814
-0.23655
-0.227386
-0.223167
-0.220879
-0.215475
-0.202597
-0.182859
-0.158498
-0.136299
-0.122823
-0.11486
-0.110595
-0.102838
-0.0877162
-0.0606112
-0.0470868
-0.0385348
-0.019902
0.000761086
0.023318
0.0523582
0.0833778
0.109784
0.131855
0.149696
0.16486
0.176878
0.184792
0.186657
0.183088
0.177885
0.174621
0.172922
0.173064
0.176122
0.185865
0.195198
0.197946
0.201392
0.210804
0.217841
0.220875
0.220864
0.22221
0.225469
0.227366
0.225635
0.216857
0.190582
0.139473
0.0682482
-0.00519633
-0.0697607
-0.112894
-0.143406
-0.169434
-0.19883
-0.232576
-0.267058
-0.296319
-0.317378
-0.325051
-0.320567
-0.304767
-0.282142
-0.259931
-0.246558
-0.236076
-0.220453
-0.20024
-0.17577
-0.14622
-0.115801
-0.0885019
-0.0588403
-0.0234553
0.0104676
0.0383592
0.0541497
0.0601761
0.0562598
0.0507853
0.049723
0.0504002
0.0457445
0.028473
-0.00282792
-0.0405992
-0.0759923
-0.102741
-0.117444
-0.11071
-0.0829256
-0.0357323
0.0266036
0.0988794
0.180664
0.262222
0.327536
0.38196
0.427007
0.464384
0.49916
0.533341
0.568394
0.593594
0.610727
0.616506
0.616391
0.614529
0.619002
0.634735
0.668892
0.7163
0.77317
0.833182
0.889576
0.933161
0.96603
0.988774
1.00192
1.00498
0.994461
0.974209
0.952121
0.933372
0.914759
0.887526
0.859292
0.840243
0.82588
0.813289
0.806135
0.807646
0.817106
0.828645
0.838818
0.848555
0.855488
0.857954
0.853491
0.845491
0.836994
0.831941
0.828919
0.823826
0.81635
0.81017
0.805708
0.801697
0.791559
0.778701
0.767628
0.766327
0.774778
0.793939
0.828826
0.886308
0.934325
0.96915
0.994593
1.007
1.00445
0.980019
0.94317
0.901125
0.865932
0.841666
0.8314
0.828549
0.82793
0.825888
0.822107
0.820965
0.827774
0.844278
0.869519
0.897447
0.919476
0.934541
0.939469
0.934042
0.926819
0.932927
0.957634
0.994779
1.0266
1.04662
1.0391
1.01086
0.972042
0.934164
0.907225
0.893944
0.892803
0.893514
0.885706
0.872133
0.858982
0.848149
0.83746
0.82139
0.802768
0.783196
0.762729
0.742755
0.726975
0.720807
0.722465
0.727314
0.728388
0.721314
0.703179
0.677116
0.645551
0.608539
0.573849
0.550151
0.538076
0.531884
0.525256
0.511759
0.489888
0.461918
0.432837
0.405882
0.38632
0.371156
0.352014
0.324944
0.287459
0.230528
0.155633
0.0692526
-0.00963312
-0.0703312
-0.111423
-0.144139
-0.171885
-0.188828
-0.199813
-0.208662
-0.212546
-0.2121
-0.207533
-0.201169
-0.194912
-0.190045
-0.181602
-0.162313
-0.121927
-0.0630717
0.0181587
0.106231
0.184052
0.251516
0.299835
0.332537
0.349423
0.350318
0.341709
0.321216
0.277499
0.21269
0.140806
0.0766878
0.0239498
-0.0129099
-0.0337213
-0.03702
-0.0254919
-0.00891924
0.00819595
0.0286275
0.0561137
0.0897603
0.125417
0.162636
0.207283
0.264994
0.322024
0.371697
0.419892
0.467555
0.516482
0.569346
0.622961
0.665175
0.682745
0.670167
0.647886
0.626362
0.605726
0.5899
0.579632
0.570792
0.554832
0.526181
0.487574
0.443976
0.398924
0.356306
0.317106
0.282717
0.255262
0.23222
0.210649
0.192846
0.182553
0.177962
0.176258
0.176222
0.178836
0.183156
0.189789
0.200043
0.218521
0.24291
0.26825
0.286168
0.296663
0.290708
0.259979
0.198111
0.125382
0.0510446
-0.0389158
-0.125949
-0.200079
-0.259947
-0.308164
-0.349702
-0.392907
-0.445433
-0.507585
-0.567217
-0.61978
-0.664346
-0.696142
-0.720317
-0.745337
-0.782712
-0.833186
-0.887767
-0.938929
-0.985157
-1.02771
-1.06783
-1.10529
-1.1353
-1.16061
-1.18407
-1.21116
-1.24833
-1.30177
-1.36174
-1.42113
-1.48175
-1.54068
-1.59339
-1.63385
-1.66707
-1.69819
-1.72788
-1.75096
-1.7616
-1.75882
-1.74781
-1.73066
-1.71195
-1.69448
-1.67094
-1.63636
-1.58025
-1.50961
-1.42786
-1.34465
-1.26983
-1.20605
-1.15779
-1.12158
-1.09584
-1.08328
-1.07959
-1.07819
-1.07551
-1.06688
-1.04604
-1.01655
-0.987109
-0.959471
-0.937982
-0.92383
-0.913127
-0.887215
-0.844867
-0.783716
-0.721412
-0.66844
-0.624785
-0.59011
-0.563191
-0.543411
-0.530926
-0.523931
-0.520818
-0.5244
-0.530233
-0.532317
-0.530077
-0.524987
-0.517193
-0.507041
-0.492349
-0.470145
-0.441209
-0.414244
-0.389516
-0.36068
-0.332345
-0.306989
-0.283057
-0.263241
-0.259014
-0.263927
-0.273484
-0.287324
-0.303402
-0.320695
-0.335392
-0.345664
-0.352182
-0.356946
-0.359224
-0.355817
-0.343234
-0.321381
-0.294669
-0.266105
-0.238791
-0.212306
-0.182167
-0.153888
-0.145295
-0.148321
-0.155233
-0.168935
-0.190155
-0.223551
-0.25801
-0.287911
-0.316431
-0.343259
-0.365437
-0.388873
-0.415617
-0.443599
-0.470369
-0.49255
-0.50403
-0.508986
-0.511673
-0.510778
-0.506821
-0.502994
-0.499403
-0.496911
-0.499143
-0.506417
-0.507929
-0.501195
-0.488638
-0.478456
-0.475964
-0.479213
-0.486637
-0.498633
-0.510728
-0.518838
-0.521022
-0.517827
-0.508585
-0.495261
-0.480245
-0.467784
-0.459663
-0.458478
-0.460512
-0.463089
-0.467081
-0.467016
-0.449121
-0.418066
-0.381268
-0.340323
-0.296685
-0.246004
-0.193075
-0.142944
-0.0926279
-0.0347162
0.0298496
0.0990834
0.163703
0.220718
0.268325
0.306661
0.332857
0.345606
0.342449
0.33267
0.323121
0.315662
0.318589
0.325254
0.330242
0.337678
0.358283
0.386295
0.411601
0.435565
0.457643
0.470178
0.472542
0.46264
0.445809
0.426711
0.408578
0.395255
0.38636
0.387612
0.393637
0.401531
0.406234
0.405345
0.396481
0.384999
0.375871
0.372636
0.37638
0.388281
0.403373
0.418394
0.433508
0.449531
0.468531
0.488431
0.506879
0.527002
0.550973
0.576713
0.6016
0.62162
0.635347
0.642299
0.642345
0.63791
0.630777
0.623164
0.615228
0.607759
0.600268
0.591626
0.580111
0.564216
0.545014
0.52386
0.496625
0.46538
0.431921
0.401476
0.376536
0.36525
0.364348
0.37142
0.387159
0.407197
0.424204
0.438848
0.45098
0.455023
0.453021
0.453055
0.454592
0.45183
0.442619
0.428148
0.409945
0.390093
0.369854
0.349692
0.33077
0.315698
0.302012
0.285576
0.274963
0.282794
0.296709
0.308412
0.321951
0.335827
0.344217
0.347939
0.347333
0.337813
0.321117
0.303809
0.289355
0.278555
0.273117
0.273975
0.283251
0.295637
0.30749
0.320458
0.335031
0.35198
0.368619
0.38259
0.39188
0.392681
0.378902
0.355214
0.325007
0.291052
0.258789
0.238027
0.224783
0.216532
0.21527
0.219899
0.230485
0.240556
0.242833
0.237332
0.224063
0.202199
0.177134
0.155366
0.143124
0.139332
0.140188
0.143644
0.150621
0.160691
0.171929
0.179968
0.186088
0.193532
0.198207
0.19727
0.192585
0.184537
0.169731
0.150618
0.127203
0.0951712
0.0587846
0.0238193
-0.00931574
-0.0416584
-0.0740305
-0.10243
-0.118232
-0.118694
-0.105699
-0.0783652
-0.0464747
-0.0238289
-0.0162405
-0.025945
-0.0466313
-0.071937
-0.101346
-0.125773
-0.138439
-0.140519
-0.136617
-0.125523
-0.110882
-0.0953857
-0.07911
-0.0642396
-0.0565541
-0.0557481
-0.0620143
-0.0712188
-0.080289
-0.0936717
-0.113583
-0.14657
-0.190995
-0.242206
-0.298587
-0.356415
-0.411268
-0.455294
-0.491449
-0.525021
-0.558967
-0.596571
-0.641028
-0.684905
-0.720955
-0.748992
-0.769378
-0.782166
-0.789647
-0.793121
-0.790525
-0.783802
-0.774256
-0.762363
-0.746234
-0.731528
-0.721602
-0.720676
-0.72838
-0.743357
-0.758688
-0.771753
-0.785973
-0.800201
-0.812878
-0.825992
-0.839396
-0.849588
-0.859683
-0.87272
-0.882455
-0.887402
-0.892918
-0.899144
-0.904971
-0.911163
-0.917895
-0.918892
-0.906722
-0.870479
-0.814025
-0.737141
-0.635975
-0.522049
-0.400407
-0.273837
-0.151888
-0.0420375
0.0508629
0.122561
0.177483
0.216353
0.239608
0.249082
0.240707
0.223284
0.202238
0.179174
0.158104
0.144417
0.133885
0.121003
0.106242
0.0912686
0.0829801
0.0809484
0.0848397
0.0932543
0.10336
0.110092
0.112496
0.107246
0.0919148
0.068338
0.0392181
0.0113675
-0.0132633
-0.038811
-0.063227
-0.0771097
-0.0856212
-0.0936117
-0.0960571
-0.0904692
-0.0730205
-0.0500673
-0.0248009
0.00258681
0.0303399
0.0580023
0.0870776
0.119955
0.151912
0.180656
0.206115
0.2295
0.25075
0.269929
0.284122
0.293634
0.298156
0.298273
0.294854
0.283297
0.265707
0.244256
0.22069
0.195612
0.17053
0.151372
0.147298
0.156102
0.17302
0.196788
0.219107
0.230732
0.232886
0.225533
0.201949
0.163156
0.107033
0.0438029
-0.0161124
-0.0600697
-0.0852726
-0.0904939
-0.0753793
-0.0489216
-0.0232809
-0.00100026
0.0218573
0.0480227
0.0804196
0.114011
0.145556
0.169087
0.188177
0.203577
0.213872
0.219995
0.224446
0.229977
0.238726
0.248285
0.257572
0.269569
0.2864
0.311331
0.336344
0.354724
0.370356
0.383911
0.393743
0.39886
0.398848
0.391014
0.375216
0.345367
0.305445
0.258852
0.212488
0.173832
0.158082
0.16202
0.182711
0.22034
0.267488
0.314091
0.35767
0.399115
0.436243
0.468039
0.492654
0.509749
0.51487
0.512228
0.501291
0.481694
0.455803
0.422892
0.387351
0.353519
0.327171
0.306933
0.292148
0.28332
0.282322
0.293979
0.314857
0.345495
0.379067
0.409332
0.435972
0.460845
0.488962
0.516808
0.539252
0.559145
0.578747
0.595221
0.608886
0.618387
0.625335
0.630215
0.63257
0.633034
0.632829
0.629576
0.618287
0.591172
0.550203
0.503986
0.455749
0.405147
0.355152
0.307976
0.265871
0.227226
0.190383
0.154013
0.116602
0.0791524
0.0483128
0.0247456
0.00886423
-0.000148155
-0.00265174
-0.00164797
-0.00209273
-0.00841345
-0.02165
-0.0415725
-0.0645197
-0.0861602
-0.102444
-0.110425
-0.112903
-0.115974
-0.121748
-0.129495
-0.13763
-0.14599
-0.156953
-0.167581
-0.1732
-0.17359
-0.169458
-0.158992
-0.146686
-0.137324
-0.127466
-0.114318
-0.0999261
-0.0856406
-0.0731558
-0.0646085
-0.062462
-0.0675698
-0.0772393
-0.0864785
-0.0952468
-0.104935
-0.115175
-0.1259
-0.139583
-0.159588
-0.187532
-0.220202
-0.252444
-0.281912
-0.308817
-0.331692
-0.343144
-0.349554
-0.357568
-0.368993
-0.382002
-0.391299
-0.399676
-0.408861
-0.41295
-0.411174
-0.406
-0.39702
-0.38035
-0.357953
-0.331559
-0.298077
-0.261073
-0.226514
-0.197386
-0.175459
-0.158196
-0.141829
-0.124002
-0.106922
-0.0920373
-0.0781323
-0.0655021
-0.0566167
-0.0483523
-0.0365912
-0.0202648
0.000579053
0.0271467
0.0563723
0.0846699
0.112036
0.138434
0.16197
0.181815
0.193358
0.198188
0.197646
0.190763
0.180211
0.170692
0.163448
0.156108
0.145762
0.134344
0.127724
0.12148
0.109971
0.0893447
0.062788
0.0341574
0.00512864
-0.0230767
-0.0493554
-0.0716969
-0.0869394
-0.0931949
-0.0919376
-0.0805323
-0.0609615
-0.0312047
0.00136336
0.0306201
0.0533536
0.0693234
0.0745973
0.0712965
0.0630763
0.0497928
0.0314436
0.00542319
-0.0197611
-0.0406424
-0.0573774
-0.0686036
-0.0690556
-0.057367
-0.0361032
-0.00509181
0.0319747
0.0711416
0.107715
0.13978
0.169484
0.19426
0.205419
0.210685
0.215863
0.214919
0.206776
0.1918
0.174766
0.157245
0.138941
0.120949
0.106035
0.0930821
0.0813348
0.0731955
0.0690642
0.0726867
0.0814099
0.0914787
0.100212
0.107337
0.114701
0.121638
0.128487
0.136116
0.145018
0.155288
0.169052
0.189154
0.212855
0.237844
0.266491
0.295657
0.3214
0.342592
0.358044
0.364123
0.362517
0.353297
0.339469
0.321262
0.297304
0.271748
0.24958
0.230937
0.216412
0.209966
0.208728
0.211404
0.21917
0.230838
0.249386
0.274276
0.306773
0.342341
0.377373
0.407487
0.431783
0.443509
0.442053
0.426745
0.395533
0.352768
0.299522
0.242297
0.184678
0.125464
0.0697977
0.0236807
-0.00584314
-0.0211235
-0.022708
-0.0168469
-0.0072466
0.00486031
0.0158183
0.0192739
0.0152887
0.00667062
-0.00204324
-0.00747529
-0.00832502
-0.00366443
0.00560015
0.0166024
0.026668
0.0355597
0.0419074
0.0444802
0.0394789
0.0293577
0.0135481
-0.00499008
-0.0229424
-0.0354811
-0.0423299
-0.04258
-0.0355737
-0.0225413
-0.0111884
-0.00587997
-0.00904697
-0.0218822
-0.0444376
-0.0743969
-0.107033
-0.140063
-0.165571
-0.179684
-0.176526
-0.164293
-0.147598
-0.129612
-0.113805
-0.102611
-0.0982501
-0.102435
-0.112298
-0.123919
-0.137355
-0.150449
-0.162134
-0.170806
-0.176739
-0.177521
-0.173638
-0.162634
-0.147696
-0.132197
-0.116972
-0.0994989
-0.0748226
-0.0428403
-0.00647381
0.0328061
0.0736551
0.112457
0.139395
0.148055
0.140345
0.118966
0.0815411
0.0396694
0.00129248
-0.0330173
-0.0629398
-0.0849894
-0.0962486
-0.0997383
-0.0992432
-0.0952393
-0.0857115
-0.0743091
-0.0632488
-0.0521963
-0.0437749
-0.0424199
-0.0489697
-0.0636938
-0.0867296
-0.115437
-0.149479
-0.181231
-0.202729
-0.214713
-0.218249
-0.205249
-0.181215
-0.148192
-0.112873
-0.0801334
-0.0498828
-0.02269
0.000728063
0.0204669
0.0372387
0.0520419
0.0658893
0.0773287
0.0847843
0.0863693
0.0809643
0.0696748
0.0537417
0.0370619
0.0228314
0.0157533
0.0166406
0.0300535
0.0470492
0.0586279
0.0630541
0.0600546
0.0448965
0.020816
-0.00874058
-0.0480365
-0.0931364
-0.140831
-0.184295
-0.22276
-0.256475
-0.286053
-0.311327
-0.335265
-0.356764
-0.36926
-0.373626
-0.368948
-0.345841
-0.309589
-0.261401
-0.209547
-0.161803
-0.121897
-0.0936752
-0.0780433
-0.0740498
-0.0841717
-0.103777
-0.130135
-0.160119
-0.187253
-0.206755
-0.221874
-0.235032
-0.242044
-0.244501
-0.243408
-0.238071
-0.229701
-0.221169
-0.212891
-0.205026
-0.200365
-0.199733
-0.20299
-0.208744
-0.215114
-0.220306
-0.224389
-0.230481
-0.23901
-0.249892
-0.261651
-0.273221
-0.283773
-0.292391
-0.297466
-0.298948
-0.296537
-0.286216
-0.271307
-0.254071
-0.23643
-0.220104
-0.205175
-0.192454
-0.183189
-0.179564
-0.182275
-0.194821
-0.211767
-0.225859
-0.234841
-0.238037
-0.232029
-0.221162
-0.208379
-0.195824
-0.187234
-0.184289
-0.180271
-0.175074
-0.184948
-0.199872
-0.210055
-0.215848
-0.219095
-0.221842
-0.22443
-0.226505
-0.222386
-0.213627
-0.198975
-0.179463
-0.158277
-0.13988
-0.123428
-0.107833
-0.0922297
-0.0744972
-0.050294
-0.0220787
0.0063421
0.0353705
0.0648904
0.0919383
0.115738
0.134379
0.150007
0.165574
0.183699
0.205517
0.229616
0.253036
0.272656
0.289368
0.302452
0.306679
0.303764
0.296535
0.285303
0.271202
0.254587
0.23878
0.22788
0.22301
0.222204
0.223974
0.225673
0.225243
0.219588
0.206254
0.179259
0.143789
0.102733
0.0541487
0.00441522
-0.0392207
-0.0745652
-0.101007
-0.112765
-0.117946
-0.120736
-0.118202
-0.111361
-0.101552
-0.0887631
-0.0706343
-0.0510471
-0.0330904
-0.0174581
-0.00477177
0.00293092
0.00219645
-0.00615899
-0.0233197
-0.0472134
-0.0762095
-0.102043
-0.118538
-0.118332
-0.108562
-0.0938912
-0.0776994
-0.0649271
-0.0594933
-0.0610466
-0.0667838
-0.0753071
-0.0838669
-0.0911491
-0.0945873
-0.0895109
-0.0723063
-0.0475489
-0.0200798
0.00871747
0.0411797
0.0705453
0.0913853
0.100647
0.102281
0.0947874
0.0828765
0.0704521
0.0593076
0.0500026
0.0430956
0.0383105
0.0342294
0.0273381
0.0160466
-0.00155961
-0.0231625
-0.0450892
-0.063637
-0.0799526
-0.095222
-0.108757
-0.121142
-0.133642
-0.148583
-0.166632
-0.186012
-0.205484
-0.22602
-0.247154
-0.267224
-0.282486
-0.294337
-0.303668
-0.311495
-0.317861
-0.320014
-0.319171
-0.31716
-0.315029
-0.311359
-0.301894
-0.289557
-0.278239
-0.264512
-0.246465
-0.227399
-0.208519
-0.189481
-0.173856
-0.164066
-0.157959
-0.152913
-0.148048
-0.145212
-0.145367
-0.144912
-0.143504
-0.144619
-0.148532
-0.155076
-0.162647
-0.170371
-0.180382
-0.192123
-0.206031
-0.223341
-0.242697
-0.263017
-0.285679
-0.309854
-0.329558
-0.342227
-0.34641
-0.342384
-0.331714
-0.311471
-0.287587
-0.265605
-0.244701
-0.225511
-0.215629
-0.213791
-0.221854
-0.238369
-0.261442
-0.28621
-0.303705
-0.31125
-0.309308
-0.294823
-0.262061
-0.222796
-0.18256
-0.135659
-0.0894226
-0.0521058
-0.0206934
0.00659905
0.0258343
0.0370702
0.0401311
0.0382583
0.0334763
0.0294501
0.027073
0.0252061
0.0252406
0.0286383
0.0343138
0.0415095
0.0497622
0.0577568
0.0634883
0.0658071
0.0660845
0.0688349
0.0719386
0.072995
0.0718603
0.066364
0.0489897
0.0265239
0.00546326
-0.0130083
-0.0285879
-0.0388917
-0.0391548
-0.0281471
-0.0133879
0.00148435
0.0192626
0.0371845
0.0535893
0.0694611
0.0852864
0.0996663
0.112873
0.124423
0.13432
0.143083
0.151211
0.158161
0.161303
0.157398
0.145706
0.124946
0.101278
0.0788277
0.0575894
0.038848
0.0246767
0.0122456
-0.00178569
-0.0175949
-0.03519
-0.0543543
-0.0766323
-0.102657
-0.131695
-0.159156
-0.181475
-0.198704
-0.21121
-0.21177
-0.203131
-0.184773
-0.163474
-0.144609
-0.129381
-0.115781
-0.101025
-0.0847514
-0.0641652
-0.0313806
0.00789354
0.0438089
0.0752965
0.102096
0.122632
0.134939
0.132547
0.119748
0.101895
0.0849261
0.0715963
0.0634981
0.0616727
0.0654414
0.0745921
0.0863629
0.103326
0.124169
0.148089
0.171442
0.190077
0.199489
0.203392
0.203717
0.199177
0.191867
0.183832
0.176806
0.171296
0.166763
0.164755
0.168094
0.174607
0.182786
0.192767
0.201739
0.206067
0.203617
0.191819
0.166119
0.12707
0.071307
0.00669458
-0.053114
-0.0958778
-0.121092
-0.126263
-0.104823
-0.0677926
-0.0226567
0.0250934
0.071695
0.110681
0.140454
0.160818
0.17327
0.177329
0.175579
0.172126
0.170046
0.169606
0.169752
0.170134
0.17087
0.17477
0.1813
0.19113
0.203991
0.219547
0.239706
0.262919
0.287564
0.313047
0.337505
0.356088
0.368066
0.376846
0.385461
0.395091
0.403017
0.408017
0.409394
0.409222
0.407308
0.400575
0.389118
0.374217
0.357261
0.338093
0.316288
0.293261
0.269094
0.242011
0.212357
0.18357
0.15377
0.119966
0.0915776
0.073672
0.0677401
0.0671869
0.0685163
0.0748841
0.0849327
0.094859
0.102865
0.109944
0.117077
0.123959
0.128128
0.13263
0.137976
0.139324
0.136859
0.136224
0.136405
0.135662
0.134907
0.134877
0.135768
0.136955
0.1381
0.139654
0.141097
0.14202
0.144223
0.148391
0.151206
0.152495
0.154429
0.15535
0.153139
0.148332
0.142031
0.135872
0.132768
0.133792
0.134344
0.133276
0.130907
0.126012
0.115768
0.0961931
0.070439
0.0411538
0.0087971
-0.0234533
-0.0513746
-0.0799441
-0.112162
-0.140043
-0.162973
-0.180883
-0.194822
-0.203725
-0.204124
-0.199363
-0.193061
-0.187208
-0.184103
-0.186052
-0.19117
-0.197678
-0.207565
-0.219506
-0.229478
-0.237841
-0.246598
-0.255542
-0.263686
-0.268208
-0.272273
-0.27653
-0.27637
-0.272102
-0.265204
-0.256145
-0.245797
-0.232752
-0.216275
-0.191374
-0.164148
-0.138696
-0.113357
-0.089566
-0.0762236
-0.075585
-0.0867124
-0.104008
-0.12358
-0.148617
-0.175082
-0.197261
-0.209801
-0.216476
-0.222215
-0.225056
-0.224278
-0.219418
-0.213674
-0.208475
-0.203472
-0.199569
-0.200337
-0.203152
-0.206199
-0.210415
-0.215502
-0.219806
-0.223376
-0.225092
-0.222359
-0.217516
-0.214829
-0.211354
-0.204883
-0.195285
-0.182219
-0.15979
-0.132011
-0.103146
-0.0752382
-0.0501567
-0.0302264
-0.0142836
-0.000899039
0.0107132
0.0221914
0.0349622
0.0487067
0.0637171
0.0815345
0.100242
0.114483
0.124234
0.12763
0.122373
0.110803
0.0952866
0.0780935
0.0586244
0.0370979
0.0172726
0.00317723
-0.0100523
-0.0252331
-0.039383
-0.0529541
-0.067611
-0.0824037
-0.096659
-0.110941
-0.123636
-0.132098
-0.132328
-0.125892
-0.110039
-0.0867014
-0.060461
-0.0372784
-0.0165766
0.00734782
0.030604
0.0505953
0.0677321
0.0820728
0.0876689
0.0859683
0.0786223
0.0647584
0.0448045
0.0185282
-0.0063506
-0.0275292
-0.0486954
-0.0679872
-0.0825206
-0.0918726
-0.0988585
-0.104816
-0.107318
-0.103982
-0.0943036
-0.0791567
-0.057605
-0.0330696
-0.00808162
0.0169775
0.0398785
0.0581449
0.0731495
0.0854247
0.0925262
0.095624
0.095419
0.093709
0.0913519
0.0879086
0.0841211
0.0809073
0.0788857
0.0781204
0.0784402
0.0789141
0.0783274
0.0754933
0.0713992
0.067866
0.0654326
0.0639558
0.0614502
0.0569028
0.0504203
0.0437413
0.0359243
0.021113
0.00213695
-0.017096
-0.0334218
-0.0454041
-0.0527161
-0.0570645
-0.0590114
-0.0545996
-0.0433895
-0.0240317
-0.000691229
0.0240206
0.0514217
0.0798698
0.105211
0.123032
0.134141
0.141807
0.14748
0.151356
0.155045
0.15913
0.162673
0.166523
0.170831
0.172866
0.173316
0.176261
0.17874
0.178534
0.179109
0.181028
0.184002
0.18781
0.190358
0.18652
0.178392
0.169449
0.158306
0.144664
0.131691
0.125037
0.127595
0.127418
0.122229
0.123247
0.124988
0.122168
0.117796
0.113957
0.111138
0.1104
0.112581
0.118052
0.126125
0.137143
0.149061
0.160632
0.172185
0.18422
0.196216
0.205452
0.211224
0.216941
0.221124
0.21961
0.216281
0.214715
0.216376
0.219637
0.221772
0.222949
0.223006
0.220512
0.214916
0.206592
0.196731
0.186483
0.17556
0.16489
0.154834
0.145908
0.137294
0.127687
0.114971
0.0998614
0.0832164
0.063235
0.0374297
0.00806031
-0.0197865
-0.041178
-0.0591134
-0.0754778
-0.0894978
-0.101216
-0.109685
-0.113843
-0.113392
-0.107335
-0.100576
-0.0957335
-0.0902015
-0.0837283
-0.0793501
-0.0786718
-0.0826564
-0.0909839
-0.100667
-0.110516
-0.122557
-0.136127
-0.143948
-0.145778
-0.143948
-0.138774
-0.130375
-0.11695
-0.103536
-0.0945344
-0.0890634
-0.0866171
-0.0909166
-0.0987023
-0.107523
-0.114319
-0.115826
-0.107896
-0.0961152
-0.0845706
-0.0703222
-0.0539239
-0.0370368
-0.0240753
-0.018208
-0.0187205
-0.0215135
-0.0237094
-0.0255964
-0.0273183
-0.0273851
-0.0265003
-0.0261156
-0.0263289
-0.0275751
-0.0310596
-0.035487
-0.0394698
-0.0445217
-0.05179
-0.0605441
-0.0699304
-0.0788769
-0.0843416
-0.0847795
-0.0820848
-0.0759327
-0.0627643
-0.0448497
-0.024486
-0.00385084
0.0158901
0.0326717
0.0436643
0.0487189
0.0522805
0.0562981
0.056988
0.0539979
0.0489411
0.0482929
0.052182
0.0598865
0.0696997
0.081189
0.0962895
0.113254
0.126789
0.136376
0.143247
0.148235
0.152238
0.154159
0.154363
0.153107
0.152556
0.153759
0.157131
0.160101
0.159979
0.156399
0.148452
0.131367
0.108196
0.0815229
0.0524201
0.025033
0.00301865
-0.0141807
-0.0262507
-0.0297851
-0.0277146
-0.0213731
-0.0114902
0.000262108
0.00736244
0.00860628
0.00460387
-0.00385765
-0.0173176
-0.0380077
-0.0636475
-0.0932337
-0.123841
-0.151227
-0.168883
-0.180671
-0.189272
-0.189095
-0.180255
-0.163175
-0.140315
-0.109211
-0.0735038
-0.0372054
-0.00358991
0.0245167
0.0444272
0.060412
0.0761581
0.0923312
0.109402
0.12691
0.143732
0.157827
0.167213
0.171087
0.167985
0.159373
0.149383
0.144883
0.144294
0.140576
0.136903
0.135989
0.138937
0.144473
0.151851
0.159242
0.165311
0.166696
0.162151
0.148951
0.132136
0.114163
0.0959951
0.0806409
0.0747735
0.074802
0.0776328
0.0811675
0.0833912
0.0827438
0.0754897
0.0557559
0.0245617
-0.0115041
-0.0466363
-0.0797106
-0.110945
-0.134429
-0.150937
-0.154876
-0.146819
-0.12783
-0.101213
-0.0717426
-0.043685
-0.0184314
0.00338652
0.0214869
0.0353424
0.0429908
0.0476769
0.0522956
0.0584892
0.0665624
0.077076
0.0904763
0.111629
0.137623
0.165296
0.191092
0.214056
0.23636
0.255703
0.268341
0.275607
0.278468
0.27489
0.266171
0.247324
0.218641
0.179394
0.129361
0.0767766
0.0312537
-0.00418406
-0.0334063
-0.0601905
-0.0805299
-0.0921685
-0.103975
-0.118386
-0.130383
-0.140856
-0.150524
-0.157049
-0.16115
-0.165683
-0.167941
-0.164452
-0.155205
-0.142861
-0.130653
-0.116035
-0.0936111
-0.0662283
-0.0379751
-0.0123022
0.00973286
0.0246753
0.0322824
0.032914
0.0252827
0.0121523
-0.00849858
-0.0315333
-0.0512221
-0.0678319
-0.0822247
-0.0943543
-0.102925
-0.102755
-0.0966967
-0.087369
-0.0760752
-0.065145
-0.0562016
-0.0468844
-0.035018
-0.0259918
-0.0214883
-0.0197882
-0.0186681
-0.0167748
-0.0148511
-0.0128618
-0.00968806
-0.0068686
-0.00856176
-0.0132064
-0.0188866
-0.0266182
-0.0369507
-0.0522342
-0.0673877
-0.0793026
-0.0912251
-0.103174
-0.110292
-0.110926
-0.106304
-0.100223
-0.0918941
-0.0755112
-0.0607881
-0.0540685
-0.0481579
-0.0407002
-0.0352516
-0.0326051
-0.0332462
-0.0361689
-0.0403284
-0.0471316
-0.0557324
-0.0662449
-0.0792899
-0.0944049
-0.107808
-0.115914
-0.115918
-0.114648
-0.114709
-0.111343
-0.105913
-0.101822
-0.0999567
-0.100666
-0.103714
-0.107986
-0.113428
-0.121431
-0.132772
-0.14568
-0.157752
-0.167886
-0.1763
-0.182756
-0.18399
-0.179871
-0.165577
-0.14512
-0.123133
-0.103093
-0.0868501
-0.075715
-0.0707827
-0.0756716
-0.0868711
-0.0980918
-0.105069
-0.107831
-0.105597
-0.0943975
-0.0748332
-0.045568
-0.0132111
0.0161449
0.0419494
0.0627734
0.0715033
0.0685373
0.0580639
0.0458732
0.0330118
0.0180907
0.00264984
-0.00676846
-0.0106548
-0.0113252
-0.0120028
-0.012759
-0.0104204
-0.00824047
-0.0110188
-0.017566
-0.0254884
-0.0331721
-0.0419482
-0.0516049
-0.0564617
-0.0564295
-0.0588902
-0.0647102
-0.0734044
-0.0808507
-0.0850489
-0.0852994
-0.0820363
-0.0758195
-0.0691963
-0.063644
-0.0591407
-0.055991
-0.0547105
-0.0546367
-0.0550192
-0.0549877
-0.0536445
-0.0490002
-0.0418453
-0.0326364
-0.0201381
-0.00609799
0.00444916
0.00990324
0.0102817
0.00609287
-0.000431534
-0.00782051
-0.0161423
-0.0274938
-0.0400174
-0.0513522
-0.0578532
-0.0612403
-0.0622434
-0.0610423
-0.0585363
-0.0552902
-0.0533695
-0.055105
-0.0598943
-0.0667237
-0.0767921
-0.0889527
-0.102294
-0.11626
-0.129134
-0.138265
-0.143911
-0.146579
-0.147222
-0.146826
-0.143304
-0.135786
-0.124117
-0.110119
-0.0955646
-0.0808973
-0.0677551
-0.0599948
-0.0599835
-0.065354
-0.0726244
-0.0811259
-0.091869
-0.100919
-0.106051
-0.106056
-0.102786
-0.0951852
-0.0817967
-0.0652401
-0.0510501
-0.0419331
-0.0385901
-0.0382648
-0.0397253
-0.0462635
-0.0557031
-0.0661783
-0.0758575
-0.0828474
-0.0833307
-0.0790025
-0.0706628
-0.0612892
-0.052931
-0.0458856
-0.0410017
-0.0404741
-0.0427605
-0.0465863
-0.0520894
-0.0585913
-0.0646417
-0.0690944
-0.0712203
-0.0735418
-0.0778188
-0.0841746
-0.0911593
-0.0979402
-0.105362
-0.112357
-0.11546
-0.115306
-0.112768
-0.109666
-0.107407
-0.105263
-0.104117
-0.104151
-0.104477
-0.105474
-0.112892
-0.126965
-0.14435
-0.155759
-0.160713
-0.167649
-0.175331
-0.178956
-0.179303
-0.177167
-0.169134
-0.15683
-0.142676
-0.127717
-0.111989
-0.0959272
-0.0818901
-0.0751409
-0.0718197
-0.0674144
-0.0613248
-0.0535545
-0.0460005
-0.0382331
-0.0294464
-0.0182589
-0.00517404
0.00951443
0.025227
0.0430625
0.0623344
0.0815448
0.0972067
0.109775
0.119541
0.126903
0.131748
0.133224
0.132907
0.131071
0.127308
0.121371
0.114751
0.108901
0.104643
0.0997538
0.0922145
0.0819311
0.0686761
0.0509735
0.0297605
0.00579868
-0.0194746
-0.0410075
-0.0534147
-0.0588385
-0.0590969
-0.0528382
-0.0425548
-0.0271953
-0.0101706
0.00678706
0.0234463
0.038546
0.0472081
0.050272
0.0472033
0.0410498
0.0343914
0.0268053
0.0202144
0.0160812
0.0128458
0.00994942
0.0103846
0.0137494
0.0204674
0.0291672
0.0382116
0.0473618
0.056716
0.0676292
0.0807547
0.0959368
0.110176
0.123198
0.136511
0.150712
0.164628
0.174368
0.179757
0.182799
0.182177
0.177246
0.17089
0.16379
0.152975
0.142023
0.134184
0.129962
0.128086
0.126848
0.126005
0.125384
0.122192
0.115719
0.107002
0.0996556
0.0955088
0.093938
0.0949959
0.101697
0.112719
0.127577
0.143161
0.158126
0.174565
0.190421
0.201989
0.209323
0.213548
0.216692
0.219237
0.219843
0.220276
0.221875
0.224802
0.227904
0.229666
0.230696
0.232039
0.233797
0.235063
0.234089
0.233528
0.235072
0.236665
0.237459
0.237606
0.236872
0.235067
0.232608
0.229532
0.224766
0.218326
0.209601
0.197081
0.181879
0.16758
0.155259
0.14499
0.136925
0.129707
0.12202
0.113302
0.103835
0.0939181
0.0826317
0.0659721
0.045737
0.0230443
-0.00394187
-0.033307
-0.0612072
-0.0828164
-0.0979621
-0.108992
-0.117282
-0.121556
-0.118931
-0.110282
-0.0966261
-0.0794617
-0.0591582
-0.0388431
-0.0213374
-0.00811665
0.00239334
0.0106977
0.0166384
0.0201206
0.0218265
0.0233251
0.027122
0.0335871
0.0421187
0.0516542
0.0614168
0.0716281
0.0816788
0.091702
0.102617
0.113571
0.121651
0.128864
0.138035
0.145442
0.147333
0.142618
0.133059
0.119748
0.10564
0.0924785
0.0796416
0.068856
0.0633771
0.0634258
0.0686229
0.077581
0.0877905
0.0983891
0.107096
0.112022
0.112342
0.110903
0.108286
0.101007
0.0877667
0.07463
0.0630152
0.051325
0.0415762
0.0370164
0.0403828
0.0482802
0.0571561
0.065833
0.0735885
0.0805115
0.086038
0.0890533
0.0892859
0.085862
0.0758553
0.0605872
0.0433593
0.0265184
0.0118317
0.00343208
-0.000629813
-0.00212993
-0.00236649
-0.00203023
-0.00164246
-0.00178308
-0.00271076
-0.00305946
-0.00242075
-0.0019425
-0.000879383
0.00417387
0.0106593
0.0163196
0.0213676
0.0255368
0.0271129
0.0259726
0.0200929
0.00949369
-0.00226366
-0.00977705
-0.0151191
-0.0211246
-0.0265837
-0.0318271
-0.0381326
-0.045534
-0.0537651
-0.0627248
-0.0710463
-0.0764274
-0.0790536
-0.0795464
-0.0792054
-0.078394
-0.0735555
-0.0665357
-0.0583238
-0.0500191
-0.0428761
-0.0390649
-0.0376503
-0.0391229
-0.04444
-0.0523371
-0.0613873
-0.0710112
-0.0811848
-0.0892433
-0.0936616
-0.0936007
-0.0920897
-0.0908193
-0.0879854
-0.0842342
-0.0821361
-0.0812952
-0.0805542
-0.0801484
-0.0800576
-0.081492
-0.0844618
-0.0897789
-0.0958429
-0.101232
-0.105091
-0.10833
-0.111455
-0.113529
-0.114293
-0.113664
-0.112461
-0.111271
-0.110524
-0.110576
-0.111145
-0.110832
-0.108096
-0.104218
-0.0990641
-0.0898564
-0.0787992
-0.068342
-0.0588438
-0.0506389
-0.0438606
-0.0385752
-0.0350051
-0.0342261
-0.0357491
-0.0404404
-0.0485235
-0.0595097
-0.0672471
-0.0703044
-0.0716373
-0.0717354
-0.068997
-0.0633906
-0.0569323
-0.0523144
-0.0483689
-0.043482
-0.0409905
-0.041313
-0.0422826
-0.0446149
-0.0506018
-0.0585991
-0.0665238
-0.0732873
-0.0785575
-0.0811409
-0.078371
-0.0712103
-0.0617688
-0.0508934
-0.0379358
-0.0250944
-0.0147733
-0.0100274
-0.011176
-0.0186435
-0.0287987
-0.0396743
-0.0524621
-0.0646645
-0.0724338
-0.0744467
-0.071162
-0.0608256
-0.0467095
-0.0317527
-0.0145279
0.00603665
0.0271392
0.0461095
0.0623414
0.0794523
0.09874
0.115458
0.12989
0.144008
0.156797
0.166342
0.17066
0.170191
0.166316
0.160693
0.153759
0.14524
0.136016
0.12681
0.118065
0.109207
0.0987945
0.0876029
0.0769058
0.0655282
0.0538629
0.0442573
0.0361625
0.0271701
0.0161829
0.00373369
-0.00813434
-0.0197074
-0.030601
-0.0394516
-0.0471581
-0.0558386
-0.0616442
-0.0626961
-0.0641398
-0.0673477
-0.0685123
-0.0675945
-0.0654683
-0.0634157
-0.06187
-0.0610132
-0.0602717
-0.0591095
-0.0574881
-0.0559369
-0.0554912
-0.0558686
-0.0562302
-0.0560468
-0.0558358
-0.0563047
-0.0545071
-0.0489241
-0.0419286
-0.0349307
-0.0267553
-0.0178304
-0.00943683
-0.00474174
-0.00300497
-0.0039068
-0.00641411
-0.00908214
-0.00999605
-0.00944437
-0.0084843
-0.0067495
-0.00407908
-0.000755573
0.00351974
0.00980761
0.0173929
0.0257583
0.0345841
0.0423787
0.0468943
0.0471088
0.043404
0.0368951
0.0260073
0.0080756
-0.00708407
-0.0158602
-0.0212487
-0.0239161
-0.0223875
-0.0177257
-0.0122576
-0.00756656
-0.00353045
-0.000922589
-0.00377871
-0.0111425
-0.0176178
-0.0225848
-0.0270874
-0.0318018
-0.036588
-0.0397774
-0.0415614
-0.0418308
-0.03947
-0.0346843
-0.0266913
-0.0138101
0.00464733
0.024388
0.0424911
0.0580005
0.0717256
0.0814989
0.0822601
0.075583
0.067249
0.0601514
0.0532275
0.0439591
0.0327191
0.0239731
0.0194801
0.0202731
0.0267083
0.0375729
0.0514039
0.0664171
0.0825345
0.100428
0.118078
0.130503
0.139248
0.145353
0.146662
0.142
0.127188
0.108335
0.0902525
0.0739115
0.0590745
0.0471623
0.0405534
0.0399553
0.0430464
0.0477029
0.0549736
0.064141
0.0741609
0.0818255
0.0866856
0.0892098
0.0906465
0.0906567
0.0869921
0.0813258
0.0750724
0.0654879
0.0510374
0.0348631
0.0194012
0.00483052
-0.00842784
-0.0190906
-0.0234201
-0.0260581
-0.0299221
-0.0331996
-0.0371266
-0.0459028
-0.055892
-0.0644075
-0.0746465
-0.0858161
-0.094096
-0.0985604
-0.099536
-0.0980785
-0.095553
-0.0912103
-0.0849107
-0.0776082
-0.0734988
-0.0724994
-0.0730907
-0.0747753
-0.077387
-0.0812277
-0.0858193
-0.090035
-0.0906363
-0.0876485
-0.0826437
-0.075476
-0.0648321
-0.0529334
-0.0411397
-0.0292194
-0.0189223
-0.0132369
-0.011754
-0.0137821
-0.0180443
-0.0226329
-0.027036
-0.0310682
-0.0344231
-0.0345848
-0.0309549
-0.0232687
-0.013731
-0.00266652
0.0132238
0.0309357
0.0461982
0.0603217
0.0742938
0.0866536
0.0976374
0.107305
0.11593
0.123525
0.129809
0.134541
0.135276
0.131442
0.121641
0.10214
0.0756302
0.0440443
0.0114598
-0.0180464
-0.0389749
-0.0536763
-0.0628365
-0.0661095
-0.0646048
-0.0562822
-0.0468168
-0.0397532
-0.0327762
-0.0250899
-0.0192941
-0.0146789
-0.00978212
-0.00285769
0.00540088
0.0119672
0.0166756
0.0206208
0.0239166
0.0261238
0.0248876
0.0212182
0.0164859
0.0117716
0.0084688
0.00865162
0.0100283
0.0113744
0.0160596
0.0244542
0.0358543
0.0499847
0.0674417
0.0836284
0.0960578
0.105125
0.111202
0.114166
0.113766
0.111102
0.104907
0.0952317
0.081793
0.0693665
0.0606517
0.0573024
0.0574053
0.0614296
0.0698929
0.0808609
0.0916502
0.100011
0.103015
0.100161
0.0937386
0.0849205
0.0736373
0.0576319
0.0391298
0.0195328
-0.00233277
-0.0246255
-0.0449602
-0.0619278
-0.0776361
-0.0952794
-0.112614
-0.127785
-0.142032
-0.156569
-0.170564
-0.181123
-0.189147
-0.198881
-0.208323
-0.213154
-0.215218
-0.216504
-0.21604
-0.21365
-0.209378
-0.20549
-0.202587
-0.19915
-0.194271
-0.187107
-0.177594
-0.165736
-0.150145
-0.13337
-0.118366
-0.104309
-0.0909267
-0.0805324
-0.0727889
-0.0688637
-0.068329
-0.0697848
-0.0705119
-0.0701732
-0.0696645
-0.0673164
-0.0626865
-0.0576875
-0.0525851
-0.045044
-0.0364543
-0.0281973
-0.0209935
-0.0154809
-0.012982
-0.0128307
-0.0149594
-0.0208333
-0.0291859
-0.0372062
-0.0442013
-0.0497396
-0.0507814
-0.0481391
-0.0407958
-0.0300914
-0.0176929
-0.00605028
0.00315476
0.00900096
0.0127298
0.0146711
0.0149027
0.0153989
0.0185754
0.0229222
0.0256736
0.0268939
0.0270849
0.0279784
0.0290979
0.0298175
0.0292304
0.0277907
0.0255091
0.0215496
0.0147353
0.00909856
0.00627209
0.00544003
0.00620545
0.0105234
0.0197485
0.0324697
0.0465236
0.0606585
0.0742138
0.0858644
0.0954687
0.1033
0.109837
0.115165
0.119579
0.123593
0.127424
0.130266
0.130675
0.130102
0.128774
0.125233
0.121152
0.119231
0.118786
0.119072
0.120189
0.122898
0.12799
0.133182
0.137342
0.142217
0.146882
0.149854
0.152527
0.155285
0.155115
0.152486
0.148141
0.143141
0.138324
0.13417
0.130431
0.126275
0.120711
0.112818
0.102126
0.0890946
0.0750206
0.0643267
0.057575
0.0514875
0.0454847
0.0407774
0.0382269
0.0366219
0.0336207
0.029905
0.0265204
0.0210092
0.0134244
0.00664748
0.00146624
-0.00213081
-0.00374301
-0.00322736
-6.78434e-06
0.00285288
0.00223671
-0.00117218
-0.00656316
-0.0151134
-0.0250961
-0.0354377
-0.0450472
-0.0520552
-0.0530975
-0.0508457
-0.0461779
-0.0366091
-0.0235573
-0.00969247
0.0041559
0.0180919
0.0290384
0.0362049
0.0389375
0.0384186
0.0355826
0.0324249
0.029587
0.0261893
0.0229928
0.0217226
0.0223626
0.0237624
0.0240563
0.0232555
0.0226994
0.0240274
0.0268122
0.0290673
0.0317521
0.0369088
0.0432971
0.0498402
0.0565959
0.0628118
0.0673259
0.0700968
0.0712546
0.0706258
0.0679371
0.0619798
0.0542951
0.0461435
0.0374242
0.0271616
0.0146327
0.00387155
-0.00363838
-0.00941221
-0.0144169
-0.0183642
-0.019107
-0.0166989
-0.0113207
-0.00317
0.0081387
0.018724
0.028223
0.0411557
0.0546663
0.0643559
0.0738743
0.0860671
0.0984731
0.109504
0.118783
0.12821
0.13816
0.14656
0.154218
0.162057
0.166571
0.166475
0.166217
0.165532
0.158995
0.149903
0.140558
0.127837
0.112526
0.0966977
0.082457
0.0702316
0.0600817
0.0519971
0.0468167
0.0442005
0.0419883
0.0372235
0.0312294
0.0268907
0.0227284
0.018055
0.0133381
0.00919531
0.00689285
0.00786287
0.0107389
0.0129294
0.014942
0.0177028
0.0178372
0.0139633
0.00500818
-0.00696398
-0.021661
-0.0381856
-0.0554314
-0.0726993
-0.0874811
-0.0990795
-0.110041
-0.120426
-0.127523
-0.134013
-0.14067
-0.143479
-0.144901
-0.149135
-0.154068
-0.15811
-0.162803
-0.168175
-0.173722
-0.17937
-0.184805
-0.188296
-0.189325
-0.187844
-0.185745
-0.183324
-0.178373
-0.172454
-0.167546
-0.161998
-0.155948
-0.152204
-0.149728
-0.146535
-0.144224
-0.143198
-0.14318
-0.144971
-0.149328
-0.152384
-0.152989
-0.152774
-0.151092
-0.146743
-0.142373
-0.139373
-0.136816
-0.134722
-0.132657
-0.129052
-0.123959
-0.119873
-0.116984
-0.114433
-0.110984
-0.106816
-0.103755
-0.102371
-0.10301
-0.104797
-0.106045
-0.105321
-0.104795
-0.107834
-0.111471
-0.113187
-0.112222
-0.111431
-0.113497
-0.116126
-0.118207
-0.119688
-0.119483
-0.116429
-0.113744
-0.112823
-0.111873
-0.110885
-0.110561
-0.111919
-0.114858
-0.118877
-0.122456
-0.125459
-0.129247
-0.133191
-0.133554
-0.131155
-0.127812
-0.124952
-0.122147
-0.116569
-0.109779
-0.103328
-0.0961982
-0.0872925
-0.0758817
-0.0661779
-0.0600875
-0.0537261
-0.046977
-0.044351
-0.0443926
-0.0452574
-0.0475076
-0.0507567
-0.0548985
-0.0601957
-0.06675
-0.072477
-0.0766804
-0.0782119
-0.0753886
-0.0685225
-0.0620648
-0.0553195
-0.0425401
-0.0284871
-0.0174373
-0.00834105
-0.000747349
0.0037457
0.00379096
-0.000690251
-0.00765961
-0.015535
-0.0241359
-0.0305414
-0.0327391
-0.0304366
-0.0257527
-0.0182026
-0.0084576
0.00193743
0.00964744
0.0154108
0.0209491
0.0253711
0.0285557
0.0334879
0.0412279
0.0506281
0.0594021
0.0669341
0.074864
0.0823124
0.0854454
0.0866044
0.0881915
0.0895263
0.0902872
0.0895495
0.0872939
0.0835601
0.0786213
0.0720611
0.0624503
0.0534739
0.0461338
0.0350414
0.0229091
0.0154127
0.0104463
0.00688976
0.00599398
0.00498402
0.000862066
-0.00250095
-0.00290517
-0.000759463
0.00327788
0.00877884
0.0153566
0.0223577
0.0297545
0.0365441
0.0420017
0.0465972
0.0504749
0.051159
0.0485558
0.0428521
0.036188
0.0296638
0.0226806
0.0153868
0.00800371
0.0005899
-0.00672151
-0.013713
-0.0210242
-0.0299908
-0.0401684
-0.0488032
-0.0527372
-0.0584549
-0.0687082
-0.07389
-0.0744191
-0.0743498
-0.0731475
-0.0695541
-0.06425
-0.0590608
-0.056206
-0.0547371
-0.0539958
-0.0544625
-0.0546487
-0.0513038
-0.0456843
-0.0398466
-0.0347686
-0.0304784
-0.0257476
-0.0201582
-0.0130478
-0.00515885
0.00205768
0.00593619
0.00853336
0.0108451
0.0107381
0.00937427
0.00937131
0.0100397
0.00947293
0.00598399
0.00123748
-0.000551498
0.000418267
0.00213436
0.000761299
-0.00268842
-0.00544375
-0.00906843
-0.014586
-0.0202127
-0.0246004
-0.0273649
-0.0293967
-0.0312873
-0.0326927
-0.0342486
-0.0366066
-0.039509
-0.0424951
-0.0453238
-0.0474252
-0.0479531
-0.0464401
-0.0434859
-0.0395765
-0.0353918
-0.0314139
-0.0285239
-0.0274265
-0.0285735
-0.0314822
-0.0358179
-0.039897
-0.0433528
-0.0473307
-0.0511526
-0.0530438
-0.0520563
-0.0480076
-0.0394015
-0.0276332
-0.0146045
-0.00136911
0.0117441
0.0249968
0.0367955
0.0444364
0.0474922
0.0465447
0.0431839
0.0376531
0.0281301
0.018229
0.00970313
0.00292651
-0.001309
-0.00210808
-0.00246638
-0.00321128
-0.00170121
0.000434165
0.000186343
-0.00195703
-0.00514726
-0.0097884
-0.0149657
-0.0195271
-0.0235119
-0.0272193
-0.0303581
-0.0326086
-0.0326816
-0.0304558
-0.027183
-0.0254144
-0.0260049
-0.0303767
-0.0368885
-0.0413319
-0.0393489
-0.036753
-0.0391865
-0.0393313
-0.0356432
-0.0311907
-0.0253791
-0.0158512
-0.00761725
-0.00356403
-0.00513361
-0.0104302
-0.0192704
-0.030059
-0.0410601
-0.0521638
-0.0619666
-0.0702094
-0.0776927
-0.0842601
-0.0874873
-0.0888254
-0.0890755
-0.0870749
-0.0832737
-0.0793642
-0.0755736
-0.0714256
-0.0663924
-0.0600029
-0.0528381
-0.0482991
-0.0480786
-0.0490147
-0.0504529
-0.0551015
-0.0619327
-0.0695782
-0.0778164
-0.0859211
-0.0927482
-0.0972251
-0.0992337
-0.0991334
-0.0972513
-0.0910316
-0.0829846
-0.0750322
-0.0666407
-0.0579218
-0.0496814
-0.0427437
-0.0373455
-0.0326051
-0.0284432
-0.0255101
-0.0223602
-0.0177777
-0.0126713
-0.00793548
-0.00483162
-0.00257184
-0.00131139
-0.00287634
-0.00662274
-0.00882317
-0.00868899
-0.00695532
-0.00594993
-0.00665309
-0.00784663
-0.00704893
-0.00357626
-0.000579775
0.00167639
0.0061594
0.011343
0.0144101
0.0132218
0.00922608
0.00744099
0.0071398
0.00582294
0.00245207
-0.000774278
0.00094408
0.00395648
0.00490752
0.00463052
0.00439465
0.00443473
0.0021253
-0.00352656
-0.00886191
-0.012419
-0.014341
-0.0161993
-0.0182838
-0.0176153
-0.0153907
-0.0132827
-0.00970608
-0.00455675
-0.00192006
-0.000815032
0.00205423
0.00419908
0.00371888
0.00296284
0.00334215
0.00472922
0.00463448
0.00319464
0.00560215
0.00963759
0.00884805
0.00650563
0.00530087
0.00308331
0.00121226
0.00252282
0.0064501
0.0120727
0.0193001
0.0273816
0.0372091
0.0480012
0.0588514
0.0676582
0.073949
0.0758155
0.0750687
0.0729211
0.0683489
0.0626106
0.056906
0.0511032
0.0452513
0.0397212
0.0329849
0.0226189
0.0145588
0.0141722
0.0194191
0.0257818
0.0297559
0.0347075
0.0422408
0.0484054
0.0530904
0.0581919
0.0630783
0.0683782
0.0771205
0.0876294
0.095142
0.100245
0.104238
0.108138
0.112092
0.114196
0.113029
0.107945
0.100986
0.0943102
0.0888218
0.0829222
0.0761845
0.0714393
0.067452
0.0624178
0.0603971
0.0636221
0.0669227
0.0686359
0.0705426
0.0747505
0.081804
0.0884255
0.0938378
0.0988135
0.10403
0.110041
0.116575
0.123022
0.127963
0.13146
0.133628
0.134479
0.134502
0.133227
0.130812
0.127413
0.123577
0.120595
0.120639
0.122093
0.122459
0.12161
0.122125
0.128468
0.132982
0.130706
0.127565
0.126015
0.125056
0.122356
0.115281
0.104536
0.0962003
0.096524
0.0977565
0.0938125
0.0866193
0.0796768
0.0755046
0.0722428
0.0692263
0.0687416
0.0712519
0.077624
0.0872551
0.097843
0.104365
0.107992
0.113305
0.120644
0.129379
0.136002
0.140006
0.141506
0.144021
0.149296
0.154093
0.15787
0.162393
0.168403
0.175223
0.180091
0.183637
0.187697
0.190771
0.191449
0.189858
0.186421
0.180986
0.174546
0.168134
0.162373
0.156663
0.148088
0.137
0.124719
0.113063
0.102076
0.0905648
0.0796814
0.0706964
0.0646044
0.0606947
0.058839
0.0586787
0.0600513
0.0621069
0.0634698
0.0621971
0.0592557
0.0557436
0.051084
0.0455795
0.0382832
0.029041
0.0202578
0.0183948
0.0196116
0.0175843
0.0164041
0.0195252
0.0254766
0.0321737
0.0386892
0.0445856
0.0498272
0.0549258
0.0594481
0.0625276
0.0665893
0.0725071
0.0762625
0.0773126
0.0758141
0.0728979
0.0695092
0.0648469
0.058558
0.0487992
0.038684
0.0309051
0.0249799
0.0192729
0.0119426
0.00427742
-0.00266779
-0.00992779
-0.01815
-0.028937
-0.0410109
-0.0517135
-0.0578909
-0.0617504
-0.0667563
-0.0713471
-0.0749126
-0.079333
-0.0849495
-0.0903431
-0.094827
-0.0991764
-0.106425
-0.113706
-0.117883
-0.123424
-0.130945
-0.132012
-0.129516
-0.129857
-0.129799
-0.126578
-0.12183
-0.116439
-0.11074
-0.10658
-0.103752
-0.0975621
-0.0890212
-0.0806547
-0.0707161
-0.0588236
-0.0485937
-0.0403115
-0.0323272
-0.0246352
-0.0172526
-0.011076
-0.00705179
-0.00683741
-0.00703324
-0.00631295
-0.00866481
-0.0140629
-0.0181591
-0.0196865
-0.0192453
-0.0178719
-0.0152965
-0.0088792
-0.000533406
0.00804062
0.0167727
0.0252456
0.0328267
0.0394989
0.0454553
0.0505686
0.0540021
0.0529468
0.0503909
0.0488821
0.0474275
0.0456594
0.0444838
0.0448867
0.0481131
0.0528186
0.0576694
0.0623155
0.0659786
0.0683964
0.070826
0.0734175
0.0735227
0.0713757
0.0680994
0.0652747
0.0628363
0.0593003
0.0557098
0.0537841
0.0524784
0.0515225
0.0525149
0.0547217
0.056581
0.0577377
0.0578941
0.0571239
0.0560617
0.0554216
0.0548276
0.0536039
0.0508738
0.0474805
0.0444979
0.041913
0.0401054
0.0398903
0.0397296
0.0373494
0.0332294
0.0280746
0.0222858
0.0159017
0.00777317
-0.00233084
-0.0138874
-0.0243577
-0.0337824
-0.0429312
-0.0506367
-0.0569213
-0.0632584
-0.070361
-0.0780691
-0.0848968
-0.0905332
-0.0960185
-0.101563
-0.106601
-0.110108
-0.112227
-0.113855
-0.115552
-0.117865
-0.121434
-0.126144
-0.131382
-0.136866
-0.142882
-0.149904
-0.157219
-0.163198
-0.168498
-0.174329
-0.179114
-0.181834
-0.181071
-0.17753
-0.172416
-0.169596
-0.168831
-0.163215
-0.153148
-0.141312
-0.13002
-0.120286
-0.112052
-0.104045
-0.0951011
-0.0875338
-0.0823061
-0.0774671
-0.0731669
-0.0709814
-0.0669953
-0.0598502
-0.0550947
-0.0524835
-0.0483908
-0.0440936
-0.0404211
-0.0363533
-0.0325281
-0.0321943
-0.0336216
-0.0352016
-0.0375577
-0.0403678
-0.0425927
-0.0442841
-0.0459751
-0.0477435
-0.0495308
-0.050896
-0.052485
-0.0549498
-0.0589074
-0.0643449
-0.0707569
-0.0767024
-0.0820251
-0.0880555
-0.0933336
-0.0940536
-0.0948191
-0.0993075
-0.10385
-0.106375
-0.105556
-0.10364
-0.102566
-0.102981
-0.103679
-0.101556
-0.0984066
-0.0968531
-0.0960852
-0.0945263
-0.0893716
-0.0830114
-0.0772202
-0.0710999
-0.0654271
-0.0632781
-0.0628982
-0.0627496
-0.0634575
-0.0643844
-0.0632266
-0.0592764
-0.0534317
-0.0485835
-0.0447684
-0.0381601
-0.0306763
-0.0254098
-0.0204648
-0.0139653
-0.00728766
-0.00219991
-0.00010605
0.00168172
0.00439207
0.00620178
0.00742537
0.0102862
0.0149766
0.0212805
0.0286306
0.0361907
0.0431953
0.0492929
0.0545146
0.0592082
0.0634338
0.0668048
0.0704337
0.0750354
0.0800096
0.084948
0.0892538
0.0921027
0.0924944
0.0919479
0.0912221
0.0885075
0.0840667
0.0769078
0.0667712
0.0551451
0.0442383
0.0337044
0.0234132
0.0153963
0.00912802
0.0023405
-0.00363303
-0.00722395
-0.0114672
-0.0162605
-0.0170207
-0.015934
-0.015699
-0.0158072
-0.0158584
-0.015416
-0.0147511
-0.0141857
-0.0140959
-0.0138555
-0.0115854
-0.00791872
-0.00338416
0.00199665
0.00782037
0.0142948
0.021045
0.0272964
0.0313925
0.0329655
0.0340085
0.0345979
0.0331116
0.0311003
0.0298913
0.0297168
0.0293325
0.0290406
0.0303151
0.0329444
0.0360248
0.0392336
0.0423144
0.0454911
0.0491282
0.0527404
0.0551009
0.0575207
0.0608332
0.0648395
0.0702626
0.0792355
0.088101
0.094258
0.100586
0.108447
0.117685
0.126192
0.131464
0.134056
0.135744
0.138188
0.140532
0.141086
0.140544
0.139559
0.138357
0.137156
0.136955
0.1389
0.142233
0.144483
0.145939
0.147558
0.148084
0.146123
0.141735
0.136605
0.131666
0.125396
0.116936
0.107705
0.098182
0.088091
0.0785677
0.0696167
0.0600958
0.0507969
0.0439405
0.0397784
0.0364578
0.0311607
0.0254801
0.0225051
0.020548
0.0186808
0.0169592
0.0134068
0.00637981
0.000427554
-0.00346292
-0.00987729
-0.0181425
-0.0253109
-0.0299998
-0.0332004
-0.0369065
-0.0406912
-0.0435913
-0.047408
-0.0525215
-0.0576836
-0.0626545
-0.0675523
-0.0714983
-0.0737011
-0.0733111
-0.0723531
-0.0734054
-0.0750626
-0.0762095
-0.076703
-0.0764304
-0.0749943
-0.0722674
-0.0686769
-0.0642346
-0.0591569
-0.053782
-0.049462
-0.0464596
-0.0432565
-0.0402845
-0.0402458
-0.0414395
-0.0421649
-0.0422182
-0.0413638
-0.0394191
-0.0382942
-0.0388711
-0.03827
-0.0361254
-0.0327939
-0.0290243
-0.0258522
-0.0240471
-0.0228295
-0.0199641
-0.0175906
-0.0168745
-0.0154944
-0.0138284
-0.0145052
-0.01454
-0.0125872
-0.0135377
-0.0176469
-0.0200221
-0.0199949
-0.0193807
-0.0220091
-0.0270773
-0.0280593
-0.0266583
-0.024978
-0.0220434
-0.0172117
-0.0100462
-0.00333944
0.000185779
0.00201354
0.00320624
0.00292283
0.00169103
0.00100592
0.00240157
0.0051105
0.00693935
0.00929069
0.0148096
0.0214314
0.0274224
0.0327043
0.037645
0.0426219
0.0466318
0.0487684
0.0479066
0.046696
0.0483703
0.0506335
0.0514645
0.0515416
0.052006
0.0534882
0.0540018
0.0525259
0.0488604
0.0443112
0.0402804
0.036173
0.0315988
0.0263958
0.0199891
0.0126915
0.00835412
0.00683611
0.00397282
0.000844065
-0.000681408
-0.00410213
-0.0100975
-0.0144601
-0.0160088
-0.0155834
-0.0168563
-0.0200623
-0.0216324
-0.0221451
-0.0230153
-0.0228567
-0.0215556
-0.0211616
-0.0220308
-0.0235936
-0.0250803
-0.0268955
-0.0309687
-0.0358191
-0.0389328
-0.040821
-0.0425929
-0.0448193
-0.0469555
-0.0479249
-0.0485392
-0.049887
-0.0534037
-0.0579274
-0.0621966
-0.0658548
-0.0689912
-0.0725583
-0.0767563
-0.0813995
-0.0852794
-0.0886165
-0.0936828
-0.100257
-0.107752
-0.114899
-0.121239
-0.127389
-0.13248
-0.135876
-0.137338
-0.136437
-0.132964
-0.131691
-0.134758
-0.136643
-0.135069
-0.131491
-0.128575
-0.127825
-0.126146
-0.122804
-0.120037
-0.118426
-0.117488
-0.115218
-0.111148
-0.107364
-0.105111
-0.105398
-0.105849
-0.105429
-0.105192
-0.105168
-0.10439
-0.101717
-0.0975792
-0.0951562
-0.0937695
-0.0899466
-0.0848132
-0.0799286
-0.0757857
-0.0718823
-0.0668197
-0.0616932
-0.0579434
-0.0550597
-0.0524557
-0.0497282
-0.0470942
-0.0454478
-0.0442635
-0.0431902
-0.0425892
-0.0423742
-0.042615
-0.0441183
-0.0475015
-0.0502465
-0.0519847
-0.055451
-0.0595441
-0.0634715
-0.0685704
-0.0740453
-0.0764028
-0.077054
-0.0787983
-0.0803754
-0.0801397
-0.0776725
-0.0745215
-0.0732175
-0.0733662
-0.0730833
-0.069668
-0.0647266
-0.0637023
-0.0629507
-0.0582857
-0.0545281
-0.0541265
-0.0562537
-0.0585924
-0.0590944
-0.0595607
-0.0618164
-0.0657555
-0.0688758
-0.067151
-0.0647039
-0.0651833
-0.0663217
-0.0661077
-0.0619638
-0.0567077
-0.0531528
-0.0513038
-0.050685
-0.0505728
-0.0498029
-0.0480316
-0.0478886
-0.0499321
-0.0495911
-0.0471354
-0.0450397
-0.0427
-0.0391999
-0.034666
-0.0300772
-0.0267852
-0.0237595
-0.0203372
-0.0182932
-0.0172427
-0.0147788
-0.0117575
-0.0101012
-0.0085282
-0.00637601
-0.00477359
-0.00355956
-0.00151237
0.00106174
0.00376405
0.00650888
0.00917094
0.0116885
0.0143663
0.0175011
0.0203463
0.0226654
0.0256874
0.0300509
0.0350873
0.0385563
0.0378738
0.0357386
0.0340441
0.0322582
0.0305886
0.0299671
0.0302484
0.031469
0.0339459
0.0372155
0.0397705
0.041293
0.0428184
0.0452004
0.0489167
0.0511189
0.0516009
0.0528782
0.054987
0.0565066
0.0574833
0.0581221
0.0584161
0.0577623
0.0552384
0.0523222
0.0511244
0.0502635
0.0493671
0.0498298
0.051121
0.0504155
0.049025
0.0482465
0.0467558
0.0442374
0.0427238
0.0418779
0.0401755
0.0384438
0.0364339
0.0308893
0.022512
0.0160869
0.0116674
0.00698709
0.00164336
-0.00424879
-0.00934247
-0.0131457
-0.0146866
-0.0142974
-0.0115001
-0.00732161
-0.00157523
0.00788215
0.0197534
0.0296832
0.0383815
0.0463564
0.0509787
0.0518543
0.0537867
0.057522
0.0603212
0.0618746
0.0622216
0.0634138
0.0659281
0.0670268
0.0664165
0.0652829
0.0649758
0.0667064
0.0681708
0.0683434
0.0678332
0.0674191
0.0681759
0.0695446
0.0711007
0.0730907
0.0751708
0.0761829
0.0758555
0.0745223
0.0734578
0.0737798
0.0749448
0.0758076
0.0744367
0.0727979
0.0727478
0.0730138
0.0739553
0.0780105
0.0826872
0.0844868
0.0860545
0.0883142
0.0883415
0.0880544
0.0901974
0.0909794
0.0899331
0.0933997
0.0988341
0.0983734
0.0969217
0.0987457
0.100913
0.101524
0.100198
0.0993026
0.100949
0.102924
0.10342
0.101589
0.0992423
0.0987018
0.0983184
0.0960352
0.0914049
0.0872381
0.0885951
0.0916549
0.0931268
0.0948177
0.0969331
0.0990005
0.101572
0.105563
0.110088
0.114412
0.116996
0.117879
0.117143
0.115818
0.114862
0.114923
0.114991
0.113421
0.110791
0.107932
0.105675
0.104038
0.102689
0.101505
0.099864
0.0972982
0.0945081
0.0943662
0.0962067
0.0987716
0.0998191
0.099202
0.0991837
0.0992616
0.0985651
0.0984703
0.0991901
0.0976039
0.0938637
0.0896238
0.085697
0.081895
0.0764157
0.069922
0.0644952
0.0609053
0.0586644
0.0559178
0.0527769
0.0513233
0.0494573
0.0467862
0.0469669
0.0488752
0.0461628
0.0414714
0.0384787
0.036295
0.0347625
0.0348372
0.03579
0.0352504
0.0319958
0.0263328
0.0218584
0.0181074
0.0130883
0.00905294
0.00783216
0.00817378
0.00797649
0.00666396
0.0068718
0.00864851
0.00790199
0.00423773
-0.000768757
-0.0040658
-0.00553379
-0.0084943
-0.0129568
-0.0167349
-0.01715
-0.0148034
-0.0130769
-0.0120896
-0.0115015
-0.0114585
-0.0109937
-0.00818561
-0.00498437
-0.0026098
0.00171208
0.0068678
0.00775234
0.00692133
0.00769249
0.00789415
0.0061821
0.00150814
-0.00348362
-0.00601182
-0.00417567
0.000277076
0.00226156
0.00293125
0.00444989
0.00634558
0.00805451
0.00848712
0.00894695
0.00981305
0.00997705
0.00963474
0.0111923
0.0142852
0.018293
0.0223665
0.025478
0.0250309
0.0219954
0.0189565
0.0188334
0.0198489
0.0175325
0.0153165
0.0157398
0.0167581
0.0173542
0.017851
0.0185047
0.0191328
0.0186878
0.0172116
0.0156426
0.015678
0.0172083
0.0172014
0.0174851
0.0220123
0.0282173
0.0335599
0.0373699
0.0410897
0.046943
0.0536516
0.0597316
0.0636961
0.0660691
0.0675438
0.0681856
0.0683896
0.0684579
0.0680746
0.0666422
0.0649678
0.063282
0.0607553
0.0578165
0.0557519
0.0552691
0.0554976
0.0544384
0.0529279
0.0525814
0.0534553
0.055215
0.0567396
0.0568997
0.054169
0.0503831
0.0476616
0.0470706
0.0460494
0.0422028
0.0387292
0.0364832
0.0332926
0.029407
0.0257233
0.022214
0.0183437
0.0132693
0.00872236
0.00603794
0.00441942
0.00314144
0.00143793
-0.000705636
-0.00227594
-0.000838086
0.00333235
0.00779064
0.0128207
0.0189599
0.0247107
0.0290635
0.0315357
0.0333576
0.0360562
0.040376
0.0454656
0.0479194
0.0483013
0.0475337
0.0462013
0.0451904
0.0457283
0.0471486
0.0486829
0.0506345
0.0530578
0.0560137
0.0586685
0.0604781
0.0615944
0.0624485
0.0631073
0.0625733
0.060432
0.0578503
0.0544745
0.0482692
0.0416394
0.0369324
0.0334847
0.0300031
0.0246217
0.019483
0.0159283
0.0119807
0.00694116
0.00107001
-0.00410714
-0.00761466
-0.0107124
-0.0139146
-0.0175624
-0.0215679
-0.0250166
-0.0257079
-0.0250037
-0.0251315
-0.0256636
-0.0263977
-0.0278435
-0.02915
-0.029072
-0.0286849
-0.0293015
-0.031175
-0.0329337
-0.0333426
-0.034992
-0.0396191
-0.0462413
-0.0540799
-0.06293
-0.0704821
-0.0757398
-0.0802536
-0.0830793
-0.082139
-0.0809881
-0.081287
-0.0809907
-0.0793794
-0.0763779
-0.0739024
-0.0736818
-0.0757523
-0.0778562
-0.0783358
-0.0803529
-0.0855994
-0.0906101
-0.093382
-0.0944481
-0.0974425
-0.103646
-0.107919
-0.109639
-0.110001
-0.109078
-0.10652
-0.102415
-0.0972809
-0.0911069
-0.0844099
-0.077781
-0.0713826
-0.0646224
-0.0557288
-0.0458711
-0.0355255
-0.023515
-0.0106459
0.000277952
0.0101555
0.0193152
0.0260635
0.0319959
0.0408156
0.0487974
0.0514164
0.0534584
0.0569273
0.0587178
0.058279
0.0563255
0.0547982
0.0540308
0.0529587
0.052386
0.0538079
0.0561185
0.0579474
0.058094
0.0563705
0.0527371
0.0478971
0.0426365
0.0374509
0.0326157
0.0277059
0.0225662
0.0171125
0.012277
0.00822539
0.00479677
0.000770023
-0.00435718
-0.00982829
-0.015706
-0.0228596
-0.0306921
-0.0385672
-0.0458474
-0.0525039
-0.0586062
-0.0644279
-0.0707807
-0.0783074
-0.0849584
-0.0878942
-0.0897195
-0.0927178
-0.0967125
-0.10038
-0.102517
-0.10485
-0.108142
-0.110811
-0.112654
-0.113955
-0.114078
-0.112647
-0.110681
-0.109322
-0.108523
-0.106681
-0.10369
-0.102917
-0.103594
-0.10346
-0.103952
-0.105782
-0.106533
-0.106087
-0.105481
-0.104637
-0.103168
-0.100558
-0.0971189
-0.0934539
-0.0894225
-0.0846766
-0.0796636
-0.074927
-0.0709026
-0.0665515
-0.0614435
-0.0576838
-0.0550876
-0.0505033
-0.0446223
-0.0404436
-0.039902
-0.0419738
-0.0437765
-0.0452199
-0.0473996
-0.0496896
-0.0512204
-0.0513458
-0.0515509
-0.0531951
-0.0537941
-0.0521731
-0.0510859
-0.0508786
-0.0508812
-0.0519853
-0.0544784
-0.0566033
-0.0580195
-0.059384
-0.0607569
-0.062155
-0.0635362
-0.0649669
-0.0663208
-0.0674062
-0.0685419
-0.0704056
-0.0724216
-0.0722998
-0.0711297
-0.0711769
-0.0703157
-0.0677489
-0.066877
-0.0681006
-0.0686544
-0.0688925
-0.0698309
-0.0711829
-0.0721214
-0.0716268
-0.0711622
-0.0707939
-0.0667682
-0.0599632
-0.0557595
-0.0527931
-0.048898
-0.0460035
-0.0445508
-0.043767
-0.0433144
-0.0436405
-0.0447038
-0.0463065
-0.0481044
-0.0496021
-0.0505089
-0.0517129
-0.0530949
-0.053373
-0.0532686
-0.053546
-0.0526452
-0.0509241
-0.0511553
-0.0526101
-0.0533891
-0.054187
-0.0559765
-0.0587742
-0.0608392
-0.0610185
-0.0622451
-0.065593
-0.0672857
-0.0677138
-0.0690491
-0.0694654
-0.0677534
-0.0660558
-0.0649262
-0.0633878
-0.0608845
-0.0569073
-0.0512117
-0.0446184
-0.0384184
-0.0333897
-0.0285048
-0.0206681
-0.0122406
-0.008854
-0.0064313
-0.00160225
0.0027684
0.00533571
0.00590049
0.00603472
0.00558197
0.00216517
-0.00344176
-0.00616726
-0.00513696
-0.00267826
-0.00449693
-0.0107373
-0.0155423
-0.018932
-0.0219667
-0.0244616
-0.0267099
-0.0295352
-0.0329945
-0.036436
-0.0387372
-0.040693
-0.0438772
-0.0462464
-0.046321
-0.0451598
-0.0433163
-0.040237
-0.0373418
-0.0350857
-0.0317268
-0.0283433
-0.0281783
-0.0290919
-0.0286872
-0.0270295
-0.02485
-0.0233993
-0.0226462
-0.0224313
-0.0220546
-0.0216425
-0.0214726
-0.0209466
-0.0200079
-0.0200018
-0.0202603
-0.0190827
-0.0176352
-0.0168154
-0.0151686
-0.0122887
-0.00789475
-0.00383801
-0.00130956
0.000916876
0.00351011
0.00606156
0.00720771
0.00671035
0.00676296
0.00764327
0.00756743
0.00739276
0.00817212
0.01006
0.013161
0.017585
0.0217793
0.0248425
0.0277701
0.030671
0.032889
0.0349545
0.037031
0.0380188
0.0384326
0.0401984
0.0423742
0.0436232
0.0441386
0.0443379
0.0448362
0.0446746
0.0434693
0.0419641
0.0398236
0.0353321
0.0303527
0.0257722
0.0192652
0.0111543
0.00298966
-0.00380208
-0.00792378
-0.00926213
-0.00958418
-0.0105451
-0.0109671
-0.0101688
-0.00956381
-0.00968656
-0.0105102
-0.0122337
-0.0150051
-0.0185084
-0.021934
-0.0248812
-0.0276861
-0.030636
-0.0336076
-0.0372079
-0.0416566
-0.0452913
-0.0477285
-0.0507359
-0.0544476
-0.0586863
-0.0628813
-0.0664262
-0.0681738
-0.0693448
-0.0710263
-0.0729064
-0.0747582
-0.0765096
-0.0778593
-0.0782319
-0.0774627
-0.0756903
-0.072482
-0.0685389
-0.0637906
-0.0582445
-0.053216
-0.0507471
-0.0480737
-0.0424153
-0.0371606
-0.0338702
-0.0312421
-0.0279457
-0.0234932
-0.02001
-0.017841
-0.0153993
-0.0127498
-0.0106369
-0.0094893
-0.00967844
-0.0110909
-0.0112858
-0.00925965
-0.00847418
-0.00992529
-0.0127275
-0.0162088
-0.0202954
-0.0245076
-0.0282755
-0.0302108
-0.0300602
-0.0288461
-0.0295011
-0.0316269
-0.0322518
-0.0310585
-0.0291376
-0.029125
-0.0298042
-0.0274584
-0.0238511
-0.0206631
-0.0172129
-0.0134504
-0.0096532
-0.00641735
-0.00437152
-0.0038574
-0.00371074
-0.00188056
0.00104206
0.00318435
0.00251712
0.00108632
0.00229748
0.00450646
0.00642807
0.00791152
0.00889981
0.00875575
0.00743125
0.00540266
0.00411424
0.00305678
0.000988142
-0.00141782
-0.00406094
-0.00876659
-0.01561
-0.0220482
-0.0231873
-0.0207966
-0.0237097
-0.0299608
-0.0335653
-0.0346918
-0.0347808
-0.0351062
-0.0362084
-0.0382825
-0.0395435
-0.0389246
-0.0368979
-0.0358373
-0.0377956
-0.0396336
-0.0398491
-0.0393311
-0.038698
-0.038198
-0.0376547
-0.0370506
-0.0360025
-0.0344689
-0.0323924
-0.0302527
-0.0285634
-0.0276913
-0.0262332
-0.0233332
-0.0203913
-0.0186933
-0.0191768
-0.0198934
-0.0188162
-0.0166992
-0.0157793
-0.0199016
-0.0241837
-0.025166
-0.0251363
-0.0240628
-0.0191482
-0.0129222
-0.0070689
0.000891535
0.00968618
0.0163522
0.0217762
0.0265964
0.0289199
0.0297871
0.0305302
0.0312033
0.0331341
0.0388377
0.0472505
0.0505286
0.0485298
0.0492055
0.0507474
0.0503091
0.0490009
0.0478132
0.0470556
0.0463907
0.0458722
0.0464942
0.0479261
0.0493048
0.0515383
0.0553425
0.0589252
0.0614789
0.0622704
0.0623025
0.0615611
0.0587673
0.0564178
0.058723
0.0607626
0.0590327
0.058425
0.0605984
0.0650513
0.0685149
0.068767
0.0651437
0.0629593
0.0654139
0.068486
0.0702925
0.0729834
0.0768455
0.0796032
0.0823405
0.0865627
0.0898131
0.0909365
0.0920021
0.094741
0.0976046
0.0929228
0.083204
0.0804919
0.0796031
0.072485
0.0641776
0.058702
0.0579953
0.0578457
0.054491
0.0498533
0.0457318
0.0427543
0.0396897
0.0351752
0.0309163
0.0285492
0.0300327
0.0327648
0.0336256
0.0322506
0.0306641
0.0323581
0.0333712
0.029674
0.0267181
0.0267613
0.027553
0.0281256
0.0280256
0.0271117
0.0264804
0.0284218
0.0303139
0.0308121
0.0335831
0.039128
0.0449495
0.0499523
0.0539978
0.0577778
0.0613439
0.0635296
0.0652285
0.0670308
0.0681414
0.0681818
0.0673474
0.0666165
0.0663251
0.0651453
0.0638569
0.0650977
0.0665344
0.065038
0.0624209
0.060045
0.0581299
0.0558897
0.0533341
0.0518438
0.0515749
0.0512056
0.0506387
0.0498727
0.0497932
0.0523152
0.0597725
0.0654595
0.06475
0.0628641
0.0636961
0.0676982
0.0669033
0.0575447
0.0483657
0.0420599
0.0353988
0.0291117
0.0242148
0.0191002
0.0138062
0.0100551
0.00742146
0.00453273
0.000151654
-0.00475763
-0.0066737
-0.00790855
-0.010796
-0.0149384
-0.0195884
-0.0240535
-0.0286297
-0.0327209
-0.0338369
-0.0329267
-0.0317502
-0.0302096
-0.027738
-0.0236664
-0.0184231
-0.0132915
-0.00882761
-0.00536983
-0.00306514
-0.000854685
0.00361493
0.00929635
0.0146487
0.0199491
0.0265847
0.0369332
0.0466702
0.052087
0.0580658
0.0655066
0.0693141
0.0704404
0.071417
0.0715053
0.070806
0.0707603
0.0709981
0.070192
0.0687214
0.0670592
0.0656595
0.0647497
0.0639722
0.0615967
0.0576153
0.0536535
0.0498864
0.0457499
0.0413257
0.0370277
0.033474
0.0302515
0.0267089
0.0231431
0.0198731
0.0170976
0.0145948
0.012142
0.0100506
0.00834083
0.00693452
0.00576664
0.00504172
0.0047588
0.00464658
0.00425737
0.00387596
0.00370882
0.0030829
0.00219019
0.00249611
0.0035188
0.00422285
0.00472468
0.00535747
0.00607332
0.00631969
0.00518925
0.0031357
0.000811409
-0.000612914
-0.000769471
-9.34553e-05
0.000185057
0.000694092
0.00489588
0.0103782
0.0127623
0.013198
0.012745
0.0116887
0.0109293
0.0115631
0.011864
0.0104756
0.00866048
0.00705924
0.00579723
0.00440445
0.00258169
0.000698255
-0.000569115
-0.000959732
-0.00281242
-0.0067719
-0.00884417
-0.00908538
-0.00909268
-0.00799357
-0.00494381
-0.000234925
0.00540465
0.0114449
0.0156712
0.017061
0.0180882
0.0199522
0.0218802
0.0229862
0.0232478
0.0246195
0.0274559
0.0306024
0.0332104
0.0350283
0.0363908
0.0377354
0.0395874
0.0419117
0.0448423
0.048426
0.0516888
0.053703
0.0564739
0.0615802
0.0645143
0.0641786
0.0629013
0.0612928
0.0597471
0.0601566
0.0616283
0.0602479
0.057517
0.0566132
0.056232
0.0561516
0.0575484
0.0583393
0.0566086
0.0570266
0.0592069
0.0564162
0.0509837
0.0485657
0.047355
0.0447368
0.0382133
0.0302546
0.0228269
0.0159864
0.0104137
0.00783119
0.00596069
0.00328163
0.00182677
0.000894303
-0.0010187
-0.00241584
-0.00234717
-0.00297545
-0.00458812
-0.00642776
-0.00789167
-0.00868432
-0.00956054
-0.0112749
-0.0158097
-0.0219296
-0.026448
-0.0254265
-0.021785
-0.0215326
-0.021912
-0.020686
-0.0194152
-0.0187065
-0.0189563
-0.0211099
-0.0252569
-0.0295718
-0.0333998
-0.0375178
-0.0417248
-0.0461792
-0.0505629
-0.0537467
-0.0538224
-0.0550137
-0.0592622
-0.0619833
-0.0634495
-0.0673922
-0.0706146
-0.0703675
-0.0678214
-0.0645866
-0.0619435
-0.0606108
-0.0607833
-0.0609816
-0.0602162
-0.0586575
-0.0581844
-0.0593067
-0.0588335
-0.0562142
-0.0535143
-0.0515541
-0.0503006
-0.0494563
-0.0488589
-0.0483083
-0.0470232
-0.0446267
-0.0418766
-0.0395643
-0.0380879
-0.0364115
-0.0333235
-0.0295051
-0.027067
-0.0298851
-0.0338847
-0.0353668
-0.03581
-0.036934
-0.0403835
-0.0422816
-0.0406862
-0.0392726
-0.0388003
-0.0368254
-0.0344688
-0.0333388
-0.0324985
-0.0313978
-0.0302244
-0.0289543
-0.0282627
-0.0299048
-0.0337482
-0.0374403
-0.0397235
-0.0403486
-0.0421792
-0.0461487
-0.0496736
-0.0505548
-0.0467284
-0.0423597
-0.0405958
-0.0415481
-0.0421736
-0.0389926
-0.0345189
-0.0310432
-0.0308239
-0.0322108
-0.0337541
-0.0348547
-0.0354022
-0.0362282
-0.0375235
-0.0391509
-0.0402035
-0.0400838
-0.0388166
-0.0377626
-0.038147
-0.0376623
-0.0361209
-0.0347249
-0.0314379
-0.0247236
-0.0212627
-0.0221641
-0.0215521
-0.0197509
-0.0195569
-0.020573
-0.0213657
-0.0208986
-0.0203302
-0.0209274
-0.020353
-0.017949
-0.01532
-0.0133345
-0.0117858
-0.00908631
-0.00598896
-0.005319
-0.00497181
-0.00255156
-0.00261386
-0.0058344
-0.00816769
-0.00994599
-0.0132657
-0.0170624
-0.0201615
-0.0217484
-0.0219705
-0.0210988
-0.0195069
-0.0174718
-0.0144439
-0.010809
-0.00777062
-0.00676087
-0.00672607
-0.00409683
0.000300746
0.00357239
0.00489416
0.00524832
0.007027
0.00966937
0.0115505
0.0124387
0.0126842
0.0133583
0.0144708
0.0151432
0.0147946
0.0134497
0.0126926
0.0127508
0.0131976
0.0139213
0.0149009
0.0163189
0.0177644
0.018957
0.0201846
0.0209695
0.0201077
0.019797
0.0225464
0.025101
0.0258222
0.0279763
0.0314109
0.0349986
0.0394173
0.0441023
0.0460479
0.0472467
0.0502555
0.0509796
0.0480193
0.04701
0.0475732
0.0462878
0.04458
0.0435221
0.0425069
0.0415007
0.0407655
0.0393137
0.0367669
0.0346869
0.0340049
0.0347892
0.0355783
0.0356786
0.0364907
0.0377387
0.0387083
0.039542
0.0404059
0.0407311
0.0403965
0.0393591
0.0384842
0.0388708
0.0408087
0.0419278
0.039942
0.0383795
0.0396546
0.0412688
0.0412214
0.0385747
0.0357158
0.0340711
0.0330298
0.0331387
0.0350297
0.0363042
0.0357112
0.0356418
0.0362205
0.0366553
0.0372142
0.0377822
0.0370576
0.0355713
0.0341251
0.0322586
0.030567
0.0305659
0.030077
0.0259254
0.0213636
0.0205262
0.0252998
0.0277953
0.0194183
0.0125143
0.011835
0.0112463
0.0108678
0.0129334
0.0152605
0.0167048
0.019445
0.0231892
0.0265749
0.0284038
0.029414
0.031627
0.0343957
0.0360116
0.0368237
0.0369987
0.0355398
0.0324431
0.0285835
0.0258313
0.0246293
0.0228321
0.0190404
0.0130266
0.00902322
0.00781924
0.00591337
0.00248121
-0.00231949
-0.00643522
-0.00907033
-0.0109972
-0.0124405
-0.0136577
-0.015326
-0.0174728
-0.0187484
-0.0194837
-0.019584
-0.0187591
-0.0175883
-0.0177817
-0.018798
-0.0196625
-0.0197126
-0.0193966
-0.020489
-0.0223606
-0.0228494
-0.0200862
-0.0161096
-0.0166767
-0.018494
-0.0171382
-0.0144485
-0.0125229
-0.0126994
-0.0124958
-0.0106214
-0.00996425
-0.0114455
-0.0146041
-0.0183469
-0.0217355
-0.0236434
-0.0244008
-0.0257293
-0.0270235
-0.0271488
-0.0259533
-0.0244958
-0.0251781
-0.0269825
-0.0287308
-0.0307241
-0.0331016
-0.0361663
-0.0392241
-0.0416187
-0.042976
-0.0439469
-0.0455428
-0.0474666
-0.0491658
-0.0504724
-0.0519415
-0.0538904
-0.054158
-0.0522087
-0.0515222
-0.0521565
-0.0515734
-0.0496591
-0.0471177
-0.0457297
-0.0456458
-0.0461731
-0.0464161
-0.0463012
-0.0473574
-0.0492378
-0.0510738
-0.0528627
-0.0542989
-0.0546174
-0.0545057
-0.0549741
-0.0552212
-0.054849
-0.0539081
-0.0526288
-0.0509581
-0.0487603
-0.0461627
-0.0442278
-0.043489
-0.0440196
-0.0445672
-0.0442867
-0.0438208
-0.0435447
-0.0434242
-0.042677
-0.0414087
-0.0404315
-0.039458
-0.0371972
-0.0331472
-0.0282752
-0.0246933
-0.0220291
-0.0192756
-0.0169805
-0.0153748
-0.0136796
-0.0118863
-0.0104677
-0.00906961
-0.00776394
-0.00713513
-0.00676201
-0.00584703
-0.00462326
-0.00308177
-0.0012749
-0.000408889
-0.000572553
0.000502592
0.0026096
0.0049704
0.00714295
0.0088444
0.00979679
0.0100366
0.00987694
0.00995405
0.0105105
0.0111295
0.0115703
0.0113113
0.0103133
0.00924227
0.00913956
0.00868162
0.00671115
0.00406653
0.00171869
0.000658672
-0.000332454
-0.00232721
-0.00479011
-0.00698586
-0.00797235
-0.00879766
-0.00992771
-0.0103118
-0.0106036
-0.011709
-0.0123004
-0.0115934
-0.0107919
-0.0101683
-0.00947484
-0.00911002
-0.00935608
-0.00964582
-0.00945516
-0.00861042
-0.00798685
-0.00797154
-0.00826666
-0.00856462
-0.00844183
-0.00788896
-0.00727385
-0.00727077
-0.00738985
-0.00661268
-0.00503619
-0.00334458
-0.00239704
-0.00167079
-0.00052603
0.00046431
0.000818072
0.000178396
-0.000376829
3.9949e-05
0.00119947
0.00249033
0.00275387
0.00245
0.00235776
0.00308735
0.00452782
0.0059591
0.00755754
0.00926879
0.0102796
0.0107515
0.0118922
0.0132928
0.0142638
0.0148077
0.0155452
0.0175826
0.0198521
0.0214946
0.0230361
0.0247355
0.0267356
0.0285788
0.0299733
0.0310979
0.0321636
0.0333128
0.0344923
0.0356083
0.0365263
0.0371527
0.0372973
0.0372161
0.0369008
0.0356614
0.0338391
0.0320661
0.0305892
0.029163
0.0270954
0.0249948
0.0238698
0.0231084
0.0221989
0.0212308
0.0205577
0.020411
0.0200338
0.0193238
0.0189463
0.0186357
0.0177952
0.0166263
0.0154313
0.0144168
0.0137091
0.0133213
0.0127803
0.011903
0.0109935
0.0100469
0.00902837
0.00782946
0.00649653
0.00471433
0.00249329
8.90669e-05
-0.0017128
-0.00283822
-0.00368574
-0.0048221
-0.00618985
-0.00694218
-0.00722774
-0.0073841
-0.00761776
-0.00783059
-0.00753843
-0.00701026
-0.00654452
-0.00617671
-0.00580937
-0.00530862
-0.00480941
-0.00434869
-0.0038416
-0.00336393
-0.00304121
-0.00272523
-0.00240158
-0.0022122
-0.0020379
-0.0016303
-0.00105983
-0.000500339
-0.000201477
-0.000101985
-0.000111598
-6.1913e-05
0.000125337
0.000303216
0.000352173
0.000348745
0.000690333
0.00120321
0.00138717
0.00128912
0.00104641
0.000767981
0.000490085
0.000145923
-0.000238264
-0.000608756
-0.000873468
-0.00110586
-0.00145719
-0.00195079
-0.00246458
-0.00277967
-0.00296856
-0.00319047
-0.00352756
-0.00388608
-0.00403377
-0.00408926
-0.00413745
-0.00413817
-0.00407663
-0.00395818
-0.0038123
-0.00366645
-0.00351979
-0.00338719
-0.00324786
-0.00302741
-0.00264777
-0.00208631
-0.00158294
-0.00137671
-0.00120045
-0.000895258
-0.000373654
0.000279125
0.000923051
0.00131351
0.00148761
0.00155641
0.0016323
0.00187101
0.00231221
0.00268598
0.00264572
0.00241999
0.00216171
0.00187257
0.00165185
0.00158912
0.0015824
0.00162265
0.00187064
0.00215825
0.00237609
0.00263963
0.00296851
0.00330153
0.00360902
0.00392288
0.00431141
0.00474569
0.00507925
0.00529595
0.00544215
0.00559193
0.00572194
0.00574636
0.00583531
0.00608051
0.00628722
0.0063678
0.00631976
0.00621613
0.00610619
0.00598678
0.00584931
0.00563288
0.00539752
0.00524533
0.00527762
0.00537481
0.00534051
0.00516277
0.00488058
0.00464004
0.00447597
0.00435374
0.00423675
0.0041121
0.00400386
0.00390972
0.00382763
0.00374269
0.0036494
0.003544
0.00344018
0.00335561
0.00331311
0.0033128
0.00331629
0.00328302
0.00321967
0.00323335
0.00334699
0.00354292
0.00373886
0.00389285
0.00404978
0.00420694
0.00434183
0.00443801
0.00450938
0.00460009
0.0046921
0.00474263
0.00477614
0.0048095
0.00483326
0.00482715
0.00477
0.00468204
0.00458787
0.00451114
0.00445586
0.00440239
0.00433007
0.00424408
0.00418956
0.00416041
0.00414329
0.00412681
0.00410483
0.00407293
0.00403877
0.00400065
0.00393419
0.00384537
0.00376656
0.0036852
0.00359195
0.00351244
0.00343781
0.00332741
0.00322578
0.00316649
0.00311207
0.00302465
0.00290869
0.0028224
0.00276633
0.00271613
0.0026642
0.00260705
0.00254765
0.00248654
0.00242749
0.00236673
0.00230331
0.00223525
0.0021638
0.00208797
0.00200894
0.00192581
0.00184015
0.00175495
0.00167364
0.00159006
0.00150419
0.0014245
0.00134761
0.00126353
0.00117911
0.00109866
0.00101947
0.000940049
0.000860919
0.000780153
0.000697046
0.000612639
0.000529062
0.000447025
0.000364514
0.000279192
0.000192961
0.000108723
3.14678e-05
-4.32863e-05
-0.000119133
-0.000195715
-0.000271071
-0.000342319
-0.000412403
-0.000483832
-0.00055519
-0.000625488
-0.000693197
-0.000760995
-0.000830732
-0.000901385
-0.000971731
-0.00104111
-0.00110966
-0.00117834
-0.00124787
-0.00131812
-0.00138756
-0.00145644
-0.00152506
-0.0015938
-0.00166197
-0.00172902
-0.00179649
-0.00186726
-0.00193809
-0.00200687
-0.00207427
-0.00214117
-0.0022081
-0.00227503
-0.00234185
-0.00240842
-0.00247461
-0.0025405
-0.002606
-0.0026711
-0.00273565
-0.0027997
-0.00286329
-0.0029265
-0.0029893
-0.00305167
-0.00311363
-0.00317527
-0.00323659
-0.0032976
-0.00335823
-0.00341854
-0.00347854
-0.00353824
-0.00359765
-0.00365677
-0.00371561
-0.00377419
-0.00383251
-0.00389059
-0.00394842
-0.00400603
-0.00406339
-0.00412052
-0.00417743
-0.00423411
-0.00429056
-0.0043468
-0.0044028
-0.00445859
-0.00451414
-0.00456946
-0.00462456
-0.00467942
-0.00473406
-0.00478846
-0.00484263
-0.00489656
