-0.0667768
-0.0486814
-0.00781566
0.0160264
0.0372589
0.0629192
0.0369796
-0.0836126
-0.180305
-0.156876
-0.0030394
0.320159
0.527773
0.430988
-0.0174467
-0.442661
-0.496754
-0.229517
0.104753
0.361854
0.644494
0.601604
0.119249
-0.493614
-0.678319
-0.892243
-0.933996
-0.596841
0.368022
0.992761
1.5947
2.07318
1.46306
0.250848
-2.47695
-2.83003
-1.69437
-0.807355
0.623128
1.03647
1.24609
1.24164
0.618364
-0.324256
-0.63336
-0.268275
-0.216594
0.593103
0.741214
-0.225349
-0.600159
-0.284077
-0.0405752
0.0727678
0.106502
0.00426088
0.121431
0.0523457
0.290337
0.787174
0.431822
-0.266224
-0.929893
-1.00632
-0.661822
-0.68222
-0.391983
0.178402
0.853254
1.44747
1.55722
0.616625
-0.989652
-1.69742
-1.27696
-0.422757
0.346354
0.507289
0.365875
-0.12596
-0.237407
-0.0221554
0.256601
0.206158
0.309473
0.499174
-0.0776891
-0.298835
0.108288
0.0435988
-0.186324
-0.212979
-0.0649044
0.309579
0.535482
0.711225
0.294385
-0.351404
-0.219814
-0.00179986
0.154759
0.226252
-0.248427
-0.851435
-0.845418
-0.53815
-0.531713
-0.235582
0.200002
0.0743814
0.0901236
0.429046
0.58946
0.761369
1.14443
1.0438
0.270436
-0.974269
-1.49343
-1.52254
-1.05007
-0.300036
0.154917
0.55925
0.892342
0.743765
0.740491
0.585586
-0.682822
-1.04903
-1.02195
-0.357104
0.402135
0.525937
0.392453
0.257078
0.101922
-0.209832
0.051824
0.255503
0.277995
0.379214
-0.196815
-0.613829
-0.485491
-0.275785
0.121934
0.312247
0.135256
-0.0353172
-0.0545715
-0.0154993
0.162437
0.374679
0.584752
0.646165
0.482377
0.0621417
-0.336862
-0.222892
0.368257
0.557707
0.18822
-0.153658
-0.661879
-0.919912
-0.809341
-0.815025
-0.845058
-1.05247
-1.36799
-1.49889
-1.26534
-0.804327
-0.454224
0.905684
1.99226
3.08287
3.52144
3.60252
3.26439
3.15638
3.30433
3.71117
3.97595
4.41423
4.71091
4.72403
4.81653
5.83325
4.68024
0.282242
-1.3489
-4.2542
-8.73517
-10.9505
-8.14133
-7.10573
-6.40573
-5.72925
-4.67955
-4.28071
-6.0571
-5.80297
-5.15859
-2.28177
-0.425508
0.990402
1.84589
3.3976
1.06709
-5.97188
-5.03133
-1.68273
1.4755
2.16658
0.430944
2.27585
4.02964
3.1192
1.53872
2.77451
5.8116
9.16437
11.0118
7.29805
-0.766716
-12.5931
-11.5255
-1.3276
1.3558
2.22967
2.69455
3.8452
2.95725
-0.106756
-1.74085
-2.99385
-2.08907
0.745235
2.24606
3.12422
3.31471
1.81
-3.02608
-7.14349
-6.22916
-3.10792
0.380331
1.38952
1.37628
0.974448
0.780507
-0.0732496
-0.0348138
0.240167
-0.031813
0.546586
1.07613
1.78607
-0.127552
-1.70497
-1.12263
1.1734
3.13866
2.35585
-0.483978
-1.98648
-3.32267
-2.79905
-0.970234
-2.11905
-1.23516
0.172777
0.164619
0.213979
0.335819
0.847934
1.18469
1.43245
1.67282
2.36748
3.30188
2.1845
0.454652
0.163117
0.539435
0.00508683
-0.0466343
0.254313
-0.0507265
-0.411934
-0.820103
-1.28367
-1.77872
-0.937343
-0.29898
0.460953
0.619997
-0.71944
-1.36918
-1.97438
-2.10469
-1.06481
0.0480596
0.382533
0.95615
1.69991
2.56438
2.82842
1.69079
0.989901
-0.573017
-0.72283
0.395559
0.85909
0.712365
0.173287
-0.321169
-0.416974
0.6869
-0.24591
-0.761568
-0.174257
-0.559197
0.426835
1.20926
1.28184
1.75303
1.6655
1.16351
0.248961
-0.862308
-1.50756
-1.455
-0.507204
0.504627
1.10221
1.79339
2.55469
2.55091
1.02246
0.549562
0.746548
0.610778
0.114262
-0.34276
0.158614
0.278861
0.379276
0.90666
1.07238
1.43415
1.47485
0.194535
-0.726032
-1.49685
-2.62342
-2.52216
-1.57907
-1.04625
-0.65686
-0.560384
-0.768646
-1.55121
-2.18838
-2.2786
-2.19471
-2.21874
-2.85894
-3.3103
-3.73825
-4.01171
-3.33869
-0.988237
0.543034
1.62125
2.99918
3.46313
4.13073
3.43186
2.35643
3.21041
3.93526
3.34209
2.17367
1.5485
2.0145
-0.184268
-2.87743
-3.47498
-2.21981
0.0326226
1.51636
2.61234
2.59071
1.98774
0.837922
0.0892154
-0.631772
-2.53805
-4.46346
-4.93244
-4.64199
-4.73552
-4.3553
-3.74935
-2.39226
-1.01739
-0.0289312
1.14527
2.34862
3.68449
3.33586
2.78303
3.2596
4.84587
3.616
0.465608
-0.183797
-0.262792
-0.48052
-1.81466
-3.57505
-2.84399
-2.74591
-2.62068
-1.54613
-1.63053
-1.28184
-0.670377
0.47341
1.28401
1.26802
0.748952
0.620628
0.871482
1.60493
2.19941
1.39186
0.4191
0.159568
0.725266
1.45454
1.71065
1.3665
0.437608
-0.298792
-0.625457
-0.486039
-0.592712
-1.01081
-1.27392
-1.59877
-1.55571
-1.61462
-1.36865
-0.447619
-0.459979
-0.489083
0.303674
1.09139
1.29446
1.45033
1.617
1.03574
0.3572
-0.0479332
-0.203186
-0.210199
0.0186641
0.409942
0.480569
1.13576
1.14313
-0.149155
-0.926529
-1.20292
-1.61668
-1.5791
-1.14491
-1.15381
-1.24646
-1.25968
-0.795813
-0.00182552
0.77215
1.50373
1.83778
2.14013
1.94737
1.32785
1.05276
0.65937
0.649539
-0.51441
-1.78045
-2.53955
-2.7675
-1.40773
-0.742073
-0.744986
-0.492092
0.375636
0.811937
0.731054
0.940896
1.2371
1.7366
2.12047
1.80449
0.944022
0.368078
-0.503148
-1.22122
-1.43379
-1.12863
-0.612192
-0.574811
-0.257132
-0.328968
-0.788568
-0.663263
-0.340896
-0.14025
0.352388
0.700945
0.731938
0.950497
0.992825
0.978997
0.81254
0.40131
-0.384099
-1.2847
-1.33587
-0.71184
-0.253347
0.235743
1.0588
0.742503
-0.224004
-1.13183
-0.852979
-0.263449
0.109438
0.843891
1.0532
0.674861
0.0407614
-0.21406
-0.250989
-0.0562301
-0.323097
-0.556996
-0.452831
-0.092439
0.464595
0.560813
0.319246
0.241474
0.289022
0.318207
0.402431
0.414863
0.234422
0.0280812
-0.0425235
-0.131911
-0.273187
-0.684415
-1.14943
-0.876124
-0.428296
-0.27734
-0.249204
-0.269289
-0.175509
0.214852
0.765989
1.20427
1.31396
0.849968
0.23798
-0.189611
0.00432877
0.00285691
-0.351054
-0.498967
-0.187804
0.433485
0.733873
0.499134
-0.00316697
-0.365154
-0.520714
-0.498075
-0.301636
-0.131226
0.00646635
0.277236
0.424145
0.472564
0.35226
0.0223801
-0.302482
-0.626224
-0.850816
-0.676857
-0.196042
0.253927
0.537211
0.470417
0.394615
0.471733
0.450999
0.299998
0.0464882
-0.209041
-0.496178
-0.712243
-0.732106
-0.496582
-0.178181
-0.0167665
0.102295
0.263349
0.197534
-0.0395025
-0.124
-0.112945
-0.123602
-0.111738
0.00464416
0.270847
0.375374
-0.1172
-0.553007
-0.520781
-0.19873
0.0263787
0.068421
0.249528
0.422638
0.484132
0.178424
-0.536631
-0.841659
-0.865501
-0.758324
-0.39437
-0.335884
-0.12255
0.346052
0.561145
0.507196
0.42131
0.380956
0.585964
0.632295
0.160043
-0.363338
-0.472554
-0.25827
-0.162109
-0.119716
-0.217267
-0.21097
-0.155052
0.0618907
0.390099
0.477334
0.611491
0.668458
0.539789
0.442388
0.0457772
-0.354512
-0.316118
0.00526382
0.142149
0.209503
0.34199
0.295019
0.172428
-0.0354384
-0.134059
-0.173362
-0.180929
-0.107828
0.0195815
0.0880645
0.0639147
-0.0968105
-0.417702
-0.641831
-0.770469
-0.668849
-0.205804
0.0537128
0.225225
0.353134
0.406434
0.448388
0.167311
-0.00884785
-0.00413893
-0.208746
-0.553068
-0.758175
-0.509673
0.0674968
0.488699
0.553084
0.362981
0.237213
0.0556964
-0.0473013
0.10262
0.299092
0.371254
0.375914
0.160301
-0.164588
-0.258029
-0.110417
-0.00112941
-0.0472697
-0.0439397
-0.010062
0.219268
0.335552
0.221999
0.190423
-0.0175822
-0.285204
-0.358993
-0.234141
0.121388
0.278766
0.260955
0.17826
0.119485
0.0141485
-0.122455
-0.203861
-0.222702
-0.199619
-0.259824
-0.161032
-0.0874393
-0.00908895
0.129297
0.12671
0.0944948
0.119567
0.196088
0.181775
0.0838563
-0.0186708
-0.0911799
-0.28614
-0.418425
-0.404409
-0.211974
0.10762
0.184521
0.247068
0.413384
0.496622
0.368246
0.0734658
-0.242046
-0.382568
-0.413783
-0.305954
-0.179633
-0.0617176
0.102199
0.137867
0.080332
-0.0223747
-0.013776
0.041834
0.0284116
-0.0290432
0.0551253
0.202229
0.238516
0.102853
-0.0459451
-0.239865
-0.468781
-0.338701
-0.113299
0.055356
0.263045
0.303012
0.259352
0.0535063
-0.0827368
-0.0376024
0.0318023
0.102167
0.0180727
-0.0368229
-0.080353
-0.153831
-0.155568
-0.134154
-0.0291735
0.107654
0.216763
0.315666
0.303504
0.237343
0.119252
-0.0199293
-0.0915381
-0.167525
-0.252928
-0.344229
-0.390068
-0.32782
-0.258156
-0.198477
-0.123074
-0.0684036
-0.0690507
-0.0494959
0.0845132
0.210126
0.296624
0.339439
0.457045
0.619812
0.476053
0.130914
-0.0902352
-0.232485
-0.302135
-0.319685
-0.281907
-0.130915
-0.000904388
0.0693703
0.0982716
-0.121398
-0.41006
-0.493883
-0.392401
-0.207042
-0.0869177
0.0312479
0.0599592
0.0359616
0.0125938
-0.0568256
-0.056373
0.0317046
0.0759697
0.059839
-0.0045224
0.0461502
0.133198
0.13607
-0.0208545
-0.22542
-0.283614
-0.278663
-0.190865
0.0418247
0.28499
0.374177
0.330818
0.23272
0.166559
-0.160877
-0.425448
-0.323836
-0.190767
-0.0638744
0.00492092
-0.00341288
0.00989466
-0.0505383
-0.0461272
0.0634018
0.0944623
0.0953648
0.100985
0.148359
0.0342478
-0.18785
-0.142136
0.0456718
0.105491
0.0157694
-0.105649
-0.109545
-0.069108
-0.0759925
-0.0997701
-0.127296
-0.157911
-0.151331
-0.0605045
0.0721253
0.137502
0.157417
0.165116
0.148806
0.117941
0.129059
0.178382
0.187652
0.119741
0.043045
-0.0888795
-0.209039
-0.241983
-0.150207
0.106374
0.287244
0.323392
0.23542
0.113552
-0.010586
-0.0825744
-0.0867001
-0.100042
-0.0940517
-0.0344028
0.0397902
0.14636
0.17896
0.100784
0.0162303
0.00248851
0.0386167
0.0789632
0.102376
0.0367854
-0.0533359
-0.0198267
0.0793663
0.109797
0.0699652
0.0552137
0.0879832
0.00852758
-0.113461
-0.119356
-0.0368866
0.0523803
0.187739
0.293819
0.251238
0.0856471
-0.0625911
-0.0130484
0.0929916
0.122262
0.13541
0.0938587
0.0863941
0.0368764
-0.0797245
-0.125854
-0.12818
-0.12229
-0.0739372
-0.0217057
-0.070084
-0.109726
-0.060743
0.00537284
0.0352132
-0.0282591
-0.0940204
-0.0616411
-0.011089
-0.0527701
-0.180457
-0.227706
-0.243307
-0.213957
-0.141683
-0.0847239
0.0379892
0.14199
0.240892
0.259327
0.252162
0.170347
-0.0619979
-0.17554
-0.125358
-0.0236969
-0.000664085
-0.0661958
-0.118843
-0.140242
-0.137981
-0.113459
-0.0723932
-0.0228511
0.00108132
0.0394879
0.0902895
0.114892
0.0988499
0.020873
-0.0807144
-0.168158
-0.104761
0.0324459
0.0850866
0.0374175
0.0142986
0.0129009
0.0176708
0.0956514
0.197582
0.241926
0.167828
0.131324
0.14421
0.0793981
-0.0352344
-0.0935894
-0.104283
-0.0930263
-0.0522011
-0.00816713
0.0413946
0.0297708
0.0326212
0.0363212
0.00387574
-0.0536398
-0.105927
-0.0991786
-0.094559
-0.0716567
-0.0463255
-0.0401265
-0.0613367
-0.0380946
-0.00304728
-0.0273362
-0.0276248
0.00822217
0.0676997
0.0872231
0.0601252
0.0163939
-0.0948903
-0.184953
-0.180124
-0.128493
-0.0804714
0.0354534
0.185504
0.220312
0.0895751
0.00893839
-0.0932796
-0.166729
-0.0429477
0.134372
0.212332
0.140582
0.0256787
-0.105408
-0.184845
-0.189892
-0.0575443
0.0692558
0.100824
0.102924
0.0602619
0.0643211
0.0831843
0.113333
0.150379
0.112245
0.0987611
0.0475622
-0.0992183
-0.196939
-0.160882
-0.0569434
0.0631792
0.106962
0.110621
0.101825
0.107214
0.0882419
-0.023053
-0.167055
-0.194054
-0.0825578
-0.0249504
0.0289384
0.0585669
0.0537293
-0.0257286
-0.0327754
0.0166751
0.00417042
-0.0512971
-0.0721185
-0.00795392
0.0139076
-0.0334133
-0.209632
-0.166989
-0.0419393
0.0733047
0.196626
0.208281
0.105432
-0.0498056
-0.180033
-0.175395
-0.0589619
0.0195567
0.0653784
0.0202964
-0.0373206
-0.091449
-0.0555835
0.0133089
0.0578309
0.0519531
0.0272928
-0.00221554
-0.0346927
-0.044559
0.00225203
0.0719539
0.0688649
0.0544503
0.0785504
0.05378
-0.0385934
-0.0397133
0.0496706
0.0763195
0.0332963
0.0136937
0.0133234
-0.0461332
-0.0373672
0.0193796
0.0265162
-0.00185299
-0.0452862
-0.0475858
-0.0637399
-0.0733467
-0.0480974
-0.010873
0.0228829
0.0693736
0.140704
0.170782
0.131357
0.0743987
0.0309254
-0.0214345
-0.115638
-0.18548
-0.141319
-0.0713178
-0.0314746
-0.0158817
0.0172441
0.0616754
0.0364346
0.0208899
0.0150712
0.0322634
0.0413587
0.0402482
0.0731939
0.0521413
0.0480719
0.0202719
-0.0471122
-0.148453
-0.198964
-0.0466258
0.166878
0.251153
0.250362
0.104249
-0.352419
-0.665475
-0.639837
-0.516058
-0.442638
-0.214481
0.172643
0.479998
0.531147
0.386093
0.307843
0.308681
0.260189
-0.101677
-0.371401
-0.234107
-0.238047
-0.243576
-0.140209
-0.0888613
0.024202
0.121581
0.232645
0.252266
0.232172
0.224074
0.273313
0.143653
-0.125551
-0.152922
-0.128583
-0.130564
-0.17012
-0.115683
0.0569057
0.116
0.069937
0.0822003
0.120763
0.118232
0.0165911
-0.103853
-0.137941
-0.150907
-0.143492
-0.105439
-0.0156973
0.0785731
0.0846387
0.0120558
-0.0630161
-0.10785
-0.117888
-0.0828941
-0.0392136
0.0362942
0.0751266
0.0386691
-0.00600507
-0.0390439
-0.0437841
-0.0163072
0.0589906
0.121034
0.165744
0.154026
0.0871807
-0.0568538
-0.162904
-0.165655
-0.149203
-0.123316
-0.106605
-0.0451218
0.0405417
0.0534843
0.05845
0.0574481
0.034705
0.0253764
0.0244744
0.0119171
0.00741661
0.0102431
0.00287374
0.00979862
0.0494804
0.0839142
0.0762549
0.0645672
0.0395748
0.0248083
-0.00250324
-0.0198187
-0.00408748
0.016212
0.0301339
0.0554413
0.0804388
0.0992888
0.0595322
0.011299
-0.0364144
-0.0678543
-0.0109496
0.0514729
0.0856367
0.126058
0.123357
0.129881
0.155868
0.125798
0.0301035
-0.0727779
-0.110735
-0.132449
-0.131942
-0.104686
-0.0411336
-0.024253
0.00140415
0.0635366
0.106227
0.0606725
-0.027195
-0.0841648
-0.0859368
-0.0740842
-0.0973975
-0.0849052
-0.0943941
-0.0934372
-0.0614727
-0.0278888
0.00616489
0.0123997
-0.000457868
-0.0024098
0.0111321
0.0289222
-0.00480698
-0.0434243
-0.0287429
0.00402131
0.0322273
0.046009
0.021656
-0.00638547
-0.00403915
0.0268058
0.0115991
-0.0429118
-0.0758714
-0.0835911
-0.0471484
-0.0104858
0.0526362
0.053783
0.0504515
0.0793472
0.0431989
-0.0408902
-0.0985099
-0.090016
-0.0749248
-0.0332942
0.019232
0.0503568
0.0350002
0.0469226
0.069071
0.0568531
0.0611986
0.0506601
0.014002
-0.00839175
-0.00154724
-0.00100021
-0.0171965
-0.0148801
-0.00866536
0.00579611
0.0286942
0.0734936
0.108357
0.0979083
0.0932975
0.108239
0.101309
0.0738371
0.057331
0.0418445
0.0147726
0.0103617
-0.0138913
-0.041433
-0.0388667
-0.0179877
0.00174171
0.000429563
0.00986312
0.018637
0.0186943
-0.00359945
-0.0316908
-0.0193184
-0.0137133
-0.0255412
-0.0155378
-0.00318537
-0.00630673
0.00296696
0.018898
0.00513092
-0.0304774
-0.0696343
-0.0722258
-0.0855531
-0.0807775
-0.0577093
-0.0431276
-0.0276863
-0.00560768
0.0217789
0.0261346
0.00194182
-0.019702
-0.0330991
-0.034561
-0.0222783
-0.0381044
-0.057659
-0.0617298
-0.0504967
-0.0142836
0.0345944
0.074846
0.0650975
0.0540096
0.0457006
0.000986122
-0.0183984
-0.0184207
-0.0195526
-0.0421558
-0.044977
-0.0589636
-0.0753493
-0.0569889
-0.0253538
-0.0112716
-0.00118785
0.0169627
0.0154711
0.00423348
-0.0341233
-0.0608847
-0.080509
-0.0915967
-0.0699974
-0.0591238
-0.0507392
-0.0166249
0.021098
0.0567817
0.0800504
0.0482111
0.0266678
0.00547434
-0.0419186
-0.073158
-0.0664126
-0.0149451
0.0193093
0.0594214
0.0593296
0.0467328
0.0297379
0.0255577
0.0217775
0.0194967
0.0520819
0.0698831
0.0684719
0.0556354
0.0602819
0.0275933
-0.00546505
-0.024679
-0.0328672
-0.00622947
0.0231172
0.0589014
0.0852594
0.0702039
0.0430333
0.0279279
0.0152916
-0.0121489
-0.0499251
-0.0518857
-0.0308854
-0.0321362
-0.023331
-0.00176095
0.022618
0.0464473
0.0606404
0.0553513
0.0250023
0.0231419
0.0232907
0.0343552
0.0270371
0.00738391
0.0328327
0.0413483
0.0103897
-0.0211686
-0.0489084
-0.0836055
-0.0876847
-0.0500106
0.00580619
0.00427599
-0.0239035
-0.00494186
0.00228452
-0.0171584
0.000913682
0.0232841
0.0282814
0.0146463
0.0216629
0.0220822
0.0141648
-0.00486805
-0.0339169
-0.0394951
-0.0381161
-0.0155055
0.000947533
-0.0216937
-0.0370979
-0.0404468
-0.0252532
0.0144707
0.0473174
0.047727
0.022607
0.0293241
0.0223968
0.0260453
0.0436682
0.0440081
-0.00448246
-0.00369271
-0.00171341
-0.0253738
-0.0512433
-0.0429565
-0.0467747
-0.05797
-0.0216043
-0.0256124
-0.0127472
-0.00435019
0.0326954
0.0394231
0.0171725
-0.00878666
-0.0326566
-0.0444413
-0.0124835
0.0304099
0.0322998
0.0140778
-0.0191382
-0.0223562
-0.00511232
0.0215178
0.0292256
0.00475625
-0.0290893
-0.0393942
-0.0558367
-0.0742883
-0.0559946
-0.0499359
-0.0122099
0.0324733
0.0466588
0.0340851
0.015014
0.00753822
-0.00767438
-0.0170993
-0.0229256
-0.0288618
-0.0386364
-0.0515298
-0.024689
0.00266163
0.0341606
0.047257
0.0476185
0.0428721
0.0194532
0.0099588
-0.000345274
0.00895285
0.0184809
0.0194424
0.0156659
-0.0154796
-0.0372889
-0.0439042
-0.0381244
0.0178353
0.044127
0.0468581
0.0215105
0.000561172
-0.0117016
0.00275498
0.0293167
0.0176439
-0.0169698
-0.0300321
-0.0169648
-0.0171221
-0.00112589
-0.00884014
-0.00177026
0.00315051
0.00320327
-0.0187751
-0.0452317
-0.0494371
-0.0381987
6.90054e-05
0.00828873
0.00370362
-0.017125
-0.0378535
-0.0658491
-0.0724133
-0.0509587
-0.0384004
-0.000282309
0.0515603
0.0578912
0.0403317
0.0644755
0.06195
0.000568173
-0.00516592
0.066509
0.0542676
-0.00622442
-0.0576301
-0.0765187
-0.0676884
-0.0258912
0.0669356
0.102995
0.0860159
0.0744046
0.0752584
0.0428255
0.0243271
0.0369163
0.0217466
0.00461778
0.0130687
-0.0206734
-0.0261367
0.0109029
0.0216531
0.0255961
0.0355567
0.0578224
0.0415836
0.0481357
0.0690421
0.0621896
0.0102653
-0.00237479
0.00142862
-0.0257655
-0.0560284
-0.0576327
-0.0497008
-0.0728464
-0.0470315
0.0120701
0.0482109
0.0368907
0.0328476
0.0127011
-0.0395525
-0.0688254
-0.0739578
-0.0703737
-0.0546243
-0.0368058
-0.0228157
-0.0466705
-0.0675963
-0.0685901
-0.0481124
-0.0196679
-0.00136931
0.00814286
-0.00315659
-0.00797859
0.000684051
0.00557824
-0.00687058
-0.0172702
-0.0203927
-0.0198765
-0.0280069
-0.0150657
0.00841136
0.00303
0.0160313
0.0267736
0.0144052
-0.0140868
-0.0273748
-0.0354448
-0.0297603
-0.0317427
-0.00304727
0.0149424
0.043378
0.0476333
0.0111449
-0.0166769
-0.0631012
-0.0462907
-0.00834872
0.0473162
0.0527514
0.0499098
0.0247672
-0.00904182
-0.034844
-0.0360661
-0.0230038
-0.0186479
-0.00429607
0.00187911
0.00146697
0.0265947
0.055181
0.0315083
0.00701593
-0.00304215
0.00343319
-0.0154813
-0.0332361
-0.0232721
-0.0217946
-0.015409
0.0352489
0.0653751
0.0555573
0.0174308
-0.0359295
-0.0789139
-0.0948091
-0.0362741
0.0360754
0.0814558
0.111522
0.0843418
0.022885
-0.0212186
-0.0441507
-0.0413031
-0.0285594
0.00876449
0.0425199
0.0442781
0.0204266
-0.0101822
-0.00120677
0.0216731
0.0231017
0.0160036
0.0110748
0.0129532
-0.0020815
0.00447515
0.013251
0.0186381
0.0137695
0.0206961
0.0342402
0.0313008
0.0410453
0.0368259
0.035996
0.0218442
0.0179399
0.0104837
-0.00634361
-0.0116021
-0.0215883
-0.0277583
-0.0236789
-0.0236877
-0.0184279
-0.0290419
-0.03091
-0.0106686
0.0159486
0.0383698
0.0356853
0.0292375
0.0330377
0.00623266
-0.0187724
-0.022217
-0.0234544
-0.0188213
-0.0146713
-0.000628275
-0.00273546
-0.0232656
-0.0149937
-0.00772112
0.0142999
0.0421878
0.0564274
0.0619378
0.0468401
0.0331223
0.0174356
-0.0131288
-0.0356572
-0.0355517
-0.0306821
-0.00877724
0.0123058
0.0014436
-0.0061441
0.0221312
0.0364007
0.0545811
0.0530165
0.0317173
0.000368352
-0.0318438
-0.030694
-0.025378
-0.021771
-0.00800634
0.0041702
-0.00397182
8.84835e-05
0.00635566
0.00173193
-0.00234378
-0.00197274
0.000385937
-0.00402863
-0.0083791
-0.0153061
-0.0166092
-0.0135104
-0.00251689
0.00739561
0.00063854
0.00627684
0.00152297
-0.00635624
-0.00508021
-0.0088068
-0.00330636
-0.0117249
-0.0097062
-0.00189049
-0.00200109
0.00212209
-0.000533087
-0.003987
-0.0148739
-0.0219361
-0.0215691
-0.0268624
-0.0214128
-0.0079829
0.00265216
0.00743753
0.00582117
-0.000288952
-0.0105404
-0.0157555
-0.0176383
-0.0215271
-0.0202061
-0.0135794
-0.00726761
-0.00151609
-0.000387491
-5.76198e-05
0.000516954
-0.00237772
-0.00405952
-0.00581966
-0.00609373
-0.00650828
-0.00779189
-0.00538308
-0.0024278
0.000472584
0.00289393
0.00452647
0.00155464
-0.00164963
-0.00266335
-0.00333353
-0.00214725
-0.000236098
-0.000480057
-0.00148642
-0.00136348
-0.00110403
-0.00155282
-0.00289429
-0.00179635
-0.0015865
-0.00146889
0.000383379
0.00163375
0.00237257
0.00240276
0.00260949
0.00192516
0.00111501
0.000171823
0.00026836
0.000538363
0.00102868
0.00100321
0.000892528
0.00139767
0.0015719
0.0017704
0.00149859
0.00146809
0.00138561
0.00153474
0.00192501
0.00201537
0.00175882
0.00133002
0.00120313
0.00109937
0.00120106
0.00138286
0.00136338
0.00126271
0.00125116
0.00119521
0.00101212
0.000896245
0.000832204
0.000764631
0.000734976
0.000719861
0.000708947
0.000708125
0.000688513
0.000672016
0.000617966
0.000570366
0.000529669
0.000513351
0.000517484
0.000522312
0.0005318
0.00053705
0.000543219
0.000557174
0.000572856
0.000589155
0.000608201
0.000631032
0.000656634
0.000685597
0.000718904
0.000755294
0.000794763
0.000837068
0.000881945
0.000929383
0.000979446
0.00103225
