0.0924958
0.0925732
0.0929849
0.0937753
0.092721
0.0907829
0.0925557
0.0939069
0.0883978
0.0836656
0.0880432
0.09015
0.0816515
0.0752602
0.0780653
0.0787772
0.0764826
0.077347
0.0801968
0.0791727
0.0702886
0.0586152
0.061364
0.0815362
0.0887711
0.075458
0.0603811
0.0555836
0.0561191
0.0647954
0.0580252
0.0396909
0.0563225
0.0600887
0.00549275
0.0114409
0.0517758
-0.00562169
-0.0494157
0.0113274
0.0669468
0.0704577
0.0457565
0.0355478
0.0692837
0.0961588
0.0793775
0.0589407
0.0336142
-0.0679446
-0.172804
-0.0995261
0.0130262
-0.0470941
-0.0824473
0.0813796
0.169839
-0.0306429
-0.152656
0.0147206
0.0312111
-0.184735
-0.23455
-0.0835669
-0.0630571
-0.141339
-0.0708906
0.0154965
-0.0651948
-0.0619917
-0.000290845
0.0387564
0.0632471
-0.0443044
-0.194455
-0.20367
-0.0911452
-0.0224137
0.0313873
0.0681561
-0.00291156
-0.0468238
0.0450576
0.0417169
-0.0793746
-0.0545462
-0.0129292
-0.0390718
0.00282876
-0.0683572
-0.251991
-0.113389
0.0772991
-0.0381267
-0.183917
-0.20067
-0.112364
0.0142707
-0.00491507
-0.0735736
-0.0714388
-0.0852669
-0.140334
-0.0647482
0.0863051
-0.00952299
-0.19337
-0.182131
-0.0834993
-0.0468483
-0.0229638
-0.0310792
0.0135809
0.00211359
-0.15167
-0.257989
-0.154572
0.0641933
0.102413
1.47139e-05
-0.074326
-0.097061
-0.138354
-0.190029
-0.080289
0.0458121
-0.112224
-0.240492
-0.23202
-0.306675
-0.274725
0.0833193
0.321426
-0.00842711
-0.422854
-0.203148
0.214132
0.379291
0.259482
-0.128749
-0.324892
-0.0198194
0.300215
0.15774
0.0258697
0.0114742
-0.232068
-0.398739
-0.163395
0.0588045
0.0667267
0.135022
0.24834
0.158727
-0.0956362
-0.0449279
0.229211
0.184593
-0.0211478
-0.159005
-0.258148
-0.235544
-0.127296
-0.0265456
0.264168
0.4146
-0.0756106
-0.3679
0.0687929
0.352795
0.300818
0.22558
0.0819604
-0.145912
-0.225893
-0.0679473
0.115513
0.346655
0.309103
-0.0890493
-0.365355
-0.142797
0.111651
0.184563
0.314297
0.13626
-0.242672
-0.19803
0.21025
0.310147
0.0312101
-0.128579
-0.112718
-0.101469
0.107112
0.201375
-0.17179
-0.407942
-0.158001
0.0124552
-0.0281639
-0.0387203
0.0103367
0.106702
0.125186
0.059641
0.142526
0.139339
-0.0440591
-0.157378
-0.350797
-0.542623
-0.332649
0.0818559
0.193642
0.17863
0.296136
0.472899
0.759265
1.18497
1.52108
1.40255
1.10947
1.21742
1.37894
1.33019
1.34045
1.38797
1.32355
1.35355
1.38244
1.34364
1.24984
0.963192
0.503754
-0.0553914
-0.678863
-1.25206
-1.81127
-2.39717
-2.92529
-3.33093
-3.41009
-3.05955
-2.56757
-2.30839
-2.48362
-2.78812
-2.64224
-1.9984
-1.40557
-1.00764
-0.852404
-0.841739
-1.0442
-0.893422
0.929748
3.03857
2.01191
0.103073
2.16411
3.53278
2.54045
2.37116
2.81977
2.83913
2.60449
2.166
1.40689
0.649786
0.21689
0.0864353
-0.1263
-0.468616
-0.737903
-0.825063
-0.689086
-0.0187468
0.427667
-0.397301
-0.491965
0.0864024
-0.784759
-1.21589
-0.285402
-0.0319139
-0.738979
-1.32416
-1.56567
-1.40196
-0.870807
-0.490648
-0.799906
-0.998574
-0.783902
-0.74652
-0.854309
-1.08102
-1.6309
-1.50315
-0.202017
0.895163
0.860451
0.201881
0.314649
1.07783
1.42692
0.943882
0.401306
0.273672
0.237091
0.184365
0.268459
0.245809
0.195777
0.508154
0.919022
1.03832
0.644992
-0.035259
-0.135846
0.762752
1.59906
1.43268
0.653087
0.453632
0.397334
-0.462836
-1.27638
-1.2117
-1.14424
-1.38585
-1.08087
-0.412116
-0.252404
-0.675332
-0.75932
-0.204029
0.422182
0.580852
0.107376
-0.317964
-0.250629
-0.0463704
0.0601086
0.422543
0.939669
0.64836
0.183535
0.326485
0.616641
0.485728
0.166078
0.16332
0.326104
0.210992
0.352853
0.436779
0.105972
0.0703839
0.233893
0.228052
0.309374
-0.0434797
-0.787791
-1.0695
-1.00301
-1.03843
-0.718857
-0.374002
-1.0589
-1.73123
-1.72504
-1.95267
-2.00754
-1.43588
-0.832758
0.150921
1.1693
1.37455
0.948699
0.475785
0.154987
0.3564
0.818988
0.76013
0.357764
0.450419
0.269755
-0.529523
-0.633524
-0.398848
-0.0637923
0.237346
0.129882
-0.349417
-0.23615
0.560817
0.707428
0.0782458
0.0941954
1.06974
1.83597
1.89903
1.63734
1.95881
2.94646
2.86049
1.02158
-0.176741
0.729746
2.12708
2.5293
2.02891
1.44751
0.489637
-1.4656
-3.31874
-3.29933
-2.65557
-3.13535
-2.86147
-1.59242
-0.909645
-1.03317
-1.26137
-1.18141
-1.57776
-2.24152
-1.22162
-1.40166
-2.40418
-1.6922
-1.31583
-1.94856
-1.54258
-0.458138
0.603991
1.02784
0.8234
0.928555
0.914776
0.786541
1.33344
2.18969
3.29725
3.45595
2.36396
1.5633
1.85739
2.15367
2.03129
2.32444
2.95743
2.8478
1.40414
0.727332
1.18824
0.391605
-0.826435
-0.767988
-0.153698
-0.306826
-0.691702
-0.608156
-0.62869
-1.0228
-1.44999
-1.13663
-1.33428
-2.22743
-2.75345
-1.75077
0.300003
0.853484
-0.512538
-3.2555
-3.83732
-0.355182
2.96077
2.62101
-0.635859
-2.58324
-0.739625
1.83046
2.69407
3.0752
4.29997
5.00287
3.37306
0.939642
0.582887
1.40991
2.27561
2.81677
-0.158095
-5.17165
-6.43231
-2.6686
2.52973
5.86749
5.03229
1.69565
-0.452352
-1.74674
-3.97542
-5.00031
-2.75911
0.256656
2.42952
3.60933
2.9946
0.573242
-2.73525
-5.75713
-6.20639
-3.63869
-1.14351
0.396917
1.04431
-0.474168
-2.00538
0.430408
4.8845
7.79351
8.36902
7.33398
5.92551
3.79856
1.86603
1.24787
-0.550327
-3.73374
-4.71296
-2.04478
0.271233
-0.016554
-0.453023
-0.0703734
-0.746911
-3.99606
-7.06103
-8.02743
-5.43882
-0.595932
-0.823542
-3.2114
-1.70194
0.431785
-0.540989
-2.55074
-2.2782
-1.05377
-2.77747
-4.92207
-3.69463
-2.1733
-3.22754
-5.58497
-6.04307
-2.28097
2.15481
2.5531
-0.437993
-3.02782
-3.36026
-3.36532
-3.10545
-1.70355
-1.20867
-0.294912
2.38441
3.82979
3.81277
4.81952
6.23707
6.18228
3.62178
0.0300211
-1.94664
-3.31845
-4.06645
-3.73339
-3.80829
-2.3225
2.13111
4.81097
4.88048
4.69278
1.98533
-2.44137
-4.89122
-4.50806
-4.54968
-3.09683
1.27795
4.04055
5.91821
5.38912
2.60719
1.98481
2.73652
2.45391
1.49999
0.627805
0.248463
0.985049
2.29044
3.24497
3.31669
2.11885
0.497828
0.602226
2.23906
3.22026
3.48331
3.39096
2.0707
0.5814
-0.382581
-2.78027
-5.86956
-7.61254
-6.48879
-1.76746
1.97283
2.13134
0.423267
-1.23126
-2.19252
-3.30726
-3.73234
-2.00765
0.488299
1.98385
2.86658
3.40173
2.83119
1.62213
0.629741
0.597898
1.81743
2.1264
0.58235
-0.345369
0.931418
2.9118
3.79024
4.06889
3.92098
2.4482
0.147306
-2.15846
-4.23318
-5.24487
-4.74771
-2.81002
0.0844328
2.76976
2.58471
-0.227748
-1.76182
-1.91046
-3.02448
-3.89939
-3.47546
-3.55934
-1.15793
4.6159
5.19801
0.550188
-2.2775
-2.01755
-1.63332
-1.73845
-0.607512
1.77237
2.61088
1.5742
-0.492675
-2.70217
-3.44685
-2.80109
-0.858309
1.88202
3.56949
3.81243
3.53681
3.39586
3.61074
2.11787
-1.1279
-1.90672
0.741667
2.68731
2.1267
-0.201365
-1.71176
-2.20835
-2.88944
-1.92655
1.48978
2.86568
1.30766
0.904152
1.87345
1.28117
-0.515027
-1.02157
-0.136901
-0.192023
-1.65746
-2.69471
-2.45432
-1.40119
0.0295922
2.10169
3.99228
4.48306
3.65532
1.61496
-0.270174
-0.377329
0.159625
0.406832
0.242535
-0.537514
-0.823967
-0.499211
-1.00051
-1.83652
-1.22442
0.899515
2.33309
1.86354
-0.216744
-1.12172
0.424682
1.14064
0.129591
0.0135907
0.468975
-0.756684
-2.10546
-2.19397
-2.25668
-2.93547
-2.9373
-1.88889
-1.54889
-1.64855
-0.169898
2.0688
2.74386
1.50783
0.0541268
-1.20029
-1.77327
0.00928574
1.69057
1.83154
1.90027
1.78301
0.88322
0.198998
0.607113
1.22054
1.14803
0.324017
-0.732683
-1.52596
-1.67455
-0.917251
-0.270102
-0.535917
-0.137959
0.922375
1.60063
1.9484
1.93652
1.58198
1.05696
-0.00197649
-1.32213
-2.06052
-1.11545
0.958402
1.43635
-0.336714
-1.37418
-0.247656
0.595844
0.305327
0.736698
1.78285
1.85928
1.43242
1.38559
1.15732
0.0763614
-1.13132
-2.25537
-3.08373
-3.16894
-3.0494
-2.07572
-0.634877
-1.04011
-1.61609
-0.740291
-0.0601243
-0.0822224
0.129845
-0.1023
-0.971272
-0.856642
-0.220799
-0.648527
-0.210546
0.549019
-0.978772
-2.2765
-1.60083
-0.401453
0.404639
0.0393066
-0.753828
-0.376812
-0.274559
-0.54153
-0.0593203
0.672011
1.58984
2.46605
2.07342
1.01065
0.465162
0.100517
-0.613725
-1.44282
-1.92613
-1.59957
-0.821589
-0.665701
-0.872813
-0.848904
-0.758124
-1.29879
-1.86598
-1.64874
-1.41946
-1.77695
-1.63833
-1.06497
-0.836483
-0.998423
-1.04949
-0.981265
-1.11946
-0.493242
0.24371
0.398506
0.970152
1.60746
1.42857
0.680176
-0.0286798
0.110257
0.849818
0.594894
-0.16316
-0.628026
-0.653279
0.0977971
0.938174
0.999237
0.786352
0.981894
0.536456
-0.674333
-1.39431
-1.14315
-0.627974
-1.35584
-1.76696
-0.0366213
1.44741
0.788403
0.0587978
0.808551
1.60461
1.27304
0.0765966
-0.670977
-0.798739
-1.66625
-2.63473
-1.99033
-0.488425
0.530294
0.225253
-0.589417
-0.233675
1.00314
1.21264
0.32923
-0.109211
-0.0712836
0.339189
0.644127
-0.0104125
-0.100018
0.793606
0.929937
0.205634
-0.418583
-0.514696
-0.75391
-1.71725
-2.44513
-1.78853
-0.52953
-0.108734
0.495082
1.12374
0.861753
0.697147
1.23334
1.86491
2.09923
2.03464
2.0315
2.21993
2.23019
1.55673
1.13422
1.40263
1.0913
0.129812
-0.0802794
0.577711
0.872861
0.93117
1.41956
1.86864
1.89222
1.57613
1.12181
0.919459
0.858127
0.507209
0.268813
-0.0999313
-1.16657
-1.77175
-1.45395
-1.3614
-1.37262
-0.822463
-0.93737
-1.63579
-0.933977
0.225343
-0.22638
-1.16719
-0.644817
0.630593
1.04728
0.0879003
-0.469817
0.624949
1.21941
-0.0153993
-0.712758
0.634201
1.32568
0.419073
0.562085
1.74422
1.6512
0.263249
-0.299304
-0.374127
-1.04325
-1.27876
-0.0626161
0.765197
-0.218572
-0.734872
0.40971
0.574586
-0.639442
-0.542023
0.52159
1.19187
1.44914
1.13911
0.39037
0.0282369
-0.448059
-0.878707
0.077433
1.04533
0.825595
1.24876
2.25862
1.66326
0.76877
1.35414
2.05988
1.84685
1.40229
0.993207
1.12728
0.941249
-1.41559
-3.72571
-2.81735
-0.813484
-0.152084
0.468947
0.841247
0.19418
0.388558
1.38157
0.877772
-0.207895
-0.106468
0.108674
-0.492096
-0.444836
-0.201512
-0.88986
-1.39203
-1.39956
-1.71358
-1.59066
-0.0819415
0.847266
-0.23297
-1.15475
-0.884952
-0.666335
-0.239474
0.419263
0.322367
-0.543731
-1.05348
-0.138731
0.80283
-0.138442
-1.48841
-1.26951
-0.916468
-1.07986
-0.674506
0.0928838
0.803516
0.651862
-0.221269
0.0190015
0.603045
0.43029
0.653436
1.44583
1.70338
0.955362
-0.0535709
-1.12559
-1.78562
-1.15743
-0.540843
-0.716515
-0.518579
-0.00755974
-0.47022
-1.48752
-1.30605
-0.859896
-1.31697
-1.55376
-1.02983
-0.273964
0.716799
1.64096
1.84124
0.954655
0.115089
0.223142
-0.167186
-1.44544
-0.645716
1.6545
1.57766
0.862026
1.24928
1.08337
-0.059831
-1.05689
-0.937312
-0.228075
0.0720662
0.466665
0.857765
1.12479
1.4871
1.04582
-0.0184753
-0.219969
-0.123211
0.0459387
0.484867
0.434311
-0.0191811
0.18221
0.465618
0.126691
-0.162018
0.0302012
0.299521
0.336046
0.1266
-0.248434
-0.783107
-1.20202
-0.998503
-0.818724
-1.43949
-1.42152
-0.29401
-0.213454
-1.54316
-2.03136
-1.61466
-1.2949
-1.02566
-0.921991
-0.667856
0.0666517
0.435419
0.38609
0.66028
0.876692
0.578253
0.255109
0.14799
0.203227
-0.303886
-1.52539
-1.87089
-0.944401
0.144445
0.272048
-0.0299568
-0.224447
-0.529395
-0.532229
-0.342461
-0.224046
-0.284942
-0.739877
-0.871089
-0.221149
0.384039
0.486949
0.261468
0.183665
0.322264
0.373602
0.611382
1.05867
1.09944
0.432818
-0.245312
-0.428556
-0.542392
-1.05669
-1.59456
-1.51973
-0.777962
-0.0363153
0.169321
-0.159224
-0.646415
-0.897953
-1.13688
-1.25553
-0.750709
-0.236838
0.0304444
0.506026
0.821456
0.477956
0.321098
0.92079
1.19532
1.04446
1.16614
1.15538
0.816667
0.773563
1.22328
1.24428
0.641411
0.480694
1.06116
1.22889
0.431762
0.121747
0.895882
1.24276
0.723625
0.437164
0.735816
0.932948
0.821689
0.715882
0.708157
0.545068
0.262103
0.219358
0.423788
0.331242
-0.0657314
-0.170622
-0.207374
-0.62106
-1.09969
-1.21916
-0.870358
-0.354632
-0.358375
-0.932059
-1.08449
-0.960785
-1.42653
-1.7741
-1.287
-0.366759
0.385727
0.349736
-0.183021
-0.224179
0.0570629
0.29962
0.527863
0.609707
0.369676
-0.128924
-0.435531
-0.399494
-0.455608
-0.460177
0.00754431
0.612308
0.737185
0.373179
0.183834
0.300063
0.481477
0.557536
0.572656
0.768937
1.00257
0.905051
0.641379
0.539866
0.447131
0.0919816
-0.271412
-0.179646
0.3311
0.653691
0.717718
0.526114
0.0539377
0.0511762
0.491213
0.466237
0.156515
0.259654
0.5095
0.409769
0.469183
0.791237
0.956081
0.762372
0.445119
0.537409
1.04307
1.19636
0.750359
0.0292832
-0.821665
-1.47398
-1.57699
-1.15764
-0.601398
-0.0732083
0.153247
-0.121742
-0.497754
-0.556684
-0.57835
-0.659542
-0.480031
-0.191105
-0.0631398
-0.245758
-0.639277
-1.01992
-1.37255
-1.669
-1.52023
-1.00768
-0.672252
-0.364702
-0.129178
-0.00011881
0.306181
0.672024
0.895833
0.954342
0.864165
0.590858
0.0487365
-0.595874
-0.715144
-0.245072
-0.00961282
0.248407
0.819019
0.826591
0.340274
0.0743118
-0.0644597
-0.491044
-1.01303
-0.936148
-0.438788
-0.395205
-0.261088
0.399018
0.866364
0.790249
0.682782
0.640265
0.612461
0.47453
0.153737
0.0130746
-0.0204466
-0.29889
-0.62578
-0.629666
-0.370178
-0.182724
-0.0474841
0.393599
0.823423
0.563081
-0.0560595
-0.408614
-0.407736
-0.188038
0.0656512
0.281767
0.498801
0.646905
0.617148
0.407436
0.0348577
-0.536213
-1.05214
-1.12368
-0.821696
-0.587544
-0.501605
-0.152368
0.381776
0.398057
-0.187474
-0.821524
-0.926993
-0.528034
0.0416947
0.516142
0.69539
0.486328
0.107022
-0.0876974
-0.226579
-0.225205
0.0516402
0.13656
-0.162281
-0.220821
0.0462474
-0.089455
-0.517508
-0.614989
-0.521559
-0.47215
-0.0887281
0.206155
-0.0927192
-0.326442
-0.241566
-0.105524
0.214198
0.493984
0.392476
0.203884
0.133525
0.117187
0.0115412
-0.00403702
0.339063
0.521863
0.265036
0.141942
0.188488
0.283966
0.632448
1.04917
1.04426
0.473438
-0.203034
-0.508048
-0.316353
-0.0530315
0.103775
0.327103
0.431879
0.334711
0.401513
0.467463
0.161152
-0.308268
-0.434274
-0.288919
-0.332506
-0.369365
-0.366249
-0.428597
-0.161896
0.306974
0.541303
0.531832
0.28949
-0.115514
-0.297969
-0.164489
0.0465944
0.330808
0.64015
0.5732
-0.0406805
-0.609022
-0.646587
-0.419095
-0.442512
-0.794535
-0.891076
-0.697986
-0.682988
-0.626203
-0.385208
-0.0787919
0.114305
0.0547011
0.00361217
-0.0426967
-0.353701
-0.714052
-0.752721
-0.525238
-0.187441
0.283872
0.570059
0.209749
-0.179643
-0.0635936
-0.106955
-0.559268
-0.649505
-0.0417909
0.20486
-0.085599
0.161498
0.728945
0.622038
0.0232267
-0.17777
-0.0689971
-0.149485
-0.317477
-0.241999
-0.138388
-0.230768
-0.250709
0.000823661
0.227567
0.402141
0.63573
0.613093
0.396553
0.380413
0.28136
0.11196
0.0883153
0.00157311
-0.0930953
0.133764
0.36704
0.227504
-0.0456825
-0.276889
-0.579392
-0.75478
-0.518224
-0.0775133
0.256609
0.344443
0.285374
0.193818
0.166885
0.139964
-0.0173826
-0.164731
-0.0966725
0.0378387
-0.0702644
-0.16658
0.134477
0.492093
0.455586
0.286452
0.323807
0.441691
0.327509
0.212138
0.323443
0.391201
0.259795
0.152933
0.260083
0.449161
0.487839
0.314922
0.222063
0.321894
0.341303
0.355543
0.546023
0.684375
0.646339
0.595649
0.530189
0.313589
0.0798487
0.0825539
0.240776
0.21754
0.0419929
-0.00305012
0.00245031
-0.0930162
-0.179799
-0.273238
-0.41637
-0.52972
-0.523335
-0.447043
-0.437932
-0.419567
-0.335693
-0.293647
-0.290669
-0.245821
-0.156058
-0.0847532
-0.0774231
-0.0536309
0.051709
0.159011
0.152339
0.029817
-0.00488006
0.0708512
0.0647333
-0.0593196
-0.154937
-0.124685
-0.0718965
-0.122664
-0.148076
-0.0982945
-0.118566
-0.188871
-0.190341
-0.114281
-0.0747683
-0.104766
-0.129414
-0.112516
-0.0975289
-0.115829
-0.117595
-0.0864063
-0.0704408
-0.0762202
-0.0794993
-0.0772983
-0.0699741
-0.054508
-0.0387237
-0.0296495
-0.0267858
-0.0292965
-0.0330133
-0.0348228
-0.0344742
-0.0327367
-0.0296751
-0.0241825
-0.0169048
-0.0105838
-0.00699591
-0.00516059
-0.00285599
-0.000632038
0.00152053
0.00385075
0.00591098
0.00782864
0.00978832
0.0117936
0.0136927
0.0153812
0.0169374
0.0183636
0.0196448
0.0208204
0.021905
0.0228893
0.0237656
0.0245258
0.0251637
0.0256777
