-0.035903
-0.0358831
-0.0359087
-0.036096
-0.0358484
-0.0354708
-0.0364671
-0.0366384
-0.0338528
-0.0325576
-0.0337549
-0.0331936
-0.0330251
-0.0358474
-0.035208
-0.0281006
-0.026452
-0.0322376
-0.0326081
-0.0295193
-0.0223808
-0.0221097
-0.0294004
-0.0265923
-0.0243623
-0.03334
-0.0410194
-0.0353795
-0.0160079
-0.00279351
-0.00991748
-0.0167192
-0.00854162
0.00425993
-0.0133822
-0.0599832
-0.0591298
-0.00135882
0.0225026
-0.0230388
-0.0513648
-0.0361597
-0.0146526
-0.010335
-0.0242416
-0.0222163
-0.0451857
-0.111645
-0.0810619
0.0781261
0.149127
0.0200391
-0.0532276
0.0380736
0.0826626
-0.00207992
-0.0509215
-0.0347244
-0.0375826
-0.0157272
0.0169851
0.0397885
0.073341
0.0498066
-0.0326725
-0.0391991
0.0196624
0.0292158
-0.0273131
-0.0561696
-0.040989
-0.0546396
-0.0730494
-0.000466469
0.0546705
-0.0561478
-0.145397
-0.0570676
0.0395306
0.019092
-0.0322124
-0.0116698
-0.0273576
-0.118434
-0.0584125
0.122254
0.128132
-0.075663
-0.148528
0.0200621
0.0952316
0.0142884
0.0753373
0.166356
0.104093
-0.0198854
-0.0157619
0.0553118
-0.0342306
-0.171565
-0.103951
0.0292136
-0.0278815
-0.0200503
0.110788
0.0146525
-0.128687
-0.0111505
0.112966
0.0339891
-0.0882333
-0.0442932
0.0738514
-0.0709447
-0.208127
0.0264962
0.219776
0.0507396
-0.146692
-0.210747
-0.160695
-0.109051
-0.241391
-0.159896
-0.0926766
-0.188256
-0.139299
0.0221131
0.207482
0.28661
0.133292
-0.159729
-0.383697
-0.244769
0.259949
0.610477
0.574384
0.234227
-0.283578
-0.599854
-0.288645
0.225938
0.295065
0.0506262
-0.139581
-0.0809501
0.283321
0.557853
0.436346
0.128346
-0.151097
-0.232379
-0.0489687
0.22315
0.264892
-0.0277791
-0.34814
-0.433853
-0.278109
-0.000963346
0.261659
0.260724
-0.117241
-0.438888
-0.294388
0.0227295
0.17968
0.0481596
-0.101113
-0.026406
-0.00367399
-0.169441
-0.205451
0.0126599
0.141848
0.0702238
0.0934184
0.145918
-0.101499
-0.260768
0.0886745
0.383696
0.279147
0.0770742
-0.116469
-0.331741
-0.348853
-0.07016
0.0857367
0.00594964
-0.144592
-0.294637
-0.283336
-0.243368
-0.322687
-0.282352
-0.0158924
-0.0283414
-0.404607
-0.575536
-0.585876
-0.561321
-0.299296
-0.0287204
-0.0401764
-0.184854
-0.265254
-0.165242
-0.0725872
-0.191172
-0.360158
-0.483537
-0.688926
-0.844632
-0.657783
-0.166492
0.328078
0.464951
0.476821
0.808254
1.33644
1.68885
1.80243
1.82484
1.75231
1.36274
0.939875
1.16095
1.86657
2.27409
2.13455
1.82901
1.55066
1.37382
1.4035
1.50478
1.37311
0.799657
-0.0870812
-0.865112
-1.08568
-1.26134
-1.70097
-1.79553
-1.54965
-1.78126
-2.36765
-2.38368
-1.6926
-1.15432
-1.16782
-1.42481
-1.50548
-1.30684
-0.773401
0.0295478
0.430006
0.430181
0.829507
1.78015
2.47423
2.66991
2.57885
2.05324
1.11131
0.173647
-0.282043
-0.238588
-0.117936
-0.191641
-0.515176
-0.734515
-0.71083
-1.00455
-1.75619
-2.48182
-2.57847
-2.02178
-1.38758
-1.145
-0.994596
-0.88978
-1.07131
-1.50349
-1.7709
-1.11916
-0.0697423
0.208189
0.454686
1.19425
1.41254
1.01601
0.726884
1.08608
1.92613
2.10302
1.68553
1.40178
0.956708
0.270092
-0.213437
-0.0182675
0.41673
0.0924236
-0.702972
-1.2604
-1.19538
-0.644811
-0.270396
-0.0871121
0.303369
0.338307
-0.273554
-0.472402
-0.0695347
0.103079
-0.167931
-0.463898
-0.518653
-0.68041
-0.937671
-0.512967
0.296478
0.728234
0.804876
0.764479
0.372906
-0.183373
-0.318106
-0.0954459
0.069614
0.315001
0.596148
0.467313
0.256531
0.321452
0.424615
0.245076
-0.506996
-1.2898
-1.61052
-1.54302
-1.07914
-0.485599
-0.00203785
0.367194
0.335131
-0.157316
-0.677373
-1.08155
-1.16102
-0.560663
0.339563
0.852432
0.928064
0.791511
0.0462703
-0.971371
-1.32531
-0.733361
-0.254665
-0.572363
-1.04726
-1.12368
-0.946918
-0.592915
-0.330407
-0.0727387
0.234156
-0.307767
-0.995288
-0.701058
-0.291466
-0.0418935
0.519554
0.932154
1.03586
0.722636
0.235712
0.294712
0.239203
-0.00103472
0.560676
1.53157
2.18381
2.36306
1.99147
1.62165
2.03656
2.02517
1.13367
0.976237
1.36014
0.955754
0.73204
1.81806
2.69263
1.95392
0.385862
-0.247698
0.304641
0.579893
0.702105
0.671081
-0.781175
-2.58725
-3.70444
-3.17588
-0.738356
0.570067
-0.210644
-0.639146
-0.606908
-0.699623
0.0456348
1.21009
2.29948
2.66241
0.935562
-0.867896
0.0479073
1.36191
0.773065
-0.319923
-0.577912
-0.437061
-0.158258
0.0275252
0.708897
1.08337
0.669568
0.626954
0.807349
0.790053
1.17228
1.73237
0.343602
-1.42842
-1.14372
-0.931395
-0.966376
0.743179
1.99659
0.355399
-1.19468
-0.810992
0.0927358
0.677435
0.509941
0.589086
0.108351
-2.00683
-3.15722
-3.14511
-2.42926
0.260496
2.12987
1.80717
1.40013
1.23713
1.26872
1.54074
1.72842
1.8958
1.95783
0.881933
-0.298003
-0.563385
-0.372764
0.448651
1.75335
2.30361
1.78696
1.38364
0.856357
-0.216547
0.481416
2.15319
2.18228
1.90532
2.31048
1.22811
-0.69018
-1.18752
-0.825046
-1.12481
-1.5193
-1.37328
-1.62698
-2.84006
-3.80873
-2.91862
-1.46341
-0.880025
0.411217
1.85738
0.890856
-2.08459
-3.79883
-1.01202
3.54659
5.29917
5.451
6.32384
5.8767
0.828317
-3.99338
-0.883784
4.03607
3.64708
1.48533
2.81066
4.45569
0.458103
-3.56881
-4.23677
-5.17216
-5.87249
-5.66344
-5.84699
-6.14781
-5.11911
-3.88722
-2.79182
-0.584722
1.33008
1.83136
3.15002
5.02994
6.22402
7.51929
5.91558
0.650295
-2.34872
-3.8441
-5.786
-5.82239
-3.37761
1.70806
6.93927
5.61415
0.541977
-2.6586
-5.64703
-7.49342
-6.81407
-5.11828
-4.18309
-4.4006
-3.26878
1.70204
7.76378
8.44524
4.3415
-1.9454
-6.82761
-7.23119
-5.609
-4.54431
-3.32432
-1.78342
-1.81429
-3.72055
-5.23096
-4.78388
-1.96433
0.903943
1.4892
-0.0892097
-1.14617
0.295896
1.44362
0.198214
-1.31273
-1.41277
-1.14828
-0.92613
-0.186704
-0.149146
-1.29673
-1.64196
-1.09182
-1.2923
-0.999952
1.35786
2.43086
0.73308
-0.195959
0.0947315
-1.05252
-2.77046
-3.25263
-3.09071
-3.29056
-3.12659
-1.05153
1.31401
2.2411
2.44666
1.28079
-1.33365
-2.69918
-2.58766
-2.55109
-2.05832
-0.996654
-0.148399
1.04375
2.27497
3.22305
4.1556
4.6937
4.42451
3.38184
2.17197
1.01339
-0.0123336
0.246301
1.74932
2.53183
2.81578
3.16896
2.14475
0.163945
-2.21838
-4.06771
-3.76874
-1.97207
-0.914471
-1.40492
-2.24274
-2.82459
-3.41088
-3.01545
-0.0462773
3.94136
4.38175
1.35566
-1.75967
-3.28584
-3.85143
-3.48371
-1.4391
1.98715
4.17614
3.68116
3.04341
2.48682
0.803766
0.399855
2.45487
3.51778
2.87995
2.26239
1.58782
0.90107
0.758408
1.14645
1.13457
0.539376
1.42826
3.65021
3.19404
0.921304
-0.799919
-1.58698
-1.84544
-2.12986
-1.80962
-0.88938
-0.734305
-0.984146
-1.7339
-3.80421
-5.74965
-5.66611
-2.55112
1.4345
3.56306
3.06496
1.88882
1.57864
1.31036
2.95316
6.22116
6.194
3.56877
2.6258
3.28595
3.03075
1.67772
1.38832
2.65171
3.95386
4.0715
2.69998
1.13625
0.478548
-0.0463311
-0.844443
-0.136071
2.18083
3.32861
3.70726
4.01342
2.71603
1.10866
1.72899
2.71222
2.23302
1.35644
0.935226
0.536557
-0.845102
-2.22018
-0.949333
1.5457
2.36672
1.91417
0.97783
0.529985
0.79588
0.268407
-0.872627
-1.54936
-2.36821
-3.5932
-2.94461
0.312363
2.43955
1.45527
-0.149214
-0.738179
-0.428415
0.54552
1.12922
0.886803
-0.00268463
-1.80477
-3.05798
-2.18077
-0.844
-0.331381
0.593478
1.44867
0.452811
-1.9317
-3.41938
-3.44791
-2.30794
-0.133352
2.02731
3.03988
2.40106
0.88638
-0.72684
-1.8627
-1.44209
0.0219361
1.24524
1.45442
0.302738
-1.23986
-1.98095
-1.79069
-1.28515
-0.718216
-0.371751
-0.635745
-0.73501
-0.170754
-0.04944
-0.55103
-0.571566
-0.49963
-1.24606
-2.35783
-2.72561
-2.33111
-2.42122
-2.96053
-3.39838
-3.66637
-3.53817
-2.71754
-1.4941
-0.55127
0.551349
1.61842
0.883126
-0.975572
-0.928217
1.06774
1.93818
0.939845
0.0306774
0.362326
1.02243
0.520137
0.108062
1.09872
1.49138
0.0756708
-1.41707
-1.29408
-0.0768391
0.4674
0.632224
0.977574
0.64367
-0.407023
-0.716632
0.240116
0.873082
0.818716
0.585635
0.107763
0.0593949
0.174497
-0.562311
-1.34239
-0.870724
-0.207667
-0.73978
-1.4582
-1.20715
-0.907752
-1.58643
-2.28063
-1.92389
-0.807939
0.00852061
0.196085
0.325359
0.703148
0.739282
-0.163628
-0.903266
-0.150083
1.11605
1.52755
1.17177
0.309227
-0.269341
-0.919019
-1.62441
-1.31893
-0.345538
-0.039326
0.133999
0.318936
-0.338537
-0.878469
-0.847623
-1.03913
-0.956018
0.297975
1.46146
1.42891
0.792949
0.168218
-0.0487513
0.240066
0.446607
0.74285
1.18575
1.45177
1.64315
1.51477
0.783934
0.076826
-0.414745
-0.726899
-0.633342
-0.434296
-0.828884
-1.26937
-0.851228
0.0313387
0.57601
0.284695
-0.433968
-0.964904
-1.43965
-2.21112
-2.34045
-0.962659
0.370881
0.308955
-0.142134
0.0807044
0.294113
0.180681
-0.218929
-0.83733
-0.910925
-0.722366
-0.475356
-0.117934
0.272265
0.533982
0.379974
-0.0923819
-0.325681
-0.671606
-1.50806
-1.40024
0.096913
0.404271
-0.969814
-1.34496
-0.864777
-1.22086
-2.20506
-1.77565
0.146701
1.05945
0.78975
0.605498
0.647472
0.422458
0.459882
1.33933
1.97979
2.51212
2.88793
2.3931
1.84327
1.65899
1.74546
1.85335
1.88231
2.4172
2.92389
2.1821
0.576095
0.159317
1.09697
1.50765
1.04003
-0.0924729
-1.30058
-1.34244
-0.567085
-0.051243
0.606084
1.51558
1.6752
0.972113
0.153518
-0.777388
-1.64302
-1.13643
0.191662
0.157738
-0.254983
0.0707657
-0.434583
-1.50758
-1.24535
-0.53998
-0.741231
-1.12795
-0.462
1.35863
2.53393
1.95155
1.19523
1.62716
1.20252
-0.698971
-0.583411
0.332325
-0.667637
-1.22455
0.314008
2.08995
2.92997
2.48575
1.34941
0.805798
-0.0769443
-1.49868
-2.02891
-1.24687
-0.429971
-0.193805
0.237469
0.819747
0.643596
-0.081745
-0.269005
-0.0133342
0.173162
-0.514587
-1.39738
-1.33208
-1.17352
-1.31804
-1.19713
-1.14876
-0.782061
0.618506
2.20753
2.79644
2.25829
1.04465
-0.180183
-0.690782
-0.740188
-0.533151
-0.222482
0.0929502
0.466518
0.267867
-1.08785
-2.35166
-1.79244
-0.442028
-0.0429502
-0.156819
0.664609
0.46133
-2.1797
-3.93225
-2.87391
-1.21769
-0.662255
-0.546993
-0.0679836
0.0203678
-0.816045
-1.83976
-2.08806
-1.60639
-1.43494
-0.833435
0.173369
0.102441
-0.444365
-0.19422
0.0193744
-0.936946
-1.549
-0.801939
-0.305843
-0.397487
0.22205
1.23328
1.54936
0.79931
-0.478938
-1.37151
-0.988723
-0.046034
0.287153
0.110422
-0.302937
-0.299692
0.397399
0.973699
1.02509
0.74683
0.42307
0.315216
0.44978
0.457085
0.111949
-0.135458
-0.0793489
-0.0160963
0.166148
0.590245
1.18541
1.26584
0.87639
0.722153
0.706293
0.432317
-0.0532474
-0.759849
-1.43201
-1.46408
-1.03114
-0.298532
0.62278
1.06767
1.19636
1.04988
0.113807
-1.18727
-1.5768
-0.482774
0.042896
-0.601271
-0.585146
-0.206769
-0.502713
-0.827365
-0.293289
0.424
0.0393027
-0.867007
-0.765932
-0.51748
-0.786852
-0.71938
-0.519284
-0.701044
-1.07575
-1.36782
-1.48867
-0.949098
0.553898
1.95782
2.19017
1.46358
0.522756
-0.163379
-0.186812
0.613189
1.46565
1.97302
2.24979
2.15028
1.61178
1.06017
0.587952
0.021723
-0.416959
-0.120218
0.587471
0.824712
1.18335
1.8001
1.79072
1.09376
0.778711
0.752283
0.118371
-0.949065
-1.35127
-0.797999
-0.513733
-0.825361
-0.818486
-0.70549
-1.20263
-1.86567
-2.00663
-1.62166
-0.728541
0.443506
1.1859
0.717536
0.062752
0.310473
0.90824
1.15639
1.07604
0.843635
0.280036
-0.460796
-0.415609
0.579339
1.47285
1.91456
2.19139
2.07843
1.45672
0.998011
1.07679
1.02924
0.621151
0.305364
-0.0923194
-0.718025
-0.856752
-0.59796
-0.909316
-0.702547
0.66761
1.14975
0.232602
-0.476409
-0.513414
-0.605059
-0.513734
0.283684
0.951544
0.533376
-0.282803
-0.447211
-0.0774277
0.227924
0.398323
0.695415
0.931308
0.530602
-0.324925
-0.568122
-0.00500535
0.377995
0.247243
0.192434
0.517104
0.633558
0.701321
1.15318
1.17422
0.367902
-0.394969
-0.835592
-0.960807
-0.794688
-0.324676
0.428011
0.886179
0.714234
0.357627
0.19773
0.0172107
-0.47396
-0.980178
-1.25969
-1.39621
-1.62826
-1.84332
-1.62637
-1.00734
-0.24885
0.370939
0.521504
0.153122
-0.456474
-1.13021
-1.66365
-1.74688
-1.46539
-1.13213
-0.773721
-0.631927
-0.993916
-1.17933
-0.790871
-0.49891
-0.482258
-0.376358
-0.294857
-0.606565
-1.09059
-1.08652
-0.533707
-0.162754
-0.0805611
-0.0289385
-0.0243709
-0.107798
-0.142839
0.0994506
0.546077
0.881139
0.864174
0.467872
0.0481681
-0.115025
-0.193427
-0.227464
-0.174904
-0.228578
-0.431438
-0.280018
0.345226
0.598459
0.40358
0.381385
0.514086
0.439011
0.240265
0.0961516
0.0343913
0.0188366
-0.0222115
0.0453383
0.14496
0.0105199
-0.358382
-0.589769
-0.407928
-0.261246
-0.444423
-0.477239
-0.0685299
0.0857116
-0.334575
-0.621629
-0.617804
-0.609955
-0.482211
-0.0316838
0.384369
0.327579
0.136849
0.024631
-0.106519
-0.145542
0.0548524
0.300296
0.516389
0.642655
0.640557
0.62465
0.485665
0.0965237
-0.337419
-0.160842
0.457193
0.514341
0.489354
0.928731
0.864243
0.147233
0.018376
0.498023
0.704595
0.738855
0.929602
0.862667
0.452534
0.396915
0.55145
0.262717
-0.101285
-0.0631964
-0.0657264
-0.00057838
0.674427
1.0455
0.46261
-0.217944
-0.589615
-0.678057
-0.381981
0.115201
0.689212
1.06592
0.96873
0.58404
0.257259
0.196661
0.290511
0.468336
0.7425
0.792985
0.280838
-0.435109
-0.515938
0.143609
0.58547
0.715999
0.982511
1.1957
1.03424
0.815957
0.894349
0.96464
0.67202
0.163312
-0.113179
0.0450688
0.207174
0.0247431
-0.146464
0.0125413
0.148917
0.0764872
0.0663512
0.052775
-0.0196674
-0.140997
-0.592546
-1.07126
-0.718203
0.265862
0.758148
0.682302
0.487955
0.32021
0.056586
-0.321896
-0.6099
-0.640116
-0.59417
-0.634568
-0.518513
-0.186851
0.142602
0.204649
0.0882576
0.233707
0.264275
-0.236649
-0.765083
-0.907446
-0.679695
-0.405958
-0.19783
-0.0261775
-0.308634
-0.926338
-1.01146
-0.673871
-0.352755
0.0181406
0.40023
0.593026
0.485904
0.181884
-0.171103
-0.293534
-0.0183218
0.319514
0.339627
0.387149
0.770138
0.832051
0.114321
-0.592643
-0.623917
-0.56201
-0.827335
-0.859879
-0.464717
-0.300645
-0.353389
-0.162676
0.174555
0.173346
-0.285148
-0.805067
-1.13823
-1.22167
-1.09467
-0.748792
-0.339166
-0.0735772
0.0341928
0.0276793
-0.161637
-0.506838
-0.763244
-0.825889
-0.87815
-0.707543
-0.100595
0.413826
0.447646
0.168395
0.0766172
0.144727
0.214551
0.349872
0.374952
0.181427
-0.0927149
-0.333604
-0.547043
-0.707819
-0.729685
-0.716552
-0.786236
-0.689439
-0.320315
-0.254736
-0.552086
-0.572461
-0.365431
-0.338141
-0.480515
-0.552433
-0.448919
-0.320474
-0.321806
-0.229443
-0.094861
-0.21641
-0.349249
-0.31511
0.0469139
0.504751
0.4643
-0.0487965
-0.0790461
0.320717
0.472594
0.464992
0.730917
1.12634
1.05845
0.62542
0.555667
0.603692
0.277475
-0.210147
-0.559697
-0.515184
-0.0824011
0.225534
0.245967
0.193056
0.0487964
-0.230106
-0.440368
-0.352265
-0.10548
0.0243327
-0.00635493
-0.150099
-0.399591
-0.577687
-0.424203
-0.0228382
0.337957
0.522379
0.579768
0.613989
0.657438
0.628329
0.50427
0.42337
0.401682
0.364539
0.385749
0.451626
0.397812
0.127638
-0.0442509
0.0620846
0.0587236
-0.0598123
0.080257
0.296649
0.264381
0.18918
0.138278
-0.0375681
-0.205334
-0.224702
-0.212096
-0.294489
-0.351045
-0.189835
0.0810244
0.199539
0.144005
0.134377
0.149975
0.0634018
0.0500721
0.12574
0.13903
0.0620401
-0.0877937
-0.245895
-0.267174
-0.150362
-0.00164039
0.129043
0.225789
0.274719
0.249675
0.175121
0.150702
0.125565
-0.0262911
-0.142306
-0.0477708
0.0320768
-0.05924
-0.107655
-0.00754129
0.0299215
-0.0754168
-0.112597
-0.0404467
-0.0321263
-0.0291397
0.0579577
0.112645
0.100674
0.113323
0.137432
0.0931949
0.0411993
0.045943
0.0620007
0.075914
0.111418
0.127531
0.100168
0.0620852
0.0400135
0.0394735
0.0607923
0.100375
0.124029
0.0951942
0.0529521
0.0419531
0.0383386
0.0235733
0.0134166
0.0167892
0.024561
0.031103
0.0314455
0.0231749
0.0170702
0.012829
0.00251316
-0.00525118
-0.000894422
0.00632373
0.00645519
0.00235272
-0.000924813
-0.00266857
-0.00338701
-0.00486172
-0.00792648
-0.0119749
-0.0168339
-0.0215956
-0.024877
-0.0271482
-0.0298649
-0.032978
-0.0359696
-0.0389963
-0.0421137
-0.0450591
-0.047759
-0.0503315
-0.0528118
-0.0551833
-0.057429
-0.0595279
-0.0614699
-0.0632558
-0.0648854
