0.00247121
0.00247625
0.00248062
0.00248347
0.00248505
0.00248682
0.002491
0.00249921
0.00251038
0.00251884
0.00251801
0.00250387
0.00247762
0.00244579
0.00241812
0.00240412
0.00240823
0.00242935
0.00246037
0.00248557
0.00249061
0.00247413
0.00243882
0.00239291
0.00234729
0.00232223
0.0023279
0.00233845
0.00233803
0.00232327
0.00229324
0.00226054
0.00224922
0.00227164
0.00234098
0.00246667
0.00262859
0.00280133
0.00295777
0.00307642
0.00316477
0.00322948
0.00324623
0.00319127
0.003048
0.00283486
0.00260598
0.00243675
0.00237625
0.0024359
0.00259568
0.00283818
0.00311146
0.00332544
0.0033806
0.00329425
0.00319822
0.00318383
0.00329965
0.00351456
0.00373259
0.00383068
0.00373329
0.00353388
0.00335926
0.00329624
0.00338973
0.00368261
0.00411267
0.00448684
0.00470692
0.00482313
0.004888
0.00490736
0.00496357
0.00523605
0.00571549
0.00619998
0.0064894
0.00648114
0.00629903
0.00616769
0.0060971
0.00605721
0.00607384
0.00597759
0.00557638
0.00487276
0.0040198
0.0031852
0.0024402
0.00193756
0.00187742
0.00220684
0.0026645
0.0030374
0.00328855
0.00330427
0.0030699
0.00293401
0.00319049
0.00368757
0.00410585
0.004292
0.00418185
0.00373692
0.00312894
0.00263218
0.00247287
0.00270647
0.00313532
0.00358797
0.00400451
0.00429199
0.00440522
0.00416764
0.00360522
0.00327526
0.00333244
0.00347173
0.00366547
0.00383406
0.00376211
0.00338356
0.00279358
0.0020331
0.00113314
2.68582e-05
-0.00145852
-0.0030765
-0.00448235
-0.00537872
-0.00555482
-0.00502516
-0.00378815
-0.00214965
-0.000672351
0.000215229
0.000365623
8.18133e-05
-0.000168607
-2.00083e-05
0.000332565
0.000810893
0.0012209
0.0011607
0.000358613
-0.00123248
-0.00317287
-0.00468684
-0.00534855
-0.00493994
-0.00323797
-0.00086991
0.00101962
0.00200204
0.00226126
0.00185457
0.000867944
-0.00067354
-0.00235371
-0.00398213
-0.00610427
-0.00865984
-0.0111131
-0.0131685
-0.0144604
-0.0145908
-0.0134597
-0.0114422
-0.00913891
-0.0072886
-0.00624698
-0.0055258
-0.0045971
-0.00342196
-0.00195031
0.000216827
0.0030306
0.00559702
0.00688118
0.00652233
0.00482479
0.00247224
-3.66019e-05
-0.00210138
-0.00334224
-0.00343783
-0.00218856
-0.00017209
0.00178609
0.00356913
0.00537116
0.00682098
0.00763985
0.0079733
0.00794979
0.00797719
0.00877262
0.0105378
0.013065
0.0156947
0.0168227
0.0157988
0.0132421
0.00981445
0.00622488
0.00349771
0.00300704
0.00593233
0.0121599
0.0198149
0.0265663
0.0310519
0.03294
0.0323586
0.0303002
0.0283414
0.0277387
0.028536
0.0295098
0.0291511
0.0268628
0.0224304
0.0158768
0.00808766
-0.000222571
-0.00744595
-0.0110158
-0.0105508
-0.00731847
-0.00271421
0.00219847
0.00702258
0.0104342
0.0110919
0.00955899
0.0075116
0.00628358
0.00621644
0.00711174
0.00792561
0.00798418
0.00753132
0.0066088
0.00552107
0.00552314
0.00804283
0.0133684
0.0202604
0.0265628
0.0297135
0.0283007
0.0225753
0.0144191
0.00686965
0.00267258
0.00389717
0.0109951
0.0215137
0.0317486
0.0391186
0.0421141
0.0407358
0.0359151
0.0283263
0.0187104
0.00841657
-0.00152393
-0.0102526
-0.0170457
-0.0209402
-0.0217736
-0.0204373
-0.0176625
-0.0140476
-0.00971126
-0.00466642
0.00102181
0.0075693
0.014102
0.0183384
0.0181353
0.0131674
0.00505441
-0.00409211
-0.0115754
-0.0148648
-0.0119758
-0.00324639
0.00864964
0.0196322
0.026916
0.0300614
0.0283485
0.0230801
0.0171685
0.0127124
0.00998102
0.00727826
0.00366663
-0.000964198
-0.00636568
-0.0110434
-0.0128772
-0.0113775
-0.00806569
-0.00505893
-0.00410862
-0.00598708
-0.0100023
-0.0148968
-0.0195857
-0.0232892
-0.0249851
-0.0244993
-0.0228772
-0.0205975
-0.0172101
-0.0128877
-0.00826941
-0.00347948
0.00126258
0.00595198
0.00897308
0.00852236
0.00520539
0.000344872
-0.0044715
-0.00877311
-0.0133264
-0.0171048
-0.0187524
-0.0180488
-0.0161501
-0.0143592
-0.012538
-0.00969769
-0.00643902
-0.00305777
0.000460153
0.00182236
-0.00133179
-0.00815456
-0.0166203
-0.0253006
-0.0331996
-0.0395359
-0.0428999
-0.0427942
-0.0403633
-0.0376081
-0.0357038
-0.0345855
-0.032699
-0.0285668
-0.0219968
-0.0138024
-0.00551627
0.0012407
0.00567724
0.00861994
0.0105579
0.0124287
0.015749
0.0199275
0.0228591
0.0243422
0.0244303
0.022491
0.018565
0.013027
0.00690445
0.000946916
-0.00551055
-0.0142521
-0.0259534
-0.0364413
-0.0421857
-0.0443931
-0.0444293
-0.0425748
-0.0384398
-0.0317096
-0.0223061
-0.0116659
-0.00247357
0.0037882
0.0076501
0.00990808
0.0123898
0.0167392
0.0233855
0.0315184
0.0394837
0.0461618
0.0511625
0.0535643
0.0535495
0.0524857
0.0518077
0.0520488
0.0509141
0.0489578
0.0486463
0.0500104
0.0509949
0.04967
0.0458511
0.0401116
0.0334561
0.0280499
0.0260658
0.026968
0.0281634
0.027901
0.0252156
0.0202802
0.012799
0.00580897
0.00410358
0.00824103
0.0146962
0.0214687
0.0284783
0.0331295
0.0338815
0.0319903
0.0296446
0.0285841
0.0285205
0.0276606
0.0256076
0.0216847
0.0158934
0.00877241
-2.15725e-05
-0.010017
-0.0200187
-0.0282115
-0.0322708
-0.0308107
-0.0252312
-0.0185677
-0.0120642
-0.00586692
0.000273925
0.00677567
0.0148426
0.025276
0.0366137
0.0459169
0.0489584
0.0436714
0.0329058
0.0207411
0.00879779
-0.00277044
-0.0121922
-0.0175861
-0.0185042
-0.0172764
-0.017862
-0.0194576
-0.0183621
-0.014807
-0.0100435
-0.0035322
0.00413678
0.0110352
0.0163297
0.0204266
0.0243836
0.0268991
0.028148
0.0301648
0.0332505
0.0381135
0.0441132
0.0485107
0.0513146
0.0536416
0.0528834
0.0469776
0.038342
0.0288153
0.0181619
0.00750888
-0.00152663
-0.00980182
-0.0181952
-0.025051
-0.0276824
-0.0254828
-0.0195845
-0.0111688
-0.00135448
0.00921129
0.0187985
0.0244827
0.0259354
0.0244055
0.0183953
0.00750679
-0.0062244
-0.0197936
-0.0301042
-0.0376281
-0.0434976
-0.0466937
-0.0473809
-0.048109
-0.0509351
-0.054948
-0.0576743
-0.0575134
-0.0538254
-0.0469004
-0.0375824
-0.0267526
-0.0157255
-0.00633361
-0.000996134
0.000503085
0.000311402
-0.00153223
-0.00497139
-0.00842208
-0.010245
-0.00942843
-0.00766647
-0.00734932
-0.0100952
-0.0163709
-0.0252805
-0.0347368
-0.0415457
-0.0428789
-0.0414794
-0.0393487
-0.0365688
-0.0343822
-0.0326465
-0.0302107
-0.0259439
-0.020185
-0.0136831
-0.00655005
0.000969225
0.006221
0.00813225
0.00938823
0.0127296
0.0188644
0.0265149
0.0340167
0.0394638
0.0413707
0.0393083
0.0341716
0.028417
0.0244863
0.0244371
0.0299557
0.0385389
0.0452001
0.0470149
0.043884
0.0383247
0.0332765
0.0313454
0.0341204
0.0400781
0.0452322
0.0461883
0.0416595
0.0328206
0.0245069
0.0198558
0.0177835
0.0158254
0.0132696
0.0112762
0.0103257
0.00832393
0.0055801
0.00332478
0.00255016
0.00495981
0.0107229
0.0175415
0.0225908
0.0245915
0.0243954
0.022298
0.0172942
0.0101374
0.00334805
-0.000242355
-0.00119801
-2.19859e-05
0.00313946
0.0041885
4.93368e-05
-0.0083784
-0.0189127
-0.0298138
-0.0374485
-0.0380165
-0.0312994
-0.0202836
-0.00786478
0.00336979
0.0108423
0.0146345
0.0169392
0.0194511
0.0233577
0.0296963
0.0377651
0.0464981
0.0544395
0.0594514
0.0613834
0.0612068
0.0576767
0.0508701
0.0434308
0.0382822
0.0359576
0.0351833
0.0342449
0.032354
0.0304538
0.0277752
0.0220328
0.0118285
-0.00193028
-0.0168459
-0.0296719
-0.0375227
-0.0385578
-0.0338459
-0.0254542
-0.01599
-0.00831233
-0.00356851
-0.000583632
0.0017122
0.00239273
0.0015636
0.000835542
9.82613e-05
-0.00283777
-0.00947541
-0.0187415
-0.0280908
-0.0355484
-0.0396831
-0.0393947
-0.0346357
-0.0282872
-0.0233735
-0.0212118
-0.0235967
-0.0311866
-0.0410933
-0.0495705
-0.0541261
-0.0542478
-0.0519548
-0.0502314
-0.0515526
-0.0565425
-0.0635048
-0.0716986
-0.0778009
-0.0789506
-0.0768866
-0.0729711
-0.0682412
-0.0648276
-0.0636553
-0.0637216
-0.0638056
-0.0651224
-0.0668269
-0.0641978
-0.0561566
-0.0468165
-0.0393081
-0.0329352
-0.0266027
-0.0201341
-0.0146506
-0.0117166
-0.0119637
-0.0143928
-0.0177284
-0.0225257
-0.0288191
-0.0332814
-0.0317467
-0.0247766
-0.0165312
-0.0113565
-0.0110493
-0.0154714
-0.0243068
-0.0352266
-0.0458914
-0.0539329
-0.0574197
-0.0563719
-0.0522761
-0.0480906
-0.0464057
-0.0481413
-0.054395
-0.0634108
-0.0700204
-0.0721927
-0.0703803
-0.0652518
-0.0584201
-0.053059
-0.0512591
-0.0520244
-0.052992
-0.0528546
-0.0500006
-0.0428058
-0.0335094
-0.0259596
-0.0215766
-0.0203357
-0.0221347
-0.0259073
-0.029634
-0.0310765
-0.03034
-0.0281912
-0.0254158
-0.0243702
-0.0276338
-0.035769
-0.0467613
-0.0566337
-0.0618424
-0.0607932
-0.0545068
-0.045797
-0.0372412
-0.0282836
-0.0167118
-0.00341673
0.0098654
0.0229815
0.0355433
0.046061
0.0543977
0.0599628
0.0615396
0.0602376
0.0582876
0.05515
0.0510008
0.0481865
0.0461106
0.0431931
0.0392735
0.0368456
0.0387286
0.0443905
0.049875
0.0510242
0.046895
0.0412135
0.0364129
0.0322786
0.0294186
0.0290148
0.0307802
0.031933
0.0302071
0.0239567
0.0139353
0.00373948
-0.00318943
-0.00394813
0.00294147
0.0159502
0.0300316
0.0400116
0.0438885
0.0420793
0.035458
0.0252484
0.0146818
0.0067806
0.00530161
0.0108673
0.0177126
0.0208033
0.0194084
0.0128669
0.0013541
-0.0114614
-0.0201437
-0.0228746
-0.0222676
-0.0203443
-0.0182904
-0.0181295
-0.0217693
-0.0294944
-0.039215
-0.0471874
-0.0501732
-0.0473124
-0.0396213
-0.0302861
-0.0233703
-0.0212872
-0.0240858
-0.0292912
-0.0336592
-0.0341937
-0.0288711
-0.0190882
-0.00734193
0.00386921
0.013377
0.0225931
0.0330885
0.0446222
0.0569575
0.0675993
0.0722171
0.0668728
0.0515165
0.0301805
0.00673909
-0.0144462
-0.0305328
-0.040336
-0.0437509
-0.0432631
-0.0420761
-0.0424168
-0.042974
-0.0419111
-0.0386667
-0.0323067
-0.0225233
-0.0105278
-0.000626319
0.00242411
-0.00274738
-0.0127196
-0.0222783
-0.0251741
-0.0162721
0.00324022
0.0270094
0.0467147
0.0568825
0.0567298
0.0488796
0.0370667
0.0267071
0.0213146
0.0187584
0.0139463
0.00542932
-0.00577547
-0.0183778
-0.0298498
-0.038187
-0.0432921
-0.0439115
-0.040278
-0.0349455
-0.0311696
-0.0316058
-0.0373069
-0.0456045
-0.0501315
-0.0472688
-0.0383826
-0.0283836
-0.0214183
-0.0173618
-0.0145059
-0.0136188
-0.0146619
-0.015209
-0.0111264
-0.000667461
0.012557
0.0221012
0.0224104
0.0131202
-0.00383409
-0.0230876
-0.0370662
-0.039917
-0.028852
-0.00661454
0.0197631
0.0412793
0.0487479
0.0397147
0.0193086
-0.00529801
-0.0283253
-0.0469285
-0.0592692
-0.0636071
-0.0603976
-0.0534119
-0.0475166
-0.0441987
-0.0403818
-0.0337214
-0.0267121
-0.019945
-0.0111168
-0.000639523
0.00803634
0.011461
0.00922578
0.00344983
-0.0033277
-0.0113785
-0.0232912
-0.0389721
-0.0552224
-0.0676031
-0.0722481
-0.0673615
-0.0539274
-0.0365777
-0.0198184
-0.00539263
0.00497202
0.0100629
0.00946278
0.00542621
0.00179841
-0.00115999
-0.00491817
-0.00990065
-0.0136057
-0.0115968
-0.00151369
0.0157601
0.0363354
0.0543674
0.0662696
0.0716155
0.0689072
0.0576726
0.0419213
0.0284125
0.0230957
0.0267251
0.0361554
0.0475626
0.056489
0.0572693
0.0472096
0.0297543
0.0126628
0.00325633
0.00271773
0.00554522
0.00909292
0.0144858
0.0204688
0.0248957
0.0261539
0.0221599
0.0134871
0.00461244
-0.00040927
0.000830775
0.0092726
0.0238512
0.0434109
0.0669751
0.0915819
0.110396
0.11576
0.105986
0.0870208
0.0679211
0.0560876
0.0554437
0.0675203
0.0890044
0.111034
0.120876
0.110834
0.0844418
0.0522213
0.02618
0.0161633
0.02461
0.0438374
0.060736
0.0657963
0.0564943
0.0368707
0.0175896
0.00915643
0.0161106
0.0353201
0.0583398
0.0751292
0.0805184
0.0746296
0.0620153
0.0498045
0.0438536
0.0460153
0.0545949
0.0645587
0.0698855
0.0675217
0.0575276
0.0439274
0.0313823
0.0239555
0.0257288
0.0368094
0.0536647
0.0713233
0.0865163
0.0980161
0.10879
0.121909
0.136917
0.15324
0.169814
0.183887
0.193636
0.200564
0.206912
0.212394
0.216065
0.218451
0.218499
0.213014
0.199979
0.179921
0.155546
0.130824
0.112691
0.107296
0.114301
0.12733
0.137642
0.139782
0.133664
0.12128
0.106276
0.093449
0.0865732
0.0868333
0.0942463
0.107432
0.120566
0.125736
0.117484
0.0957247
0.0668295
0.0399301
0.0222306
0.0155685
0.0166584
0.0201381
0.0208345
0.0172424
0.0104952
0.00332686
-0.00254517
-0.00566283
-0.00331736
0.00651502
0.0225808
0.0408072
0.0554668
0.0640621
0.0685774
0.0721091
0.0763035
0.0794253
0.0775954
0.0693327
0.0558931
0.0404033
0.0245256
0.00865531
-0.00555037
-0.0142977
-0.0151033
-0.0102661
-0.00458866
-0.000654223
0.00266791
0.00594456
0.00735208
0.00619623
0.00363222
0.00167616
0.00111022
0.00198102
0.00594285
0.0155445
0.0295904
0.0417514
0.0469469
0.0470877
0.0449892
0.0436673
0.0466437
0.0542133
0.0672545
0.0854291
0.105499
0.121972
0.130865
0.134317
0.136606
0.139105
0.142311
0.147709
0.155841
0.164381
0.168966
0.165334
0.15277
0.135504
0.115436
0.0907595
0.0631789
0.0391367
0.0235798
0.014767
0.00757606
-0.00129725
-0.0120418
-0.0240876
-0.0377626
-0.0533843
-0.0697477
-0.0857532
-0.10354
-0.123484
-0.142744
-0.158311
-0.169042
-0.173272
-0.168534
-0.154265
-0.131816
-0.103829
-0.0726263
-0.0407179
-0.0140817
-0.000521458
-0.00142133
-0.0120697
-0.0272952
-0.0457721
-0.0678914
-0.0905593
-0.109542
-0.121947
-0.126662
-0.124568
-0.119298
-0.114083
-0.108186
-0.0993694
-0.0899561
-0.0865084
-0.0927414
-0.105056
-0.115903
-0.12049
-0.120388
-0.119161
-0.116698
-0.110465
-0.102028
-0.0951184
-0.0906568
-0.0858582
-0.0769933
-0.0643057
-0.0533445
-0.0471956
-0.0425191
-0.0412047
-0.0488078
-0.0651397
-0.0864442
-0.10914
-0.1314
-0.153638
-0.172222
-0.182777
-0.188006
-0.192974
-0.198923
-0.205139
-0.211048
-0.216257
-0.219325
-0.219722
-0.219781
-0.22028
-0.21822
-0.211766
-0.201581
-0.189388
-0.176329
-0.163472
-0.151056
-0.139236
-0.129735
-0.125139
-0.125374
-0.128085
-0.131983
-0.139208
-0.151958
-0.167841
-0.185063
-0.205336
-0.227072
-0.241599
-0.24219
-0.232194
-0.217793
-0.200976
-0.183027
-0.168493
-0.161172
-0.158954
-0.157957
-0.156626
-0.156621
-0.160148
-0.167537
-0.175794
-0.182508
-0.190474
-0.201918
-0.216157
-0.233468
-0.252036
-0.269614
-0.287624
-0.305381
-0.320753
-0.335682
-0.353302
-0.372181
-0.38848
-0.400528
-0.40679
-0.407055
-0.40285
-0.394084
-0.382193
-0.368629
-0.355743
-0.346019
-0.338948
-0.331328
-0.320501
-0.306477
-0.289611
-0.269259
-0.245942
-0.223663
-0.204511
-0.186874
-0.16964
-0.152956
-0.135931
-0.116353
-0.0933847
-0.0688792
-0.0455414
-0.0239432
-0.00380221
0.0156747
0.0367752
0.0603313
0.0853198
0.109368
0.128626
0.142293
0.152122
0.159226
0.166328
0.176434
0.191004
0.20839
0.225609
0.24061
0.253643
0.266813
0.279352
0.288732
0.292303
0.292704
0.295123
0.299324
0.30291
0.304072
0.303059
0.304133
0.311701
0.32772
0.348584
0.368227
0.384495
0.398159
0.409183
0.416657
0.421104
0.423917
0.426731
0.431564
0.438532
0.445516
0.447498
0.440978
0.43
0.42183
0.418219
0.420419
0.431735
0.452799
0.479737
0.507145
0.531592
0.553742
0.574941
0.594496
0.611095
0.624704
0.636432
0.644693
0.646174
0.639006
0.625577
0.610817
0.597462
0.584597
0.569428
0.551514
0.533168
0.515349
0.496947
0.476857
0.454739
0.42893
0.398241
0.363964
0.329031
0.297588
0.273727
0.258204
0.247896
0.239846
0.234587
0.232451
0.233252
0.238456
0.246855
0.255355
0.260816
0.260771
0.253242
0.238393
0.218577
0.19678
0.176379
0.160311
0.14918
0.141439
0.133652
0.121337
0.101719
0.0751932
0.0440139
0.0115935
-0.0201563
-0.0519766
-0.0850354
-0.118901
-0.151005
-0.177884
-0.199006
-0.214439
-0.22334
-0.225236
-0.22154
-0.216293
-0.210702
-0.203637
-0.197118
-0.19352
-0.192553
-0.192747
-0.19567
-0.202401
-0.208211
-0.208869
-0.206107
-0.203593
-0.201166
-0.194143
-0.179609
-0.159834
-0.140082
-0.125763
-0.11929
-0.121817
-0.135307
-0.157309
-0.181248
-0.201964
-0.216363
-0.221731
-0.216501
-0.204364
-0.191536
-0.183399
-0.185992
-0.203535
-0.233135
-0.265076
-0.290976
-0.309501
-0.323274
-0.334605
-0.34397
-0.353178
-0.366227
-0.385784
-0.408544
-0.427144
-0.437423
-0.442388
-0.447304
-0.456064
-0.47182
-0.494216
-0.518744
-0.53987
-0.554816
-0.563454
-0.56761
-0.569077
-0.568371
-0.566629
-0.567593
-0.573651
-0.582061
-0.58616
-0.580807
-0.567009
-0.548958
-0.525886
-0.495017
-0.459768
-0.425007
-0.391639
-0.359013
-0.327034
-0.295202
-0.261797
-0.225138
-0.187562
-0.154514
-0.128914
-0.111346
-0.104387
-0.110101
-0.123876
-0.138304
-0.147886
-0.15145
-0.151278
-0.149281
-0.147642
-0.147076
-0.14615
-0.141568
-0.129397
-0.107903
-0.0782978
-0.0431369
-0.0036068
0.0389561
0.081572
0.117669
0.141102
0.148265
0.137512
0.110556
0.0709524
0.0256526
-0.0151512
-0.0439617
-0.0605556
-0.0692374
-0.0753534
-0.0832007
-0.0931752
-0.100594
-0.0999848
-0.0917421
-0.0796716
-0.0644389
-0.0427627
-0.0123356
0.0231614
0.0525855
0.0633683
0.0495248
0.015548
-0.0264921
-0.0649213
-0.0953947
-0.121794
-0.149574
-0.18119
-0.216098
-0.249755
-0.277735
-0.299711
-0.316422
-0.325671
-0.324075
-0.313824
-0.301237
-0.288128
-0.26984
-0.241075
-0.199641
-0.145379
-0.0797273
-0.00940519
0.0525001
0.0955231
0.124184
0.152238
0.18954
0.235751
0.284822
0.33236
0.380506
0.430424
0.477265
0.514539
0.540077
0.556714
0.567724
0.575076
0.578366
0.577365
0.570702
0.556773
0.534341
0.50273
0.460967
0.406502
0.339728
0.268209
0.204492
0.15902
0.13224
0.115716
0.101139
0.0815257
0.0526719
0.0173469
-0.0148002
-0.032306
-0.0303019
-0.0108573
0.0229341
0.0687657
0.11966
0.159375
0.176102
0.173081
0.160652
0.147033
0.136302
0.128937
0.126394
0.130017
0.137315
0.144038
0.147496
0.148019
0.148359
0.151063
0.156295
0.163914
0.175582
0.194132
0.222614
0.262445
0.3105
0.359587
0.405659
0.449186
0.486721
0.507937
0.507974
0.490038
0.45984
0.427625
0.405985
0.398951
0.396232
0.383181
0.356493
0.321103
0.279337
0.226889
0.162663
0.0961862
0.0409037
0.0020987
-0.0229301
-0.0389531
-0.0512684
-0.0631341
-0.0774308
-0.0980285
-0.125557
-0.156372
-0.184025
-0.203884
-0.216728
-0.226223
-0.23186
-0.228531
-0.211379
-0.181849
-0.148531
-0.117459
-0.0875183
-0.0579213
-0.0330477
-0.0178302
-0.0172549
-0.0382729
-0.0878199
-0.163933
-0.25086
-0.324359
-0.363731
-0.366023
-0.347593
-0.330408
-0.328721
-0.34579
-0.377135
-0.414258
-0.448725
-0.477729
-0.49573
-0.48879
-0.444529
-0.364275
-0.269264
-0.190402
-0.141938
-0.11268
-0.088236
-0.0704457
-0.0682138
-0.0778877
-0.0831629
-0.0725499
-0.0499368
-0.0268431
-0.00908888
0.00958756
0.0394455
0.0798754
0.115836
0.127559
0.106631
0.0636919
0.016382
-0.025311
-0.0592545
-0.0854769
-0.101555
-0.105237
-0.100761
-0.0980197
-0.102738
-0.112246
-0.120534
-0.125059
-0.127359
-0.127819
-0.123791
-0.114224
-0.10502
-0.108911
-0.135159
-0.1757
-0.209905
-0.223314
-0.218425
-0.206936
-0.197473
-0.191916
-0.188443
-0.18491
-0.182369
-0.181941
-0.180617
-0.171412
-0.148221
-0.108283
-0.0508429
0.0161896
0.0751629
0.109663
0.119047
0.117309
0.123182
0.151901
0.206419
0.274144
0.329211
0.347408
0.322344
0.2648
0.190368
0.111397
0.0362303
-0.0263265
-0.0649585
-0.0728764
-0.0557449
-0.0302298
-0.0142238
-0.0185565
-0.0434647
-0.0766712
-0.100918
-0.104409
-0.086263
-0.053035
-0.0126962
0.0236446
0.0434931
0.0430028
0.0311764
0.0217876
0.0206146
0.0211797
0.011872
-0.0155763
-0.0627928
-0.128169
-0.204472
-0.27498
-0.320268
-0.334106
-0.328944
-0.323592
-0.328089
-0.339879
-0.353806
-0.369701
-0.389654
-0.410491
-0.426073
-0.434714
-0.438293
-0.43795
-0.433645
-0.424455
-0.410742
-0.396747
-0.386886
-0.387596
-0.40646
-0.441278
-0.477337
-0.498191
-0.49711
-0.472938
-0.423137
-0.35137
-0.272059
-0.200741
-0.143736
-0.100339
-0.070947
-0.0568696
-0.0555699
-0.0583634
-0.0595964
-0.064565
-0.0780327
-0.0913938
-0.0875583
-0.0573619
-0.00948519
0.0346329
0.0561161
0.0490982
0.0211269
-0.0150759
-0.0515347
-0.0840036
-0.103982
-0.0980133
-0.0606445
-0.00280695
0.0551981
0.097261
0.117751
0.119013
0.107304
0.0862965
0.0546389
0.0108748
-0.0373063
-0.0723801
-0.0790018
-0.0555365
-0.013364
0.033292
0.0722199
0.0929955
0.0923006
0.0728087
0.0417182
0.0103639
-0.00757957
-0.000597609
0.030943
0.0707111
0.103448
0.126662
0.142054
0.14822
0.148029
0.153229
0.172219
0.201927
0.232829
0.256545
0.269393
0.271477
0.265893
0.258781
0.256938
0.261771
0.268509
0.269184
0.258968
0.237138
0.209228
0.182633
0.157268
0.128961
0.097734
0.0682917
0.0437806
0.0193238
-0.0164721
-0.0694561
-0.133084
-0.196462
-0.253341
-0.302679
-0.342054
-0.365401
-0.369049
-0.351962
-0.315819
-0.264461
-0.20427
-0.142187
-0.0843713
-0.0360007
-0.00228829
0.0110074
0.00223094
-0.0216328
-0.047284
-0.0646354
-0.0733215
-0.0815512
-0.0977105
-0.124874
-0.157757
-0.184616
-0.196732
-0.19396
-0.184582
-0.176674
-0.17067
-0.159418
-0.134618
-0.0898337
-0.0196877
0.076699
0.188202
0.292045
0.367588
0.407118
0.413399
0.388645
0.333144
0.257224
0.184001
0.134907
0.116429
0.111748
0.0928232
0.0478682
-0.00985969
-0.0592024
-0.0935977
-0.119119
-0.142286
-0.161914
-0.165554
-0.137244
-0.0745694
0.00417053
0.0734499
0.122
0.158009
0.191719
0.220996
0.23446
0.225423
0.19764
0.158355
0.109555
0.0507783
-0.010708
-0.0613257
-0.0934349
-0.112951
-0.132296
-0.156673
-0.177263
-0.180752
-0.166634
-0.147067
-0.127727
-0.0971195
-0.0378142
0.054633
0.16289
0.257811
0.314469
0.321883
0.281293
0.204417
0.112403
0.0293281
-0.0260427
-0.0506343
-0.05584
-0.0528722
-0.0489572
-0.0525721
-0.0716416
-0.106013
-0.144792
-0.170345
-0.16848
-0.140397
-0.107116
-0.0958935
-0.115947
-0.14946
-0.16886
-0.153642
-0.104387
-0.0486697
-0.0226661
-0.0439195
-0.096604
-0.142624
-0.153612
-0.13197
-0.102015
-0.0810915
-0.0673366
-0.0528673
-0.0396326
-0.0365917
-0.0504349
-0.0790832
-0.110571
-0.127595
-0.114771
-0.0650709
0.0202969
0.130075
0.240001
0.319867
0.35036
0.331219
0.274512
0.19721
0.115508
0.0384177
-0.0309318
-0.0873324
-0.127861
-0.161581
-0.203222
-0.253508
-0.296973
-0.317698
-0.310037
-0.278127
-0.234514
-0.193071
-0.161324
-0.136463
-0.108898
-0.0707024
-0.0200945
0.0370731
0.0829357
0.0889902
0.0329917
-0.0781775
-0.201597
-0.283276
-0.299906
-0.272881
-0.239722
-0.223937
-0.23189
-0.259166
-0.29398
-0.325345
-0.352334
-0.385544
-0.431429
-0.481285
-0.520512
-0.543349
-0.555918
-0.562885
-0.554585
-0.514784
-0.441582
-0.356222
-0.289667
-0.257778
-0.251668
-0.255669
-0.264695
-0.282013
-0.308319
-0.333632
-0.34131
-0.324047
-0.292368
-0.263252
-0.246666
-0.247071
-0.26844
-0.305602
-0.33825
-0.349671
-0.346121
-0.345966
-0.353426
-0.35789
-0.354968
-0.355155
-0.369638
-0.39292
-0.409218
-0.413128
-0.41169
-0.411618
-0.411507
-0.409274
-0.406625
-0.402329
-0.390971
-0.372809
-0.358298
-0.355611
-0.355239
-0.34347
-0.327223
-0.329076
-0.35477
-0.381214
-0.383714
-0.366816
-0.358266
-0.377884
-0.420681
-0.464758
-0.491178
-0.497189
-0.490528
-0.479752
-0.472189
-0.469736
-0.463561
-0.437563
-0.386881
-0.329652
-0.290446
-0.269682
-0.240207
-0.179348
-0.100393
-0.0401151
-0.0152214
-0.00570899
0.013874
0.0411661
0.0520343
0.0299422
-0.0193645
-0.0782725
-0.135511
-0.18497
-0.217202
-0.226546
-0.222181
-0.221945
-0.235594
-0.257219
-0.268949
-0.256864
-0.225833
-0.196715
-0.184292
-0.184867
-0.183451
-0.17086
-0.147387
-0.115003
-0.0756155
-0.0310884
0.0158863
0.0610365
0.101034
0.1371
0.177402
0.233437
0.308851
0.394398
0.477887
0.552183
0.618509
0.682889
0.745685
0.797401
0.824509
0.813479
0.756095
0.656196
0.528993
0.396386
0.281203
0.199506
0.156394
0.148802
0.169758
0.209654
0.256593
0.296924
0.317018
0.306398
0.262482
0.201793
0.153545
0.137275
0.153385
0.193436
0.249028
0.312807
0.376614
0.428493
0.46055
0.475155
0.476989
0.465817
0.440868
0.40661
0.371315
0.34463
0.33743
0.358346
0.405515
0.468278
0.532479
0.582793
0.608564
0.610114
0.59639
0.580153
0.572463
0.578964
0.597078
0.616461
0.622265
0.602707
0.555031
0.490537
0.429209
0.382278
0.346064
0.308109
0.262033
0.215592
0.181296
0.167582
0.177926
0.206435
0.237477
0.258352
0.27023
0.283927
0.305045
0.327217
0.339591
0.338869
0.33298
0.328676
0.322782
0.305074
0.270776
0.222735
0.162332
0.092925
0.0315186
0.00776472
0.0398216
0.110336
0.177031
0.212366
0.225251
0.241547
0.272596
0.31049
0.345976
0.378069
0.411995
0.454522
0.50605
0.55878
0.60243
0.632179
0.646719
0.642716
0.616885
0.570463
0.50906
0.442458
0.385927
0.355157
0.353653
0.367522
0.384815
0.412923
0.457648
0.496554
0.496192
0.454754
0.410434
0.400307
0.427694
0.473746
0.521686
0.561744
0.580526
0.557972
0.48236
0.363429
0.226634
0.0948169
-0.0210377
-0.113997
-0.170468
-0.183852
-0.172207
-0.164153
-0.164199
-0.150756
-0.117585
-0.0906945
-0.0938457
-0.121381
-0.15289
-0.175162
-0.183908
-0.17672
-0.152704
-0.119261
-0.0989025
-0.116102
-0.171233
-0.236274
-0.283258
-0.308862
-0.328223
-0.348879
-0.365736
-0.375043
-0.378172
-0.371781
-0.346122
-0.298008
-0.23882
-0.189141
-0.169624
-0.189771
-0.239754
-0.299519
-0.354689
-0.402001
-0.445134
-0.492056
-0.547251
-0.607958
-0.672284
-0.743074
-0.81911
-0.883423
-0.91604
-0.914819
-0.890868
-0.853604
-0.804507
-0.744859
-0.681672
-0.6217
-0.564342
-0.506712
-0.450277
-0.398684
-0.35581
-0.326894
-0.316872
-0.323445
-0.336003
-0.346276
-0.352856
-0.356051
-0.355944
-0.350426
-0.335002
-0.309237
-0.282042
-0.265545
-0.264289
-0.276452
-0.301748
-0.340013
-0.383861
-0.42022
-0.439133
-0.440873
-0.432574
-0.416337
-0.384021
-0.323115
-0.224123
-0.0851777
0.0877665
0.281217
0.480141
0.669484
0.833646
0.967003
1.07507
1.16157
1.22179
1.2515
1.25753
1.25583
1.25732
1.26168
1.26496
1.26745
1.26917
1.27055
1.27862
1.30157
1.33543
1.36668
1.38843
1.4062
1.42799
1.45604
1.49384
1.55052
1.63448
1.74304
1.85878
1.96079
2.04118
2.1063
2.16263
2.20654
2.22838
2.22055
2.18274
2.11976
2.04019
1.95279
1.86013
1.75711
1.63632
1.49912
1.35435
1.21268
1.08513
0.978678
0.893666
0.827627
0.781234
0.752423
0.727239
0.686936
0.622805
0.535326
0.423788
0.290048
0.150027
0.0278989
-0.0607187
-0.116299
-0.150061
-0.170928
-0.181126
-0.182444
-0.179419
-0.181322
-0.201791
-0.254124
-0.344974
-0.468794
-0.605337
-0.727105
-0.821027
-0.904927
-1.00941
-1.13472
-1.23735
-1.27163
-1.24357
-1.21058
-1.21868
-1.2546
-1.27766
-1.27944
-1.28531
-1.31198
-1.34368
-1.34731
-1.29456
-1.17156
-0.992887
-0.806591
-0.6652
-0.584578
-0.533007
-0.458819
-0.329706
-0.15829
0.00807927
0.127491
0.200571
0.264691
0.347068
0.439603
0.527468
0.61587
0.704253
0.76403
0.773353
0.745542
0.701403
0.651738
0.607646
0.580695
0.573851
0.593276
0.656601
0.769335
0.899171
0.987079
0.999424
0.965275
0.945456
0.965722
0.990901
0.965462
0.867917
0.726574
0.590619
0.481183
0.365304
0.199125
0.0126162
-0.0773682
0.020171
0.249734
0.440638
0.481944
0.429286
0.410459
0.455994
0.476345
0.399764
0.26717
0.165503
0.117274
0.0874588
0.0639079
0.075689
0.133726
0.191683
0.195867
0.152009
0.106865
0.0827679
0.07108
0.0802888
0.1419
0.263739
0.40919
0.534141
0.624272
0.689778
0.741793
0.782432
0.805992
0.799357
0.74655
0.636962
0.474644
0.292233
0.152315
0.11493
0.185986
0.296763
0.350203
0.29632
0.168061
0.0345412
-0.0802083
-0.205205
-0.35103
-0.491986
-0.622875
-0.752693
-0.823005
-0.734399
-0.502377
-0.283449
-0.187017
-0.152735
-0.0776087
0.0262917
0.0836667
0.0973852
0.142608
0.248089
0.362571
0.4319
0.45408
0.449025
0.421704
0.372679
0.324036
0.312774
0.34972
0.397508
0.413079
0.39571
0.367937
0.326854
0.256568
0.181606
0.151857
0.169586
0.181756
0.163414
0.158529
0.210313
0.292233
0.337218
0.309865
0.228395
0.134545
0.0656114
0.0390425
0.0431155
0.0502962
0.0543235
0.0815462
0.149591
0.235266
0.300792
0.325604
0.27522
0.082748
-0.242709
-0.520018
-0.554533
-0.409451
-0.373579
-0.597564
-0.900607
-1.01767
-0.924872
-0.818943
-0.847712
-0.978491
-1.11501
-1.22738
-1.32819
-1.39738
-1.40816
-1.39883
-1.44073
-1.53407
-1.60475
-1.61119
-1.59135
-1.59295
-1.60931
-1.59839
-1.51693
-1.33452
-1.06515
-0.785597
-0.589056
-0.513866
-0.5209
-0.527458
-0.461654
-0.307912
-0.114735
0.0524676
0.179419
0.312821
0.48354
0.6542
0.771325
0.826436
0.833672
0.801172
0.754719
0.74127
0.78252
0.848635
0.887029
0.864819
0.795624
0.741749
0.778301
0.93019
1.14558
1.3448
1.47969
1.5379
1.51565
1.40501
1.20701
0.957824
0.737232
0.61609
0.575896
0.509625
0.330342
0.065067
-0.177876
-0.32191
-0.374444
-0.38395
-0.378645
-0.357749
-0.318805
-0.27717
-0.26456
-0.324181
-0.485481
-0.720835
-0.942676
-1.07006
-1.09741
-1.07985
-1.06319
-1.03673
-0.948356
-0.769762
-0.541573
-0.342685
-0.215584
-0.140454
-0.0819451
-0.0261266
0.0324796
0.110421
0.218692
0.340201
0.450749
0.55377
0.659178
0.739719
0.746418
0.673978
0.580972
0.53643
0.56472
0.635423
0.694736
0.699178
0.629062
0.491257
0.318456
0.155423
0.0326417
-0.0513791
-0.123082
-0.203675
-0.283771
-0.332274
-0.332367
-0.308462
-0.315574
-0.382075
-0.461006
-0.471647
-0.399284
-0.313972
-0.282217
-0.298262
-0.314739
-0.309808
-0.295606
-0.285354
-0.2794
-0.274766
-0.273999
-0.284786
-0.313818
-0.355539
-0.393566
-0.422275
-0.458399
-0.51924
-0.592388
-0.639959
-0.645382
-0.645155
-0.687248
-0.758867
-0.787252
-0.723253
-0.595594
-0.462029
-0.334177
-0.188636
-0.0353708
0.0776204
0.133791
0.176585
0.252463
0.353797
0.438865
0.493717
0.539626
0.591035
0.642829
0.697858
0.773697
0.875194
0.979378
1.04818
1.05145
0.989011
0.896832
0.831268
0.836975
0.916497
1.02591
1.10257
1.10156
1.01382
0.85329
0.63528
0.39581
0.235646
0.275761
0.503588
0.70578
0.661573
0.401736
0.181829
0.184579
0.331808
0.429173
0.419451
0.412991
0.497801
0.620073
0.675583
0.644505
0.589576
0.54971
0.483073
0.332138
0.122943
-0.0304632
-0.0475257
0.0191069
0.0461118
-0.0160595
-0.109602
-0.175611
-0.228091
-0.306483
-0.405123
-0.478678
-0.499389
-0.484506
-0.473556
-0.499029
-0.570256
-0.662345
-0.727236
-0.73658
-0.709008
-0.681483
-0.669219
-0.669207
-0.681966
-0.711862
-0.748387
-0.764387
-0.738979
-0.673971
-0.587281
-0.499418
-0.427882
-0.385014
-0.374045
-0.39282
-0.441713
-0.511891
-0.569485
-0.573474
-0.515411
-0.424818
-0.329254
-0.235728
-0.15627
-0.117568
-0.126543
-0.140216
-0.097728
0.0148338
0.150787
0.25878
0.333248
0.402808
0.48123
0.542619
0.541823
0.44916
0.27356
0.0641197
-0.103865
-0.175475
-0.166337
-0.144807
-0.158348
-0.196831
-0.227627
-0.239749
-0.246936
-0.26742
-0.312019
-0.379868
-0.455726
-0.518135
-0.556675
-0.578625
-0.597273
-0.620144
-0.647276
-0.668771
-0.661912
-0.602562
-0.49237
-0.367546
-0.271926
-0.220659
-0.190987
-0.144655
-0.0664586
0.0176904
0.0706566
0.0816159
0.063494
0.0276329
-0.0220572
-0.0754527
-0.113279
-0.12494
-0.119435
-0.115352
-0.119542
-0.119534
-0.100377
-0.0654268
-0.0319981
-0.00296142
0.0490816
0.150322
0.283013
0.398627
0.473312
0.529294
0.59438
0.656765
0.670449
0.605107
0.486019
0.368646
0.281285
0.210464
0.136828
0.0639258
0.00715446
-0.0279923
-0.0473774
-0.0639026
-0.0941904
-0.151644
-0.238811
-0.348705
-0.469941
-0.587263
-0.68109
-0.736654
-0.753056
-0.738846
-0.703582
-0.657584
-0.609552
-0.560412
-0.511081
-0.47146
-0.45261
-0.457594
-0.481389
-0.513992
-0.541392
-0.550793
-0.542645
-0.534924
-0.546489
-0.575436
-0.60235
-0.616328
-0.623479
-0.63183
-0.640956
-0.648405
-0.652541
-0.65008
-0.63739
-0.610658
-0.569278
-0.523183
-0.49026
-0.478933
-0.479425
-0.480768
-0.486765
-0.506255
-0.534492
-0.55327
-0.548638
-0.522168
-0.482682
-0.434998
-0.379586
-0.31667
-0.251766
-0.19849
-0.173759
-0.17605
-0.175574
-0.140158
-0.0692878
0.00747479
0.0701463
0.127048
0.193522
0.268117
0.332673
0.371152
0.382207
0.374824
0.355807
0.326328
0.287598
0.245792
0.204877
0.160828
0.105768
0.038118
-0.0353746
-0.110026
-0.185688
-0.258111
-0.317688
-0.358682
-0.385779
-0.412649
-0.451791
-0.499972
-0.538642
-0.551755
-0.542176
-0.525434
-0.515487
-0.520989
-0.544898
-0.585602
-0.641534
-0.711597
-0.789096
-0.859018
-0.910634
-0.94817
-0.98211
-1.01534
-1.04167
-1.05376
-1.05267
-1.0485
-1.05007
-1.05657
-1.05966
-1.05562
-1.04871
-1.04301
-1.03326
-1.01014
-0.972824
-0.931013
-0.898093
-0.882796
-0.88541
-0.900486
-0.920528
-0.935212
-0.935575
-0.920538
-0.899258
-0.878191
-0.850239
-0.806862
-0.751975
-0.696481
-0.645691
-0.601981
-0.571248
-0.556984
-0.551425
-0.539243
-0.511172
-0.467736
-0.410944
-0.342341
-0.267106
-0.19009
-0.106469
-0.00868804
0.0955539
0.185916
0.248068
0.27912
0.280963
0.253729
0.196244
0.111245
0.00670617
-0.107045
-0.21692
-0.30766
-0.374298
-0.429514
-0.490033
-0.558638
-0.623004
-0.670989
-0.702199
-0.726212
-0.752744
-0.782845
-0.807617
-0.819275
-0.821796
-0.826966
-0.841744
-0.86079
-0.872999
-0.876414
-0.875748
-0.870147
-0.852491
-0.815413
-0.759173
-0.696054
-0.644487
-0.618752
-0.620197
-0.636658
-0.654849
-0.672612
-0.697377
-0.733582
-0.773906
-0.806655
-0.82705
-0.839657
-0.850429
-0.859874
-0.868163
-0.881419
-0.907682
-0.946886
-0.990794
-1.03118
-1.06277
-1.08108
-1.08076
-1.06464
-1.04518
-1.03101
-1.01928
-1.00048
-0.96791
-0.922466
-0.870467
-0.818708
-0.765544
-0.70572
-0.642715
-0.585852
-0.537613
-0.48991
-0.43372
-0.369961
-0.309251
-0.261813
-0.232943
-0.221542
-0.222451
-0.228806
-0.235305
-0.241574
-0.252548
-0.271139
-0.292359
-0.308878
-0.316108
-0.313852
-0.306819
-0.296396
-0.278444
-0.251748
-0.220677
-0.189207
-0.157848
-0.125864
-0.0950558
-0.0701852
-0.0543398
-0.044081
-0.0361437
-0.0283879
-0.0139353
0.0154277
0.0564423
0.0946748
0.121077
0.13885
0.152502
0.161104
0.161036
0.153734
0.142961
0.129014
0.110504
0.0906609
0.0785608
0.0796701
0.0852388
0.0820091
0.0687148
0.0529825
0.0367098
0.015764
-0.00863617
-0.0304968
-0.0482468
-0.0652866
-0.0829105
-0.0992201
-0.115817
-0.137567
-0.164673
-0.191209
-0.213979
-0.238404
-0.270239
-0.306911
-0.344776
-0.38416
-0.426894
-0.468611
-0.500357
-0.518888
-0.530783
-0.54294
-0.556016
-0.570673
-0.586648
-0.598203
-0.597837
-0.583787
-0.561257
-0.535153
-0.504468
-0.46753
-0.423853
-0.375904
-0.330849
-0.296007
-0.271132
-0.251106
-0.230781
-0.206547
-0.178507
-0.151659
-0.132236
-0.121021
-0.111657
-0.0967707
-0.0739906
-0.0453017
-0.0113098
0.0271826
0.0671175
0.108228
0.150277
0.19221
0.23441
0.276647
0.318653
0.360529
0.402737
0.446082
0.488165
0.524487
0.556761
0.59103
0.630204
0.676811
0.735789
0.809362
0.89367
0.984164
1.07988
1.18042
1.28012
1.36913
1.44091
1.49191
1.51653
1.50469
1.44864
1.35068
1.22233
1.08279
0.956777
0.863969
0.808008
0.779423
0.769534
0.775384
0.796124
0.826555
0.85895
0.887156
0.906215
0.910315
0.889009
0.833943
0.750452
0.655813
0.56752
0.495073
0.439224
0.395455
0.358923
0.326023
0.297235
0.275069
0.255504
0.229611
0.193452
0.148866
0.0963536
0.0336976
-0.0378211
-0.11187
-0.179981
-0.233944
-0.264309
-0.26401
-0.232867
-0.176224
-0.10591
-0.0360382
0.0230064
0.0643467
0.0854966
0.0912741
0.0975061
0.12679
0.19141
0.280089
0.369855
0.445548
0.508203
0.56548
0.617953
0.659796
0.688421
0.706818
0.71888
0.726703
0.734247
0.747718
0.767792
0.789691
0.812196
0.83786
0.866771
0.893868
0.913935
0.924749
0.927447
0.923037
0.90912
0.887375
0.866804
0.856478
0.855327
0.854109
0.849833
0.85126
0.869725
0.904609
0.938416
0.946617
0.914741
0.853115
0.789014
0.739114
0.697748
0.649535
0.58786
0.520839
0.460321
0.407293
0.354672
0.294917
0.225394
0.149008
0.0701156
-0.00562635
-0.074014
-0.136025
-0.19395
-0.246884
-0.289984
-0.31741
-0.326303
-0.316017
-0.286861
-0.241042
-0.184051
-0.12436
-0.0695713
-0.0246331
0.00786109
0.0309746
0.0514637
0.0753528
0.109319
0.158348
0.218682
0.279407
0.33443
0.38591
0.437071
0.488403
0.539626
0.588244
0.628372
0.655639
0.671671
0.681895
0.687871
0.685358
0.670198
0.642663
0.607671
0.570897
0.534871
0.500111
0.466784
0.434135
0.39966
0.358279
0.310045
0.2651
0.236937
0.232952
0.253035
0.292323
0.343553
0.397499
0.447248
0.492294
0.531868
0.562256
0.581197
0.593164
0.605984
0.626601
0.656798
0.692501
0.725332
0.749636
0.768052
0.785179
0.799081
0.80396
0.798742
0.787592
0.771842
0.746316
0.706675
0.651234
0.576608
0.481455
0.371875
0.256261
0.140052
0.0262791
-0.0842709
-0.19721
-0.32017
-0.451667
-0.581819
-0.702753
-0.811812
-0.905741
-0.975842
-1.01223
-1.01201
-0.978618
-0.914844
-0.824704
-0.71961
-0.616268
-0.526831
-0.452168
-0.385007
-0.317603
-0.246472
-0.171365
-0.093049
-0.0147637
0.0561635
0.113509
0.15271
0.166413
0.146319
0.0977397
0.0455923
0.015965
0.0153478
0.0324375
0.0602641
0.103368
0.163842
0.232326
0.294953
0.342424
0.366682
0.355412
0.303739
0.221921
0.128301
0.040584
-0.0282968
-0.0709507
-0.0889356
-0.0896679
-0.0783886
-0.0561094
-0.0227152
0.019272
0.0637659
0.101316
0.118904
0.107643
0.071892
0.0278531
-0.00354705
-0.00767252
0.0167393
0.0581752
0.102947
0.142479
0.173209
0.193095
0.204408
0.213864
0.225586
0.241966
0.269584
0.315075
0.372944
0.42386
0.451112
0.449326
0.419332
0.362822
0.285206
0.201034
0.130436
0.0863049
0.0649078
0.0564495
0.0604198
0.0806126
0.110447
0.133654
0.137919
0.124477
0.103202
0.0799793
0.0526727
0.0179154
-0.0253539
-0.0754667
-0.128548
-0.179942
-0.225851
-0.263453
-0.286082
-0.287043
-0.265759
-0.224974
-0.168404
-0.102642
-0.0422604
-0.0106484
-0.0219062
-0.0635826
-0.102159
-0.107837
-0.0756281
-0.0232445
0.0287264
0.0736058
0.118209
0.169815
0.223235
0.262947
0.275086
0.261552
0.241692
0.237264
0.256817
0.291216
0.325115
0.347325
0.348585
0.318936
0.256661
0.175544
0.0955735
0.0320666
-0.00623227
-0.0171931
-0.00467423
0.02482
0.0653032
0.108589
0.145844
0.173507
0.196455
0.217876
0.233015
0.237748
0.236376
0.238337
0.252417
0.280205
0.313193
0.336554
0.335991
0.31081
0.278977
0.2607
0.258088
0.259131
0.254828
0.250093
0.258256
0.286603
0.331968
0.387357
0.446863
0.503921
0.551299
0.586906
0.614927
0.634941
0.634039
0.596735
0.516552
0.400856
0.270894
0.150058
0.051317
-0.021638
-0.063549
-0.0678356
-0.0453339
-0.024228
-0.0231829
-0.0346584
-0.043422
-0.0511663
-0.071283
-0.106559
-0.141681
-0.156707
-0.143091
-0.106916
-0.0586596
-0.00543807
0.0456411
0.082626
0.100799
0.108077
0.111755
0.108936
0.0949194
0.0719696
0.0452078
0.0188843
-0.000332715
-0.0057921
0.000818813
0.010626
0.0220948
0.0451563
0.0826947
0.12301
0.152249
0.169436
0.184955
0.206602
0.234055
0.264341
0.295821
0.325561
0.355602
0.392553
0.440854
0.499653
0.564046
0.628289
0.687963
0.739526
0.779352
0.80362
0.80859
0.790678
0.748206
0.684016
0.609029
0.538717
0.484228
0.450202
0.436049
0.437938
0.447671
0.453902
0.450268
0.43758
0.419175
0.397712
0.373973
0.350103
0.329454
0.312158
0.297618
0.287109
0.279891
0.26848
0.243806
0.203894
0.155243
0.107203
0.068116
0.0426753
0.0314043
0.0318417
0.0403288
0.0514971
0.0598295
0.0627733
0.0603297
0.0555978
0.0517496
0.051531
0.0549691
0.0554269
0.048527
0.0373638
0.0279614
0.0240722
0.0267533
0.0341434
0.0402253
0.0408838
0.0404079
0.0485498
0.0723912
0.109887
0.152616
0.195684
0.241271
0.284019
0.302526
0.275552
0.201039
0.0946943
-0.0233254
-0.133465
-0.219532
-0.279506
-0.326731
-0.375414
-0.425934
-0.470043
-0.502213
-0.528597
-0.562643
-0.610167
-0.663898
-0.71231
-0.750303
-0.779703
-0.802856
-0.820596
-0.830626
-0.828459
-0.81241
-0.785365
-0.753178
-0.717309
-0.67484
-0.624455
-0.565238
-0.500435
-0.436843
-0.376248
-0.316809
-0.259399
-0.20718
-0.15867
-0.108881
-0.0595128
-0.0191286
0.00732272
0.0242475
0.0398123
0.0581515
0.0769563
0.0901203
0.0873042
0.059094
0.00622108
-0.0579249
-0.116922
-0.162113
-0.196191
-0.225947
-0.255119
-0.282527
-0.306217
-0.326114
-0.339508
-0.342059
-0.334953
-0.322899
-0.305321
-0.276413
-0.235187
-0.190068
-0.149773
-0.117842
-0.0973409
-0.0953839
-0.117674
-0.159207
-0.208806
-0.26051
-0.315426
-0.377836
-0.449232
-0.521383
-0.575564
-0.595342
-0.575761
-0.520755
-0.438
-0.33921
-0.238559
-0.147426
-0.0655268
0.015931
0.104975
0.204867
0.311964
0.417546
0.507485
0.567756
0.597988
0.611106
0.619223
0.624618
0.625505
0.620749
0.60551
0.573637
0.525536
0.469234
0.41234
0.357252
0.307932
0.273961
0.263665
0.280039
0.319615
0.373314
0.42664
0.461966
0.466819
0.440269
0.39169
0.334751
0.281764
0.238092
0.202892
0.176188
0.160664
0.156818
0.159867
0.164115
0.16886
0.172444
0.165424
0.137173
0.0880913
0.0327259
-0.0122032
-0.0377109
-0.0440226
-0.0383039
-0.0270764
-0.010571
0.0141374
0.0456995
0.0716466
0.0700961
0.0292035
-0.0350699
-0.0874946
-0.100431
-0.076182
-0.0382655
-0.00625095
0.0111595
0.00913241
-0.0128466
-0.0471721
-0.0839661
-0.120023
-0.158573
-0.197565
-0.22708
-0.239469
-0.236834
-0.227541
-0.215629
-0.197264
-0.167964
-0.127345
-0.0745388
-0.00928656
0.0578851
0.113173
0.15524
0.19379
0.230134
0.249033
0.23679
0.196479
0.138543
0.0626222
-0.0408615
-0.172887
-0.316782
-0.447093
-0.544539
-0.605813
-0.637359
-0.647885
-0.647246
-0.642017
-0.634139
-0.626372
-0.626845
-0.641204
-0.661262
-0.67104
-0.663233
-0.646831
-0.637659
-0.642492
-0.660528
-0.693483
-0.743367
-0.801439
-0.849125
-0.875053
-0.884765
-0.888037
-0.884494
-0.869844
-0.848216
-0.825001
-0.798506
-0.767211
-0.732333
-0.695481
-0.657995
-0.620634
-0.585464
-0.554359
-0.52819
-0.506105
-0.484472
-0.458512
-0.425982
-0.388495
-0.348091
-0.305477
-0.26108
-0.214155
-0.165367
-0.120088
-0.0884243
-0.0728833
-0.0621778
-0.0462163
-0.028404
-0.0220454
-0.0360046
-0.0693982
-0.118828
-0.179695
-0.239095
-0.280069
-0.295602
-0.288803
-0.266807
-0.23456
-0.196855
-0.162024
-0.137267
-0.124771
-0.125072
-0.137976
-0.158906
-0.179879
-0.198072
-0.219242
-0.249996
-0.286547
-0.312779
-0.315558
-0.300315
-0.285339
-0.278036
-0.266815
-0.238586
-0.193685
-0.140419
-0.088247
-0.0432028
-0.00333984
0.0402088
0.0925008
0.148796
0.201436
0.249413
0.293786
0.328578
0.344868
0.34082
0.321754
0.292406
0.255288
0.214774
0.179363
0.158695
0.158283
0.177228
0.210485
0.251567
0.292993
0.325638
0.345332
0.355022
0.360829
0.365766
0.369829
0.374501
0.380862
0.385107
0.383346
0.378401
0.377606
0.384353
0.399068
0.421088
0.446408
0.467413
0.477481
0.476691
0.470563
0.462906
0.450283
0.430223
0.407287
0.390228
0.385563
0.391454
0.396554
0.390375
0.372745
0.348926
0.325536
0.306915
0.292172
0.273254
0.239494
0.188784
0.129791
0.0713163
0.0176768
-0.0311901
-0.0764998
-0.118231
-0.154912
-0.184005
-0.2048
-0.218475
-0.226501
-0.233153
-0.243756
-0.260651
-0.28004
-0.295427
-0.304471
-0.308185
-0.308481
-0.305855
-0.299744
-0.290442
-0.27759
-0.260301
-0.2376
-0.209711
-0.17632
-0.137484
-0.0947405
-0.0519971
-0.0138667
0.0171088
0.0405434
0.0548987
0.0604419
0.0643706
0.0778139
0.10392
0.133362
0.15832
0.182798
0.212082
0.243294
0.268822
0.282703
0.288089
0.294046
0.304631
0.318983
0.334304
0.348982
0.362232
0.373481
0.382904
0.38711
0.379503
0.355853
0.315548
0.260947
0.199709
0.141284
0.0936404
0.0619616
0.0476629
0.0497937
0.0637361
0.0838561
0.106086
0.129007
0.154362
0.183273
0.210985
0.228632
0.236648
0.247311
0.271035
0.304978
0.339814
0.374754
0.418197
0.475605
0.54443
0.619455
0.69613
0.769636
0.837606
0.901022
0.958289
1.00454
1.03765
1.05859
1.06753
1.06288
1.04021
0.994746
0.922679
0.824004
0.706748
0.58575
0.475242
0.38194
0.305877
0.244245
0.192894
0.14663
0.102807
0.0623104
0.0250958
-0.0114252
-0.0487042
-0.0858479
-0.120322
-0.149916
-0.174097
-0.192563
-0.20352
-0.203583
-0.1915
-0.169394
-0.138766
-0.0960709
-0.0376479
0.0260107
0.0733528
0.0946442
0.101363
0.112387
0.13957
0.186096
0.248369
0.317471
0.382736
0.434929
0.470058
0.491482
0.505849
0.517556
0.525801
0.525002
0.507911
0.472532
0.425817
0.378598
0.337243
0.299205
0.260241
0.21948
0.177388
0.134749
0.0925337
0.0493
0.00408237
-0.0381329
-0.0677032
-0.0784141
-0.0696058
-0.0426924
-0.000737732
0.0503243
0.102902
0.150468
0.188224
0.211972
0.215923
0.198162
0.165739
0.129896
0.0994019
0.0800943
0.069558
0.0547947
0.0252163
-0.0170923
-0.0622188
-0.103753
-0.143999
-0.182773
-0.214909
-0.236478
-0.244311
-0.234172
-0.206347
-0.171284
-0.144181
-0.129964
-0.1158
-0.0867958
-0.0481136
-0.0165762
-0.000590968
0.00422198
0.00568477
0.00841407
0.0150031
0.0262316
0.0415438
0.0585661
0.0743628
0.0862432
0.0908387
0.0868752
0.0757707
0.0589964
0.0405218
0.0285367
0.029095
0.0407963
0.0576108
0.0755134
0.0940348
0.111689
0.123217
0.125775
0.123355
0.118631
0.109018
0.0912735
0.0636324
0.0265266
-0.0193484
-0.0712074
-0.123839
-0.174935
-0.224677
-0.270272
-0.305806
-0.32661
-0.338619
-0.355653
-0.382646
-0.41199
-0.433889
-0.445632
-0.448084
-0.440332
-0.425495
-0.413461
-0.411535
-0.414162
-0.40771
-0.386697
-0.361155
-0.346303
-0.350686
-0.370347
-0.389519
-0.390605
-0.365286
-0.319796
-0.267259
-0.214791
-0.158507
-0.0916859
-0.0173459
0.0522593
0.107509
0.149506
0.186293
0.223026
0.260206
0.292263
0.308384
0.303283
0.279916
0.242802
0.195665
0.139895
0.078287
0.0140376
-0.0500264
-0.109625
-0.159948
-0.194853
-0.209545
-0.204449
-0.186558
-0.166301
-0.15383
-0.156492
-0.175913
-0.209311
-0.251943
-0.297166
-0.339627
-0.379801
-0.420988
-0.464203
-0.507907
-0.549989
-0.587317
-0.616485
-0.635368
-0.645062
-0.649137
-0.650823
-0.653838
-0.662927
-0.682014
-0.709841
-0.73956
-0.762941
-0.776821
-0.780486
-0.772027
-0.7465
-0.698037
-0.629733
-0.55124
-0.468697
-0.381121
-0.285813
-0.181402
-0.0694524
0.0453647
0.157829
0.262828
0.355128
0.426875
0.468932
0.47883
0.467154
0.450861
0.440543
0.440083
0.450779
0.471699
0.496234
0.515632
0.530706
0.549698
0.573232
0.592109
0.595241
0.575977
0.531962
0.46371
0.372615
0.262178
0.142752
0.026637
-0.0840416
-0.195871
-0.312949
-0.431544
-0.540934
-0.628361
-0.687591
-0.721124
-0.73437
-0.730648
-0.714514
-0.692828
-0.666288
-0.627566
-0.569165
-0.4897
-0.3965
-0.302507
-0.220547
-0.159958
-0.125544
-0.116499
-0.124873
-0.137846
-0.143982
-0.138554
-0.12336
-0.102894
-0.0819652
-0.0661429
-0.0589532
-0.0586553
-0.0573048
-0.0441842
-0.0139949
0.0298567
0.0822153
0.142746
0.216427
0.305154
0.40334
0.50408
0.605859
0.710689
0.814617
0.906076
0.973595
1.01053
1.0196
1.00878
0.981716
0.932982
0.853092
0.739766
0.607711
0.482319
0.37329
0.268883
0.159229
0.0559141
-0.0176477
-0.051133
-0.0500616
-0.0236941
0.0192042
0.0726903
0.134342
0.20234
0.271063
0.3291
0.368723
0.396346
0.430629
0.486197
0.554883
0.6079
0.620437
0.593306
0.547188
0.500264
0.455717
0.407944
0.354193
0.296242
0.235406
0.173744
0.118788
0.0826705
0.0709296
0.0763891
0.0865023
0.0929028
0.0956034
0.0986434
0.104401
0.107064
0.0906017
0.0419646
-0.0307799
-0.105844
-0.172482
-0.241415
-0.329726
-0.44526
-0.580229
-0.712347
-0.81684
-0.885473
-0.930311
-0.967779
-0.999592
-1.01331
-1.00038
-0.963814
-0.914155
-0.861913
-0.808396
-0.744317
-0.662868
-0.569749
-0.47694
-0.389514
-0.306294
-0.232707
-0.183718
-0.170177
-0.185947
-0.210253
-0.222339
-0.216724
-0.205864
-0.2081
-0.231183
-0.267802
-0.304603
-0.333467
-0.355472
-0.376605
-0.403733
-0.44088
-0.488176
-0.545995
-0.617594
-0.701892
-0.783548
-0.833999
-0.830448
-0.776446
-0.701011
-0.635643
-0.591263
-0.553858
-0.501
-0.424651
-0.335279
-0.246821
-0.161588
-0.0704537
0.0291495
0.123629
0.199093
0.250077
0.278515
0.291335
0.296487
0.299695
0.299981
0.289754
0.267015
0.240152
0.220042
0.215986
0.235513
0.281062
0.345716
0.41681
0.484292
0.543685
0.598738
0.656038
0.715394
0.769606
0.811108
0.83368
0.828749
0.791109
0.729841
0.661372
0.595452
0.532707
0.471365
0.411481
0.357747
0.321535
0.31443
0.337133
0.376193
0.41321
0.436645
0.44275
0.428595
0.393541
0.347438
0.306567
0.278651
0.255993
0.224542
0.179534
0.127505
0.0734299
0.0151836
-0.0487594
-0.115851
-0.184019
-0.25058
-0.307464
-0.34369
-0.355494
-0.348272
-0.333637
-0.323589
-0.324591
-0.332555
-0.337886
-0.338814
-0.342094
-0.350451
-0.356944
-0.352879
-0.338137
-0.320847
-0.31213
-0.323056
-0.358645
-0.411673
-0.467824
-0.513365
-0.542958
-0.558931
-0.557086
-0.520372
-0.429037
-0.280422
-0.0986512
0.0747991
0.206923
0.292363
0.34868
0.394768
0.435966
0.466738
0.480855
0.477595
0.45736
0.420923
0.376414
0.336292
0.305121
0.27581
0.238196
0.190835
0.140989
0.098885
0.0721639
0.0648296
0.0792526
0.115433
0.166641
0.22262
0.275773
0.32354
0.363563
0.387791
0.387121
0.36281
0.328148
0.296269
0.27351
0.262017
0.2614
0.266489
0.27293
0.280139
0.286282
0.286689
0.276452
0.25202
0.210251
0.153464
0.0887543
0.0227027
-0.0407382
-0.0968846
-0.135442
-0.144962
-0.123892
-0.0825581
-0.0335387
0.0124203
0.0467478
0.0649896
0.0719736
0.0765794
0.0809156
0.0765732
0.0538396
0.0128114
-0.0352482
-0.0758001
-0.103948
-0.124658
-0.141379
-0.152893
-0.157536
-0.156627
-0.153619
-0.150071
-0.144845
-0.136097
-0.121576
-0.100854
-0.0766828
-0.0524642
-0.0303768
-0.0120049
0.00408766
0.0218286
0.042303
0.0620518
0.0770586
0.0871376
0.0940352
0.0988865
0.102281
0.104051
0.10387
0.103806
0.107906
0.120454
0.14471
0.181228
0.226238
0.270665
0.297112
0.28243
0.212464
0.0946724
-0.0406556
-0.158986
-0.246931
-0.314177
-0.375389
-0.434146
-0.489188
-0.544188
-0.599776
-0.646766
-0.677483
-0.698987
-0.726909
-0.770324
-0.825963
-0.880497
-0.917376
-0.929664
-0.922404
-0.903725
-0.879877
-0.85208
-0.821779
-0.795233
-0.781862
-0.789178
-0.815532
-0.84718
-0.867133
-0.866399
-0.846728
-0.814729
-0.773046
-0.717907
-0.645729
-0.558899
-0.463871
-0.367466
-0.276479
-0.194971
-0.124173
-0.0623223
-0.00577459
0.0430365
0.0736194
0.0774972
0.0558296
0.0194806
-0.0150545
-0.0358493
-0.0412985
-0.0404244
-0.0468033
-0.0704565
-0.110942
-0.160597
-0.212064
-0.257765
-0.289578
-0.305396
-0.3102
-0.308204
-0.296498
-0.269302
-0.228679
-0.184149
-0.141602
-0.0978242
-0.0505495
-0.00492964
0.0315922
0.0534929
0.0595132
0.0544882
0.0472736
0.0466706
0.0559686
0.068429
0.0755747
0.0713479
0.0532904
0.023343
-0.0133844
-0.0543208
-0.097233
-0.137312
-0.172638
-0.203084
-0.224264
-0.232133
-0.231223
-0.232172
-0.240567
-0.251717
-0.258872
-0.261426
-0.263564
-0.268553
-0.276357
-0.287314
-0.300202
-0.310296
-0.31203
-0.303308
-0.284919
-0.257739
-0.223116
-0.187907
-0.162587
-0.150548
-0.143341
-0.131589
-0.113475
-0.0914622
-0.0682934
-0.0460913
-0.0245052
-7.8244e-05
0.0295536
0.0636535
0.0997804
0.134273
0.161743
0.17819
0.185151
0.184301
0.173366
0.151365
0.122818
0.095781
0.0752244
0.0625398
0.0590024
0.0625515
0.0650107
0.0588745
0.0429436
0.0187651
-0.0112618
-0.0426129
-0.068598
-0.0832633
-0.0880249
-0.0901551
-0.0931575
-0.0909161
-0.0749588
-0.0471143
-0.0187803
0.00434578
0.0283122
0.0584193
0.0894343
0.110926
0.11838
0.114732
0.10293
0.0874401
0.0732452
0.0593884
0.0401982
0.0142333
-0.0141687
-0.0440955
-0.0834505
-0.139363
-0.205204
-0.264395
-0.304314
-0.325106
-0.337474
-0.353532
-0.37676
-0.402235
-0.421998
-0.429349
-0.42328
-0.411573
-0.405516
-0.404141
-0.392371
-0.359112
-0.312011
-0.265356
-0.219294
-0.164219
-0.0960437
-0.0216432
0.0475911
0.106422
0.154436
0.189621
0.210144
0.218008
0.219076
0.218572
0.218041
0.214459
0.203585
0.182391
0.148972
0.104214
0.0510144
-0.0110084
-0.0844466
-0.1658
-0.242211
-0.300447
-0.340658
-0.373058
-0.403057
-0.42156
-0.410956
-0.365083
-0.295829
-0.222776
-0.162342
-0.123713
-0.101578
-0.0770226
-0.0354372
0.0166521
0.0591581
0.0803165
0.0871393
0.0937379
0.104612
0.112905
0.114282
0.108113
0.089848
0.0527803
-0.00577531
-0.0818107
-0.163348
-0.231863
-0.272021
-0.281111
-0.270121
-0.257458
-0.257701
-0.278492
-0.318601
-0.366067
-0.403088
-0.415667
-0.40414
-0.379471
-0.345418
-0.294034
-0.2229
-0.147149
-0.0893539
-0.0594608
-0.0505355
-0.0510925
-0.056397
-0.0689279
-0.087099
-0.0977997
-0.0842017
-0.0418963
0.0163574
0.0719805
0.114025
0.141154
0.155897
0.158247
0.148875
0.13786
0.136355
0.14669
0.163745
0.181033
0.194496
0.205781
0.220913
0.244564
0.27326
0.29304
0.292147
0.274376
0.251752
0.232491
0.214157
0.187105
0.147896
0.10499
0.0690966
0.0445824
0.0271355
0.00842433
-0.018982
-0.0584302
-0.109981
-0.173101
-0.242511
-0.307017
-0.353597
-0.377521
-0.387977
-0.398723
-0.414483
-0.42903
-0.439278
-0.450243
-0.46467
-0.47685
-0.480412
-0.47691
-0.472647
-0.470891
-0.469868
-0.465984
-0.455909
-0.439575
-0.420077
-0.398641
-0.373726
-0.341572
-0.299671
-0.247424
-0.184786
-0.116239
-0.0464507
0.0205033
0.0757343
0.107455
0.110452
0.0868849
0.0427251
-0.0148469
-0.0814924
-0.1519
-0.212696
-0.248686
-0.256678
-0.253799
-0.258986
-0.268623
-0.257216
-0.202982
-0.106774
0.0130657
0.135356
0.246729
0.34717
0.446181
0.548835
0.646992
0.723725
0.762977
0.759151
0.72021
0.663736
0.60724
0.558169
0.5123
0.460193
0.397136
0.330738
0.278691
0.255029
0.25741
0.270557
0.280924
0.28592
0.288059
0.288126
0.286322
0.284009
0.283002
0.281503
0.273861
0.25497
0.224642
0.185809
0.139515
0.0847875
0.0214459
-0.0488602
-0.119739
-0.18348
-0.234302
-0.271058
-0.297481
-0.316186
-0.321356
-0.301345
-0.249764
-0.174581
-0.0927634
-0.0201162
0.0305268
0.050045
0.0367106
-0.00264215
-0.0615074
-0.136523
-0.221212
-0.303335
-0.370783
-0.419409
-0.457269
-0.492378
-0.522409
-0.540399
-0.546021
-0.550066
-0.562118
-0.579537
-0.593785
-0.601573
-0.603772
-0.596698
-0.569945
-0.51677
-0.44263
-0.360816
-0.284138
-0.222345
-0.180805
-0.153447
-0.124696
-0.0824209
-0.0313165
0.0120697
0.0364033
0.0464564
0.0531866
0.0534398
0.0329148
-0.0166313
-0.0870369
-0.161256
-0.228243
-0.287724
-0.345519
-0.401597
-0.445754
-0.46705
-0.465207
-0.445755
-0.408763
-0.348091
-0.262726
-0.16371
-0.0654638
0.0259597
0.110587
0.18727
0.253981
0.310273
0.358043
0.395755
0.41813
0.425477
0.427372
0.435505
0.451317
0.466231
0.466787
0.444031
0.397656
0.332269
0.259812
0.198084
0.161729
0.153626
0.165497
0.185177
0.202945
0.211994
0.210444
0.200991
0.186558
0.166081
0.134309
0.0896487
0.0357447
-0.0234937
-0.0867995
-0.153589
-0.221461
-0.287649
-0.34864
-0.399505
-0.43793
-0.46633
-0.484454
-0.488953
-0.481509
-0.466267
-0.442776
-0.407513
-0.360974
-0.310572
-0.264063
-0.22186
-0.183615
-0.153683
-0.138045
-0.139936
-0.15713
-0.184933
-0.220621
-0.266127
-0.324496
-0.392898
-0.46333
-0.52869
-0.58579
-0.634287
-0.673784
-0.704774
-0.726994
-0.739674
-0.745279
-0.746903
-0.74362
-0.731752
-0.713697
-0.697755
-0.689294
-0.686142
-0.684926
-0.684788
-0.686295
-0.691775
-0.703328
-0.720824
-0.741462
-0.760561
-0.775416
-0.785789
-0.792719
-0.798542
-0.806193
-0.814756
-0.821142
-0.825274
-0.827724
-0.828008
-0.826446
-0.823439
-0.817561
-0.805489
-0.782476
-0.747564
-0.706729
-0.665884
-0.625628
-0.583735
-0.539571
-0.49409
-0.447684
-0.403084
-0.365578
-0.337288
-0.315562
-0.296019
-0.275483
-0.253972
-0.231674
-0.206301
-0.178899
-0.154969
-0.137892
-0.125462
-0.115107
-0.106767
-0.0996147
-0.0912566
-0.0803541
-0.0677964
-0.0554401
-0.043094
-0.0292933
-0.0100052
0.018521
0.0565963
0.10342
0.159908
0.227074
0.302949
0.382938
0.462224
0.538724
0.611911
0.682631
0.751935
0.819915
0.886527
0.95223
1.01596
1.07509
1.12778
1.17027
1.20025
1.22021
1.23128
1.23266
1.22342
1.20125
1.16404
1.11068
1.03864
0.947525
0.844654
0.747273
0.674699
0.635418
0.625226
0.627572
0.624548
0.611607
0.598872
0.595294
0.596849
0.591512
0.569105
0.528361
0.475579
0.425425
0.397769
0.402746
0.431022
0.46282
0.483787
0.488102
0.470046
0.420963
0.337803
0.235956
0.146361
0.0935771
0.0742272
0.0564101
0.007648
-0.0772093
-0.176735
-0.26512
-0.328453
-0.364355
-0.374919
-0.361542
-0.324439
-0.269909
-0.212853
-0.169081
-0.145748
-0.135061
-0.114816
-0.0584005
0.0466852
0.183595
0.317966
0.425884
0.506021
0.569885
0.625742
0.680351
0.740535
0.807986
0.877126
0.94048
0.994002
1.03815
1.07636
1.11294
1.15068
1.1935
1.24602
1.31022
1.38087
1.44429
1.48481
1.48968
1.45514
1.39663
1.35753
1.39479
1.53827
1.77116
2.04915
2.31626
2.50044
2.53321
2.41294
2.24168
2.15988
2.21065
2.27694
2.19123
1.90929
1.5503
1.26415
1.09591
0.994598
0.909989
0.834147
0.770833
0.706016
0.618159
0.497692
0.343083
0.145302
-0.109825
-0.41593
-0.728914
-0.981221
-1.12296
-1.15224
-1.10918
-1.05345
-1.03605
-1.07321
-1.132
-1.16172
-1.15767
-1.16308
-1.20242
-1.24495
-1.24527
-1.19273
-1.11049
-1.0313
-0.98003
-0.955594
-0.92892
-0.87904
-0.823365
-0.792817
-0.792807
-0.811722
-0.844063
-0.877534
-0.886475
-0.859046
-0.815987
-0.78952
-0.792785
-0.816407
-0.849521
-0.889633
-0.938033
-0.992794
-1.05095
-1.10981
-1.15513
-1.16628
-1.14089
-1.10646
-1.09925
-1.12957
-1.17727
-1.21912
-1.24709
-1.26036
-1.25594
-1.23247
-1.19266
-1.14158
-1.08496
-1.02824
-0.97593
-0.933841
-0.905095
-0.88568
-0.862282
-0.82278
-0.772262
-0.733824
-0.724922
-0.735607
-0.7449
-0.750303
-0.763353
-0.781158
-0.785673
-0.766557
-0.73432
-0.707522
-0.690143
-0.664911
-0.608377
-0.510647
-0.383278
-0.247551
-0.113806
0.0236855
0.172413
0.328241
0.480449
0.623745
0.7561
0.86883
0.951337
1.00569
1.04338
1.06992
1.08879
1.11111
1.14585
1.19008
1.23664
1.28148
1.31679
1.32715
1.29863
1.22611
1.1185
0.997454
0.886204
0.795679
0.720014
0.649127
0.578265
0.508948
0.45713
0.459357
0.552108
0.728008
0.927524
1.08246
1.1451
1.09009
0.93475
0.770181
0.724455
0.842575
1.01202
1.05665
0.913745
0.679702
0.487031
0.384491
0.338378
0.30145
0.249458
0.187535
0.145042
0.145661
0.185141
0.243625
0.29618
0.308759
0.250392
0.132794
0.0300254
0.0337078
0.171609
0.369989
0.509307
0.521213
0.434909
0.346849
0.34464
0.440558
0.567529
0.651278
0.681262
0.700504
0.738987
0.785327
0.816901
0.821118
0.788637
0.71803
0.630893
0.560143
0.518855
0.495064
0.471166
0.439451
0.402413
0.368281
0.349117
0.357648
0.401701
0.474974
0.554902
0.61689
0.646054
0.634908
0.585709
0.518945
0.468839
0.463602
0.502429
0.545962
0.534767
0.426613
0.230435
0.0106003
-0.147124
-0.189811
-0.135702
-0.0602013
-0.0374465
-0.0829332
-0.146479
-0.171221
-0.1513
-0.120764
-0.0971441
-0.0637886
-0.00145219
0.0860947
0.179642
0.258294
0.305841
0.314701
0.286227
0.232064
0.176191
0.143987
0.13704
0.125321
0.0752477
-0.0159956
-0.122623
-0.217519
-0.287485
-0.331913
-0.355661
-0.36388
-0.35561
-0.328566
-0.289595
-0.251438
-0.22189
-0.201833
-0.191762
-0.189099
-0.178146
-0.135834
-0.0534942
0.0521635
0.155118
0.234087
0.276766
0.282725
0.262726
0.231835
0.198253
0.162738
0.128938
0.112193
0.134497
0.201059
0.284662
0.347985
0.374425
0.367163
0.335811
0.298805
0.287888
0.323785
0.386608
0.429956
0.429099
0.401146
0.37451
0.35234
0.31156
0.232226
0.119651
-0.00122289
-0.106111
-0.18696
-0.247104
-0.293161
-0.336728
-0.386956
-0.442021
-0.489826
-0.519852
-0.526636
-0.507146
-0.465656
-0.413075
-0.36042
-0.31602
-0.282687
-0.257937
-0.238577
-0.225657
-0.223373
-0.232017
-0.246564
-0.265295
-0.291172
-0.320605
-0.34072
-0.344242
-0.33679
-0.322675
-0.296013
-0.255657
-0.216994
-0.195339
-0.19032
-0.197335
-0.217957
-0.249904
-0.28299
-0.312921
-0.343337
-0.371542
-0.383904
-0.368221
-0.324077
-0.256546
-0.170447
-0.075112
0.0184201
0.106509
0.194493
0.286878
0.376026
0.448309
0.4975
0.53016
0.556332
0.572351
0.567805
0.543569
0.511585
0.480109
0.449021
0.419486
0.393389
0.365272
0.330157
0.292528
0.259588
0.233946
0.217763
0.211023
0.209968
0.213402
0.223561
0.237049
0.242641
0.23831
0.238262
0.251213
0.2703
0.284213
0.288891
0.284244
0.267518
0.237842
0.202121
0.168485
0.135892
0.0984147
0.0586214
0.0278345
0.0135964
0.0124677
0.0133719
0.0101064
0.00740607
0.0136936
0.0322538
0.0570995
0.0800895
0.0989801
0.117494
0.141838
0.174355
0.211453
0.247745
0.280913
0.309907
0.331946
0.345161
0.352001
0.35786
0.366619
0.37961
0.397418
0.42133
0.452761
0.490298
0.530539
0.568766
0.603179
0.63396
0.661781
0.687756
0.711615
0.732483
0.751919
0.772784
0.795868
0.818228
0.835782
0.845182
0.846832
0.845276
0.844948
0.847064
0.8492
0.84833
0.843926
0.83922
0.83715
0.834556
0.824641
0.804069
0.773861
0.733634
0.682482
0.624117
0.565095
0.510587
0.460095
0.406932
0.348343
0.290863
0.242663
0.207226
0.183667
0.170412
0.167382
0.178593
0.204589
0.23555
0.256081
0.257289
0.240544
0.211527
0.175522
0.13605
0.0971788
0.0651283
0.0460306
0.0401304
0.038857
0.032043
0.0124569
-0.0211411
-0.0618531
-0.0977746
-0.12284
-0.142031
-0.16339
-0.190927
-0.222926
-0.254513
-0.283226
-0.308287
-0.328889
-0.345962
-0.359016
-0.363326
-0.353046
-0.327776
-0.292282
-0.252723
-0.211614
-0.167561
-0.121275
-0.0807252
-0.0557848
-0.046399
-0.0422847
-0.0351703
-0.0234652
-0.00736402
0.0126945
0.0368512
0.0625595
0.0839517
0.0944184
0.0888686
0.0646432
0.02479
-0.0205429
-0.0644541
-0.110074
-0.164529
-0.226729
-0.284826
-0.326798
-0.353456
-0.376952
-0.408018
-0.44093
-0.458597
-0.454949
-0.443373
-0.437409
-0.434
-0.423066
-0.401239
-0.37439
-0.353083
-0.341213
-0.329021
-0.301234
-0.249865
-0.183326
-0.119961
-0.0730939
-0.0456435
-0.0314238
-0.0207575
-0.00827215
0.00299124
0.00697289
0.00227548
-0.00987364
-0.03014
-0.0576227
-0.086689
-0.110402
-0.126744
-0.138861
-0.149577
-0.160515
-0.173953
-0.19073
-0.205244
-0.209674
-0.203689
-0.191695
-0.173695
-0.146887
-0.111275
-0.0716043
-0.0318964
0.00889423
0.051445
0.0904636
0.120703
0.144371
0.166732
0.186569
0.19638
0.191872
0.175115
0.15167
0.127043
0.107123
0.0952142
0.0873524
0.0758412
0.056119
0.0326613
0.0138367
0.00413952
-0.000150015
-0.00631748
-0.0151626
-0.0221091
-0.0226945
-0.0158277
-0.00574268
0.00328207
0.0116466
0.0233319
0.0392157
0.054338
0.0630508
0.0666021
0.0714184
0.0777711
0.0771958
0.0640223
0.041392
0.0168881
-0.00293239
-0.0123612
-0.00908738
0.00264661
0.0154465
0.0263615
0.0364205
0.0448616
0.0490024
0.04616
0.0337593
0.0101503
-0.021029
-0.0524844
-0.0785587
-0.0955932
-0.101116
-0.0970625
-0.0907644
-0.0891438
-0.0946121
-0.105981
-0.121145
-0.136133
-0.144581
-0.13935
-0.117896
-0.0887655
-0.0647557
-0.0490032
-0.0346371
-0.0187625
-0.00951562
-0.0128169
-0.0234757
-0.0348124
-0.047285
-0.0618221
-0.0751753
-0.0861267
-0.0961861
-0.105658
-0.11308
-0.118628
-0.125929
-0.138843
-0.159868
-0.188675
-0.220502
-0.249635
-0.273239
-0.291307
-0.303429
-0.308224
-0.306278
-0.299559
-0.28791
-0.269733
-0.245866
-0.219299
-0.19203
-0.167499
-0.148091
-0.131502
-0.116172
-0.103949
-0.0979521
-0.0984691
-0.103254
-0.11257
-0.130256
-0.156663
-0.186027
-0.210638
-0.225396
-0.231491
-0.235021
-0.241996
-0.252585
-0.261816
-0.264725
-0.259383
-0.245754
-0.222194
-0.190593
-0.15912
-0.130944
-0.101218
-0.0665056
-0.0304324
0.00148845
0.0300567
0.0609923
0.0948132
0.122264
0.135084
0.135942
0.138928
0.155382
0.180754
0.200626
0.201491
0.177329
0.134412
0.0875547
0.0467819
0.0120487
-0.0213756
-0.0536059
-0.0796956
-0.0965824
-0.104552
-0.104078
-0.0955518
-0.0829195
-0.072274
-0.0645732
-0.0542844
-0.0367081
-0.0128854
0.0134253
0.0380501
0.0545148
0.0605244
0.0603822
0.0555499
0.0433534
0.0223655
-0.00605657
-0.0376078
-0.0680111
-0.0948869
-0.116563
-0.131327
-0.136726
-0.131607
-0.116868
-0.0961588
-0.0755775
-0.061414
-0.0557136
-0.0555883
-0.0568768
-0.0555468
-0.0513134
-0.0488467
-0.0524604
-0.0602184
-0.0676852
-0.0750218
-0.0841997
-0.0951923
-0.104097
-0.107871
-0.107753
-0.10518
-0.100277
-0.0908489
-0.0750322
-0.0529213
-0.0261147
0.000677462
0.020366
0.0314367
0.0372499
0.0377174
0.0303418
0.0140654
-0.00912639
-0.0356112
-0.061445
-0.085637
-0.112109
-0.144107
-0.182262
-0.224304
-0.267098
-0.310231
-0.353365
-0.393756
-0.427435
-0.453998
-0.475354
-0.491309
-0.501975
-0.509411
-0.513985
-0.513838
-0.509697
-0.505079
-0.502667
-0.50099
-0.495266
-0.485077
-0.473084
-0.460339
-0.447014
-0.432074
-0.414509
-0.39384
-0.372071
-0.354076
-0.342979
-0.336769
-0.330666
-0.322401
-0.310775
-0.294167
-0.274681
-0.257592
-0.24931
-0.251951
-0.261179
-0.27321
-0.288462
-0.307897
-0.328733
-0.346008
-0.356156
-0.357101
-0.346658
-0.326
-0.301456
-0.278412
-0.258547
-0.239704
-0.219554
-0.197172
-0.172524
-0.147067
-0.123546
-0.104052
-0.090948
-0.0881279
-0.0951384
-0.108135
-0.125785
-0.151493
-0.187037
-0.227095
-0.261078
-0.282261
-0.289769
-0.285519
-0.274143
-0.258883
-0.240006
-0.216063
-0.18812
-0.162112
-0.14178
-0.126449
-0.115446
-0.108691
-0.104184
-0.0993095
-0.0945084
-0.0938875
-0.102581
-0.120566
-0.141167
-0.155751
-0.161297
-0.163254
-0.167852
-0.176693
-0.185674
-0.190411
-0.194418
-0.204532
-0.222905
-0.247367
-0.271888
-0.290499
-0.300119
-0.302908
-0.302824
-0.300456
-0.293153
-0.279902
-0.261742
-0.242513
-0.22944
-0.226447
-0.23061
-0.238253
-0.24819
-0.259593
-0.269784
-0.27602
-0.278279
-0.280022
-0.283172
-0.286384
-0.286924
-0.283903
-0.280053
-0.277068
-0.273424
-0.267518
-0.257455
-0.242302
-0.223478
-0.203635
-0.18366
-0.1627
-0.140699
-0.120319
-0.10663
-0.101243
-0.1017
-0.106306
-0.117025
-0.137739
-0.170091
-0.209912
-0.25006
-0.283682
-0.308075
-0.325367
-0.338445
-0.347082
-0.348999
-0.34117
-0.320604
-0.286749
-0.242902
-0.194304
-0.14499
-0.0967535
-0.0509515
-0.00775122
0.03325
0.071636
0.106716
0.137514
0.163488
0.185502
0.202641
0.212351
0.215374
0.216608
0.220181
0.228493
0.241346
0.256356
0.270544
0.281071
0.287411
0.289871
0.287986
0.282739
0.276105
0.267929
0.257208
0.243992
0.229663
0.215967
0.203237
0.189799
0.173195
0.151988
0.127621
0.103004
0.081298
0.0659391
0.0586092
0.0597159
0.0663916
0.0727476
0.0751327
0.0731944
0.0692059
0.0660471
0.0661095
0.0707362
0.080271
0.0927854
0.104896
0.115159
0.12463
0.132738
0.13714
0.13814
0.138905
0.140145
0.141031
0.143204
0.150143
0.165286
0.1891
0.220167
0.254691
0.287673
0.317023
0.341025
0.357291
0.364075
0.361713
0.352271
0.336239
0.312677
0.281277
0.245006
0.21094
0.184069
0.163955
0.147927
0.133131
0.116467
0.0958471
0.0727543
0.0506352
0.0320784
0.0181274
0.00744142
-0.00170343
-0.00949747
-0.01595
-0.0184713
-0.0126864
0.00132706
0.0181025
0.0319509
0.042314
0.0502726
0.0585182
0.0687087
0.0805565
0.0935948
0.10967
0.131224
0.158092
0.187399
0.215694
0.241153
0.262162
0.276102
0.284143
0.288363
0.290135
0.289922
0.287361
0.284173
0.282594
0.283497
0.287412
0.293043
0.298292
0.302502
0.305379
0.307219
0.309458
0.312682
0.317743
0.323728
0.328462
0.332346
0.335411
0.335805
0.330597
0.316313
0.292788
0.263282
0.2327
0.205129
0.18179
0.162902
0.14897
0.14176
0.142238
0.147013
0.151118
0.15302
0.152793
0.148628
0.137877
0.120453
0.100241
0.0825129
0.0695252
0.0599967
0.0530299
0.0489313
0.0460028
0.0396778
0.0270656
0.010391
-0.00823066
-0.0280932
-0.0462102
-0.0605033
-0.0723278
-0.0837609
-0.0936614
-0.100446
-0.10607
-0.111056
-0.11519
-0.120326
-0.127813
-0.137678
-0.151965
-0.172922
-0.198796
-0.225131
-0.247817
-0.264794
-0.275803
-0.281123
-0.28156
-0.276921
-0.265853
-0.250254
-0.231985
-0.209731
-0.184425
-0.160747
-0.142231
-0.129644
-0.121277
-0.114863
-0.108075
-0.0997716
-0.0910808
-0.08559
-0.0856659
-0.0902629
-0.0975826
-0.104851
-0.10945
-0.11037
-0.107998
-0.102563
-0.0950079
-0.0878744
-0.0817753
-0.0739291
-0.0602699
-0.0399397
-0.0163864
0.00407909
0.0165064
0.019726
0.014421
-0.000276391
-0.0259267
-0.059534
-0.0924365
-0.114552
-0.120848
-0.117272
-0.112997
-0.111221
-0.106831
-0.092546
-0.0702936
-0.0516202
-0.0461043
-0.0528867
-0.0628133
-0.0678178
-0.0671472
-0.0638154
-0.0613346
-0.0602396
-0.0578623
-0.050199
-0.0362306
-0.0187916
-0.00166044
0.0127099
0.0253039
0.0378005
0.0505202
0.0629684
0.0730427
0.079876
0.086682
0.0967771
0.110353
0.12396
0.132562
0.133233
0.125015
0.109033
0.087543
0.0626319
0.0360486
0.00897897
-0.0137581
-0.0223633
-0.0115923
0.0131902
0.0435559
0.0720259
0.0931103
0.105746
0.112301
0.114905
0.110911
0.0984562
0.0810487
0.0657662
0.0566008
0.0509474
0.0427591
0.0285258
0.00727857
-0.0201288
-0.0502842
-0.0813303
-0.113933
-0.146926
-0.177734
-0.203397
-0.220596
-0.228156
-0.22991
-0.232486
-0.238801
-0.246052
-0.249623
-0.248874
-0.24744
-0.248861
-0.250476
-0.246273
-0.233084
-0.210447
-0.180779
-0.148882
-0.118456
-0.089253
-0.0611983
-0.0371222
-0.0214069
-0.0151132
-0.0142553
-0.014438
-0.0161686
-0.0219266
-0.0320076
-0.0448379
-0.0584073
-0.070529
-0.0793992
-0.0844156
-0.0871407
-0.0900036
-0.0932352
-0.0974337
-0.104236
-0.112654
-0.12099
-0.128433
-0.133988
-0.137799
-0.141016
-0.142548
-0.140445
-0.134832
-0.126488
-0.113961
-0.0935237
-0.0653324
-0.0341829
-0.00231507
0.0294119
0.0573621
0.0758578
0.0842531
0.0882361
0.0924771
0.0967818
0.0994449
0.101789
0.105434
0.108146
0.106842
0.101305
0.0920204
0.0793376
0.0651858
0.0494227
0.0306043
0.0087489
-0.0135597
-0.033125
-0.0489261
-0.0628743
-0.0778182
-0.0947891
-0.111361
-0.124688
-0.134194
-0.139269
-0.138045
-0.131109
-0.122041
-0.114409
-0.108706
-0.104152
-0.10191
-0.105415
-0.115614
-0.127935
-0.13751
-0.143545
-0.146813
-0.148005
-0.148393
-0.147866
-0.146647
-0.145714
-0.145507
-0.146585
-0.148506
-0.151248
-0.155124
-0.159267
-0.162954
-0.16678
-0.171793
-0.178767
-0.189357
-0.204314
-0.220458
-0.233578
-0.239713
-0.235678
-0.221232
-0.200787
-0.179439
-0.15825
-0.138667
-0.124532
-0.116383
-0.110748
-0.107028
-0.10825
-0.115982
-0.127887
-0.13902
-0.146224
-0.148673
-0.146061
-0.138794
-0.129471
-0.121217
-0.113547
-0.102597
-0.0875992
-0.0736793
-0.0619943
-0.0480805
-0.029744
-0.00807061
0.013541
0.0325781
0.0488781
0.0621161
0.0703512
0.0733311
0.0713651
0.0631158
0.0490852
0.0326254
0.0169559
0.00297227
-0.0100023
-0.0212442
-0.0298239
-0.0362202
-0.0424581
-0.0498319
-0.0578345
-0.0647415
-0.0702663
-0.0772355
-0.086404
-0.0949125
-0.102404
-0.111018
-0.120004
-0.126076
-0.126231
-0.120702
-0.111068
-0.0971642
-0.0790998
-0.0594129
-0.0436728
-0.0367042
-0.0361745
-0.035926
-0.033754
-0.0314027
-0.029667
-0.0276716
-0.026037
-0.0267241
-0.0298245
-0.0328375
-0.037546
-0.048495
-0.0659127
-0.08559
-0.104367
-0.122637
-0.140307
-0.156254
-0.167388
-0.170971
-0.16833
-0.163513
-0.158687
-0.153592
-0.148057
-0.142233
-0.137627
-0.136504
-0.140872
-0.147887
-0.151469
-0.151624
-0.151518
-0.151943
-0.153157
-0.153344
-0.151187
-0.148503
-0.147569
-0.148808
-0.148875
-0.14407
-0.134325
-0.122728
-0.112889
-0.107496
-0.106402
-0.108802
-0.114947
-0.124455
-0.134442
-0.141092
-0.143128
-0.142038
-0.139657
-0.136315
-0.130173
-0.120727
-0.111005
-0.10353
-0.096397
-0.0854655
-0.0684291
-0.0499579
-0.0359476
-0.0256486
-0.0170531
-0.0121562
-0.0145333
-0.0230746
-0.0323186
-0.039408
-0.0455841
-0.0506309
-0.053463
-0.0553326
-0.055644
-0.051267
-0.0414067
-0.0292847
-0.0194331
-0.0109596
-0.00155713
0.00902908
0.0184942
0.024491
0.026611
0.0259363
0.0232482
0.0152757
0.00159261
-0.0125498
-0.0211571
-0.0240589
-0.025813
-0.0302791
-0.0355561
-0.0377274
-0.0390128
-0.0442219
-0.0539717
-0.0650799
-0.0749533
-0.0819934
-0.0846444
-0.0827759
-0.0779419
-0.074371
-0.075372
-0.0780574
-0.0766244
-0.0700923
-0.0622976
-0.0538032
-0.0398507
-0.018486
0.00382198
0.0198935
0.0295454
0.0353962
0.0377014
0.0387062
0.044657
0.0569654
0.0700186
0.0814106
0.0950219
0.11316
0.13165
0.147
0.159611
0.16999
0.178044
0.184904
0.19148
0.198795
0.205247
0.207829
0.20589
0.201349
0.195787
0.187715
0.174078
0.155058
0.135602
0.120051
0.111023
0.10696
0.104657
0.101567
0.096634
0.0894507
0.0809877
0.0736091
0.0677023
0.0630748
0.0605146
0.0606108
0.0639433
0.0727345
0.0870431
0.103622
0.120106
0.138521
0.161519
0.185577
0.203735
0.211607
0.209658
0.202723
0.196377
0.192147
0.190101
0.190204
0.192899
0.197631
0.203424
0.210505
0.219067
0.22663
0.23117
0.235522
0.241724
0.248611
0.255029
0.261129
0.2669
0.269701
0.265618
0.254671
0.239215
0.219264
0.195039
0.169143
0.144535
0.122436
0.10532
0.0958912
0.0925073
0.0892035
0.0837979
0.0765691
0.0669799
0.0551081
0.0423587
0.0313856
0.0234846
0.0175443
0.0127527
0.011902
0.0173025
0.0292604
0.0481636
0.0733058
0.101674
0.128103
0.147552
0.158344
0.160677
0.153869
0.136473
0.110028
0.0808055
0.0533056
0.0285623
0.00691944
-0.0089721
-0.0156003
-0.00985438
0.00824808
0.0344641
0.0626172
0.0885994
0.112711
0.137367
0.162579
0.187646
0.213602
0.240843
0.269295
0.297422
0.322476
0.343817
0.363757
0.384962
0.406302
0.425735
0.441711
0.453821
0.461994
0.463206
0.451933
0.426393
0.391148
0.353052
0.315995
0.280264
0.243864
0.200894
0.147228
0.0834119
0.0143216
-0.0511876
-0.103498
-0.136109
-0.14898
-0.146165
-0.131706
-0.112006
-0.092114
-0.0744265
-0.0609928
-0.0548312
-0.0595219
-0.0765746
-0.103392
-0.132529
-0.156826
-0.174232
-0.1868
-0.194081
-0.194167
-0.188663
-0.181538
-0.176697
-0.176097
-0.178739
-0.184921
-0.194849
-0.204251
-0.207262
-0.200903
-0.18607
-0.163386
-0.132335
-0.0931521
-0.0476954
0.00224264
0.0574518
0.118173
0.180124
0.237443
0.289903
0.339924
0.384181
0.41762
0.438732
0.447545
0.444058
0.429789
0.406707
0.375391
0.332871
0.274703
0.202099
0.12237
0.042452
-0.0324882
-0.097639
-0.14805
-0.180919
-0.196914
-0.197092
-0.181856
-0.154061
-0.120932
-0.0883487
-0.0585353
-0.0339952
-0.0136729
0.00890648
0.0360003
0.0629184
0.0849846
0.10419
0.125761
0.151103
0.176862
0.199306
0.215451
0.220213
0.207078
0.17419
0.128434
0.0804303
0.0388294
0.0102752
-0.0032697
-0.00661129
-0.00177442
0.0141357
0.0421224
0.0771223
0.112314
0.143862
0.17297
0.204035
0.235879
0.262267
0.279323
0.287787
0.29121
0.289998
0.278284
0.25348
0.22088
0.188762
0.160691
0.134825
0.111241
0.0934611
0.0825745
0.074913
0.0647979
0.0522979
0.0442273
0.047208
0.0602374
0.0776245
0.0961444
0.11608
0.137559
0.160007
0.181498
0.196204
0.199704
0.192326
0.17673
0.154155
0.126625
0.0997588
0.0789559
0.0676861
0.0644099
0.0637394
0.0611305
0.059647
0.0640737
0.071924
0.0760572
0.0737756
0.0699464
0.0676318
0.062395
0.0502748
0.0358019
0.0261708
0.0213783
0.0141852
-0.00142808
-0.0227779
-0.0419664
-0.0507388
-0.0467158
-0.0329493
-0.0132197
0.00871878
0.0260747
0.030192
0.0195784
-0.000309925
-0.0216363
-0.037092
-0.0434077
-0.0424517
-0.0412661
-0.0438274
-0.0460453
-0.0429321
-0.0329487
-0.0151429
0.00935718
0.0343767
0.0537569
0.069233
0.0873728
0.109165
0.12678
0.130022
0.116414
0.0922137
0.0643713
0.037259
0.0106382
-0.0180466
-0.0494929
-0.0812472
-0.108609
-0.129272
-0.143778
-0.1541
-0.160061
-0.159398
-0.150045
-0.132418
-0.111075
-0.0903558
-0.0721559
-0.0572792
-0.0475921
-0.0430229
-0.0375283
-0.0271383
-0.0157416
-0.0106885
-0.0143813
-0.023632
-0.0367158
-0.056688
-0.0834535
-0.110467
-0.131708
-0.143644
-0.145699
-0.143333
-0.142132
-0.14254
-0.139464
-0.126719
-0.104044
-0.0768432
-0.0509491
-0.0284485
-0.0075449
0.0122469
0.0268508
0.0305556
0.0215874
0.00272213
-0.0212908
-0.0446749
-0.0640878
-0.0804445
-0.0947431
-0.102467
-0.096866
-0.0774017
-0.0539711
-0.0376245
-0.0281617
-0.0177652
-0.00548685
0.00282398
0.00481193
0.00429255
0.00445837
0.0043472
0.00164157
-0.00265938
-0.00457013
-0.00358321
-0.00318364
-0.00392083
-0.0039318
-0.00274896
-0.00188245
-0.00203173
-0.0016011
-0.000227772
-0.00122298
-0.00934131
-0.0261159
-0.0493854
-0.0762514
-0.105087
-0.134526
-0.161346
-0.183085
-0.203013
-0.222215
-0.235649
-0.240614
-0.238327
-0.233831
-0.232049
-0.232432
-0.230062
-0.222156
-0.210154
-0.195627
-0.181001
-0.167014
-0.151407
-0.131987
-0.111233
-0.0926719
-0.0746822
-0.0560039
-0.0361909
-0.0124014
0.0188089
0.0551438
0.089627
0.1172
0.136815
0.14764
0.148563
0.141032
0.127589
0.10923
0.0866029
0.0625791
0.0419668
0.0260962
0.0115906
-0.00371795
-0.018881
-0.0316783
-0.0392376
-0.0388268
-0.0306076
-0.0178735
-0.00284914
0.0130038
0.0263572
0.0338455
0.0342304
0.0298441
0.023751
0.0181735
0.0134497
0.00908194
0.00579788
0.00558273
0.00918036
0.0148653
0.0190889
0.0190445
0.0153665
0.0100026
0.00231743
-0.0129169
-0.0387272
-0.073461
-0.114844
-0.157917
-0.196388
-0.225584
-0.245338
-0.258135
-0.26412
-0.261873
-0.252873
-0.242102
-0.233758
-0.230626
-0.232472
-0.235264
-0.233243
-0.222099
-0.201074
-0.173606
-0.143987
-0.113307
-0.0829204
-0.0577771
-0.0423396
-0.0380214
-0.0426022
-0.0547879
-0.0729113
-0.0913749
-0.104711
-0.111112
-0.111886
-0.107266
-0.0958075
-0.0792928
-0.0619306
-0.0438413
-0.0249358
-0.00772591
0.00534756
0.013405
0.0159488
0.0131012
0.00656358
-0.00135617
-0.0112646
-0.0255345
-0.0438822
-0.0633274
-0.0822835
-0.101398
-0.120302
-0.138006
-0.152746
-0.16486
-0.177692
-0.191823
-0.204743
-0.213694
-0.218536
-0.221134
-0.223517
-0.228879
-0.239124
-0.252245
-0.264015
-0.270846
-0.269827
-0.260042
-0.242656
-0.220796
-0.198123
-0.178674
-0.162106
-0.143964
-0.12185
-0.0984818
-0.0808179
-0.0748642
-0.0784252
-0.0845069
-0.0909466
-0.100274
-0.115564
-0.135874
-0.157282
-0.177847
-0.195285
-0.206748
-0.213213
-0.217166
-0.217799
-0.211115
-0.196365
-0.17814
-0.161571
-0.148901
-0.137912
-0.124909
-0.107155
-0.0842348
-0.0591804
-0.0349804
-0.0115532
0.00856314
0.0194005
0.0170371
0.0029775
-0.0177351
-0.0403521
-0.0614611
-0.0792821
-0.0947047
-0.110758
-0.128131
-0.145206
-0.159915
-0.170594
-0.177612
-0.182985
-0.188289
-0.194053
-0.198811
-0.200687
-0.199837
-0.198565
-0.198812
-0.199118
-0.196944
-0.192046
-0.186456
-0.184488
-0.188429
-0.193599
-0.194957
-0.194884
-0.195713
-0.194008
-0.186587
-0.172781
-0.152555
-0.12773
-0.102486
-0.0779702
-0.0532143
-0.0295439
-0.0104706
0.0037902
0.0174161
0.0311523
0.0407485
0.0437411
0.0417151
0.0362852
0.0280143
0.0190325
0.0129774
0.00943056
0.00407439
-0.00246856
-0.00468558
-0.000819258
0.00633443
0.0131667
0.0183992
0.0220401
0.0225452
0.0201349
0.0176534
0.0178413
0.0208524
0.0243643
0.0276214
0.0332289
0.0420035
0.0504769
0.0545279
0.0538408
0.0482215
0.0357814
0.0172602
-0.00197496
-0.0178656
-0.0300709
-0.0372968
-0.0374006
-0.0286713
-0.0130547
0.00461124
0.0194642
0.0286994
0.0301553
0.0228538
0.00789814
-0.0114303
-0.033315
-0.0550089
-0.0725007
-0.08417
-0.0906227
-0.0921059
-0.0890417
-0.0841659
-0.0819598
-0.086171
-0.0955992
-0.105079
-0.109937
-0.109753
-0.105933
-0.0992106
-0.0894857
-0.0766846
-0.0621841
-0.0474837
-0.0349473
-0.027153
-0.0248322
-0.0265384
-0.0303171
-0.0360819
-0.0444417
-0.0530018
-0.059097
-0.0627156
-0.0631839
-0.0585713
-0.0490579
-0.0373852
-0.0276644
-0.0221753
-0.0193334
-0.0161605
-0.0126156
-0.00927112
-0.004694
0.00445175
0.0196277
0.0367052
0.0512166
0.0629905
0.0712063
0.071915
0.0608193
0.0386664
0.0117035
-0.0130411
-0.0322315
-0.0458228
-0.0519309
-0.0471144
-0.0310244
-0.00776685
0.0161696
0.0361658
0.0499851
0.056865
0.0564406
0.049191
0.0390124
0.0314769
0.0288996
0.0303754
0.0344285
0.0393814
0.0428479
0.0420206
0.0359469
0.0266144
0.016966
0.0103251
0.0095739
0.0159937
0.0298952
0.0489387
0.0678181
0.0827672
0.0935285
0.0993908
0.100255
0.0956368
0.0848185
0.0692119
0.0526554
0.0379482
0.0273188
0.0215994
0.019701
0.0209792
0.0232498
0.0251829
0.0282539
0.0349365
0.0447981
0.0551176
0.0644714
0.0747736
0.088112
0.103998
0.120963
0.13823
0.155842
0.172582
0.186514
0.196359
0.20186
0.203158
0.199981
0.192912
0.181535
0.165217
0.145115
0.124503
0.107508
0.0932719
0.0780662
0.063589
0.0546142
0.053723
0.0593728
0.0688638
0.0801704
0.0931401
0.108257
0.1257
0.14427
0.158855
0.164584
0.162918
0.158819
0.155281
0.152216
0.150395
0.151392
0.155163
0.157007
0.154028
0.149555
0.146447
0.144275
0.141839
0.137807
0.130938
0.119689
0.10368
0.0832815
0.0597206
0.0358604
0.0167503
0.00542101
0.000580453
-0.000748611
-0.00115895
-0.00064365
0.00301345
0.0096368
0.016077
0.0203706
0.0230858
0.025201
0.0253133
0.0227499
0.0188431
0.0142801
0.00840494
0.000579685
-0.00838125
-0.0180925
-0.0285596
-0.0384334
-0.046721
-0.0518391
-0.0508607
-0.0428334
-0.0298658
-0.0165451
-0.00565731
0.00215827
0.00621054
0.00651934
0.00281985
-0.0046287
-0.0141949
-0.0215199
-0.0246452
-0.0255012
-0.025827
-0.0256608
-0.0228748
-0.0166993
-0.00829563
0.00122244
0.0108727
0.0198853
0.0267889
0.0307198
0.0323002
0.032975
0.0335246
0.0337084
0.0322354
0.0286058
0.024348
0.0213982
0.0184752
0.0131072
0.00356779
-0.00916967
-0.0207152
-0.0281072
-0.0322397
-0.0337466
-0.0321196
-0.0282052
-0.0217706
-0.0114451
0.00126343
0.012823
0.0198009
0.0222117
0.023063
0.0236962
0.0233882
0.0221315
0.0213247
0.020626
0.0176651
0.0109829
0.0018857
-0.00713616
-0.0150667
-0.0217201
-0.0275089
-0.0326603
-0.0370456
-0.0415662
-0.0462235
-0.0503883
-0.0547587
-0.0610442
-0.0695714
-0.0796369
-0.0918376
-0.10539
-0.117873
-0.127696
-0.133603
-0.13342
-0.126451
-0.112582
-0.0925557
-0.068835
-0.0448727
-0.0243916
-0.0100354
-0.00344382
-0.0034803
-0.00701631
-0.0116813
-0.0153963
-0.0164033
-0.0152076
-0.0145163
-0.0145413
-0.0139733
-0.0133335
-0.0151237
-0.0206619
-0.0287239
-0.0387262
-0.050616
-0.0630778
-0.0723985
-0.0764425
-0.0755722
-0.0713376
-0.0644142
-0.0568476
-0.0521202
-0.0498893
-0.0471037
-0.0441084
-0.0432234
-0.0447714
-0.046528
-0.0461604
-0.0442354
-0.0428511
-0.0442923
-0.0486914
-0.0545269
-0.0614253
-0.0682908
-0.0741894
-0.0807894
-0.0897296
-0.0976639
-0.0994873
-0.0951062
-0.0880327
-0.0817778
-0.0772831
-0.0742355
-0.0719803
-0.0709575
-0.0714711
-0.0710453
-0.0672062
-0.0621734
-0.0575084
-0.051365
-0.042859
-0.0332654
-0.0233306
-0.0139107
-0.00509864
0.00365837
0.0131547
0.0236202
0.0335269
0.0421924
0.0513754
0.0618977
0.0711817
0.0763859
0.0775389
0.075737
0.0712007
0.0644408
0.0576316
0.0525905
0.0492121
0.0463453
0.0448975
0.0460569
0.0464922
0.0435416
0.0390346
0.03443
0.0286595
0.0220591
0.0169746
0.0154444
0.016596
0.019125
0.0226805
0.0268393
0.0288833
0.0265337
0.0215596
0.0161156
0.0106061
0.00413106
-0.0032144
-0.0109313
-0.0179197
-0.0224484
-0.0250991
-0.0278034
-0.0311462
-0.0349363
-0.0388898
-0.0420829
-0.0449774
-0.048192
-0.0501471
-0.0496154
-0.0475647
-0.0436952
-0.0366746
-0.028002
-0.0182283
-0.00562174
0.0100326
0.025464
0.0375325
0.0476033
0.0582226
0.0691013
0.0777596
0.0830787
0.0871978
0.0928648
0.100459
0.106533
0.108361
0.106168
0.101142
0.0941215
0.083271
0.0671123
0.0488351
0.0349214
0.0295797
0.031874
0.0378836
0.0450147
0.0536552
0.0647522
0.0767583
0.0863317
0.0905623
0.0883591
0.0805967
0.0704534
0.0629548
0.0607313
0.0616215
0.0604826
0.0532027
0.0400452
0.0259798
0.0144731
0.00665939
0.000657814
-0.00735605
-0.0162298
-0.0183991
-0.00734945
0.0165053
0.0465828
0.0756004
0.0985117
0.114951
0.128317
0.140687
0.151168
0.156371
0.155339
0.151087
0.148371
0.150311
0.154375
0.155469
0.151551
0.143843
0.133606
0.122649
0.111539
0.099116
0.0856413
0.0722803
0.0598937
0.049417
0.0421404
0.0368414
0.031868
0.0265244
0.0214324
0.0186725
0.0198105
0.0243164
0.031459
0.0405676
0.0524587
0.0661851
0.0809853
0.0966061
0.110377
0.119802
0.123952
0.123913
0.122354
0.121422
0.121135
0.120231
0.117526
0.112957
0.107227
0.101019
0.0952671
0.0931893
0.096542
0.104343
0.113443
0.120572
0.124284
0.123555
0.118903
0.115184
0.116867
0.122302
0.127814
0.131806
0.13473
0.136484
0.137236
0.135185
0.126386
0.110571
0.0897782
0.0651039
0.0388571
0.0162413
0.00162921
-0.00495464
-0.00450045
0.00243598
0.0124388
0.0202072
0.0235966
0.021504
0.0126441
-0.00184321
-0.0175149
-0.0293568
-0.0352798
-0.0351385
-0.0291089
-0.0181572
-0.00418359
0.0103876
0.0229429
0.0330001
0.0405027
0.0438378
0.0420818
0.0385901
0.0375714
0.039792
0.043482
0.0472516
0.0524903
0.0603907
0.0687093
0.0747079
0.0782814
0.080063
0.07875
0.0739012
0.0677656
0.0626356
0.0598461
0.0600867
0.0619195
0.0614538
0.0570063
0.0518157
0.048071
0.0447911
0.0394242
0.0307469
0.0192615
0.00513646
-0.01114
-0.0273447
-0.0408933
-0.0496108
-0.0516135
-0.0477151
-0.0413529
-0.0347531
-0.0277765
-0.0188019
-0.00813909
0.00363385
0.0155389
0.0282581
0.0417269
0.0535953
0.0638783
0.0739292
0.0840046
0.0928416
0.0999554
0.10533
0.108219
0.107718
0.103837
0.0976764
0.0898989
0.080258
0.0705561
0.0612454
0.0518134
0.042855
0.0347192
0.0277921
0.0222
0.0182081
0.0171701
0.0183231
0.0195547
0.021043
0.0220482
0.0199473
0.013681
0.00438545
-0.00749936
-0.021939
-0.0384073
-0.0550171
-0.0696818
-0.0807034
-0.0892461
-0.0980089
-0.106897
-0.113564
-0.117282
-0.116739
-0.109726
-0.0962113
-0.0793406
-0.0622734
-0.0469573
-0.0331318
-0.0189671
-0.00349865
0.0138463
0.0325589
0.0514779
0.0701585
0.0876527
0.102647
0.115845
0.128806
0.141155
0.152037
0.160488
0.16552
0.16637
0.161682
0.151172
0.135274
0.114989
0.0926356
0.07153
0.0539148
0.0407478
0.0298549
0.0191533
0.00832162
-0.00215463
-0.0111442
-0.017487
-0.0213462
-0.0225488
-0.0197532
-0.0130182
-0.00346825
0.00826541
0.0208538
0.032596
0.043077
0.0531989
0.0624797
0.0685734
0.0696968
0.0673045
0.0669954
0.0716088
0.0784651
0.0839768
0.0871966
0.0881619
0.0873773
0.0861677
0.0854724
0.0864528
0.0908092
0.0975937
0.104934
0.113034
0.122966
0.134866
0.145755
0.152767
0.156461
0.159222
0.161955
0.16505
0.16847
0.170876
0.17051
0.166422
0.159693
0.153576
0.150067
0.148016
0.145126
0.141128
0.137466
0.134845
0.133147
0.132999
0.135051
0.138921
0.144164
0.14884
0.151368
0.153165
0.154984
0.154974
0.151005
0.142133
0.129589
0.115645
0.101329
0.0871752
0.0753428
0.0664871
0.0594636
0.0522804
0.0447589
0.0388174
0.0353578
0.0334339
0.0322588
0.0313372
0.0314009
0.0340887
0.0390139
0.0469237
0.0575366
0.0674131
0.0723461
0.0716985
0.0670973
0.0603323
0.0534124
0.0478262
0.0443723
0.0428682
0.0429782
0.043763
0.0440573
0.0440912
0.0445227
0.0451497
0.0451707
0.0436009
0.0396731
0.0339436
0.0297661
0.030247
0.0334028
0.0370974
0.0428236
0.0492412
0.053044
0.0531307
0.0494811
0.0439183
0.0386942
0.0347937
0.0321994
0.0312216
0.0324912
0.036533
0.0420467
0.0459195
0.0479459
0.0516599
0.0589151
0.0683431
0.0778492
0.0868862
0.0952658
0.101369
0.105475
0.110002
0.113714
0.113224
0.10859
0.101465
0.0940796
0.0885203
0.0840437
0.0790171
0.0730339
0.0668403
0.0612888
0.0578652
0.0563527
0.0535414
0.0465265
0.0358529
0.0250508
0.0159667
0.00900962
0.00523393
0.00294122
0.00102793
0.00102637
0.00406598
0.0101913
0.0199308
0.0322412
0.0430289
0.0503773
0.056482
0.0625135
0.0656905
0.0649531
0.0623376
0.0595765
0.0584657
0.0585751
0.0574612
0.0546975
0.0519541
0.0493637
0.0450508
0.0388793
0.0319144
0.0250004
0.0198824
0.0173934
0.0175018
0.0205092
0.0266085
0.0352271
0.0454376
0.0569973
0.068328
0.0757138
0.0778141
0.0757068
0.0705304
0.0623567
0.0515289
0.039232
0.0266593
0.0148184
0.00529731
-0.00113138
-0.00439672
-0.00561851
-0.00679766
-0.00870525
-0.0111087
-0.0138995
-0.0179554
-0.0221364
-0.0250609
-0.0258142
-0.0234013
-0.0177469
-0.0105102
-0.00328929
0.00137884
0.000754075
-0.00558672
-0.0159597
-0.0264605
-0.0353936
-0.0423196
-0.0459606
-0.0454264
-0.0412296
-0.0346989
-0.0268124
-0.0180294
-0.0092335
-0.00187307
0.00302561
0.00774437
0.0151887
0.0233711
0.0289522
0.0290884
0.0234313
0.0137767
0.00210167
-0.0119314
-0.028199
-0.0440613
-0.0562487
-0.0635087
-0.0665493
-0.0663129
-0.0644794
-0.0630776
-0.0620866
-0.0626393
-0.0654353
-0.0691662
-0.07141
-0.070869
-0.0681597
-0.064686
-0.0608307
-0.0572018
-0.0541166
-0.0518148
-0.050446
-0.0504255
-0.0516851
-0.0542616
-0.05919
-0.0661809
-0.074171
-0.0820238
-0.0883493
-0.0932803
-0.0964294
-0.0963096
-0.0916145
-0.0825644
-0.0707988
-0.0582298
-0.04603
-0.0356939
-0.028473
-0.0219365
-0.0145963
-0.00870589
-0.00591643
-0.00497526
-0.0043193
-0.00474885
-0.00753557
-0.0110475
-0.0145462
-0.0188704
-0.0250024
-0.0299743
-0.0327103
-0.0354711
-0.0393256
-0.0435189
-0.0471276
-0.0497991
-0.0524697
-0.0555663
-0.057921
-0.0593782
-0.060614
-0.0613807
-0.0625305
-0.0649461
-0.0686793
-0.0733484
-0.0766794
-0.0771876
-0.0768503
-0.0770217
-0.0774657
-0.0785981
-0.0809477
-0.084359
-0.0883335
-0.0922958
-0.0950714
-0.0962
-0.0963214
-0.0954749
-0.0932886
-0.0895961
-0.0849479
-0.0799962
-0.0758735
-0.0741628
-0.0763793
-0.0819894
-0.0886857
-0.0931019
-0.0947779
-0.0965234
-0.0998149
-0.103876
-0.10686
-0.109886
-0.113884
-0.11801
-0.12078
-0.123097
-0.125569
-0.126609
-0.124868
-0.120055
-0.113642
-0.108167
-0.103448
-0.0974667
-0.0909235
-0.0856717
-0.0813132
-0.0785081
-0.0783042
-0.0799239
-0.0804901
-0.0786114
-0.076312
-0.0745045
-0.0728242
-0.0711194
-0.0683345
-0.0652658
-0.0638008
-0.0633043
-0.0623144
-0.0611524
-0.0604387
-0.0602263
-0.0602131
-0.0602772
-0.0591925
-0.0563798
-0.0516903
-0.044588
-0.0347817
-0.0243931
-0.0151308
-0.0070305
-0.000306102
0.00429987
0.00631037
0.00666675
0.00755564
0.0114218
0.0194438
0.0312767
0.0451159
0.0587443
0.0707245
0.0805072
0.0869975
0.0877694
0.0818466
0.0718039
0.0613989
0.0537219
0.0506518
0.0532598
0.0606968
0.0701444
0.0777972
0.0810278
0.0797029
0.0747948
0.067576
0.059181
0.0512517
0.046764
0.0465701
0.0500615
0.0550715
0.0586741
0.0586659
0.0556795
0.0506033
0.0442754
0.0375004
0.0295744
0.0207846
0.0134658
0.0103756
0.0113972
0.0139137
0.0166502
0.0196393
0.0211823
0.0211331
0.0200753
0.0172945
0.0125363
0.00759307
0.00211828
-0.00511394
-0.0123269
-0.0182142
-0.0223558
-0.0248299
-0.0253205
-0.023659
-0.0203816
-0.0173297
-0.0162593
-0.0175783
-0.0211157
-0.0270171
-0.033845
-0.0390539
-0.0415297
-0.041758
-0.0403115
-0.0360228
-0.0286678
-0.0202357
-0.0140487
-0.012391
-0.0148582
-0.020603
-0.0290402
-0.0387311
-0.0473244
-0.051959
-0.0512319
-0.0443834
-0.0321201
-0.0167289
-0.000616134
0.0145127
0.0259075
0.0319275
0.0329964
0.0309802
0.026333
0.0195282
0.0141433
0.011982
0.0124061
0.0129741
0.0126343
0.0112849
0.00895659
0.00526377
0.00164969
-0.000585988
-0.00255102
-0.00435598
-0.00553701
-0.00626703
-0.00568234
-0.00355074
-0.000416912
0.00310943
0.00655394
0.00847174
0.00776828
0.00568852
0.00321543
0.000623319
-0.000643306
-0.000385452
0.00111788
0.00353266
0.00643613
0.00840209
0.00935389
0.00986811
0.00949733
0.00812318
0.0072365
0.00530262
0.00103086
-0.00456131
-0.0115583
-0.0197576
-0.0270384
-0.0316308
-0.0355285
-0.04048
-0.0447162
-0.0451778
-0.0416766
-0.0360087
-0.0295786
-0.0233395
-0.018123
-0.0139013
-0.00930211
-0.00631921
4.06636e-05
0.00638535
0.0122401
0.0179828
0.0234737
0.0297015
0.0353784
0.0384139
0.0381237
0.0363096
0.0339525
0.0305928
0.0265905
0.0241399
0.0249497
0.0285222
0.0333549
0.037929
0.0408929
0.0420412
0.0417341
0.0392235
0.0363341
0.0362985
0.0398591
0.0448442
0.0480184
0.0491764
0.0490723
0.0462437
0.0396413
0.0296047
0.0180308
0.00682069
-0.00402093
-0.0156049
-0.0280679
-0.0400858
-0.0489306
-0.0554003
-0.0618787
-0.0678126
-0.0709459
-0.0718956
-0.0719124
-0.071558
-0.0715526
-0.0709571
-0.0690578
-0.0682227
-0.070432
-0.0734913
-0.0743557
-0.0733679
-0.0722824
-0.0720216
-0.0719184
-0.0708422
-0.0694661
-0.0677557
-0.0653979
-0.064215
-0.063952
-0.0641598
-0.0650901
-0.0668452
-0.068406
-0.0683342
-0.0670946
-0.0655256
-0.063475
-0.0617713
-0.0591593
-0.055423
-0.051214
-0.0474355
-0.0444272
-0.0420929
-0.0401679
-0.0382526
-0.0377984
-0.0402139
-0.0443358
-0.0481514
-0.0516411
-0.0554591
-0.0601811
-0.0652806
-0.0693619
-0.0720044
-0.0738383
-0.0754399
-0.0774149
-0.0798347
-0.082758
-0.0860793
-0.089211
-0.0914522
-0.0930232
-0.0954267
-0.0996786
-0.105899
-0.110991
-0.113198
-0.11333
-0.113491
-0.114187
-0.114066
-0.112648
-0.110018
-0.10682
-0.10284
-0.0987893
-0.0944181
-0.0900894
-0.0860453
-0.0823582
-0.0800445
-0.0788562
-0.0772478
-0.0749744
-0.0727366
-0.0701267
-0.0667147
-0.0643558
-0.0644
-0.0660429
-0.068777
-0.0726515
-0.0767981
-0.0805099
-0.0837089
-0.0861449
-0.087247
-0.0874951
-0.0866073
-0.0830587
-0.0761712
-0.0669259
-0.0571129
-0.0481043
-0.0407153
-0.0342452
-0.0263583
-0.0172473
-0.00794155
-0.000331867
0.00418767
0.00650152
0.00821193
0.011036
0.0150803
0.018545
0.0211644
0.023773
0.0269288
0.0308887
0.0350848
0.0380637
0.0406306
0.0441022
0.0460522
0.04597
0.046979
0.0496552
0.0522905
0.0548332
0.0580277
0.0613439
0.0632226
0.0625917
0.0582779
0.049654
0.0380592
0.0243226
0.00941855
-0.00439703
-0.0156147
-0.0244602
-0.0317325
-0.0361077
-0.038016
-0.0378589
-0.0347383
-0.0299791
-0.0254055
-0.0216293
-0.0198691
-0.0200201
-0.0189933
-0.0153136
-0.0102786
-0.00677622
-0.00563627
-0.00537294
-0.00360107
0.000798335
0.00622778
0.00910919
0.00842324
0.00683291
0.00464907
-0.00144435
-0.011987
-0.0243887
-0.0349658
-0.0426236
-0.0494495
-0.056568
-0.0623949
-0.0649721
-0.064755
-0.0637825
-0.0625465
-0.0611551
-0.0592265
-0.0571457
-0.0561039
-0.0568987
-0.0581865
-0.057842
-0.0568072
-0.0558133
-0.0533708
-0.049249
-0.0446783
-0.0402612
-0.0361432
-0.0328247
-0.0307283
-0.02991
-0.030255
-0.0319626
-0.0341562
-0.0345755
-0.0332055
-0.0308546
-0.0282285
-0.026088
-0.0230693
-0.0190707
-0.0167537
-0.0164051
-0.0171926
-0.0192805
-0.0219208
-0.022806
-0.0225348
-0.022399
-0.0222148
-0.020931
-0.0190823
-0.0179501
-0.0178317
-0.0189476
-0.0215848
-0.0262686
-0.0331387
-0.0412092
-0.0486092
-0.0544338
-0.0576862
-0.0574647
-0.055561
-0.054493
-0.0545571
-0.0554542
-0.0566784
-0.0587387
-0.0618278
-0.066573
-0.0719843
-0.0767409
-0.0810839
-0.0865051
-0.0934558
-0.100904
-0.107591
-0.112073
-0.11396
-0.114291
-0.115413
-0.11723
-0.11754
-0.115575
-0.111707
-0.106518
-0.101234
-0.0968249
-0.0931093
-0.0897458
-0.0872006
-0.0855693
-0.0852079
-0.0869044
-0.0888282
-0.0888576
-0.0868355
-0.0827869
-0.0775207
-0.0716934
-0.0655071
-0.0579446
-0.048272
-0.0388401
-0.0314015
-0.0250593
-0.0185677
-0.0121229
-0.00666765
-0.00254631
0.00103517
0.0046307
0.00769058
0.0090824
0.00891257
0.00847818
0.00780649
0.00631495
0.00575174
0.00678634
0.00790844
0.0084139
0.00857513
0.00798865
0.00650327
0.00440023
0.000711128
-0.00488656
-0.0106208
-0.0148931
-0.016948
-0.016615
-0.0153688
-0.0145694
-0.0148837
-0.0158527
-0.0170212
-0.0194142
-0.0231207
-0.0264391
-0.0282948
-0.028472
-0.0268849
-0.0240693
-0.0199711
-0.0146259
-0.00808118
-0.000280591
0.00817315
0.0154044
0.0215293
0.0268922
0.0309298
0.0333891
0.0344365
0.0348475
0.0354457
0.0362454
0.0374254
0.0387956
0.0399109
0.0411423
0.0424005
0.0414934
0.0370761
0.0309998
0.0254745
0.0214281
0.019215
0.0187502
0.0196022
0.0215252
0.0241085
0.0281815
0.0334691
0.0376686
0.0398756
0.0395847
0.0374141
0.0357697
0.0347789
0.03385
0.0329676
0.0321408
0.0321117
0.033228
0.0342364
0.0345909
0.035316
0.0367843
0.0380651
0.0379998
0.037215
0.0365628
0.0359519
0.0353203
0.0343868
0.0334054
0.0326717
0.0319778
0.0309279
0.0295657
0.0276919
0.0249067
0.0218651
0.0184208
0.0141516
0.0100465
0.00603848
0.0013673
-0.00298826
-0.00477915
-0.0036954
-0.000972449
0.00276168
0.0072969
0.0109875
0.0130089
0.0136647
0.0137067
0.0140767
0.0159405
0.0193507
0.0232428
0.0271612
0.0317145
0.0377557
0.0440833
0.0481593
0.0499053
0.0520334
0.0562992
0.0609397
0.0629317
0.0625467
0.0625293
0.0644179
0.0667727
0.0685086
0.0694528
0.0685952
0.0659222
0.0628543
0.059936
0.0581378
0.057731
0.0577382
0.0569321
0.0553643
0.0541045
0.0535469
0.0526122
0.0507044
0.0482891
0.0462692
0.0447574
0.0432988
0.0416343
0.0392968
0.0364402
0.0336208
0.0312314
0.0294853
0.0288459
0.029945
0.0323368
0.035431
0.0391267
0.0427814
0.0449624
0.0450403
0.0435611
0.0412374
0.0391205
0.0377935
0.0377734
0.0392668
0.04131
0.0433717
0.0450615
0.0460669
0.0466925
0.0474701
0.0482808
0.0480807
0.0473905
0.0478369
0.0497129
0.0521621
0.0541191
0.0552774
0.055792
0.0558312
0.055477
0.054257
0.0529896
0.052284
0.0517379
0.0508792
0.0491844
0.0464808
0.043167
0.0397155
0.0362218
0.0328254
0.0302692
0.0290332
0.0291307
0.0302404
0.0322167
0.0348233
0.0371963
0.0385458
0.0391833
0.0402386
0.04193
0.0434979
0.0444938
0.0452747
0.0459084
0.045828
0.0444895
0.0417104
0.0378765
0.0334719
0.0294206
0.0258656
0.0219084
0.0175769
0.0132976
0.00928999
0.00552756
0.00201704
-0.00109383
-0.00387574
-0.00636908
-0.00788664
-0.00772731
-0.00661263
-0.00507702
-0.00356153
-0.00216956
-0.000383218
0.00173278
0.00330449
0.00372964
0.00350492
0.00322251
0.00332787
0.00427834
0.00572906
0.00672368
0.00670772
0.00609617
0.00559632
0.00516813
0.00441973
0.00297179
0.00146051
0.00030137
-0.00150846
-0.00388299
-0.00603123
-0.00790174
-0.00980034
-0.0117654
-0.0135168
-0.0147142
-0.0149596
-0.0140589
-0.0120797
-0.00952628
-0.00711564
-0.00557787
-0.00502338
-0.00550976
-0.00734795
-0.00995562
-0.0119786
-0.0125963
-0.0122062
-0.0110693
-0.00904852
-0.00656379
-0.00443005
-0.00271582
-0.00122306
-0.000441667
-0.000614942
-0.00139991
-0.00223523
-0.00250378
-0.00207038
-0.001192
-9.18922e-05
0.000991006
0.00159363
0.00110286
-0.00043454
-0.00252392
-0.00504473
-0.00751256
-0.00927649
-0.0102996
-0.0107117
-0.0107284
-0.0104672
-0.0101655
-0.010382
-0.0113404
-0.012466
-0.013669
-0.0151065
-0.0163839
-0.0171988
-0.0171407
-0.0161438
-0.0145402
-0.012476
-0.0100503
-0.0077284
-0.00614131
-0.00537171
-0.00535474
-0.00596817
-0.00694254
-0.00787201
-0.00832895
-0.00840827
-0.00819329
-0.00766883
-0.00689381
-0.00605326
-0.00543341
-0.00488273
-0.00438127
-0.0042269
-0.00443948
-0.00486507
-0.00533174
-0.00585114
-0.00635169
-0.00654717
-0.00658952
-0.00653049
-0.00620524
-0.00582711
-0.0057405
-0.00597273
-0.00627671
-0.00645996
-0.00659666
-0.00661953
-0.00642492
-0.0061393
-0.00566351
-0.00488199
-0.00394232
-0.00307276
-0.00229145
-0.00157554
-0.000964757
-0.000421918
-9.24529e-05
0.000111646
0.000484816
0.00112896
0.00194415
0.00292485
0.00401327
0.0051244
0.00616813
0.00722242
0.00833796
0.00924386
0.00963282
0.0094225
0.00841812
0.00662098
0.00413586
0.0011539
-0.00195972
-0.00474408
-0.0069801
-0.00863809
-0.00959515
-0.0100563
-0.0104148
-0.010908
-0.0114926
-0.0120785
-0.0125954
-0.0129705
-0.0133442
-0.0136804
-0.0137965
-0.0136559
-0.0132106
-0.0124782
-0.0116729
-0.010966
-0.010353
-0.00976599
-0.00928966
-0.00890837
-0.00843326
-0.00784123
-0.00725761
-0.00672367
-0.00601357
-0.0050976
-0.00423406
-0.00352948
-0.00290813
-0.00239367
-0.00209203
-0.00195501
-0.00190713
-0.00198989
-0.00228454
-0.00272771
-0.00324506
-0.00370475
-0.00402493
-0.00418421
-0.00409931
-0.0038034
-0.00349362
-0.00323275
-0.00302407
-0.00287292
-0.00286526
-0.00298287
-0.00305221
-0.00303591
-0.00290615
-0.00262252
-0.00224484
-0.00175449
-0.00122555
-0.000850896
-0.000575917
-0.000292488
-2.32254e-05
0.000152612
0.000203489
0.000173527
0.000180644
0.00028727
0.000392336
0.000351301
0.000187633
7.11396e-07
-0.000220666
-0.000490768
-0.000767763
-0.00100207
-0.00121953
-0.00140222
-0.00148124
-0.00142956
-0.00123861
-0.000949927
-0.000741061
-0.000713395
-0.000809215
-0.000947009
-0.0011094
-0.00125308
-0.00128165
-0.00119477
-0.00104462
-0.000849682
-0.000635319
-0.000466889
-0.000412916
-0.000485819
-0.000657925
-0.000862481
-0.00103225
-0.00121031
-0.00142443
-0.00158457
-0.0016343
-0.00160498
-0.00153748
-0.00148275
-0.00147853
-0.00150248
-0.00150584
-0.00147521
-0.00143898
-0.00141389
-0.00141158
-0.00141199
-0.00140796
-0.00140505
-0.00140237
-0.00139325
-0.00138367
-0.00140198
-0.00144005
-0.0014735
-0.00150767
-0.00154307
-0.00154704
-0.00149582
-0.00140999
-0.00132692
-0.0012567
-0.00117592
-0.00107802
-0.000980308
-0.000899506
-0.000826611
-0.000750667
-0.000661472
-0.000564579
-0.000467154
-0.000374102
-0.000298144
-0.000217475
-0.00011189
1.26357e-05
0.000140408
0.000263555
0.000399683
0.000564196
0.00072845
0.000851331
0.000923205
0.000964374
0.000986382
0.000990328
0.000986133
0.000986674
0.000998366
0.00101779
0.00104451
0.0010949
0.00116835
0.00125148
0.00134232
0.00142537
0.00149488
0.00156182
0.00162743
0.0016883
0.00174992
0.00182374
0.00191582
0.00201566
0.00210312
0.00216737
0.00221296
0.0022353
0.0022332
0.00222214
0.00221257
0.00220214
0.0021886
0.00217339
0.0021636
0.00216472
0.00217341
0.00218862
0.00220925
0.00222694
0.00223547
0.00223282
0.00222094
0.00220828
0.00220098
0.00219892
0.00219853
0.0021993
0.00220312
0.00221206
0.0022257
0.00224355
0.00226298
0.00227887
0.00228968
0.00229704
0.0023046
0.00231415
0.00232711
0.0023445
0.00236713
0.00239516
0.00242528
0.00245613
0.00248697
0.00251606
0.00254343
0.00257008
0.00259786
0.00262632
0.00265339
0.0026792
0.0027048
0.00273039
0.00275664
0.00278227
0.00280627
0.00282935
0.00285185
0.00287345
0.0028958
0.0029202
0.00294532
0.00296954
0.00299272
0.0030153
0.0030377
0.00306002
0.003082
0.00310354
0.00312446
0.00314413
0.00316196
0.00317859
0.00319487
0.00321088
0.00322654
0.00324193
0.0032573
0.00327286
0.00328855
0.00330431
0.00332016
0.00333603
0.00335183
0.0033675
0.00338292
0.00339813
0.00341321
0.00342817
0.00344297
0.00345754
0.00347194
0.0034863
0.0035006
0.00351468
0.00352843
0.00354188
0.00355516
0.00356826
0.00358113
0.00359377
0.00360618
0.0036184
0.00363046
0.00364236
0.00365408
0.0036656
0.00367694
0.00368809
0.00369907
0.00370985
0.00372043
0.0037308
0.00374096
0.00375092
0.00376068
0.00377022
0.00377957
0.00378871
0.00379765
0.00380639
0.00381494
0.00382328
0.00383142
0.00383936
0.00384709
0.00385463
0.00386196
0.00386909
