0.0278968
0.0277417
0.0275858
0.0274291
0.0272708
0.0271101
0.0269472
0.0267816
0.0266122
0.0264392
0.0262646
0.0260896
0.025914
0.0257377
0.0255611
0.0253839
0.0252025
0.0250088
0.0247943
0.02456
0.0243194
0.0240883
0.0238771
0.0236887
0.0235293
0.0234069
0.0233134
0.0232185
0.0230878
0.0229043
0.0226737
0.0224195
0.0221725
0.0219529
0.021758
0.0215708
0.021361
0.0210843
0.0207042
0.0202322
0.0197346
0.0193055
0.0190253
0.0189198
0.0189469
0.0190152
0.0190284
0.0189309
0.018733
0.0184797
0.0182033
0.0179242
0.0176897
0.0175886
0.0176941
0.0179603
0.0181854
0.0180833
0.0174447
0.0162768
0.0148229
0.013518
0.0128014
0.0127919
0.013214
0.0136053
0.0135273
0.0127189
0.011234
0.00949641
0.00805438
0.00718188
0.00682624
0.00688063
0.00733084
0.0081764
0.00932898
0.0106498
0.0119876
0.013046
0.0133938
0.0127722
0.0111999
0.00894479
0.00649763
0.00436369
0.00271675
0.00149164
0.000740976
0.000596686
0.00113991
0.00238687
0.00416126
0.00608894
0.00792537
0.00985676
0.012319
0.015251
0.0175582
0.0177938
0.0152384
0.0101918
0.00381702
-0.00201929
-0.00566659
-0.00667103
-0.00541052
-0.00236166
0.00201116
0.00697754
0.0115376
0.0147181
0.0158559
0.0149172
0.0123673
0.00868
0.00443374
0.000652387
-0.00134005
-0.000611926
0.00290252
0.00844312
0.0142564
0.017981
0.0179713
0.0141664
0.00727403
-0.00213387
-0.0132454
-0.0241566
-0.0323033
-0.0360771
-0.03581
-0.0333508
-0.0303275
-0.0271077
-0.0231276
-0.0179707
-0.012106
-0.00606129
0.00081423
0.00960935
0.0200524
0.0302284
0.037649
0.0399282
0.0350454
0.0222381
0.00272802
-0.0196424
-0.0384139
-0.0480066
-0.0474929
-0.0399737
-0.0302064
-0.0222853
-0.0169462
-0.0108859
0.000205183
0.0168227
0.0338349
0.0437269
0.0419723
0.0295278
0.00976036
-0.0150384
-0.0430068
-0.0702369
-0.0902619
-0.096697
-0.0864097
-0.0613365
-0.0273037
0.00869793
0.040488
0.062747
0.0707585
0.0615143
0.03479
-0.00566242
-0.0521893
-0.0945443
-0.12225
-0.128857
-0.114871
-0.0880445
-0.0594207
-0.0377648
-0.0266836
-0.0250716
-0.0296936
-0.03691
-0.0428315
-0.0438602
-0.0384402
-0.0280449
-0.0156864
-0.00346664
0.009339
0.0259251
0.0484585
0.0745974
0.0970399
0.106502
0.0954678
0.0621325
0.0128698
-0.0390504
-0.0796484
-0.101501
-0.106877
-0.104761
-0.104294
-0.110625
-0.124399
-0.142463
-0.159705
-0.170269
-0.167723
-0.147845
-0.111987
-0.065554
-0.0122261
0.0474243
0.111646
0.171911
0.21272
0.218793
0.18321
0.112899
0.026624
-0.0555598
-0.121031
-0.164515
-0.185031
-0.184851
-0.168306
-0.142208
-0.115374
-0.0958148
-0.0885709
-0.0965559
-0.121054
-0.156721
-0.190536
-0.21033
-0.211937
-0.198728
-0.176845
-0.152067
-0.128735
-0.110664
-0.102484
-0.108602
-0.130282
-0.162028
-0.191346
-0.204557
-0.194414
-0.162793
-0.118187
-0.0724333
-0.0372691
-0.0207701
-0.0241903
-0.0407815
-0.060692
-0.0774281
-0.0895348
-0.0976284
-0.100026
-0.0939153
-0.0816822
-0.0703464
-0.0635292
-0.0595575
-0.0573815
-0.0602063
-0.0736124
-0.0999266
-0.133911
-0.164526
-0.180585
-0.17549
-0.149155
-0.108408
-0.0639761
-0.02551
0.00206941
0.0183729
0.0253012
0.0240184
0.01089
-0.0229516
-0.0837499
-0.163166
-0.237356
-0.280104
-0.280116
-0.25008
-0.218938
-0.213606
-0.241293
-0.283675
-0.310517
-0.300542
-0.251459
-0.177834
-0.100607
-0.0373898
0.00064767
0.00809071
-0.0157995
-0.0653692
-0.127218
-0.182793
-0.215189
-0.215688
-0.185881
-0.133619
-0.0663623
0.0073399
0.0738298
0.120067
0.141559
0.143203
0.131972
0.109211
0.071768
0.0184035
-0.050579
-0.135128
-0.233199
-0.337885
-0.435948
-0.509257
-0.541571
-0.531625
-0.499711
-0.475684
-0.468122
-0.445234
-0.36295
-0.215716
-0.0426105
0.112279
0.230507
0.315748
0.370626
0.38526
0.346893
0.257607
0.139536
0.0249705
-0.0619756
-0.117531
-0.153619
-0.187991
-0.237475
-0.310165
-0.3974
-0.473207
-0.505386
-0.471834
-0.371676
-0.231017
-0.094599
0.000605341
0.0459358
0.0543519
0.0399077
0.0107182
-0.0244669
-0.0528934
-0.0676422
-0.0759131
-0.0917173
-0.122313
-0.161889
-0.193527
-0.195188
-0.150915
-0.0671046
0.021374
0.0716318
0.0636015
0.0113737
-0.0470754
-0.0735497
-0.052901
-0.00305809
0.0315839
0.00518045
-0.099515
-0.261369
-0.433778
-0.566771
-0.624236
-0.593248
-0.49039
-0.357918
-0.244896
-0.187668
-0.205099
-0.301018
-0.459265
-0.640042
-0.791078
-0.87705
-0.893159
-0.840262
-0.70755
-0.492568
-0.230882
0.0153869
0.199902
0.317817
0.39641
0.468584
0.551708
0.632376
0.664668
0.601084
0.444731
0.26553
0.147261
0.123901
0.171962
0.247466
0.315521
0.356361
0.356403
0.298026
0.16536
-0.0402679
-0.290976
-0.533327
-0.698839
-0.736759
-0.645872
-0.474181
-0.293259
-0.159625
-0.0958634
-0.0974073
-0.139134
-0.181623
-0.189077
-0.153079
-0.0976933
-0.057063
-0.0525812
-0.0903428
-0.169122
-0.284624
-0.425241
-0.57311
-0.712908
-0.83371
-0.921719
-0.963143
-0.959063
-0.928991
-0.897903
-0.87639
-0.85059
-0.79222
-0.683117
-0.536408
-0.390999
-0.277484
-0.193336
-0.114671
-0.0260156
0.0618919
0.120635
0.130364
0.0990753
0.0546509
0.0214382
0.00443918
-0.00814819
-0.0278418
-0.0513312
-0.0619215
-0.044878
-0.000761276
0.0552003
0.106248
0.146034
0.182084
0.230776
0.305177
0.402406
0.504095
0.588446
0.637987
0.641459
0.59781
0.522317
0.441155
0.377189
0.341719
0.337173
0.363458
0.41596
0.47814
0.523852
0.536547
0.523096
0.498019
0.457893
0.378223
0.240921
0.065237
-0.0966121
-0.204461
-0.258584
-0.281892
-0.293329
-0.300082
-0.303287
-0.29979
-0.278034
-0.21948
-0.113902
0.0230545
0.151228
0.231529
0.250634
0.225056
0.189604
0.17449
0.184434
0.196582
0.179388
0.119957
0.0385032
-0.0230016
-0.0273172
0.0313713
0.116494
0.171907
0.158154
0.0662183
-0.0831416
-0.241467
-0.346811
-0.358142
-0.285194
-0.181099
-0.102468
-0.070855
-0.070464
-0.0749952
-0.0694654
-0.052985
-0.0329425
-0.0213774
-0.0315919
-0.0729023
-0.14411
-0.232527
-0.325227
-0.424319
-0.540614
-0.669931
-0.785173
-0.85278
-0.853015
-0.783827
-0.655742
-0.489498
-0.315001
-0.160724
-0.0415471
0.0418314
0.0953062
0.121417
0.11825
0.0841738
0.0193216
-0.0756895
-0.196358
-0.324646
-0.426834
-0.469102
-0.433294
-0.314363
-0.113893
0.155607
0.460365
0.748703
0.967596
1.09325
1.14168
1.14287
1.11614
1.06737
1.00682
0.965793
0.990923
1.12093
1.36049
1.67038
1.98303
2.22833
2.35179
2.32987
2.18843
1.99788
1.83858
1.75601
1.74616
1.7785
1.82051
1.8496
1.8572
1.849
1.84175
1.85956
1.92629
2.04889
2.20053
2.33511
2.42286
2.46422
2.47955
2.49064
2.50767
2.5269
2.53637
2.5228
2.4762
2.39483
2.29177
2.19534
2.13994
2.15189
2.2362
2.3754
2.54228
2.7116
2.85928
2.96651
3.03117
3.06351
3.07232
3.05878
3.02378
2.97698
2.93748
2.92576
2.95049
2.99975
3.05253
3.1031
3.16603
3.25704
3.37534
3.50738
3.63644
3.74521
3.82127
3.85482
3.83471
3.75424
3.62312
3.46835
3.32109
3.20385
3.12066
3.0544
2.98023
2.87737
2.72847
2.51723
2.23611
1.89629
1.52589
1.14998
0.776651
0.40307
0.0282619
-0.336831
-0.66615
-0.930482
-1.11881
-1.23917
-1.30572
-1.33113
-1.32999
-1.3265
-1.35618
-1.45574
-1.64191
-1.89964
-2.19465
-2.49715
-2.78379
-3.02445
-3.18519
-3.25448
-3.25266
-3.20871
-3.14514
-3.07642
-3.00262
-2.90227
-2.74694
-2.53894
-2.33269
-2.20625
-2.20212
-2.29709
-2.43267
-2.56593
-2.68595
-2.80505
-2.94014
-3.08495
-3.19511
-3.21427
-3.11973
-2.93579
-2.70865
-2.47352
-2.24962
-2.057
-1.92304
-1.86509
-1.8722
-1.9156
-1.96804
-2.01394
-2.05007
-2.08235
-2.12204
-2.18502
-2.28745
-2.42951
-2.59181
-2.75576
-2.91282
-3.05837
-3.19005
-3.3109
-3.42717
-3.54282
-3.65903
-3.77671
-3.89744
-4.01988
-4.13544
-4.23107
-4.29988
-4.34186
-4.35504
-4.33239
-4.26683
-4.1562
-4.00836
-3.83956
-3.65587
-3.44235
-3.18953
-2.91321
-2.63651
-2.37242
-2.12688
-1.89834
-1.67519
-1.46669
-1.31249
-1.23296
-1.2019
-1.17937
-1.14858
-1.10988
-1.04846
-0.924162
-0.709069
-0.417748
-0.0840826
0.271702
0.634542
0.962923
1.1968
1.30947
1.32435
1.28944
1.25059
1.22942
1.21842
1.19962
1.16845
1.14138
1.14123
1.17698
1.23742
1.30115
1.35198
1.38712
1.41191
1.42933
1.43829
1.43547
1.4155
1.3737
1.31172
1.23808
1.16555
1.10896
1.08252
1.09652
1.15197
1.23814
1.33437
1.41559
1.46228
1.46764
1.43289
1.35441
1.22168
1.02713
0.779386
0.504956
0.240514
0.0167909
-0.148272
-0.248493
-0.29114
-0.294424
-0.286475
-0.299412
-0.35229
-0.440832
-0.550754
-0.67758
-0.82786
-1.01191
-1.24366
-1.53648
-1.88978
-2.28643
-2.69028
-3.04023
-3.26081
-3.29282
-3.11606
-2.75071
-2.26481
-1.75232
-1.29457
-0.93465
-0.67261
-0.488528
-0.362542
-0.281909
-0.239202
-0.229037
-0.244942
-0.277229
-0.310291
-0.326976
-0.320865
-0.30227
-0.293141
-0.312103
-0.358794
-0.414067
-0.455085
-0.471218
-0.46955
-0.463815
-0.460995
-0.459539
-0.455125
-0.44448
-0.427262
-0.41068
-0.417641
-0.486499
-0.648559
-0.890624
-1.13979
-1.30644
-1.35234
-1.33218
-1.37249
-1.53576
-1.70357
-1.69927
-1.49999
-1.22321
-0.971884
-0.761124
-0.550331
-0.305431
-0.0324726
0.232407
0.455921
0.630909
0.762652
0.848745
0.891785
0.915395
0.954449
1.0292
1.13153
1.23681
1.329
1.41441
1.51285
1.6384
1.78542
1.9293
2.04045
2.09789
2.09915
2.06331
2.02001
1.98959
1.97367
1.96438
1.96159
1.98685
2.07371
2.23613
2.44568
2.64732
2.79213
2.8606
2.8683
2.84523
2.80936
2.75446
2.65594
2.49008
2.24877
1.93062
1.53718
1.09081
0.641507
0.255906
-0.00601101
-0.125518
-0.137669
-0.101936
-0.068413
-0.0593764
-0.0712029
-0.0911813
-0.106901
-0.106152
-0.0810068
-0.0335508
0.0293411
0.11352
0.240089
0.418695
0.626219
0.82711
0.996782
1.12259
1.20427
1.25255
1.27779
1.27367
1.22486
1.14574
1.10208
1.15954
1.30743
1.47178
1.58114
1.60272
1.55035
1.47062
1.4099
1.3865
1.39157
1.40512
1.40553
1.37681
1.3169
1.23745
1.14976
1.05453
0.954148
0.870302
0.836256
0.869395
0.955621
1.06004
1.15025
1.21185
1.24519
1.25567
1.25138
1.2438
1.24487
1.26131
1.29576
1.35453
1.4428
1.54374
1.6135
1.61137
1.53397
1.41654
1.30267
1.21023
1.1269
1.03539
0.940364
0.870451
0.849172
0.871103
0.913254
0.957767
0.996642
1.02407
1.03659
1.03863
1.03913
1.03958
1.03094
1.00554
0.968938
0.935944
0.916179
0.90213
0.873564
0.822682
0.785025
0.817663
0.914035
0.983175
0.955064
0.847568
0.721861
0.617525
0.539453
0.480562
0.43532
0.39648
0.349855
0.280898
0.188774
0.0911644
0.0107376
-0.0425795
-0.0755347
-0.101094
-0.127149
-0.156212
-0.192786
-0.245404
-0.318668
-0.407307
-0.499647
-0.58602
-0.662036
-0.725955
-0.778186
-0.821396
-0.857228
-0.883387
-0.894834
-0.888012
-0.865874
-0.836249
-0.807197
-0.785932
-0.777341
-0.78195
-0.799061
-0.832324
-0.886931
-0.962439
-1.05052
-1.14248
-1.23841
-1.35049
-1.49969
-1.70037
-1.94787
-2.2165
-2.46236
-2.64395
-2.74047
-2.74861
-2.67124
-2.52296
-2.33881
-2.14982
-1.95828
-1.75003
-1.52908
-1.3304
-1.19123
-1.12296
-1.10876
-1.11852
-1.12251
-1.09824
-1.03569
-0.940699
-0.833599
-0.738672
-0.672099
-0.63556
-0.619252
-0.610839
-0.600994
-0.583543
-0.554985
-0.515558
-0.471341
-0.432472
-0.406187
-0.390171
-0.374632
-0.349957
-0.312294
-0.26536
-0.2175
-0.17475
-0.136065
-0.0974043
-0.0575851
-0.0156242
0.0327824
0.0907296
0.156723
0.231352
0.314553
0.394907
0.456495
0.491874
0.500613
0.482976
0.439059
0.367741
0.267915
0.143848
0.0122218
-0.100824
-0.181631
-0.244946
-0.316806
-0.402442
-0.483698
-0.552702
-0.626257
-0.722336
-0.845537
-0.995124
-1.16854
-1.3637
-1.58443
-1.83454
-2.09588
-2.32707
-2.50377
-2.63698
-2.74782
-2.84464
-2.92685
-2.99537
-3.05096
-3.0893
-3.1027
-3.09028
-3.06615
-3.05245
-3.06488
-3.10419
-3.16189
-3.23224
-3.31372
-3.40624
-3.51133
-3.63089
-3.76316
-3.90472
-4.05364
-4.20691
-4.35722
-4.49207
-4.59393
-4.64433
-4.63503
-4.57021
-4.46259
-4.33535
-4.21413
-4.10314
-3.9776
-3.81205
-3.60048
-3.35334
-3.09849
-2.88472
-2.76782
-2.76346
-2.79373
-2.73443
-2.55019
-2.33851
-2.20236
-2.1451
-2.10972
-2.05309
-1.96066
-1.82549
-1.64466
-1.42584
-1.1919
-0.970927
-0.774353
-0.602823
-0.459724
-0.345335
-0.251236
-0.167977
-0.0941535
-0.0309447
0.0249958
0.0786771
0.128604
0.166826
0.188169
0.198083
0.21051
0.24254
0.306197
0.400719
0.509888
0.614743
0.708447
0.794694
0.876569
0.951889
1.01596
1.06846
1.11909
1.18908
1.30579
1.49536
1.77694
2.14887
2.5909
3.12321
3.81553
4.62407
5.31273
5.70533
5.86788
5.99108
6.22658
6.62887
7.10261
7.40878
7.41124
7.22944
7.03886
6.8773
6.69631
6.4818
6.25878
6.01549
5.71897
5.41584
5.18661
5.03336
4.91311
4.80265
4.70167
4.61855
4.55456
4.48974
4.3935
4.2548
4.10177
3.99104
3.9677
4.02811
4.11656
4.14044
4.00418
3.68968
3.316
3.0399
2.92403
2.92784
2.94799
2.87767
2.68895
2.45592
2.27644
2.19068
2.17414
2.18567
2.22184
2.34335
2.63962
3.12638
3.6474
3.96045
3.92918
3.59596
3.11849
2.64703
2.27815
2.07811
2.06527
2.17212
2.27784
2.29541
2.22064
2.11161
2.02252
1.96215
1.9111
1.84413
1.73711
1.58927
1.43594
1.31376
1.23061
1.1744
1.13082
1.09255
1.06115
1.0439
1.04598
1.06279
1.07818
1.07107
1.02667
0.943295
0.832806
0.713771
0.602258
0.505576
0.421981
0.345612
0.274248
0.213909
0.17618
0.170852
0.199793
0.25709
0.333108
0.41474
0.480335
0.501709
0.458104
0.349596
0.201251
0.0493141
-0.0762673
-0.157613
-0.192057
-0.195908
-0.191438
-0.18692
-0.176069
-0.155355
-0.137939
-0.14415
-0.182563
-0.249711
-0.336325
-0.433014
-0.536218
-0.650161
-0.783828
-0.947241
-1.14253
-1.35804
-1.56902
-1.74255
-1.86211
-1.95053
-2.05577
-2.2259
-2.50601
-2.95053
-3.61168
-4.48203
-5.47808
-6.49995
-7.45792
-8.24957
-8.77958
-9.03013
-9.04971
-8.87186
-8.51348
-8.0388
-7.56872
-7.22422
-7.07377
-7.12117
-7.31038
-7.52193
-7.57917
-7.3453
-6.89332
-6.48034
-6.31148
-6.39343
-6.58723
-6.7545
-6.83792
-6.85043
-6.82483
-6.75018
-6.55953
-6.18499
-5.62067
-4.91332
-4.10981
-3.25413
-2.4436
-1.83377
-1.53449
-1.48023
-1.45093
-1.28186
-0.9956
-0.715679
-0.535006
-0.469109
-0.474931
-0.493685
-0.48374
-0.431189
-0.34054
-0.213587
-0.0478669
0.148267
0.351509
0.539166
0.699574
0.828632
0.928232
1.00839
1.081
1.14828
1.19984
1.21903
1.18987
1.10685
0.997069
0.939586
1.03671
1.29795
1.54997
1.61342
1.50742
1.36222
1.25917
1.20143
1.15911
1.1099
1.05971
1.05306
1.16108
1.42144
1.76042
2.03894
2.19329
2.26856
2.33285
2.40413
2.45855
2.47605
2.4637
2.44636
2.43829
2.42011
2.35569
2.23567
2.09245
1.97159
1.89584
1.85298
1.81095
1.74637
1.6584
1.5577
1.4515
1.34253
1.2379
1.14861
1.07253
0.985722
0.866227
0.725272
0.598672
0.512284
0.47205
0.47533
0.505798
0.538448
0.565331
0.585518
0.564624
0.45438
0.281935
0.177032
0.259909
0.499303
0.703868
0.693014
0.473508
0.216523
0.0786709
0.0627999
0.0676224
0.0456477
0.0566491
0.169627
0.354429
0.500005
0.527259
0.452793
0.350282
0.279152
0.256121
0.270583
0.305563
0.345952
0.380592
0.406876
0.431027
0.461708
0.499495
0.533463
0.550574
0.547148
0.535174
0.540735
0.590288
0.681526
0.762234
0.761015
0.658405
0.522444
0.467683
0.57321
0.811927
1.05988
1.20684
1.23669
1.20282
1.16445
1.15649
1.19418
1.26934
1.33914
1.34488
1.2654
1.1573
1.13967
1.31389
1.64346
1.90994
1.90356
1.64467
1.33925
1.16919
1.17639
1.29731
1.44345
1.54963
1.57494
1.49692
1.36841
1.30312
1.33833
1.37992
1.29088
1.00826
0.60404
0.235559
0.0219784
-0.0248288
0.028327
0.102582
0.150803
0.154154
0.0979771
-0.0285267
-0.205132
-0.368786
-0.473182
-0.535799
-0.598671
-0.673233
-0.738023
-0.769981
-0.765639
-0.741145
-0.718471
-0.711293
-0.722107
-0.74811
-0.786167
-0.831854
-0.880899
-0.932131
-0.985737
-1.04069
-1.09481
-1.14673
-1.19493
-1.23526
-1.26365
-1.28047
-1.29004
-1.29619
-1.29571
-1.27795
-1.23127
-1.15122
-1.04707
-0.94018
-0.84927
-0.777102
-0.713427
-0.647154
-0.574435
-0.499272
-0.428347
-0.36709
-0.319367
-0.287392
-0.272083
-0.273156
-0.290024
-0.32143
-0.363737
-0.40805
-0.440564
-0.450755
-0.438191
-0.408618
-0.364823
-0.306671
-0.236329
-0.158604
-0.0785696
-0.00271231
0.0611778
0.110239
0.147407
0.174814
0.195447
0.220972
0.269341
0.351713
0.464779
0.59593
0.733545
0.868777
0.991254
1.08841
1.14982
1.17431
1.17306
1.16613
1.17191
1.19978
1.2537
1.33191
1.42322
1.51573
1.609
1.70857
1.80507
1.86813
1.86785
1.79877
1.6904
1.61462
1.65075
1.7808
1.85376
1.73027
1.44086
1.14604
0.965193
0.90008
0.888614
0.874441
0.838053
0.793366
0.766545
0.773649
0.808299
0.842423
0.841627
0.787541
0.687703
0.569257
0.46506
0.400515
0.382662
0.392727
0.395194
0.361292
0.290302
0.214524
0.179852
0.208763
0.279598
0.34516
0.372141
0.362212
0.337241
0.31187
0.281943
0.235111
0.168343
0.0913643
0.0097918
-0.0852612
-0.204094
-0.344562
-0.495769
-0.646966
-0.789571
-0.923704
-1.06916
-1.26508
-1.55059
-1.93479
-2.38061
-2.82371
-3.21914
-3.56274
-3.84894
-4.05284
-4.14868
-4.12146
-3.97505
-3.75255
-3.54299
-3.44266
-3.47319
-3.53276
-3.4585
-3.17617
-2.77376
-2.4167
-2.19184
-2.06107
-1.9459
-1.78634
-1.54339
-1.20591
-0.799023
-0.374049
0.000193395
0.251566
0.340405
0.286174
0.157749
0.0471101
0.0230326
0.0897194
0.189309
0.244005
0.208027
0.0991827
-0.0149414
-0.0795255
-0.0979462
-0.104094
-0.10993
-0.0885126
-0.00839953
0.121205
0.258358
0.369338
0.444738
0.492869
0.526014
0.549624
0.56464
0.577786
0.603093
0.647152
0.689312
0.685698
0.604489
0.455285
0.284721
0.150949
0.0866222
0.0734403
0.0559889
-0.0180131
-0.160638
-0.334065
-0.476299
-0.54079
-0.514638
-0.413684
-0.271428
-0.129145
-0.0195601
0.0455664
0.072175
0.0738732
0.0632224
0.050287
0.0431112
0.044527
0.0496065
0.0519144
0.0531758
0.0597417
0.0707939
0.0752676
0.0657585
0.0537696
0.0614236
0.0989743
0.153213
0.199853
0.236952
0.2942
0.392266
0.50911
0.60352
0.652006
0.656924
0.640375
0.628675
0.632797
0.647469
0.664241
0.674308
0.674333
0.678999
0.709988
0.758501
0.778712
0.739509
0.657417
0.565541
0.479105
0.395095
0.307022
0.216897
0.135426
0.0692386
0.0157212
-0.0255055
-0.0465597
-0.0416663
-0.0172103
0.0141248
0.0430796
0.0668679
0.0891386
0.11761
0.157931
0.206964
0.254184
0.292848
0.330035
0.380025
0.442912
0.498611
0.533188
0.561414
0.604156
0.652323
0.679531
0.681155
0.679158
0.694214
0.72835
0.773254
0.822657
0.874394
0.924972
0.965585
0.985895
0.985616
0.984137
1.01214
1.09041
1.21383
1.35323
1.47533
1.56139
1.61665
1.66062
1.70579
1.75777
1.82271
1.89178
1.9239
1.86174
1.67501
1.40182
1.12945
0.92464
0.787611
0.675561
0.558207
0.440723
0.348598
0.303566
0.308466
0.34366
0.375426
0.372699
0.326394
0.256119
0.192481
0.151497
0.122581
0.0808785
0.0169617
-0.0385846
-0.0337276
0.0276567
0.0580298
-0.00583714
-0.127923
-0.231296
-0.282788
-0.308434
-0.348649
-0.415915
-0.491556
-0.550168
-0.57907
-0.582171
-0.57803
-0.59116
-0.63298
-0.69517
-0.762723
-0.82674
-0.886095
-0.94384
-1.00318
-1.06538
-1.12928
-1.1908
-1.24485
-1.28964
-1.32826
-1.36663
-1.40919
-1.4551
-1.49748
-1.52512
-1.52943
-1.51187
-1.48203
-1.44687
-1.40396
-1.3438
-1.25481
-1.1341
-0.999013
-0.882212
-0.80821
-0.777532
-0.77208
-0.767183
-0.743451
-0.696783
-0.64001
-0.593564
-0.572469
-0.579683
-0.605281
-0.630448
-0.640707
-0.636934
-0.632727
-0.641599
-0.665584
-0.693915
-0.714239
-0.724474
-0.73023
-0.733995
-0.73334
-0.726844
-0.714066
-0.693647
-0.66751
-0.642442
-0.622689
-0.606932
-0.592223
-0.574573
-0.548228
-0.509317
-0.459919
-0.408119
-0.362701
-0.328095
-0.303898
-0.286113
-0.267974
-0.242247
-0.206931
-0.169125
-0.138983
-0.120504
-0.10916
-0.0968472
-0.0783158
-0.0536475
-0.0248171
0.00782459
0.0450199
0.0864124
0.132054
0.186015
0.256129
0.345324
0.439966
0.513498
0.560558
0.606343
0.667216
0.727799
0.762271
0.764052
0.75061
0.747855
0.771242
0.820991
0.889259
0.963997
1.03108
1.07957
1.10837
1.12294
1.12564
1.11674
1.1021
1.09323
1.09922
1.11499
1.11663
1.07706
0.991243
0.886988
0.806068
0.772879
0.78234
0.80563
0.795251
0.70071
0.512225
0.280136
0.0808608
-0.0265737
-0.0314715
0.0240448
0.0857121
0.125392
0.135789
0.115059
0.0706753
0.0268369
0.00967089
0.0227904
0.0491478
0.0734437
0.0918617
0.107852
0.126436
0.144137
0.142139
0.105294
0.0496016
0.011553
0.00788764
0.0212265
0.0267294
0.0163698
-0.00542819
-0.0341518
-0.065098
-0.0896664
-0.0997903
-0.0928874
-0.0721994
-0.046466
-0.0264257
-0.0193517
-0.0261669
-0.0423397
-0.0605008
-0.07334
-0.0780009
-0.0772616
-0.0765086
-0.0806865
-0.0927315
-0.112776
-0.139662
-0.171402
-0.205864
-0.242041
-0.278282
-0.309705
-0.330481
-0.338047
-0.33313
-0.318242
-0.29821
-0.283995
-0.291056
-0.325366
-0.374644
-0.416701
-0.437649
-0.440563
-0.434787
-0.422279
-0.399663
-0.372645
-0.363993
-0.397297
-0.466003
-0.533864
-0.57281
-0.584118
-0.584794
-0.588053
-0.597257
-0.610364
-0.625464
-0.642401
-0.661411
-0.681911
-0.703361
-0.724797
-0.743624
-0.756085
-0.759
-0.752111
-0.737923
-0.718861
-0.696601
-0.672868
-0.648641
-0.623048
-0.594007
-0.560719
-0.525965
-0.494399
-0.46844
-0.448142
-0.433786
-0.426673
-0.426005
-0.426738
-0.423183
-0.413357
-0.400222
-0.388311
-0.378891
-0.368406
-0.351352
-0.325066
-0.291454
-0.255073
-0.219194
-0.183842
-0.147347
-0.110738
-0.0775817
-0.0487635
-0.0219403
0.0043237
0.0280332
0.0467806
0.0620194
0.0783123
0.0990057
0.124015
0.151226
0.178048
0.202327
0.22452
0.24758
0.273576
0.301645
0.328703
0.353337
0.378753
0.408312
0.440256
0.469934
0.495013
0.516628
0.537526
0.559086
0.577882
0.588799
0.594208
0.603472
0.620017
0.633675
0.632698
0.621523
0.618477
0.639576
0.687155
0.74545
0.789601
0.80513
0.794562
0.770942
0.753669
0.760041
0.793311
0.843405
0.900932
0.966116
1.039
1.10577
1.13271
1.07644
0.934838
0.782226
0.708246
0.733824
0.805881
0.863551
0.889008
0.885923
0.849893
0.784175
0.71763
0.684825
0.693852
0.718882
0.727779
0.715258
0.705251
0.721855
0.760222
0.78473
0.759008
0.680217
0.576967
0.473956
0.387495
0.341643
0.351809
0.398242
0.432478
0.420196
0.372145
0.326856
0.310268
0.317781
0.327807
0.324117
0.305437
0.279697
0.255244
0.236544
0.224953
0.221235
0.221903
0.215765
0.194121
0.163018
0.138289
0.126551
0.118035
0.0996815
0.0690332
0.0345555
0.0060257
-0.0138365
-0.0281387
-0.0378975
-0.0407051
-0.0365329
-0.0312509
-0.0307161
-0.0327346
-0.0296644
-0.0178717
-0.00163294
0.0106616
0.0126169
0.00400098
-0.0102473
-0.0240203
-0.0330646
-0.0376601
-0.044117
-0.0593743
-0.0837602
-0.110544
-0.13137
-0.142718
-0.146878
-0.148724
-0.153831
-0.168494
-0.196327
-0.232396
-0.265952
-0.291014
-0.312046
-0.338606
-0.37409
-0.412539
-0.446939
-0.475271
-0.49977
-0.524303
-0.552132
-0.583885
-0.616322
-0.645234
-0.669508
-0.691797
-0.715206
-0.740642
-0.76669
-0.789981
-0.807159
-0.818271
-0.82535
-0.828247
-0.825258
-0.815766
-0.800563
-0.782876
-0.768126
-0.759412
-0.753902
-0.745232
-0.729444
-0.708122
-0.68697
-0.671387
-0.6621
-0.654513
-0.642758
-0.624349
-0.60156
-0.578207
-0.55538
-0.52968
-0.494923
-0.447928
-0.395876
-0.353948
-0.330949
-0.320837
-0.308021
-0.279175
-0.231621
-0.172496
-0.112154
-0.0583143
-0.0157998
0.013654
0.0344313
0.0560351
0.0844595
0.116226
0.142758
0.158942
0.166716
0.172098
0.17944
0.188939
0.199141
0.208502
0.215488
0.218713
0.218627
0.216868
0.213999
0.20984
0.205111
0.201107
0.199057
0.199817
0.202377
0.204692
0.205806
0.205722
0.203941
0.199221
0.190691
0.178182
0.161849
0.14375
0.127023
0.113112
0.101254
0.0886179
0.0724606
0.0536684
0.0369905
0.0265954
0.0214033
0.0182818
0.0157348
0.0135626
0.0125675
0.0130471
0.0133668
0.0123857
0.0123882
0.0170118
0.0260253
0.0344052
0.0383151
0.0387876
0.0393455
0.0425597
0.0482572
0.0536046
0.0571227
0.0611814
0.0690143
0.0800486
0.090056
0.0945862
0.0927397
0.0884072
0.0855262
0.0829944
0.0783051
0.0713935
0.0640804
0.058098
0.0522678
0.0438545
0.0322234
0.0189776
0.00633217
-0.00338862
-0.00870226
-0.0105368
-0.0122413
-0.0161272
-0.0223977
-0.0306452
-0.0387644
-0.0414977
-0.03368
-0.0176363
-0.00573231
-0.0114225
-0.0385392
-0.0804057
-0.126636
-0.166041
-0.183651
-0.165003
-0.113866
-0.0640998
-0.0571629
-0.103212
-0.174243
-0.23228
-0.25914
-0.262746
-0.261813
-0.26979
-0.288311
-0.309112
-0.321045
-0.320034
-0.313031
-0.309509
-0.31165
-0.314753
-0.315143
-0.314212
-0.315529
-0.32009
-0.326304
-0.332391
-0.338136
-0.345046
-0.35494
-0.367162
-0.379352
-0.390649
-0.401361
-0.411257
-0.419378
-0.424249
-0.425006
-0.421706
-0.414429
-0.402359
-0.384195
-0.359191
-0.328592
-0.297404
-0.272068
-0.255275
-0.244786
-0.237012
-0.229505
-0.222519
-0.21809
-0.216956
-0.218549
-0.222227
-0.227129
-0.231343
-0.23486
-0.241483
-0.256256
-0.280422
-0.307153
-0.32337
-0.319578
-0.298278
-0.272035
-0.25448
-0.250987
-0.256124
-0.261705
-0.264207
-0.264163
-0.262681
-0.259919
-0.255736
-0.250194
-0.242778
-0.23315
-0.221356
-0.206546
-0.186533
-0.160125
-0.129082
-0.0960899
-0.0613538
-0.022503
0.0225282
0.0737016
0.12872
0.183436
0.233626
0.278947
0.323791
0.371728
0.420432
0.464461
0.500986
0.530595
0.554524
0.572087
0.581739
0.584997
0.586936
0.59196
0.599587
0.604448
0.600446
0.584825
0.559723
0.530008
0.500745
0.475105
0.453098
0.432407
0.410417
0.386693
0.362939
0.340923
0.320408
0.299057
0.275667
0.250237
0.2219
0.1923
0.167066
0.151213
0.14446
0.142119
0.140246
0.138717
0.139254
0.14299
0.151038
0.164626
0.182289
0.200328
0.216181
0.228826
0.238276
0.244751
0.24818
0.249171
0.249068
0.24875
0.248121
0.246644
0.244364
0.242683
0.243112
0.24497
0.246682
0.248404
0.25169
0.257095
0.262508
0.266368
0.271245
0.281017
0.29466
0.304646
0.303588
0.29076
0.272649
0.256965
0.246236
0.237168
0.22529
0.209857
0.194682
0.186503
0.192367
0.214342
0.245684
0.273288
0.282342
0.262516
0.218432
0.170849
0.140015
0.127166
0.116334
0.0950292
0.0654596
0.0358381
0.0130172
0.00337012
0.0110564
0.0339815
0.0631388
0.0867823
0.0989241
0.10321
0.106852
0.112534
0.117304
0.117313
0.111051
0.0999279
0.0866739
0.0733119
0.0607561
0.0496406
0.0405573
0.0331651
0.0257892
0.0186471
0.0163513
0.0226919
0.0338687
0.0382649
0.024582
-0.00857908
-0.0492665
-0.0770937
-0.0787096
-0.0611091
-0.0434113
-0.0388636
-0.0465462
-0.0574903
-0.0677612
-0.0830229
-0.10852
-0.139289
-0.164756
-0.181968
-0.19921
-0.226062
-0.263074
-0.301711
-0.330898
-0.338406
-0.31458
-0.270381
-0.242446
-0.259562
-0.309745
-0.35478
-0.369359
-0.352871
-0.312729
-0.254518
-0.190955
-0.143093
-0.124813
-0.1303
-0.138864
-0.133398
-0.111168
-0.0785223
-0.0449817
-0.0199425
-0.00636803
0.00171132
0.0119434
0.0235813
0.0314118
0.039812
0.0621157
0.100506
0.136923
0.151538
0.142928
0.126691
0.118811
0.122399
0.129914
0.13415
0.134516
0.13371
0.132697
0.129848
0.123026
0.112856
0.104193
0.101328
0.101781
0.0984955
0.0871573
0.0675494
0.0423643
0.0167933
-0.00272688
-0.0111284
-0.00882097
-0.00144604
0.00376243
-0.00207702
-0.0243553
-0.0554085
-0.0810265
-0.0953142
-0.102771
-0.111265
-0.124524
-0.138773
-0.147262
-0.14735
-0.141001
-0.130666
-0.119124
-0.110036
-0.10812
-0.117681
-0.13537
-0.14726
-0.138986
-0.108957
-0.0693188
-0.0346391
-0.0129553
-0.0038516
0.00038182
0.00823225
0.0213234
0.0353511
0.0479707
0.0620553
0.0801631
0.100526
0.119616
0.138921
0.1675
0.210931
0.257389
0.287685
0.296355
0.293426
0.290219
0.291112
0.296371
0.305972
0.320168
0.337511
0.354677
0.36855
0.378472
0.385926
0.391929
0.396666
0.400169
0.401327
0.398565
0.390866
0.377438
0.358603
0.337462
0.318872
0.305185
0.293589
0.277966
0.253053
0.218587
0.180552
0.148233
0.12741
0.115441
0.10504
0.0926577
0.0797151
0.0676131
0.0565207
0.0466996
0.038119
0.0293074
0.0184511
0.00514287
-0.00963105
-0.023958
-0.0363535
-0.0461388
-0.0532587
-0.0581222
-0.0614781
-0.0650866
-0.071767
-0.0827139
-0.0950937
-0.104487
-0.108377
-0.106266
-0.0977384
-0.0824855
-0.0615486
-0.0378441
-0.0147577
0.00567166
0.0232375
0.0384259
0.0517204
0.0634056
0.0729069
0.0791187
0.0817192
0.081192
0.0772907
0.0692376
0.0578458
0.046005
0.0343784
0.0190468
-0.0034201
-0.0304595
-0.0549256
-0.0687364
-0.0628843
-0.0292749
0.0289819
0.0867102
0.102886
0.0501218
-0.0562883
-0.160121
-0.206998
-0.188629
-0.148869
-0.152016
-0.2331
-0.367545
-0.494508
-0.572432
-0.603006
-0.610538
-0.614338
-0.622044
-0.63496
-0.652828
-0.675439
-0.702331
-0.73322
-0.766806
-0.800525
-0.831816
-0.858096
-0.876877
-0.887543
-0.891856
-0.891906
-0.888962
-0.882692
-0.8705
-0.848987
-0.817475
-0.779104
-0.737782
-0.694924
-0.64968
-0.599542
-0.541886
-0.477506
-0.411969
-0.353511
-0.30747
-0.273761
-0.249853
-0.23466
-0.228999
-0.233151
-0.245646
-0.265093
-0.290408
-0.318607
-0.34389
-0.360216
-0.364635
-0.357911
-0.343535
-0.32519
-0.305659
-0.286845
-0.270147
-0.255442
-0.241108
-0.225638
-0.20839
-0.189947
-0.171781
-0.155388
-0.141472
-0.129078
-0.116361
-0.102147
-0.087065
-0.0727321
-0.0605164
-0.0502148
-0.0405564
-0.0310455
-0.0229281
-0.0181792
-0.0168939
-0.0175827
-0.018843
-0.0196916
-0.0187908
-0.0143292
-0.00553131
0.0055965
0.0155657
0.0221243
0.0264022
0.0311537
0.0368666
0.0418361
0.0456921
0.0500859
0.0557904
0.0617345
0.0674785
0.0738911
0.0810236
0.0883409
0.0956965
0.101696
0.104474
0.104529
0.104742
0.108485
0.117603
0.131677
0.147265
0.158957
0.163393
0.163103
0.165392
0.175414
0.190065
0.201326
0.205094
0.204577
0.205036
0.207095
0.20731
0.202386
0.190735
0.173038
0.155461
0.145828
0.143977
0.142719
0.135968
0.123878
0.11123
0.101935
0.096409
0.0930537
0.0897776
0.0851451
0.0785841
0.0698176
0.0589357
0.0475793
0.0380063
0.0307786
0.0256932
0.0209758
0.0121273
-0.00424411
-0.0260552
-0.0463858
-0.0589256
-0.0636184
-0.0654824
-0.0684415
-0.0714832
-0.0710685
-0.067141
-0.0636917
-0.063552
-0.0654802
-0.0653648
-0.0605699
-0.0535483
-0.0482227
-0.0425964
-0.0295363
-0.00479283
0.0292757
0.0657415
0.0984188
0.124916
0.144513
0.156711
0.164074
0.174695
0.197543
0.234664
0.279308
0.32083
0.352303
0.37528
0.395622
0.41605
0.433215
0.4429
0.446473
0.449103
0.452803
0.455831
0.457069
0.457476
0.458719
0.461837
0.467413
0.476133
0.486681
0.494057
0.492681
0.482384
0.472348
0.476806
0.502412
0.542079
0.582554
0.612841
0.627127
0.626496
0.616594
0.603089
0.589864
0.579743
0.575946
0.580226
0.586718
0.583111
0.562335
0.531488
0.504633
0.488324
0.478981
0.470156
0.458134
0.443217
0.427559
0.413128
0.400483
0.389147
0.378569
0.36806
0.356435
0.342986
0.327761
0.310274
0.290609
0.269709
0.248634
0.228697
0.21114
0.196756
0.185104
0.173963
0.160173
0.14125
0.118203
0.0979043
0.0890113
0.0919589
0.0974142
0.0944441
0.0782186
0.052577
0.0283977
0.017902
0.0262054
0.0478943
0.0732885
0.096031
0.115401
0.133861
0.153502
0.173796
0.19177
0.204018
0.208958
0.208105
0.204574
0.201824
0.202958
0.20863
0.217041
0.22697
0.238466
0.250796
0.260433
0.262061
0.256017
0.251296
0.256993
0.273734
0.294714
0.310581
0.312723
0.297237
0.267252
0.23098
0.19585
0.164335
0.134245
0.103787
0.0753436
0.0522597
0.0346973
0.0199833
0.00495027
-0.0113728
-0.0266808
-0.037332
-0.0419306
-0.042308
-0.0407044
-0.0376566
-0.0326358
-0.0252766
-0.0157611
-0.00513857
0.00469647
0.010841
0.0113049
0.00657909
-0.00117838
-0.00996443
-0.0198161
-0.0314768
-0.044272
-0.0559426
-0.0637009
-0.066227
-0.0662184
-0.0694654
-0.0789005
-0.0908879
-0.099746
-0.104289
-0.107851
-0.113473
-0.121121
-0.129546
-0.138177
-0.146768
-0.154997
-0.16165
-0.165389
-0.166063
-0.164008
-0.159365
-0.153383
-0.149503
-0.150725
-0.156033
-0.162182
-0.168386
-0.176777
-0.189097
-0.205321
-0.223733
-0.241919
-0.257693
-0.269892
-0.278552
-0.284421
-0.287994
-0.289181
-0.287864
-0.284149
-0.279002
-0.274099
-0.2706
-0.267768
-0.263102
-0.255079
-0.245171
-0.236205
-0.229819
-0.226432
-0.225488
-0.225747
-0.226142
-0.226257
-0.226155
-0.226012
-0.225918
-0.225891
-0.225931
-0.226063
-0.226295
-0.226566
-0.226794
-0.227067
-0.227544
-0.228047
-0.227728
-0.225283
-0.220061
-0.213854
-0.210525
-0.211987
-0.215878
-0.218687
-0.219788
-0.221668
-0.226119
-0.232841
-0.240009
-0.24481
-0.246419
-0.247389
-0.251646
-0.261407
-0.275463
-0.291845
-0.310059
-0.329468
-0.348068
-0.36428
-0.378585
-0.392789
-0.407904
-0.423847
-0.44008
-0.456658
-0.474466
-0.49399
-0.514584
-0.53454
-0.552371
-0.56753
-0.581017
-0.594804
-0.610003
-0.625651
-0.639963
-0.65188
-0.660806
-0.666377
-0.668374
-0.66699
-0.663302
-0.657531
-0.648512
-0.635596
-0.619335
-0.600715
-0.579909
-0.555991
-0.527474
-0.493187
-0.453072
-0.408579
-0.363708
-0.32395
-0.291964
-0.265155
-0.239062
-0.212507
-0.18881
-0.171981
-0.163283
-0.161592
-0.165055
-0.172074
-0.180725
-0.189258
-0.196996
-0.203768
-0.210244
-0.217473
-0.225291
-0.233651
-0.242882
-0.253233
-0.265424
-0.2798
-0.295314
-0.310226
-0.324273
-0.338526
-0.353324
-0.367229
-0.3789
-0.387601
-0.392366
-0.392816
-0.389087
-0.381145
-0.369266
-0.353734
-0.334504
-0.31116
-0.284142
-0.255786
-0.228551
-0.203668
-0.180648
-0.157763
-0.134041
-0.110018
-0.086852
-0.0652792
-0.0448481
-0.0250088
-0.00622493
0.0109305
0.0264809
0.0410526
0.0548431
0.0666979
0.0756147
0.0814591
0.0850397
0.0885915
0.0941366
0.100851
0.105831
0.107617
0.107109
0.106009
0.105863
0.108124
0.113608
0.12098
0.127372
0.13173
0.134691
0.13586
0.13438
0.131181
0.128461
0.127304
0.127343
0.12829
0.130592
0.134868
0.14176
0.152027
0.164723
0.177902
0.191205
0.206085
0.223757
0.242805
0.259753
0.272892
0.284072
0.297116
0.315569
0.340399
0.368376
0.392202
0.403006
0.396802
0.381955
0.381152
0.420969
0.504533
0.592571
0.631477
0.604214
0.547284
0.518543
0.543481
0.593077
0.618638
0.601362
0.565313
0.547895
0.562438
0.592727
0.617544
0.629168
0.62773
0.610082
0.571993
0.518262
0.467659
0.44276
0.448734
0.466181
0.47026
0.453225
0.426661
0.405694
0.39471
0.387479
0.37697
0.362513
0.34795
0.336114
0.3257
0.314027
0.300883
0.287546
0.274845
0.263312
0.253877
0.247393
0.244351
0.244777
0.247478
0.250371
0.252762
0.255962
0.260705
0.264554
0.263666
0.257701
0.249652
0.242802
0.240962
0.247611
0.260172
0.267557
0.258672
0.236083
0.21512
0.20805
0.213614
0.220989
0.222509
0.220712
0.221892
0.226351
0.22859
0.223996
0.212837
0.198658
0.185132
0.174095
0.164048
0.151232
0.133654
0.112638
0.0910862
0.070534
0.0511318
0.0344828
0.023137
0.0178292
0.0176104
0.0203764
0.023247
0.0245898
0.024653
0.0243775
0.0242556
0.0242053
0.0239201
0.0233866
0.0232642
0.0249307
0.0296101
0.0365297
0.0422395
0.0435837
0.0407548
0.0369086
0.034932
0.0357269
0.0390119
0.0440363
0.0504845
0.0583595
0.0668991
0.0754323
0.082677
0.0868284
0.0877853
0.0871576
0.0869142
0.0890912
0.0961391
0.110948
0.135055
0.166381
0.197968
0.216713
0.206819
0.165188
0.116653
0.0955046
0.105629
0.117657
0.105974
0.0704282
0.0254615
-0.0170242
-0.0529125
-0.0810717
-0.100117
-0.109234
-0.109315
-0.104236
-0.0980397
-0.0916563
-0.084516
-0.0760534
-0.0651334
-0.0510334
-0.0348768
-0.0182877
-0.00179918
0.0146334
0.0312934
0.0480918
0.0639272
0.0772239
0.0865409
0.0923265
0.0958951
0.0972066
0.095045
0.0883211
0.0768761
0.0610557
0.0407236
0.0150944
-0.0168181
-0.0532119
-0.0894133
-0.121213
-0.14622
-0.164038
-0.177026
-0.188216
-0.198888
-0.208732
-0.217497
-0.225497
-0.233593
-0.242481
-0.25257
-0.264185
-0.277631
-0.293145
-0.3107
-0.329691
-0.34815
-0.364385
-0.378685
-0.391841
-0.402926
-0.410272
-0.414824
-0.419599
-0.425476
-0.430263
-0.43181
-0.429685
-0.424154
-0.414839
-0.400821
-0.382632
-0.363041
-0.345098
-0.330068
-0.318132
-0.308749
-0.301007
-0.294092
-0.287135
-0.279693
-0.272553
-0.267016
-0.262634
-0.257396
-0.249804
-0.239835
-0.228935
-0.218559
-0.208546
-0.19736
-0.184536
-0.170576
-0.155838
-0.140325
-0.123917
-0.107953
-0.0953124
-0.0866399
-0.0792247
-0.0712933
-0.0640395
-0.0599548
-0.0606695
-0.0636688
-0.0629668
-0.0561892
-0.0501455
-0.0569337
-0.0809471
-0.11012
-0.124339
-0.11427
-0.0898067
-0.0696178
-0.0656396
-0.0751081
-0.0862945
-0.0913922
-0.0907868
-0.0886172
-0.088252
-0.0892043
-0.0878227
-0.0809421
-0.0689228
-0.0547812
-0.0405604
-0.0261221
-0.0111094
0.00267547
0.0119776
0.0154972
0.0148949
0.0124956
0.00986597
0.00823982
0.00823927
0.00955579
0.0111801
0.0125564
0.0147405
0.0193899
0.0266679
0.0353749
0.0450798
0.0557444
0.0666277
0.0770277
0.0871891
0.0971304
0.106709
0.116082
0.125635
0.135653
0.146579
0.159187
0.173483
0.189095
0.206118
0.224331
0.243865
0.265246
0.287578
0.309116
0.327816
0.341904
0.350769
0.355013
0.356416
0.356641
0.355477
0.350645
0.339795
0.322726
0.300509
0.273656
0.242096
0.206268
0.166594
0.124181
0.0829851
0.0476365
0.0191983
-0.00423318
-0.0239414
-0.0397283
-0.0515933
-0.0602133
-0.0663174
-0.0697671
-0.0699384
-0.0669451
-0.0620915
-0.0570115
-0.0525995
-0.0499505
-0.0501337
-0.0530121
-0.0567823
-0.0593179
-0.0599707
-0.059437
-0.0587035
-0.0587623
-0.0606917
-0.0652638
-0.0720419
-0.0799131
-0.0877951
-0.0956026
-0.104549
-0.116117
-0.131136
-0.14813
-0.164343
-0.179211
-0.194317
-0.210194
-0.224316
-0.233959
-0.239429
-0.241822
-0.242286
-0.243562
-0.247104
-0.250156
-0.249596
-0.248098
-0.253384
-0.271248
-0.299006
-0.326405
-0.345172
-0.357395
-0.370275
-0.385393
-0.399315
-0.412073
-0.427003
-0.443167
-0.454107
-0.454814
-0.447036
-0.435536
-0.421931
-0.403487
-0.378072
-0.348192
-0.317907
-0.287883
-0.255663
-0.219013
-0.178407
-0.13592
-0.0931659
-0.0528842
-0.0186023
0.00797906
0.0269226
0.0386374
0.0448469
0.048583
0.0514818
0.0532929
0.0538643
0.0537268
0.0534703
0.0533939
0.0535868
0.0539587
0.0541312
0.0533886
0.0510884
0.0475927
0.0450619
0.0455587
0.0484978
0.0515738
0.0541715
0.058076
0.0648365
0.0737085
0.0836332
0.0950397
0.109157
0.125425
0.140615
0.152868
0.16473
0.180573
0.201973
0.226131
0.247332
0.262436
0.274862
0.290516
0.311786
0.33622
0.358911
0.375353
0.383195
0.382678
0.376779
0.370593
0.36864
0.370587
0.371188
0.366467
0.356153
0.339293
0.314866
0.287449
0.26751
0.262887
0.271699
0.284552
0.291734
0.288985
0.281248
0.279399
0.289748
0.307357
0.321154
0.3252
0.322921
0.322791
0.331169
0.346452
0.360336
0.365249
0.35862
0.3427
0.325152
0.315676
0.316411
0.31975
0.318474
0.312492
0.305001
0.297768
0.290673
0.283338
0.276492
0.271563
0.268394
0.264982
0.260108
0.25464
0.250484
0.248373
0.246887
0.243986
0.239265
0.234049
0.229859
0.226848
0.223889
0.22059
0.217784
0.215655
0.213479
0.211244
0.209835
0.208518
0.204008
0.193352
0.17831
0.16594
0.162339
0.165515
0.166893
0.160658
0.14947
0.139555
0.133223
0.127492
0.118723
0.107644
0.0980148
0.0913325
0.0850819
0.0763354
0.0649118
0.052291
0.0396442
0.0272946
0.0150492
0.00264215
-0.00987286
-0.021884
-0.0322129
-0.0399762
-0.0458841
-0.0516171
-0.057237
-0.0617818
-0.066274
-0.0733898
-0.0839001
-0.0965812
-0.110288
-0.124602
-0.13881
-0.152152
-0.164444
-0.175579
-0.185233
-0.193532
-0.201029
-0.207704
-0.213642
-0.218889
-0.22173
-0.220498
-0.21636
-0.211787
-0.207415
-0.201829
-0.194632
-0.187372
-0.180697
-0.174413
-0.168655
-0.162849
-0.156131
-0.148892
-0.141626
-0.133938
-0.125487
-0.117378
-0.111263
-0.106333
-0.099051
-0.0882121
-0.0765499
-0.0667946
-0.0587298
-0.0500905
-0.0395316
-0.0285842
-0.0195434
-0.0127868
-0.00763914
-0.00399583
-0.00200358
-0.0013964
-0.00254541
-0.00719268
-0.0170139
-0.0316412
-0.0472351
-0.0589647
-0.066638
-0.0755822
-0.0908683
-0.111936
-0.133803
-0.15211
-0.166004
-0.177921
-0.191239
-0.206461
-0.220322
-0.229151
-0.232257
-0.231768
-0.230466
-0.230392
-0.232809
-0.237988
-0.244269
-0.24917
-0.253021
-0.259565
-0.27199
-0.289279
-0.307918
-0.327054
-0.349325
-0.37673
-0.407729
-0.438533
-0.466819
-0.492793
-0.517022
-0.538474
-0.555053
-0.566376
-0.575015
-0.583437
-0.592005
-0.599819
-0.606942
-0.615576
-0.627361
-0.64121
-0.653887
-0.662658
-0.667135
-0.668426
-0.667484
-0.663791
-0.655703
-0.641404
-0.620459
-0.593814
-0.56243
-0.527487
-0.490354
-0.452411
-0.416757
-0.387645
-0.366151
-0.348159
-0.327353
-0.300695
-0.270653
-0.24193
-0.217858
-0.198535
-0.182085
-0.166861
-0.152718
-0.140634
-0.130468
-0.121464
-0.114223
-0.109457
-0.105906
-0.101644
-0.0972501
-0.0955339
-0.098319
-0.103753
-0.108217
-0.110105
-0.109928
-0.108157
-0.104536
-0.0992311
-0.0932188
-0.0871829
-0.080873
-0.0735395
-0.0648154
-0.0554162
-0.0462358
-0.0367402
-0.0260411
-0.0145244
-0.00356193
0.0058951
0.0142896
0.0221586
0.0289441
0.0341215
0.0380257
0.0417158
0.0457062
0.0498644
0.053694
0.0561741
0.0568188
0.056304
0.0559556
0.0572973
0.0614971
0.0683429
0.0761958
0.0844051
0.0939896
0.105636
0.118243
0.13113
0.145783
0.163092
0.181425
0.199185
0.216964
0.236983
0.259992
0.283262
0.303231
0.321448
0.343827
0.371627
0.399196
0.421332
0.438259
0.453947
0.473229
0.498305
0.52561
0.549751
0.569823
0.589663
0.61359
0.641701
0.667471
0.682051
0.682388
0.673593
0.663397
0.656181
0.652314
0.651094
0.652422
0.655214
0.657443
0.658072
0.6571
0.654361
0.64928
0.640585
0.626569
0.606629
0.58249
0.557267
0.533744
0.513428
0.495653
0.477794
0.458659
0.439553
0.420957
0.401324
0.38011
0.359003
0.339406
0.320983
0.302492
0.283152
0.263285
0.244495
0.228352
0.214909
0.203474
0.194074
0.187291
0.183251
0.181281
0.179742
0.176955
0.173059
0.170355
0.170883
0.174583
0.179541
0.183855
0.186659
0.187801
0.188417
0.189531
0.190439
0.189889
0.187452
0.184041
0.180894
0.177941
0.174444
0.170487
0.166064
0.160559
0.153527
0.145228
0.136362
0.127062
0.117622
0.109151
0.102066
0.0954873
0.0883875
0.0809305
0.0737658
0.0667414
0.0603617
0.0554908
0.0513653
0.0467112
0.0417607
0.0378977
0.0358175
0.0343392
0.03147
0.0266035
0.0209552
0.015983
0.0118456
0.00747133
0.00200869
-0.00472492
-0.0127531
-0.0218882
-0.0312589
-0.0402034
-0.0495461
-0.0602974
-0.0723142
-0.0848039
-0.0972451
-0.109457
-0.121453
-0.133324
-0.145286
-0.157784
-0.171292
-0.185745
-0.199817
-0.211698
-0.22168
-0.2316
-0.242063
-0.252097
-0.260857
-0.268242
-0.273982
-0.2784
-0.283198
-0.290103
-0.299761
-0.311005
-0.32154
-0.329706
-0.335397
-0.33941
-0.342954
-0.346805
-0.350954
-0.355051
-0.358047
-0.35894
-0.357563
-0.35434
-0.349874
-0.343799
-0.334578
-0.320458
-0.299466
-0.270899
-0.2364
-0.199459
-0.16497
-0.136973
-0.116346
-0.101252
-0.0899852
-0.0833136
-0.0835758
-0.0910591
-0.102872
-0.115341
-0.126179
-0.135057
-0.142583
-0.148362
-0.151494
-0.152407
-0.152282
-0.151605
-0.149922
-0.146873
-0.143433
-0.141275
-0.141308
-0.143754
-0.148714
-0.15653
-0.167818
-0.182418
-0.198691
-0.213904
-0.226015
-0.23465
-0.240528
-0.244304
-0.245903
-0.244545
-0.238702
-0.227534
-0.212385
-0.196236
-0.180914
-0.165893
-0.150249
-0.133823
-0.116462
-0.0985206
-0.0811697
-0.065673
-0.052339
-0.0408299
-0.0312936
-0.0240881
-0.0188756
-0.0148477
-0.011206
-0.00811048
-0.00624908
-0.00553759
-0.00544254
-0.0059886
-0.00789564
-0.0116997
-0.0167694
-0.0219819
-0.0269037
-0.0321079
-0.0375776
-0.0417766
-0.0428657
-0.0410054
-0.0385269
-0.0369875
-0.0357865
-0.0335671
-0.0302075
-0.0271839
-0.0252854
-0.0234573
-0.0204367
-0.0163782
-0.0120779
-0.00823125
-0.00575249
-0.00490225
-0.00504507
-0.00541105
-0.00561234
-0.00553826
-0.00515698
-0.004584
-0.00438815
-0.00570462
-0.00971896
-0.0162004
-0.0229779
-0.0282838
-0.0324066
-0.0361363
-0.039844
-0.0432474
-0.0455489
-0.0465651
-0.0467472
-0.046195
-0.0443601
-0.0408067
-0.036511
-0.0334624
-0.0326542
-0.0325497
-0.0311728
-0.0291464
-0.0286569
-0.0299696
-0.0307657
-0.0295229
-0.0272741
-0.025072
-0.0224319
-0.018791
-0.0149209
-0.0114915
-0.00790806
-0.00259189
0.00641648
0.0189541
0.0314734
0.039854
0.0427196
0.0436533
0.0476366
0.0545307
0.0589563
0.0565547
0.0486883
0.0398889
0.0326042
0.0267804
0.0231866
0.0229894
0.023974
0.0215644
0.0146158
0.00786545
0.00692902
0.0121292
0.0173981
0.0168724
0.0118408
0.00728877
0.00555526
0.00592028
0.00706015
0.00793476
0.00726622
0.00338549
-0.00465362
-0.0159061
-0.0285677
-0.0415503
-0.0544677
-0.0667584
-0.0770118
-0.0835223
-0.0861525
-0.0871353
-0.0892184
-0.0933173
-0.0981763
-0.102118
-0.104768
-0.106336
-0.106502
-0.105048
-0.10235
-0.0984941
-0.0932903
-0.0871412
-0.0795312
-0.0692141
-0.0561071
-0.0415805
-0.0274819
-0.0146587
-0.00271942
0.00908045
0.0212603
0.0339807
0.046793
0.0583783
0.0667149
0.0702636
0.0692847
0.0655295
0.0609747
0.0559838
0.0491664
0.0394515
0.0269056
0.0135062
0.00281541
-0.00280222
-0.00399706
-0.00325839
-0.00255558
-0.00251642
-0.00283441
-0.00278454
-0.00151861
0.00140945
0.00541857
0.00961738
0.0138113
0.0180128
0.022669
0.027997
0.0320456
0.0327456
0.0316779
0.0321354
0.0351898
0.0397762
0.0451189
0.050793
0.0562561
0.0611645
0.0655965
0.0689219
0.0693163
0.065554
0.0586165
0.0513411
0.045086
0.0392232
0.0331983
0.0273975
0.0228215
0.0203581
0.0196559
0.0189615
0.0165951
0.0126025
0.00913443
0.0083005
0.0104687
0.0141942
0.0166896
0.0160159
0.0134962
0.0126428
0.015329
0.0209181
0.0281076
0.0347601
0.0386438
0.0400413
0.0419516
0.0474911
0.0571527
0.0685484
0.078984
0.0875914
0.0947622
0.100687
0.106262
0.113151
0.121628
0.130661
0.140652
0.153381
0.168923
0.184566
0.197481
0.206961
0.214579
0.223978
0.238325
0.255583
0.269551
0.277494
0.284855
0.300612
0.327913
0.360981
0.391563
0.413544
0.42396
0.424666
0.421137
0.418981
0.421362
0.429677
0.443097
0.454962
0.454608
0.437133
0.409352
0.383505
0.365617
0.352612
0.338298
0.319194
0.296485
0.2742
0.255808
0.242251
0.233871
0.230659
0.230303
0.230001
0.229163
0.228464
0.228206
0.228241
0.228379
0.228533
0.228623
0.228557
0.228298
0.228022
0.228177
0.229366
0.231741
0.234078
0.233911
0.230202
0.224242
0.21762
0.210635
0.202688
0.193426
0.182834
0.169997
0.154129
0.136352
0.118898
0.103312
0.0891026
0.0744322
0.0582146
0.0402678
0.0209997
0.00264059
-0.0117569
-0.021175
-0.0275522
-0.0336294
-0.0408522
-0.0486933
-0.0559838
-0.0624424
-0.0685011
-0.0742651
-0.0791743
-0.0826172
-0.0850944
-0.0878634
-0.091338
-0.0956039
-0.10114
-0.108023
-0.11542
-0.122253
-0.129025
-0.137402
-0.147793
-0.159876
-0.172859
-0.184999
-0.195304
-0.204158
-0.212297
-0.219891
-0.225709
-0.22855
-0.229046
-0.228804
-0.228824
-0.228945
-0.228116
-0.225072
-0.21956
-0.213135
-0.207226
-0.20068
-0.191518
-0.179893
-0.167909
-0.15783
-0.150804
-0.146765
-0.144918
-0.143763
-0.141803
-0.1389
-0.136224
-0.134152
-0.131684
-0.12832
-0.125348
-0.123984
-0.123499
-0.122016
-0.118293
-0.113061
-0.108169
-0.10466
-0.101492
-0.0966509
-0.0899743
-0.0834391
-0.0784112
-0.0749877
-0.0732173
-0.0726186
-0.0717657
-0.0693776
-0.0658204
-0.0632105
-0.0633817
-0.0664668
-0.0710392
-0.0756927
-0.0796929
-0.0821416
-0.0825117
-0.0811459
-0.0789525
-0.0767743
-0.074462
-0.0716254
-0.0681858
-0.0643459
-0.0600431
-0.0545599
-0.0476502
-0.0397977
-0.0320585
-0.0250185
-0.0185193
-0.0122816
-0.00658054
-0.00234105
-0.000563557
-0.00126983
-0.00332436
-0.00557461
-0.00808547
-0.0113248
-0.0154642
-0.0200287
-0.0243766
-0.0281338
-0.0306692
-0.0317856
-0.031996
-0.0316346
-0.0303325
-0.0276185
-0.0241353
-0.021463
-0.0204055
-0.0207866
-0.0223861
-0.0250781
-0.028016
-0.0301183
-0.0318878
-0.035197
-0.0409303
-0.0475079
-0.0529345
-0.0575784
-0.0632672
-0.0714984
-0.0824384
-0.094945
-0.107589
-0.119231
-0.129244
-0.137985
-0.146726
-0.155975
-0.165181
-0.174543
-0.184963
-0.196271
-0.207087
-0.216455
-0.225214
-0.234952
-0.246137
-0.258326
-0.271279
-0.285307
-0.300466
-0.31569
-0.330019
-0.344092
-0.359134
-0.374715
-0.388735
-0.399715
-0.407934
-0.414472
-0.419548
-0.422159
-0.421505
-0.418483
-0.414298
-0.408525
-0.399668
-0.386417
-0.369474
-0.350883
-0.332119
-0.31334
-0.294075
-0.274249
-0.254673
-0.235891
-0.217602
-0.199405
-0.181575
-0.165065
-0.150598
-0.137922
-0.126323
-0.115597
-0.106025
-0.0975615
-0.0904144
-0.085795
-0.0840484
-0.0836227
-0.0824835
-0.0798063
-0.0765607
-0.0737266
-0.0708446
-0.0672675
-0.0631441
-0.0586893
-0.0543295
-0.0504167
-0.0468244
-0.0432992
-0.0389485
-0.0327252
-0.0242931
-0.0145275
-0.00508795
0.00333631
0.0112957
0.0193489
0.0280886
0.037604
0.0469202
0.0554109
0.0632504
0.0702589
0.0760962
0.0808487
0.0853012
0.089935
0.0940123
0.0966624
0.0986779
0.102139
0.106948
0.111194
0.114388
0.117317
0.120011
0.12236
0.125106
0.128801
0.133404
0.138906
0.144599
0.1491
0.151522
0.152694
0.154692
0.158833
0.164329
0.169328
0.17282
0.1759
0.180674
0.1877
0.196013
0.204891
0.213825
0.222276
0.229276
0.233334
0.23462
0.235815
0.240033
0.247928
0.257385
0.265603
0.269597
0.267429
0.261345
0.255635
0.251519
0.247322
0.241715
0.234662
0.226861
0.219658
0.214843
0.21294
0.212657
0.212611
0.212698
0.214046
0.217858
0.223595
0.228133
0.228638
0.226063
0.223446
0.222395
0.222652
0.223303
0.22333
0.221561
0.217057
0.209826
0.200608
0.190748
0.181348
0.172085
0.162518
0.153467
0.145729
0.138801
0.131803
0.124897
0.118906
0.113205
0.106274
0.0980612
0.0896833
0.082626
0.0780124
0.0748502
0.0705495
0.0638309
0.0556404
0.0469178
0.037692
0.0277503
0.0174152
0.00750333
-0.00158031
-0.00973571
-0.0171043
-0.0236263
-0.0295566
-0.0359321
-0.0424837
-0.047208
-0.0490759
-0.0490622
-0.0485889
-0.0483539
-0.0484029
-0.0485661
-0.0486881
-0.0486888
-0.0485918
-0.0485405
-0.0487359
-0.0492539
-0.0497482
-0.0492442
-0.046419
-0.0408131
-0.034222
-0.0295603
-0.0279721
-0.0284796
-0.0296743
-0.0304944
-0.0298284
-0.0264305
-0.0200591
-0.0132287
-0.00919625
-0.00802285
-0.00684766
-0.00295141
0.00359641
0.00980452
0.0131025
0.0136604
0.0130586
0.0124729
0.0122795
0.0124586
0.0128443
0.0130897
0.0125762
0.010623
0.00718441
0.00363101
0.0013068
-0.000289483
-0.00264032
-0.00624806
-0.0107181
-0.015963
-0.0217774
-0.0277272
-0.0336689
-0.0398461
-0.0466174
-0.0539277
-0.0611616
-0.067076
-0.0712908
-0.0758316
-0.0831563
-0.0931458
-0.104336
-0.115542
-0.12581
-0.134979
-0.144222
-0.154507
-0.16516
-0.174843
-0.183256
-0.190952
-0.198087
-0.204771
-0.211216
-0.217445
-0.222973
-0.226797
-0.228165
-0.227316
-0.225079
-0.222608
-0.220565
-0.219221
-0.218638
-0.217963
-0.215646
-0.210889
-0.205023
-0.200367
-0.196909
-0.191946
-0.183485
-0.172492
-0.161181
-0.15066
-0.140705
-0.130921
-0.120942
-0.11088
-0.101763
-0.0956891
-0.0935795
-0.0937446
-0.0935989
-0.0915215
-0.0878362
-0.0846361
-0.0837985
-0.085669
-0.089283
-0.0926791
-0.0944288
-0.0947553
-0.0946471
-0.094644
-0.0944568
-0.0932971
-0.090637
-0.0872374
-0.0847306
-0.0838029
-0.0839176
-0.0843646
-0.084771
-0.0849087
-0.0843163
-0.0823979
-0.0790268
-0.0748923
-0.070293
-0.0651312
-0.059749
-0.0547564
-0.0500025
-0.044856
-0.039696
-0.0358978
-0.034297
-0.0338687
-0.0323376
-0.0280083
-0.021534
-0.0157788
-0.0124053
-0.00999525
-0.00626861
-0.0012143
0.00384162
0.00885888
0.0146478
0.0216079
0.029547
0.0374063
0.0442527
0.0502608
0.0563762
0.0633856
0.0712872
0.0790578
0.0859347
0.09218
0.0983752
0.104622
0.110616
0.115997
0.120493
0.124374
0.128277
0.13234
0.136491
0.140346
0.143471
0.14633
0.1493
0.151746
0.153423
0.155244
0.157895
0.160896
0.164044
0.168252
0.173651
0.178837
0.182232
0.183905
0.185684
0.189279
0.194075
0.19732
0.196543
0.192211
0.187149
0.183919
0.183087
0.183683
0.184552
0.184687
0.183067
0.178998
0.173128
0.167348
0.16364
0.16254
0.162916
0.163172
0.162202
0.159909
0.157631
0.157484
0.159767
0.162964
0.166193
0.169313
0.171783
0.173584
0.175749
0.178915
0.18209
0.184314
0.186272
0.189092
0.192352
0.194557
0.194917
0.193486
0.190617
0.187242
0.184236
0.181208
0.177462
0.173303
0.169082
0.164934
0.161075
0.157585
0.154697
0.152031
0.148563
0.144229
0.139888
0.136221
0.133807
0.13239
0.13057
0.12718
0.122682
0.118211
0.114544
0.112313
0.11133
0.110461
0.108847
0.10709
0.106597
0.106926
0.106115
0.104146
0.10264
0.102103
0.101509
0.0996811
0.0967412
0.0946521
0.0950663
0.097416
0.100155
0.10142
0.100002
0.0965078
0.0930715
0.0909878
0.0893713
0.0867189
0.0828952
0.0788105
0.0752539
0.0729037
0.0713635
0.0688067
0.0637547
0.057059
0.0506589
0.0447208
0.0383944
0.0318168
0.0248656
0.0165512
0.00686148
-0.0037523
-0.0151237
-0.0269196
-0.0388786
-0.0512675
-0.0647765
-0.0798127
-0.0954678
-0.11002
-0.122904
-0.134935
-0.147032
-0.15932
-0.171106
-0.181215
-0.188933
-0.194936
-0.200616
-0.207016
-0.214513
-0.222622
-0.230087
-0.235842
-0.239463
-0.241367
-0.242217
-0.241912
-0.240847
-0.239992
-0.239207
-0.236981
-0.232042
-0.225176
-0.218474
-0.212465
-0.206424
-0.200575
-0.19528
-0.189848
-0.184142
-0.179258
-0.176498
-0.175889
-0.176145
-0.175684
-0.173412
-0.169391
-0.164633
-0.15996
-0.156265
-0.154356
-0.153981
-0.154206
-0.15436
-0.154341
-0.154315
-0.154398
-0.15445
-0.154001
-0.152422
-0.149532
-0.146144
-0.142996
-0.139791
-0.13653
-0.134211
-0.133336
-0.133351
-0.133524
-0.133537
-0.133448
-0.133413
-0.133517
-0.133632
-0.133329
-0.131982
-0.129282
-0.12593
-0.122867
-0.119794
-0.116
-0.111653
-0.106967
-0.10201
-0.0971468
-0.0924818
-0.0870179
-0.0794756
-0.0702341
-0.0607573
-0.0525702
-0.0455586
-0.0374722
-0.0268613
-0.0147776
-0.00331806
0.00637496
0.0152741
0.026375
0.0418599
0.0599759
0.0758944
0.0865779
0.0939238
0.101563
0.110863
0.121666
0.133481
0.145428
0.156784
0.167511
0.178374
0.189514
0.199772
0.207952
0.215281
0.225155
0.239089
0.25433
0.266455
0.273665
0.278328
0.284452
0.294263
0.307702
0.322378
0.334456
0.342777
0.349087
0.354023
0.356765
0.357376
0.357032
0.35684
0.357271
0.358163
0.358582
0.356745
0.350828
0.34118
0.331385
0.324535
0.320324
0.317472
0.315558
0.314708
0.315494
0.317725
0.319259
0.318929
0.31792
0.317466
0.317509
0.317127
0.315328
0.311799
0.30714
0.301477
0.294491
0.286678
0.278652
0.270639
0.262336
0.252691
0.241277
0.229019
0.217399
0.207547
0.199337
0.191657
0.18392
0.175901
0.167237
0.15772
0.147463
0.13692
0.12607
0.115046
0.104538
0.0949617
0.0863114
0.0781945
0.0688677
0.0570042
0.0429812
0.0284717
0.0151373
0.00343327
-0.0071814
-0.0180369
-0.0313545
-0.0487562
-0.0682139
-0.0851761
-0.0973981
-0.106318
-0.116058
-0.131519
-0.155697
-0.186938
-0.220051
-0.250661
-0.277158
-0.300545
-0.323306
-0.346745
-0.369782
-0.390302
-0.407461
-0.422807
-0.438072
-0.452378
-0.463176
-0.469417
-0.472667
-0.475077
-0.478355
-0.484733
-0.49612
-0.513004
-0.533436
-0.551284
-0.55749
-0.549105
-0.53639
-0.53446
-0.547719
-0.566801
-0.580169
-0.584522
-0.583656
-0.58194
-0.581141
-0.580766
-0.579291
-0.575285
-0.568096
-0.557472
-0.543826
-0.528425
-0.512974
-0.497748
-0.480784
-0.460239
-0.436594
-0.411682
-0.38684
-0.36237
-0.338084
-0.313695
-0.288858
-0.263374
-0.237455
-0.212072
-0.187901
-0.164265
-0.140766
-0.118431
-0.0986578
-0.0811305
-0.0641982
-0.0479056
-0.0333126
-0.0200951
-0.00687298
0.00688606
0.019855
0.0304517
0.0378108
0.0414774
0.0424925
0.0435625
0.0472418
0.0536857
0.059968
0.0635659
0.0646563
0.0642525
0.0622873
0.0580659
0.0524843
0.0491534
0.0514416
0.0587136
0.0681837
0.0780633
0.0868782
0.093683
0.0986248
0.101872
0.102355
0.10033
0.100046
0.104836
0.111829
0.115205
0.112149
0.104289
0.0962181
0.0919505
0.0911418
0.0905503
0.0887017
0.08683
0.0858208
0.0845044
0.0809228
0.0746589
0.0681122
0.0640862
0.0629482
0.0633352
0.0641069
0.0648616
0.0652887
0.0645073
0.0612559
0.0551877
0.0483587
0.0437189
0.0421095
0.0423383
0.0431189
0.0439029
0.0443948
0.0438466
0.0410871
0.0356079
0.0290942
0.0244197
0.0226975
0.0228689
0.0234969
0.0238926
0.0240025
0.0239095
0.0236353
0.0232415
0.0231093
0.0240774
0.0270968
0.0321627
0.0378631
0.0422833
0.0443171
0.044191
0.0427309
0.040635
0.0384259
0.036034
0.0326026
0.0276275
0.0218082
0.0160511
0.0108544
0.00592801
0.000356801
-0.00606939
-0.0121258
-0.0168931
-0.0215059
-0.0274845
-0.0339231
-0.0383638
-0.0399806
-0.0398344
-0.0391204
-0.0383442
-0.0378193
-0.0383515
-0.0412073
-0.0469606
-0.0538849
-0.0589137
-0.0608064
-0.0606659
-0.0600551
-0.0597121
-0.0596411
-0.0596329
-0.0595961
-0.0596166
-0.0598805
-0.0603947
-0.0606673
-0.0595492
-0.0557805
-0.0494653
-0.0433912
-0.0401802
-0.0390811
-0.0372199
-0.0326675
-0.0264137
-0.0212643
-0.0181035
-0.0148382
-0.00946741
-0.00343186
0.000321264
0.0016809
0.00330548
0.00760944
0.0141629
0.0198109
0.0222208
0.021936
0.0209698
0.0212982
0.0243534
0.030244
0.0368164
0.0413475
0.0438417
0.0469345
0.052593
0.0598165
0.067103
0.0743842
0.0814641
0.0881551
0.0947827
0.100851
0.106303
0.112625
0.120143
0.127579
0.134361
0.140064
0.144147
0.147795
0.15302
0.159502
0.164601
0.166826
0.167006
0.166585
0.166219
0.165824
0.165295
0.16507
0.166317
0.170344
0.176973
0.183324
0.186656
0.187074
0.186237
0.185502
0.185519
0.186589
0.188654
0.190848
0.191394
0.190126
0.192497
0.205028
0.225521
0.244214
0.253291
0.251675
0.243816
0.237312
0.23998
0.254499
0.274671
0.289575
0.291668
0.280507
0.262729
0.251818
0.262881
0.301895
0.357276
0.403217
0.412819
0.380471
0.333887
0.312749
0.33153
0.36765
0.390311
0.392216
0.386696
0.382179
0.369855
0.340146
0.307616
0.306424
0.350081
0.402987
0.408189
0.35203
0.281973
0.250771
0.263826
0.289278
0.301081
0.296316
0.282371
0.265146
0.248783
0.236555
0.229766
0.228257
0.232732
0.243137
0.253677
0.255084
0.244139
0.227329
0.213403
0.205862
0.203459
0.203216
0.201983
0.197743
0.190904
0.183721
0.177261
0.171095
0.165647
0.161549
0.15754
0.151916
0.145526
0.141126
0.139853
0.140205
0.139649
0.136292
0.130173
0.123881
0.120103
0.118777
0.117462
0.11361
0.106698
0.098252
0.0890326
0.0792803
0.0694956
0.0598564
0.0501783
0.040261
0.0297857
0.017705
0.00352746
-0.0116978
-0.0263412
-0.0382459
-0.0458795
-0.0505699
-0.0558707
-0.0645271
-0.0774014
-0.093391
-0.109171
-0.121981
-0.131357
-0.13902
-0.146893
-0.155304
-0.164501
-0.176008
-0.192252
-0.213718
-0.238268
-0.263473
-0.288167
-0.312361
-0.336399
-0.360558
-0.385112
-0.410107
-0.434995
-0.458608
-0.479506
-0.49722
-0.513223
-0.529518
-0.547746
-0.570542
-0.598824
-0.62805
-0.65146
-0.666225
-0.674607
-0.680973
-0.688197
-0.697085
-0.707607
-0.718449
-0.72728
-0.732889
-0.736757
-0.741408
-0.746563
-0.748528
-0.744963
-0.738314
-0.73185
-0.726196
-0.720191
-0.712076
-0.700242
-0.684419
-0.665125
-0.642259
-0.615434
-0.584859
-0.551022
-0.514701
-0.47773
-0.441817
-0.406918
-0.372589
-0.339209
-0.307746
-0.27916
-0.253304
-0.229453
-0.207569
-0.188143
-0.170496
-0.152444
-0.13358
-0.115987
-0.100771
-0.0876595
-0.0764195
-0.0662605
-0.0559173
-0.0447404
-0.0325468
-0.0187405
-0.00342489
0.0106711
0.0200213
0.0247834
0.0292912
0.0363265
0.0443882
0.0514173
0.0578278
0.0643282
0.0694242
0.0716001
0.0715341
0.0708728
0.0705295
0.07056
0.0707017
0.0707321
0.0705563
0.0703099
0.0704096
0.07142
0.0735324
0.0757795
0.0761721
0.0742373
0.071842
0.0705689
0.0704695
0.0711434
0.0726906
0.0764195
0.08422
0.0945422
0.101866
0.102676
0.100506
0.102279
0.107453
0.106155
0.0938583
0.0820842
0.0870516
0.109326
0.133415
0.146827
0.147683
0.140689
0.134387
0.135561
0.143133
0.150517
0.152595
0.148648
0.141293
0.134552
0.131138
0.13081
0.131574
0.131552
0.129805
0.126436
0.122684
0.119669
0.11715
0.114529
0.111699
0.107899
0.102075
0.0952539
0.0902295
0.088407
0.088873
0.0900008
0.0904065
0.0888003
0.0842421
0.0774236
0.0711646
0.0679378
0.067611
0.0683858
0.0684937
0.0668572
0.0634147
0.0595929
0.0571449
0.0563532
0.056377
0.0566581
0.0574961
0.0595303
0.0626789
0.0656163
0.0672753
0.0678645
0.0679101
0.067129
0.0645154
0.0596141
0.0535645
0.0484294
0.0457651
0.0454884
0.0462205
0.0463963
0.0448271
0.0412217
0.0370079
0.0345435
0.0351409
0.0385001
0.042772
0.0455897
0.0461789
0.0457276
0.0461627
0.0490118
0.0542273
0.0601018
0.0645242
0.0664935
0.0666244
0.0660942
0.0656389
0.0655144
0.0657827
0.0664049
0.0669913
0.0665491
0.0636913
0.0578397
0.050871
0.0460906
0.0447433
0.0450931
0.0442108
0.0399935
0.0328987
0.0262857
0.0228746
0.0224238
0.0233387
0.0244636
0.025131
0.024365
0.0208536
0.0142488
0.00704951
0.0025807
0.00145673
0.00212835
0.00305705
0.00340892
0.00258285
1.87644e-05
-0.00411868
-0.0087196
-0.0130408
-0.0167405
-0.0194947
-0.0213141
-0.0219187
-0.020969
-0.0194564
-0.018663
-0.0188064
-0.0196253
-0.0211049
-0.0231705
-0.0249861
-0.0261591
-0.0281975
-0.032214
-0.0369524
-0.0402382
-0.041368
-0.0412257
-0.040816
-0.0405701
-0.0404625
-0.0404273
-0.040487
-0.0407618
-0.0412203
-0.0414183
-0.040308
-0.0367055
-0.0305931
-0.0240722
-0.0184968
-0.0125554
-0.00510803
0.0035185
0.0133639
0.0239885
0.0341922
0.043614
0.0537692
0.0654813
0.0772545
0.0879637
0.0981356
0.108699
0.120573
0.133815
0.147147
0.159803
0.171988
0.184079
0.195608
0.20454
0.207507
0.202731
0.193898
0.192944
0.214773
0.258483
0.300021
0.313221
0.294909
0.265211
0.246713
0.246012
0.253147
0.2557
0.25241
0.253176
0.268668
0.296729
0.316078
0.308596
0.28479
0.269857
0.272672
0.282734
0.288591
0.288039
0.285364
0.284794
0.286487
0.288359
0.289305
0.289499
0.289399
0.289238
0.289083
0.288969
0.288999
0.289305
0.28988
0.290222
0.289123
0.285086
0.277821
0.268951
0.260389
0.253491
0.249114
0.246099
0.241352
0.232881
0.221801
0.210535
0.200346
0.191234
0.182811
0.173969
0.16449
0.155359
0.147488
0.14085
0.134155
0.126904
0.119534
0.112247
0.106223
0.103068
0.102334
0.101575
0.0984021
0.0925033
0.0861949
0.0815886
0.0778837
0.0730304
0.0669268
0.0608462
0.0545778
0.0471309
0.0390058
0.0313129
0.0247131
0.0189533
0.0122395
0.0030914
-0.00744926
-0.0167464
-0.0234042
-0.0287118
-0.034528
-0.0411547
-0.0487815
-0.0580071
-0.0678068
-0.0762388
-0.0819682
-0.0854023
-0.0889083
-0.0943564
-0.100988
-0.107307
-0.113523
-0.119979
-0.125989
-0.131624
-0.137717
-0.14393
-0.149832
-0.156387
-0.164164
-0.17229
-0.179761
-0.18594
-0.191368
-0.197738
-0.205619
-0.214014
-0.221804
-0.228127
-0.233461
-0.239675
-0.24757
-0.256149
-0.264031
-0.269867
-0.273608
-0.277228
-0.282459
-0.288385
-0.292941
-0.295586
-0.296792
-0.296455
-0.295055
-0.293798
-0.293281
-0.293392
-0.293878
-0.294444
-0.294382
-0.292413
-0.28741
-0.279873
-0.271975
-0.265192
-0.259323
-0.253339
-0.24635
-0.238255
-0.229762
-0.221321
-0.2133
-0.206328
-0.200955
-0.197588
-0.196388
-0.197395
-0.199728
-0.202464
-0.205499
-0.208552
-0.211391
-0.21453
-0.218031
-0.22074
-0.221891
-0.22192
-0.221645
-0.221484
-0.221418
-0.221288
-0.22103
-0.220821
-0.221149
-0.222627
-0.225389
-0.228324
-0.230057
-0.230997
-0.233264
-0.238535
-0.245891
-0.253009
-0.259256
-0.264925
-0.26961
-0.272427
-0.273289
-0.273064
-0.272619
-0.272345
-0.272332
-0.272617
-0.273111
-0.273322
-0.272203
-0.268607
-0.26272
-0.256879
-0.253111
-0.250461
-0.246289
-0.239885
-0.233683
-0.229292
-0.225456
-0.220898
-0.215864
-0.210899
-0.205487
-0.199071
-0.192589
-0.186766
-0.180864
-0.174709
-0.168957
-0.163083
-0.156252
-0.148974
-0.141864
-0.13525
-0.130111
-0.125916
-0.120015
-0.110904
-0.10009
-0.090003
-0.0813042
-0.0729502
-0.0640784
-0.0543193
-0.0438144
-0.0327579
-0.0216723
-0.0120053
-0.00501058
0.000208083
0.00644018
0.0153897
0.0265952
0.03784
0.0463332
0.051793
0.0567003
0.0629833
0.0703052
0.0765798
0.0805535
0.0834259
0.0870925
0.0920361
0.0977909
0.1042
0.111331
0.117911
0.122932
0.127574
0.132936
0.138055
0.142061
0.146198
0.151792
0.157813
0.162456
0.166194
0.170915
0.176895
0.18295
0.189119
0.19619
0.203894
0.211796
0.219974
0.228668
0.238257
0.24833
0.257931
0.267231
0.278325
0.292564
0.307631
0.318738
0.323253
0.324096
0.328086
0.339051
0.353378
0.363625
0.365733
0.362955
0.363138
0.371021
0.381649
0.384782
0.377461
0.36689
0.361672
0.364601
0.372005
0.376646
0.372761
0.360332
0.344764
0.333159
0.328968
0.329824
0.330942
0.330218
0.328861
0.32865
0.330478
0.333945
0.337114
0.337882
0.335879
0.332722
0.330258
0.328243
0.324807
0.319105
0.312935
0.308512
0.305649
0.302647
0.298902
0.294808
0.290959
0.287886
0.285045
0.281184
0.276053
0.270279
0.264206
0.257389
0.250023
0.242604
0.23449
0.225588
0.217214
0.210056
0.203082
0.1948
0.185234
0.176229
0.169222
0.164014
0.159313
0.153823
0.147787
0.142079
0.136142
0.129084
0.120876
0.11122
0.0998122
0.087426
0.0757484
0.0664454
0.0598294
0.05399
0.0466067
0.037693
0.0290623
0.0215911
0.0146964
0.00775607
0.00124609
-0.00443059
-0.0103996
-0.0176747
-0.0260735
-0.0355223
-0.0460191
-0.0570396
-0.0683602
-0.080483
-0.0930685
-0.10522
-0.117409
-0.130424
-0.143727
-0.156532
-0.168835
-0.180943
-0.193058
-0.205273
-0.217658
-0.23007
-0.242046
-0.252831
-0.261879
-0.269736
-0.277393
-0.285582
-0.295202
-0.306367
-0.317932
-0.328522
-0.337792
-0.346662
-0.355545
-0.363693
-0.371052
-0.378586
-0.38657
-0.392987
-0.394978
-0.39194
-0.386186
-0.380865
-0.377774
-0.376043
-0.372725
-0.3654
-0.354627
-0.342716
-0.331038
-0.319158
-0.306641
-0.294547
-0.283336
-0.272013
-0.26004
-0.248315
-0.238183
-0.230183
-0.223348
-0.216124
-0.207549
-0.198069
-0.18868
-0.179174
-0.168896
-0.158415
-0.148996
-0.140862
-0.133151
-0.125009
-0.115589
-0.104808
-0.0936175
-0.0831333
-0.0740742
-0.0673387
-0.0626646
-0.0580192
-0.0524374
-0.0473717
-0.0435574
-0.0392484
-0.0329236
-0.0255385
-0.0185449
-0.011952
-0.00481597
0.00339947
0.0120026
0.0198083
0.0268148
0.0330722
0.0377514
0.0413051
0.0456709
0.0515484
0.0575653
0.0628689
0.0679772
0.0730541
0.0774369
0.080955
0.0849168
0.0904305
0.0962501
0.10027
0.102396
0.104213
0.106519
0.108516
0.110121
0.113336
0.120181
0.129458
0.13647
0.136965
0.131458
0.124971
0.121852
0.122307
0.123671
0.123654
0.122538
0.121752
0.121837
0.122251
0.121825
0.119365
0.114694
0.11
0.108208
0.109176
0.110193
0.109166
0.10601
0.102561
0.100666
0.10052
0.101118
0.101295
0.100205
0.0977234
0.0951046
0.0945958
0.0965655
0.0989756
0.10028
0.100584
0.100468
0.099941
0.0984601
0.0956345
0.0917868
0.0870167
0.0808833
0.0735872
0.0664406
0.0613432
0.0587116
0.0568028
0.0539017
0.0504259
0.0483179
0.0488044
0.0516054
0.054939
0.0563248
0.0548406
0.0519932
0.0494183
0.0469077
0.0444391
0.0439628
0.0458591
0.048018
0.0489659
0.0488852
0.0483916
0.0473557
0.0451668
0.0419172
0.0390264
0.0376372
0.0374912
0.0377658
0.0379982
0.0381775
0.0384165
0.0386286
0.038409
0.0371845
0.0348029
0.0324004
0.0320353
0.0338199
0.0354992
0.0356405
0.0351164
0.035328
0.0357031
0.0348269
0.0329366
0.0321175
0.0335361
0.0357465
0.0371021
0.0377138
0.0387343
0.0407477
0.0427006
0.0426488
0.0405525
0.0383631
0.0373197
0.0371386
0.0370845
0.0368718
0.036643
0.0365361
0.0365287
0.0365608
0.0365985
0.0366384
0.0366792
0.0367112
0.036711
0.0366775
0.036635
0.0366598
0.0368306
0.0371146
0.0371589
0.0362612
0.0336779
0.0293211
0.0236335
0.0183529
0.0154003
0.0148188
0.0154146
0.0162191
0.0167679
0.0164895
0.014473
0.0101501
0.00464676
0.000176381
-0.00284229
-0.00557031
-0.00893006
-0.012922
-0.0171136
-0.0219495
-0.0281472
-0.0358768
-0.0443727
-0.0528229
-0.0611226
-0.0692055
-0.0772316
-0.0853452
-0.0933818
-0.101007
-0.107468
-0.112777
-0.117935
-0.123077
-0.127291
-0.13022
-0.133335
-0.138651
-0.146298
-0.155052
-0.164267
-0.173626
-0.182774
-0.191299
-0.199625
-0.208644
-0.218138
-0.227555
-0.236512
-0.244847
-0.25174
-0.255823
-0.257042
-0.256696
-0.256027
-0.255641
-0.255879
-0.25725
-0.260129
-0.264144
-0.268788
-0.274072
-0.279604
-0.284658
-0.289059
-0.293386
-0.297768
-0.30185
-0.305281
-0.307602
-0.30924
-0.311505
-0.314949
-0.318381
-0.320519
-0.321175
-0.320274
-0.317022
-0.310826
-0.302742
-0.294526
-0.287005
-0.280321
-0.273746
-0.266254
-0.258152
-0.249823
-0.241443
-0.233464
-0.225995
-0.219845
-0.215211
-0.210458
-0.204645
-0.199129
-0.194737
-0.189876
-0.18312
-0.17507
-0.166103
-0.156303
-0.145952
-0.135165
-0.124419
-0.114303
-0.104601
-0.0948162
-0.0845448
-0.0734281
-0.0618172
-0.0505886
-0.0403402
-0.0307557
-0.0217666
-0.0135483
-0.00595118
0.000959311
0.00622247
0.00949781
0.0123175
0.0163778
0.0216607
0.0269952
0.0317411
0.0364729
0.0414939
0.0460768
0.0494312
0.0519413
0.0546647
0.0576017
0.0603607
0.0634648
0.067376
0.0716023
0.0758236
0.0798892
0.0836935
0.0872155
0.0901233
0.0925601
0.0952017
0.098056
0.101155
0.105537
0.111595
0.11751
0.121563
0.124628
0.128558
0.133512
0.138181
0.141514
0.143863
0.146201
0.148757
0.152064
0.157664
0.165878
0.174245
0.179805
0.182586
0.185706
0.191778
0.199393
0.204748
0.207469
0.210554
0.214941
0.218433
0.220691
0.22511
0.233752
0.243817
0.251343
0.254804
0.254981
0.253256
0.250626
0.248316
0.247774
0.248329
0.247248
0.243881
0.240317
0.238199
0.236694
0.23516
0.235018
0.237213
0.240251
0.242188
0.242785
0.242824
0.242667
0.241787
0.239316
0.235185
0.230605
0.226609
0.22358
0.221337
0.218502
0.213652
0.207814
0.203818
0.201842
0.199755
0.196333
0.192156
0.189061
0.188299
0.189426
0.19079
0.190708
0.189395
0.188208
0.187548
0.186673
0.184784
0.182075
0.179511
0.176905
0.172594
0.165961
0.15953
0.15613
0.155532
0.155359
0.153521
0.149797
0.146048
0.144247
0.144651
0.146094
0.146668
0.144488
0.139976
0.135924
0.133707
0.131891
0.128379
0.122742
0.115673
0.107894
0.100254
0.0942352
0.0904194
0.0874871
0.0843058
0.08161
0.0802865
0.0797665
0.0787484
0.076639
0.074495
0.0743615
0.076453
0.0788303
0.0801046
0.0803118
0.0797094
0.0780493
0.0750935
0.0715604
0.0682693
0.0649803
0.0614957
0.0583971
0.0557096
0.0527682
0.0496166
0.0464915
0.0430024
0.0393984
0.0368506
0.0357095
0.0351472
0.0343811
0.0334743
0.032342
0.0300911
0.0270849
0.0248972
0.0242104
0.0245198
0.0250078
0.0249905
0.0238587
0.0213056
0.0180596
0.0155586
0.0139637
0.0117591
0.00758137
0.00165552
-0.00500347
-0.0116749
-0.0179028
-0.0232195
-0.0273903
-0.0313203
-0.0367015
-0.0446685
-0.0550534
-0.0663158
-0.0766064
-0.0853325
-0.0933735
-0.101547
-0.110394
-0.120029
-0.129541
-0.138201
-0.146377
-0.154665
-0.163788
-0.174115
-0.184763
-0.194576
-0.203746
-0.213087
-0.222191
-0.230253
-0.237498
-0.244608
-0.251507
-0.257413
-0.2625
-0.267781
-0.273361
-0.278488
-0.282692
-0.286188
-0.289161
-0.292635
-0.298562
-0.307266
-0.31602
-0.32153
-0.323299
-0.323518
-0.324585
-0.327326
-0.330771
-0.334077
-0.337548
-0.341148
-0.344215
-0.346944
-0.349944
-0.353142
-0.356549
-0.360287
-0.363015
-0.362858
-0.359776
-0.355234
-0.349932
-0.343775
-0.336729
-0.32897
-0.320229
-0.309444
-0.296367
-0.282142
-0.267397
-0.251973
-0.235535
-0.218105
-0.200166
-0.181984
-0.163258
-0.143618
-0.123463
-0.10439
-0.0878208
-0.0740872
-0.0632154
-0.054486
-0.0466896
-0.0386842
-0.0300331
-0.0212953
-0.0133342
-0.00751906
-0.00468174
-0.00327533
-0.000301925
0.00553789
0.0120299
0.0161372
0.0172987
0.0169188
0.0163441
0.0160737
0.0160558
0.0161308
0.0162092
0.0162898
0.0163849
0.0164225
0.0162036
0.0155429
0.0145817
0.0139756
0.0148754
0.0185317
0.0249618
0.0315532
0.0354399
0.0369339
0.0386573
0.0422884
0.0464231
0.048229
0.0475031
0.0466442
0.0476038
0.0504165
0.0532127
0.0542564
0.0539521
0.0535699
0.0529221
0.0516622
0.0509871
0.0514195
0.0509408
0.0480224
0.0435473
0.0390379
0.0358411
0.0346345
0.0348397
0.0351959
0.0344839
0.0320353
0.0283283
0.0248305
0.0220593
0.0190934
0.015155
0.00978564
0.00274304
-0.00491593
-0.0118543
-0.0179178
-0.0240389
-0.0313584
-0.040681
-0.0516198
-0.0625687
-0.0721514
-0.0801738
-0.0864061
-0.0905323
-0.0935097
-0.0966625
-0.0996248
-0.101259
-0.101726
-0.10242
-0.104499
-0.10754
-0.109368
-0.108331
-0.105341
-0.102608
-0.100781
-0.0987136
-0.0954887
-0.0913283
-0.0863551
-0.0806435
-0.0746194
-0.0685947
-0.0623466
-0.0552735
-0.0470875
-0.0382573
-0.0291754
-0.0203893
-0.0130418
-0.00716269
-0.00104282
0.00642803
0.0147589
0.0232825
0.0312165
0.0380424
0.0440417
0.0499299
0.056105
0.0623215
0.0677884
0.0715853
0.0738857
0.076686
0.0819791
0.0887243
0.0936536
0.0953389
0.0949477
0.0942386
0.0944103
0.0960748
0.0991814
0.10268
0.105801
0.10894
0.112143
0.114425
0.115253
0.115091
0.114626
0.114372
0.114876
0.116778
0.120264
0.124563
0.128991
0.133316
0.137392
0.141565
0.14587
0.149934
0.15329
0.155405
0.156816
0.159195
0.163582
0.169019
0.173537
0.175963
0.177013
0.178577
0.181704
0.184964
0.185368
0.182972
0.181338
0.182848
0.187447
0.193166
0.198064
0.202535
0.207632
0.211908
0.2124
0.208972
0.204715
0.201133
0.195935
0.188278
0.183276
0.18893
0.207249
0.228977
0.239959
0.23354
0.217422
0.206075
0.206487
0.213923
0.220333
0.222563
0.22283
0.223573
0.223953
0.222388
0.219809
0.218118
0.217828
0.218383
0.219105
0.219305
0.21798
0.214236
0.208488
0.202674
0.198863
0.197585
0.197449
0.196459
0.19349
0.189104
0.184411
0.18033
0.177854
0.17699
0.176328
0.17436
0.171029
0.167947
0.16636
0.166156
0.166534
0.166559
0.165335
0.162499
0.159013
0.156578
0.15583
0.156217
0.156983
0.157536
0.157106
0.154702
0.149924
0.14398
0.138857
0.135955
0.135198
0.135527
0.136106
0.136664
0.137009
0.13653
0.134269
0.129808
0.124249
0.119402
0.116097
0.113259
0.109109
0.103636
0.0985336
0.0955029
0.0945841
0.0940809
0.0921317
0.0884382
0.0848221
0.0833202
0.0845065
0.0877163
0.091512
0.0948985
0.0981317
0.101386
0.103905
0.105717
0.108077
0.111627
0.114982
0.116112
0.113881
0.108445
0.101737
0.096439
0.0930567
0.0896227
0.0847721
0.079243
0.07458
0.0715872
0.0701712
0.0697015
0.0691267
0.0686579
0.0689982
0.0689122
0.0671599
0.064703
0.0625487
0.0602504
0.0574161
0.0550748
0.0540432
0.0532817
0.0507764
0.0455738
0.0392025
0.0340871
0.0303005
0.0257877
0.0197066
0.0133925
0.0075169
0.00139434
-0.0048097
-0.0105102
-0.0165241
-0.0237381
-0.031801
-0.0401487
-0.0484122
-0.0565466
-0.0646542
-0.0725196
-0.0803269
-0.0883728
-0.0970549
-0.107099
-0.118514
-0.130377
-0.141895
-0.153102
-0.164895
-0.177317
-0.188783
-0.198394
-0.207396
-0.217201
-0.227861
-0.239132
-0.251584
-0.265059
-0.278448
-0.291299
-0.304091
-0.317217
-0.330138
-0.342021
-0.353694
-0.366805
-0.381276
-0.395794
-0.408673
-0.418594
-0.426406
-0.435181
-0.44635
-0.457884
-0.467698
-0.476043
-0.483792
-0.491356
-0.498894
-0.506152
-0.513342
-0.520452
-0.525916
-0.528601
-0.528949
-0.527606
-0.524468
-0.519475
-0.513329
-0.506677
-0.499532
-0.491784
-0.483425
-0.473926
-0.462969
-0.450863
-0.437803
-0.423444
-0.407594
-0.39075
-0.373206
-0.355579
-0.339254
-0.324262
-0.309601
-0.29472
-0.279937
-0.265772
-0.253036
-0.242961
-0.235302
-0.227433
-0.217571
-0.207119
-0.198875
-0.193673
-0.189445
-0.184352
-0.178999
-0.174212
-0.16894
-0.162394
-0.155893
-0.150189
-0.144294
-0.13838
-0.133278
-0.12805
-0.121667
-0.115721
-0.112533
-0.112109
-0.1124
-0.111135
-0.1071
-0.101286
-0.0965056
-0.0943162
-0.0934373
-0.0927184
-0.0924431
-0.0927395
-0.0926409
-0.0904556
-0.08501
-0.0776267
-0.0719826
-0.0701856
-0.0710372
-0.071925
-0.0706593
-0.0662435
-0.0596505
-0.0537119
-0.0500562
-0.0472095
-0.0428452
-0.0372819
-0.0330825
-0.0305282
-0.0264449
-0.0183719
-0.00940371
-0.00426863
-0.00159244
0.00258925
0.00788457
0.0111953
0.0116797
0.0112193
0.012411
0.016936
0.0241566
0.0305442
0.0333251
0.0332961
0.033381
0.0362084
0.0424243
0.0497169
0.0546635
0.0559107
0.055857
0.0591014
0.067869
0.079452
0.0891206
0.0940751
0.0955174
0.0972199
0.101978
0.108836
0.114131
0.11629
0.117345
0.120288
0.12606
0.132386
0.136301
0.13717
0.136447
0.136016
0.137426
0.141414
0.147003
0.15179
0.15462
0.155771
0.155944
0.156519
0.159299
0.165086
0.172104
0.177231
0.179185
0.179055
0.178331
0.17775
0.177561
0.178059
0.179628
0.182005
0.183555
0.183029
0.181607
0.180574
0.179862
0.179648
0.179914
0.179722
0.179115
0.179183
0.180058
0.180348
0.179338
0.178008
0.177458
0.178132
0.180146
0.183386
0.187961
0.193159
0.197005
0.19853
0.19849
0.198073
0.197865
0.1979
0.198029
0.198145
0.198209
0.198231
0.198231
0.198237
0.198258
0.198305
0.198373
0.198438
0.198436
0.198279
0.19793
0.197529
0.197282
0.19725
0.197339
0.197445
0.197498
0.197464
0.197346
0.197243
0.197345
0.197813
0.198473
0.198503
0.196451
0.191194
0.183844
0.177875
0.175399
0.175616
0.176824
0.177794
0.177511
0.174815
0.169214
0.162516
0.158018
0.157013
0.157642
0.157708
0.157141
0.156502
0.155178
0.151897
0.14649
0.140524
0.136033
0.134049
0.134121
0.135083
0.135763
0.134969
0.131558
0.125517
0.119058
0.11486
0.112901
0.110632
0.106006
0.0997805
0.0940005
0.088728
0.0826599
0.0766112
0.0725476
0.0698822
0.0661
0.0602911
0.0544354
0.0503327
0.047093
0.0429085
0.0376576
0.0327119
0.0292884
0.0273892
0.0261103
0.0234893
0.0184307
0.0129776
0.0098643
0.00929563
0.00926274
0.00755087
0.00310907
-0.00305339
-0.00855479
-0.0124864
-0.0165036
-0.0221609
-0.0287341
-0.0350505
-0.0413468
-0.0475194
-0.0526928
-0.057398
-0.063111
-0.0691537
-0.0737611
-0.0776505
-0.0830506
-0.0896283
-0.0943787
-0.0961298
-0.0969565
-0.099699
-0.105366
-0.112374
-0.118962
-0.125088
-0.130766
-0.135226
-0.138983
-0.143877
-0.150107
-0.155301
-0.157944
-0.159513
-0.162529
-0.16767
-0.173433
-0.177773
-0.179742
-0.179935
-0.179406
-0.178767
-0.178305
-0.178497
-0.180191
-0.183997
-0.189001
-0.192868
-0.194958
-0.196804
-0.19882
-0.200159
-0.200535
-0.200402
-0.200235
-0.200297
-0.200896
-0.202601
-0.205727
-0.209264
-0.211461
-0.211603
-0.210217
-0.208515
-0.208183
-0.210068
-0.213035
-0.214981
-0.214351
-0.211672
-0.208472
-0.205831
-0.20379
-0.202188
-0.201246
-0.200911
-0.200884
-0.201054
-0.201538
-0.202281
-0.202583
-0.201126
-0.19697
-0.19098
-0.185355
-0.182028
-0.181248
-0.181294
-0.17964
-0.174483
-0.16605
-0.156112
-0.146535
-0.138501
-0.131637
-0.125703
-0.12193
-0.12061
-0.119731
-0.116642
-0.110513
-0.103648
-0.09831
-0.0937636
-0.0885762
-0.0832675
-0.0785192
-0.0732508
-0.0668495
-0.0612154
-0.0574815
-0.0538651
-0.0485562
-0.0425875
-0.0374138
-0.0321897
-0.026146
-0.0208296
-0.017733
-0.0157773
-0.0128365
-0.00866017
-0.00534707
-0.00397034
-0.00318354
-0.00183642
4.94523e-05
0.00136816
0.000987285
-0.000901527
-0.00291373
-0.00397115
-0.00371681
-0.00287762
-0.00286165
-0.00308434
-0.00183644
0.000518435
0.00223919
0.00258305
0.00192082
0.00108748
0.0012043
0.00370029
0.00932397
0.0163078
0.0211293
0.022409
0.0217282
0.0216951
0.0243139
0.0299711
0.0363874
0.0407362
0.0433278
0.0468968
0.052711
0.0589095
0.0633959
0.0667094
0.0708916
0.0775952
0.0863099
0.0948891
0.101187
0.104927
0.107907
0.111473
0.114882
0.117685
0.120284
0.122127
0.12319
0.125097
0.12953
0.135887
0.141346
0.144275
0.146169
0.149666
0.155332
0.160796
0.163886
0.165354
0.16766
0.172163
0.177972
0.183011
0.185771
0.186405
0.18594
0.185033
0.1838
0.182424
0.18144
0.180304
0.177754
0.173903
0.169709
0.166281
0.164409
0.16357
0.16222
0.158984
0.15396
0.148785
0.145183
0.143281
0.141197
0.136824
0.130507
0.124994
0.122364
0.121331
0.11894
0.113525
0.106773
0.10186
0.0991699
0.0962797
0.0915114
0.0858126
0.081346
0.079347
0.0789942
0.0781031
0.0748289
0.069245
0.0632686
0.059078
0.0574877
0.0572536
0.0561425
0.0525603
0.0468547
0.0409066
0.0366321
0.0347659
0.0349369
0.0367608
0.040114
0.0443161
0.0485235
0.0521897
0.0544954
0.0550907
0.0546503
0.0543471
0.0552324
0.0577586
0.0611169
0.0636095
0.0644494
0.0642168
0.0637617
0.0634849
0.0633528
0.0631775
0.0628465
0.0625088
0.062663
0.0639809
0.0666759
0.0696711
0.0714735
0.0720502
0.0727727
0.0749167
0.0783465
0.0818748
0.0847965
0.0870548
0.0890552
0.090589
0.0909038
0.0897035
0.0870623
0.0835036
0.0800905
0.077249
0.0743306
0.0710793
0.0675599
0.0630937
0.057134
0.0508018
0.0453485
0.0402816
0.0346946
0.0285032
0.0220938
0.0159314
0.0103851
0.00546987
0.00041573
-0.00565964
-0.0121385
-0.0176796
-0.022472
-0.0274209
-0.0328475
-0.0386393
-0.0451035
-0.0521019
-0.058883
-0.0658133
-0.0734394
-0.0813339
-0.0889445
-0.0957993
-0.10225
-0.10943
-0.117217
-0.124957
-0.132391
-0.13909
-0.145542
-0.152494
-0.159829
-0.167163
-0.174051
-0.180561
-0.187348
-0.193765
-0.198985
-0.20363
-0.208722
-0.214709
-0.221646
-0.229187
-0.236705
-0.243647
-0.249285
-0.253585
-0.25765
-0.26202
-0.266268
-0.269951
-0.273267
-0.276038
-0.277513
-0.277433
-0.275953
-0.273086
-0.269101
-0.265329
-0.262837
-0.260762
-0.257369
-0.252254
-0.246345
-0.240155
-0.232903
-0.223922
-0.214075
-0.20431
-0.194921
-0.185877
-0.177298
-0.168376
-0.158269
-0.14787
-0.138964
-0.131877
-0.125187
-0.118197
-0.111284
-0.1048
-0.0987346
-0.0929192
-0.0871817
-0.0813511
-0.0753096
-0.0690441
-0.0628319
-0.0570154
-0.0517922
-0.0470358
-0.0421425
-0.0363536
-0.0303171
-0.0257114
-0.0226037
-0.0192481
-0.0145412
-0.00887229
-0.00324605
0.00159343
0.00562255
0.00978144
0.0147549
0.0203507
0.0260967
0.0316562
0.0367466
0.0410481
0.044728
0.0483486
0.0519179
0.0553126
0.0586179
0.0621319
0.066629
0.0724278
0.0788487
0.0843682
0.0883166
0.092132
0.0973273
0.103408
0.109721
0.116297
0.1224
0.126985
0.129678
0.131297
0.133254
0.136035
0.13922
0.142495
0.145611
0.14869
0.151842
0.154796
0.157558
0.160246
0.16324
0.167027
0.17156
0.176243
0.180259
0.182938
0.1845
0.185977
0.187734
0.18949
0.191379
0.19339
0.194607
0.194434
0.19339
0.192573
0.192866
0.194339
0.195716
0.195186
0.19257
0.189848
0.188604
0.187948
0.186062
0.182543
0.178144
0.174003
0.17056
0.167323
0.164212
0.161643
0.159278
0.156268
0.152718
0.149719
0.1475
0.145009
0.141441
0.137222
0.133007
0.129277
0.126169
0.122863
0.118513
0.113543
0.109148
0.105865
0.102744
0.0985447
0.0934247
0.0888074
0.0860149
0.0849753
0.0844875
0.0833072
0.0808406
0.0775785
0.0743719
0.0712542
0.0680025
0.0652176
0.0632465
0.0613559
0.0587809
0.0558377
0.05301
0.050041
0.0469006
0.0440955
0.0414972
0.0385084
0.0351309
0.0316332
0.0283258
0.025549
0.0229951
0.0201344
0.0170183
0.0137887
0.0104592
0.00697721
0.00307336
-0.00110693
-0.00522893
-0.00937996
-0.0140348
-0.0187348
-0.0222162
-0.0244906
-0.0271142
-0.0311124
-0.0361035
-0.040837
-0.0439671
-0.0447756
-0.0445184
-0.0467856
-0.0559752
-0.0744609
-0.0975895
-0.113123
-0.113616
-0.103781
-0.0945533
-0.0932592
-0.0994689
-0.108616
-0.116916
-0.123289
-0.128699
-0.134142
-0.139206
-0.142928
-0.144983
-0.146079
-0.147647
-0.150532
-0.153954
-0.156844
-0.15937
-0.161976
-0.16427
-0.165346
-0.165001
-0.16418
-0.164037
-0.164925
-0.166098
-0.166778
-0.166771
-0.165831
-0.163993
-0.162021
-0.160418
-0.158856
-0.156652
-0.153549
-0.150142
-0.146968
-0.143678
-0.140131
-0.137187
-0.135588
-0.13525
-0.135478
-0.135024
-0.132679
-0.128536
-0.123886
-0.119775
-0.116416
-0.113839
-0.111797
-0.10959
-0.106875
-0.104263
-0.10235
-0.100559
-0.09761
-0.0929518
-0.0879159
-0.0840298
-0.0809215
-0.077394
-0.0731685
-0.0687889
-0.0647989
-0.0613776
-0.0581237
-0.0544679
-0.0502912
-0.0458396
-0.0414434
-0.0374616
-0.0342374
-0.0319015
-0.0299799
-0.0277453
-0.0250809
-0.0220322
-0.0184874
-0.014642
-0.0109371
-0.00764648
-0.00468573
-0.0015064
0.00233215
0.00633049
0.00983149
0.0129492
0.0158082
0.0184021
0.021208
0.0243213
0.0274545
0.0307369
0.0340258
0.036817
0.0393684
0.0424404
0.0461866
0.0498268
0.052314
0.0536721
0.0549886
0.0569777
0.0594115
0.0618171
0.0641395
0.0664366
0.0682643
0.0696598
0.0713706
0.0736919
0.0761006
0.0778557
0.0786017
0.078763
0.0791958
0.0801855
0.0809901
0.0807615
0.0794206
0.0775867
0.0762599
0.0757434
0.0750619
0.0735439
0.0718354
0.0707558
0.0704574
0.0705776
0.0704439
0.0695187
0.068008
0.0663246
0.0645484
0.0627903
0.0614723
0.0605554
0.059627
0.0586949
0.057832
0.0567093
0.0548753
0.0523563
0.0495988
0.0469029
0.0446461
0.0433139
0.0428244
0.0422198
0.0407911
0.039032
0.0377591
0.0369433
0.035865
0.0340228
0.0318329
0.0302379
0.0296625
0.0293591
0.0283296
0.0266763
0.0252663
0.0245087
0.0241776
0.0240178
0.0240401
0.0243497
0.0248022
0.0249154
0.0244029
0.0234008
0.0224031
0.0217883
0.0214906
0.0212487
0.0208466
0.0202221
0.0194984
0.0189269
0.018265
0.0169113
0.0148382
0.0124341
0.00987917
0.00717527
0.00479057
0.00312662
0.00170879
-3.82786e-05
-0.00196208
-0.00341926
-0.00403544
-0.00402713
-0.00391151
-0.00408959
-0.00466694
-0.00543911
-0.00622481
-0.00681365
-0.00701684
-0.00691675
-0.0067744
-0.00680535
-0.00704143
-0.0072974
-0.00743909
-0.00763607
-0.0078347
-0.00783813
-0.00785306
-0.00813377
-0.00880598
-0.00996834
-0.0113913
-0.0125828
-0.0132238
-0.0135712
-0.0143206
-0.0158161
-0.0173933
-0.0181662
-0.0180575
-0.0175314
-0.0169701
-0.0165002
-0.016142
-0.0159304
-0.015897
-0.0159499
-0.0158038
-0.0153719
-0.0149435
-0.0146753
-0.0145121
-0.0145638
-0.0147955
-0.0148848
-0.0146731
-0.014262
-0.0138066
-0.0133713
-0.0129673
-0.0125996
-0.0122885
-0.0120305
-0.0117612
-0.0113463
-0.010683
-0.0098116
-0.00890751
-0.00806094
-0.00738039
-0.00695609
-0.00672413
-0.00653725
-0.00629772
-0.00600132
-0.00568374
-0.00536958
-0.00506613
-0.00477402
-0.00449438
-0.00422138
-0.00393984
-0.00363043
-0.00329418
-0.0029768
-0.00278498
-0.00284414
-0.00316806
-0.00351948
-0.00361913
-0.00343676
-0.00311204
-0.00272767
-0.00225611
-0.00166726
-0.00107715
-0.000706178
-0.000505538
-0.000156303
0.000383733
0.000871514
0.00122697
0.00164477
0.0023556
0.00335188
0.00437087
0.00510732
0.00546492
0.00563959
0.00593489
0.00653046
0.00732911
0.00809114
0.00865394
0.00908778
0.00959861
0.0102411
0.0109148
0.0116724
0.0125553
0.0134119
0.0141634
0.0149212
0.0157165
0.0165226
0.0173307
0.0180383
0.0185496
0.0188757
0.019094
0.0193228
0.0196412
0.0199834
0.0202882
0.0205871
0.0208107
0.0208062
0.0206101
0.0204572
0.0205192
0.0206865
0.0206858
0.0204116
0.0200142
0.0197161
0.0196316
0.0196904
0.0197183
0.0195652
0.0192118
0.018743
0.0182389
0.0177317
0.0172279
0.0167363
0.0162738
0.0157864
0.0151704
0.0144436
0.01374
0.0131707
0.012709
0.0122331
0.0116738
0.0110868
0.0105667
0.0101282
0.00973073
0.00936821
0.00905149
0.00877296
0.00851707
0.00827584
0.00804206
0.00779043
0.00747365
0.00705216
0.00655428
0.0060781
0.00572309
0.00549326
0.00529262
0.00505688
0.00475976
0.00436745
0.00390029
0.00347877
0.0031844
0.00296846
0.00274692
0.00250301
0.00225716
0.00200611
0.00176185
0.00156849
0.00143566
0.00131637
0.00115681
0.000944872
0.000710951
0.000482325
0.000290516
0.000164028
9.54345e-05
5.29822e-05
6.50299e-06
-6.82049e-05
-0.000190101
-0.000358676
-0.000537213
-0.000682047
-0.000784013
-0.000862875
-0.000930763
-0.000999948
-0.00108815
-0.00119078
-0.00127536
-0.00132402
-0.00135188
-0.0013825
-0.00142556
-0.00147141
-0.00151277
-0.00156723
-0.00163644
-0.00169214
-0.00171689
-0.00171671
-0.00170956
-0.00171698
-0.00174663
-0.00178347
-0.00181654
-0.00185319
-0.00190514
-0.00196822
-0.00202699
-0.00207869
-0.00212876
-0.00216891
-0.00218862
-0.00219421
-0.00220546
-0.00224176
-0.00230759
-0.00238174
-0.00243309
-0.00245124
-0.00244891
-0.00244185
-0.00243863
-0.00244346
-0.0024599
-0.00248845
-0.00252032
-0.00254261
-0.0025538
-0.0025632
-0.00257819
-0.00259507
-0.00260374
-0.00260454
-0.00260603
-0.00260766
-0.0026049
-0.00259832
-0.00259318
-0.00259629
-0.00260938
-0.00262884
-0.00265051
-0.00267168
-0.00269046
-0.00270529
-0.00271681
-0.00272981
-0.00274891
-0.00277289
-0.00279676
-0.00281753
-0.00283778
-0.0028622
-0.00289132
-0.0029215
-0.00294919
-0.0029741
-0.00299866
-0.00302476
-0.00305433
-0.00308868
-0.00312658
-0.00316589
-0.00320567
-0.00324581
-0.00328562
-0.00332372
-0.00336052
-0.00339782
-0.0034364
-0.00347584
-0.00351557
-0.00355535
-0.00359517
-0.00363508
-0.00367512
-0.00371531
-0.00375562
-0.00379608
-0.00383665
-0.00387733
-0.00391805
-0.00395883
-0.00399972
-0.00404091
-0.00408259
-0.00412479
-0.00416714
-0.00420894
-0.00424995
-0.0042906
-0.00433133
-0.00437245
-0.00441405
-0.004456
-0.00449817
-0.00454051
-0.00458288
-0.00462522
-0.00466755
-0.00470991
-0.00475234
-0.00479484
-0.00483725
-0.00487949
-0.00492168
-0.00496402
-0.00500658
-0.00504925
-0.00509183
-0.00513428
-0.00517672
-0.00521923
-0.0052618
-0.00530438
-0.00534693
-0.00538948
-0.00543207
-0.00547473
-0.00551747
-0.00556027
-0.00560312
-0.00564602
-0.00568896
-0.00573193
-0.00577494
-0.00581798
-0.00586105
-0.00590413
-0.00594723
-0.00599035
-0.00603348
-0.00607661
-0.00611975
-0.00616289
-0.00620603
-0.00624917
-0.00629231
-0.00633543
-0.00637855
-0.00642166
-0.00646476
-0.00650785
-0.00655093
-0.00659399
0
0
