0.0113236
0.0113015
0.0112729
0.0112517
0.0112241
0.0112042
0.0111777
0.0111573
0.0111274
0.0111024
0.0110735
0.0110653
0.0110673
0.0110716
0.0110537
0.0110419
0.011004
0.0109555
0.0109355
0.010967
0.0110227
0.0110784
0.0110294
0.0108619
0.0107528
0.0107265
0.0106844
0.0106631
0.0106668
0.0106761
0.0106387
0.0105602
0.0104802
0.0104962
0.0105833
0.0107737
0.0110116
0.0111907
0.0111676
0.0110464
0.0109506
0.0110134
0.0112062
0.0114549
0.0116431
0.0116997
0.0116393
0.0114858
0.0112674
0.0112284
0.0112322
0.0110615
0.0106925
0.0102192
0.00982066
0.00947461
0.00918441
0.00926697
0.00971796
0.0099644
0.0100752
0.0103188
0.0106378
0.0110155
0.0114236
0.0117292
0.0117254
0.011586
0.0114493
0.0114002
0.0114372
0.0115208
0.0114751
0.0112714
0.0111043
0.0112433
0.0116562
0.0115599
0.0106763
0.0101848
0.0101226
0.0102813
0.0105016
0.0106807
0.0106586
0.0104963
0.0105287
0.0110232
0.0115228
0.0120991
0.0129677
0.0134233
0.0127937
0.01194
0.0111141
0.0103672
0.0102069
0.0108206
0.0113039
0.0117007
0.0121318
0.0122875
0.0119188
0.0113006
0.010422
0.00958232
0.00926828
0.0097309
0.0104138
0.0111152
0.011633
0.012655
0.0142284
0.0149048
0.0142953
0.0133537
0.0127258
0.0129507
0.0135291
0.0136844
0.0127853
0.0119528
0.0123364
0.0128002
0.0126462
0.0119791
0.0116186
0.0122814
0.0130544
0.012949
0.0113908
0.0094153
0.00854452
0.00866342
0.00971266
0.0111696
0.0115174
0.0097406
0.00799552
0.00781063
0.00955291
0.0117352
0.0124758
0.012635
0.0122805
0.0111412
0.00996239
0.00976185
0.00999276
0.0104486
0.0114585
0.0123616
0.0122461
0.0116569
0.0108369
0.00953165
0.00818129
0.00761137
0.00783856
0.00867196
0.00939895
0.00970405
0.00968251
0.0101631
0.011737
0.0143347
0.0177643
0.0206773
0.0222786
0.0236116
0.0240101
0.022933
0.0216079
0.0202338
0.0171095
0.0117526
0.0059427
0.00272224
0.00319062
0.00356668
0.00285618
0.00198692
0.00422354
0.0105208
0.0156277
0.0187584
0.0206151
0.0214425
0.0212974
0.0206634
0.0196444
0.0183591
0.0165196
0.0139805
0.0112462
0.00881069
0.00671715
0.003281
-0.00168413
-0.0048365
-0.00472257
-0.00257767
-1.69845e-05
0.00157151
0.00153412
0.000635316
0.000941334
0.00244818
0.00497204
0.00823782
0.0116608
0.0139983
0.0146139
0.0135223
0.0117965
0.00973653
0.00777736
0.0070327
0.00837264
0.0107558
0.0131686
0.0145556
0.0154965
0.0165668
0.0165018
0.0135358
0.00751697
0.00116457
-0.00178596
-0.00135566
0.00281396
0.00963847
0.0154967
0.0172209
0.0185452
0.0204122
0.0222288
0.02156
0.0169801
0.0118706
0.0068308
0.00307413
0.00173611
0.00349649
0.00634179
0.00866755
0.00846574
0.00601077
0.00374593
0.00661513
0.0140477
0.021067
0.0259262
0.0264394
0.0218112
0.0136354
0.00553905
0.000131222
-0.00142233
-0.00214502
-0.00535802
-0.0121403
-0.0220796
-0.0304179
-0.0296468
-0.0172888
-0.00505689
0.00545342
0.0115909
0.00630598
-0.0112314
-0.0248734
-0.0255375
-0.0152837
-0.00451369
0.00503073
0.0145549
0.019723
0.0136169
-0.00387013
-0.0146367
-0.0130472
-0.00157496
0.0108424
0.021466
0.0285189
0.0254946
0.00957763
-0.00763863
-0.0199594
-0.0236351
-0.0157594
-0.00504824
0.00134829
0.00195168
-0.0028219
-0.00718645
-0.0104871
-0.0148597
-0.0198195
-0.022185
-0.0166148
-0.00230109
0.0111144
0.0242075
0.0391457
0.0534161
0.0614396
0.0597201
0.0542943
0.0459914
0.0343625
0.0155711
-0.00679361
-0.0165256
-0.0128058
-0.0120253
-0.0204197
-0.0397687
-0.0624202
-0.080818
-0.0830819
-0.0619879
-0.0234281
0.0141598
0.0399287
0.0528128
0.0597615
0.0603033
0.0475613
0.0217093
0.00331164
-0.00278115
0.00129565
0.00799299
0.0142184
0.0177489
0.0162729
0.0106493
0.00819435
0.0098789
0.0115563
0.0145457
0.0191355
0.0212317
0.0176979
0.00914985
0.000706885
-0.000560246
0.00477329
0.0148176
0.0255035
0.0378161
0.052276
0.0667746
0.0791551
0.0867123
0.0859627
0.073798
0.0508409
0.0205524
-0.00578855
-0.0216229
-0.0241031
-0.0218937
-0.0170037
-0.0103381
-0.00498773
-0.00401259
-0.00752295
-0.0140546
-0.0190296
-0.0196539
-0.0163119
-0.0144408
-0.0153992
-0.0140149
0.000979577
0.0329422
0.0620823
0.0781703
0.0793411
0.0672904
0.0457962
0.0143757
-0.0185989
-0.0324186
-0.0360699
-0.0380954
-0.03857
-0.037267
-0.0389955
-0.0487913
-0.0674929
-0.0852649
-0.093055
-0.0790366
-0.039166
0.00600234
0.0413279
0.0643373
0.0752168
0.0687023
0.0523949
0.0296941
0.014394
0.0103641
0.0163163
0.0224452
0.0273226
0.0305052
0.0312582
0.0292758
0.0248484
0.0122231
-0.0125381
-0.0421195
-0.0736032
-0.103679
-0.129305
-0.142818
-0.136548
-0.106493
-0.0568476
-0.0101183
0.0172683
0.0257883
0.0276766
0.0296579
0.0395502
0.0555256
0.0731929
0.0830907
0.087867
0.0902714
0.0820313
0.0559278
0.0184944
-0.0204951
-0.0480246
-0.0624995
-0.0656504
-0.0646713
-0.0631678
-0.0602548
-0.0522603
-0.0307903
0.00508996
0.0377695
0.0553884
0.0670706
0.0721922
0.0684659
0.0553296
0.0367025
0.0165952
-0.00440907
-0.0247508
-0.0389634
-0.0380494
-0.0198416
-0.00203217
0.0164249
0.0348527
0.0418745
0.031514
0.00934954
-0.0154625
-0.0289534
-0.0287076
-0.0191947
-0.0127411
-0.0122723
-0.0186599
-0.0300828
-0.0405061
-0.0399942
-0.0337889
-0.0272172
-0.0206892
-0.0133085
-0.00608982
-0.00246648
-0.00874388
-0.0303568
-0.0683344
-0.110175
-0.138954
-0.14035
-0.118431
-0.09327
-0.07455
-0.0636865
-0.0622867
-0.0644563
-0.0605185
-0.0510521
-0.0381466
-0.0268082
-0.0171862
-0.00889548
-0.000185937
0.00871698
0.0147026
0.0167943
0.0171093
0.0160063
0.0122729
0.00169711
-0.0143218
-0.0275599
-0.0363051
-0.0406873
-0.0429826
-0.043549
-0.042275
-0.0390004
-0.0328998
-0.0244919
-0.0142242
-0.00478555
0.000718862
0.00150911
0.00487544
0.0133587
0.0245684
0.0344657
0.0409493
0.0497364
0.0596006
0.0604733
0.0503342
0.0348432
0.0175568
-0.00130658
-0.0224141
-0.038933
-0.0471997
-0.0630231
-0.0889452
-0.108914
-0.112687
-0.100924
-0.0726582
-0.0319407
0.0157801
0.0712835
0.117258
0.127418
0.102319
0.0496344
-0.00083768
-0.0326701
-0.0432762
-0.0473507
-0.0427631
-0.022062
0.0165846
0.0543973
0.0519126
0.0152062
0.027638
0.0511834
0.0514261
0.0371976
0.0136343
-0.0118944
-0.0367747
-0.0527812
-0.0544143
-0.0422519
-0.0286519
-0.0156473
-0.00570166
0.00176446
0.00393576
-0.000189676
-0.00569331
-0.00562497
-0.00203673
0.00442109
0.0159444
0.0378196
0.057487
0.0565765
0.0456565
0.0292966
0.00867197
-0.0187853
-0.0553977
-0.0961832
-0.140542
-0.179626
-0.193419
-0.166163
-0.109142
-0.0596673
-0.0368072
-0.0430652
-0.0583269
-0.0751518
-0.0805996
-0.0854334
-0.100043
-0.119955
-0.141782
-0.155692
-0.146964
-0.10644
-0.046741
-0.00144739
0.0203622
0.0221709
0.00978999
-0.00631152
-0.0119362
-0.0105079
-0.00570097
-0.00102323
-0.000469086
-0.00947251
-0.0318326
-0.0590785
-0.0716746
-0.0690567
-0.0571101
-0.0479065
-0.0422675
-0.0387589
-0.0382871
-0.0407023
-0.0438744
-0.0437716
-0.0331641
-0.00697072
0.0207786
0.0435366
0.0562984
0.0522791
0.0244679
-0.0177239
-0.0620213
-0.0877196
-0.0920377
-0.0740212
-0.04649
-0.02232
0.00201643
0.0258279
0.041476
0.0453408
0.0460136
0.036636
0.00951159
-0.0301896
-0.0789707
-0.132707
-0.176631
-0.195043
-0.190507
-0.173167
-0.158281
-0.145317
-0.128423
-0.105169
-0.0787836
-0.0614313
-0.0677855
-0.0946069
-0.124047
-0.145558
-0.152068
-0.138888
-0.119494
-0.102745
-0.08763
-0.0787903
-0.0847803
-0.104097
-0.12042
-0.127824
-0.119262
-0.0913005
-0.0502031
-2.0961e-05
0.0476633
0.0658835
0.0384193
5.30926e-05
-0.0324387
-0.0641013
-0.101871
-0.147366
-0.191111
-0.213479
-0.206214
-0.179086
-0.14373
-0.0970951
-0.0482281
-0.0144154
-0.0159786
-0.0557161
-0.0981346
-0.109038
-0.0761953
-0.0143244
0.0487233
0.102412
0.128309
0.0980635
0.0143056
-0.0974039
-0.194465
-0.24327
-0.223832
-0.163983
-0.0943837
-0.0357719
0.00991782
0.0380974
0.0389236
0.00392084
-0.0585371
-0.128107
-0.197034
-0.263552
-0.315203
-0.327526
-0.287804
-0.219405
-0.147456
-0.0800498
-0.0250188
0.00318234
0.00229736
-0.0115601
-0.0216464
-0.031299
-0.0414989
-0.0452854
-0.03869
-0.0300419
-0.0315476
-0.0500922
-0.0840743
-0.125581
-0.177497
-0.224757
-0.24794
-0.227784
-0.173058
-0.112497
-0.0589969
-0.0191252
-0.00536298
-0.0160607
-0.0276109
-0.0122256
0.00742597
0.0159301
0.00706303
-0.0223769
-0.0570341
-0.0878666
-0.119092
-0.15242
-0.182663
-0.19981
-0.197522
-0.182563
-0.161302
-0.131374
-0.104739
-0.0885564
-0.0874842
-0.106849
-0.13817
-0.159104
-0.158442
-0.13541
-0.102857
-0.0685606
-0.0349161
-0.00776257
0.000730225
-0.0138207
-0.0267903
-0.0283006
-0.0200558
-0.00230159
0.0228206
0.0426814
0.0520009
0.0490093
0.0409188
0.0332915
0.00991434
-0.0381667
-0.1029
-0.175019
-0.232673
-0.261322
-0.259048
-0.235273
-0.192582
-0.129531
-0.0391573
0.0552644
0.111606
0.124448
0.0784651
0.0110083
-0.0452768
-0.0882676
-0.107435
-0.100557
-0.0716052
-0.036465
-0.00892884
0.0134174
0.0350763
0.045883
0.0323554
-0.00812159
-0.0532013
-0.0843985
-0.0991032
-0.109867
-0.136534
-0.18966
-0.250933
-0.291659
-0.283187
-0.231656
-0.14033
-0.0501311
0.0238171
0.0655749
0.0653177
0.0239368
-0.0468396
-0.0967973
-0.120731
-0.120297
-0.0852402
-0.015918
0.0521544
0.0950369
0.0925117
0.0644513
0.040752
0.0565934
0.129547
0.229528
0.307162
0.326377
0.266364
0.136768
-0.0203553
-0.124612
-0.153432
-0.131912
-0.114488
-0.127296
-0.183389
-0.279508
-0.367258
-0.395401
-0.33724
-0.24741
-0.195305
-0.196665
-0.210451
-0.221079
-0.213614
-0.166507
-0.107357
-0.0518765
-0.0175056
0.000385798
0.02241
0.0567654
0.106555
0.157617
0.198446
0.22773
0.238947
0.228941
0.182746
0.0994459
-0.0153519
-0.14041
-0.232103
-0.302123
-0.318172
-0.233055
-0.102836
-0.0107073
0.000805709
-0.0215669
-0.0547444
-0.0884642
-0.117447
-0.13352
-0.13288
-0.129783
-0.137345
-0.15998
-0.188446
-0.202098
-0.202339
-0.196273
-0.193351
-0.180831
-0.150244
-0.125459
-0.125681
-0.144227
-0.18357
-0.233451
-0.279121
-0.314958
-0.346887
-0.348853
-0.311785
-0.255083
-0.184181
-0.122626
-0.0916599
-0.094123
-0.145829
-0.227454
-0.297076
-0.335722
-0.320996
-0.260898
-0.182075
-0.0999949
-0.0428171
-0.014828
-0.000303077
0.0164088
0.0319964
0.0389445
0.0237148
-0.0281494
-0.116543
-0.229595
-0.341473
-0.41717
-0.443694
-0.412692
-0.347962
-0.304495
-0.277625
-0.24571
-0.206723
-0.165705
-0.126565
-0.0883548
-0.0478578
0.00156879
0.0641516
0.123439
0.136228
0.0966429
-0.00871122
-0.1568
-0.310865
-0.418305
-0.466182
-0.480838
-0.473841
-0.451997
-0.42981
-0.410537
-0.405558
-0.429404
-0.473298
-0.512503
-0.549081
-0.58632
-0.618248
-0.637303
-0.634269
-0.602198
-0.540785
-0.466652
-0.393208
-0.3129
-0.220224
-0.112096
0.010244
0.141486
0.267352
0.376357
0.472644
0.541162
0.557388
0.538091
0.511308
0.485248
0.466007
0.433809
0.372694
0.288973
0.222024
0.193908
0.192206
0.191314
0.180122
0.14907
0.0953593
0.0219984
-0.0632716
-0.155653
-0.247343
-0.327389
-0.383324
-0.39091
-0.343289
-0.269925
-0.201869
-0.163061
-0.166333
-0.201317
-0.284423
-0.409239
-0.57026
-0.758353
-0.919474
-1.01056
-1.09739
-1.15527
-1.14338
-1.10063
-1.0508
-1.00875
-0.977756
-0.958578
-0.945554
-0.937164
-0.93144
-0.933994
-0.938118
-0.919171
-0.874771
-0.820216
-0.780626
-0.768906
-0.76271
-0.756912
-0.753472
-0.753577
-0.756863
-0.764202
-0.776291
-0.788737
-0.795041
-0.790558
-0.782356
-0.775579
-0.774107
-0.775383
-0.765875
-0.721845
-0.626317
-0.497018
-0.378477
-0.269562
-0.164923
-0.0715421
0.00701312
0.0620565
0.0936927
0.109426
0.111571
0.116466
0.12492
0.131734
0.12931
0.104578
0.0550591
0.00485256
-0.0449239
-0.0911307
-0.124898
-0.153154
-0.184376
-0.2331
-0.305737
-0.395641
-0.478275
-0.542214
-0.591264
-0.631279
-0.660044
-0.677466
-0.685355
-0.682782
-0.662665
-0.615645
-0.542734
-0.46457
-0.388225
-0.306282
-0.21494
-0.11401
-0.0152884
0.0739588
0.145749
0.184118
0.193017
0.183337
0.155264
0.127097
0.096937
0.0646071
0.0445473
0.0607182
0.113148
0.195504
0.282265
0.373916
0.464434
0.539595
0.583037
0.581534
0.564991
0.524789
0.474172
0.423144
0.386768
0.38344
0.406008
0.445386
0.483942
0.516665
0.544085
0.562385
0.569713
0.562728
0.556471
0.550184
0.542053
0.536019
0.532946
0.522693
0.493942
0.443652
0.373929
0.296519
0.224881
0.165197
0.13136
0.132038
0.16046
0.208605
0.256849
0.291436
0.302675
0.296092
0.305052
0.346694
0.426667
0.53074
0.635715
0.715983
0.76205
0.792612
0.820117
0.848881
0.876998
0.891016
0.88272
0.861915
0.842103
0.845363
0.883974
0.955471
1.04096
1.11407
1.17048
1.2199
1.27263
1.32673
1.36894
1.38091
1.37699
1.36806
1.34347
1.29557
1.23339
1.16998
1.11534
1.06765
1.01335
0.957955
0.919016
0.895954
0.883499
0.869518
0.851222
0.826656
0.793962
0.731389
0.609718
0.419396
0.159368
-0.124441
-0.38626
-0.603116
-0.72877
-0.803113
-0.847303
-0.864065
-0.849186
-0.802533
-0.746961
-0.687644
-0.63564
-0.589843
-0.545439
-0.5013
-0.453619
-0.399173
-0.341789
-0.297704
-0.273841
-0.255538
-0.230958
-0.181089
-0.102571
-0.00696445
0.0818354
0.150485
0.213386
0.267854
0.304018
0.317465
0.322347
0.325746
0.335766
0.348572
0.35632
0.357992
0.349483
0.328102
0.297461
0.271633
0.246215
0.218356
0.188663
0.151241
0.0979069
0.0270139
-0.0623078
-0.16043
-0.248387
-0.316901
-0.361681
-0.388341
-0.395294
-0.375973
-0.341833
-0.303432
-0.259334
-0.200331
-0.125653
-0.0421653
0.0335331
0.107807
0.193474
0.29306
0.403271
0.512513
0.59904
0.648871
0.667225
0.662549
0.633044
0.593888
0.554282
0.523298
0.502705
0.491609
0.483802
0.477055
0.468778
0.451305
0.407838
0.32836
0.232626
0.118016
-0.0349871
-0.204612
-0.385749
-0.56514
-0.716241
-0.826441
-0.865737
-0.832709
-0.723801
-0.54248
-0.297082
-0.016638
0.292196
0.588382
0.797608
0.934508
1.00661
1.03528
1.0235
0.98739
0.95986
0.957827
0.997525
1.06796
1.16162
1.23854
1.29213
1.34469
1.42486
1.52182
1.61342
1.69556
1.76388
1.81563
1.84004
1.83102
1.77935
1.69628
1.61564
1.56953
1.53842
1.49866
1.44444
1.39641
1.40469
1.48236
1.56844
1.61953
1.62923
1.6064
1.58243
1.56993
1.56175
1.55342
1.54159
1.5218
1.4937
1.46611
1.44076
1.41577
1.38712
1.35545
1.32887
1.31473
1.32665
1.37223
1.45298
1.54708
1.61165
1.61548
1.58417
1.54717
1.50139
1.42129
1.29378
1.14071
1.02226
0.950695
0.911978
0.883049
0.843874
0.791048
0.731879
0.686222
0.684669
0.744062
0.81637
0.871798
0.919993
0.968097
1.01473
1.05086
1.05991
1.02596
0.957862
0.858089
0.746122
0.641936
0.557676
0.500889
0.460909
0.435726
0.42562
0.42118
0.423518
0.427452
0.427298
0.420361
0.411749
0.407772
0.417531
0.449209
0.493135
0.533642
0.572649
0.611398
0.645368
0.670197
0.687748
0.697555
0.693376
0.667732
0.612641
0.533748
0.460396
0.398247
0.331825
0.274332
0.23692
0.212567
0.196681
0.187009
0.179355
0.17079
0.157659
0.141783
0.125139
0.108212
0.0856476
0.0529366
0.0151763
-0.0203548
-0.0432649
-0.0511407
-0.0457628
-0.0396872
-0.0325921
-0.0237253
-0.0153209
-0.00816624
0.000843897
0.0181793
0.0507944
0.0998236
0.170641
0.259309
0.365821
0.48798
0.625342
0.773862
0.914325
1.0288
1.12
1.19854
1.25709
1.29015
1.31374
1.33378
1.35345
1.36417
1.35802
1.3416
1.32212
1.31063
1.30474
1.29968
1.28977
1.27599
1.26128
1.24827
1.23572
1.21808
1.20072
1.19138
1.1862
1.17903
1.16214
1.13727
1.10595
1.06154
0.998689
0.926407
0.860848
0.804577
0.752937
0.701975
0.650323
0.592891
0.517406
0.408586
0.259482
0.0733825
-0.12805
-0.317953
-0.475379
-0.591373
-0.68023
-0.736205
-0.778238
-0.800207
-0.796844
-0.77663
-0.756266
-0.743343
-0.748577
-0.778945
-0.814872
-0.850989
-0.882421
-0.899023
-0.912993
-0.939651
-0.986103
-1.04501
-1.10264
-1.1552
-1.20809
-1.26797
-1.33381
-1.39975
-1.45916
-1.51159
-1.55648
-1.60051
-1.66459
-1.76177
-1.88192
-1.99431
-2.06212
-2.07344
-2.07114
-2.07268
-2.08462
-2.10744
-2.12566
-2.12401
-2.09086
-2.04144
-1.9917
-1.97503
-2.00219
-2.06553
-2.16903
-2.26056
-2.30716
-2.30309
-2.24236
-2.14814
-2.04688
-1.949
-1.8712
-1.80472
-1.73076
-1.64131
-1.52271
-1.37124
-1.20134
-1.00767
-0.797607
-0.603267
-0.473911
-0.421838
-0.412847
-0.419498
-0.44247
-0.488668
-0.546274
-0.597366
-0.632931
-0.65097
-0.656952
-0.653321
-0.649668
-0.654444
-0.676065
-0.714643
-0.766788
-0.816903
-0.853091
-0.873291
-0.883471
-0.885613
-0.8843
-0.894636
-0.919197
-0.952357
-0.98827
-0.985472
-0.913595
-0.786555
-0.605919
-0.411571
-0.243646
-0.125874
-0.0691336
-0.0466444
-0.0409057
-0.0430953
-0.0602098
-0.0790245
-0.0965934
-0.118359
-0.140671
-0.16443
-0.195665
-0.232294
-0.267319
-0.298139
-0.32541
-0.350946
-0.374439
-0.385088
-0.370675
-0.339389
-0.297691
-0.25109
-0.202995
-0.1633
-0.137501
-0.122534
-0.107818
-0.0777994
-0.0320706
0.0248913
0.0786775
0.125586
0.160659
0.179
0.182852
0.167514
0.135273
0.0960235
0.0516151
0.00457705
-0.0416505
-0.0851796
-0.125853
-0.167751
-0.217149
-0.280307
-0.365904
-0.475992
-0.584411
-0.666279
-0.713464
-0.734474
-0.744144
-0.747123
-0.751259
-0.751514
-0.744493
-0.735455
-0.726048
-0.715648
-0.702201
-0.683939
-0.660521
-0.635793
-0.620614
-0.618164
-0.619447
-0.607147
-0.56823
-0.512263
-0.444537
-0.375425
-0.308026
-0.248449
-0.200801
-0.160869
-0.119217
-0.0771621
-0.0349187
0.0127538
0.0705824
0.134959
0.196682
0.251824
0.299442
0.348266
0.402773
0.455925
0.500776
0.536051
0.563094
0.591382
0.613582
0.616836
0.59546
0.541887
0.45841
0.353779
0.246236
0.146224
0.077726
0.0592514
0.0601818
0.0712585
0.0831052
0.0964029
0.113065
0.131735
0.151553
0.170865
0.1896
0.208383
0.229047
0.251703
0.272421
0.280711
0.265986
0.231654
0.188993
0.149419
0.110359
0.0683359
0.0201777
-0.0345298
-0.086935
-0.135052
-0.180295
-0.222142
-0.254231
-0.272681
-0.285857
-0.296074
-0.306492
-0.318482
-0.33243
-0.345924
-0.353384
-0.3463
-0.315428
-0.254599
-0.177397
-0.0887187
-0.00391559
0.0768155
0.154271
0.217427
0.263091
0.300684
0.335375
0.37727
0.420425
0.453268
0.474961
0.487059
0.499763
0.514523
0.528548
0.538576
0.542999
0.542982
0.537705
0.525365
0.512109
0.492345
0.4616
0.427556
0.40162
0.382018
0.366855
0.352712
0.337909
0.319772
0.295617
0.266813
0.235314
0.198048
0.156145
0.114864
0.0686349
0.011338
-0.0595232
-0.148822
-0.257943
-0.382875
-0.526152
-0.663384
-0.764855
-0.838406
-0.883388
-0.895429
-0.876978
-0.83633
-0.783123
-0.730686
-0.673563
-0.60563
-0.532225
-0.466103
-0.407761
-0.361194
-0.342883
-0.360014
-0.421394
-0.517498
-0.647411
-0.797908
-0.927985
-1.02751
-1.08522
-1.09999
-1.10625
-1.10534
-1.1068
-1.1076
-1.10441
-1.10157
-1.09988
-1.09719
-1.08813
-1.0697
-1.04668
-1.02368
-1.01083
-1.02807
-1.08287
-1.16296
-1.2408
-1.31133
-1.37432
-1.42171
-1.45021
-1.47008
-1.48483
-1.49747
-1.51268
-1.52856
-1.54019
-1.54701
-1.53841
-1.49475
-1.40022
-1.24617
-1.03875
-0.797282
-0.581968
-0.448331
-0.38343
-0.371546
-0.393038
-0.41907
-0.452204
-0.47871
-0.486375
-0.470443
-0.439016
-0.396807
-0.351371
-0.303421
-0.251439
-0.197079
-0.141019
-0.0869686
-0.0373417
0.00608727
0.0450016
0.0833188
0.116387
0.138412
0.153134
0.161285
0.163072
0.159092
0.154893
0.148757
0.142044
0.141187
0.148968
0.170203
0.208011
0.254166
0.309085
0.378928
0.462776
0.559368
0.661961
0.758601
0.841959
0.914597
0.971634
1.01049
1.02727
1.02996
1.02341
1.00976
0.980261
0.903209
0.749986
0.503906
0.165953
-0.212609
-0.503649
-0.698891
-0.755696
-0.737293
-0.660007
-0.534086
-0.389198
-0.238862
-0.108648
-0.0056872
0.0923168
0.184885
0.282739
0.39176
0.506704
0.609452
0.700495
0.783811
0.849978
0.889806
0.912141
0.913235
0.91051
0.907833
0.902089
0.884495
0.839544
0.76183
0.648377
0.504727
0.335234
0.141801
-0.0251653
-0.132482
-0.167654
-0.140645
-0.0841553
-0.0220534
0.0442227
0.121639
0.200049
0.269643
0.333262
0.391744
0.448846
0.505622
0.562436
0.616557
0.661386
0.691857
0.701898
0.695856
0.671817
0.634402
0.588209
0.537006
0.485915
0.437341
0.39352
0.354254
0.328084
0.324393
0.342903
0.377096
0.423617
0.480045
0.527094
0.563085
0.592058
0.618675
0.643067
0.659364
0.665168
0.665538
0.665161
0.671633
0.689817
0.718073
0.74059
0.756863
0.772961
0.79664
0.832927
0.874909
0.918625
0.956669
0.992226
1.02869
1.06615
1.10243
1.13514
1.16952
1.21107
1.25451
1.29351
1.32521
1.34954
1.37128
1.3926
1.41642
1.44353
1.46908
1.48565
1.49511
1.50044
1.50479
1.50755
1.50648
1.50198
1.49151
1.47142
1.4416
1.41065
1.38377
1.36248
1.34116
1.31982
1.29775
1.27234
1.23519
1.17559
1.08275
0.956827
0.817931
0.682521
0.567522
0.481132
0.419469
0.377044
0.341136
0.306329
0.272581
0.230602
0.164498
0.0721148
-0.0358561
-0.141485
-0.233485
-0.30407
-0.356395
-0.383638
-0.383663
-0.358118
-0.331279
-0.299658
-0.263555
-0.236714
-0.222663
-0.224019
-0.236838
-0.265603
-0.313567
-0.379863
-0.454253
-0.507833
-0.533868
-0.531313
-0.5105
-0.53267
-0.584031
-0.55159
-0.505067
-0.463672
-0.426204
-0.401572
-0.391479
-0.387633
-0.381361
-0.374231
-0.369287
-0.371271
-0.37533
-0.379308
-0.383997
-0.3878
-0.386385
-0.38384
-0.38436
-0.390095
-0.396762
-0.396948
-0.393969
-0.390106
-0.381733
-0.365074
-0.341495
-0.321938
-0.315696
-0.322147
-0.342198
-0.372977
-0.412989
-0.460795
-0.521282
-0.595382
-0.671517
-0.743723
-0.805047
-0.848123
-0.871152
-0.875291
-0.874623
-0.872434
-0.86742
-0.847417
-0.807915
-0.76875
-0.731806
-0.69586
-0.660623
-0.625887
-0.597561
-0.581358
-0.575643
-0.585913
-0.615435
-0.66011
-0.712589
-0.758158
-0.796813
-0.831236
-0.862499
-0.886102
-0.899115
-0.907029
-0.911462
-0.907103
-0.886728
-0.844372
-0.779617
-0.694506
-0.604177
-0.512864
-0.427251
-0.352248
-0.29161
-0.2405
-0.194646
-0.151463
-0.11084
-0.0773771
-0.0472755
-0.0103396
0.0311272
0.0722856
0.115498
0.160993
0.202938
0.234853
0.251279
0.253757
0.241363
0.214727
0.17063
0.106642
0.0200214
-0.0740156
-0.142103
-0.194135
-0.239493
-0.285789
-0.332752
-0.377565
-0.420203
-0.463764
-0.50746
-0.535862
-0.541941
-0.53236
-0.512391
-0.50078
-0.522926
-0.5149
-0.504916
-0.50391
-0.501711
-0.503621
-0.50473
-0.490037
-0.449932
-0.390521
-0.323251
-0.255516
-0.188439
-0.136677
-0.113213
-0.104874
-0.115403
-0.145775
-0.185002
-0.236753
-0.303645
-0.380258
-0.464729
-0.558309
-0.644209
-0.704576
-0.749453
-0.771131
-0.76455
-0.725192
-0.658987
-0.581636
-0.487249
-0.368933
-0.228786
-0.0885001
0.0225552
0.102199
0.160543
0.19564
0.211554
0.212286
0.205918
0.207264
0.213827
0.217148
0.211292
0.195102
0.177609
0.160024
0.139262
0.106378
0.0583352
0.00283444
-0.056124
-0.120983
-0.19643
-0.275989
-0.347447
-0.400281
-0.437074
-0.458105
-0.465712
-0.464208
-0.4613
-0.455566
-0.443642
-0.425218
-0.399114
-0.364682
-0.319961
-0.26616
-0.216978
-0.168413
-0.118708
-0.085113
-0.0742891
-0.0637728
-0.0526852
-0.043981
-0.0395041
-0.0402748
-0.0411193
-0.0425257
-0.0457494
-0.052597
-0.0606702
-0.0634476
-0.0673177
-0.0791047
-0.08928
-0.0935028
-0.0929538
-0.0905282
-0.087711
-0.0851357
-0.0806927
-0.0737055
-0.066786
-0.0606856
-0.0519071
-0.043889
-0.0416031
-0.0449574
-0.0511243
-0.0520797
-0.0521273
-0.0570268
-0.0613791
-0.0621434
-0.0590048
-0.0531773
-0.0446829
-0.0338853
-0.0191615
-0.00208125
0.0136845
0.0252684
0.0340999
0.0395247
0.0420018
0.0435154
0.0408612
0.0245975
-0.0076607
-0.0519188
-0.100061
-0.146646
-0.183019
-0.202872
-0.205187
-0.20534
-0.202791
-0.192823
-0.169263
-0.130663
-0.0931324
-0.0581349
-0.0273834
-0.00846084
-0.00738118
-0.0161955
-0.0322323
-0.0516539
-0.0734914
-0.102062
-0.137294
-0.166055
-0.177443
-0.178933
-0.168341
-0.132001
-0.0550225
0.0547753
0.160927
0.258835
0.342338
0.409664
0.468424
0.507052
0.524479
0.531727
0.536982
0.541709
0.543525
0.53932
0.529909
0.514909
0.494007
0.464463
0.426271
0.38455
0.343841
0.30807
0.288607
0.294261
0.320414
0.356051
0.388126
0.419494
0.454059
0.490736
0.52528
0.555481
0.586272
0.618794
0.649302
0.666134
0.665287
0.663656
0.661621
0.657722
0.652292
0.64412
0.632458
0.616647
0.596908
0.572147
0.540548
0.503482
0.466305
0.42974
0.388298
0.344266
0.308938
0.281304
0.257711
0.239402
0.230926
0.234799
0.255262
0.292132
0.330075
0.362079
0.379185
0.38016
0.356178
0.295544
0.191179
0.0632704
-0.0615
-0.177747
-0.290553
-0.406441
-0.481111
-0.530303
-0.556549
-0.562575
-0.549329
-0.521307
-0.482965
-0.437206
-0.401025
-0.373503
-0.352326
-0.343376
-0.347915
-0.352223
-0.360151
-0.378779
-0.409225
-0.451976
-0.500464
-0.548415
-0.589955
-0.631097
-0.674553
-0.714365
-0.747349
-0.772608
-0.791951
-0.810985
-0.837385
-0.861827
-0.873779
-0.880494
-0.885015
-0.888264
-0.890257
-0.890697
-0.889772
-0.887214
-0.882862
-0.876642
-0.870276
-0.867472
-0.861452
-0.84533
-0.825403
-0.806074
-0.785105
-0.758419
-0.724087
-0.686681
-0.647221
-0.602027
-0.554032
-0.51331
-0.481993
-0.462886
-0.456281
-0.465523
-0.489444
-0.528322
-0.577598
-0.631788
-0.684071
-0.729012
-0.773611
-0.818016
-0.858254
-0.894615
-0.922944
-0.936657
-0.941383
-0.939669
-0.929382
-0.911805
-0.884762
-0.84824
-0.803268
-0.748464
-0.682233
-0.594966
-0.474709
-0.330715
-0.20936
-0.132749
-0.0687244
-0.0175444
0.0232272
0.0526203
0.0721073
0.0830901
0.0846937
0.0794119
0.0708264
0.0636802
0.0543669
0.0418396
0.0310162
0.0185715
0.00192816
-0.0112746
-0.0213743
-0.0344046
-0.0470143
-0.054857
-0.0609554
-0.0667745
-0.0726
-0.0773206
-0.0801082
-0.0819482
-0.0820017
-0.08205
-0.0909488
-0.112298
-0.134474
-0.158465
-0.186067
-0.213116
-0.239978
-0.269309
-0.294628
-0.308768
-0.316271
-0.318611
-0.317792
-0.313948
-0.30819
-0.304472
-0.301725
-0.296985
-0.291027
-0.285324
-0.28103
-0.278957
-0.276906
-0.266504
-0.242138
-0.210793
-0.174008
-0.132423
-0.0843576
-0.0330685
0.00814912
0.0368969
0.0606316
0.0752633
0.0779462
0.0739233
0.0634977
0.0506789
0.0325326
0.00712775
-0.0210465
-0.0495124
-0.0753804
-0.0962977
-0.109051
-0.11265
-0.102028
-0.0742068
-0.0334993
0.0154417
0.064683
0.115331
0.166872
0.214672
0.254922
0.289967
0.321405
0.352526
0.38446
0.418209
0.453467
0.490633
0.528531
0.564086
0.59177
0.607501
0.610804
0.611763
0.60887
0.597067
0.583453
0.570907
0.552722
0.528932
0.502961
0.476021
0.450034
0.42767
0.412672
0.405942
0.401171
0.397815
0.397203
0.396955
0.394456
0.388482
0.378352
0.366593
0.351189
0.329943
0.309915
0.292425
0.268348
0.242964
0.224567
0.209032
0.1984
0.196178
0.19703
0.202141
0.2135
0.224358
0.23477
0.245708
0.257224
0.269019
0.280709
0.291887
0.302832
0.314705
0.329759
0.349024
0.369591
0.389178
0.408423
0.427897
0.44835
0.469988
0.491875
0.510211
0.519236
0.516842
0.512203
0.501876
0.484343
0.459452
0.43353
0.408058
0.381033
0.352547
0.32567
0.307102
0.301965
0.305249
0.312438
0.318076
0.323213
0.329732
0.337921
0.347467
0.356003
0.359238
0.352917
0.339927
0.330381
0.322819
0.310297
0.284167
0.240816
0.193853
0.148758
0.105491
0.063146
0.0232801
-0.0117176
-0.0421307
-0.0668962
-0.0857114
-0.0990559
-0.108818
-0.114488
-0.114267
-0.104297
-0.0872502
-0.0621928
-0.0368926
-0.0121769
0.0102769
0.0242521
0.0261459
0.0193202
0.0150359
0.0117912
0.00651138
-0.0010466
-0.00828555
-0.00896352
0.00336995
0.0262296
0.0467189
0.0654123
0.0849281
0.105484
0.126828
0.147984
0.168176
0.186944
0.204909
0.220486
0.231641
0.238885
0.240486
0.233717
0.220841
0.206703
0.190493
0.170516
0.149797
0.129234
0.108238
0.0864519
0.0642652
0.0434839
0.0273234
0.0177418
0.0111975
0.00718477
0.00912346
0.0165273
0.0328043
0.0545669
0.0750128
0.0954649
0.117462
0.140179
0.160273
0.172901
0.1774
0.183233
0.190475
0.19726
0.20348
0.209155
0.214773
0.220458
0.226279
0.231948
0.237333
0.24257
0.248645
0.257026
0.26837
0.28018
0.29109
0.302621
0.31742
0.337272
0.359889
0.381524
0.402577
0.423899
0.445927
0.468828
0.491957
0.513274
0.529709
0.540388
0.550889
0.563117
0.576218
0.588527
0.596532
0.596154
0.588835
0.586961
0.586402
0.581005
0.575345
0.569504
0.559652
0.548559
0.539067
0.526089
0.510171
0.495124
0.472746
0.438653
0.403499
0.367361
0.328281
0.286169
0.24596
0.215867
0.193319
0.1768
0.166119
0.162291
0.164568
0.17179
0.181314
0.186626
0.187517
0.185281
0.180287
0.171247
0.15766
0.137726
0.112445
0.0907739
0.0809567
0.0867353
0.0978802
0.105591
0.112468
0.121095
0.132041
0.143672
0.151873
0.151087
0.140781
0.132072
0.125526
0.119456
0.113835
0.107637
0.102723
0.102252
0.108532
0.121911
0.145753
0.179952
0.228532
0.285301
0.328653
0.354142
0.372509
0.383063
0.386813
0.380414
0.366696
0.347296
0.32354
0.299631
0.274183
0.244952
0.211022
0.172544
0.132985
0.0949605
0.060225
0.0282481
0.000155059
-0.0226423
-0.0396413
-0.0500386
-0.0520907
-0.0472671
-0.0383011
-0.0301838
-0.0207409
-0.00655364
0.0123961
0.0307323
0.0479249
0.0650562
0.0831313
0.103309
0.12482
0.142673
0.147045
0.13092
0.103836
0.0733807
0.0436914
0.0129594
-0.0179546
-0.0428694
-0.0559787
-0.0594943
-0.0570672
-0.0561347
-0.0551763
-0.0516777
-0.0470309
-0.0459444
-0.0561201
-0.0797267
-0.104178
-0.126106
-0.148387
-0.172077
-0.197083
-0.221036
-0.240342
-0.251821
-0.255983
-0.25455
-0.247956
-0.237849
-0.228234
-0.218641
-0.208597
-0.198212
-0.187478
-0.176068
-0.164004
-0.152603
-0.145247
-0.145535
-0.151874
-0.156545
-0.160084
-0.164514
-0.170506
-0.177529
-0.182595
-0.180644
-0.168431
-0.151331
-0.132901
-0.111921
-0.0821367
-0.0345273
0.0346286
0.110175
0.170182
0.205553
0.220623
0.223485
0.214016
0.191652
0.164586
0.13514
0.105986
0.0844766
0.0742811
0.0670345
0.0655715
0.0710601
0.0749016
0.0747615
0.0748803
0.0851646
0.109629
0.12984
0.134648
0.136229
0.132953
0.123317
0.114059
0.108856
0.103838
0.0993023
0.0976135
0.100262
0.106949
0.112897
0.118822
0.126058
0.133772
0.141837
0.151042
0.158521
0.160733
0.161972
0.163808
0.161387
0.153344
0.141526
0.123402
0.0988321
0.0760386
0.0565556
0.040285
0.0259308
0.013321
0.00330992
-0.0050703
-0.0137623
-0.0225112
-0.030317
-0.0361523
-0.0394856
-0.0416441
-0.0404667
-0.0346949
-0.0242147
-0.00973874
0.00402408
0.0171948
0.0306955
0.0446389
0.0593105
0.074655
0.0899151
0.102736
0.109789
0.110439
0.110866
0.108624
0.0999462
0.0787134
0.0472221
0.019643
-0.00165261
-0.0183441
-0.0365872
-0.0577743
-0.073828
-0.0812713
-0.0834922
-0.0839914
-0.086071
-0.0921008
-0.0958118
-0.0899625
-0.0864756
-0.0913118
-0.0928613
-0.0927766
-0.0967186
-0.104967
-0.114907
-0.120451
-0.127058
-0.139691
-0.149905
-0.154152
-0.161629
-0.171503
-0.180161
-0.188025
-0.194076
-0.196955
-0.198238
-0.201484
-0.208613
-0.218245
-0.223903
-0.225807
-0.226424
-0.226931
-0.229951
-0.236546
-0.236988
-0.221636
-0.197744
-0.166219
-0.128057
-0.0882917
-0.0548394
-0.0285149
-0.0113046
-0.0008424
0.000691527
-0.00403746
-0.0130715
-0.0260383
-0.0408526
-0.0580861
-0.0764052
-0.0926274
-0.103473
-0.109417
-0.110462
-0.109188
-0.109979
-0.115306
-0.124478
-0.13406
-0.140678
-0.14773
-0.155327
-0.160884
-0.165652
-0.171898
-0.178888
-0.182792
-0.177252
-0.159034
-0.137204
-0.117963
-0.099079
-0.0782568
-0.0545518
-0.029388
-0.00761231
0.00768704
0.0202721
0.0343655
0.0512582
0.0620164
0.0636907
0.0681503
0.0716974
0.0647004
0.0449793
0.0170115
-0.00917723
-0.0344876
-0.0599705
-0.0829554
-0.0996824
-0.106671
-0.104541
-0.0928344
-0.0803107
-0.0692756
-0.0578764
-0.0453899
-0.0313451
-0.016117
-0.0016335
0.0078563
0.00819893
0.0023159
0.00220467
0.0120093
0.0309639
0.0595519
0.085803
0.110681
0.137406
0.165246
0.190752
0.207429
0.210241
0.20259
0.18392
0.167086
0.152015
0.13517
0.116388
0.096192
0.078464
0.0686086
0.0706586
0.082048
0.0983636
0.112855
0.126955
0.142432
0.159512
0.177078
0.192449
0.201674
0.203709
0.204607
0.20125
0.191741
0.183163
0.173809
0.162495
0.153042
0.138474
0.107397
0.0687688
0.030395
-0.00826825
-0.0596539
-0.128476
-0.191268
-0.234187
-0.267175
-0.293827
-0.316297
-0.341962
-0.36634
-0.383965
-0.400398
-0.418537
-0.433953
-0.448211
-0.461962
-0.467842
-0.467294
-0.46729
-0.457523
-0.440784
-0.417994
-0.383444
-0.337548
-0.286191
-0.23587
-0.18617
-0.135215
-0.0904355
-0.0621862
-0.0477576
-0.0471848
-0.0598892
-0.0852568
-0.114976
-0.147333
-0.180408
-0.208732
-0.227595
-0.238459
-0.242418
-0.238185
-0.226982
-0.210117
-0.190837
-0.171132
-0.150145
-0.129261
-0.113196
-0.107695
-0.113576
-0.12268
-0.129675
-0.136462
-0.144554
-0.154099
-0.163712
-0.170228
-0.169473
-0.159857
-0.140618
-0.11051
-0.0670904
-0.0153607
0.0378302
0.0845666
0.12888
0.169962
0.198521
0.211684
0.216895
0.214433
0.207951
0.204323
0.202361
0.194164
0.17874
0.157147
0.128461
0.0922251
0.0512698
0.00313175
-0.0528899
-0.10806
-0.158696
-0.200465
-0.230768
-0.243925
-0.24018
-0.225059
-0.201518
-0.172602
-0.13849
-0.101184
-0.0619624
-0.0217262
0.0213278
0.0706204
0.125638
0.179196
0.217671
0.240708
0.249889
0.253243
0.25279
0.25
0.243529
0.233902
0.224938
0.216719
0.205964
0.188454
0.160744
0.124167
0.0778819
0.0250328
-0.0299628
-0.082817
-0.129521
-0.166823
-0.198098
-0.224907
-0.248962
-0.268771
-0.281519
-0.289024
-0.297189
-0.307089
-0.310804
-0.309505
-0.312953
-0.323368
-0.339903
-0.357801
-0.379546
-0.407284
-0.439223
-0.471596
-0.497893
-0.520618
-0.541883
-0.556072
-0.562437
-0.5679
-0.572246
-0.575227
-0.577861
-0.580425
-0.582861
-0.585248
-0.587316
-0.588415
-0.587922
-0.586331
-0.583704
-0.578035
-0.568181
-0.552908
-0.530772
-0.508066
-0.486585
-0.465085
-0.442878
-0.419405
-0.394858
-0.371054
-0.352222
-0.342892
-0.341197
-0.337744
-0.332954
-0.328684
-0.32506
-0.32206
-0.319399
-0.317001
-0.314208
-0.309555
-0.301097
-0.288742
-0.272366
-0.250888
-0.2289
-0.20623
-0.179243
-0.147029
-0.114163
-0.0821337
-0.0499822
-0.0173684
0.0158173
0.0487248
0.0798338
0.10727
0.131153
0.151366
0.165835
0.174365
0.181054
0.188495
0.195981
0.202841
0.209186
0.21524
0.22153
0.228367
0.235559
0.241457
0.243183
0.238594
0.228831
0.216298
0.204641
0.193217
0.181274
0.168918
0.156372
0.143699
0.130772
0.117611
0.105049
0.0949887
0.0893473
0.0871521
0.0873751
0.092427
0.100705
0.108376
0.115846
0.123665
0.131774
0.139983
0.148258
0.156759
0.165654
0.174526
0.181975
0.18592
0.186192
0.187209
0.189047
0.190638
0.191434
0.190744
0.188717
0.186915
0.185888
0.181348
0.171407
0.159597
0.143165
0.123824
0.114923
0.114979
0.109885
0.101538
0.0936899
0.0831982
0.0726029
0.0685174
0.0678701
0.0649409
0.0599025
0.053612
0.0468515
0.0381749
0.0262726
0.0122136
-0.00368254
-0.0214207
-0.0431461
-0.0684864
-0.0901404
-0.104337
-0.110906
-0.110915
-0.105033
-0.0927309
-0.0757011
-0.0565179
-0.0303545
0.00405183
0.0374789
0.0696522
0.101813
0.131268
0.149616
0.152106
0.150853
0.148911
0.146787
0.143454
0.139186
0.136727
0.136002
0.133202
0.131005
0.133372
0.139463
0.14893
0.158604
0.16769
0.17499
0.17857
0.177788
0.175464
0.168344
0.153282
0.133849
0.115391
0.104375
0.102176
0.107608
0.117232
0.129862
0.139628
0.14549
0.147658
0.146686
0.141391
0.133658
0.125032
0.117126
0.108896
0.097984
0.0823939
0.0625559
0.0412004
0.0208383
-0.000228993
-0.0243231
-0.0455689
-0.0583908
-0.0683479
-0.07555
-0.0775279
-0.0752103
-0.0699871
-0.0644604
-0.0566182
-0.0449581
-0.0319103
-0.0192829
-0.00676482
0.00593569
0.0188478
0.0318785
0.044942
0.0579363
0.0707406
0.0830359
0.0944257
0.104421
0.110254
0.109408
0.102314
0.0901228
0.0789662
0.0685412
0.0575396
0.0459132
0.0335087
0.0204076
0.00697182
-0.00545262
-0.0169076
-0.0281881
-0.0402781
-0.0503484
-0.0535661
-0.0502789
-0.0439167
-0.0369463
-0.0262021
-0.00890929
0.00669655
0.0136671
0.0232014
0.0371189
0.0460973
0.0509321
0.0542518
0.0538718
0.050841
0.0527328
0.0552845
0.0517236
0.0434362
0.0352099
0.0340099
0.033401
0.026777
0.0227203
0.0241827
0.0206298
0.0155371
0.0150707
0.0155591
0.0160542
0.017908
0.0230402
0.0320381
0.0422088
0.0516201
0.0609157
0.0707725
0.0815963
0.092881
0.102584
0.107728
0.10718
0.100664
0.0923628
0.0851406
0.0781426
0.0706416
0.0623673
0.0531671
0.0435845
0.0355764
0.0326384
0.0366798
0.0429654
0.047465
0.0495245
0.0484333
0.0453919
0.0404658
0.0334729
0.0273651
0.026385
0.025296
0.021426
0.0196494
0.0189978
0.0153379
0.0143619
0.0198345
0.0261844
0.0304355
0.0319984
0.0329602
0.0331023
0.02892
0.0219622
0.0172057
0.00914204
-0.00619738
-0.0230217
-0.0373188
-0.0462082
-0.0494005
-0.0514869
-0.06347
-0.0804481
-0.0888972
-0.0901373
-0.0888132
-0.0911864
-0.0972868
-0.104997
-0.115501
-0.124916
-0.122766
-0.115841
-0.113861
-0.110772
-0.10244
-0.0932258
-0.0842871
-0.0760877
-0.0687224
-0.0592727
-0.0432454
-0.0270374
-0.0223036
-0.0216906
-0.0198281
-0.0197596
-0.0217841
-0.0221909
-0.0191185
-0.0150155
-0.0181807
-0.027017
-0.0334727
-0.0371956
-0.0390723
-0.040177
-0.0402506
-0.0396746
-0.0387789
-0.0375265
-0.0357809
-0.0338249
-0.0318285
-0.027409
-0.0197454
-0.0124903
-0.00640623
-0.0019484
-0.000386968
-0.00231672
-0.00567163
-0.00999034
-0.0153248
-0.0216749
-0.029147
-0.037026
-0.0444288
-0.0500303
-0.0546718
-0.0590826
-0.063596
-0.066837
-0.0683489
-0.0718573
-0.0791546
-0.0860648
-0.0923416
-0.0986086
-0.10501
-0.111555
-0.118163
-0.124817
-0.131612
-0.138518
-0.14517
-0.150667
-0.154222
-0.156352
-0.157878
-0.158078
-0.157219
-0.154723
-0.149179
-0.141127
-0.130907
-0.115659
-0.0959498
-0.0769624
-0.0585742
-0.0398156
-0.0206863
-0.00120308
0.0183337
0.0378099
0.0570145
0.0760733
0.0953851
0.115974
0.138565
0.162384
0.185858
0.208952
0.231299
0.252524
0.272972
0.292455
0.310309
0.327489
0.342859
0.356114
0.369274
0.38052
0.386975
0.386843
0.379364
0.372779
0.367264
0.361844
0.357019
0.352132
0.344004
0.326726
0.297682
0.265642
0.231745
0.196353
0.159648
0.12327
0.0897794
0.0547343
0.0162829
-0.0204115
-0.0537184
-0.083123
-0.10792
-0.125113
-0.133855
-0.138013
-0.139512
-0.138235
-0.133736
-0.127911
-0.12301
-0.120055
-0.117015
-0.112431
-0.105872
-0.0987308
-0.0920303
-0.0856246
-0.0794601
-0.0732625
-0.0660907
-0.0564145
-0.0434799
-0.0280911
-0.0145448
-0.00467152
0.00181899
0.00957648
0.022544
0.0347551
0.0431848
0.0491972
0.0546177
0.0607318
0.0650878
0.0656556
0.0637396
0.0596844
0.0540776
0.0472413
0.0368864
0.0198069
0.00135371
-0.0127674
-0.0292985
-0.049156
-0.065172
-0.0779599
-0.0897867
-0.0993818
-0.107648
-0.117673
-0.127229
-0.134977
-0.145701
-0.156787
-0.161174
-0.16353
-0.167332
-0.169953
-0.170952
-0.17247
-0.17598
-0.181605
-0.18692
-0.190473
-0.191488
-0.187832
-0.18181
-0.182113
-0.179444
-0.158835
-0.129829
-0.0998556
-0.067706
-0.0316989
0.00483324
0.0388901
0.065935
0.082287
0.0876018
0.0919463
0.098733
0.107471
0.117347
0.127115
0.134683
0.141624
0.151317
0.159868
0.163022
0.163799
0.164159
0.165265
0.166269
0.165716
0.163014
0.157349
0.148789
0.137443
0.123511
0.105538
0.0823403
0.0554825
0.0253375
-0.00650384
-0.0353141
-0.0617008
-0.0860757
-0.10486
-0.11601
-0.124282
-0.130013
-0.132628
-0.13065
-0.124262
-0.120172
-0.119071
-0.120305
-0.123595
-0.129446
-0.13598
-0.142083
-0.147058
-0.152284
-0.157877
-0.162472
-0.164622
-0.164241
-0.161638
-0.155652
-0.142872
-0.120478
-0.0884733
-0.0555786
-0.0247372
0.004109
0.030248
0.0557588
0.0834567
0.11268
0.140632
0.162965
0.179023
0.192127
0.202064
0.210613
0.22426
0.242612
0.259257
0.275351
0.289854
0.297063
0.298836
0.304592
0.313899
0.323497
0.330858
0.334083
0.332485
0.32646
0.318454
0.310859
0.301976
0.289263
0.276117
0.266103
0.255553
0.243801
0.232653
0.220231
0.206249
0.194432
0.184935
0.175169
0.167125
0.162241
0.158067
0.152492
0.144678
0.14199
0.146637
0.147707
0.147678
0.152689
0.157903
0.160464
0.164356
0.16927
0.171836
0.168375
0.158987
0.151819
0.144426
0.132737
0.118655
0.102358
0.0818904
0.057576
0.03313
0.0130943
-0.00143818
-0.0128235
-0.0201127
-0.0213667
-0.0149482
-0.0076668
0.00271469
0.0179702
0.0328574
0.0473846
0.0624924
0.0785246
0.0950977
0.110307
0.120852
0.124837
0.12652
0.129018
0.132168
0.136966
0.144939
0.154719
0.161656
0.165556
0.165418
0.159657
0.148378
0.136325
0.124045
0.110427
0.0949261
0.0786483
0.0648648
0.0544301
0.04654
0.036761
0.0222904
0.00201673
-0.0201497
-0.0434155
-0.0661886
-0.0824905
-0.0890167
-0.0953421
-0.104493
-0.114075
-0.120937
-0.120578
-0.111207
-0.0993869
-0.089327
-0.078744
-0.0653363
-0.0488718
-0.0325643
-0.0167835
-0.00106901
0.014988
0.0318642
0.049339
0.0656618
0.0772825
0.0814109
0.0814071
0.0827632
0.0847679
0.0863238
0.0874154
0.0882173
0.0888772
0.0892478
0.0893028
0.0897012
0.0922194
0.0988234
0.108722
0.117852
0.126414
0.135241
0.144383
0.153793
0.163239
0.172623
0.181894
0.191166
0.200572
0.210179
0.219575
0.227826
0.233495
0.235837
0.237557
0.240042
0.244153
0.251163
0.259466
0.262601
0.259308
0.255302
0.255843
0.26031
0.258418
0.249797
0.240415
0.232283
0.224984
0.215557
0.202425
0.186137
0.16826
0.150911
0.136041
0.119686
0.0985936
0.0782221
0.0604136
0.0431647
0.0282863
0.0184597
0.0134019
0.0113619
0.00757694
0.00181726
-0.00418779
-0.00718038
-0.00786858
-0.00880678
-0.00439039
0.00793381
0.0195234
0.0291399
0.0399439
0.0499088
0.0550973
0.0537457
0.0500334
0.0531461
0.059761
0.064069
0.0670481
0.0681032
0.0654639
0.0605041
0.0558298
0.0515638
0.0482558
0.047879
0.0531999
0.0636817
0.0710145
0.0764637
0.0861083
0.0928559
0.0913102
0.0871603
0.0817452
0.0753001
0.0709276
0.0712356
0.0744856
0.0771716
0.0750164
0.0717756
0.0696223
0.065588
0.060575
0.0570925
0.0485597
0.033821
0.0251821
0.021724
0.0166331
0.0117264
0.00639056
-0.00537292
-0.0212642
-0.0330132
-0.0411221
-0.0473321
-0.0533389
-0.0577823
-0.0611864
-0.0694107
-0.0839466
-0.098565
-0.1152
-0.134359
-0.148699
-0.158406
-0.17009
-0.183538
-0.196247
-0.205982
-0.213224
-0.220735
-0.22634
-0.229169
-0.232866
-0.2359
-0.234399
-0.232467
-0.232544
-0.23158
-0.231156
-0.234971
-0.238348
-0.238018
-0.237054
-0.236832
-0.237335
-0.238104
-0.23984
-0.244281
-0.249297
-0.250661
-0.25257
-0.257881
-0.263303
-0.268535
-0.274159
-0.280907
-0.28801
-0.292501
-0.296274
-0.302929
-0.308315
-0.311368
-0.318272
-0.326266
-0.331352
-0.337228
-0.346603
-0.357156
-0.365717
-0.370614
-0.375788
-0.380513
-0.380412
-0.378925
-0.379762
-0.377834
-0.371665
-0.366425
-0.360851
-0.353679
-0.3481
-0.344463
-0.338912
-0.329146
-0.316032
-0.30648
-0.301816
-0.296396
-0.292141
-0.291192
-0.289859
-0.287469
-0.286023
-0.285792
-0.28557
-0.282993
-0.278945
-0.27933
-0.27919
-0.272914
-0.266501
-0.264239
-0.262969
-0.260076
-0.252743
-0.239631
-0.220863
-0.20142
-0.185695
-0.176686
-0.1696
-0.161446
-0.154378
-0.14826
-0.141841
-0.138374
-0.139326
-0.139756
-0.138666
-0.135852
-0.131935
-0.125969
-0.115998
-0.104717
-0.0981299
-0.0928444
-0.0847612
-0.0734396
-0.0633517
-0.0603597
-0.0585511
-0.0535643
-0.048489
-0.0462852
-0.0483334
-0.0526192
-0.0599632
-0.0742819
-0.094941
-0.114358
-0.129669
-0.139672
-0.146263
-0.149835
-0.150779
-0.14896
-0.14471
-0.140646
-0.136194
-0.131004
-0.126413
-0.124014
-0.124061
-0.127489
-0.133456
-0.138081
-0.139762
-0.142341
-0.145434
-0.146937
-0.145412
-0.1413
-0.138848
-0.140439
-0.14349
-0.136332
-0.11399
-0.0906684
-0.0648437
-0.033149
0.000586488
0.0302751
0.0498193
0.058004
0.0617904
0.0660183
0.0748627
0.0842063
0.0934849
0.104801
0.115242
0.122078
0.128866
0.136335
0.142341
0.146197
0.147451
0.146043
0.141529
0.134818
0.125226
0.113959
0.104592
0.0994115
0.0979303
0.0969375
0.0937501
0.0882598
0.0811291
0.0747276
0.0707206
0.069573
0.0687816
0.0684883
0.0698898
0.072464
0.0762947
0.0822757
0.0895058
0.0950802
0.0983972
0.0999643
0.101725
0.103227
0.102464
0.0993565
0.093314
0.0817851
0.0646691
0.0467383
0.0293372
0.0133256
-0.000717544
-0.0121863
-0.0220655
-0.0322716
-0.0425585
-0.0488153
-0.046012
-0.0330566
-0.0172996
-0.00351345
0.00994897
0.0246983
0.0410944
0.0580659
0.072426
0.079654
0.0785098
0.077125
0.0775255
0.0775766
0.0754868
0.0701396
0.0631182
0.0584007
0.0568654
0.0571186
0.0551928
0.0531693
0.0540688
0.0520314
0.0470191
0.0502565
0.0568548
0.0543071
0.0484714
0.0427324
0.0320949
0.0165134
0.00242876
-0.00582654
-0.0074942
-0.00926965
-0.0111792
-0.0126478
-0.0154794
-0.0168154
-0.00860789
0.00536831
0.0163724
0.0223343
0.0240094
0.0275038
0.0339292
0.0434053
0.0553707
0.0676836
0.075816
0.0815597
0.0889515
0.0937709
0.0928604
0.0900987
0.0867288
0.0849
0.0841881
0.0834338
0.0814659
0.0780053
0.0740588
0.0722303
0.0724797
0.0699166
0.0649904
0.0633775
0.0738487
0.0957672
0.108856
0.114167
0.120791
0.125769
0.126773
0.127419
0.126639
0.121458
0.11555
0.110693
0.104024
0.0970953
0.0940504
0.0906092
0.0844841
0.0797612
0.0763207
0.07073
0.0637899
0.0566356
0.0496487
0.0415925
0.0313794
0.0219622
0.0157767
0.0114377
0.00709525
0.000514185
-0.00708581
-0.0159195
-0.0283332
-0.0423655
-0.0530347
-0.0642995
-0.0795716
-0.096781
-0.116428
-0.139123
-0.162001
-0.18382
-0.206845
-0.230267
-0.250789
-0.264774
-0.27127
-0.277012
-0.282498
-0.286883
-0.289019
-0.288817
-0.289486
-0.291915
-0.295878
-0.299509
-0.301589
-0.302797
-0.302714
-0.30113
-0.299459
-0.29804
-0.295245
-0.28996
-0.282678
-0.276329
-0.271834
-0.265545
-0.254955
-0.24119
-0.233232
-0.233284
-0.228107
-0.217212
-0.206215
-0.196288
-0.188113
-0.18163
-0.175476
-0.168977
-0.162754
-0.156732
-0.149779
-0.139827
-0.126238
-0.112363
-0.0989779
-0.0852991
-0.071671
-0.0593337
-0.050216
-0.0463889
-0.0456647
-0.0439714
-0.041856
-0.0400623
-0.0387469
-0.0377804
-0.036943
-0.0357499
-0.033608
-0.0300672
-0.0260594
-0.0230147
-0.0184455
-0.0110432
-0.00621227
-0.0056789
-0.00564645
-0.00562054
-0.00588819
-0.00657539
-0.00767741
-0.0082263
-0.00936932
-0.00960955
-0.00157573
0.0141761
0.0233043
0.0278615
0.0329092
0.0361766
0.0365493
0.0376213
0.0393613
0.0419414
0.0478116
0.0578626
0.0682366
0.0779078
0.0876715
0.0976939
0.107937
0.118227
0.128641
0.139327
0.150252
0.160621
0.168793
0.173438
0.176152
0.179561
0.183408
0.187136
0.190419
0.192816
0.194096
0.19507
0.198226
0.203035
0.205055
0.205036
0.204882
0.203957
0.201439
0.198011
0.195396
0.193986
0.189446
0.181177
0.17464
0.170019
0.165884
0.161346
0.157428
0.156173
0.15488
0.151552
0.15132
0.155041
0.156586
0.155585
0.153076
0.149106
0.1428
0.134714
0.125837
0.116594
0.104608
0.0912208
0.0833581
0.080761
0.0813931
0.0862222
0.0944048
0.0989362
0.100547
0.104785
0.118455
0.139043
0.149571
0.151982
0.15256
0.150068
0.144106
0.138698
0.133091
0.126258
0.119581
0.114393
0.110944
0.108077
0.105984
0.10913
0.117927
0.123483
0.129009
0.138976
0.149141
0.157151
0.166164
0.177337
0.189083
0.196215
0.198233
0.204576
0.211681
0.211731
0.20883
0.206063
0.201803
0.195869
0.190188
0.18524
0.181207
0.178234
0.178495
0.18324
0.189384
0.194833
0.199773
0.20293
0.20278
0.201054
0.198167
0.192626
0.183913
0.173625
0.160563
0.14411
0.127195
0.111554
0.0983584
0.0837582
0.0649062
0.0446132
0.0269187
0.0147937
0.00438601
-0.00705969
-0.0214729
-0.0317286
-0.0314346
-0.027924
-0.026984
-0.0311753
-0.0328274
-0.0236571
-0.00869035
0.00932066
0.0249964
0.035319
0.0388253
0.0386972
0.0377788
0.0417521
0.0457395
0.0441212
0.0419201
0.0412422
0.04102
0.0401936
0.0389268
0.0398959
0.0424667
0.0418215
0.0418533
0.0470716
0.053472
0.0594177
0.0648431
0.0696725
0.0735807
0.0761175
0.0782775
0.0828526
0.0866672
0.0864109
0.0857773
0.0858181
0.0822972
0.0766351
0.0723854
0.0697736
0.0680354
0.0654554
0.0641043
0.0661577
0.069595
0.0729543
0.0764684
0.0799763
0.0835514
0.0890481
0.0990681
0.113789
0.127474
0.140295
0.153806
0.168478
0.18357
0.196016
0.20157
0.198387
0.18859
0.181119
0.175869
0.169678
0.15865
0.138071
0.109728
0.0883401
0.0769863
0.0685245
0.0637235
0.0624746
0.0612092
0.0592841
0.0580322
0.0595487
0.0638922
0.0654475
0.0634584
0.0636536
0.0748112
0.0983522
0.114669
0.117401
0.117718
0.116815
0.116022
0.119517
0.126239
0.128332
0.12706
0.126118
0.125768
0.123934
0.11763
0.107779
0.0958885
0.0801094
0.0637837
0.0577923
0.0574571
0.0546686
0.0520904
0.0523976
0.0539611
0.0466583
0.0259272
0.010819
0.00748818
0.00581668
0.00463226
0.00369264
0.00152214
-0.0016212
-0.00383556
-0.00595228
-0.00986339
-0.0169203
-0.0259282
-0.0318086
-0.0390751
-0.0523587
-0.0660117
-0.0785756
-0.0919753
-0.106925
-0.122321
-0.134712
-0.142144
-0.1455
-0.146014
-0.145237
-0.146175
-0.148844
-0.151045
-0.152849
-0.156272
-0.164301
-0.177352
-0.191512
-0.204041
-0.21399
-0.22319
-0.230204
-0.233176
-0.231674
-0.226821
-0.223374
-0.219909
-0.213785
-0.206224
-0.197782
-0.187757
-0.178157
-0.172318
-0.166762
-0.16018
-0.157066
-0.160416
-0.169313
-0.180627
-0.189949
-0.197702
-0.203212
-0.206877
-0.216625
-0.233536
-0.243635
-0.24605
-0.251022
-0.258179
-0.26489
-0.269248
-0.269854
-0.267144
-0.26281
-0.258105
-0.253931
-0.251184
-0.250189
-0.24913
-0.245882
-0.241754
-0.237312
-0.233097
-0.231117
-0.232413
-0.233633
-0.234811
-0.238019
-0.242607
-0.247079
-0.251434
-0.255835
-0.260229
-0.26468
-0.269324
-0.274323
-0.279297
-0.282822
-0.28211
-0.27534
-0.26533
-0.249635
-0.230007
-0.2112
-0.192595
-0.17352
-0.154066
-0.134517
-0.11492
-0.0950153
-0.0744921
-0.0538649
-0.035163
-0.0216686
-0.0143165
-0.00722788
0.000970951
0.0087374
0.0154827
0.0217635
0.0298942
0.0430057
0.0616429
0.0796482
0.0974105
0.115857
0.133077
0.145235
0.149727
0.150699
0.149392
0.148361
0.146786
0.143327
0.13798
0.130492
0.121446
0.111584
0.10171
0.0906341
0.0781598
0.0665847
0.0572206
0.0504272
0.0449191
0.040605
0.0372405
0.0368671
0.040811
0.0463451
0.0515996
0.0544599
0.0591807
0.0710222
0.088347
0.106166
0.116375
0.11995
0.120613
0.119084
0.115147
0.108919
0.100602
0.0911691
0.0812062
0.071047
0.0612114
0.049742
0.036728
0.0282805
0.0277329
0.0286305
0.0304321
0.0318797
0.0289852
0.0220824
0.0184911
0.017995
0.0190147
0.0226049
0.0303058
0.0412393
0.0512392
0.0560397
0.0591857
0.0651228
0.0755018
0.0852941
0.0891227
0.0907093
0.0918295
0.0901437
0.0879256
0.0885689
0.0899611
0.0917942
0.0966805
0.101209
0.1018
0.103287
0.107677
0.109678
0.108417
0.106542
0.107059
0.109634
0.108282
0.103906
0.101246
0.0998263
0.0991993
0.0999713
0.101815
0.102794
0.102002
0.100806
0.10347
0.108044
0.109883
0.11256
0.118859
0.126208
0.13541
0.145676
0.150511
0.147592
0.145702
0.146507
0.148775
0.147571
0.140151
0.131546
0.122374
0.112138
0.10509
0.100683
0.0887986
0.0700446
0.0523312
0.0378226
0.0260045
0.0134423
0.00268058
-0.00482093
-0.0157224
-0.031769
-0.0439289
-0.0555806
-0.0709609
-0.083356
-0.0915648
-0.101417
-0.108792
-0.10921
-0.1079
-0.105597
-0.101439
-0.0970919
-0.0952498
-0.0955916
-0.0953542
-0.0889855
-0.0799362
-0.0733687
-0.0669735
-0.0589844
-0.0496572
-0.0391461
-0.0280242
-0.0171055
-0.00728522
0.000540851
0.00672943
0.0122197
0.017206
0.0216457
0.0258646
0.0324736
0.0430376
0.0530738
0.0599846
0.066569
0.0712438
0.0715305
0.0684942
0.0630182
0.0562047
0.0471416
0.0368399
0.0283591
0.0250207
0.0272448
0.0323227
0.0360191
0.0379427
0.0390204
0.0412842
0.04424
0.0465324
0.0487571
0.0512603
0.0534997
0.0544112
0.0533194
0.051168
0.0482056
0.0433675
0.0368587
0.0298922
0.0203352
0.00761071
-0.00374558
-0.014614
-0.0250955
-0.0304995
-0.0306345
-0.0351276
-0.0414579
-0.0444553
-0.0449568
-0.0445672
-0.0459565
-0.0448052
-0.0374475
-0.0297381
-0.0232564
-0.0164784
-0.0113114
-0.0103208
-0.0126405
-0.0161954
-0.0175935
-0.0195065
-0.0234827
-0.0234727
-0.0165638
-0.00954722
-0.00400881
0.000617775
0.00702795
0.0181877
0.0333608
0.0480102
0.0595597
0.0649399
0.0634501
0.0634194
0.0690706
0.0743432
0.0788175
0.0832577
0.0856015
0.0841775
0.0802996
0.0760515
0.0733842
0.0707865
0.0674963
0.065096
0.0619397
0.0576867
0.0576562
0.0628143
0.0664158
0.0681189
0.0696919
0.0730627
0.078116
0.0818299
0.0835787
0.0835415
0.0819769
0.078859
0.0753524
0.0693669
0.0585947
0.0443392
0.0312252
0.0253979
0.0209403
0.0125222
0.00922031
0.0132591
0.0184674
0.024531
0.0322145
0.0408773
0.0505187
0.0605675
0.0692805
0.0745203
0.0759196
0.0762407
0.080062
0.0826403
0.0792382
0.0714245
0.063687
0.0615748
0.0588074
0.0519892
0.0472279
0.0453294
0.0443916
0.044873
0.0469102
0.0486974
0.0503217
0.0516223
0.0506424
0.0471166
0.0447717
0.0429979
0.0405623
0.038496
0.0364895
0.0322688
0.0282363
0.0261304
0.020567
0.0113696
0.00834327
0.00789434
0.00374413
-0.000819959
-0.00366524
-0.00460931
-0.0034605
-0.000671641
0.00225385
0.00405033
0.00355474
0.00552051
0.0121546
0.0136436
0.00845584
0.00341572
-0.00134933
-0.00544653
-0.00617166
-0.00461747
-0.00533992
-0.00736796
-0.00873888
-0.00955616
-0.0106253
-0.0127354
-0.015303
-0.0178393
-0.0201565
-0.0187722
-0.0109028
-0.00439619
-0.00159523
0.00734147
0.0201788
0.0283248
0.034401
0.0417667
0.0507696
0.0604813
0.0688425
0.0751427
0.0797098
0.0848246
0.0911296
0.0974083
0.0995329
0.0968295
0.0962517
0.0962194
0.093482
0.0892469
0.0839243
0.078587
0.0749083
0.0734029
0.070388
0.0656512
0.0613889
0.0562147
0.0485305
0.0392044
0.0290125
0.0197031
0.0127081
0.00878741
0.00617298
0.00429125
0.00270577
0.00190017
0.00189076
0.00127978
-0.000856966
-0.00497547
-0.0102997
-0.0165588
-0.0226746
-0.0294722
-0.0375233
-0.0451152
-0.049865
-0.0506031
-0.0513226
-0.0542304
-0.0565602
-0.0558535
-0.052001
-0.0493199
-0.0504175
-0.0522033
-0.0519294
-0.0477939
-0.0451547
-0.0465289
-0.04663
-0.0467091
-0.0490931
-0.0517278
-0.0538101
-0.0572544
-0.0619747
-0.0663326
-0.0688024
-0.0703078
-0.0738477
-0.0789967
-0.0851318
-0.0933549
-0.102244
-0.108356
-0.114215
-0.120827
-0.125142
-0.127253
-0.13054
-0.135462
-0.140544
-0.142673
-0.143006
-0.143549
-0.143295
-0.142226
-0.14274
-0.143919
-0.145575
-0.151828
-0.163563
-0.174181
-0.181927
-0.186857
-0.190966
-0.194506
-0.197304
-0.200978
-0.204497
-0.202961
-0.196798
-0.192213
-0.190162
-0.189128
-0.185581
-0.182092
-0.182161
-0.179181
-0.169366
-0.159259
-0.149417
-0.140706
-0.138046
-0.138015
-0.124181
-0.0988163
-0.0736858
-0.0580278
-0.0527333
-0.0417319
-0.0256999
-0.0107467
0.00551586
0.0239323
0.03936
0.0502518
0.0569051
0.0581959
0.0536884
0.0474691
0.0411188
0.0353026
0.0272512
0.0178381
0.0142748
0.0130345
0.0086291
0.00393882
0.000708728
-0.00183892
-0.00593414
-0.0121962
-0.0157553
-0.017603
-0.0227546
-0.0281049
-0.0302846
-0.0334455
-0.038659
-0.0437038
-0.0478195
-0.0525345
-0.0614621
-0.0722259
-0.0789728
-0.0843263
-0.0887234
-0.0881797
-0.0881259
-0.0944914
-0.100715
-0.102464
-0.103787
-0.106731
-0.111014
-0.112996
-0.113635
-0.117187
-0.120942
-0.121506
-0.121325
-0.121618
-0.121951
-0.120499
-0.117046
-0.115051
-0.113815
-0.109923
-0.104552
-0.0977661
-0.0872753
-0.0740659
-0.0618486
-0.048187
-0.0309633
-0.0126044
0.00589393
0.0232155
0.0361569
0.0418369
0.0426519
0.0424593
0.0465754
0.050884
0.0529952
0.056869
0.0630349
0.0687656
0.0738963
0.0789513
0.0840145
0.0864084
0.0836953
0.0821524
0.0825864
0.0751414
0.0595467
0.0443147
0.0340628
0.0295001
0.0238418
0.0125312
-0.00551603
-0.0225694
-0.0339543
-0.0444733
-0.0561511
-0.0693349
-0.0821551
-0.0922748
-0.098772
-0.104435
-0.110814
-0.116169
-0.119272
-0.120318
-0.12034
-0.119833
-0.118742
-0.115996
-0.111366
-0.107754
-0.106095
-0.102455
-0.0955513
-0.0863967
-0.0773638
-0.0689449
-0.0587675
-0.0486204
-0.0424211
-0.0388623
-0.0367098
-0.0353644
-0.0343749
-0.0328472
-0.0312103
-0.0289459
-0.0243206
-0.0172503
-0.010687
-0.00833382
-0.0103632
-0.00992877
-0.00849705
-0.00958299
-0.00963
-0.0067224
-0.00449589
-0.00350518
-0.0031473
-0.00285704
-0.00379821
-0.00890606
-0.0156992
-0.0213175
-0.0293492
-0.0418659
-0.0548481
-0.0671613
-0.0783019
-0.0884251
-0.0961526
-0.100013
-0.101773
-0.103723
-0.104097
-0.102799
-0.102364
-0.103006
-0.104174
-0.104926
-0.106003
-0.108059
-0.107694
-0.102403
-0.0951168
-0.0882304
-0.0845144
-0.0847241
-0.0867994
-0.0839699
-0.0750188
-0.0644175
-0.0533607
-0.0404823
-0.023467
-0.00353875
0.0146937
0.0331448
0.0520911
0.067202
0.078951
0.0921707
0.10587
0.116799
0.12232
0.125513
0.132909
0.137404
0.132893
0.129156
0.128205
0.126394
0.12631
0.13142
0.140321
0.15079
0.158715
0.16323
0.163965
0.160571
0.155035
0.151238
0.144076
0.131804
0.123144
0.120454
0.119567
0.117854
0.115348
0.114783
0.114866
0.111936
0.109821
0.11036
0.109417
0.109037
0.11244
0.114161
0.112021
0.112467
0.115332
0.117141
0.117729
0.117288
0.116596
0.118251
0.124148
0.130856
0.135898
0.140072
0.144175
0.148527
0.151111
0.150244
0.147837
0.148891
0.156417
0.162463
0.163197
0.1656
0.168679
0.169128
0.167505
0.166884
0.172503
0.183296
0.195476
0.207008
0.215912
0.22159
0.226472
0.233757
0.242769
0.251159
0.255751
0.259381
0.264847
0.267738
0.267882
0.273331
0.278795
0.276955
0.27247
0.270267
0.271529
0.271772
0.266208
0.257137
0.247564
0.239973
0.235148
0.232371
0.228506
0.223943
0.221733
0.218796
0.212113
0.205758
0.200016
0.191708
0.182819
0.176396
0.171384
0.164986
0.154518
0.143194
0.135292
0.129034
0.122648
0.114848
0.106521
0.0989763
0.093065
0.0892736
0.0863097
0.0806971
0.0703873
0.0582487
0.0450605
0.0312692
0.0180976
0.00644264
-0.00418569
-0.0139597
-0.022709
-0.0296151
-0.0352388
-0.0428074
-0.0514927
-0.0587242
-0.0624818
-0.0617303
-0.0589924
-0.0539687
-0.0477095
-0.0440868
-0.0427682
-0.038769
-0.0343742
-0.0329067
-0.0321084
-0.0318312
-0.0352512
-0.0394595
-0.0409792
-0.0438264
-0.0481193
-0.049561
-0.0504591
-0.0548752
-0.0619925
-0.0695427
-0.0776568
-0.0863133
-0.0943492
-0.101773
-0.108073
-0.113176
-0.117784
-0.122828
-0.127565
-0.131311
-0.133509
-0.133114
-0.129678
-0.124664
-0.118813
-0.113405
-0.108805
-0.105362
-0.102981
-0.0996557
-0.0915374
-0.0823192
-0.0765813
-0.071051
-0.0655202
-0.0626517
-0.0597441
-0.0532714
-0.0453279
-0.0381639
-0.0325807
-0.0287728
-0.0265201
-0.0248824
-0.0223172
-0.0171094
-0.0089842
8.87907e-05
0.00864017
0.0160739
0.0231549
0.0284365
0.0305757
0.0311951
0.0329199
0.0384305
0.0466552
0.0534529
0.0607538
0.0690532
0.0743109
0.0766501
0.0800958
0.0843474
0.0887923
0.0944069
0.0994786
0.101107
0.102644
0.10753
0.111712
0.112637
0.110666
0.105179
0.0966829
0.0877061
0.0799566
0.0752814
0.0719924
0.0681932
0.0661385
0.0657551
0.0645224
0.0637412
0.0648163
0.0659863
0.0663567
0.0658941
0.0649773
0.0634809
0.059796
0.0538637
0.0476702
0.0409897
0.0331694
0.0237118
0.0122407
-8.62714e-05
-0.0109754
-0.0197617
-0.0292201
-0.0381974
-0.0449289
-0.0519397
-0.0596605
-0.0643134
-0.0661766
-0.0673335
-0.0686009
-0.0700239
-0.070585
-0.0701795
-0.0692304
-0.0683046
-0.0677708
-0.0677637
-0.0700104
-0.0754547
-0.0809084
-0.0836373
-0.0837871
-0.0808109
-0.0757649
-0.0729803
-0.0732011
-0.0698046
-0.0592374
-0.0438159
-0.0352537
-0.0364122
-0.0306864
-0.0202678
-0.0147374
-0.0105528
-0.00573278
-0.00429948
-0.00628067
-0.00807344
-0.0087304
-0.00942976
-0.0133017
-0.018334
-0.0204397
-0.0236482
-0.0306774
-0.0382384
-0.0471973
-0.0579983
-0.0664244
-0.0710457
-0.077187
-0.0854512
-0.0938795
-0.0994107
-0.101825
-0.106643
-0.110548
-0.110694
-0.113675
-0.121468
-0.129026
-0.13614
-0.143107
-0.148982
-0.154904
-0.163032
-0.171378
-0.176622
-0.178111
-0.176183
-0.173287
-0.170596
-0.167993
-0.164227
-0.158944
-0.153435
-0.149428
-0.147967
-0.146817
-0.144815
-0.141821
-0.138941
-0.137514
-0.137338
-0.13799
-0.138803
-0.140299
-0.142483
-0.143679
-0.143599
-0.142559
-0.137943
-0.128296
-0.117723
-0.109579
-0.105863
-0.102885
-0.0964659
-0.0896207
-0.0846618
-0.0821029
-0.080588
-0.0787078
-0.0779742
-0.0788405
-0.079139
-0.077954
-0.0753041
-0.0727364
-0.0705416
-0.0681899
-0.0668133
-0.0671627
-0.0673336
-0.0665449
-0.0668566
-0.0687805
-0.0716524
-0.0738477
-0.0750593
-0.0774354
-0.0809267
-0.0840589
-0.0851662
-0.0844842
-0.085233
-0.0861372
-0.0856184
-0.085502
-0.0863243
-0.0869722
-0.08858
-0.0919855
-0.0952509
-0.0972191
-0.0979258
-0.0993954
-0.103091
-0.106127
-0.108339
-0.111957
-0.117493
-0.12402
-0.129401
-0.133919
-0.13939
-0.144823
-0.148684
-0.151068
-0.151326
-0.14901
-0.144647
-0.139837
-0.135534
-0.129795
-0.119441
-0.104282
-0.0873209
-0.0734283
-0.0635472
-0.0538489
-0.0464034
-0.0423757
-0.0365768
-0.0263543
-0.0166744
-0.0100724
-0.00808873
-0.00961246
-0.00926348
0.00167574
0.0151546
0.0155634
0.0131597
0.0161547
0.0195666
0.0219691
0.0246153
0.0253587
0.0228827
0.0199212
0.0179265
0.0168507
0.0135103
0.00802682
0.00684769
0.00959855
0.00983528
0.00763342
0.00506306
0.00470744
0.00366806
-0.00243401
-0.00545624
-0.00130941
0.00112239
0.00244712
0.00886407
0.0161425
0.0199429
0.0210505
0.0214713
0.0239733
0.0262798
0.0259872
0.0251736
0.0235874
0.0195748
0.0138882
0.0091841
0.00792701
0.00888494
0.00818644
0.00794802
0.00936721
0.00739432
0.00305474
0.00245079
0.00463253
0.00584301
0.00348955
-0.00184754
-0.00708121
-0.0140557
-0.0224372
-0.0252553
-0.0206872
-0.0142618
-0.0112449
-0.0140991
-0.0140964
-0.0117345
-0.0139091
-0.0162458
-0.0146396
-0.0165686
-0.0222478
-0.0253695
-0.0280032
-0.033034
-0.0383306
-0.0432128
-0.048764
-0.0562729
-0.0656324
-0.0733434
-0.0791336
-0.0849043
-0.0888462
-0.0907341
-0.0946945
-0.0984207
-0.0979606
-0.0968097
-0.0976365
-0.0988579
-0.0991899
-0.0979376
-0.0971142
-0.0967575
-0.0931468
-0.0875063
-0.0847091
-0.0822654
-0.07852
-0.0761513
-0.0761471
-0.0771353
-0.0775272
-0.0754829
-0.0700142
-0.0630603
-0.0595559
-0.060436
-0.0624739
-0.0580546
-0.0449177
-0.0289154
-0.0168029
-0.00953153
-0.00223897
0.00519062
0.0130346
0.0238097
0.0362515
0.0423174
0.0436051
0.0465596
0.0479862
0.0445193
0.0381575
0.0295167
0.0196985
0.00956722
0.00111779
-0.00287358
-0.00232777
-0.00107237
-7.99837e-05
-0.000495902
-0.0039555
-0.00932712
-0.0123322
-0.0118464
-0.00756873
-0.0012174
0.00648907
0.0132666
0.0198522
0.0262775
0.0305489
0.0340542
0.0402219
0.0464927
0.0492648
0.0480046
0.0489476
0.0620236
0.0825782
0.100812
0.114312
0.122441
0.127558
0.130838
0.133728
0.136121
0.137953
0.13995
0.143176
0.14688
0.14597
0.14113
0.143299
0.147969
0.146952
0.142337
0.13778
0.136972
0.137647
0.137678
0.140493
0.145999
0.146354
0.142507
0.140104
0.13829
0.135934
0.133888
0.133304
0.13451
0.135109
0.13413
0.133788
0.131852
0.126509
0.122058
0.119326
0.112507
0.10399
0.0973416
0.0888099
0.0775107
0.0675789
0.0620674
0.0601571
0.0536784
0.0432636
0.0373976
0.0376557
0.0438004
0.0519284
0.0595995
0.0640957
0.064543
0.0622105
0.0612011
0.0617508
0.0620766
0.0640255
0.0680531
0.0690207
0.0650808
0.0588786
0.0533438
0.0509542
0.0489153
0.0470087
0.0466962
0.0467909
0.048022
0.0537134
0.0619499
0.0665019
0.0695941
0.0741331
0.0803508
0.0863474
0.0889592
0.0891263
0.0890316
0.0889924
0.0888858
0.0891742
0.0907454
0.0926238
0.0907564
0.0861759
0.0833135
0.0781863
0.0686961
0.0605731
0.0547774
0.0488921
0.0441359
0.0422546
0.0425838
0.0427642
0.0389578
0.0342299
0.0308075
0.0274138
0.027012
0.0317008
0.0359626
0.0367547
0.0378296
0.0385553
0.0371048
0.0340847
0.0303603
0.0270646
0.0228114
0.0184487
0.0205973
0.0296367
0.032617
0.0302613
0.0276306
0.0264122
0.0264387
0.0248636
0.0243973
0.0265207
0.0246942
0.017871
0.0131335
0.00818322
0.000281449
-0.00652696
-0.0113509
-0.0169575
-0.0210658
-0.020715
-0.0171889
-0.0131049
-0.0122032
-0.0123902
-0.0112426
-0.0113514
-0.012935
-0.0139485
-0.0155362
-0.0190864
-0.0234164
-0.0280798
-0.0325291
-0.035672
-0.0360147
-0.0333378
-0.0289231
-0.0260997
-0.0244167
-0.0237284
-0.0262787
-0.031116
-0.0345083
-0.039237
-0.0471107
-0.0547652
-0.0611437
-0.0668096
-0.071219
-0.0740922
-0.0768021
-0.0793444
-0.0815159
-0.0821953
-0.0810775
-0.0801405
-0.0787406
-0.0755877
-0.0703532
-0.0637859
-0.0586626
-0.0554633
-0.0533063
-0.0510891
-0.0484391
-0.0462175
-0.0440226
-0.0410903
-0.0385893
-0.0373718
-0.0365501
-0.0352124
-0.0332579
-0.033952
-0.0375467
-0.0378656
-0.0357274
-0.0350583
-0.0343024
-0.0328585
-0.0331906
-0.0350065
-0.036001
-0.035642
-0.034272
-0.0335927
-0.0337586
-0.0347805
-0.0381128
-0.0420191
-0.0398961
-0.0348316
-0.0352245
-0.0391469
-0.0429274
-0.0437559
-0.0430251
-0.0438613
-0.0443483
-0.0439547
-0.0456785
-0.0479765
-0.0468138
-0.0425661
-0.0366134
-0.0315904
-0.027697
-0.0244529
-0.0208107
-0.0167102
-0.0137856
-0.0128434
-0.0127694
-0.0102111
-0.00387515
0.00227786
0.00916782
0.0180682
0.0266145
0.0319426
0.0330064
0.0308912
0.0292478
0.0270571
0.0234292
0.0200804
0.0176454
0.0153568
0.0113961
0.00513527
-0.00115314
-0.0085527
-0.018816
-0.027359
-0.0315013
-0.035115
-0.0375306
-0.0377551
-0.0370233
-0.0372147
-0.0402452
-0.0445997
-0.0468864
-0.0492275
-0.0518381
-0.0506295
-0.0474522
-0.0461751
-0.0472097
-0.0491516
-0.0488674
-0.0503663
-0.0577574
-0.0665337
-0.0734576
-0.0798001
-0.0854421
-0.0892663
-0.0906496
-0.0901826
-0.0911138
-0.0933621
-0.0956369
-0.0966798
-0.0965853
-0.0975178
-0.101176
-0.108872
-0.119845
-0.1306
-0.133306
-0.132105
-0.133082
-0.132443
-0.12912
-0.125382
-0.118836
-0.109202
-0.103708
-0.103194
-0.0998504
-0.0934359
-0.0868084
-0.0828727
-0.0805311
-0.0743474
-0.0681562
-0.0665823
-0.0654005
-0.0626454
-0.0622193
-0.0634273
-0.0633809
-0.0606218
-0.0558423
-0.0532474
-0.0500197
-0.0430286
-0.0360722
-0.0332605
-0.0352639
-0.0389235
-0.03815
-0.0364342
-0.0356699
-0.0318946
-0.0260422
-0.0217855
-0.0166782
-0.0098571
-0.0057171
-0.00461132
-0.00481265
-0.00757923
-0.0138589
-0.0210935
-0.0285199
-0.0346084
-0.0397149
-0.0441093
-0.0478787
-0.0521386
-0.057812
-0.063093
-0.066942
-0.0706238
-0.0733762
-0.0745425
-0.0757439
-0.0775321
-0.079563
-0.081179
-0.0815962
-0.0806059
-0.0779989
-0.0748531
-0.0717144
-0.0689505
-0.0661401
-0.0627479
-0.0587896
-0.0562113
-0.0570617
-0.0599963
-0.0635884
-0.0665767
-0.0691184
-0.0711393
-0.0720553
-0.0720436
-0.0731588
-0.0748436
-0.076597
-0.0801238
-0.086679
-0.0946557
-0.101929
-0.105817
-0.10599
-0.103022
-0.0989232
-0.0926847
-0.0839648
-0.0749451
-0.067805
-0.064406
-0.0630161
-0.060985
-0.0588695
-0.057321
-0.0555357
-0.0502887
-0.0396883
-0.0285751
-0.0195046
-0.0135842
-0.0103881
-0.00898406
-0.00960934
-0.0103765
-0.0066587
-0.00197277
-0.000954754
-0.000495197
0.00498462
0.0194651
0.0359413
0.0458476
0.0539684
0.0624647
0.0663611
0.0653642
0.0632864
0.0576423
0.0481337
0.0417973
0.0392393
0.0365566
0.036531
0.0396097
0.0387555
0.0327467
0.0247372
0.019355
0.0177861
0.0146114
0.0111896
0.0107859
0.0131758
0.0173061
0.0206868
0.023756
0.0267444
0.0282289
0.030068
0.0382977
0.0477153
0.0514441
0.0536959
0.0574287
0.0604744
0.0612278
0.0593933
0.0556247
0.0514453
0.049533
0.0498893
0.0515169
0.0534861
0.0552826
0.0571645
0.0603253
0.0651796
0.0685241
0.0689238
0.0697114
0.0702499
0.0691539
0.0679647
0.0668938
0.06373
0.0589389
0.0553821
0.0541416
0.0546738
0.0539957
0.0539516
0.0561472
0.0570817
0.0552906
0.0549045
0.0593484
0.0687799
0.075874
0.0772873
0.0799012
0.082086
0.0801557
0.0770675
0.0759721
0.0776896
0.0825014
0.0887989
0.0955061
0.100149
0.0990674
0.0938718
0.0907615
0.0888499
0.0874509
0.0881548
0.0900975
0.0901145
0.0877837
0.0847809
0.0848027
0.0853966
0.0821447
0.0793777
0.0801347
0.0816254
0.0833485
0.0854639
0.0894403
0.0942121
0.0942797
0.0929683
0.0965052
0.0975582
0.0923686
0.0892929
0.0878355
0.0848237
0.0824089
0.0819414
0.0812768
0.0798368
0.0780113
0.0780616
0.0815012
0.0862415
0.0891005
0.0869042
0.0850119
0.086962
0.0892028
0.0915813
0.0936893
0.0914343
0.0842255
0.0797855
0.0774506
0.0753647
0.0757066
0.0797679
0.0847674
0.0891181
0.0920412
0.0955352
0.0995147
0.100035
0.099229
0.101818
0.10335
0.101161
0.0997436
0.0999577
0.100571
0.0984805
0.0930716
0.0892463
0.0863624
0.0823613
0.0774461
0.0732525
0.0725828
0.074823
0.0777173
0.079807
0.0799076
0.0781675
0.0757438
0.0746902
0.0763441
0.0810435
0.0861692
0.0903882
0.0929313
0.0948826
0.0958106
0.0932671
0.0887548
0.0847448
0.0801935
0.0751571
0.0719766
0.0712753
0.0717889
0.0701713
0.0670773
0.0661302
0.0676196
0.0700233
0.0711754
0.0707424
0.0707172
0.0741307
0.0813369
0.0850371
0.0839277
0.0800309
0.073261
0.0645223
0.0578432
0.0533477
0.04965
0.044953
0.040229
0.0385495
0.0383174
0.0378657
0.0402163
0.044239
0.044776
0.0424608
0.0406236
0.0424469
0.0465115
0.0459156
0.0427543
0.0405646
0.0370522
0.0335588
0.0340831
0.0360022
0.0349769
0.0314165
0.0278634
0.027401
0.0268338
0.0236232
0.0228256
0.0236753
0.0201953
0.0122302
0.00257061
-0.00547559
-0.0128753
-0.0218061
-0.0272157
-0.0295953
-0.0404468
-0.0552766
-0.0616224
-0.0630223
-0.0641399
-0.0668298
-0.0708784
-0.075344
-0.0785287
-0.0784188
-0.0746595
-0.0699135
-0.0662988
-0.0596451
-0.0505551
-0.0465401
-0.0454219
-0.0428317
-0.0401265
-0.0392579
-0.0406798
-0.0419927
-0.0412676
-0.0417674
-0.0434423
-0.0422983
-0.0399563
-0.0394769
-0.0406693
-0.0423975
-0.0423718
-0.0428205
-0.0450957
-0.0442697
-0.0413684
-0.0419515
-0.0436402
-0.0427342
-0.0407618
-0.0383161
-0.0354981
-0.0332567
-0.0328721
-0.0341704
-0.0357335
-0.0359093
-0.0384647
-0.0449714
-0.0502525
-0.0531392
-0.0561227
-0.0605956
-0.0659778
-0.0691468
-0.07169
-0.0762367
-0.0773092
-0.0740038
-0.0757382
-0.0783875
-0.0760607
-0.0737759
-0.0740133
-0.0724157
-0.0700778
-0.0697931
-0.0710599
-0.0715892
-0.0678361
-0.0637324
-0.0631299
-0.0606681
-0.0544858
-0.0515749
-0.0521104
-0.0528353
-0.0504942
-0.0463168
-0.04643
-0.0466017
-0.0426725
-0.0414753
-0.0445451
-0.0457725
-0.0456533
-0.046496
-0.0487671
-0.0507331
-0.0495994
-0.0472636
-0.0455529
-0.0412365
-0.0347792
-0.030572
-0.028658
-0.0259962
-0.0177253
-0.00666001
-0.00155
-1.84328e-05
0.000720902
-0.00444852
-0.0136752
-0.0176186
-0.0170079
-0.0161254
-0.0182148
-0.0222744
-0.0248381
-0.0277296
-0.0319071
-0.0346379
-0.0360319
-0.0382135
-0.0393901
-0.0395755
-0.0429538
-0.0485796
-0.0527779
-0.0571614
-0.0622795
-0.0653583
-0.0667587
-0.0681645
-0.0702874
-0.0720058
-0.0696712
-0.0593214
-0.0416509
-0.027719
-0.0225651
-0.0160942
-0.00902826
-0.00468766
-0.00179858
-4.92571e-05
-0.000297087
-0.00072776
0.000907757
0.00257994
0.00425299
0.00896707
0.01311
0.0127206
0.0125446
0.0153443
0.0177484
0.0188458
0.0186701
0.0171205
0.0137658
0.00859994
0.00318904
-0.000315332
-0.00205688
-0.00289676
-0.00508558
-0.00784315
-0.0093918
-0.00928854
-0.00660222
-0.00185107
0.00385316
0.00744564
0.00597422
0.00259168
0.00482328
0.00922141
0.0103445
0.00954129
0.00932645
0.0114993
0.0126218
0.0102261
0.009906
0.0118239
0.0117441
0.0111286
0.0118062
0.0114317
0.00841879
0.00408784
0.0037264
0.00816572
0.0086617
0.00615786
0.0083059
0.0120409
0.0132748
0.0114165
0.00870872
0.00883397
0.00820031
0.00533552
0.00514574
0.00824267
0.0120354
0.0146142
0.0151935
0.0151265
0.0137357
0.0109067
0.00911276
0.0090794
0.00792263
0.00635799
0.00627721
0.00768841
0.00910836
0.00731938
0.00377114
0.000333101
-0.00506088
-0.0121149
-0.0158381
-0.0198079
-0.0276611
-0.0340504
-0.0393227
-0.049594
-0.0603492
-0.0659392
-0.070843
-0.0766323
-0.0814797
-0.0826951
-0.0798729
-0.0783921
-0.0795903
-0.0816145
-0.0842425
-0.0869059
-0.0875617
-0.086106
-0.0845085
-0.0834814
-0.0817046
-0.0762939
-0.068938
-0.0654495
-0.0658355
-0.0680175
-0.067779
-0.064706
-0.0612145
-0.0562248
-0.0504064
-0.0485712
-0.0489494
-0.0457674
-0.0443171
-0.0475818
-0.0491276
-0.0461544
-0.0408255
-0.0382078
-0.0403499
-0.0421285
-0.0415602
-0.0395769
-0.0371742
-0.0350715
-0.0335489
-0.0323954
-0.0310584
-0.0300144
-0.0293156
-0.0280232
-0.0256043
-0.0227518
-0.0213017
-0.0225627
-0.0253886
-0.0310089
-0.0398199
-0.0469318
-0.0490165
-0.0491476
-0.0494472
-0.052211
-0.0532022
-0.0509199
-0.0513557
-0.0548536
-0.0583851
-0.0606171
-0.062764
-0.0686645
-0.0742544
-0.0753245
-0.0774901
-0.0842143
-0.0911792
-0.0966094
-0.0997451
-0.101138
-0.100381
-0.0981316
-0.0964972
-0.096886
-0.0959536
-0.0926612
-0.0892967
-0.0843749
-0.0767964
-0.0694428
-0.0646416
-0.0632042
-0.0600961
-0.0525334
-0.0505212
-0.0551219
-0.0547872
-0.0517008
-0.0498438
-0.0452689
-0.0392355
-0.0372637
-0.0367865
-0.0341648
-0.0317293
-0.0308136
-0.0314101
-0.0345209
-0.0388346
-0.0387424
-0.0338626
-0.0293233
-0.027065
-0.0283402
-0.032064
-0.0351549
-0.0334749
-0.0292535
-0.0247769
-0.0207437
-0.0186439
-0.0198232
-0.0228565
-0.023391
-0.0153713
-0.000977151
0.00924929
0.0151839
0.0175705
0.0171667
0.0177458
0.0248076
0.034121
0.04188
0.0483886
0.0539445
0.0587127
0.0619999
0.0638993
0.0657902
0.0675604
0.0685769
0.0702272
0.0726035
0.0729809
0.0698455
0.064551
0.0603837
0.0585009
0.0553662
0.0499681
0.0436471
0.0365964
0.0291189
0.0228155
0.020098
0.0222055
0.025382
0.0276857
0.0311593
0.0359385
0.0404554
0.0429937
0.0433674
0.0445508
0.0441859
0.040872
0.0401585
0.0429812
0.0409254
0.0368283
0.0355567
0.0338283
0.0305588
0.0277374
0.0249227
0.0212995
0.0177468
0.0157685
0.0163793
0.0168397
0.0154068
0.0168026
0.017917
0.011187
0.00310054
-0.00152824
-0.00603601
-0.011937
-0.0181417
-0.0219772
-0.0236264
-0.028198
-0.0309785
-0.0281161
-0.0280215
-0.0315736
-0.0309422
-0.0280003
-0.0264294
-0.0242089
-0.0207427
-0.0183221
-0.0203712
-0.0261336
-0.0251938
-0.0172093
-0.0110039
-0.00610644
-0.000853917
0.0039404
0.00868006
0.0147489
0.0214239
0.0273176
0.0319789
0.037363
0.0454549
0.0504247
0.0496755
0.0556364
0.0683259
0.0761276
0.0776452
0.0766671
0.0802434
0.087154
0.0900208
0.0895727
0.0882102
0.0854479
0.0823677
0.0815453
0.0807972
0.0784169
0.0754636
0.0724655
0.0697921
0.0683914
0.0686541
0.0693145
0.0701439
0.0717089
0.0777901
0.0862249
0.0849192
0.0781133
0.0743574
0.0725961
0.0702199
0.0652768
0.0614532
0.0633396
0.0695429
0.0774943
0.0808834
0.0816086
0.0833548
0.0850926
0.0867443
0.0896268
0.0907807
0.0880508
0.0862921
0.0850637
0.0804433
0.0738361
0.0691472
0.0683788
0.0690219
0.0661762
0.0642494
0.065515
0.0648015
0.062958
0.0629836
0.062709
0.0610645
0.060595
0.0606623
0.060803
0.0637458
0.0704808
0.0766055
0.0789468
0.0760936
0.072102
0.0691943
0.0652176
0.0611271
0.0592908
0.0600563
0.0621935
0.0564004
0.0480704
0.0429257
0.0381016
0.0340583
0.0331655
0.0315637
0.0259871
0.0224
0.0217014
0.0200753
0.0177191
0.0151327
0.0118815
0.0066583
-0.000638931
-0.00540098
-0.0059528
-0.00808656
-0.0133255
-0.0205482
-0.0261586
-0.0276155
-0.0272185
-0.0283587
-0.0339115
-0.041304
-0.0480002
-0.0507468
-0.0503118
-0.0496521
-0.051099
-0.0544682
-0.0576554
-0.0604282
-0.0619251
-0.0604402
-0.057491
-0.0573217
-0.0587583
-0.0600438
-0.0603729
-0.0596685
-0.0588374
-0.059152
-0.0606424
-0.060946
-0.0593196
-0.0567643
-0.0561774
-0.0588938
-0.0616449
-0.0613249
-0.0565625
-0.051824
-0.0503806
-0.0505395
-0.0508026
-0.0502613
-0.0501621
-0.0512785
-0.0526125
-0.0541167
-0.0562011
-0.0594171
-0.0631456
-0.0650894
-0.0674574
-0.0719155
-0.0744202
-0.0755605
-0.0790631
-0.0815845
-0.079908
-0.0783387
-0.0778424
-0.0772026
-0.0785991
-0.0827832
-0.0857964
-0.0851793
-0.0807901
-0.0742491
-0.0678565
-0.0644272
-0.0636134
-0.061689
-0.0570898
-0.0492635
-0.0404696
-0.0355225
-0.0390722
-0.0454432
-0.049535
-0.0508876
-0.0500658
-0.0493323
-0.0510658
-0.0549409
-0.0559896
-0.0538571
-0.0512097
-0.0497942
-0.0501803
-0.0503584
-0.0466134
-0.036299
-0.0254009
-0.0190329
-0.0164537
-0.015548
-0.0124473
-0.00895341
-0.00745501
-0.00825578
-0.0114342
-0.0156041
-0.0203298
-0.0247521
-0.0272456
-0.0291259
-0.0326871
-0.0347119
-0.033196
-0.031352
-0.0318244
-0.0348578
-0.034563
-0.0293977
-0.0277228
-0.0284571
-0.028642
-0.0302467
-0.0344524
-0.0391841
-0.0446506
-0.0518823
-0.0617478
-0.0722783
-0.0774708
-0.0808573
-0.0867991
-0.091061
-0.092262
-0.0931679
-0.0955368
-0.0994299
-0.102199
-0.10482
-0.10967
-0.112516
-0.111304
-0.110985
-0.110924
-0.107712
-0.10526
-0.105422
-0.103605
-0.0992711
-0.0957389
-0.0941244
-0.0935183
-0.0904942
-0.0843768
-0.0778941
-0.0734022
-0.0704027
-0.0641912
-0.0566362
-0.0533115
-0.049027
-0.0404562
-0.0323375
-0.0247743
-0.014784
-0.00308593
0.00778174
0.0162272
0.0232634
0.0335039
0.0469381
0.0550238
0.0587183
0.0641384
0.0705614
0.0758154
0.0782804
0.0791307
0.0812349
0.0825759
0.0814745
0.0796622
0.0779691
0.0777115
0.0791531
0.0824932
0.0870156
0.0907827
0.0917006
0.0931777
0.0970125
0.100014
0.101858
0.104553
0.108276
0.111587
0.111846
0.110624
0.112461
0.114816
0.114144
0.11192
0.109563
0.108032
0.106085
0.103335
0.10294
0.104517
0.10465
0.104273
0.104643
0.104361
0.103361
0.102689
0.101639
0.0994249
0.0967354
0.0935125
0.0894251
0.084404
0.0791512
0.0749325
0.0720695
0.0700154
0.0692108
0.0687944
0.0655101
0.0590489
0.0526776
0.0484068
0.0470347
0.0467294
0.0466573
0.0459342
0.0434368
0.0389873
0.0350843
0.0343293
0.0380855
0.0438495
0.0477269
0.0460305
0.0414895
0.0418808
0.0454015
0.0495348
0.0533782
0.0562148
0.0577699
0.0601492
0.064654
0.0677412
0.0689632
0.0707038
0.0729737
0.075234
0.077347
0.0798596
0.0834563
0.0857693
0.0849547
0.0842986
0.0850513
0.0862143
0.0863415
0.0851642
0.0859089
0.0877404
0.0853367
0.0803187
0.0762641
0.0731055
0.071541
0.0727221
0.076561
0.0811205
0.0836187
0.084371
0.0869255
0.0894158
0.0894824
0.0891148
0.0888864
0.0865318
0.0835077
0.0819092
0.0801719
0.0776238
0.0759571
0.0748906
0.0738508
0.073707
0.0752628
0.0779494
0.0803711
0.0815217
0.0833413
0.0865847
0.0888329
0.089094
0.0875968
0.0854689
0.0833869
0.0813127
0.0801857
0.0810758
0.0826683
0.0832786
0.0818663
0.0786753
0.0753862
0.0722113
0.0694394
0.0676229
0.0657374
0.0620203
0.0575841
0.0537366
0.0509965
0.0486129
0.0455132
0.0432497
0.0422414
0.04005
0.0378379
0.0367189
0.0342737
0.0298099
0.0269247
0.0272055
0.0302433
0.032474
0.0318985
0.0308018
0.0285335
0.0244641
0.0205222
0.0185761
0.0188005
0.0195869
0.019725
0.0214578
0.0253016
0.0274542
0.0282796
0.0295673
0.0299096
0.0282067
0.0258583
0.0241143
0.0244952
0.0256861
0.0256664
0.0237085
0.0254139
0.0289365
0.0284501
0.0250167
0.0265409
0.0318393
0.036516
0.0393819
0.0401933
0.0407988
0.0412342
0.0417294
0.042545
0.0436564
0.0443152
0.0447198
0.0453045
0.0460167
0.0460265
0.0441753
0.0414392
0.0403989
0.0403843
0.0414055
0.0444448
0.0468162
0.0440962
0.0393265
0.0353093
0.0320602
0.0282996
0.0228892
0.0182588
0.0155692
0.0123449
0.00861622
0.00527647
0.00201161
-0.000719957
-0.00156699
-0.000967679
-0.000726422
-0.0025746
-0.00635085
-0.00835754
-0.00931221
-0.0108628
-0.0125974
-0.0143563
-0.0166191
-0.0188075
-0.0204975
-0.0229219
-0.0263565
-0.0295227
-0.0322627
-0.0346604
-0.0367151
-0.0393306
-0.0435288
-0.047794
-0.0500626
-0.0507941
-0.0506662
-0.0506499
-0.0503753
-0.0496812
-0.0493668
-0.0492981
-0.0486976
-0.0478315
-0.0472765
-0.0471745
-0.0472997
-0.0470691
-0.0463065
-0.0450062
-0.0435334
-0.041694
-0.0393499
-0.0374631
-0.0368499
-0.0364038
-0.0359838
-0.0361456
-0.0370113
-0.0380603
-0.0381648
-0.0374116
-0.0368652
-0.0364404
-0.035902
-0.0353693
-0.0351484
-0.0354957
-0.0359345
-0.0362052
-0.0365699
-0.0372276
-0.0380608
-0.0385471
-0.0384979
-0.0385778
-0.0389004
-0.0391978
-0.0395168
-0.0399584
-0.0404925
-0.0411508
-0.0419228
-0.0427767
-0.0435047
-0.0437532
-0.0438676
-0.0445718
-0.0452432
-0.0453585
-0.0451712
-0.0446508
-0.0439597
-0.0435229
-0.0432564
-0.0423326
-0.0412023
-0.0407883
-0.0402296
-0.0392434
-0.0389898
-0.0393858
-0.0395987
-0.039632
-0.0396795
-0.0399613
-0.0406086
-0.0414416
-0.0418108
-0.0415655
-0.041585
-0.0417642
-0.0416394
-0.0409685
-0.0398315
-0.0389933
-0.0387248
-0.0389046
-0.0387873
-0.0382961
-0.0385381
-0.039421
-0.0403878
-0.0412138
-0.041609
-0.0412946
-0.0406357
-0.0401807
-0.0398218
-0.0395335
-0.0393805
-0.0390822
-0.0384318
-0.0378707
-0.0374683
-0.036935
-0.036376
-0.0359389
-0.035486
-0.0351498
-0.0351854
-0.0354237
-0.0356173
-0.0358879
-0.0363305
-0.0368656
-0.0373534
-0.0375812
-0.0374665
-0.037123
-0.0368755
-0.0367449
-0.0366062
-0.0362586
-0.0357173
-0.0352463
-0.035012
-0.0350043
-0.0348721
-0.0345568
-0.0341879
-0.0337053
-0.0330457
-0.0323188
-0.031579
-0.030867
-0.0301143
-0.0293143
-0.0285867
-0.0279219
-0.0272465
-0.0265838
-0.0259039
-0.0251241
-0.0244436
-0.0241381
-0.023958
-0.0236947
-0.0233548
-0.0229965
-0.0226476
-0.0221589
-0.0215873
-0.0213201
-0.021042
-0.0204036
-0.0197657
-0.0194116
-0.0192395
-0.0191792
-0.0191398
-0.019041
-0.0187618
-0.0182226
-0.0176442
-0.0172314
-0.016739
-0.0160431
-0.0152959
-0.0147835
-0.0145823
-0.0141025
-0.0133588
-0.0130051
-0.0127414
-0.0121557
-0.011522
-0.0109903
-0.010567
-0.0101243
-0.00957636
-0.00910447
-0.00870703
-0.00820111
-0.00782685
-0.00769784
-0.00727713
-0.0065388
-0.006101
-0.00607234
-0.0062236
-0.00603977
-0.00542794
-0.00484303
-0.00428695
-0.00373702
-0.00332212
-0.00310217
-0.0029551
-0.00275797
-0.00240875
-0.00200011
-0.00157041
-0.00116417
-0.000793705
-0.000453816
-0.000109123
0.000205268
0.000405901
0.000545239
0.000717014
0.000938813
0.00119922
0.00144341
0.00165792
0.00184583
0.00202755
0.00222829
0.00246505
0.00268677
0.00286399
0.00309441
0.00338163
0.00360746
0.00379652
0.00402426
0.00433257
0.00469636
0.00496632
0.00513061
0.00522371
0.00529318
0.00533854
0.00531219
0.00526376
0.00526863
0.00531075
0.00536096
0.00538644
0.00540318
0.00542296
0.00541773
0.0054015
0.00544568
0.00550487
0.00551007
0.00547651
0.00543167
0.00540969
0.00539166
0.00536674
0.0053731
0.00540647
0.00538748
0.0053435
0.00532621
0.00533498
0.00534265
0.00529855
0.00524742
0.00522755
0.00517586
0.00507743
0.00501607
0.00497634
0.00492725
0.00488769
0.00486718
0.00484513
0.00480523
0.00474368
0.00468762
0.00464754
0.00459712
0.00453754
0.00447644
0.0044145
0.00434907
0.00427619
0.00420345
0.00413842
0.00406076
0.00396411
0.00387329
0.00378747
0.00370049
0.00361925
0.00354767
0.00347873
0.00340494
0.00331894
0.00323236
0.00315024
0.00306329
0.0029791
0.00290834
0.00284074
0.00276643
0.00268308
0.00259521
0.00251099
0.00242805
0.00234375
0.00225736
0.00217165
0.00208776
0.00199598
0.00189497
0.00180063
0.00171194
0.00161963
0.00152836
0.00144325
0.00135956
0.00127487
0.00118922
0.00110518
0.0010242
0.000943366
0.000863394
0.000786878
0.000711817
0.000636116
0.000559053
0.000482163
0.000407947
0.000334709
0.000261937
0.000191778
0.000123837
5.6147e-05
-1.14887e-05
-7.85322e-05
-0.000144176
-0.000208729
-0.0002729
-0.000336534
-0.000399581
-0.000462163
-0.000524379
-0.00058618
-0.000647437
-0.000708223
-0.000768796
-0.000828685
-0.000887454
-0.000945849
-0.00100419
-0.0010621
-0.00111952
-0.00117651
-0.00123321
-0.00128959
-0.00134557
-0.0014012
-0.00145657
-0.0015116
-0.00156627
-0.0016206
-0.00167457
-0.00172818
-0.00178141
-0.00183426
-0.00188674
-0.00193884
-0.00199056
-0.00204188
-0.0020928
-0.00214333
-0.00219346
-0.00224318
-0.00229249
-0.00234139
-0.00238988
-0.00243794
-0.00248559
-0.00253281
-0.0025796
