-1.61021e-05
-1.45367e-05
-1.296e-05
-1.1394e-05
-9.80851e-06
-8.24376e-06
-6.68148e-06
-5.1356e-06
-3.58562e-06
-2.0976e-06
-6.54004e-07
7.04312e-07
2.01723e-06
3.24692e-06
4.45729e-06
5.68291e-06
7.0223e-06
8.48641e-06
1.01935e-05
1.21603e-05
1.45104e-05
1.72752e-05
2.05017e-05
2.40761e-05
2.7823e-05
3.14132e-05
3.45967e-05
3.7073e-05
3.86529e-05
3.9146e-05
3.84523e-05
3.64867e-05
3.32582e-05
2.86585e-05
2.27228e-05
1.55463e-05
7.33261e-06
-1.81741e-06
-1.18058e-05
-2.26828e-05
-3.45127e-05
-4.75826e-05
-6.21183e-05
-7.84724e-05
-9.69096e-05
-0.000117137
-0.000137432
-0.00015535
-0.000168187
-0.000173771
-0.000170351
-0.000155869
-0.000125321
-7.17688e-05
1.18358e-05
0.000129273
0.000279126
0.000455742
0.000652363
0.00086215
0.00107993
0.0012928
0.00147886
0.00161642
0.00168834
0.00168453
0.00160238
0.00144569
0.00122361
0.000948231
0.000632079
0.000285624
-8.36095e-05
-0.00047226
-0.000880358
-0.0013111
-0.00175164
-0.00216534
-0.00250851
-0.00274301
-0.00284366
-0.00280026
-0.00261646
-0.00229987
-0.00184648
-0.00124286
-0.000481326
0.000413664
0.00138703
0.00237883
0.0033371
0.00422721
0.00503295
0.0057464
0.00634638
0.00680373
0.00709653
0.00721663
0.00717015
0.00697507
0.00665654
0.00624035
0.00573955
0.0051529
0.00447365
0.0036937
0.00280716
0.0018218
0.000777742
-0.000264359
-0.00124663
-0.00212638
-0.00288137
-0.00350804
-0.00401131
-0.00440059
-0.004692
-0.00490645
-0.00506729
-0.00519701
-0.00531495
-0.00543554
-0.0055678
-0.00571555
-0.00587813
-0.00605202
-0.00623494
-0.00643826
-0.00668552
-0.00699953
-0.00739765
-0.00788784
-0.00846974
-0.00913521
-0.00987188
-0.010664
-0.0114876
-0.0122762
-0.0129316
-0.013366
-0.0135195
-0.0133695
-0.0129269
-0.0122296
-0.0113312
-0.0102791
-0.00908526
-0.00773333
-0.00620163
-0.00447311
-0.00254258
-0.000417877
0.00178311
0.0037668
0.0051775
0.00571967
0.00521562
0.003614
0.000744125
-0.0037862
-0.0100883
-0.0177925
-0.026277
-0.0348842
-0.043056
-0.0504071
-0.0566399
-0.0614592
-0.0646506
-0.0661605
-0.0661006
-0.0647147
-0.0623239
-0.0592734
-0.0558803
-0.0524035
-0.0490214
-0.0459207
-0.0433599
-0.0415905
-0.0407704
-0.0409402
-0.0420282
-0.0438832
-0.0463053
-0.0490886
-0.0520409
-0.0549675
-0.0575031
-0.0591661
-0.0595621
-0.058464
-0.0558337
-0.0518005
-0.0466121
-0.0406558
-0.0344267
-0.0283956
-0.0229234
-0.0182201
-0.0143433
-0.0112244
-0.00870165
-0.00656883
-0.00460665
-0.00261962
-0.000190297
0.00330951
0.00841503
0.015466
0.0245461
0.035441
0.0475499
0.0600713
0.0722382
0.083469
0.0934132
0.101901
0.108635
0.113213
0.115385
0.115124
0.11263
0.108272
0.102571
0.0961519
0.0896326
0.0834991
0.0780651
0.0734582
0.0696509
0.0664944
0.0637774
0.0612672
0.0588837
0.0567198
0.0549117
0.0535831
0.0528064
0.052599
0.0529231
0.0537023
0.0548357
0.056213
0.0577081
0.0591068
0.0601373
0.0605769
0.0602901
0.0592455
0.0574977
0.055168
0.0524113
0.0494314
0.0464555
0.0436739
0.0412139
0.0391322
0.0374167
0.0358615
0.0338805
0.030688
0.0256193
0.0182622
0.00850888
-0.0034555
-0.0172057
-0.0322079
-0.0479103
-0.0638383
-0.0796251
-0.0950075
-0.10964
-0.123142
-0.135256
-0.145907
-0.155185
-0.163196
-0.169552
-0.173456
-0.174219
-0.171331
-0.164459
-0.153535
-0.138815
-0.120825
-0.100261
-0.0778894
-0.054675
-0.0320684
-0.0116704
0.00528513
0.0181339
0.0268055
0.0317314
0.0336856
0.0339206
0.0340761
0.0356977
0.0399357
0.047403
0.058139
0.0716572
0.0871602
0.103743
0.120555
0.136416
0.149542
0.158149
0.161005
0.157664
0.148399
0.134069
0.115322
0.0924117
0.0655887
0.0352164
0.00179363
-0.0340917
-0.0718412
-0.110883
-0.150755
-0.191065
-0.231092
-0.267963
-0.297226
-0.315062
-0.319123
-0.308877
-0.285273
-0.250045
-0.205237
-0.153169
-0.0961426
-0.0362827
0.0238533
0.0813081
0.133834
0.180086
0.219821
0.25226
0.275967
0.29
0.29426
0.289464
0.276844
0.257932
0.234392
0.207832
0.179649
0.150922
0.122383
0.0946706
0.0684647
0.0442389
0.0221895
0.00220602
-0.0160239
-0.0328445
-0.0484253
-0.0628652
-0.0762294
-0.0886395
-0.100211
-0.111093
-0.120616
-0.127342
-0.129945
-0.127526
-0.119736
-0.106739
-0.089175
-0.0679812
-0.0442463
-0.0190263
0.00675563
0.0324148
0.0574907
0.0815189
0.102986
0.119612
0.129527
0.13169
0.125988
0.113036
0.0940126
0.0704176
0.0438505
0.01631
-0.00994472
-0.0331254
-0.0521122
-0.0665753
-0.076806
-0.083592
-0.0879387
-0.090751
-0.0923644
-0.0927
-0.0915466
-0.0887456
-0.0842205
-0.0773939
-0.0669791
-0.0517676
-0.0309694
-0.00447227
0.0272284
0.0627804
0.100362
0.138145
0.174695
0.209024
0.240733
0.269812
0.296407
0.319578
0.337619
0.34906
0.35319
0.350032
0.340354
0.32342
0.296948
0.259002
0.210345
0.155064
0.0983784
0.0451724
-0.000992885
-0.0381171
-0.0654561
-0.0829488
-0.0912753
-0.0917739
-0.0862637
-0.0767042
-0.0649522
-0.0518867
-0.0371542
-0.0199144
0.000696187
0.0252037
0.0537491
0.0845493
0.114061
0.138838
0.156269
0.165034
0.165019
0.157157
0.143034
0.124723
0.10444
0.0841795
0.0654273
0.049082
0.0354473
0.024355
0.0152849
0.00754515
0.000216133
-0.00776189
-0.0173023
-0.0290049
-0.0430882
-0.0594474
-0.0777235
-0.0979081
-0.120409
-0.145049
-0.170168
-0.193169
-0.211707
-0.224168
-0.229914
-0.229167
-0.222854
-0.212305
-0.199019
-0.184402
-0.169634
-0.155552
-0.142645
-0.131325
-0.122388
-0.116771
-0.115105
-0.11756
-0.123865
-0.133407
-0.14538
-0.158927
-0.173258
-0.187738
-0.201923
-0.215571
-0.228611
-0.241102
-0.252619
-0.262077
-0.268366
-0.270701
-0.268812
-0.262885
-0.253501
-0.241424
-0.227487
-0.212465
-0.197029
-0.181663
-0.166685
-0.152291
-0.138881
-0.126991
-0.117013
-0.109111
-0.103209
-0.0990351
-0.0962013
-0.0942696
-0.0928247
-0.0913608
-0.0892166
-0.0857635
-0.0805797
-0.0735084
-0.0646362
-0.0542326
-0.0424221
-0.0290426
-0.0138933
0.00313554
0.0219921
0.0424916
0.0643392
0.0871877
0.110661
0.134427
0.158214
0.181847
0.205223
0.228331
0.251199
0.273882
0.295723
0.314911
0.329286
0.337192
0.337817
0.331241
0.318277
0.300234
0.278642
0.255022
0.230686
0.206636
0.183502
0.161568
0.140836
0.121586
0.105153
0.0934491
0.0879826
0.0895336
0.0980304
0.112734
0.132402
0.155608
0.180887
0.206972
0.231565
0.251465
0.264044
0.267737
0.262257
0.248366
0.227621
0.201968
0.173551
0.144496
0.116607
0.0910998
0.068568
0.0490184
0.0320323
0.016909
0.00285489
-0.0108929
-0.0249447
-0.0397138
-0.0551154
-0.0702109
-0.0835577
-0.0938789
-0.100313
-0.102562
-0.100805
-0.0956401
-0.0878863
-0.079169
-0.0717269
-0.0675333
-0.0679322
-0.0734798
-0.0840203
-0.0988414
-0.116894
-0.137005
-0.158055
-0.179131
-0.199572
-0.219009
-0.236836
-0.252181
-0.264405
-0.273229
-0.278787
-0.28152
-0.282078
-0.281177
-0.279508
-0.27773
-0.276439
-0.276032
-0.276705
-0.278447
-0.281105
-0.284423
-0.288112
-0.291394
-0.292742
-0.290431
-0.283081
-0.269935
-0.250949
-0.226696
-0.19819
-0.166658
-0.133343
-0.0993383
-0.0654532
-0.0321511
0.000386635
0.0322004
0.063468
0.0942856
0.124547
0.153989
0.181802
0.206851
0.228222
0.24543
0.258343
0.266894
0.271129
0.271355
0.268126
0.262176
0.254293
0.245228
0.235241
0.224068
0.211346
0.196766
0.180233
0.161885
0.142068
0.121205
0.0999214
0.0790767
0.0595353
0.0419161
0.0265341
0.0133857
0.00267097
-0.00503318
-0.00919773
-0.00957653
-0.00629189
0.000223504
0.00919579
0.0196377
0.030599
0.0412996
0.0512142
0.0600725
0.067835
0.0743559
0.0791482
0.081643
0.0814626
0.0785178
0.073
0.065314
0.0559856
0.0455743
0.0345944
0.0234716
0.0126239
0.0028918
-0.0045876
-0.00892382
-0.00963365
-0.00671857
-0.000550433
0.00821039
0.0188003
0.030431
0.0424435
0.0543043
0.0656804
0.0754569
0.0817793
0.083071
0.0783893
0.0675803
0.0511589
0.0301713
0.00607572
-0.0195024
-0.045119
-0.0696842
-0.0925478
-0.113478
-0.132592
-0.150255
-0.16695
-0.182979
-0.197609
-0.209272
-0.216536
-0.218459
-0.214787
-0.205884
-0.192666
-0.176332
-0.15816
-0.13929
-0.120887
-0.104124
-0.0898941
-0.0786535
-0.0704154
-0.0648255
-0.0612959
-0.059129
-0.0576448
-0.0562623
-0.054561
-0.0522922
-0.0493747
-0.0458587
-0.0418923
-0.0378382
-0.0342365
-0.031561
-0.0301417
-0.0301017
-0.0313943
-0.0338193
-0.037104
-0.0409287
-0.0450071
-0.0490839
-0.0529845
-0.0561844
-0.0578414
-0.0572374
-0.0539506
-0.0479109
-0.0393456
-0.0285165
-0.0154886
-0.00026296
0.0170864
0.0363562
0.0570103
0.0778861
0.0975236
0.114691
0.128611
0.139028
0.146148
0.150514
0.152916
0.154256
0.155354
0.156857
0.159179
0.162503
0.166809
0.171934
0.177621
0.183588
0.189278
0.193724
0.195902
0.195072
0.190912
0.183516
0.173312
0.161084
0.147858
0.134647
0.122261
0.11122
0.101743
0.0938251
0.0873375
0.0820569
0.07769
0.0739195
0.0704464
0.0670246
0.0634785
0.0597109
0.0556952
0.0514614
0.0470701
0.0425465
0.0376598
0.0319776
0.0251164
0.0168303
0.00706602
-0.00399873
-0.0157
-0.0270423
-0.0371096
-0.0452451
-0.0511384
-0.0547991
-0.0564994
-0.0567335
-0.056204
-0.0556671
-0.0557595
-0.056909
-0.0593135
-0.0629591
-0.0676711
-0.073175
-0.0791591
-0.0853246
-0.0914264
-0.0972933
-0.102836
-0.108037
-0.112936
-0.117571
-0.12181
-0.125377
-0.128032
-0.129635
-0.130173
-0.129736
-0.128497
-0.126668
-0.124469
-0.122093
-0.119703
-0.11742
-0.115325
-0.113442
-0.111767
-0.110261
-0.109076
-0.108599
-0.109239
-0.111281
-0.114855
-0.119986
-0.12662
-0.134596
-0.143677
-0.153572
-0.164003
-0.1747
-0.185452
-0.195558
-0.203856
-0.209348
-0.211401
-0.209864
-0.204989
-0.197346
-0.187661
-0.176712
-0.165193
-0.153555
-0.141543
-0.128341
-0.113116
-0.0953338
-0.0751856
-0.0534797
-0.0312008
-0.0092687
0.0116315
0.0310804
0.0489514
0.0653341
0.0804912
0.0943279
0.106355
0.116128
0.123395
0.128171
0.130695
0.131374
0.130697
0.12916
0.127207
0.125283
0.123829
0.123179
0.123514
0.124851
0.127079
0.13
0.133339
0.136666
0.139463
0.14131
0.141953
0.141332
0.139542
0.136791
0.133333
0.129436
0.125338
0.121235
0.117337
0.113979
0.111533
0.110262
0.110274
0.111517
0.113818
0.116926
0.120563
0.124468
0.128423
0.132272
0.135926
0.139359
0.142588
0.145661
0.148426
0.150389
0.150948
0.149636
0.146231
0.140757
0.13345
0.124751
0.115325
0.105913
0.0971431
0.0894371
0.0829913
0.0777923
0.0736668
0.0703429
0.0675126
0.0648788
0.0621704
0.0590562
0.0551902
0.0503333
0.0443882
0.0374015
0.0295279
0.0209897
0.0120344
0.00303317
-0.00545444
-0.0128672
-0.0188015
-0.0230814
-0.0257451
-0.0270108
-0.0271992
-0.0266839
-0.0258229
-0.0253116
-0.0262306
-0.0295913
-0.0360689
-0.0458741
-0.0587225
-0.073945
-0.0907161
-0.108208
-0.125667
-0.142273
-0.157239
-0.170046
-0.180501
-0.18873
-0.195084
-0.200054
-0.203833
-0.206254
-0.207117
-0.206294
-0.203804
-0.199785
-0.194484
-0.18818
-0.181101
-0.173395
-0.165183
-0.156564
-0.147629
-0.138453
-0.129103
-0.119634
-0.11013
-0.100766
-0.0917621
-0.0832909
-0.07545
-0.0682476
-0.061625
-0.0554734
-0.049659
-0.044165
-0.0391058
-0.0345989
-0.0307253
-0.027498
-0.0248747
-0.0227624
-0.0210436
-0.0195905
-0.0182854
-0.017024
-0.0155497
-0.0133353
-0.0098029
-0.00452391
0.0026421
0.0114826
0.0215289
0.0322331
0.0430385
0.0533312
0.062505
0.0701553
0.0761039
0.080411
0.0831131
0.0841781
0.083643
0.0816446
0.07841
0.0742224
0.0693756
0.0641427
0.0587462
0.0533487
0.0480435
0.0428023
0.0374386
0.031711
0.0254068
0.0184004
0.010654
0.0022184
-0.00690495
-0.016803
-0.0275621
-0.0392077
-0.0516942
-0.0649074
-0.0786959
-0.0928866
-0.107321
-0.121855
-0.136392
-0.150853
-0.165057
-0.17813
-0.188698
-0.195592
-0.198111
-0.196125
-0.189994
-0.180451
-0.168482
-0.155285
-0.142049
-0.129726
-0.118925
-0.109903
-0.102603
-0.0967402
-0.0918974
-0.0876189
-0.0834806
-0.0791507
-0.074407
-0.0691513
-0.0633859
-0.0572001
-0.0507832
-0.0446249
-0.0394067
-0.0357083
-0.0338873
-0.0340369
-0.0360186
-0.0395206
-0.0441347
-0.0494301
-0.0550128
-0.0605632
-0.0656923
-0.0697047
-0.0717889
-0.0713524
-0.0681262
-0.062195
-0.0539032
-0.0437736
-0.0319637
-0.0181977
-0.0021949
0.0161951
0.0366643
0.0584809
0.0808191
0.102646
0.122771
0.14022
0.154424
0.165283
0.173085
0.178295
0.181349
0.182658
0.182626
0.181639
0.180037
0.178101
0.176029
0.173947
0.171909
0.169921
0.167912
0.165726
0.163188
0.160166
0.156593
0.152472
0.147864
0.142873
0.13762
0.132227
0.126798
0.121416
0.116247
0.111566
0.10763
0.104605
0.102535
0.101357
0.100923
0.101042
0.101508
0.102133
0.102694
0.102932
0.102634
0.101672
0.100021
0.0977407
0.0949525
0.0918049
0.0884495
0.0847725
0.0803902
0.0749277
0.0681213
0.05988
0.0502646
0.0394709
0.0278526
0.0159064
0.00411102
-0.00714836
-0.0176428
-0.0272855
-0.0361284
-0.0442501
-0.0517353
-0.0586839
-0.0652201
-0.071465
-0.0775394
-0.0835347
-0.0895187
-0.0952694
-0.100236
-0.103829
-0.105619
-0.105411
-0.103251
-0.0993823
-0.0941716
-0.0880419
-0.0814046
-0.0746084
-0.0677518
-0.0606313
-0.0529456
-0.0444188
-0.0350082
-0.0249948
-0.0148358
-0.00498017
0.00422091
0.0125633
0.0199833
0.0265462
0.0324005
0.0377474
0.0427933
0.047731
0.0527075
0.0578215
0.0629712
0.067782
0.0717764
0.0745646
0.0759213
0.0758107
0.0743557
0.0717986
0.0684401
0.064596
0.0605469
0.0565227
0.0526843
0.049125
0.0458664
0.0428794
0.0400953
0.0374332
0.0348083
0.0321518
0.0294154
0.0266368
0.0241498
0.0225169
0.0222292
0.023609
0.0267446
0.0315342
0.0377593
0.0451839
0.053536
0.0625533
0.0719763
0.0816024
0.0912642
0.100869
0.110359
0.11974
0.129025
0.138258
0.14701
0.154323
0.159181
0.160869
0.159072
0.1539
0.145149
0.132247
0.114815
0.093318
0.0690718
0.0436035
0.0183362
-0.00546232
-0.0266874
-0.0446567
-0.0591562
-0.0704299
-0.0790346
-0.0857141
-0.0910954
-0.09538
-0.0984278
-0.100046
-0.100096
-0.098566
-0.0955566
-0.091272
-0.0859699
-0.0799361
-0.0733831
-0.0664367
-0.0591757
-0.051657
-0.0439232
-0.0360105
-0.0279537
-0.0198398
-0.0120125
-0.00500732
0.000718166
0.00487596
0.00739702
0.00839382
0.00812401
0.00691636
0.00512403
0.00306575
0.00104654
-0.000641149
-0.00176323
-0.00219491
-0.00191795
-0.00100955
0.000394832
0.00212754
0.00402549
0.0059456
0.00778562
0.00948261
0.0110178
0.0124015
0.0136681
0.0147685
0.0155081
0.0156425
0.0149839
0.0134416
0.0110302
0.0078486
0.004054
-0.000172009
-0.00464782
-0.00921815
-0.0137645
-0.0182111
-0.0225239
-0.0267009
-0.0307172
-0.0343385
-0.0371676
-0.0388676
-0.0392347
-0.0382384
-0.0359883
-0.0326979
-0.0286188
-0.0240198
-0.0191392
-0.0141813
-0.00928814
-0.00475741
-0.00102904
0.00153476
0.00272863
0.00252941
0.00106904
-0.00141301
-0.00462593
-0.00841945
-0.0129135
-0.0183537
-0.0249506
-0.0327745
-0.0416117
-0.0510223
-0.060535
-0.0697411
-0.0783619
-0.0862527
-0.0934037
-0.0998958
-0.105818
-0.110989
-0.115013
-0.117545
-0.118389
-0.117543
-0.115165
-0.111531
-0.106977
-0.10185
-0.0964529
-0.0910303
-0.0857447
-0.0806829
-0.0758623
-0.0712508
-0.0667844
-0.0623878
-0.057988
-0.0535299
-0.0490732
-0.0448564
-0.0411783
-0.038285
-0.0363142
-0.035288
-0.0351215
-0.0356619
-0.0367111
-0.0380197
-0.0391214
-0.0394173
-0.0384181
-0.0358338
-0.0316043
-0.0258654
-0.0189828
-0.0115019
-0.00398445
0.00310147
0.0094436
0.014897
0.0194713
0.0232893
0.026548
0.029469
0.0322673
0.0351154
0.038137
0.0413929
0.0448978
0.0486163
0.0524895
0.0562278
0.0593418
0.0613905
0.0620807
0.061314
0.0591663
0.0558479
0.0516505
0.0468885
0.0418611
0.036815
0.0321985
0.0286463
0.026671
0.0265708
0.0283806
0.0319265
0.0368745
0.0428201
0.0493337
0.0560306
0.0626051
0.0688641
0.0747149
0.0801596
0.0851388
0.0894354
0.0927855
0.095009
0.0960481
0.0959722
0.094944
0.0931875
0.0909412
0.0884306
0.0858396
0.0833032
0.0808572
0.0784284
0.0758832
0.0730937
0.0699628
0.0664454
0.0625417
0.058297
0.0537784
0.0490727
0.0442598
0.0394177
0.0346037
0.0300661
0.0262297
0.0234651
0.0220041
0.0219029
0.0230644
0.0252756
0.0282609
0.0317289
0.0354145
0.0391012
0.0425258
0.0452159
0.0466189
0.0463285
0.044161
0.0401661
0.0345788
0.0278038
0.0203677
0.0128083
0.00556587
-0.00106209
-0.00693776
-0.0120474
-0.0164542
-0.0202679
-0.0236378
-0.0267215
-0.0296714
-0.0326079
-0.035621
-0.0387535
-0.0420151
-0.0452224
-0.048022
-0.0500797
-0.0511634
-0.0511787
-0.0501641
-0.0482871
-0.0459039
-0.0434879
-0.0414684
-0.0401589
-0.0397228
-0.0401811
-0.041439
-0.0433241
-0.0456267
-0.0481404
-0.0506847
-0.0531243
-0.0553144
-0.0570587
-0.0581765
-0.0585603
-0.0581966
-0.0571533
-0.0555587
-0.0535689
-0.051346
-0.0490308
-0.0467356
-0.0445294
-0.0424501
-0.0405469
-0.0390737
-0.0384331
-0.0389649
-0.0408629
-0.0441507
-0.0487023
-0.0542881
-0.0606218
-0.0674137
-0.0744
-0.0813806
-0.0882133
-0.0948251
-0.100832
-0.105543
-0.108366
-0.108935
-0.107182
-0.103289
-0.0976307
-0.0906764
-0.0829184
-0.0747522
-0.0662865
-0.0573535
-0.047741
-0.0372638
-0.0261854
-0.0151956
-0.0050117
0.00379933
0.0109225
0.0162921
0.0200582
0.0225183
0.0240517
0.0250494
0.0258614
0.0267574
0.0279143
0.0294141
0.0312588
0.03339
0.0357158
0.0381321
0.0405431
0.0428717
0.0450699
0.0470419
0.0485962
0.0495258
0.0496901
0.049042
0.0476274
0.0455612
0.0430029
0.040123
0.037083
0.0340162
0.0311458
0.0288082
0.0273091
0.0268437
0.0274647
0.0290986
0.0315754
0.0346735
0.038157
0.0418121
0.0454663
0.049003
0.0523607
0.0555281
0.0585305
0.0614168
0.0642444
0.0670395
0.0697671
0.072365
0.0747753
0.0769614
0.0789124
0.0806426
0.0821835
0.0835795
0.084876
0.0861183
0.0873425
0.0885767
0.0898357
0.091124
0.0923137
0.0930733
0.0930108
0.0918258
0.0893667
0.0856424
0.080788
0.0749559
0.0679923
0.0594823
0.049076
0.0365994
0.0224406
0.00772195
-0.00614739
-0.017948
-0.0268745
-0.0326071
-0.035263
-0.0352936
-0.0333524
-0.0301624
-0.0264047
-0.0226414
-0.0193179
-0.016786
-0.0152568
-0.0147802
-0.0152602
-0.0165008
-0.0182521
-0.0202622
-0.0223081
-0.0241949
-0.0257161
-0.0266935
-0.0270268
-0.026707
-0.0258009
-0.0244315
-0.0227452
-0.0208909
-0.0189948
-0.0171569
-0.0155397
-0.0145257
-0.0145904
-0.0161005
-0.0191375
-0.0234675
-0.0286859
-0.0343396
-0.0400204
-0.045414
-0.0503248
-0.0546749
-0.0584864
-0.0618524
-0.0648601
-0.0674941
-0.0696685
-0.0713099
-0.0723859
-0.0729176
-0.072968
-0.0726312
-0.072011
-0.0712122
-0.070324
-0.0694171
-0.0685362
-0.0677074
-0.0669342
-0.0662108
-0.0655176
-0.0648349
-0.0640108
-0.0627748
-0.0608843
-0.058183
-0.0546246
-0.0502626
-0.0452241
-0.0396821
-0.0338203
-0.0278091
-0.0217888
-0.0159655
-0.0106734
-0.00625639
-0.00294958
-0.000840693
0.000128352
0.000124862
-0.000613548
-0.00180638
-0.00307688
-0.00401268
-0.00428707
-0.003709
-0.00222893
7.97878e-05
0.00306005
0.00650714
0.0102144
0.0140277
0.017994
0.0223216
0.027233
0.0328896
0.0393656
0.0466384
0.0546088
0.0628243
0.070444
0.076614
0.0806981
0.0823878
0.0816922
0.0788867
0.0744174
0.0688107
0.0625843
0.0561845
0.0499468
0.0440814
0.0388359
0.0345522
0.0315069
0.029836
0.029508
0.0303601
0.0321366
0.0345461
0.0372453
0.0397981
0.0417585
0.0428028
0.0427667
0.0416519
0.039587
0.0367883
0.0335055
0.0299852
0.0264351
0.0230529
0.0200778
0.0177472
0.0162094
0.0155078
0.015581
0.0162978
0.0174805
0.0189457
0.0204531
0.0217324
0.0225684
0.0228341
0.022498
0.0216098
0.0202756
0.018632
0.0168187
0.0149605
0.0131544
0.0115177
0.0102679
0.00966227
0.00988731
0.0110241
0.013042
0.0158246
0.0191982
0.022969
0.0269498
0.0309847
0.0349587
0.0388051
0.0424981
0.0460488
0.0494867
0.0527529
0.055539
0.0574059
0.0579908
0.0570928
0.0546938
0.0509347
0.0460679
0.0404336
0.0344089
0.0283303
0.0224546
0.0169386
0.0118441
0.00715193
0.00278627
-0.00136114
-0.00540174
-0.00934945
-0.0129803
-0.0159337
-0.0178931
-0.0186653
-0.0182066
-0.0166061
-0.0140515
-0.010786
-0.00706569
-0.00312794
0.000806774
0.0044393
0.00742837
0.00952436
0.0106065
0.0106927
0.00990648
0.00844459
0.00652986
0.00438209
0.00220109
0.000217814
-0.00133554
-0.00229789
-0.00260224
-0.0022722
-0.00140163
-0.000126266
0.00140283
0.00304433
0.00468237
0.00623703
0.00766496
0.00895724
0.0101302
0.0112178
0.0122603
0.0132978
0.0143622
0.0154763
0.0166492
0.0178816
0.019163
0.0204782
0.0217069
0.0226077
0.0229367
0.0225197
0.0212856
0.0192609
0.0165519
0.0133139
0.00972231
0.00594434
0.00212181
-0.0016422
-0.00528578
-0.00878718
-0.0121723
-0.0155055
-0.0188584
-0.0222955
-0.0258594
-0.0295721
-0.0334313
-0.0374199
-0.0415065
-0.045657
-0.0498357
-0.0540151
-0.0581714
-0.0622949
-0.0663779
-0.0704222
-0.0742413
-0.0774714
-0.0797863
-0.08097
-0.0809607
-0.0798295
-0.0777542
-0.0749696
-0.0717302
-0.0682697
-0.0647812
-0.0613978
-0.0581954
-0.0551941
-0.0523744
-0.0496872
-0.0470731
-0.0444714
-0.0418336
-0.0391241
-0.0363272
-0.0334415
-0.0304807
-0.0274641
-0.0244172
-0.0213619
-0.0183205
-0.0153361
-0.012591
-0.010364
-0.008892
-0.00831417
-0.00865417
-0.0098341
-0.0116795
-0.013866
-0.0159804
-0.0176603
-0.0186515
-0.0188368
-0.0182205
-0.0169078
-0.0150627
-0.0128775
-0.0105374
-0.00828342
-0.00644709
-0.00535093
-0.00521043
-0.00610535
-0.00798337
-0.0106922
-0.0139354
-0.0172631
-0.0202021
-0.0223804
-0.0235796
-0.0237437
-0.0229541
-0.02139
-0.0192815
-0.0168689
-0.0143653
-0.0119379
-0.009692
-0.00767756
-0.00589384
-0.00441349
-0.00346239
-0.00331003
-0.00415057
-0.00606163
-0.0089984
-0.0128241
-0.0173378
-0.0223222
-0.0275619
-0.0328764
-0.0378658
-0.0419291
-0.0445628
-0.04546
-0.0445596
-0.0420026
-0.0380862
-0.0331831
-0.0276854
-0.0219414
-0.0162291
-0.0107311
-0.00554122
-0.000669082
0.00393176
0.00834758
0.0126734
0.0169687
0.0211871
0.025217
0.0289458
0.0322977
0.0352395
0.0377873
0.0399885
0.0419159
0.0435623
0.0448369
0.0456526
0.0459591
0.045757
0.045093
0.0440474
0.0427191
0.041208
0.0396066
0.0379865
0.0363973
0.0347917
0.033015
0.0308929
0.0282895
0.0251344
0.0214271
0.0172242
0.0126232
0.00774016
0.00269477
-0.00237325
-0.00718092
-0.0113502
-0.0145766
-0.0166871
-0.0176613
-0.0176039
-0.0167121
-0.0152263
-0.0133937
-0.0114307
-0.00950729
-0.00773135
-0.00615668
-0.00478591
-0.00369775
-0.003054
-0.00298962
-0.00357765
-0.00481333
-0.00662966
-0.00891385
-0.0115337
-0.0143688
-0.0173368
-0.0203875
-0.0234932
-0.0266402
-0.0298253
-0.0330495
-0.0363163
-0.0396275
-0.0429802
-0.0462634
-0.0491082
-0.0510137
-0.0515714
-0.0505488
-0.0479197
-0.0438286
-0.0385468
-0.0323815
-0.0256285
-0.0185476
-0.0113514
-0.00419068
0.00270627
0.00900145
0.0143925
0.0186952
0.0218721
0.0240133
0.0253043
0.0259788
0.0262794
0.0264235
0.0265817
0.0268658
0.0272809
0.0277008
0.0279413
0.0278315
0.0272543
0.026159
0.0245606
0.0225243
0.0201494
0.0175478
0.0148298
0.0120873
0.00939088
0.00680061
0.00443939
0.00247228
0.00102617
0.000163028
-0.000127445
8.68274e-05
0.000698575
0.00158437
0.00262287
0.00371057
0.00476901
0.00572221
0.0064545
0.0068395
0.0067909
0.00627819
0.00532622
0.00400142
0.00239567
0.000608257
-0.00126796
-0.00315776
-0.00500778
-0.00678912
-0.00849324
-0.0101292
-0.0117153
-0.0132758
-0.0148334
-0.0164062
-0.0179337
-0.0192623
-0.0202279
-0.020708
-0.0206468
-0.0200532
-0.0189914
-0.0175597
-0.0158728
-0.0140428
-0.0121664
-0.010316
-0.00853713
-0.00684922
-0.00525019
-0.0037238
-0.00227412
-0.000975293
6.02988e-05
0.000738728
0.0010096
0.000869664
0.00035947
-0.000451108
-0.00139161
-0.00220849
-0.00267401
-0.00262762
-0.00199916
-0.000798783
0.000896554
0.00297137
0.00529251
0.00773299
0.0101786
0.0125149
0.0146355
0.0164744
0.0180089
0.0192596
0.0202755
0.0211244
0.0218764
0.0225963
0.0233335
0.0241215
0.0249742
0.0258677
0.026708
0.0273664
0.0277314
0.0277348
0.0273568
0.0266233
0.0255926
0.0243422
0.0229542
0.0215051
0.0200556
0.0186488
0.0173067
0.0160356
0.0148265
0.0136625
0.0125037
0.0112892
0.00995992
0.00847484
0.00681566
0.00498796
0.00301411
0.000928803
-0.00122968
-0.00342054
-0.00560345
-0.00774207
-0.0098133
-0.0118057
-0.0137229
-0.0155755
-0.0173821
-0.0191607
-0.0209308
-0.0227052
-0.024496
-0.0263051
-0.0281318
-0.0298316
-0.0311266
-0.0317631
-0.0315715
-0.0304968
-0.0285852
-0.0259639
-0.0228062
-0.0193012
-0.0156251
-0.0119233
-0.00830071
-0.00488436
-0.00192164
0.000289657
0.00153132
0.00170741
0.000851263
-0.000903043
-0.00335465
-0.00627854
-0.00945664
-0.0127062
-0.0158923
-0.0189353
-0.0218037
-0.0245085
-0.0270861
-0.0295872
-0.0319747
-0.0340984
-0.0357899
-0.036923
-0.0374421
-0.0373614
-0.0367538
-0.0357286
-0.0344124
-0.0329277
-0.0313814
-0.029853
-0.0283941
-0.0270355
-0.0258268
-0.0248296
-0.0240861
-0.0236088
-0.0233809
-0.0233632
-0.0235034
-0.023746
-0.0240398
-0.0243435
-0.0246283
-0.0248782
-0.0250899
-0.0252762
-0.025495
-0.0258349
-0.0263737
-0.0271616
-0.0282136
-0.0295138
-0.0310225
-0.0326866
-0.0344484
-0.036255
-0.038063
-0.039843
-0.0415816
-0.0432971
-0.045031
-0.0468253
-0.0487132
-0.0507128
-0.0528274
-0.0550471
-0.0573522
-0.0597183
-0.0621205
-0.0645362
-0.0669474
-0.0693423
-0.0717148
-0.0740649
-0.0763933
-0.0786503
-0.080656
-0.0821628
-0.0829695
-0.0829646
-0.0821399
-0.0805733
-0.0784045
-0.0758036
-0.0729449
-0.0699812
-0.067033
-0.0641786
-0.0614574
-0.0588735
-0.0564401
-0.0542103
-0.052248
-0.0505936
-0.0492558
-0.0482106
-0.0474116
-0.0467978
-0.0463061
-0.0458789
-0.0455017
-0.04521
-0.0450566
-0.0450858
-0.045323
-0.0457694
-0.0464069
-0.0472017
-0.048114
-0.0490983
-0.05008
-0.0508243
-0.0509844
-0.0502683
-0.0485006
-0.0456482
-0.041798
-0.0371266
-0.0318571
-0.0262222
-0.0204317
-0.0146514
-0.00899262
-0.00351657
0.00166227
0.00629658
0.0101156
0.0129307
0.014678
0.0154124
0.0152837
0.0144958
0.0132727
0.0118235
0.0103216
0.00888957
0.00759939
0.00647382
0.00550016
0.00463807
0.0038394
0.0030745
0.00242388
0.00205377
0.00211891
0.00272214
0.0038969
0.00561245
0.00778938
0.0103188
0.0130822
0.0159677
0.0188821
0.0217265
0.0243915
0.0267902
0.0288777
0.0306531
0.0321512
0.0334313
0.0345639
0.0356185
0.0366545
0.0377155
0.0388283
0.0400027
0.041235
0.0425118
0.0438155
0.0451287
0.0464388
0.047737
0.049021
0.0502903
0.0515485
0.0527987
0.0540454
0.0552264
0.0562162
0.0568999
0.0572011
0.0570953
0.0566044
0.0557871
0.0547228
0.0534987
0.0521949
0.0508778
0.0496028
0.0484164
0.0473499
0.0464147
0.0456038
0.0448957
0.0442612
0.0436688
0.0430903
0.0425033
0.0418934
0.0412537
0.0405852
0.0399033
0.0392722
0.0387912
0.0385465
0.0385921
0.0389422
0.0395764
0.0404474
0.0414938
0.0426498
0.0438552
0.0450614
0.0462353
0.0473613
0.0484503
0.0495326
0.0506424
0.0518079
0.0530478
0.0543699
0.0557689
0.0571867
0.0584491
0.0593244
0.0596213
0.0592286
0.0581271
0.0563773
0.0540955
0.0514202
0.0484555
0.0452615
0.04188
0.038342
0.0346756
0.0309044
0.027049
0.0231275
0.0191545
0.0151441
0.0111619
0.0074036
0.00413063
0.00155557
-0.000202951
-0.00113155
-0.00130694
-0.000869306
8.26577e-06
0.00114983
0.00239818
0.00362968
0.00469922
0.00544236
0.00574238
0.00554614
0.00486862
0.00377517
0.00236552
0.000750001
-0.000965319
-0.00269335
-0.00437151
-0.00596511
-0.00746289
-0.00883665
-0.0100097
-0.0108956
-0.0114342
-0.0116065
-0.0114327
-0.0109644
-0.0102719
-0.00944825
-0.00865976
-0.00811956
-0.00800123
-0.00841099
-0.00937365
-0.0108483
-0.0127422
-0.0149389
-0.0173138
-0.0197577
-0.0221821
-0.024531
-0.0267743
-0.0289119
-0.0309581
-0.0329407
-0.0347768
-0.0362764
-0.0372627
-0.0376183
-0.0373083
-0.036371
-0.0349027
-0.0330316
-0.0308971
-0.0286292
-0.0263341
-0.0240876
-0.0219328
-0.019884
-0.0179313
-0.0160412
-0.0141515
-0.0121889
-0.0100924
-0.00782475
-0.00537441
-0.00275435
7.10191e-06
0.00286974
0.00579054
0.00865187
0.0112696
0.0134837
0.0151914
0.0163632
0.0170326
0.0172824
0.0172213
0.0169669
0.0166262
0.0162861
0.0160059
0.0158178
0.0157281
0.0157252
0.015784
0.0158749
0.0159377
0.0158808
0.0156186
0.0150939
0.0142867
0.0132117
0.0119101
0.0104392
0.00886096
0.00723344
0.00560408
0.00400602
0.00245745
0.00096302
-0.000483279
-0.00189428
-0.00328592
-0.00467395
-0.00607144
-0.00748743
-0.00892485
-0.0103369
-0.0115626
-0.0123826
-0.0126166
-0.0121615
-0.011004
-0.0092064
-0.00688642
-0.00418866
-0.0012637
0.0017541
0.00470312
0.00739001
0.00965351
0.0113985
0.0126065
0.0133238
0.0136433
0.0136701
0.0134852
0.0131415
0.012678
0.0121229
0.0114982
0.0108191
0.0100964
0.00933706
0.00854619
0.00772684
0.00688239
0.00601549
0.00513063
0.00424175
0.00341056
0.00273291
0.00229168
0.00213824
0.00228521
0.00271142
0.00337015
0.0042009
0.00513929
0.00612679
0.0071162
0.00807511
0.00898606
0.00984508
0.0106585
0.0114392
0.0122027
0.0129641
0.0137357
0.0145145
0.0152754
0.0159841
0.0166113
0.017139
0.017562
0.0178873
0.0181306
0.0183125
0.0184551
0.0185789
0.0187005
0.0188319
0.0189792
0.0191446
0.0193261
0.0195198
0.0197202
0.0199222
0.0201212
0.0203144
0.0204999
0.0206779
0.0208492
0.0210157
0.0211793
0.0213423
0.0215061
0.0216722
0.0218406
0.0220123
0.0221861
0.0223609
0.0224979
0.0225136
0.0223225
0.0218636
0.0211114
0.0200767
0.0187966
0.0173272
0.0157301
0.0140658
0.0123835
0.0107217
0.00910388
0.00764853
0.00656639
0.00603995
0.00618334
0.00702043
0.00850009
0.0105116
0.0129151
0.015562
0.0183193
0.0210793
0.0237696
0.026351
0.028815
0.0311736
0.0334553
0.0356934
0.0379231
0.0401712
0.0424584
0.0447928
0.0471766
0.0495997
0.0520201
0.0542488
0.0559928
0.0569996
0.0571142
0.0563009
0.0546279
0.0522414
0.0493297
0.0460916
0.042708
0.0393231
0.0360368
0.0329023
0.0299862
0.0273891
0.0251946
0.0234432
0.0221235
0.021183
0.0205405
0.0201043
0.0197843
0.0195047
0.019209
0.0188631
0.0184528
0.0179811
0.0174617
0.0169151
0.016362
0.0158207
0.0153042
0.0148198
0.0143678
0.0139449
0.0135442
0.0131931
0.0129744
0.0129885
0.0133122
0.013983
0.0149961
0.0163126
0.01787
0.0195959
0.0214184
0.0232753
0.0251193
0.0269209
0.0286666
0.030357
0.0320024
0.033619
0.035224
0.0368336
0.0384593
0.0401089
0.0417841
0.0434831
0.0452008
0.0469308
0.048666
0.0504002
0.0521271
0.0538013
0.0552756
0.0563532
0.0568748
0.0567538
0.0559845
0.0546301
0.0528025
0.0506374
0.0482722
0.0458285
0.0434069
0.0410832
0.0389012
0.0368731
0.0349854
0.033207
0.0314972
0.0298154
0.0281265
0.0264056
0.0246379
0.0228201
0.0209579
0.0190801
0.0172348
0.0154673
0.0138101
0.0122784
0.0108704
0.00957033
0.00835489
0.0071961
0.00606634
0.00494251
0.00380716
0.00265017
0.00146715
0.000259828
-0.000965678
-0.00216202
-0.00321844
-0.00400707
-0.00443033
-0.0044401
-0.0040403
-0.00327718
-0.00222584
-0.000975407
0.000347329
0.00156516
0.00250199
0.0030308
0.00309149
0.00268977
0.00188393
0.000765884
-0.000558587
-0.00198551
-0.00339773
-0.00462917
-0.00550395
-0.00589615
-0.00575008
-0.00508095
-0.00395939
-0.00249104
-0.000795119
0.00101437
0.00284205
0.00461944
0.006307
0.00789225
0.00938373
0.0108049
0.0121853
0.0135562
0.0149429
0.0163642
0.0178289
0.019337
0.0208009
0.0220324
0.0228374
0.0230734
0.0226775
0.0216634
0.0201091
0.0181321
0.0158677
0.0134471
0.0109825
0.00855692
0.00621614
0.00396234
0.00176794
-0.000409188
-0.0026114
-0.00487329
-0.00721693
-0.00965111
-0.0121721
-0.0147668
-0.0174153
-0.0200968
-0.0227904
-0.0254721
-0.0280884
-0.0305665
-0.0328481
-0.0349007
-0.0367215
-0.0383335
-0.0397774
-0.041102
-0.0423573
-0.0435868
-0.0448249
-0.0460926
-0.0474008
-0.0487488
-0.0501283
-0.0514458
-0.0525095
-0.0531247
-0.0531513
-0.0525305
-0.0512813
-0.0494875
-0.047271
-0.0447711
-0.0421207
-0.0394333
-0.0367912
-0.0342444
-0.0318112
-0.0294857
-0.0272436
-0.0250523
-0.0228773
-0.0206891
-0.0184654
-0.0161945
-0.0138732
-0.0115076
-0.00910703
-0.006686
-0.00425643
-0.00183163
0.000578924
0.00286805
0.00483656
0.00630711
0.00716422
0.00737641
0.00698386
0.00608466
0.00480655
0.00328812
0.00165549
1.33196e-05
-0.00155247
-0.00291793
-0.00393901
-0.00451181
-0.00459271
-0.00419911
-0.00339677
-0.00228113
-0.000959397
0.000465694
0.00184727
0.00296345
0.00359057
0.00357266
0.0028471
0.0014407
-0.000549822
-0.00298453
-0.0057082
-0.00857371
-0.0114596
-0.0142789
-0.0169824
-0.0195552
-0.0220098
-0.024376
-0.0266928
-0.0289988
-0.0313272
-0.0337005
-0.03613
-0.0386169
-0.041154
-0.043726
-0.0462647
-0.048576
-0.0504058
-0.0515478
-0.0518881
-0.0514163
-0.0502098
-0.0484076
-0.0461815
-0.0437512
-0.0414261
-0.0395362
-0.0383317
-0.0379459
-0.0383901
-0.0395763
-0.0413493
-0.043522
-0.0459084
-0.0483464
-0.0507134
-0.0528675
-0.0546044
-0.0557272
-0.0561135
-0.0557355
-0.0546525
-0.0529866
-0.0508952
-0.048543
-0.0460782
-0.0436177
-0.0412406
-0.0389999
-0.0369744
-0.0352614
-0.033927
-0.0329926
-0.0324333
-0.0321906
-0.0321854
-0.0323336
-0.0325575
-0.0327937
-0.0329979
-0.0331042
-0.0330234
-0.0326883
-0.0320647
-0.0311573
-0.0299993
-0.0286453
-0.0271572
-0.0255968
-0.024015
-0.0224508
-0.0209266
-0.0194522
-0.0180242
-0.0166325
-0.0152619
-0.0138979
-0.0125276
-0.0111973
-0.0100228
-0.00912759
-0.00860277
-0.00848955
-0.00877955
-0.00942374
-0.0103464
-0.0114609
-0.012682
-0.0139354
-0.0151043
-0.0159939
-0.0164023
-0.0161873
-0.0152925
-0.013744
-0.011634
-0.00909429
-0.00627212
-0.00330584
-0.000313184
0.00259977
0.00525464
0.00742719
0.00894781
0.00973339
0.00979587
0.00922168
0.00814805
0.00673342
0.00513315
0.00347884
0.00186891
0.000362445
-0.0010165
-0.00227459
-0.0034377
-0.00454202
-0.00556235
-0.00636727
-0.00678791
-0.00668957
-0.00600291
-0.00472884
-0.00292823
-0.000702478
0.00182715
0.00453892
0.00732442
0.0100705
0.0126209
0.014811
0.0165257
0.0177174
0.0184058
0.0186622
0.0185902
0.0183045
0.017914
0.0175086
0.0171519
0.0168802
0.0167042
0.0166146
0.0165888
0.0165983
0.0166145
0.0166135
0.0165783
0.0165015
0.0163925
0.0163134
0.0163638
0.0166328
0.0171793
0.0180228
0.0191478
0.0205116
0.0220558
0.0237162
0.0254329
0.0271566
0.0288523
0.0305005
0.0320946
0.0336396
0.035127
0.036519
0.037769
0.0388427
0.0397263
0.0404265
0.0409671
0.0413836
0.041714
0.0419964
0.0422613
0.0425314
0.0427559
0.0428147
0.0425927
0.042009
0.041032
0.0396757
0.0379922
0.0360557
0.0339498
0.031754
0.0295365
0.0273636
0.0253026
0.0234025
0.0216873
0.0201538
0.0187781
0.0175226
0.0163449
0.0152039
0.0140655
0.0129055
0.0117102
0.0104761
0.00920708
0.00791203
0.00660304
0.00529183
0.00399743
0.00275914
0.00162403
0.000628444
-0.000210627
-0.000894855
-0.001443
-0.00188509
-0.00231729
-0.00290865
-0.00382653
-0.00519185
-0.00705812
-0.00941474
-0.012198
-0.0153125
-0.0186485
-0.0220999
-0.025577
-0.0290139
-0.0323693
-0.0355476
-0.0383435
-0.0405313
-0.0419491
-0.0425335
-0.0423174
-0.0414116
-0.039974
-0.0381803
-0.0361973
-0.0341659
-0.0321872
-0.0303216
-0.0285905
-0.0269853
-0.025476
-0.0240237
-0.0226292
-0.0213675
-0.0203415
-0.0196367
-0.0192987
-0.0193306
-0.0196975
-0.0203388
-0.0211795
-0.0221444
-0.0231654
-0.0241896
-0.0251805
-0.0261197
-0.0270033
-0.0278392
-0.028641
-0.029426
-0.0301811
-0.0308446
-0.0313368
-0.0315946
-0.031584
-0.0313043
-0.0307828
-0.0301073
-0.0294232
-0.0288787
-0.0285894
-0.0286206
-0.0289874
-0.0296609
-0.0305828
-0.031679
-0.0328735
-0.034098
-0.0353007
-0.0364471
-0.0375215
-0.0384663
-0.0391816
-0.0395853
-0.0396309
-0.0393173
-0.0386797
-0.0377808
-0.0366949
-0.0354977
-0.0342553
-0.0330197
-0.0318412
-0.030794
-0.0299574
-0.0293863
-0.0291001
-0.0290837
-0.0292964
-0.0296821
-0.030179
-0.0307301
-0.0312887
-0.0318222
-0.0323125
-0.0327545
-0.0331537
-0.033522
-0.0338741
-0.0342246
-0.0345856
-0.0349649
-0.0353658
-0.0357536
-0.0360505
-0.0361753
-0.0360671
-0.0356981
-0.0350722
-0.0342206
-0.033191
-0.0320392
-0.0308197
-0.0295797
-0.0283541
-0.0271649
-0.0260212
-0.0249219
-0.0238579
-0.0228163
-0.0217834
-0.0207469
-0.0196973
-0.0186298
-0.0175611
-0.0165412
-0.0156297
-0.0148752
-0.0143037
-0.0139185
-0.0137014
-0.0136212
-0.0136387
-0.0137147
-0.0138134
-0.0139076
-0.013979
-0.014019
-0.0140264
-0.0140066
-0.0139677
-0.0139195
-0.0138449
-0.0136943
-0.0134142
-0.0129646
-0.0123281
-0.0115089
-0.0105297
-0.00942412
-0.0082318
-0.00699198
-0.00581432
-0.00489084
-0.00440685
-0.0044925
-0.00519464
-0.00646482
-0.00808584
-0.00972719
-0.0110739
-0.0118892
-0.0120438
-0.0115144
-0.0103654
-0.00872154
-0.00673701
-0.00456874
-0.00235486
-0.000200448
0.00182883
0.00370497
0.0054329
0.00704024
0.00856878
0.0100629
0.0115635
0.0131006
0.0146745
0.0161853
0.0174589
0.0183374
0.0187147
0.0185549
0.0178831
0.0167757
0.0153364
0.0136804
0.011915
0.0101304
0.00839
0.00673161
0.00516646
0.00368813
0.00227452
0.000899963
-0.000462713
-0.00175442
-0.00283258
-0.00356126
-0.00384609
-0.00365263
-0.00300066
-0.00195461
-0.000604774
0.000948125
0.00260881
0.00429727
0.00595499
0.00754747
0.00906246
0.0105298
0.0120152
0.0135857
0.0152949
0.0171722
0.0192231
0.0214325
0.0237564
0.0261187
0.028436
0.0306392
0.0326845
0.0345553
0.0362594
0.0378237
0.0392848
0.0406818
0.0419863
0.0430841
0.043849
0.0441853
0.0440525
0.0434625
0.0424723
0.041166
0.0396412
0.0379919
0.0362999
0.0346254
0.0330073
0.0314619
0.0299883
0.0285721
0.0271929
0.0258301
0.0244699
0.0231037
0.0217286
0.0203446
0.0189543
0.0175613
0.0161702
0.0147843
0.0134071
0.0120405
0.0107242
0.00955851
0.00866012
0.00811733
0.00797213
0.00821779
0.00880842
0.00967133
0.0107226
0.0118795
0.0130711
0.0142438
0.0153644
0.0164184
0.0174076
0.0183447
0.0192487
0.0201402
0.0210378
0.0219551
0.0229004
0.0238758
0.0248786
0.0258912
0.0268427
0.0276246
0.028143
0.0283391
0.0281985
0.0277444
0.0270298
0.0261223
0.0250948
0.024013
0.0229307
0.0218838
0.0208929
0.0199727
0.0191771
0.0185881
0.0182718
0.0182621
0.018556
0.0191199
0.0199
0.0208323
0.0218541
0.0229102
0.0239591
0.0249739
0.0259429
0.0268655
0.0277509
0.0286121
0.0294647
0.0303213
0.0311928
0.0320847
0.0329995
0.0339338
0.0348642
0.0356764
0.036191
0.0362533
0.0357677
0.0347125
0.0331285
0.0311057
0.0287591
0.026211
0.0235719
0.0209311
0.0183492
0.0158597
0.0134681
0.0111638
0.00892318
0.00681752
0.00501298
0.00366241
0.00286784
0.00265772
0.00299794
0.00380268
0.0049596
0.00634562
0.00784838
0.00937356
0.0108567
0.0122584
0.0135515
0.0146537
0.0154429
0.0158223
0.0157442
0.015215
0.0142864
0.0130403
0.0115719
0.00997465
0.0083297
0.0066979
0.00511795
0.00360651
0.00216329
0.000774576
-0.000579818
-0.00192234
-0.00327255
-0.00464557
-0.00604916
-0.00747012
-0.00885158
-0.0101148
-0.011192
-0.0120417
-0.0126528
-0.0130423
-0.0132464
-0.0133139
-0.0132952
-0.0132379
-0.0131793
-0.0131461
-0.0131517
-0.0132004
-0.0132861
-0.0133982
-0.0134782
-0.0134151
-0.013097
-0.0124447
-0.0114251
-0.0100507
-0.00836879
-0.00645005
-0.0043732
-0.00221463
-3.74951e-05
0.00211092
0.00420391
0.00623032
0.00819397
0.0100432
0.0116704
0.0129805
0.0139146
0.0144614
0.0146507
0.0145434
0.0142168
0.0137516
0.013221
0.0126842
0.0121808
0.0117327
0.0113446
0.0110093
0.0107113
0.0104319
0.0101531
0.00986044
0.00954425
0.00920037
0.00882944
0.00843604
0.00802723
0.00761154
0.0071973
0.0067912
0.00639735
0.00601749
0.00565105
0.00529583
0.00494855
0.0046056
0.00426372
0.00392026
0.00357339
0.00322223
0.00286684
0.00250781
0.00214623
0.00178308
0.00141989
0.00106017
0.00071973
0.000423133
0.000191261
3.67411e-05
-3.80822e-05
-3.95559e-05
1.94801e-05
0.000122773
0.000253263
0.000395657
0.000537743
0.000671274
0.000791981
0.000899027
0.000994374
0.00108145
0.00116446
0.00124743
0.00133866
0.00145016
0.00159174
0.00176917
0.00198334
0.00223098
0.00250574
0.00279989
0.00310532
0.00341498
0.00372328
0.00402654
0.00432312
0.00461303
0.00489727
0.00517777
0.00545652
0.00573555
0.00601628
0.00629969
0.00658611
0.00687546
0.0071671
0.00746038
0.00775433
0.00804842
0.00834184
0.0086344
0.0089257
0.00921541
0.00947736
0.0096545
0.00968851
0.0095377
0.00918528
0.0086381
0.0079226
0.0070768
0.00614355
0.00516383
0.00417227
0.0031941
0.00224448
0.00132881
0.000445486
-0.000412913
-0.00125628
-0.00209509
-0.00293819
-0.00379212
-0.00465687
-0.00552628
-0.00639222
-0.00724735
-0.00808638
-0.00890651
-0.00970749
-0.0104912
-0.0112611
-0.0120213
-0.0127757
-0.0135282
-0.0142816
-0.015038
-0.0157981
-0.0165621
-0.0173294
-0.018099
-0.0188697
-0.0196403
-0.0204054
-0.0211485
-0.0218477
-0.0224856
-0.0230529
-0.0235489
-0.0239804
-0.0243603
-0.0247032
-0.0250244
-0.0253372
-0.0256519
-0.0259753
-0.0263105
-0.0266578
-0.0270151
-0.0273792
-0.0277464
-0.028113
-0.0284764
-0.0288351
-0.0291881
-0.0295356
-0.0298693
-0.0301663
-0.0303995
-0.0305484
-0.0306035
-0.0305666
-0.0304485
-0.0302662
-0.0300397
-0.0297881
-0.0295283
-0.0292727
-0.0290291
-0.0288008
-0.0285874
-0.0283859
-0.0281922
-0.0280011
-0.0278086
-0.0276114
-0.0274079
-0.027197
-0.0269704
-0.0266806
-0.0262509
-0.0256154
-0.0247343
-0.0236001
-0.0222324
-0.020672
-0.0189699
-0.0171802
-0.0153515
-0.0135225
-0.0117194
-0.00995632
-0.00823565
-0.00655202
-0.00489511
-0.0032814
-0.00177399
-0.000451044
0.000626326
0.0014281
0.00195699
0.00224332
0.00233575
0.00229116
0.00216649
0.00201121
0.00186306
0.00174633
0.00167226
0.00164116
0.0016454
0.00167273
0.00170963
0.00174372
0.00176551
0.0017692
0.00175291
0.00171808
0.00166849
0.00160914
0.00154551
0.0014824
0.00142377
0.00137924
0.00137465
0.00144342
0.00161181
0.00189315
0.00228697
0.00278098
0.00335498
0.00398505
0.00464733
0.0053212
0.0059908
0.00664604
0.00728209
0.00789007
0.00842368
0.00880818
0.00898102
0.00890514
0.00857582
0.00801447
0.00726346
0.00637398
0.00540012
0.00438904
0.00337938
0.00239543
0.00145132
0.000549434
-0.000258828
-0.000874539
-0.00121034
-0.00121242
-0.000869698
-0.000208626
0.000716807
0.00183699
0.00308008
0.0043795
0.00568183
0.00689004
0.00786646
0.00849993
0.00872591
0.0085368
0.0079709
0.00710058
0.00601375
0.00480085
0.00354096
0.00229575
0.00110452
-1.39545e-05
-0.00105965
-0.00204515
-0.0029912
-0.00392073
-0.00485686
-0.00581863
-0.00681879
-0.00786206
-0.00894688
-0.0100661
-0.0112096
-0.0123664
-0.0135261
-0.0146805
-0.0158242
-0.0169546
-0.0180719
-0.019178
-0.0202763
-0.0213696
-0.0224404
-0.0234198
-0.0242127
-0.0247407
-0.0249602
-0.0248664
-0.0244881
-0.0238779
-0.0231007
-0.0222229
-0.0213032
-0.0203881
-0.0195083
-0.0186791
-0.0179022
-0.0171698
-0.0164679
-0.0157803
-0.0150917
-0.0143903
-0.0136684
-0.0129231
-0.012155
-0.0113687
-0.0105695
-0.00976432
-0.00895844
-0.00815724
-0.00736296
-0.00657775
-0.00580168
-0.00508152
-0.00450742
-0.00416117
-0.00409565
-0.00432717
-0.00483706
-0.00558006
-0.00643769
-0.00721569
-0.00772206
-0.00781283
-0.00741608
-0.00652861
-0.00520548
-0.00353841
-0.00163788
0.000387561
0.00244332
0.0044597
0.0063929
0.00822556
0.00994795
0.0115497
0.0130272
0.0143882
0.01565
0.0168362
0.0179722
0.0190814
0.0201831
0.0212909
0.0224119
0.0235482
0.0246977
0.025856
0.0270175
0.0281759
0.0293144
0.0303581
0.0311902
0.0317118
0.0318634
0.0316345
0.0310556
0.0301887
0.0291116
0.0279055
0.0266433
0.0253834
0.0241647
0.0230075
0.0219152
0.0208787
0.0198814
0.0189035
0.017926
0.0169337
0.0159168
0.014871
0.0137971
0.0126998
0.0115866
0.0104662
0.00939541
0.00848855
0.00785994
0.00759092
0.00771307
0.00821209
0.00903587
0.0101099
0.0113501
0.0126771
0.0140235
0.0153411
0.0166008
0.0177928
0.0189213
0.0200014
0.0210525
0.0220954
0.0231474
0.0242212
0.0253129
0.0263891
0.0273991
0.0282981
0.0290567
0.0296651
0.0301308
0.0304756
0.0307284
0.0309217
0.0310855
0.0312448
0.0314174
0.0316137
0.0318366
0.0320843
0.0323504
0.0326272
0.0329071
0.0331833
0.0334503
0.0336826
0.0338289
0.033839
0.0336778
0.0333337
0.0328155
0.0321493
0.0313703
0.0305177
0.0296279
0.0287313
0.0278491
0.026994
0.0261698
0.025374
0.0245993
0.0238365
0.0230765
0.0223113
0.0215353
0.0207458
0.0199423
0.0191149
0.0182436
0.0173116
0.0163086
0.0152338
0.0140927
0.012898
0.011664
0.0104061
0.0091375
0.00786911
0.00660782
0.00535744
0.00411817
0.0028888
0.00166596
0.000446296
-0.000773857
-0.00199677
-0.00322449
-0.00445733
-0.00569506
-0.00691776
-0.00808409
-0.00915126
-0.0100885
-0.0108826
-0.0115379
-0.0120724
-0.0125132
-0.0128907
-0.0132341
-0.0135686
-0.0139124
-0.0142766
-0.0146656
-0.0150781
-0.0155088
-0.0159499
-0.0163663
-0.0166909
-0.016857
-0.0168173
-0.0165534
-0.0160735
-0.0154077
-0.0145989
-0.0136958
-0.012744
-0.0117822
-0.0108382
-0.00992851
-0.00905859
-0.00822577
-0.00742111
-0.0066333
-0.00585015
-0.00506163
-0.00426016
-0.00344203
-0.00260635
-0.0017553
-0.000892509
-2.28265e-05
0.000849293
0.0017197
0.00258574
0.00344566
0.00429936
0.00514725
0.00598988
0.00680476
0.00751156
0.00800055
0.00818242
0.0080075
0.00747164
0.00660872
0.00548032
0.00416194
0.00274721
0.00136138
0.000135485
-0.000832237
-0.00148935
-0.00183117
-0.00189103
-0.00172885
-0.00141624
-0.00102495
-0.000616529
-0.000237254
8.5018e-05
0.000339368
0.00052957
0.000669113
0.000777142
0.000873608
0.000976207
0.00109422
0.00121456
0.00130566
0.00133653
0.00128347
0.00113534
0.000892293
0.000564861
0.000169621
-0.00027316
-0.000743771
-0.00122433
-0.00170164
-0.00216672
-0.00261567
-0.0030481
-0.00346697
-0.00387647
-0.00428188
-0.00468744
-0.00509705
-0.00551278
-0.00593569
-0.00636486
-0.00679801
-0.00723159
-0.00766253
-0.00808806
-0.00850699
-0.00891878
-0.00932413
-0.00972406
-0.0101203
-0.0105145
-0.0109081
-0.0113021
-0.0116976
-0.0120946
-0.0124934
-0.0128936
-0.0132948
-0.0136965
-0.0140983
-0.0144997
-0.0149006
-0.0153008
-0.0157005
-0.0160995
-0.0164982
-0.0168966
-0.0172951
-0.0176936
-0.0180923
-0.0184913
-0.0188902
-0.0192784
-0.0196208
-0.0198693
-0.0199851
-0.0199462
-0.019751
-0.019414
-0.018962
-0.0184273
-0.0178435
-0.0172397
-0.0166391
-0.0160567
-0.0155001
-0.0149697
-0.0144618
-0.0139688
-0.0134829
-0.0129963
-0.0125031
-0.0119994
-0.0114839
-0.010957
-0.0104209
-0.00987849
-0.00933314
-0.00878759
-0.00824427
-0.00770326
-0.00716206
-0.00661631
-0.00606254
-0.00549803
-0.00492194
-0.00433444
-0.00373718
-0.00313226
-0.00252229
-0.00190948
-0.00129604
-0.000683325
-7.23909e-05
0.000536554
0.00114357
0.0017489
0.00235322
0.00295702
0.00355636
0.00412741
0.00463117
0.00503434
0.00531598
0.00547165
0.00551046
0.00545245
0.00532276
0.00514847
0.00495371
0.00475836
0.00457556
0.00441265
0.00427106
0.00414833
0.00403887
0.00393647
0.00383459
0.00372842
0.00361426
0.00349056
0.00334976
0.00317393
0.00294229
0.00264011
0.00226112
0.00180832
0.00129146
0.000725068
0.000125166
-0.000492688
-0.00111561
-0.001734
-0.00234224
-0.00293811
-0.00352238
-0.00409765
-0.0046676
-0.00523607
-0.00580625
-0.00637962
-0.00692378
-0.00735138
-0.00755973
-0.00746917
-0.00704037
-0.00627533
-0.00521141
-0.00390905
-0.00244002
-0.000875328
0.000723086
0.00230808
0.0038487
0.00530063
0.00658362
0.00761431
0.00833643
0.00873306
0.00882341
0.0086552
0.00829242
0.007804
0.00725342
0.0066927
0.00615802
0.00566967
0.00523317
0.00484303
0.00448647
0.00414741
0.00381057
0.00347422
0.00319187
0.00305977
0.00316394
0.00356109
0.00426806
0.00526752
0.006514
0.00794737
0.0095016
0.0111162
0.0127404
0.0143391
0.0158917
0.0173924
0.0188456
0.0202636
0.0216612
0.0230543
0.0244412
0.0257947
0.0270769
0.0282556
0.0293117
0.0302413
0.0310336
0.0316406
0.0319943
0.0320462
0.0317781
0.0312059
0.0303708
0.0293321
0.028154
0.0268991
0.0256185
0.0243512
0.0231201
0.0219351
0.0207934
0.0196863
0.0185991
0.0175185
0.0164317
0.0153697
0.0144129
0.0136484
0.0131413
0.0129219
0.0129854
0.013299
0.0138096
0.0144575
0.0151827
0.0159327
0.0166245
0.0171195
0.0172737
0.0169856
0.0162142
0.0149783
0.0133429
0.0114016
0.00925868
0.00701336
0.00474789
0.00252172
0.000368723
-0.00169909
-0.00368909
-0.00562027
-0.00751802
-0.00940754
-0.0113108
-0.0132429
-0.0152122
-0.0172189
-0.0192589
-0.0213233
-0.0234024
-0.0254856
-0.0275649
-0.0296341
-0.0316904
-0.033732
-0.0357621
-0.037781
-0.0397563
-0.0414871
-0.0426497
-0.0429653
-0.042262
-0.0405033
-0.0377679
-0.0342232
-0.0300815
-0.0255684
-0.0208862
-0.0162005
-0.0116247
-0.00736377
-0.00374652
-0.00107417
0.000466366
0.000835372
0.000122873
-0.00148389
-0.00374618
-0.0064121
-0.00918263
-0.0116868
-0.0135808
-0.0146303
-0.0147415
-0.0139493
-0.0123897
-0.0102562
-0.0077656
-0.0051177
-0.00247885
3.61088e-05
0.00227458
0.00402623
0.00511215
0.00543567
0.00499596
0.00387361
0.00220548
0.000155062
-0.0021147
-0.00446204
-0.00677981
-0.00899992
-0.0110913
-0.0130516
-0.0149004
-0.0166708
-0.0184015
-0.0201288
-0.0218821
-0.0236798
-0.0255303
-0.0274313
-0.0293744
-0.0313453
-0.03333
-0.0353142
-0.0372877
-0.0392425
-0.041175
-0.0430084
-0.0445484
-0.045568
-0.0458956
-0.0454498
-0.0442434
-0.0423659
-0.039959
-0.0371851
-0.0342057
-0.0311578
-0.0281465
-0.0252375
-0.0225282
-0.0201668
-0.0182837
-0.0169527
-0.0161789
-0.0159086
-0.0160458
-0.0164742
-0.017076
-0.0177474
-0.0184088
-0.0190081
-0.0195203
-0.0199229
-0.0201764
-0.020242
-0.020098
-0.019747
-0.0192112
-0.0185264
-0.0177353
-0.01688
-0.0159974
-0.0151152
-0.0142514
-0.013414
-0.0126039
-0.0118147
-0.0110276
-0.0101744
-0.00915256
-0.00787459
-0.00628705
-0.00437903
-0.00217472
0.000274252
0.00290235
0.00564014
0.00842532
0.0112078
0.0139543
0.0166465
0.0192819
0.0218677
0.0244191
0.0269523
0.0294851
0.0320294
0.0345927
0.0370697
0.0392503
0.0409405
0.0420077
0.0424065
0.0421682
0.0413871
0.040192
0.0387264
0.0371238
0.0354961
0.0339225
0.0324508
0.0311409
0.0301356
0.0296142
0.0297107
0.0304835
0.0319118
0.0339112
0.0363562
0.0391059
0.042022
0.0449561
0.0476402
0.0497291
0.0509506
0.0511539
0.0503289
0.0485773
0.0460839
0.0430683
0.0397548
0.0363376
0.0329511
0.0296574
0.0264725
0.0233739
0.0203239
0.0172737
0.0141837
0.0110227
0.00790146
0.00509377
0.00289446
0.00152435
0.00108955
0.00157929
0.00288815
0.0048461
0.0072558
0.00992711
0.0127057
0.0154769
0.0181714
0.0207561
0.0232338
0.0256241
0.0279279
0.0299814
0.031498
0.0322252
0.032008
0.0308112
0.0287072
0.0258475
0.0224269
0.0186502
0.0147054
0.0107423
0.00686609
0.00313172
-0.0004446
-0.00388351
-0.00722096
-0.0105027
-0.01359
-0.0161631
-0.0179236
-0.0186679
-0.018329
-0.0169604
-0.0147148
-0.0117987
-0.00844091
-0.00485404
-0.001217
0.0023446
0.00575453
0.00898989
0.012061
0.0150036
0.0176422
0.0195338
0.0202172
0.0193594
0.016832
0.0126943
0.00716721
0.000614219
-0.00631985
-0.0128311
-0.0182321
-0.0220684
-0.0241608
-0.024576
-0.0235685
-0.0215037
-0.0187859
-0.015863
-0.0132257
-0.0113011
-0.0103668
-0.0105261
-0.0117253
-0.0137926
-0.0164885
-0.0195504
-0.0227287
-0.025818
-0.0286786
-0.0312413
-0.0335009
-0.035499
-0.0372658
-0.0387405
-0.0398062
-0.0403674
-0.0403787
-0.0398536
-0.0388524
-0.0374692
-0.0358113
-0.0339857
-0.0320844
-0.0301788
-0.0283147
-0.0265131
-0.0246902
-0.0225472
-0.0196714
-0.0157258
-0.0105628
-0.00443518
0.00209156
0.00841163
0.0140163
0.0185762
0.02195
0.0241364
0.0250916
0.0247259
0.0230255
0.0200732
0.0160466
0.0111774
0.0057229
-7.8023e-05
-0.00601979
-0.0119564
-0.0177913
-0.0234829
-0.0287976
-0.0332556
-0.0363777
-0.0378387
-0.0375282
-0.0355382
-0.032117
-0.0276079
-0.0223819
-0.0167912
-0.0111274
-0.00581861
-0.0014155
0.00165364
0.00315221
0.00306778
0.00156222
-0.00107279
-0.00449315
-0.00834885
-0.0123416
-0.0162403
-0.0199065
-0.0232762
-0.0263578
-0.0290432
-0.0311002
-0.0323311
-0.0326269
-0.0319887
-0.0305097
-0.0283494
-0.0256973
-0.022745
-0.0196611
-0.0165901
-0.013665
-0.0109925
-0.00863031
-0.00658586
-0.00482408
-0.00328239
-0.00188532
-0.000558729
0.000754013
0.00207648
0.00340435
0.00472113
0.00600637
0.00724226
0.00841651
0.00952446
0.0105682
0.011556
0.0124994
0.0134128
0.014309
0.0151992
0.0160412
0.016729
0.0171511
0.0172254
0.0169165
0.0162347
0.0152275
0.0139654
0.0125299
0.0109989
0.00943978
0.00790161
0.00641536
0.00499293
0.00363236
0.00232014
0.00103864
-0.000232752
-0.00151011
-0.00280483
-0.00402835
-0.00497361
-0.00542439
-0.00522149
-0.00429581
-0.00266403
-0.000415487
0.00231673
0.00537799
0.00861871
0.0118535
0.0148619
0.0174565
0.0195213
0.0210236
0.022003
0.0225522
0.0227928
0.0228526
0.0228463
0.0228648
0.0229672
0.0231825
0.023511
0.0239181
0.0242836
0.0244288
0.0241977
0.0234889
0.0222703
0.02057
0.0184643
0.0160556
0.0134446
0.010671
0.00771755
0.00455566
0.00116387
-0.00246211
-0.00633847
-0.0104957
-0.0149469
-0.0196328
-0.0243425
-0.0287839
-0.0326244
-0.035497
-0.0371057
-0.0373054
-0.036117
-0.0337006
-0.0303304
-0.026373
-0.0222164
-0.0181911
-0.0145312
-0.0113613
-0.00870427
-0.00650344
-0.00464929
-0.00300995
-0.00145335
0.000129988
0.00181738
0.00354059
0.00506645
0.00612921
0.00651523
0.0061087
0.0048944
0.00294631
0.000399519
-0.00256594
-0.00573739
-0.00890524
-0.0119031
-0.0146254
-0.0170285
-0.0191224
-0.0208701
-0.0221738
-0.02296
-0.0231992
-0.0229198
-0.0221907
-0.0211117
-0.0197896
-0.0183288
-0.0168147
-0.0153125
-0.0138599
-0.0124725
-0.011086
-0.00948194
-0.00735973
-0.00447145
-0.000671541
0.00406216
0.00959008
0.0155945
0.0216942
0.0275415
0.0328873
0.0375937
0.041638
0.0450825
0.0480151
0.0504981
0.0525999
0.054387
0.0559399
0.0573255
0.0586101
0.0597183
0.0604494
0.0606029
0.0600466
0.0587291
0.0566919
0.0540302
0.050883
0.047008
0.0417874
0.0347846
0.0260888
0.0162398
0.00590646
-0.00426939
-0.0137966
-0.0222218
-0.029052
-0.0338867
-0.0365534
-0.0371206
-0.0358628
-0.0331834
-0.0295414
-0.0253761
-0.0210521
-0.0168273
-0.0128536
-0.0091849
-0.00580146
-0.00269829
4.43283e-05
0.00231939
0.0040518
0.00522364
0.00587087
0.00607283
0.00593212
0.00555888
0.00505439
0.00450241
0.00396238
0.00346969
0.00303695
0.00263931
0.00221955
0.00171992
0.00109434
0.000318278
-0.000612984
-0.00168464
-0.00287022
-0.00413539
-0.00544596
-0.00677052
-0.00808532
-0.00937417
-0.0106303
-0.0118531
-0.0130482
-0.0142145
-0.0153418
-0.0164182
-0.0174357
-0.0183931
-0.019295
-0.0201499
-0.0209694
-0.0217651
-0.0225482
-0.0233274
-0.024108
-0.0248593
-0.0254681
-0.0257776
-0.0256597
-0.0250414
-0.0239144
-0.0223242
-0.0203568
-0.0181183
-0.0157628
-0.0135045
-0.0115571
-0.0100764
-0.00913892
-0.00874273
-0.00882283
-0.00927331
-0.0099702
-0.0107924
-0.0116367
-0.0124276
-0.0131201
-0.0136984
-0.0141701
-0.0145595
-0.0148987
-0.0152219
-0.0155577
-0.0159273
-0.0163183
-0.0166861
-0.0169832
-0.0171713
-0.0172285
-0.0171507
-0.0169485
-0.0166437
-0.0162637
-0.0158374
-0.0153907
-0.014945
-0.0145144
-0.0141066
-0.0137228
-0.0133516
-0.0129573
-0.0124937
-0.0119207
-0.0112157
-0.0103721
-0.00940146
-0.00832453
-0.00717165
-0.00597333
-0.00484939
-0.00399934
-0.00359983
-0.003765
-0.00452991
-0.00585797
-0.0076572
-0.00971707
-0.0117106
-0.0133172
-0.0142948
-0.0145182
-0.0139732
-0.0127414
-0.0109652
-0.00881862
-0.00647583
-0.00414052
-0.0021014
-0.000668176
-6.26839e-05
-0.000387045
-0.00161805
-0.00363808
-0.00626315
-0.00926066
-0.012277
-0.0148993
-0.0167937
-0.0177597
-0.0177456
-0.0168258
-0.0151663
-0.0129814
-0.0104953
-0.00790806
-0.0053767
-0.00300287
-0.000834556
0.0011287
0.00292073
0.00459519
0.00613934
0.00741811
0.00825105
0.00849387
0.00807367
0.00699475
0.00532624
0.00318362
0.000754031
-0.0016517
-0.00367707
-0.00503647
-0.00556213
-0.00521495
-0.00406488
-0.0022603
9.80515e-06
0.00254943
0.00518317
0.00777444
0.010234
0.0125188
0.014587
0.0163309
0.0176119
0.0183321
0.0184563
0.0180162
0.0170926
0.0157991
0.0142575
0.0125843
0.0108736
0.00919552
0.00758785
0.00606691
0.00462716
0.00337836
0.00254352
0.00232272
0.00284306
0.00413577
0.006146
0.00872256
0.0115285
0.0141053
0.0160506
0.0170875
0.0171001
0.0161137
0.014269
0.0117729
0.00886121
0.00575564
0.00264289
-0.000346725
-0.00313735
-0.00571025
-0.00808454
-0.0103087
-0.0123315
-0.0139697
-0.0150236
-0.0153501
-0.0148955
-0.0136917
-0.0118404
-0.00948515
-0.00678703
-0.00390023
-0.00102211
0.00160279
0.00376425
0.0053294
0.00625902
0.00659457
0.00643884
0.0059267
0.00520185
0.00439376
0.00360585
0.00290619
0.00232907
0.00187734
0.00153214
0.00125981
0.00102241
0.000783514
0.000515139
0.000198349
-0.000173829
-0.000598994
-0.0010429
-0.00141055
-0.00157536
-0.00143368
-0.000923696
-3.44152e-05
0.00120379
0.00272795
0.00446016
0.00631782
0.00822802
0.0101313
0.0119896
0.0137819
0.0155066
0.0171717
0.0187941
0.0203056
0.0215341
0.0222981
0.0224678
0.0219901
0.0208873
0.0192423
0.0171759
0.0148235
0.0123159
0.00976254
0.00724633
0.00483501
0.00265534
0.000873727
-0.000383749
-0.00105715
-0.00115902
-0.000759155
3.39115e-05
0.00109623
0.00230683
0.00356311
0.00478888
0.00593782
0.00699143
0.00795386
0.00884446
0.00965893
0.0103429
0.0108239
0.0110456
0.0109817
0.0106377
0.0100461
0.00925653
0.0083267
0.00731335
0.00626561
0.00522115
0.00420393
0.00322554
0.00228637
0.00137868
0.000446219
-0.000611164
-0.00188351
-0.00343253
-0.00527902
-0.00740972
-0.00978108
-0.0123326
-0.0149088
-0.0172159
-0.0189306
-0.0198086
-0.0197279
-0.0186928
-0.0168105
-0.0142587
-0.0112452
-0.0079777
-0.00465027
-0.0014871
0.00128454
0.00350585
0.0051062
0.00610336
0.00658197
0.00666954
0.00650826
0.00623371
0.00595698
0.00575671
0.00567562
0.00572475
0.00588923
0.00613823
0.00643306
0.00673597
0.0070152
0.00724926
0.0074268
0.00753025
0.00750819
0.00729379
0.00683698
0.00611656
0.00514145
0.00394483
0.0025757
0.00108908
-0.000462164
-0.0020333
-0.00359141
-0.00511659
-0.00660099
-0.00804674
-0.00946224
-0.0108588
-0.012208
-0.0134143
-0.0143613
-0.0149577
-0.0151582
-0.0149648
-0.0144204
-0.0135948
-0.0125711
-0.0114314
-0.0102481
-0.00907615
-0.00795123
-0.00688957
-0.00589184
-0.00494657
-0.00403604
-0.00313996
-0.00224031
-0.00132267
-0.000378773
0.000594721
0.00159504
0.00260849
0.00357968
0.00442456
0.00507018
0.00547093
0.00561467
0.00551878
0.0052229
0.00477912
0.00424279
0.00366465
0.00308564
0.00253402
0.00202497
0.00156188
0.00113917
0.000745769
0.00036785
-7.89461e-06
-0.000392525
-0.000793325
-0.0012139
-0.00165402
-0.00211085
-0.00257953
-0.00305482
-0.00353138
-0.00400515
-0.00447308
-0.00493397
-0.00538685
-0.00581142
-0.00613652
-0.00626599
-0.00612134
-0.00565999
-0.00487875
-0.00380889
-0.00250479
-0.00103367
0.000537515
0.00214801
0.00375056
0.00525583
0.00653523
0.00748463
0.008044
0.00820699
0.00801065
0.00752421
0.0068314
0.00601833
0.00516012
0.00431548
0.00352163
0.00279649
0.00214009
0.00154059
0.000978269
0.000431871
-0.000118789
-0.000688629
-0.0012874
-0.00191786
-0.00257833
-0.00326244
-0.00396261
-0.00466965
-0.00537648
-0.00607637
-0.00676529
-0.00740194
-0.00790102
-0.00817608
-0.00816705
-0.00785128
-0.00724207
-0.0063809
-0.00532666
-0.00414441
-0.00289602
-0.00163278
-0.000392001
0.000804742
0.00194964
0.00304684
0.00410742
0.00514697
0.00618058
0.00722233
0.00828091
0.00936071
0.0104113
0.011319
0.0119648
0.0122612
0.0121692
0.0116968
0.010891
0.00982371
0.00857779
0.00723385
0.00586087
0.00451029
0.00321387
0.00198464
0.000820035
-0.000293001
-0.00137385
-0.00244261
-0.00351656
-0.00456725
-0.00549408
-0.00617252
-0.00650275
-0.00643163
-0.00595603
-0.00511564
-0.00397975
-0.00263262
-0.00115958
0.000363916
0.00187902
0.00334722
0.00474949
0.00608431
0.00736212
0.00860136
0.00982218
0.0110325
0.0121827
0.0131785
0.0139343
0.0143939
0.0145401
0.0143906
0.0139907
0.0134008
0.0126868
0.01191
0.0111212
0.0103562
0.00963579
0.0089664
0.00834409
0.00775692
0.00718995
0.00662768
0.00605736
0.00546963
0.00486006
0.0042278
0.00357623
0.00291109
0.00227707
0.00176475
0.00146527
0.00144435
0.0017284
0.00230831
0.0031438
0.00417788
0.00534385
0.00657815
0.00775203
0.00868028
0.00920712
0.00923571
0.00874255
0.00776499
0.00638796
0.00471984
0.002876
0.000959496
-0.000946769
-0.00278816
-0.00453592
-0.00618721
-0.00775502
-0.00926596
-0.0107478
-0.0122277
-0.01364
-0.0148295
-0.0156484
-0.0159933
-0.0158259
-0.0151663
-0.014083
-0.0126724
-0.0110431
-0.00929724
-0.00752184
-0.00577924
-0.00410766
-0.00252053
-0.00101353
0.000432002
0.00183995
0.00323683
0.00464321
0.00605571
0.00736987
0.00840709
0.00900758
0.00906816
0.00855801
0.00751121
0.00601196
0.00417247
0.00211406
-5.08221e-05
-0.00223009
-0.00435896
-0.00640106
-0.00834568
-0.0102024
-0.0119939
-0.0137492
-0.0154968
-0.0172592
-0.0189909
-0.0205388
-0.0217147
-0.0223686
-0.0224204
-0.0218654
-0.0207634
-0.0192189
-0.0173584
-0.0153101
-0.0131874
-0.0110786
-0.00904137
-0.00710386
-0.00526947
-0.00355767
-0.00203371
-0.000774502
0.000165948
0.000770451
0.00105732
0.00107309
0.000880701
0.000548808
0.000141527
-0.000287921
-0.000701493
-0.00107662
-0.00140535
-0.00169086
-0.00194405
-0.00217928
-0.00241139
-0.00265282
-0.00291232
-0.00319414
-0.00349853
-0.00382236
-0.00416042
-0.00450655
-0.00485477
-0.00520011
-0.00553914
-0.00587005
-0.00619263
-0.00650791
-0.00681775
-0.00712441
-0.00742945
-0.00771584
-0.00792142
-0.00796079
-0.00776392
-0.00729159
-0.00653966
-0.00553395
-0.00432153
-0.00296037
-0.00150975
-2.24399e-05
0.0014604
0.0029113
0.0043169
0.00567495
0.00698297
0.00819854
0.00924794
0.0100693
0.0106268
0.0109172
0.0109647
0.0108135
0.0105177
0.0101329
0.0097084
0.00928332
0.00888352
0.00852246
0.0082022
0.00791696
0.00765571
0.00740567
0.00715452
0.00689296
0.00661462
0.00631726
0.00600156
0.00567101
0.00533023
0.00498448
0.00463845
0.00429605
0.00395956
0.0036301
0.00330737
0.00299031
0.00267716
0.00236605
0.00205517
0.00174319
0.00142913
0.0011126
0.000793621
0.000472548
0.000150088
-0.000173271
-0.000496302
-0.000807263
-0.00104349
-0.00110467
-0.000905079
-0.000391743
0.000446167
0.00158454
0.00297123
0.00454112
0.00622436
0.0079591
0.00969403
0.0113941
0.0129757
0.0142927
0.0152062
0.0156259
0.0155263
0.0149405
0.0139468
0.0126486
0.0111567
0.00957246
0.00797857
0.00643202
0.00496418
0.0035826
0.0022777
0.00102757
-0.000193498
-0.00141063
-0.00259603
-0.00365738
-0.00449232
-0.00502228
-0.0052098
-0.00505806
-0.00460521
-0.00391176
-0.00304943
-0.00208878
-0.00109177
-0.000105282
0.000840184
0.00173089
0.0025665
0.00335688
0.00411724
0.004865
0.00561566
0.00638153
0.00716982
0.00798324
0.00881968
0.00966371
0.0104722
0.0111891
0.0117679
0.0121818
0.0124256
0.0125137
0.0124741
0.0123423
0.0121546
0.0119442
0.011737
0.0115506
0.0113935
0.0112671
0.0111669
0.011085
0.0110119
0.0109393
0.0108597
0.0107688
0.0106645
0.0105473
0.0104194
0.0102841
0.0101449
0.0100053
0.00986804
0.00973483
0.00960641
0.00948284
0.00936327
0.00924652
0.00913122
0.00901634
0.00890066
0.00878366
0.00866484
0.00854441
0.00842241
0.00829746
0.00815992
0.00799414
0.0077864
0.00752849
0.00721855
0.00686074
0.0064632
0.0060363
0.00559115
0.00513791
0.00468435
0.00423607
0.00379584
0.00336442
0.00294056
0.00252212
0.0021064
0.001691
0.00127366
0.000853132
0.000428695
6.25959e-07
-0.000428608
-0.00085134
-0.00125744
-0.00163841
-0.0019895
-0.0023097
-0.00260166
-0.00287032
-0.00312218
-0.00336381
-0.00360123
-0.00383907
-0.00408062
-0.00432738
-0.00457968
-0.00483664
-0.00509695
-0.00535887
-0.00562085
-0.00588154
-0.00614024
-0.00639647
-0.00665041
-0.00690234
-0.007153
-0.00740288
-0.00765273
-0.00790289
-0.00815384
-0.00840557
-0.00865824
-0.00891153
-0.00916545
-0.00941948
-0.0096737
-0.00992761
-0.0101815
-0.0104348
-0.0106872
-0.0109133
-0.0110578
-0.0110639
-0.0108911
-0.010523
-0.00996635
-0.00924638
-0.00840009
-0.00746891
-0.00649267
-0.00550473
-0.00452983
-0.00358304
-0.00268729
-0.00188584
-0.00122439
-0.000733754
-0.000423513
-0.000283002
-0.000286038
-0.000397346
-0.000578979
-0.000795729
-0.00101891
-0.00122829
-0.00141262
-0.0015686
-0.00169919
-0.00181124
-0.00191356
-0.00201475
-0.00212201
-0.00224016
-0.0023715
-0.0025159
-0.00267142
-0.0028349
-0.00300272
-0.00317145
-0.00333828
-0.00350125
-0.00365942
-0.00381273
-0.00396194
-0.00410782
-0.00424346
-0.00434239
-0.00436811
-0.0042907
-0.00409355
-0.00377517
-0.00334702
-0.0028296
-0.002248
-0.00162787
-0.000991981
-0.000358091
0.000262085
0.000862786
0.00144323
0.00200666
0.0025585
0.00310499
0.0036519
0.00420388
0.00476389
0.00533309
0.00591094
0.00649595
0.00708582
0.00767805
0.00827028
0.00886002
0.00944211
0.0100093
0.0105558
0.0110789
0.0115786
0.0120574
0.0125196
0.0129701
0.0134141
0.0138558
0.0142986
0.0147446
0.0151948
0.015649
0.0161065
0.0165661
0.0170267
0.0174868
0.0179453
0.0183848
0.0187616
0.0190248
0.0191359
0.0190763
0.0188485
0.018472
0.0179777
0.0174021
0.0167805
0.0161438
0.0155149
0.0149085
0.0143309
0.0137812
0.0132541
0.0127414
0.0122343
0.0117247
0.0112067
0.0106768
0.0101339
0.00957897
0.00901472
0.00844444
0.00787197
0.00730654
0.00678533
0.00636548
0.00609542
0.0060042
0.00609727
0.00635998
0.00676233
0.00726666
0.0078335
0.00842744
0.00902025
0.00959295
0.0101357
0.0106468
0.0111305
0.0115837
0.0119875
0.0123177
0.0125562
0.0126952
0.0127379
0.0126968
0.0125895
0.0124363
0.0122565
0.012067
0.0118799
0.011703
0.0115396
0.0113898
0.0112506
0.011118
0.0109875
0.0108552
0.0107102
0.0105361
0.0103186
0.0100498
0.0097279
0.00935759
0.00894759
0.00850913
0.00805351
0.00759102
0.0071297
0.00667499
0.00622938
0.0057932
0.00536496
0.00494222
0.004522
0.00410148
0.00367871
0.00325235
0.00282173
0.0023871
0.00194913
0.00150897
0.00106728
0.000623915
0.000178057
-0.000271024
-0.000723978
-0.00118085
-0.00164142
-0.00210505
-0.00257114
-0.00303893
-0.00350761
-0.00397654
-0.00444545
-0.00491396
-0.00538203
-0.00584959
-0.00631685
-0.00678392
-0.00725089
-0.00771787
-0.00818508
-0.00865247
-0.0091201
-0.00958786
-0.0100557
-0.0105197
-0.0109662
-0.0113775
-0.0117389
-0.0120421
-0.0122866
-0.0124778
-0.0126259
-0.012743
-0.0128415
-0.0129325
-0.0130248
-0.013124
-0.0132328
-0.0133515
-0.0134786
-0.0136114
-0.0137468
-0.0138818
-0.0140144
-0.0141431
-0.0142672
-0.0143871
-0.0145036
-0.0146192
-0.0147396
-0.0148725
-0.0150238
-0.0151969
-0.0153922
-0.0156078
-0.0158399
-0.0160838
-0.0163347
-0.0165882
-0.016841
-0.0170909
-0.0173368
-0.0175786
-0.0178171
-0.0180532
-0.0182882
-0.0185232
-0.0187591
-0.0189967
-0.019236
-0.019477
-0.0197194
-0.0199628
-0.0202065
-0.0204503
-0.0206938
-0.0209367
-0.021179
-0.0214206
-0.0216613
-0.0218879
-0.0220562
-0.0221061
-0.0219884
-0.021676
-0.0211666
-0.0204787
-0.019646
-0.0187092
-0.0177103
-0.0166864
-0.0156665
-0.0146695
-0.0137048
-0.0127732
-0.0118697
-0.010985
-0.0101091
-0.00923245
-0.00834732
-0.00744929
-0.00654197
-0.00565645
-0.004844
-0.00415013
-0.00360476
-0.00321703
-0.00297806
-0.00286466
-0.00284585
-0.00288769
-0.00295888
-0.00303354
-0.00309367
-0.0031289
-0.00313641
-0.00311878
-0.00308258
-0.00303585
-0.00298684
-0.00294227
-0.00290716
-0.0028837
-0.0028722
-0.00287095
-0.00287737
-0.00288808
-0.0029
-0.00291042
-0.00291761
-0.00292052
-0.00291907
-0.00291372
-0.00290553
-0.00289561
-0.00288516
-0.00287504
-0.00286616
-0.00285873
-0.00285292
-0.00284845
-0.00284513
-0.00284237
-0.00283968
-0.00282801
-0.0027886
-0.00270209
-0.00255481
-0.00234123
-0.00206375
-0.001731
-0.00135558
-0.000951475
-0.000532443
-0.000109666
0.000308559
0.000717313
0.00111474
0.00150155
0.00188017
0.00225394
0.00262616
0.00299987
0.00337724
0.00375942
0.0041466
0.00453826
0.00493334
0.00533054
0.00572835
0.0061258
0.00652199
0.0069165
0.00730913
0.00770011
0.00808984
0.00847881
0.00886738
0.00925611
0.00964466
0.0100302
0.0104077
0.0107731
0.0111235
0.0114584
0.0117784
0.0120862
0.0123849
0.0126777
0.0129677
0.0132574
0.0135487
0.0138424
0.0141388
0.0144375
0.0147377
0.0150315
0.0152938
0.0154912
0.0155965
0.0155946
0.0154842
0.0152757
0.0149875
0.0146424
0.0142633
0.0138708
0.0134809
0.0131038
0.0127447
0.0124041
0.0120791
0.0117646
0.0114548
0.0111446
0.0108299
0.0105077
0.010177
0.00983877
0.00949389
0.00914485
0.0087939
0.00845678
0.00816435
0.00794785
0.00782915
0.00781707
0.00790738
0.00808608
0.00833262
0.00862438
0.00893953
0.00925962
0.00956004
0.00980382
0.00995383
0.00998503
0.00988869
0.0096715
0.00935183
0.00895511
0.00850898
0.00803931
0.00756704
0.00710699
0.00666725
0.00625008
0.00585294
0.00547031
0.00509546
0.0047218
0.00434361
0.00395722
0.00356077
0.00315439
0.00273944
0.00231834
0.00189382
0.00146861
0.00104475
0.000623819
0.000206468
-0.00020713
-0.000617625
-0.00102576
-0.00143238
-0.00183177
-0.00220774
-0.00254078
-0.00281594
-0.00302574
-0.00317083
-0.00325838
-0.00330011
-0.00330972
-0.00330094
-0.00328554
-0.00327261
-0.00326783
-0.00327386
-0.00329058
-0.00331602
-0.00334709
-0.00338049
-0.0034131
-0.00344267
-0.00346772
-0.00348789
-0.00350346
-0.00351544
-0.00352501
-0.00353359
-0.00354228
-0.00355206
-0.00356339
-0.00357656
-0.0035914
-0.00360762
-0.00362469
-0.00364225
-0.00365973
-0.0036769
-0.00369347
-0.00370942
-0.00372473
-0.00373957
-0.00375402
-0.00376833
-0.00378259
-0.00379701
-0.0038116
-0.00382643
-0.00384147
-0.00385666
-0.00386988
-0.00387672
-0.00387258
-0.00385422
-0.00382029
-0.00377129
-0.00370927
-0.00363714
-0.00355819
-0.00347564
-0.00339216
-0.00330973
-0.0032295
-0.00315195
-0.00307689
-0.00300378
-0.00293183
-0.00286028
-0.00278837
-0.00271566
-0.00264178
-0.00256675
-0.00249063
-0.00241373
-0.0023363
-0.00225874
-0.00218123
-0.00210405
-0.00202723
-0.00195086
-0.00187489
-0.00179925
-0.00172374
-0.00164833
-0.00157286
-0.00149734
-0.00142161
-0.00134578
-0.00126976
-0.00119368
-0.00111748
-0.0010412
-0.000961001
-0.000869655
-0.000760449
-0.000629002
-0.000473936
-0.000296622
-0.000100427
0.000109941
0.000329508
0.000553524
0.000778197
0.00100079
0.00121982
0.00143476
0.00164606
0.00185465
0.00206175
0.00226852
0.002476
0.00268489
0.00289554
0.00310789
0.00332183
0.00353687
0.00375255
0.00396839
0.00418402
0.00439916
0.0046137
0.00482752
0.00504082
0.00525368
0.00546631
0.00567884
0.00589146
0.00610427
0.00631726
0.00652942
0.00673531
0.00692608
0.00709412
0.00723466
0.00734674
0.00743239
0.00749611
0.00754363
0.0075811
0.00761399
0.00764682
0.00768252
0.00772281
0.007768
0.00781741
0.00786977
0.00792379
0.00797794
0.00803105
0.00808233
0.0081315
0.00817854
0.0082238
0.00826776
0.0083111
0.00835431
0.00839787
0.00844206
0.00848705
0.00853283
0.00857922
0.00862611
0.00867335
0.00872066
0.00876789
0.00881486
0.00886158
0.008908
0.00895411
0.00900004
0.00904587
0.00909169
0.00913748
0.00918339
0.00922935
0.00927555
0.00932157
0.0093672
0.00939065
0.00934414
0.00917903
0.00886029
0.00837392
0.00772544
0.00693668
0.00603925
0.00506899
0.00405985
0.0030408
0.0020328
0.00104867
9.29214e-05
-0.000835987
-0.00174397
-0.00263883
-0.00352886
-0.00442085
-0.00532013
-0.00622941
-0.00714971
-0.00807983
-0.00901749
-0.00995961
-0.0109034
-0.0118461
-0.012786
-0.0137216
-0.0146532
-0.0155809
-0.0165054
-0.0174278
-0.0183497
-0.0192714
-0.0201876
-0.0210635
-0.0218433
-0.0224785
-0.0229392
-0.0232186
-0.0233301
-0.023302
-0.0231708
-0.0229752
-0.0227503
-0.0225242
-0.0223163
-0.0221369
-0.0219884
-0.0218669
-0.0217648
-0.0216726
-0.0215816
-0.0214842
-0.0213754
-0.0212532
-0.0211176
-0.0209707
-0.0208159
-0.0206567
-0.0204969
-0.0203391
-0.0201853
-0.0200364
-0.0198924
-0.0197526
-0.0196159
-0.0194809
-0.0193463
-0.019211
-0.0190743
-0.0189359
-0.0187957
-0.0186539
-0.018511
-0.0183674
-0.0182237
-0.0180801
-0.0179351
-0.017785
-0.0176258
-0.0174542
-0.0172693
-0.0170711
-0.0168614
-0.0166425
-0.0164174
-0.0161889
-0.0159593
-0.0157305
-0.0155035
-0.0152788
-0.0150563
-0.0148354
-0.0146157
-0.0143964
-0.0141769
-0.0139567
-0.0137355
-0.0135133
-0.0132903
-0.0130664
-0.0128421
-0.0126177
-0.0123933
-0.0121691
-0.0119453
-0.0117219
-0.0114989
-0.0112756
-0.0110501
-0.0108186
-0.0105783
-0.0103271
-0.0100647
-0.0097919
-0.00951048
-0.00922258
-0.00893078
-0.00863717
-0.00834356
-0.00805107
-0.00776042
-0.00747171
-0.00718475
-0.00689884
-0.00661367
-0.00632858
-0.00604311
-0.00575688
-0.00546984
-0.00518195
-0.00489338
-0.00460423
-0.00431486
-0.00402545
-0.0037362
-0.00344714
-0.00315843
-0.00287003
-0.00258193
-0.00229388
-0.00200607
-0.00171827
-0.00143045
-0.00114247
-0.000854497
-0.000566524
-0.000285023
-2.23995e-05
0.000209892
0.000404423
0.000558876
0.000675497
0.000760087
0.000820549
0.000865492
0.000902976
0.000939202
0.000978973
0.00102487
0.00107768
0.00113668
0.00120028
0.00126647
0.00133322
0.00139907
0.00147338
0.00159098
0.00179985
0.00213938
0.00263198
0.0032804
0.00407071
0.00497662
0.00596613
0.00700609
0.00806707
0.00912582
0.010167
0.0111828
0.0121724
0.0131395
0.0140912
0.0150355
0.0159801
0.016931
0.017892
0.0188649
0.0198492
0.0208418
0.0218207
0.0227158
0.0234342
0.0238998
0.0240705
0.0239421
0.0235425
0.0229225
0.0221446
0.0212726
0.0203629
0.0194598
0.0185925
0.0177751
0.0170089
0.0162858
0.0155922
0.0149121
0.0142309
0.0135369
0.0128228
0.0120858
0.0113268
0.01055
0.00976102
0.00896617
0.00817139
0.00739143
0.00665589
0.00599704
0.00543841
0.00499023
0.00464947
0.00440196
0.00422697
0.00410072
0.00400055
0.00390703
0.00380608
0.00368911
0.00355301
0.00339877
0.0032305
0.0030537
0.00287429
0.00269726
0.00252634
0.00236353
0.00220936
0.00206278
0.00192209
0.00178491
0.00164909
0.00151252
0.00137386
0.00123224
0.00108753
0.000939909
0.000790152
0.000638932
0.000487234
0.000335624
0.000184826
3.49279e-05
-0.000113673
-0.000260956
-0.000391643
-0.000476202
-0.000487834
-0.000408851
-0.000233951
3.13701e-05
0.000372981
0.000772003
0.00120797
0.00166191
0.00211829
0.0025662
0.00299947
0.00341636
0.00381849
0.00420972
0.00459493
0.00497898
0.00536587
0.00575856
0.00615823
0.00656512
0.00697809
0.00739526
0.00780114
0.00816447
0.00845355
0.00864583
0.00873184
0.00871504
0.00860944
0.00843496
0.00821449
0.00796969
0.00771907
0.00747594
0.00724841
0.00703934
0.00684781
0.00666971
0.00649978
0.00633236
0.00616269
0.00598714
0.0058038
0.00561227
0.00541353
0.00520918
0.00500145
0.00479247
0.00458422
0.00437794
0.00417444
0.0039739
0.00377615
0.00358045
0.00338608
0.00319219
0.00299817
0.00280344
0.00260761
0.00241076
0.00221298
0.00201439
0.00181528
0.00161602
0.00141653
0.00121043
0.000961416
0.000611039
0.0001092
-0.000575277
-0.00144891
-0.00249784
-0.00369188
-0.00499317
-0.00636112
-0.00775926
-0.00915801
-0.0105377
-0.0118872
-0.0132047
-0.0144939
-0.0157632
-0.0170221
-0.0182802
-0.0195448
-0.0208217
-0.0221124
-0.0234162
-0.024688
-0.025832
-0.0267489
-0.027367
-0.027656
-0.0276249
-0.0273152
-0.0267885
-0.0261152
-0.0253632
-0.02459
-0.0238379
-0.0231328
-0.0224848
-0.021891
-0.0213396
-0.0208144
-0.020298
-0.0197752
-0.0192348
-0.0186708
-0.0180816
-0.0174696
-0.0168403
-0.0162001
-0.0155559
-0.0149133
-0.0142769
-0.0136491
-0.013034
-0.012439
-0.0118725
-0.0113394
-0.0108411
-0.0103749
-0.00993563
-0.00951631
-0.0091097
-0.00870898
-0.00830897
-0.00790591
-0.0074979
-0.00708433
-0.00666608
-0.00624444
-0.00582124
-0.00539795
-0.00497607
-0.00455635
-0.00413929
-0.00372459
-0.0033121
-0.00290102
-0.00249077
-0.00208053
-0.00166997
-0.00125853
-0.000846258
-0.000432937
-1.93275e-05
0.000382337
0.000730569
0.000969722
0.00105404
0.000958452
0.000680541
0.000237693
-0.00033944
-0.00101259
-0.00174329
-0.00249695
-0.00324707
-0.0039757
-0.00467454
-0.00534236
-0.00598444
-0.00660868
-0.00722506
-0.0078419
-0.00846685
-0.00910359
-0.00975469
-0.0104184
-0.0110918
-0.0117158
-0.0121795
-0.0123819
-0.012256
-0.0117801
-0.0109728
-0.00988499
-0.00858546
-0.00714935
-0.00564643
-0.00413431
-0.00265357
-0.00122724
0.000137993
0.00144807
0.00271681
0.00396246
0.00520305
0.00645389
0.00772536
0.00902308
0.0103471
0.0116945
0.0130583
0.0144309
0.0157605
0.0169546
0.0179307
0.0186346
0.01905
0.0191937
0.0191085
0.0188519
0.0184863
0.0180687
0.0176465
0.0172521
0.0169041
0.016607
0.0163555
0.0161374
0.0159376
0.0157411
0.0155354
0.015312
0.0150668
0.0147995
0.0145133
0.0142133
0.0139057
0.0135961
0.0132895
0.0129889
0.0126964
0.0124119
0.0121344
0.0118564
0.011564
0.0112425
0.0108816
0.0104764
0.0100276
0.00954064
0.00902377
0.00848663
0.00793859
0.00738764
0.00683974
0.00629858
0.00576557
0.00524034
0.00472128
0.00420613
0.00369236
0.00317787
0.00266098
0.00214085
0.00161763
0.00110792
0.000654683
0.000308104
0.000106989
7.04607e-05
0.000197392
0.000469527
0.000857326
0.00132584
0.00184045
0.002371
0.00289469
0.00339692
0.00387125
0.00431798
0.00474224
0.00515191
0.00555558
0.00596117
0.00637464
0.00679958
0.00723712
0.00768637
0.00814492
0.00860955
0.00907678
0.00954367
0.0100078
0.0104679
0.0109233
0.011374
0.0118059
0.0121867
0.0124841
0.0126752
0.0127509
0.0127156
0.0125847
0.0123802
0.0121264
0.0118464
0.0115601
0.0112814
0.0110189
0.0107756
0.0105504
0.0103389
0.0101358
0.00993491
0.00973139
0.00952162
0.00930358
0.00907694
0.00884268
0.00860265
0.00835916
0.00811445
0.00787052
0.00762881
0.00739007
0.00715445
0.00692167
0.00669106
0.0064618
0.00623201
0.00599873
0.00575871
0.00550945
0.00524986
0.00498012
0.00470155
0.00441605
0.00412583
0.00383315
0.0035399
0.0032474
0.00295648
0.0026675
0.00238033
0.00209459
0.00180963
0.00152505
0.00124027
0.000954891
0.000668714
0.000381705
9.39342e-05
-0.000194502
-0.000485766
-0.000784207
-0.00109383
-0.0014173
-0.00175541
-0.00210723
-0.00247065
-0.00284283
-0.00322071
-0.00360124
-0.00398218
-0.00436188
-0.00473942
-0.0051145
-0.00548737
-0.00585864
-0.00622905
-0.00659925
-0.0069699
-0.00734142
-0.00771406
-0.00808772
-0.00846231
-0.0088376
-0.00921333
-0.00958909
-0.00996477
-0.0103401
-0.0107152
-0.0110897
-0.0114636
-0.011823
-0.0121375
-0.012376
-0.0125163
-0.0125495
-0.0124792
-0.0123192
-0.0120899
-0.011814
-0.0115132
-0.0112061
-0.0109062
-0.0106214
-0.0103549
-0.0101055
-0.00986939
-0.00964139
-0.0094158
-0.00918794
-0.00895429
-0.00871294
-0.00846347
-0.00820679
-0.00794459
-0.00767908
-0.0074123
-0.00714623
-0.00688217
-0.00662091
-0.0063626
-0.00610701
-0.0058535
-0.00560131
-0.00534959
-0.00509773
-0.00484519
-0.0045917
-0.00433708
-0.00408156
-0.00382522
-0.00356845
-0.00331137
-0.00305435
-0.002796
-0.00253346
-0.00226403
-0.00198595
-0.00169856
-0.00140232
-0.00109846
-0.000788905
-0.000475532
-0.000160249
0.000155465
0.000470403
0.00078401
0.00109601
0.00140662
0.00171605
0.00202487
0.00233348
0.00264237
0.00295173
0.00326179
0.00357251
0.00388389
0.00419565
0.00450771
0.00481983
0.00513191
0.00544375
0.00575538
0.00606673
0.00637792
0.00668882
0.00699967
0.00731044
0.00762128
0.00793212
0.00824311
0.00855412
0.00886529
0.00917642
0.00948769
0.00979887
0.0101102
0.0104213
0.0107325
0.0110436
0.0113548
0.0116657
0.011977
0.0122879
0.012598
0.0128687
0.0130256
0.0130009
0.0127498
0.0122586
0.0115408
0.0106314
0.00957773
0.00843105
0.00723894
0.00604056
0.00486322
0.00372267
0.00262334
0.00156122
0.000526592
-0.000492651
-0.00150882
-0.00253214
-0.00356975
-0.00462508
-0.00569799
-0.0067734
-0.00780455
-0.0087288
-0.00949444
-0.0100714
-0.0104547
-0.0106604
-0.0107208
-0.0106759
-0.0105672
-0.010432
-0.0102999
-0.0101905
-0.0101138
-0.0100712
-0.0100579
-0.0100648
-0.0100818
-0.010099
-0.0101084
-0.0101052
-0.010087
-0.0100543
-0.0100096
-0.00995655
-0.00989923
-0.00984147
-0.00978621
-0.0097338
-0.00967588
-0.00959772
-0.00948587
-0.00933129
-0.00913081
-0.00888663
-0.00860514
-0.00829521
-0.00796658
-0.00762844
-0.00728855
-0.00695232
-0.00662296
-0.00630155
-0.00598751
-0.00567902
-0.00537382
-0.00506951
-0.00476416
-0.00445623
-0.00414499
-0.00383031
-0.00351264
-0.0031927
-0.00287137
-0.00254958
-0.00222821
-0.00190771
-0.00158843
-0.0012704
-0.000953529
-0.000637483
-0.000321961
-6.6389e-06
0.00030874
0.00062445
0.000940575
0.00125716
0.00157411
0.00189146
0.00221006
0.0025324
0.00286143
0.00319951
0.00354769
0.00390586
0.00427284
0.00464688
0.0050258
0.0054075
0.00579011
0.00617237
0.00655333
0.00693261
0.00731022
0.00768656
0.00881562
0.00919734
0.00957876
0.00996021
0.0103419
0.0107238
0.0111058
0.0114878
0.0118696
0.0122508
0.0126314
0.0130111
0.0133899
0.0137677
0.0141444
0.0145203
0.0148951
0.0152687
0.0156332
0.0159681
0.0162492
0.016458
0.0165855
0.0166329
0.016609
0.0165285
0.0164085
0.0162658
0.0161149
0.0159669
0.0158288
0.0157035
0.0155909
0.0154882
0.015392
0.0152979
0.0152022
0.0151019
0.0149955
0.0148825
0.0147632
0.0146389
0.0145114
0.0143821
0.0142525
0.0141238
0.0139966
0.0138712
0.0137472
0.0136245
0.0135025
0.0133805
0.0132581
0.0131347
0.0130103
0.0128845
0.0127515
0.0125962
0.0124014
0.0121536
0.0118466
0.0114814
0.0110649
0.010608
0.0101232
0.00962294
0.00911793
0.00861614
0.0081226
0.00763953
0.00716676
0.00670238
0.00624361
0.00578746
0.00533125
0.00487292
0.00441129
0.00394607
0.0034777
0.00300705
0.00253526
0.00206367
0.00159337
0.00112514
0.000659483
0.0001966
-0.000263571
-0.000721346
-0.00117712
-0.00163111
-0.00207986
-0.00251084
-0.00290679
-0.0032537
-0.00354378
-0.0037765
-0.00395726
-0.00409561
-0.00420345
-0.00429285
-0.00437443
-0.00445651
-0.00454453
-0.00464121
-0.00474682
-0.00485983
-0.00497769
-0.0050975
-0.00521653
-0.0053326
-0.00544437
-0.00555135
-0.00565369
-0.0057521
-0.00584767
-0.00594156
-0.00603478
-0.00612818
-0.00622223
-0.0063172
-0.00641299
-0.00650932
-0.00660586
-0.00670216
-0.00679782
-0.00689239
-0.00698046
-0.00704458
-0.00706122
-0.0070115
-0.0068853
-0.00668223
-0.00641002
-0.00608232
-0.0057154
-0.00532588
-0.00492824
-0.00453378
-0.00414986
-0.00378005
-0.00342451
-0.00308125
-0.00274665
-0.00241681
-0.00208792
-0.00175725
-0.00142292
-0.00108441
-0.000741941
-0.00039673
-5.01236e-05
0.000296124
0.00064077
0.00098239
0.0013202
0.00164075
0.00191899
0.00213262
0.0022674
0.00231974
0.00229518
0.00220646
0.00207015
0.00190389
0.00172384
0.00154305
0.00137056
0.00121132
0.00106654
0.000934673
0.000812333
0.000695362
0.000579679
0.000461942
0.000339885
0.000212467
7.97192e-05
-5.7416e-05
-0.000197504
-0.000338892
-0.000479982
-0.000619488
-0.000756531
-0.000890676
-0.0010219
-0.00115049
-0.00127693
-0.00140183
-0.00152574
-0.00164913
-0.00177231
-0.00189548
-0.00201861
-0.0021416
-0.00226428
-0.00238642
-0.0025078
-0.00262828
-0.00274767
-0.00286598
-0.00298307
-0.00309911
-0.003214
-0.00332767
-0.00343038
-0.00350328
-0.00352954
-0.00349819
-0.00340624
-0.00325758
-0.00306163
-0.0028306
-0.00257773
-0.00231511
-0.0020527
-0.00179732
-0.00155284
-0.00132029
-0.00109866
-0.00088542
-0.000677564
-0.000471993
-0.000266273
-5.85991e-05
0.000151791
0.000364908
0.00058008
0.000796291
0.00101226
0.00122686
0.00143905
0.00164821
0.00185397
0.00205629
0.00225537
0.00245158
0.00264532
0.00283703
0.00302702
0.00321558
0.00340276
0.0035886
0.00377301
0.00395588
0.00413702
0.00431628
0.0044935
0.00466863
0.00484144
0.00500861
0.0051589
0.00527734
0.0053519
0.00537623
0.00535032
0.00527942
0.00517232
0.00503969
0.00489224
0.00473932
0.00458812
0.00444335
0.00430721
0.00417987
0.00405989
0.00394504
0.00383278
0.00372075
0.00360709
0.00349075
0.00337127
0.00324894
0.00312435
0.00299852
0.00287243
0.002747
0.00262289
0.00250058
0.00238021
0.00226178
0.00214497
0.00202954
0.0019151
0.00180137
0.00168804
0.00157502
0.00146217
0.00134945
0.00123087
0.00109525
0.000932527
0.000736264
0.000504901
0.000241035
-4.95012e-05
-0.000359148
-0.000679886
-0.00100432
-0.00132649
-0.0016423
-0.00194951
-0.00224748
-0.00253691
-0.00281932
-0.00309657
-0.00337041
-0.00364235
-0.0039134
-0.00418406
-0.00445424
-0.00472359
-0.00499142
-0.00525708
-0.00551972
-0.00577889
-0.00603408
-0.00628496
-0.00652261
-0.00673012
-0.00689259
-0.00700058
-0.00705188
-0.00705059
-0.00700561
-0.00692829
-0.00683072
-0.00672386
-0.0066166
-0.00651498
-0.00642231
-0.00633941
-0.00626521
-0.0061974
-0.00613322
-0.00606993
-0.00600534
-0.00593795
-0.00586702
-0.00579263
-0.00571541
-0.00563631
-0.00555643
-0.00547678
-0.00539826
-0.00532141
-0.00524649
-0.00517353
-0.00510231
-0.00503256
-0.00496379
-0.00489574
-0.0048282
-0.00476748
-0.00472579
-0.00471416
-0.00473964
-0.004804
-0.00490451
-0.00503482
-0.0051868
-0.00535167
-0.00552145
-0.00568962
-0.00585173
-0.00600525
-0.00614954
-0.00628526
-0.00641409
-0.00653798
-0.00665887
-0.0067784
-0.00689774
-0.00701735
-0.00713727
-0.00725704
-0.00737607
-0.00749352
-0.00760863
-0.00772081
-0.00782967
-0.00793493
-0.00803663
-0.00813486
-0.00822993
-0.00832207
-0.00841151
-0.00849854
-0.00858334
-0.00866592
-0.00874635
-0.00882456
-0.0089005
-0.00897401
-0.00904504
-0.00911344
-0.00917772
-0.00922954
-0.00925593
-0.00924599
-0.00919359
-0.00909787
-0.00896274
-0.00879571
-0.00860588
-0.00840258
-0.00819411
-0.00798699
-0.00778557
-0.00759201
-0.00740664
-0.00722848
-0.00705569
-0.00688609
-0.00671769
-0.00654892
-0.0063788
-0.00620688
-0.00603331
-0.00585875
-0.00568395
-0.00550976
-0.00533694
-0.00516614
-0.00499775
-0.00483192
-0.00466865
-0.00450782
-0.00434915
-0.00419237
-0.00403724
-0.00388358
-0.00373126
-0.00358022
-0.00343049
-0.00328217
-0.00313535
-0.00299013
-0.00284664
-0.00270496
-0.00256516
-0.00242724
-0.00229125
-0.00215717
-0.00202486
-0.0018941
-0.00176469
-0.0016365
-0.00150953
-0.00138377
-0.0012594
-0.00113658
-0.00101546
-0.000896177
-0.00077887
-0.000663617
-0.000550478
-0.000439437
-0.000330509
-0.000223668
-0.000118868
-1.6074e-05
8.47366e-05
0.000183585
0.000280493
0.000375464
0.000468474
0.000559521
0.000648603
0.0007357
0.000820816
0.000903943
0.000985081
0.00106425
0.00114144
0.00121667
0.00128996
0.00136131
0.00143073
0.00149824
0.00156385
0.0016276
0.00168946
0.00174955
0.00180845
0.00186706
0.0019261
0.00198594
0.00204659
0.00210775
0.00216885
0.00222926
0.00228835
0.00234557
0.00240048
0.00245284
0.00250252
0.00254953
0.00259397
0.002636
0.00267577
0.00271346
0.00274918
0.00278302
0.00281504
0.00284524
0.0028736
0.00290012
0.00292475
0.00294748
0.0029683
0.0029872
0.0030042
0.00301889
0.00302889
0.00303055
0.003021
0.00299878
0.0029641
0.00291848
0.00286438
0.00280462
0.00274202
0.00267897
0.00261731
0.00255822
0.00250222
0.00244933
0.00239921
0.00235129
0.00230497
0.00225966
0.00221495
0.00217056
0.00212641
0.00208252
0.00203906
0.00199621
0.00195419
0.00191318
0.00187332
0.00183467
0.00179727
0.00176107
0.00172602
0.00169203
0.00165901
0.00162689
0.00159559
0.00156506
0.00153463
0.00150221
0.00146518
0.00142161
0.00137076
0.00131309
0.00124996
0.00118333
0.00111532
0.00104795
0.000982883
0.000921301
0.000863898
0.000810903
0.000762188
0.000717381
0.000675987
0.000637499
0.000601464
0.000567543
0.000535524
0.000505309
0.000476895
0.000450353
0.000425775
0.000403251
0.000382851
0.000364609
0.000348521
0.000334526
0.000322568
0.000313155
0.000308161
0.000309976
0.000320265
0.000339564
0.000367266
0.000401902
0.000441493
0.000483915
0.000527187
0.0005697
0.000610291
0.000648299
0.000683489
0.000715963
0.000746039
0.000774156
0.000800751
0.000826201
0.000850782
0.000874652
0.000897857
0.000920356
0.000942055
0.000962835
0.000982579
0.0010012
0.00101864
0.00103488
0.00104993
0.00106385
0.0010767
0.00108854
0.00109946
0.00110951
0.00111875
0.00112721
0.00113492
0.0011419
0.00114815
0.0011537
0.00115854
0.00116269
0.00116616
0.00116896
0.00117112
0.00117266
0.00117359
0.00117395
0.00117376
0.00117303
0.00117181
0.00117014
0.00116816
0.00116595
0.00116354
0.00116096
0.00115817
0.00115511
0.00115172
0.00114794
0.00114374
0.00113907
0.00113395
0.00112836
0.00112234
0.0011159
0.00110909
0.00110194
0.00109446
0.0010867
0.00107868
0.0010704
0.00106189
0.00105315
0.00104412
0.00103466
0.00102461
0.0010139
0.00100252
0.000990587
0.000978233
0.000965631
0.000952944
0.000940316
0.000927851
0.00091562
0.000903652
0.000891949
0.000880491
0.000869247
0.000858181
0.00084726
0.000836458
0.000825757
0.000815146
0.000804623
0.00079419
0.000783851
0.000773611
0.000763476
0.000753447
0.000743523
0.000733704
0.000723984
0.000714357
0.00070482
0.000695364
0.000685985
0.000676678
0.000667439
0.000658264
0.000649153
0.000640101
0.000631109
0.000622173
0.000613295
0.000604471
0.0005957
0.000586982
0.000578313
0.000569693
0.000561119
0.00055259
0.000544106
0.000535664
0.000527263
0.000518903
0.000510583
0.0005023
0.000494057
0.000485853
0.000477695
0.000469586
0.000461528
0.00045352
0.000445555
0.000437629
0.000429735
0.000421868
0.000414023
0.000406199
0.000398395
0.00039061
0.000382847
0.000375107
0.000367393
0.000359707
0.00035205
0.000344424
0.00033683
0.000329269
0.000321743
0.00031425
0.000306793
0.000299371
0.000291986
0.000284636
0.000277324
0.00027005
0.000262813
0.000255616
0.000248458
0.00024134
0.000234262
0.000227225
0.00022023
0.000213276
0.000206364
0.000199494
0.000192667
0.000185883
0.000179142
0.000172444
0.00016579
0.00015918
0.000152613
0.000146091
0.000139614
0.000133181
0.000126792
0.000120448
0.00011415
0.000107897
0.000101689
9.55261e-05
8.94092e-05
8.33378e-05
7.73123e-05
7.13326e-05
6.53988e-05
5.95112e-05
5.36696e-05
4.78744e-05
4.21254e-05
3.64228e-05
3.07668e-05
2.51572e-05
1.95943e-05
1.40781e-05
8.60868e-06
3.18606e-06
-2.18967e-06
-7.51846e-06
-1.28002e-05
-1.80349e-05
-2.32225e-05
-2.83629e-05
-3.34561e-05
-3.8502e-05
-4.35006e-05
-4.84518e-05
-5.33556e-05
-5.82119e-05
-6.30207e-05
-6.7782e-05
-7.24957e-05
-7.71618e-05
-8.17803e-05
-8.6351e-05
