-0.000477072
-0.000447961
-0.000402023
-0.000338179
-0.000260014
-0.000175616
-9.839e-05
-4.51429e-05
-3.41563e-05
-7.98781e-05
-0.000186798
-0.000348802
-0.000565011
-0.000830392
-0.00113362
-0.00145673
-0.0017764
-0.00206532
-0.00229646
-0.00244813
-0.00251435
-0.00250999
-0.00244153
-0.00229686
-0.00205942
-0.00170935
-0.00122557
-0.000588735
0.00021013
0.00116792
0.00229724
0.00360876
0.0051018
0.00676059
0.00854938
0.010409
0.0122548
0.0139809
0.0154687
0.0166064
0.017315
0.0175929
0.0175405
0.0172309
0.0166847
0.0159415
0.0150698
0.0141705
0.0133772
0.0128545
0.0127862
0.0133557
0.0147072
0.0168999
0.0198235
0.023197
0.0269461
0.0310152
0.0353128
0.0397327
0.0441484
0.0484243
0.0524218
0.0560225
0.0591585
0.0618456
0.0640592
0.0656239
0.0663336
0.0659655
0.0643136
0.0612787
0.0569725
0.0517778
0.0460132
0.0398793
0.0336144
0.0275
0.0218254
0.0168554
0.0127708
0.00960782
0.00714769
0.00491344
0.00266525
0.000309991
-0.00220166
-0.00483504
-0.00745274
-0.00979486
-0.0114903
-0.0120793
-0.0110755
-0.00805237
-0.00277526
0.00462853
0.0135234
0.0231275
0.0328821
0.0421252
0.0500716
0.0559196
0.0589714
0.0588169
0.0555776
0.0501093
0.0433479
0.0356688
0.0274597
0.0192144
0.0114643
0.0047544
-0.000419897
-0.00368984
-0.00492757
-0.00442486
-0.00291975
-0.0007437
0.00196218
0.00502744
0.00826235
0.0114556
0.0143734
0.0167574
0.0183342
0.0188405
0.0180712
0.0159536
0.0126424
0.00838032
0.00303377
-0.00358384
-0.0115994
-0.0210398
-0.0317184
-0.0432135
-0.0553239
-0.0679332
-0.0808783
-0.0939472
-0.106878
-0.119369
-0.131097
-0.141763
-0.151149
-0.159226
-0.166201
-0.172135
-0.17691
-0.180461
-0.182847
-0.184358
-0.185474
-0.186189
-0.186337
-0.185675
-0.183865
-0.180522
-0.175267
-0.167848
-0.158269
-0.14698
-0.134601
-0.121105
-0.106338
-0.0901784
-0.0725223
-0.0533711
-0.032897
-0.0115523
0.00986342
0.0301162
0.0476011
0.0609119
0.0691855
0.0722461
0.0710861
0.0680761
0.0653991
0.0647334
0.0678677
0.0765086
0.0919235
0.114475
0.143104
0.174747
0.205319
0.232641
0.255024
0.27126
0.281372
0.286845
0.288789
0.287737
0.284504
0.279215
0.27148
0.26065
0.245913
0.226494
0.201963
0.17265
0.139988
0.105681
0.0708825
0.0370321
0.0059409
-0.0204078
-0.0400913
-0.0516346
-0.0544994
-0.049811
-0.0406621
-0.029565
-0.0180607
-0.00788524
-0.00094689
0.000918876
-0.00376828
-0.0157578
-0.0345524
-0.058031
-0.083993
-0.111616
-0.14013
-0.16861
-0.1961
-0.221633
-0.244295
-0.263323
-0.27825
-0.2892
-0.296885
-0.300912
-0.300305
-0.294122
-0.281661
-0.262903
-0.238749
-0.209996
-0.177371
-0.142541
-0.108036
-0.075091
-0.0445535
-0.0169861
0.00769944
0.029822
0.0488169
0.0640299
0.0750371
0.0817936
0.0847985
0.0842086
0.0798823
0.0720213
0.061481
0.0494229
0.0362763
0.0224636
0.00860273
-0.00454304
-0.0160483
-0.0248927
-0.0300481
-0.0306672
-0.0263278
-0.0174075
-0.00535206
0.00832176
0.0229848
0.0379824
0.0525047
0.0656758
0.0766136
0.0845237
0.0888525
0.0894682
0.0869863
0.0827804
0.0774315
0.0711311
0.0640997
0.0565627
0.0487779
0.0410451
0.0337473
0.0273575
0.0224443
0.0196209
0.0194703
0.0223867
0.0284038
0.0368652
0.046463
0.0568099
0.067604
0.0783905
0.0886576
0.0978177
0.10528
0.110471
0.11266
0.110809
0.103969
0.0915476
0.073745
0.0516612
0.02547
-0.00489311
-0.0390131
-0.0757339
-0.113082
-0.149369
-0.182905
-0.211807
-0.234205
-0.248559
-0.25412
-0.251574
-0.243497
-0.232271
-0.21813
-0.200935
-0.180508
-0.156596
-0.129048
-0.0980465
-0.0644025
-0.029913
0.00253938
0.0303716
0.0517203
0.0652847
0.0707747
0.0698094
0.0658055
0.0596239
0.051815
0.0431963
0.0345763
0.0267913
0.0206053
0.016698
0.0155492
0.0173404
0.0217302
0.027796
0.0349053
0.0428475
0.0513924
0.0602447
0.069033
0.077296
0.0844735
0.0899274
0.0929937
0.0930953
0.0899026
0.0835804
0.0749752
0.0649839
0.0539554
0.0423152
0.0306846
0.0198515
0.0107564
0.00443249
0.00189654
0.00396533
0.0109959
0.0225188
0.0369631
0.0526737
0.0688796
0.0848104
0.0995925
0.112385
0.122487
0.129481
0.133479
0.135107
0.134245
0.130791
0.124933
0.117285
0.108859
0.099936
0.0906485
0.0811425
0.0715193
0.0618613
0.0522251
0.04266
0.0332013
0.0238779
0.0146995
0.00565265
-0.003318
-0.012311
-0.0214881
-0.031129
-0.0415925
-0.0532625
-0.0664882
-0.0814864
-0.0982208
-0.116266
-0.134641
-0.151794
-0.166211
-0.17639
-0.180893
-0.178694
-0.169575
-0.154778
-0.137063
-0.117833
-0.0978628
-0.078018
-0.0591199
-0.0418725
-0.0267286
-0.0138021
-0.00269575
0.00750835
0.0174853
0.0274876
0.0376286
0.047839
0.0578112
0.0669689
0.0744889
0.0793624
0.0805288
0.0770762
0.0685262
0.0552206
0.038619
0.0202936
0.000975929
-0.0185265
-0.0372002
-0.0539354
-0.0676054
-0.0772033
-0.0820463
-0.082026
-0.0780366
-0.0719776
-0.0645819
-0.0559539
-0.0461189
-0.0349865
-0.0223954
-0.00817272
0.00773215
0.0251115
0.0433052
0.0611669
0.0776533
0.0915479
0.101488
0.106188
0.104735
0.0969654
0.0840206
0.0685407
0.0525416
0.0370365
0.0229026
0.0107973
0.000920283
-0.00719561
-0.0143791
-0.0208598
-0.0268285
-0.0325332
-0.0381927
-0.0439827
-0.0500067
-0.0562906
-0.0627739
-0.0693097
-0.0756639
-0.0815268
-0.0865305
-0.0902891
-0.0924505
-0.0927894
-0.0913045
-0.0884004
-0.0848524
-0.08086
-0.076524
-0.0719718
-0.0672954
-0.062568
-0.0578297
-0.0531055
-0.0484055
-0.0437405
-0.039122
-0.0345697
-0.030106
-0.0257549
-0.0215272
-0.0174203
-0.0134169
-0.00946947
-0.00548482
-0.00132473
0.00319402
0.00827958
0.0141429
0.0209495
0.0287616
0.0374607
0.0466707
0.0558327
0.0644967
0.0721539
0.0782471
0.082258
0.0838255
0.0828868
0.0799085
0.0758967
0.0713059
0.0663062
0.0610524
0.0556446
0.0501225
0.0444576
0.0385753
0.0323783
0.0257886
0.0187882
0.0114686
0.00407038
-0.0029827
-0.00907776
-0.0134328
-0.0151706
-0.0134374
-0.00760745
0.00247502
0.0161013
0.0316329
0.0480793
0.0646599
0.0803921
0.0941744
0.104883
0.111527
0.113476
0.110714
0.104295
0.0962604
0.0871961
0.0774588
0.0674842
0.0576191
0.0481376
0.0391845
0.0307835
0.0227952
0.0149539
0.00710366
-0.000821175
-0.00883915
-0.0168881
-0.0248197
-0.0323884
-0.0392719
-0.0450948
-0.0494855
-0.0521484
-0.0529717
-0.052161
-0.0503385
-0.0481107
-0.0456616
-0.0430831
-0.0404092
-0.0375621
-0.0343455
-0.0304419
-0.0254466
-0.0189197
-0.0104836
5.87487e-05
0.0125277
0.0263165
0.0411113
0.0566441
0.07245
0.0878531
0.101959
0.113687
0.121852
0.125309
0.123206
0.115299
0.102475
0.0868097
0.0691641
0.0498432
0.0292595
0.00791631
-0.0135607
-0.0344066
-0.0536927
-0.0703465
-0.0832278
-0.0912736
-0.093754
-0.0905862
-0.0828594
-0.0728834
-0.0618398
-0.0503845
-0.0392311
-0.029042
-0.0203533
-0.0134563
-0.00828701
-0.0043339
-0.00105379
0.00175185
0.00425369
0.00664144
0.00908167
0.0117161
0.0146447
0.0179223
0.0215394
0.0254105
0.029352
0.0330701
0.0361534
0.0380868
0.0382905
0.0361949
0.031365
0.0236595
0.0134876
0.00185467
-0.0107161
-0.0238658
-0.0370997
-0.0498041
-0.061265
-0.0707182
-0.077426
-0.0808051
-0.0806064
-0.0771706
-0.0716141
-0.0650322
-0.0577493
-0.0499842
-0.041946
-0.0337714
-0.025529
-0.0172193
-0.00879859
-0.000200832
0.00862772
0.0176987
0.0269483
0.036212
0.0452044
0.0535174
0.060635
0.0659811
0.068995
0.0692593
0.0666557
0.0616102
0.0551694
0.0480148
0.0402944
0.0320627
0.0232968
0.0138811
0.00362219
-0.00769772
-0.0202508
-0.0340596
-0.0488852
-0.0641275
-0.0790007
-0.0927185
-0.104358
-0.112922
-0.117497
-0.117484
-0.112872
-0.104701
-0.0949751
-0.0841659
-0.0724685
-0.060121
-0.0472537
-0.0339337
-0.0201548
-0.00590894
0.00876923
0.0237196
0.0386041
0.0528524
0.0656931
0.0761634
0.0832025
0.0857941
0.083237
0.0754375
0.0634549
0.0494142
0.0337145
0.0164845
-0.00201345
-0.0215087
-0.0416298
-0.0618846
-0.0815758
-0.0997828
-0.11535
-0.126973
-0.133343
-0.133433
-0.126847
-0.114393
-0.0983046
-0.080234
-0.0609623
-0.0413791
-0.0225228
-0.00550103
0.00861072
0.0188791
0.024724
0.0261333
0.0240937
0.0204901
0.0157862
0.0101936
0.00398271
-0.00265355
-0.00954843
-0.0165734
-0.0235785
-0.0303756
-0.0366927
-0.0421749
-0.0463826
-0.0488458
-0.0491314
-0.0469787
-0.0424531
-0.0361521
-0.0288815
-0.0207049
-0.0115464
-0.00134928
0.00995111
0.0223468
0.035693
0.049737
0.0643531
0.0793077
0.0941858
0.108368
0.121034
0.131199
0.137817
0.139944
0.137
0.129105
0.117479
0.103887
0.0888518
0.0728142
0.0563992
0.0403089
0.0253376
0.0123185
0.002073
-0.00470776
-0.00763408
-0.00685939
-0.0033626
0.00149813
0.00737877
0.014065
0.0212743
0.0287275
0.0361201
0.0431233
0.0493674
0.0544538
0.0579812
0.059609
0.0591569
0.0567399
0.052928
0.0484979
0.0436605
0.0385393
0.0332666
0.027928
0.0225651
0.0171624
0.0116548
0.00593231
-0.000143223
-0.00671648
-0.0139076
-0.021768
-0.0302266
-0.0391513
-0.0485572
-0.0584411
-0.0687217
-0.0792189
-0.0896236
-0.0994756
-0.10816
-0.114933
-0.118993
-0.119605
-0.116293
-0.109105
-0.0989215
-0.0870117
-0.0736084
-0.0588575
-0.0430605
-0.0266372
-0.0101913
0.00546524
0.0192952
0.0300731
0.0364964
0.037373
0.0319456
0.0202604
0.00380381
-0.014547
-0.0335177
-0.0518909
-0.0681443
-0.080752
-0.0883155
-0.0899083
-0.0853712
-0.0759285
-0.0640612
-0.0503994
-0.0353119
-0.0193471
-0.00304778
0.0129777
0.0281005
0.0416296
0.0528732
0.0611767
0.0660733
0.0674419
0.0658094
0.0624356
0.0581616
0.0532161
0.0477588
0.0419025
0.035698
0.0291376
0.0221921
0.0148471
0.00712123
-0.000977153
-0.00935648
-0.0178028
-0.025955
-0.0333035
-0.0392069
-0.0429532
-0.0438542
-0.041407
-0.0354881
-0.0266537
-0.0162452
-0.0052895
0.00568969
0.0161913
0.0257604
0.0340845
0.0410845
0.0470299
0.0525338
0.0579335
0.063409
0.0690877
0.0749872
0.0809709
0.0867152
0.0917011
0.0952346
0.0965137
0.0947384
0.08929
0.0799494
0.0672546
0.0525639
0.0366372
0.0200496
0.0035921
-0.0117742
-0.0249588
-0.0348494
-0.0404462
-0.0410953
-0.0367634
-0.0284658
-0.0183995
-0.00822684
0.00124677
0.00940197
0.0158826
0.0208349
0.0249234
0.0284114
0.0313689
0.0338755
0.0359727
0.0376465
0.0388187
0.0393715
0.0391811
0.0381959
0.0364386
0.0336666
0.0296035
0.0240562
0.0169748
0.00859118
-0.000571395
-0.0103127
-0.0205833
-0.0313059
-0.0423726
-0.0536221
-0.0648244
-0.0756602
-0.085719
-0.0945078
-0.1015
-0.10621
-0.10832
-0.107838
-0.105353
-0.102005
-0.0981243
-0.0939216
-0.0896705
-0.0856078
-0.0819406
-0.0787932
-0.0762299
-0.074419
-0.0735348
-0.0736916
-0.0749126
-0.0770361
-0.079696
-0.0826853
-0.0860141
-0.0897227
-0.0938569
-0.0984445
-0.103466
-0.108807
-0.114219
-0.119278
-0.123374
-0.125717
-0.125408
-0.121542
-0.11342
-0.100787
-0.0842507
-0.0653457
-0.0448023
-0.0230458
-0.00070888
0.0213902
0.042237
0.0606725
0.0754611
0.085443
0.0897736
0.0882424
0.08179
0.0725678
0.0615716
0.0492881
0.0363296
0.0233893
0.0112339
0.000666152
-0.00751507
-0.0126009
-0.0141154
-0.0120008
-0.00693409
-0.000347457
0.00707723
0.0150229
0.0231527
0.0311585
0.0387762
0.0458181
0.0521863
0.0579026
0.0631479
0.0682389
0.0732252
0.0780701
0.0826853
0.0869123
0.0905328
0.0932932
0.094946
0.0953163
0.094379
0.0923849
0.0898611
0.0869891
0.0837506
0.0800775
0.0758352
0.0708364
0.0648627
0.0577283
0.0493499
0.0398785
0.0297044
0.0189209
0.00764745
-0.00386284
-0.0152333
-0.0259432
-0.0353476
-0.0427136
-0.0473093
-0.0485363
-0.0461275
-0.040414
-0.032529
-0.0236366
-0.0142078
-0.00467356
0.0044865
0.0128383
0.0200304
0.0258738
0.0304083
0.0340001
0.0371656
0.040082
0.042869
0.0456449
0.0484788
0.0513912
0.0543372
0.0572125
0.0598535
0.0620542
0.0635857
0.0642318
0.0638374
0.0623707
0.0600179
0.0571917
0.0540764
0.0507441
0.0472669
0.0437039
0.0400992
0.0364786
0.0328552
0.0292341
0.0256197
0.0220207
0.018455
0.0149521
0.0115529
0.00830492
0.00525601
0.00244137
-0.00013039
-0.00250173
-0.00476799
-0.00697077
-0.00912445
-0.0112436
-0.0133381
-0.0154125
-0.0174631
-0.0194797
-0.0214465
-0.0233446
-0.0251564
-0.0268735
-0.0285036
-0.0300592
-0.0315184
-0.0328556
-0.0340547
-0.0351149
-0.0360615
-0.0369561
-0.0379053
-0.0390625
-0.0406232
-0.0428073
-0.0458278
-0.0498404
-0.0548802
-0.0607718
-0.0670816
-0.0733436
-0.0790909
-0.0837528
-0.0866919
-0.0872837
-0.0850464
-0.0797988
-0.0719133
-0.0624028
-0.0519377
-0.040694
-0.0288165
-0.0164528
-0.00374673
0.00914991
0.0220475
0.0346957
0.0467605
0.0578262
0.0674152
0.075046
0.0803243
0.0830832
0.0835712
0.0825919
0.0809152
0.0787243
0.0761036
0.0731088
0.0697218
0.0658625
0.0614039
0.0562133
0.0502049
0.0434088
0.0360447
0.0284443
0.0207772
0.0132266
0.00602062
-0.000606153
-0.006438
-0.0113317
-0.0152664
-0.0184408
-0.0212526
-0.0237957
-0.0261152
-0.0282758
-0.0303323
-0.0323415
-0.0343595
-0.036454
-0.0387041
-0.0412081
-0.0440744
-0.0474111
-0.0512987
-0.0557559
-0.0606911
-0.0659646
-0.0715841
-0.0775588
-0.083848
-0.0903521
-0.0968858
-0.103163
-0.108787
-0.113264
-0.116036
-0.11656
-0.114418
-0.109472
-0.102103
-0.093291
-0.0837046
-0.0735616
-0.0630452
-0.0523203
-0.0415101
-0.0306888
-0.0198908
-0.00911861
0.00163775
0.0123881
0.0231214
0.0338025
0.0443615
0.0546537
0.0643712
0.0731092
0.0804122
0.0858341
0.0890431
0.0899527
0.0889336
0.0868394
0.0840778
0.0808632
0.077464
0.0741778
0.0713225
0.0692112
0.0681289
0.0682834
0.0697478
0.0723577
0.0756799
0.0794317
0.0835446
0.0879636
0.0926268
0.0974629
0.102377
0.107237
0.111853
0.115981
0.119319
0.12154
0.122333
0.121488
0.118991
0.115192
0.11078
0.105896
0.100593
0.0949595
0.0890767
0.0830407
0.0769673
0.0710133
0.0653842
0.0603408
0.0561851
0.053228
0.0517296
0.0518156
0.0533443
0.05585
0.0590349
0.0628265
0.0671228
0.0717517
0.0764615
0.0809033
0.0846239
0.0870741
0.0876497
0.0857639
0.080979
0.073164
0.0627543
0.0508409
0.0381977
0.025123
0.0118881
-0.00125288
-0.0140982
-0.0265279
-0.0385151
-0.0501516
-0.0616413
-0.0731133
-0.0844352
-0.0953175
-0.105316
-0.113841
-0.120205
-0.123717
-0.123848
-0.120427
-0.113981
-0.105765
-0.0962689
-0.0856363
-0.0740781
-0.0618689
-0.0493835
-0.0371151
-0.0257128
-0.0159791
-0.00884298
-0.00526717
-0.00609682
-0.0118087
-0.0221951
-0.0359774
-0.0514127
-0.0681474
-0.0860514
-0.104951
-0.124721
-0.145211
-0.166218
-0.187397
-0.208203
-0.227837
-0.245251
-0.259189
-0.268336
-0.271531
-0.268122
-0.258403
-0.244138
-0.227767
-0.209953
-0.191095
-0.171654
-0.151969
-0.132287
-0.112718
-0.0932829
-0.0739154
-0.0545152
-0.0349482
-0.0151264
0.00480006
0.024471
0.0433313
0.0606206
0.0754398
0.0868455
0.0940407
0.0966126
0.0948897
0.0901941
0.0838596
0.0762946
0.0678633
0.0590239
0.0502707
0.0421322
0.0351549
0.0298753
0.0267676
0.0261423
0.0280238
0.0319241
0.0368416
0.042359
0.0483675
0.0547815
0.0615635
0.0687067
0.0762238
0.0840983
0.0922508
0.100486
0.10846
0.11566
0.121418
0.124956
0.125495
0.12241
0.115462
0.105113
0.0926785
0.0792253
0.0654257
0.0520845
0.0401502
0.0306153
0.0244052
0.0221926
0.0241824
0.0297397
0.0373622
0.0463897
0.0565449
0.0674654
0.0787287
0.0898304
0.10019
0.109141
0.115963
0.119947
0.120522
0.117435
0.111019
0.102389
0.0926222
0.0819819
0.0706316
0.0587497
0.0464854
0.0339856
0.0214099
0.00896734
-0.00306089
-0.0143069
-0.0243282
-0.0326473
-0.0388286
-0.0426002
-0.0440192
-0.0436669
-0.0423649
-0.0402849
-0.0375292
-0.0342733
-0.0307278
-0.0271699
-0.0239488
-0.0215002
-0.0203303
-0.0209773
-0.0239314
-0.0295081
-0.0376756
-0.0478449
-0.0591386
-0.0712608
-0.0839058
-0.0966124
-0.10881
-0.119817
-0.128882
-0.135254
-0.138298
-0.137677
-0.133586
-0.127028
-0.119362
-0.110921
-0.101862
-0.0923431
-0.0824385
-0.0721696
-0.0615123
-0.0504558
-0.0390454
-0.0274511
-0.0160102
-0.00527152
0.00400729
0.0108877
0.0143527
0.0134629
0.00761765
-0.00311796
-0.0176082
-0.0342155
-0.0525895
-0.0724863
-0.0934698
-0.114978
-0.136252
-0.156329
-0.174018
-0.187963
-0.196764
-0.1992
-0.194584
-0.183222
-0.166963
-0.148338
-0.127904
-0.105917
-0.0826943
-0.0584832
-0.0335307
-0.00811671
0.0173555
0.0422979
0.0658852
0.0870561
0.10458
0.117202
0.123894
0.124205
0.118752
0.10958
0.0987883
0.0872127
0.0756016
0.0647535
0.0553477
0.0478487
0.0423823
0.0385579
0.0355185
0.0330227
0.0309232
0.0290444
0.0272557
0.0254631
0.0236217
0.0217187
0.0197675
0.0177892
0.0158039
0.0138164
0.0118124
0.00975199
0.00757215
0.00519054
0.00251796
-0.000524908
-0.00398233
-0.00782699
-0.0119443
-0.016283
-0.020871
-0.0257375
-0.0308937
-0.036319
-0.0419388
-0.0476039
-0.0530697
-0.0579884
-0.0619147
-0.064338
-0.0647422
-0.0627089
-0.0580545
-0.0510292
-0.0424557
-0.0331362
-0.0232858
-0.0130324
-0.00248427
0.00831183
0.0193703
0.0307537
0.0425453
0.0548085
0.0675408
0.0806184
0.0938189
0.106934
0.119682
0.131692
0.142546
0.151822
0.159198
0.164534
0.167653
0.16816
0.165804
0.160661
0.153363
0.145097
0.136375
0.127319
0.117961
0.108191
0.0977586
0.0862864
0.0733327
0.0584776
0.0414597
0.0223288
0.0016625
-0.0193712
-0.0396874
-0.0581165
-0.0732958
-0.0838366
-0.0885663
-0.0868785
-0.0792057
-0.0673779
-0.053213
-0.0372029
-0.0197433
-0.00135105
0.0174169
0.0359232
0.0534508
0.0691867
0.0822635
0.0918358
0.0972405
0.0982148
0.0952259
0.0897001
0.0830395
0.0756809
0.0679205
0.0600197
0.0521114
0.0441856
0.0360737
0.0274669
0.0179493
0.00706408
-0.00560069
-0.0202863
-0.0369068
-0.0549104
-0.0735263
-0.0920011
-0.109327
-0.124223
-0.135263
-0.141032
-0.140423
-0.132998
-0.119549
-0.102328
-0.0830098
-0.0624037
-0.0414296
-0.0211668
-0.00276579
0.0126458
0.0240843
0.0309183
0.0330997
0.0316021
0.0283397
0.0238388
0.018435
0.012592
0.00676818
0.00145069
-0.00288375
-0.00577025
-0.00681
-0.00574312
-0.00255969
0.00230846
0.00801112
0.0143236
0.0210916
0.0280793
0.0350165
0.0415791
0.0474041
0.0520993
0.0552861
0.0566623
0.0561029
0.0537979
0.0503569
0.046374
0.0420186
0.0374017
0.0326295
0.0277702
0.022857
0.0178896
0.0128467
0.0077002
0.00243312
-0.00294273
-0.0083703
-0.0137343
-0.0188542
-0.0234867
-0.0273428
-0.0301213
-0.0315638
-0.031534
-0.0301278
-0.0277574
-0.0248333
-0.0214687
-0.0177622
-0.0138503
-0.00988973
-0.00606727
-0.00259691
0.000280289
0.00231598
0.00328237
0.00303046
0.00155429
-0.000884291
-0.0037776
-0.00701667
-0.0105571
-0.014326
-0.0182546
-0.0222596
-0.0262433
-0.0300784
-0.0336071
-0.0366403
-0.0389768
-0.040429
-0.0408763
-0.0403293
-0.0390137
-0.0372621
-0.0351732
-0.0328424
-0.0304222
-0.0281042
-0.0261256
-0.0247537
-0.0242684
-0.0249194
-0.0268666
-0.0300938
-0.0343095
-0.0390686
-0.0441851
-0.0494504
-0.0545663
-0.0591732
-0.0628585
-0.0651973
-0.0658033
-0.0644254
-0.0610539
-0.0561198
-0.0504565
-0.0442415
-0.0375389
-0.0304446
-0.0230332
-0.0153862
-0.00759976
0.000185576
0.00778246
0.0149526
0.0213975
0.0267746
0.0307389
0.0330178
0.0335052
0.0324283
0.0303599
0.0274378
0.0235866
0.0187486
0.0129086
0.00614679
-0.0012886
-0.00894554
-0.0164027
-0.0231939
-0.0287576
-0.0324896
-0.0338255
-0.0323781
-0.0280993
-0.0215447
-0.0138968
-0.00577516
0.00246378
0.0104433
0.0178273
0.024373
0.0299924
0.0348374
0.0392786
0.0434085
0.0472823
0.0509751
0.0545498
0.0580618
0.0615543
0.0650668
0.0686392
0.0723073
0.076022
0.0796579
0.0830222
0.085853
0.0878313
0.0886098
0.0878683
0.0853959
0.0812135
0.0756677
0.0690736
0.0613889
0.0525662
0.0426533
0.0318238
0.0204746
0.00920497
-0.00166867
-0.0118881
-0.0212193
-0.029533
-0.0368577
-0.0434892
-0.0499496
-0.0563639
-0.0627417
-0.0690345
-0.0750777
-0.0805909
-0.0851766
-0.0883602
-0.089648
-0.0886326
-0.0851263
-0.0793556
-0.0720936
-0.0640942
-0.055548
-0.0465662
-0.0372484
-0.027648
-0.0177805
-0.0076417
0.00276229
0.0133763
0.0240619
0.0345639
0.0444933
0.0533291
0.0604542
0.0652264
0.0671009
0.0658
0.0615562
0.0552905
0.0479475
0.0398649
0.031367
0.0228574
0.014763
0.00752055
0.00153503
-0.00286481
-0.00550803
-0.00648071
-0.00625288
-0.00546363
-0.00428114
-0.00279519
-0.00110427
0.000724276
0.00264056
0.00461102
0.00659958
0.00855699
0.0104056
0.0120344
0.0132979
0.0140284
0.0140572
0.0132545
0.0115781
0.00915043
0.00628538
0.00318851
-9.15649e-05
-0.00352527
-0.00709474
-0.0107981
-0.0146449
-0.0186446
-0.0227911
-0.0270435
-0.0313091
-0.0354274
-0.0391637
-0.0422132
-0.0442241
-0.0448403
-0.0437761
-0.0409135
-0.0364537
-0.0309755
-0.024852
-0.0181696
-0.0110113
-0.00348824
0.00425857
0.0120414
0.0196099
0.0266408
0.0327404
0.0374734
0.0404159
0.0412528
0.039898
0.0366959
0.0324494
0.0275555
0.0222462
0.0168258
0.0116492
0.00711191
0.00361691
0.00153888
0.00115278
0.00254885
0.0054893
0.00936049
0.013736
0.018464
0.0234057
0.0284193
0.0333753
0.0381589
0.0426705
0.0468302
0.0505848
0.0539275
0.0569102
0.0595398
0.0616869
0.0631844
0.0638651
0.0635979
0.0623428
0.0602357
0.0576204
0.0547304
0.0516397
0.0484121
0.0451077
0.0417739
0.0384412
0.0351246
0.0318226
0.0285225
0.0251996
0.0218232
0.0183577
0.0147698
0.0110311
0.00712893
0.00307207
-0.00109056
-0.00527979
-0.00947396
-0.0136689
-0.0178666
-0.0220844
-0.0263507
-0.0307043
-0.0351841
-0.0398215
-0.0446236
-0.0495584
-0.0545367
-0.0594001
-0.0639123
-0.0677647
-0.0705965
-0.0720388
-0.0717872
-0.0697006
-0.0659541
-0.0611024
-0.0555169
-0.0493138
-0.0426407
-0.0357112
-0.0288078
-0.0222887
-0.0165872
-0.0121901
-0.00959043
-0.00920176
-0.0112342
-0.0155161
-0.0213554
-0.0280021
-0.035084
-0.0421774
-0.0487435
-0.0541797
-0.0578647
-0.0592356
-0.0579071
-0.0538172
-0.0474745
-0.0399678
-0.0317762
-0.0230682
-0.0140053
-0.00470701
0.00474361
0.0143031
0.0239415
0.033623
0.0432329
0.052524
0.061126
0.0685617
0.0742796
0.0777301
0.0784848
0.0763979
0.0718479
0.0658267
0.0589969
0.0515459
0.0436193
0.0353457
0.0268166
0.0180897
0.00920673
0.000216729
-0.00879526
-0.0176874
-0.0262425
-0.0341678
-0.0411076
-0.0466861
-0.05057
-0.0525721
-0.0527755
-0.0516867
-0.0500036
-0.047905
-0.0454887
-0.0428637
-0.0401009
-0.0372418
-0.0342942
-0.0312501
-0.0280972
-0.0248411
-0.0215217
-0.0182308
-0.0151219
-0.012413
-0.0103756
-0.00930789
-0.00949016
-0.0111096
-0.0141755
-0.0183697
-0.0230673
-0.0280986
-0.0333555
-0.0386902
-0.0439605
-0.0490231
-0.0537514
-0.0580434
-0.0618347
-0.0649817
-0.0671721
-0.0680401
-0.0672353
-0.0645037
-0.0598026
-0.0534809
-0.0463086
-0.0387033
-0.030945
-0.0233733
-0.0163583
-0.0102677
-0.00541947
-0.00201329
-5.49407e-05
0.00078322
0.00112861
0.00114249
0.000901404
0.000494996
-2.24244e-05
-0.000618551
-0.00128868
-0.00203608
-0.00286327
-0.00374955
-0.00464032
-0.00543103
-0.00596612
-0.00603908
-0.00541449
-0.00385657
-0.0011898
0.0026389
0.00743963
0.0127873
0.0185608
0.0246452
0.0308422
0.0368955
0.0424808
0.0472267
0.0507385
0.0526524
0.0527201
0.0509137
0.0476084
0.0435595
0.0389627
0.0339476
0.0287109
0.0234674
0.0184646
0.0139675
0.0102547
0.00758793
0.00617272
0.00608992
0.00720363
0.0090908
0.011345
0.0138603
0.0165777
0.0194458
0.0224406
0.0255574
0.0288034
0.0321797
0.0356637
0.0391894
0.0426314
0.0457943
0.0484144
0.0501751
0.0507428
0.049827
0.0472685
0.0431628
0.0379549
0.0320841
0.0256543
0.0187568
0.0115359
0.00417712
-0.00307461
-0.00991137
-0.01596
-0.0208035
-0.0240227
-0.0252751
-0.0244037
-0.0215955
-0.0174982
-0.0127658
-0.00762925
-0.00229131
0.00301412
0.00806351
0.0126529
0.0166239
0.0198854
0.0224608
0.0244973
0.0260438
0.0270187
0.0273271
0.0268904
0.0256802
0.0237727
0.0213899
0.0187049
0.0156621
0.0121461
0.00802028
0.00313667
-0.00261996
-0.00928323
-0.0167144
-0.0245986
-0.0328269
-0.0412717
-0.0497205
-0.0578905
-0.0654273
-0.0719288
-0.0769841
-0.0802413
-0.0815073
-0.0808779
-0.0788897
-0.0762862
-0.0732898
-0.0700495
-0.0667285
-0.0634488
-0.0602875
-0.0572589
-0.0543108
-0.0513243
-0.0481558
-0.0446554
-0.0406735
-0.0360899
-0.0308516
-0.0250292
-0.0188384
-0.0124612
-0.00602112
0.000326834
0.0063962
0.011984
0.0168932
0.0209723
0.0241314
0.0261758
0.0269629
0.0264914
0.0250113
0.023009
0.0205881
0.0178002
0.0147409
0.0115277
0.00832299
0.00533767
0.00284145
0.00115423
0.000622899
0.00157424
0.00423408
0.00862963
0.0144136
0.0208899
0.0279344
0.0355105
0.0435336
0.0519057
0.0604838
0.0690685
0.077375
0.0850275
0.0915609
0.0964568
0.0992056
0.0994201
0.0969775
0.0922462
0.0861629
0.0793502
0.071973
0.0641447
0.0559464
0.0474103
0.03852
0.0292354
0.0195203
0.00938723
-0.00106207
-0.0115883
-0.0218812
-0.0317572
-0.0410708
-0.0497253
-0.0577304
-0.0652738
-0.0727022
-0.080071
-0.0873522
-0.0944726
-0.101281
-0.10755
-0.112987
-0.117269
-0.120094
-0.121274
-0.120829
-0.119156
-0.116998
-0.11454
-0.111852
-0.108995
-0.105954
-0.102645
-0.0988992
-0.094489
-0.0891511
-0.0826447
-0.0748161
-0.0657038
-0.0556057
-0.0447866
-0.033197
-0.0207553
-0.0074072
0.00684601
0.0218875
0.0374328
0.0532228
0.0691927
0.0853016
0.101488
0.117691
0.133817
0.149615
0.164688
0.178538
0.190599
0.200313
0.207246
0.211256
0.212733
0.212697
0.211837
0.210371
0.208483
0.20634
0.204071
0.201758
0.199445
0.197147
0.194864
0.192591
0.190327
0.188085
0.185886
0.183763
0.181749
0.179869
0.178124
0.176465
0.174787
0.172906
0.170563
0.167425
0.163115
0.157263
0.149594
0.140037
0.128879
0.116551
0.103
0.0881344
0.0719774
0.0546915
0.0366766
0.0186437
0.00146044
-0.0143457
-0.0283766
-0.0404227
-0.0506516
-0.0596673
-0.0678071
-0.0750376
-0.0812875
-0.0864908
-0.0906074
-0.0936813
-0.095934
-0.0977802
-0.0993907
-0.100817
-0.10211
-0.103311
-0.104452
-0.10556
-0.106654
-0.107754
-0.10888
-0.110057
-0.111314
-0.11268
-0.114182
-0.115838
-0.117642
-0.119557
-0.12151
-0.123493
-0.125513
-0.12758
-0.129709
-0.13192
-0.134229
-0.13664
-0.139136
-0.141666
-0.144137
-0.146402
-0.148268
-0.149501
-0.14985
-0.14909
-0.14708
-0.143862
-0.1397
-0.134712
-0.128832
-0.122023
-0.114329
-0.105943
-0.0971976
-0.0881927
-0.0790017
-0.0697344
-0.0605267
-0.0515479
-0.0429966
-0.0350919
-0.0280532
-0.0220584
-0.0171863
-0.0133334
-0.0101572
-0.00734142
-0.00485056
-0.0027053
-0.000946444
0.000355465
0.0011175
0.0012708
0.00079955
-0.000201555
-0.00150669
-0.00298348
-0.00462962
-0.00647309
-0.00856717
-0.0109926
-0.0138489
-0.0172322
-0.0212068
-0.025751
-0.0307481
-0.0362148
-0.0422233
-0.048815
-0.055978
-0.0636083
-0.0714756
-0.079163
-0.0861125
-0.0920883
-0.0970322
-0.101119
-0.104783
-0.108185
-0.11134
-0.114249
-0.116873
-0.119138
-0.120931
-0.122127
-0.122623
-0.122378
-0.121485
-0.120193
-0.118638
-0.116798
-0.11462
-0.112026
-0.108927
-0.105229
-0.100875
-0.0958771
-0.0903866
-0.0846879
-0.0788789
-0.0729407
-0.0668176
-0.0603987
-0.0535266
-0.0460047
-0.0376323
-0.0282433
-0.0177745
-0.00634388
0.0056799
0.0179293
0.0302594
0.0425556
0.0547069
0.0666423
0.078337
0.0898328
0.101241
0.112748
0.124485
0.136407
0.148335
0.159944
0.170741
0.180084
0.187229
0.191433
0.192106
0.189024
0.182617
0.174179
0.165031
0.155718
0.146691
0.138365
0.130997
0.1246
0.118885
0.113551
0.108561
0.103936
0.0997276
0.096044
0.0930341
0.0908648
0.0896632
0.0894555
0.0900607
0.0910812
0.092353
0.0938287
0.0954604
0.0972144
0.0990702
0.101025
0.103082
0.105245
0.107504
0.109821
0.11212
0.114275
0.116112
0.117411
0.117926
0.117416
0.115701
0.112722
0.108643
0.103913
0.0989246
0.0937007
0.0881444
0.0820712
0.0751934
0.067139
0.0575066
0.045949
0.0323009
0.016731
-7.71775e-05
-0.0171919
-0.0342496
-0.0509906
-0.0671484
-0.0822972
-0.0959387
-0.107636
-0.11712
-0.124339
-0.129001
-0.130835
-0.129858
-0.126614
-0.122194
-0.117161
-0.111839
-0.106595
-0.101804
-0.0978212
-0.094944
-0.0933559
-0.0930621
-0.0937713
-0.0949257
-0.0964049
-0.0981722
-0.100184
-0.102423
-0.104877
-0.107527
-0.110322
-0.11315
-0.115816
-0.118031
-0.119407
-0.11949
-0.117806
-0.113954
-0.107732
-0.0993184
-0.0893981
-0.078649
-0.0672391
-0.0552943
-0.0429734
-0.0304447
-0.017896
-0.00554491
0.00635425
0.0175077
0.0276061
0.0363579
0.0435615
0.049188
0.0535313
0.0572153
0.0605191
0.0635466
0.0664046
0.0691768
0.0719237
0.0746718
0.0774235
0.0801579
0.0828444
0.0854481
0.0879464
0.0903376
0.092655
0.0949746
0.0974232
0.100176
0.103446
0.107459
0.112412
0.118415
0.12539
0.133059
0.141342
0.150097
0.159034
0.167708
0.175505
0.181663
0.185324
0.185636
0.181922
0.173912
0.162062
0.147792
0.132521
0.116755
0.100876
0.0852282
0.0700081
0.0552093
0.0406211
0.0261441
0.0116553
-0.00299108
-0.0179177
-0.0331845
-0.0487553
-0.0644631
-0.079977
-0.0947578
-0.108099
-0.119175
-0.127143
-0.131293
-0.131282
-0.127408
-0.120943
-0.113624
-0.1061
-0.0988472
-0.092317
-0.0867584
-0.0821246
-0.078046
-0.0743581
-0.0709775
-0.0677965
-0.0647074
-0.0616211
-0.0584786
-0.0552555
-0.0519627
-0.0486435
-0.0453732
-0.0422823
-0.0395343
-0.0373077
-0.0357732
-0.0350545
-0.0351852
-0.0360692
-0.0374579
-0.0391667
-0.0411032
-0.0431521
-0.0451631
-0.0469561
-0.0483262
-0.0490575
-0.0489467
-0.0478436
-0.0457043
-0.0426751
-0.0391222
-0.0352903
-0.0312492
-0.0270472
-0.0227204
-0.0182816
-0.0137236
-0.00902465
-0.00416046
0.00088249
0.00608722
0.0113942
0.0167459
0.0221334
0.0275546
0.0330094
0.0385007
0.0440345
0.0496169
0.0552471
0.0608806
0.0664191
0.0717143
0.0765725
0.0807638
0.0840508
0.0862281
0.0871873
0.0869959
0.0859922
0.0846225
0.0829572
0.0809802
0.07865
0.0758713
0.0725146
0.0684377
0.0635339
0.0577911
0.0513671
0.0445127
0.0373044
0.0298395
0.0222893
0.0148923
0.00795625
0.00184546
-0.00305144
-0.00641152
-0.00806964
-0.00813185
-0.00707032
-0.00537215
-0.00321198
-0.000770938
0.00170766
0.00394189
0.00561415
0.00639193
0.00595693
0.0040606
0.000598154
-0.00427811
-0.0100801
-0.0163386
-0.0229395
-0.0298225
-0.0369339
-0.0442443
-0.0517392
-0.0594034
-0.0671996
-0.0750449
-0.0827912
-0.0902115
-0.097
-0.102788
-0.107185
-0.109846
-0.110574
-0.109449
-0.106979
-0.103874
-0.100317
-0.0964208
-0.0923122
-0.0880896
-0.083827
-0.0795666
-0.075329
-0.0711169
-0.0669245
-0.0627427
-0.0585637
-0.0543835
-0.0502028
-0.0460212
-0.0418362
-0.0376425
-0.0334293
-0.0291827
-0.0248831
-0.0205115
-0.0160534
-0.0115081
-0.00689515
-0.00226513
0.00229419
0.00665223
0.0106403
0.0140613
0.0167137
0.0184294
0.0191284
0.0188943
0.0180315
0.0168328
0.0153675
0.0136767
0.0118085
0.00980506
0.00771238
0.00558639
0.00350544
0.00157717
-5.62489e-05
-0.00122352
-0.00173945
-0.00143487
-0.000202945
0.00193792
0.00476975
0.00798065
0.0115052
0.0153002
0.0192907
0.0233815
0.0274462
0.0313238
0.0348157
0.0376931
0.0397181
0.0406798
0.0404539
0.0390795
0.036853
0.0341884
0.0311841
0.0279004
0.0244244
0.0208481
0.0172797
0.013843
0.010684
0.00796565
0.00585676
0.00450654
0.00400423
0.00432373
0.00525756
0.00651321
0.00801865
0.00972352
0.0115524
0.0134196
0.0152213
0.0168383
0.0181355
0.0189719
0.0192161
0.0187775
0.0176424
0.015939
0.0139403
0.0117688
0.00947165
0.00709694
0.00468421
0.00226338
-0.00014955
-0.00254898
-0.0049411
-0.00733957
-0.00976459
-0.012239
-0.0147866
-0.0174267
-0.020171
-0.0230162
-0.0259365
-0.0288852
-0.0318437
-0.0347982
-0.0377358
-0.0406487
-0.0435361
-0.0464057
-0.0492752
-0.052171
-0.0551258
-0.0581737
-0.0613436
-0.0646484
-0.0680748
-0.0715702
-0.0750326
-0.0783027
-0.0811651
-0.0833578
-0.0845994
-0.0846304
-0.0832832
-0.0805615
-0.0767792
-0.0725353
-0.0679731
-0.0631545
-0.0581516
-0.0530018
-0.0477166
-0.0422778
-0.0366518
-0.0308043
-0.0247221
-0.01844
-0.0120479
-0.00559732
0.000871983
0.00730553
0.0136444
0.0198293
0.0258133
0.0315728
0.0371276
0.0425472
0.0478958
0.05322
0.0585779
0.0640325
0.0696433
0.0754514
0.0814655
0.0876425
0.0938709
0.0999535
0.105604
0.110451
0.114065
0.116007
0.115915
0.113619
0.109308
0.103648
0.0972842
0.0903803
0.0830379
0.0753675
0.0674573
0.0593876
0.0512389
0.0431162
0.0351617
0.0275693
0.0205828
0.0144812
0.00954238
0.00598273
0.0038755
0.00302776
0.0029323
0.00324592
0.00386161
0.00468926
0.00564339
0.00665779
0.0076875
0.00870808
0.00971018
0.010695
0.0116693
0.0126413
0.0136177
0.0146023
0.0155954
0.0165944
0.0175946
0.0185908
0.0195792
0.0205585
0.0215313
0.022505
0.0234911
0.0245044
0.0255601
0.0266707
0.0278404
0.0290596
0.0302993
0.0315059
0.0325984
0.0334698
0.0339933
0.0340374
0.0334891
0.0322893
0.0304803
0.0282435
0.0257597
0.0230801
0.0202499
0.0173324
0.014402
0.0115484
0.00887412
0.00649477
0.004528
0.00308068
0.00221887
0.00193793
0.00210213
0.00245772
0.00295084
0.0035665
0.00428494
0.00509966
0.00600739
0.00700694
0.00808638
0.00921522
0.0103323
0.01134
0.012101
0.0124454
0.0121844
0.01114
0.00918808
0.00631411
0.00269813
-0.00127513
-0.00540061
-0.00955368
-0.0136007
-0.0174181
-0.0209089
-0.0240262
-0.0267955
-0.0293401
-0.031824
-0.0342938
-0.0367606
-0.0392094
-0.0415814
-0.0437724
-0.0456333
-0.0469854
-0.0476427
-0.0474526
-0.0463467
-0.0444193
-0.0419585
-0.039169
-0.0361344
-0.0329542
-0.0297552
-0.0266856
-0.0239104
-0.0216017
-0.0199222
-0.0189964
-0.0188701
-0.0194474
-0.0204671
-0.0217505
-0.0232364
-0.0248626
-0.0265545
-0.0282283
-0.0297905
-0.0311376
-0.0321601
-0.032752
-0.0328294
-0.0323569
-0.0313881
-0.0300945
-0.0286373
-0.027049
-0.0253414
-0.0235262
-0.0216085
-0.0195952
-0.0175011
-0.0153611
-0.013238
-0.0112304
-0.00947341
-0.00813342
-0.00738882
-0.00740045
-0.00826496
-0.00995139
-0.0122473
-0.0149041
-0.0177716
-0.0206515
-0.023269
-0.0252926
-0.0263528
-0.0260876
-0.0242021
-0.0205652
-0.0153237
-0.00904078
-0.00247631
0.00407217
0.0103876
0.0162771
0.0216526
0.0265844
0.0312968
0.0358232
0.0401731
0.0443627
0.0483947
0.0522573
0.0559287
0.0593866
0.062625
0.0656748
0.0686207
0.071536
0.0744229
0.0772615
0.0800166
0.082631
0.0850289
0.087122
0.0888228
0.0900647
0.0908297
0.0911838
0.0913026
0.0913558
0.0913962
0.091446
0.0915009
0.0915139
0.0913889
0.0909812
0.0901034
0.0885471
0.0861121
0.0826614
0.0781747
0.0728561
0.0671138
0.0610195
0.054585
0.0478409
0.0408101
0.0335295
0.0260621
0.0185026
0.0108468
0.0030696
-0.00485465
-0.0129448
-0.0212041
-0.0296011
-0.038065
-0.0464653
-0.0546174
-0.0623347
-0.0694272
-0.0757198
-0.0811062
-0.0855962
-0.0894133
-0.0929712
-0.0963813
-0.0996916
-0.102946
-0.106146
-0.109247
-0.112158
-0.114743
-0.116842
-0.118291
-0.118963
-0.118815
-0.117961
-0.116691
-0.115205
-0.113572
-0.11184
-0.110051
-0.108218
-0.10633
-0.104349
-0.102216
-0.099862
-0.097219
-0.0942441
-0.0909409
-0.0873885
-0.0837041
-0.0799275
-0.0760946
-0.0722555
-0.0684627
-0.0647725
-0.0612368
-0.0578999
-0.0547856
-0.0518885
-0.0491511
-0.0464728
-0.0438216
-0.0411815
-0.0385383
-0.0358912
-0.0332509
-0.0306451
-0.0281145
-0.0257133
-0.0234993
-0.0215281
-0.0198359
-0.0184253
-0.0172351
-0.0161461
-0.0151276
-0.0141651
-0.0132373
-0.0123288
-0.0114262
-0.0105221
-0.00961081
-0.00869092
-0.00776153
-0.00682488
-0.00588275
-0.00493946
-0.00399987
-0.00307208
-0.002165
-0.00129005
-0.00045779
0.000321281
0.00104466
0.00171727
0.00234096
0.00291319
0.00343937
0.00393508
0.00443132
0.00497461
0.00563077
0.00648027
0.00761332
0.00911613
0.0110537
0.013443
0.0162173
0.0192093
0.02231
0.0254903
0.0287358
0.0320419
0.0354214
0.0389013
0.0425198
0.0463157
0.0503189
0.0545333
0.0589186
0.06338
0.0678314
0.0722044
0.0764267
0.0804255
0.0841456
0.0875637
0.0907103
0.0936902
0.096643
0.0996222
0.102658
0.105762
0.10891
0.11203
0.115001
0.11765
0.119761
0.121103
0.121459
0.120686
0.118785
0.116007
0.112842
0.109419
0.105807
0.102093
0.0983394
0.0945901
0.0908568
0.0871271
0.0833608
0.0794995
0.0754684
0.0711895
0.0665905
0.0616283
0.0563019
0.0506938
0.0449548
0.039094
0.0330778
0.0268592
0.0203642
0.0135075
0.00619892
-0.00162462
-0.00996984
-0.0187404
-0.0278091
-0.0372183
-0.047045
-0.0573525
-0.0681853
-0.07953
-0.091268
-0.103167
-0.115114
-0.126981
-0.138589
-0.149726
-0.160162
-0.169695
-0.178142
-0.185014
-0.189749
-0.191835
-0.190944
-0.187101
-0.180977
-0.173845
-0.166012
-0.157625
-0.14887
-0.139878
-0.130753
-0.121552
-0.112316
-0.103075
-0.0938748
-0.0847863
-0.0759134
-0.0673932
-0.0593844
-0.0520462
-0.0454945
-0.0397564
-0.0346904
-0.0299797
-0.0254867
-0.0211614
-0.0169499
-0.0128072
-0.00869564
-0.00459137
-0.000480026
0.00364247
0.00777634
0.0119176
0.0160628
0.0202063
0.0243468
0.0284828
0.0326153
0.0367449
0.0408736
0.0450022
0.0491317
0.0532601
0.0573862
0.0615076
0.0656229
0.0697316
0.0738376
0.077949
0.0820812
0.0862532
0.0904914
0.0948224
0.0992675
0.103834
0.108536
0.113403
0.118456
0.123685
0.12904
0.134411
0.139622
0.144419
0.148488
0.151469
0.15301
0.152839
0.150865
0.147327
0.14285
0.137862
0.1325
0.126883
0.121117
0.115289
0.109454
0.10364
0.0978551
0.0920931
0.0863393
0.0805772
0.0747913
0.0689755
0.063129
0.0572631
0.0513994
0.0455723
0.0398259
0.034213
0.0287889
0.0236063
0.0186996
0.0140715
0.00967105
0.00544103
0.00144014
-0.00223279
-0.00546649
-0.00814197
-0.0101668
-0.0115072
-0.01225
-0.0126225
-0.0127753
-0.0127488
-0.012581
-0.012314
-0.011995
-0.0116756
-0.0114171
-0.0112904
-0.0113777
-0.0117641
-0.012529
-0.0137217
-0.0153421
-0.017294
-0.0193936
-0.0215936
-0.0238697
-0.0261892
-0.028527
-0.0308608
-0.0331779
-0.0354706
-0.0377395
-0.03999
-0.0422348
-0.044491
-0.0467804
-0.0491243
-0.0515433
-0.0540491
-0.0566399
-0.059291
-0.0619497
-0.0645282
-0.0669032
-0.0689183
-0.0703986
-0.0711717
-0.0711063
-0.0701599
-0.0684524
-0.0662927
-0.0638932
-0.0613245
-0.0586455
-0.0559085
-0.0531503
-0.0503892
-0.047627
-0.0448516
-0.0420429
-0.0391793
-0.036245
-0.0332378
-0.0301771
-0.027111
-0.0241202
-0.0213187
-0.0188496
-0.0168701
-0.0155304
-0.0149353
-0.0151017
-0.0158816
-0.016971
-0.0182839
-0.0197549
-0.0212853
-0.0227653
-0.0240697
-0.025069
-0.0256368
-0.0256694
-0.0251114
-0.0239931
-0.0224734
-0.0207697
-0.0189441
-0.0170352
-0.0150855
-0.0131259
-0.0111774
-0.00924771
-0.00733471
-0.00542612
-0.00350356
-0.0015449
0.000470706
0.00255881
0.00472301
0.0069491
0.00919777
0.0114007
0.0134574
0.0152377
0.0165907
0.0173633
0.0174305
0.0167362
0.015356
0.0135237
0.0113971
0.00902815
0.00647987
0.00383999
0.00122066
-0.00123851
-0.00337142
-0.00499195
-0.00591163
-0.00596902
-0.00507726
-0.00328466
-0.00084846
0.00188376
0.0048337
0.00797014
0.0112591
0.0146845
0.0182373
0.0219114
0.0256863
0.0295149
0.0333072
0.0369223
0.0401645
0.0427923
0.0445417
0.0451659
0.0445009
0.0425406
0.0395698
0.0361422
0.0323973
0.028408
0.0242703
0.0200587
0.0158348
0.0116351
0.00748102
0.00337404
-0.000695524
-0.00474973
-0.00881659
-0.0129305
-0.0171251
-0.0214308
-0.0258641
-0.0304226
-0.0350713
-0.0397355
-0.0442905
-0.0485611
-0.0523248
-0.0553304
-0.0573282
-0.0581244
-0.0576486
-0.056061
-0.0537907
-0.0511213
-0.0481289
-0.0448768
-0.0414308
-0.0378548
-0.0342164
-0.0305962
-0.0270977
-0.0238523
-0.0210191
-0.0187721
-0.0172782
-0.016653
-0.0169119
-0.0178792
-0.0191972
-0.0207662
-0.0225104
-0.0243142
-0.0260476
-0.0275609
-0.0286982
-0.029307
-0.029262
-0.0284971
-0.0270516
-0.0251224
-0.0229759
-0.0206767
-0.0182547
-0.0157391
-0.0131439
-0.0104727
-0.00772284
-0.00489484
-0.00200332
0.000912603
0.00378
0.0064866
0.00888162
0.0107849
0.0120074
0.0123841
0.0118233
0.0103699
0.00827893
0.00590056
0.00332906
0.000617389
-0.00217832
-0.00502462
-0.00790697
-0.010833
-0.0138233
-0.0169044
-0.0200954
-0.0233962
-0.0267723
-0.0301446
-0.0333796
-0.0362893
-0.0386381
-0.0401671
-0.0406292
-0.0398536
-0.0378168
-0.0347701
-0.0312248
-0.0273219
-0.0231622
-0.0188949
-0.014681
-0.0106992
-0.0071296
-0.0041457
-0.00188808
-0.000430188
0.000271052
0.000431418
0.000345706
9.71867e-05
-0.000263687
-0.000683092
-0.00112343
-0.00156118
-0.00199014
-0.00241764
-0.00286276
-0.00335105
-0.00391056
-0.00456506
-0.00532826
-0.00619299
-0.00712982
-0.00811881
-0.00912876
-0.0101098
-0.0109955
-0.0117047
-0.0121489
-0.0122425
-0.011923
-0.0111734
-0.0100619
-0.00874506
-0.00729332
-0.00573709
-0.00411503
-0.00246662
-0.000833301
0.000746324
0.00223769
0.00361698
0.00487615
0.00603273
0.00713678
0.00828083
0.00960233
0.0112825
0.0135331
0.0165726
0.0205837
0.0256573
0.0317089
0.0384196
0.0454244
0.0524969
0.059371
0.065723
0.0712083
0.0754997
0.0783513
0.0796788
0.079682
0.0788881
0.0776606
0.0761214
0.0743744
0.0725149
0.0706157
0.0687237
0.0668627
0.0650362
0.0632346
0.0614385
0.0596243
0.0577666
0.0558429
0.0538342
0.0517306
0.0495337
0.0472646
0.0449606
0.0426342
0.0402924
0.037944
0.0355945
0.0332489
0.0309098
0.0285801
0.0262612
0.0239549
0.0216624
0.0193852
0.0171227
0.0148725
0.0126284
0.0103863
0.00814699
0.00591378
0.00369002
0.00148083
-0.000710295
-0.00288075
-0.00503146
-0.00716705
-0.00929818
-0.0114406
-0.0136155
-0.0158454
-0.0181524
-0.0205501
-0.0230373
-0.0255891
-0.0281491
-0.0306225
-0.0328747
-0.0347345
-0.0360086
-0.0365062
-0.0360801
-0.0346802
-0.0324345
-0.0296796
-0.0266448
-0.0234029
-0.0200157
-0.0165414
-0.0130255
-0.0094998
-0.00598363
-0.00248684
0.000987074
0.00443729
0.00786572
0.0112754
0.0146717
0.018064
0.0214674
0.0249043
0.0284052
0.0320059
0.0357447
0.0396534
0.0437466
0.0480064
0.052391
0.056871
0.0613944
0.0658735
0.0701856
0.0741745
0.0776612
0.0804636
0.082429
0.0834816
0.0836819
0.0832968
0.0826819
0.0819281
0.0810693
0.0801215
0.0790526
0.0777855
0.0761959
0.0741332
0.0714378
0.0679849
0.0637289
0.058776
0.0534084
0.0478312
0.0421298
0.0363892
0.0306916
0.0251066
0.0196772
0.0144133
0.00927777
0.0042095
-0.000820938
-0.00583847
-0.0108737
-0.0159509
-0.0210875
-0.0262862
-0.0315346
-0.0367976
-0.0420186
-0.0471143
-0.0519833
-0.0565105
-0.060585
-0.0641211
-0.0670923
-0.0695754
-0.0717701
-0.0738168
-0.0757741
-0.0776934
-0.0796233
-0.0815972
-0.0836295
-0.0857093
-0.0877975
-0.0898235
-0.0916886
-0.0932693
-0.094431
-0.0950451
-0.0950216
-0.0943437
-0.0931286
-0.0916312
-0.0899733
-0.0882119
-0.086406
-0.0846061
-0.0828489
-0.0811492
-0.0794971
-0.0778547
-0.0761541
-0.0742986
-0.0721684
-0.0696312
-0.0665604
-0.0628646
-0.0585219
-0.0536418
-0.0484657
-0.0430957
-0.0375647
-0.0319102
-0.026167
-0.0203719
-0.0145627
-0.00878633
-0.00309904
0.00242984
0.00772258
0.0126991
0.0172946
0.0214791
0.0252902
0.0288534
0.0323011
0.0356895
0.0390716
0.0425034
0.0460324
0.0496876
0.0534694
0.057337
0.0612004
0.0649118
0.0682658
0.0710068
0.0728541
0.0735388
0.0728693
0.0708081
0.0676006
0.0637842
0.0595944
0.0551186
0.0504461
0.0456525
0.0407984
0.035926
0.0310655
0.0262395
0.0214701
0.0167824
0.0122054
0.00776955
0.00350008
-0.000592458
-0.00452972
-0.00837172
-0.0121667
-0.0159435
-0.0197368
-0.0235851
-0.027525
-0.0315822
-0.0357632
-0.0400433
-0.0443558
-0.0485828
-0.0525516
-0.0560375
-0.0587804
-0.0605151
-0.0610224
-0.0602001
-0.0581618
-0.0553102
-0.0520426
-0.0484741
-0.0446875
-0.040772
-0.0367994
-0.0328259
-0.0288893
-0.0250141
-0.0212119
-0.0174853
-0.0138268
-0.0102198
-0.00663405
-0.00302698
0.000644766
0.00440933
0.00828389
0.0122665
0.0163272
0.020397
0.0243626
0.0280624
0.0312925
0.033822
0.0354238
0.0359223
0.0352577
0.0335822
0.0312967
0.0286729
0.0257961
0.0227386
0.0195689
0.0163423
0.0130997
0.00987044
0.00667593
0.00353444
0.000463135
-0.00252019
-0.00539989
-0.00816594
-0.0108216
-0.0133912
-0.0159282
-0.018486
-0.0210906
-0.0237578
-0.0264911
-0.0292722
-0.032054
-0.0347545
-0.0372562
-0.0394091
-0.0410436
-0.041992
-0.0421254
-0.0414006
-0.0399317
-0.0380166
-0.0358529
-0.0334942
-0.0309806
-0.0283478
-0.0256219
-0.0228231
-0.0199723
-0.0171007
-0.0142579
-0.0115198
-0.00899015
-0.00679763
-0.00508229
-0.00397365
-0.00355417
-0.00381348
-0.00459103
-0.00565052
-0.00691814
-0.00832466
-0.00976763
-0.0111254
-0.0122555
-0.0130053
-0.0132227
-0.0127805
-0.0116102
-0.00974876
-0.00739232
-0.00480749
-0.00205741
0.000827881
0.00381725
0.00689253
0.0100428
0.0132609
0.0165339
0.0198342
0.0231103
0.0262802
0.0292302
0.031819
0.0338924
0.0353053
0.0359617
0.0358582
0.0351629
0.0342017
0.0330556
0.0317657
0.0303855
0.0289559
0.0275093
0.0260643
0.024631
0.0232104
0.0217998
0.0203934
0.0189855
0.0175711
0.0161471
0.0147123
0.0132679
0.0118165
0.0103624
0.00891056
0.00746627
0.00603395
0.0046165
0.00321428
0.00182436
0.000439956
-0.000949867
-0.0023595
-0.00380524
-0.00530251
-0.0068621
-0.008485
-0.0101568
-0.011842
-0.0134794
-0.01498
-0.0162294
-0.0170958
-0.0174455
-0.0171697
-0.0162198
-0.0146585
-0.0126956
-0.0105357
-0.00823394
-0.00582479
-0.0033404
-0.000800081
0.00178788
0.00442325
0.00710805
0.00983873
0.0125983
0.0153489
0.0180273
0.020543
0.0227818
0.0246163
0.0259247
0.0266202
0.026687
0.0262391
0.0255246
0.0246554
0.0236752
0.0226272
0.0215449
0.02045
0.0193489
0.0182358
0.0170949
0.0159067
0.0146534
0.0133271
0.0119374
0.0105188
0.00913693
0.00789168
0.00691501
0.00636255
0.00639495
0.00714874
0.00869374
0.0109743
0.0137648
0.0168395
0.0201321
0.023585
0.0271246
0.0306714
0.0341382
0.0374324
0.040458
0.0431238
0.0453556
0.047119
0.0484428
0.0494655
0.0504193
0.0513611
0.0522958
0.0532028
0.0540116
0.0546025
0.0548054
0.0544174
0.0532265
0.0510562
0.0478223
0.0436157
0.0387585
0.0335699
0.0281395
0.0225326
0.0168151
0.0110383
0.00523815
-0.000563759
-0.00635765
-0.0121396
-0.0179083
-0.0236592
-0.0293843
-0.0350691
-0.0406937
-0.0462321
-0.0516576
-0.0569437
-0.062072
-0.0670359
-0.0718534
-0.0765753
-0.0812296
-0.0856812
-0.089705
-0.0930059
-0.0952333
-0.0960253
-0.0950801
-0.092258
-0.0877233
-0.0820494
-0.0758064
-0.0691726
-0.0622869
-0.0553031
-0.0483522
-0.0415425
-0.0349471
-0.0286035
-0.0224983
-0.0165729
-0.0108095
-0.00525091
4.26932e-05
0.00500146
0.00956011
0.0136795
0.0173794
0.0207738
0.0240134
0.0271035
0.0300191
0.0327294
0.0351926
0.0373661
0.039222
0.0407657
0.0420691
0.0432672
0.0444007
0.045497
0.0465906
0.0477108
0.04888
0.0501071
0.0513837
0.0526781
0.0539335
0.0550656
0.0559654
0.0565069
0.0565629
0.0560285
0.0548559
0.0531013
0.0509596
0.048623
0.0461473
0.0435723
0.0409387
0.0382778
0.0356107
0.0329495
0.0302977
0.0276538
0.0250132
0.0223711
0.0197229
0.0170666
0.0144023
0.0117337
0.00906539
0.00640439
0.00375714
0.00112943
-0.00147659
-0.00406272
-0.00663736
-0.00921395
-0.0118133
-0.0144596
-0.0171779
-0.0199875
-0.0228959
-0.0258886
-0.0289217
-0.0319123
-0.0347356
-0.037225
-0.0391828
-0.040401
-0.0406968
-0.0399661
-0.0382509
-0.0358198
-0.0330463
-0.0300321
-0.026841
-0.0235477
-0.020212
-0.016881
-0.0135834
-0.0103338
-0.00713127
-0.00396331
-0.000805929
0.00237268
0.00561069
0.00894678
0.0124146
0.0160324
0.0197934
0.0236522
0.0275139
0.0312245
0.0345694
0.0372809
0.0390622
0.0396266
0.0387659
0.0364314
0.0328705
0.0286387
0.0239876
0.0190265
0.0138821
0.0086843
0.00356179
-0.00136512
-0.00598695
-0.0102138
-0.0139901
-0.0173149
-0.020278
-0.0230603
-0.0257444
-0.0283608
-0.0309373
-0.033492
-0.0360357
-0.0385697
-0.0410903
-0.0435902
-0.0460642
-0.0485113
-0.0509383
-0.0533603
-0.0558024
-0.0582963
-0.0608765
-0.0635725
-0.0664
-0.0693487
-0.07237
-0.0753658
-0.0781815
-0.0806053
-0.0823782
-0.0832205
-0.0828719
-0.0811622
-0.0780877
-0.073952
-0.0693414
-0.0644139
-0.0592605
-0.0539995
-0.0487276
-0.0435274
-0.0384512
-0.0335261
-0.0287434
-0.0240594
-0.0194145
-0.0147981
-0.0102141
-0.00568132
-0.00123445
0.00307441
0.00718372
0.0110281
0.0145564
0.0177452
0.0206371
0.0233251
0.0257358
0.02774
0.0291923
0.029937
0.0298459
0.028861
0.0270661
0.0247338
0.0221312
0.0193321
0.0163884
0.0133549
0.0102751
0.00718209
0.00409721
0.00103311
-0.00200441
-0.00501403
-0.00799812
-0.0109623
-0.0139154
-0.0168708
-0.0198457
-0.0228614
-0.0259408
-0.0291044
-0.0323648
-0.0357191
-0.03914
-0.0425674
-0.0459018
-0.049002
-0.0516889
-0.0537605
-0.055017
-0.0553052
-0.0545725
-0.0529542
-0.0508033
-0.0483611
-0.045706
-0.0429051
-0.0400211
-0.0371036
-0.034185
-0.0312843
-0.0284065
-0.0255483
-0.0227
-0.0198493
-0.0169824
-0.0140875
-0.0111544
-0.00818055
-0.00516825
-0.00213028
0.000909871
0.00391496
0.00683608
0.00961272
0.0121802
0.0144761
0.0164577
0.018118
0.0195161
0.0207782
0.0219603
0.0230818
0.024162
0.025214
0.0262465
0.0272623
0.0282615
0.0292429
0.0302097
0.0311711
0.0321473
0.0331698
0.0342838
0.035545
0.0370147
0.03875
0.0407888
0.0431289
0.0457041
0.0484214
0.0512865
0.0543189
0.0575296
0.0609172
0.0644553
0.0680781
0.0716678
0.0750438
0.0779634
0.0801309
0.0812295
0.0809668
0.0791565
0.0758074
0.0712813
0.0662706
0.0610019
0.0556394
0.0503818
0.0453994
0.040824
0.0367128
0.0330208
0.0295867
0.0262847
0.0230495
0.0198198
0.0165397
0.0131721
0.00970549
0.00616306
0.0026075
-0.000855374
-0.00407848
-0.00687977
-0.00906045
-0.0104313
-0.0108587
-0.0103167
-0.00897702
-0.00721378
-0.00519456
-0.00298362
-0.000647193
0.00176032
0.00419658
0.0066367
0.00906725
0.0114861
0.0138957
0.0163014
0.0187065
0.0211122
0.0235149
0.0259077
0.0282792
0.0306174
0.032909
0.0351435
0.0373145
0.0394243
0.0414858
0.0435279
0.0455716
0.0475781
0.0494715
0.0511456
0.0524634
0.053272
0.053423
0.0528102
0.051414
0.0493747
0.0469975
0.0444154
0.041675
0.0388221
0.0358918
0.0329074
0.0298782
0.0268035
0.0236765
0.0204917
0.0172504
0.0139696
0.010682
0.00739522
0.00410104
0.000782649
-0.00258562
-0.00603631
-0.00960397
-0.013317
-0.0171861
-0.0211902
-0.0252617
-0.029275
-0.0330383
-0.0362958
-0.0387419
-0.0400567
-0.0399591
-0.038291
-0.0351217
-0.030872
-0.0261406
-0.0211538
-0.0161085
-0.011241
-0.00677473
-0.00290482
0.000244074
0.00265063
0.00446718
0.00600085
0.00733751
0.00852841
0.0096387
0.0107226
0.0118282
0.0129913
0.0142391
0.015586
0.0170344
0.0185682
0.0201494
0.0217111
0.0231646
0.0244047
0.0253128
0.0257689
0.0256768
0.0249944
0.0237836
0.0222306
0.0204865
0.0186463
0.01683
0.0151854
0.0138776
0.013071
0.0129078
0.0134689
0.0147341
0.0165099
0.018438
0.0203321
0.0220109
0.0232646
0.0238986
0.0237624
0.0228004
0.0211139
0.0189878
0.0166189
0.0140756
0.0114151
0.00869081
0.00594139
0.00319243
0.00045348
-0.00227625
-0.00500632
-0.00774973
-0.0105213
-0.0133327
-0.0161895
-0.0190881
-0.0220332
-0.0250375
-0.0281134
-0.0312675
-0.0344972
-0.0377836
-0.0410862
-0.0443355
-0.0474331
-0.0502509
-0.0526417
-0.0544552
-0.0555681
-0.0559234
-0.0555883
-0.0547941
-0.053769
-0.0525787
-0.0512699
-0.0498909
-0.0484787
-0.0470598
-0.0456487
-0.0442511
-0.0428662
-0.0414898
-0.0401158
-0.0387388
-0.0373544
-0.0359605
-0.0345566
-0.0331449
-0.0317287
-0.0303127
-0.0289019
-0.0275015
-0.0261154
-0.0247454
-0.0233904
-0.022046
-0.020703
-0.0193484
-0.0179654
-0.0165359
-0.0150432
-0.0134768
-0.0118375
-0.0101445
-0.00844115
-0.00679894
-0.00530508
-0.00406236
-0.00318173
-0.00276673
-0.00288599
-0.00354336
-0.00462226
-0.00589608
-0.00731769
-0.00887134
-0.0105331
-0.0122856
-0.0141106
-0.0159867
-0.0178807
-0.0197418
-0.0214953
-0.0230422
-0.024262
-0.0250263
-0.0252187
-0.0247689
-0.0236948
-0.0221554
-0.020373
-0.0183967
-0.0162533
-0.0139853
-0.0116382
-0.00926892
-0.00694599
-0.00475582
-0.00280085
-0.00119643
-5.65195e-05
0.000526288
0.000513319
-3.72126e-05
-0.000936554
-0.002001
-0.00317815
-0.00443456
-0.00573889
-0.00707332
-0.00843209
-0.00982157
-0.0112548
-0.0127462
-0.0143038
-0.0159216
-0.0175715
-0.019197
-0.0207095
-0.0219898
-0.0228946
-0.0232742
-0.0229985
-0.0219966
-0.0203112
-0.0181408
-0.0156942
-0.0130551
-0.0103159
-0.00760159
-0.00505827
-0.00285006
-0.00114347
-9.03856e-05
0.000208686
-0.000257448
-0.00133405
-0.00271422
-0.00432749
-0.00613734
-0.00808399
-0.0101038
-0.012118
-0.014035
-0.0157436
-0.0171179
-0.0180247
-0.0183424
-0.0179916
-0.0169736
-0.0154372
-0.0136686
-0.0117246
-0.00962209
-0.00738647
-0.00503532
-0.00258763
-6.75047e-05
0.00248418
0.00500146
0.00738572
0.00950419
0.0111948
0.012283
0.0126094
0.0120745
0.0106964
0.00867988
0.00632086
0.00370122
0.00088811
-0.00201888
-0.00490436
-0.00763234
-0.010053
-0.0120086
-0.0133514
-0.0139709
-0.0138332
-0.0130421
-0.0118605
-0.0104603
-0.00888425
-0.0071624
-0.00532134
-0.00338223
-0.00136607
0.000697784
0.00276239
0.00475401
0.0065674
0.0080656
0.00908991
0.00947836
0.00909999
0.00789914
0.00596569
0.00356242
0.000863191
-0.00208304
-0.00522365
-0.00848928
-0.0117948
-0.0150353
-0.0180838
-0.0207918
-0.0229985
-0.0245484
-0.0253239
-0.025288
-0.0245515
-0.0233981
-0.0220198
-0.0204772
-0.0188203
-0.0170961
-0.0153403
-0.0135772
-0.0118205
-0.0100763
-0.00834568
-0.0066275
-0.00491953
-0.00322042
-0.00152836
0.000158606
0.00184419
0.00353405
0.00523739
0.00696588
0.00873331
0.0105514
0.0124281
0.0143611
0.0163327
0.0183039
0.0202105
0.0219615
0.0234415
0.02452
0.0250685
0.024988
0.0242455
0.0229293
0.021269
0.0194137
0.0173978
0.0152433
0.0129687
0.0105865
0.00810838
0.00555435
0.00296266
0.000399781
-0.00203172
-0.00419181
-0.00590761
-0.00699125
-0.00726656
-0.00661761
-0.00504105
-0.00274237
-0.000119404
0.00272563
0.00573919
0.00885124
0.012008
0.015166
0.0183015
0.021404
0.0244793
0.027542
0.0306173
0.0337331
0.0369191
0.0401981
0.0435819
0.0470611
0.050599
0.0541223
0.0575178
0.0606319
0.0632781
0.0652553
0.0663775
0.0665228
0.0656891
0.0640936
0.0621556
0.0599811
0.0576249
0.0551573
0.0526314
0.0500893
0.0475543
0.0450385
0.042541
0.0400547
0.037566
0.0350602
0.0325207
0.0299326
0.0272839
0.0245699
0.0217956
0.0189703
0.0160855
0.0131329
0.0101097
0.00702384
0.00389901
0.000781828
-0.00225567
-0.00511344
-0.00766785
-0.00978188
-0.0113247
-0.0122028
-0.0123985
-0.0120325
-0.0113698
-0.0105278
-0.00955116
-0.00848595
-0.00737102
-0.00623665
-0.00510171
-0.00397611
-0.0028622
-0.00175792
-0.000658392
0.000441689
0.0015472
0.00266141
0.00378603
0.00492076
0.00606377
0.00721172
0.00836037
0.00950482
0.0106404
0.0117632
0.0128711
0.0139642
0.0150463
0.0161246
0.0172107
0.018319
0.0194657
0.0206659
0.0219289
0.0232539
0.0246241
0.0260006
0.0273189
0.0284873
0.0293892
0.0298931
0.0298689
0.0292175
0.0279047
0.0260182
0.0237872
0.0213686
0.0188127
0.0161628
0.0134587
0.0107321
0.00800317
0.00528316
0.00257512
-0.000122393
-0.00281461
-0.00550703
-0.0082055
-0.0109129
-0.0136314
-0.01636
-0.0190962
-0.0218345
-0.0245689
-0.0272922
-0.0299983
-0.0326816
-0.035341
-0.0379791
-0.0406049
-0.043233
-0.0458845
-0.0485838
-0.0513565
-0.0542218
-0.0571869
-0.0602374
-0.0633289
-0.0663779
-0.0692585
-0.0718033
-0.073813
-0.0750784
-0.0754156
-0.07472
-0.0730339
-0.0706279
-0.0678783
-0.0648903
-0.0617312
-0.0584808
-0.0552023
-0.0519456
-0.0487386
-0.0455911
-0.0424909
-0.0394074
-0.0362893
-0.0330708
-0.0296723
-0.0260118
-0.0220155
-0.0176392
-0.0128886
-0.00785598
-0.0027243
0.00236118
0.00726488
0.0118315
0.0159079
0.0193672
0.0221486
0.0243042
0.0260373
0.0275518
0.0289134
0.0301738
0.0313892
0.0326063
0.0338617
0.0351769
0.0365585
0.037994
0.0394514
0.0408762
0.0421922
0.0433025
0.0440977
0.0444675
0.0443227
0.0436224
0.0424165
0.040874
0.0391609
0.0373245
0.0353973
0.033413
0.0313977
0.0293708
0.0273451
0.0253298
0.0233323
0.0213609
0.019425
0.0175357
0.0157036
0.0139363
0.0122338
0.0105829
0.00895415
0.00732511
0.00568373
0.00402054
0.00233027
0.00061614
-0.00110802
-0.0028144
-0.00446014
-0.00598783
-0.00732933
-0.00841343
-0.00917803
-0.00958849
-0.00966133
-0.00949162
-0.00920984
-0.00884963
-0.00842918
-0.0079684
-0.00747999
-0.00697097
-0.00644285
-0.00589489
-0.00532668
-0.00474248
-0.00415419
-0.00358459
-0.00306835
-0.00265172
-0.00238909
-0.00233637
-0.00254
-0.00302178
-0.00375772
-0.00466274
-0.00565306
-0.00670498
-0.00780232
-0.00892836
-0.0100707
-0.0112209
-0.0123744
-0.0135294
-0.0146851
-0.0158398
-0.0169905
-0.018131
-0.0192524
-0.0203429
-0.0213901
-0.0223826
-0.0233143
-0.0241893
-0.0250245
-0.0258321
-0.0266178
-0.0273895
-0.0281581
-0.0289371
-0.0297409
-0.0305836
-0.0314758
-0.0324208
-0.0334105
-0.034421
-0.0354079
-0.0363048
-0.0370233
-0.0374589
-0.0375021
-0.0370569
-0.0360687
-0.0345611
-0.0326772
-0.0306153
-0.0284282
-0.0261481
-0.0238115
-0.0214466
-0.0190739
-0.0167056
-0.0143466
-0.0119968
-0.00965275
-0.00731053
-0.00496524
-0.00261341
-0.000252943
0.00211578
0.00449071
0.00686725
0.00923934
0.0115983
0.0139356
0.016242
0.0185108
0.0207381
0.0229283
0.0250933
0.0272419
0.0293759
0.0314989
0.0336146
0.0357281
0.037845
0.0399716
0.0421144
0.0442796
0.0464703
0.0486866
0.0509223
0.0531634
0.0553864
0.0575578
0.059635
0.0615696
0.063313
0.0648256
0.0660894
0.0671227
0.0680038
0.0688631
0.0697392
0.0706417
0.0715633
0.0724629
0.073263
0.0738464
0.0740635
0.0737452
0.0727291
0.0708974
0.0682266
0.0648637
0.0611335
0.0571786
0.0530529
0.0488113
0.0445
0.0401547
0.0357988
0.0314454
0.0271013
0.0227704
0.0184576
0.0141699
0.00991861
0.00571646
0.00157929
-0.00248305
-0.00646833
-0.0103905
-0.0142824
-0.0181788
-0.0220945
-0.0260397
-0.0300158
-0.0340129
-0.0380037
-0.0419424
-0.0457619
-0.0493794
-0.0527019
-0.055641
-0.0581319
-0.0601622
-0.061813
-0.0632623
-0.064587
-0.0658144
-0.066972
-0.0680833
-0.069166
-0.0702334
-0.0712951
-0.07236
-0.073438
-0.0745411
-0.0756834
-0.0768789
-0.0781374
-0.0794601
-0.0808327
-0.0822192
-0.0835564
-0.0847515
-0.0856839
-0.0862132
-0.0861971
-0.0855177
-0.0841212
-0.0820703
-0.0795852
-0.0768843
-0.0740359
-0.0710914
-0.0681048
-0.0651165
-0.0621531
-0.0592219
-0.0563119
-0.0533916
-0.0504121
-0.0473071
-0.0440019
-0.040419
-0.0364952
-0.0321992
-0.0275637
-0.0226955
-0.0176648
-0.0124892
-0.00719597
-0.00182554
0.0035618
0.00888413
0.0140336
0.0188806
0.0232812
0.0270956
0.0302161
0.0326089
0.0343724
0.0357612
0.0369467
0.0379831
0.0389138
0.03978
0.0406107
0.0414262
0.0422367
0.0430474
0.0438603
0.0446784
0.0455071
0.0463555
0.0472343
0.0481549
0.0491246
0.0501416
0.0511894
0.0522318
0.0532084
0.0540341
0.0546014
0.0547908
0.0544865
0.0536046
0.0521259
0.0501517
0.0479085
0.0454932
0.04294
0.0402869
0.0375693
0.0348214
0.0320759
0.0293666
0.0267302
0.0242075
0.0218414
0.019671
0.0177219
0.0159941
0.014439
0.0129627
0.0115427
0.0101674
0.00882013
0.00748594
0.00614996
0.00479941
0.0034233
0.00201401
0.000568468
-0.000909354
-0.00240543
-0.00389371
-0.00533398
-0.00667184
-0.00784098
-0.00876998
-0.00939246
-0.00966492
-0.00958639
-0.00923428
-0.00875851
-0.00819858
-0.00757672
-0.00692145
-0.00625566
-0.00559781
-0.00495845
-0.00434114
-0.00374099
-0.0031453
-0.00253322
-0.00187695
-0.0011434
-0.000298051
0.000689388
0.0018366
0.00313706
0.00455046
0.00602666
0.00752838
0.00900568
0.0103922
0.0116092
0.0125725
0.013203
0.0134452
0.0132882
0.0128027
0.0121429
0.0113778
0.0105345
0.00964099
0.00872116
0.00779416
0.00687256
0.00596362
0.00506953
0.00418879
0.00331688
0.00244618
0.00156648
0.000665127
-0.000272551
-0.00126232
-0.00231919
-0.00345427
-0.00467028
-0.0059557
-0.00728198
-0.00862997
-0.00999379
-0.0113691
-0.0127519
-0.0141399
-0.0155309
-0.0169243
-0.0183192
-0.0197146
-0.0211084
-0.0224982
-0.0238804
-0.0252516
-0.0266084
-0.0279494
-0.0292754
-0.0305915
-0.0319065
-0.0332343
-0.0345913
-0.0359945
-0.0374585
-0.0389901
-0.0405833
-0.0422124
-0.0438267
-0.0453465
-0.0466636
-0.0476455
-0.0481498
-0.0480441
-0.0472424
-0.0457436
-0.0437042
-0.0414242
-0.0389814
-0.0364161
-0.0337804
-0.0311111
-0.0284359
-0.025765
-0.0230977
-0.0204193
-0.0177079
-0.0149346
-0.0120714
-0.00909352
-0.00598905
-0.00276702
0.000536419
0.00389919
0.00731614
0.0107818
0.0142844
0.0178084
0.0213299
0.0248164
0.0282249
0.0315052
0.0346022
0.0374658
0.0400612
0.0423867
0.0444965
0.0465044
0.0484682
0.0504195
0.0523875
0.0543935
0.0564441
0.058527
0.060606
0.0626191
0.0644791
0.0660784
0.0672996
0.0680328
0.0682028
0.0678013
0.0669401
0.065853
0.0646494
0.0633735
0.0620636
0.0607404
0.0594031
0.0580233
0.0565471
0.0548977
0.0529862
0.0507228
0.0480389
0.0449117
0.0414025
0.0376686
0.0338196
0.029892
0.025916
0.0219148
0.0179012
0.0138745
0.00982528
0.0057346
0.00158287
-0.00264479
-0.00694896
-0.0113065
-0.0156597
-0.0199127
-0.0239295
-0.0275406
-0.030558
-0.0328016
-0.0341419
-0.0345533
-0.034199
-0.0334388
-0.0324324
-0.0312417
-0.0299313
-0.0285553
-0.0271566
-0.0257614
-0.0243831
-0.0230227
-0.0216737
-0.0203237
-0.018958
-0.0175618
-0.0161232
-0.0146361
-0.0130992
-0.0115111
-0.00987703
-0.00821309
-0.00654903
-0.00492982
-0.00341649
-0.00208355
-0.00101272
-0.000281814
5.37207e-05
-1.67116e-05
-0.000421526
-0.0010042
-0.00169646
-0.00247369
-0.00331039
-0.00418481
-0.00507868
-0.0059784
-0.00687235
-0.00774967
-0.00859783
-0.00940232
-0.0101464
-0.0108134
-0.0113896
-0.0118707
-0.0122692
-0.0126181
-0.0129376
-0.0132298
-0.0134956
-0.0137357
-0.0139515
-0.0141468
-0.0143291
-0.0145124
-0.014718
-0.0149755
-0.0153218
-0.0157969
-0.016438
-0.0172691
-0.0182875
-0.0194509
-0.0207102
-0.0220382
-0.0233955
-0.0247222
-0.0259396
-0.0269527
-0.0276574
-0.0279526
-0.0277622
-0.0270611
-0.0259186
-0.0245124
-0.0229643
-0.0213126
-0.0195891
-0.0178223
-0.0160335
-0.014235
-0.0124329
-0.0106283
-0.0088211
-0.00701172
-0.00520443
-0.00340828
-0.00163873
8.39e-05
0.00173545
0.00329236
0.00473629
0.00606247
0.00728997
0.00846353
0.00960152
0.0107103
0.0117967
0.0128675
0.0139285
0.0149855
0.0160438
0.0171094
0.0181881
0.0192857
0.0204071
0.0215541
0.0227239
0.0239066
0.0250832
0.0262239
0.0272884
0.0282275
0.0289882
0.0295214
0.0297951
0.0298093
0.0296224
0.0293467
0.0290131
0.0286394
0.0282476
0.0278544
0.0274717
0.027103
0.0267446
0.0263834
0.0259986
0.0255618
0.0250395
0.024397
0.0236045
0.0226448
0.0215252
0.020289
0.0189971
0.0176659
0.0163055
0.0149274
0.0135406
0.0121514
0.0107638
0.00937949
0.00799911
0.00662197
0.00524724
0.00387349
0.00250035
0.00112644
-0.00024922
-0.00162798
-0.00301098
-0.00439976
-0.00579546
-0.00719891
-0.00860925
-0.0100244
-0.0114395
-0.0128472
-0.0142366
-0.0155947
-0.0169063
-0.0181574
-0.0193368
-0.0204415
-0.0214825
-0.0224872
-0.0234744
-0.0244508
-0.0254219
-0.0263919
-0.0273623
-0.0283325
-0.0292994
-0.0302578
-0.0312017
-0.0321262
-0.0330289
-0.0339127
-0.0347878
-0.0356745
-0.0366041
-0.0376191
-0.0387701
-0.0401109
-0.0416877
-0.0435257
-0.0456051
-0.0478565
-0.0502608
-0.0528151
-0.0554985
-0.0582655
-0.0610382
-0.0637006
-0.0660959
-0.0680317
-0.0692949
-0.0696792
-0.0690319
-0.0673106
-0.0646752
-0.0615169
-0.0580953
-0.0544763
-0.0506952
-0.0467615
-0.04265
-0.0383016
-0.0336376
-0.0285759
-0.0230646
-0.0171098
-0.010827
-0.00444696
0.00186117
0.00795015
0.0136596
0.0188431
0.0233998
0.0273171
0.0307324
0.0339228
0.0369549
0.0398606
0.0426773
0.0454267
0.0481158
0.0507358
0.0532661
0.0556801
0.0579528
0.0600721
0.0620514
0.0639371
0.0657527
0.0674477
0.0689379
0.0701144
0.0708497
0.071015
0.0705103
0.0693027
0.0674872
0.0653083
0.0629317
0.0604092
0.0577844
0.055098
0.0523812
0.0496544
0.0469291
0.0442091
0.0414941
0.0387817
0.0360707
0.0333613
0.0306564
0.0279606
0.0252806
0.0226214
0.0199854
0.0173698
0.0147698
0.0121747
0.00956722
0.00692476
0.0042229
0.00143856
-0.00144192
-0.00441563
-0.00745292
-0.0104903
-0.0134231
-0.0161052
-0.0183531
-0.0199655
-0.0207499
-0.0205719
-0.0194106
-0.0174577
-0.0151079
-0.0124868
-0.00970129
-0.00690825
-0.00428396
-0.00202574
-0.000329943
0.000624757
0.000718904
-6.62741e-05
-0.00156829
-0.00344305
-0.00553185
-0.00777054
-0.0100949
-0.0124546
-0.0148138
-0.0171571
-0.0194846
-0.021812
-0.0241633
-0.0265674
-0.0290494
-0.0316256
-0.0342931
-0.0370238
-0.0397549
-0.0423863
-0.0447787
-0.0467603
-0.0481419
-0.0487441
-0.0484397
-0.0472059
-0.0452103
-0.0428163
-0.0401814
-0.0373587
-0.0344
-0.0313434
-0.0282148
-0.0250263
-0.021786
-0.0185035
-0.015202
-0.0119244
-0.00874188
-0.00575318
-0.00308233
-0.000864395
0.000773133
0.00174696
0.00205534
0.00184806
0.00141403
0.000825931
0.000119937
-0.000657968
-0.00147652
-0.00231335
-0.00316124
-0.00402197
-0.00490525
-0.00582139
-0.00677774
-0.00777143
-0.00878562
-0.009784
-0.0107096
-0.0114848
-0.012017
-0.012208
-0.0119715
-0.0112577
-0.0100857
-0.00858001
-0.00691366
-0.00512971
-0.00325254
-0.0013106
0.000674103
0.00268386
0.00470469
0.00672359
0.00872545
0.0106906
0.0125934
0.0144034
0.016088
0.0176189
0.0189799
0.0201802
0.021267
0.0223058
0.0233158
0.0243094
0.0252992
0.0262931
0.0272923
0.0282905
0.0292728
0.0302162
0.0310907
0.0318631
0.0325009
0.0329805
0.0332962
0.0334752
0.0335792
0.0336341
0.0336488
0.0336326
0.0335944
0.0335425
0.033485
0.03343
0.0333868
0.0333654
0.0333761
0.033427
0.0335219
0.0336562
0.0338131
0.0339598
0.0340443
0.033996
0.0337283
0.033147
0.0321642
0.0307213
0.0288159
0.026548
0.0241129
0.0215578
0.0189067
0.0161919
0.0134406
0.0106775
0.00792334
0.00519649
0.00251353
-0.000110181
-0.00266186
-0.00513435
-0.00753002
-0.0098674
-0.0121817
-0.0144999
-0.0168455
-0.0192437
-0.0217156
-0.0242731
-0.0269109
-0.0295991
-0.0322745
-0.0348373
-0.0371494
-0.0390403
-0.0403237
-0.0408235
-0.0404197
-0.0390993
-0.0370499
-0.0346453
-0.0319713
-0.029072
-0.0260168
-0.0228754
-0.0197281
-0.0166623
-0.0137796
-0.0111906
-0.00901035
-0.00734181
-0.00625047
-0.00573125
-0.00565195
-0.0057621
-0.00599867
-0.00632987
-0.00671654
-0.00713036
-0.00755103
-0.00796967
-0.00838532
-0.00880398
-0.00923493
-0.00968809
-0.0101705
-0.0106836
-0.0112197
-0.0117604
-0.0122743
-0.0127171
-0.0130338
-0.0131635
-0.0130481
-0.0126457
-0.0119475
-0.0110047
-0.00993079
-0.0087763
-0.00756173
-0.00630838
-0.00503513
-0.00375737
-0.00248587
-0.00122705
1.6669e-05
0.00124647
0.00246642
0.00368371
0.00490774
0.00614972
0.00742115
0.00873233
0.0100893
0.0114908
0.0129239
0.0143612
0.0157569
0.0170469
0.0181496
0.0189737
0.0194289
0.0194462
0.0190024
0.0181593
0.0170771
0.0158649
0.0145578
0.013185
0.0117734
0.0103431
0.00890694
0.00747109
0.00603695
0.00460334
0.00316888
0.0017336
0.000300604
-0.00112327
-0.00252704
-0.00389685
-0.00521741
-0.00647512
-0.00766197
-0.00878142
-0.00985255
-0.0108946
-0.0119124
-0.0129104
-0.0138949
-0.0148734
-0.0158544
-0.0168471
-0.0178608
-0.0189035
-0.0199802
-0.0210904
-0.0222246
-0.0233625
-0.0244697
-0.0254973
-0.0263831
-0.0270566
-0.0274481
-0.0275031
-0.0272021
-0.0265902
-0.0257882
-0.0248783
-0.0238866
-0.022836
-0.0217502
-0.0206498
-0.0195524
-0.0184723
-0.0174209
-0.0164058
-0.0154302
-0.0144901
-0.013573
-0.0126532
-0.0116908
-0.0106304
-0.0094033
-0.00793268
-0.00614416
-0.00398278
-0.00143516
0.00143621
0.00448864
0.00766203
0.0109346
0.0142804
0.0176715
0.021077
0.0244616
0.0277855
0.031003
0.0340641
0.0369194
0.0395276
0.0418685
0.0439578
0.045874
0.0477475
0.0495898
0.0513722
0.0530425
0.0545148
0.0556753
0.0563916
0.056534
0.0560079
0.0547941
0.0530135
0.0509328
0.0486702
0.0462712
0.0437831
0.0412465
0.0386924
0.0361395
0.0335958
0.0310598
0.0285231
0.0259728
0.0233937
0.0207718
0.0180957
0.0153605
0.012572
0.00974837
0.00690138
0.00403424
0.00114916
-0.00175048
-0.00466174
-0.00757976
-0.0104974
-0.0134028
-0.01628
-0.0191068
-0.0218568
-0.0244993
-0.0270056
-0.0293536
-0.0315366
-0.0335778
-0.0355286
-0.0373716
-0.0390443
-0.0404638
-0.0415333
-0.0421548
-0.0422522
-0.0418017
-0.040879
-0.0396762
-0.0383217
-0.036853
-0.0352988
-0.0336846
-0.0320275
-0.030337
-0.0286179
-0.0268744
-0.025115
-0.0233573
-0.0216322
-0.019985
-0.0184752
-0.0171715
-0.0161428
-0.0154434
-0.0150927
-0.0150466
-0.0151852
-0.0154269
-0.0157457
-0.0161186
-0.0165233
-0.016941
-0.0173576
-0.0177635
-0.0181532
-0.0185245
-0.0188786
-0.0192197
-0.0195554
-0.0198961
-0.0202552
-0.0206478
-0.0210884
-0.0215879
-0.0221493
-0.0227625
-0.023399
-0.0240075
-0.0245106
-0.0248067
-0.0247753
-0.0242904
-0.0232422
-0.0215697
-0.0193011
-0.0166031
-0.0137061
-0.0106754
-0.00755081
-0.00437754
-0.00118778
0.00199663
0.00516948
0.00833577
0.0115119
0.0147191
0.0179815
0.0213183
0.0247381
0.0282307
0.0317608
0.0352613
0.0386307
0.0417331
0.0444086
0.0464892
0.0478279
0.0483412
0.0480641
0.0472138
0.0460916
0.0447784
0.0433234
0.0417829
0.0402001
0.0386076
0.0370234
0.0354559
0.0339045
0.0323642
0.0308263
0.0292826
0.0277251
0.0261489
0.0245518
0.022936
0.0213081
0.0196804
0.0180703
0.0165003
0.0149966
0.0135863
0.0122931
0.0111305
0.0100938
0.00915003
0.00825258
0.00738761
0.00654497
0.00571256
0.00487913
0.00403489
0.00317239
0.00228784
0.00138168
0.000460336
-0.000462613
-0.00136513
-0.00221689
-0.00297986
-0.00361187
-0.00407122
-0.0043267
-0.00436842
-0.00422594
-0.00397435
-0.00366412
-0.0033098
-0.00292232
-0.00251058
-0.00208007
-0.00163321
-0.00117087
-0.000694414
-0.000208296
0.00027767
0.000746385
0.00117279
0.00152414
0.00176285
0.00185129
0.00176016
0.00147885
0.00103179
0.000484316
-0.000118723
-0.000762746
-0.00143481
-0.00212235
-0.00281494
-0.0035051
-0.00418811
-0.00486215
-0.00552728
-0.00618616
-0.00684315
-0.00750426
-0.00817641
-0.00886696
-0.00958223
-0.010326
-0.0110972
-0.0118876
-0.01268
-0.0134455
-0.0141439
-0.0147244
-0.0151301
-0.0153052
-0.015207
-0.014822
-0.0141895
-0.0134103
-0.0125527
-0.0116375
-0.0106809
-0.00969666
-0.00869378
-0.00767619
-0.00664448
-0.0055978
-0.00453692
-0.00346668
-0.00239884
-0.00135357
-0.000360302
0.000543715
0.00131663
0.0019181
0.00231899
0.00251333
0.00253752
0.00247198
0.00235238
0.00219243
0.00200618
0.00180534
0.00159872
0.0013913
0.00118503
0.000979238
0.000771958
0.000560639
0.00034331
0.000119238
-0.000110273
-0.00034171
-0.000569307
-0.000785617
-0.000982481
-0.00115287
-0.00129305
-0.00140545
-0.00150159
-0.00160493
-0.00175296
-0.00199753
-0.00240252
-0.00303847
-0.00397261
-0.00525166
-0.00688239
-0.0087953
-0.0108511
-0.0130332
-0.015346
-0.0177863
-0.0203479
-0.0230116
-0.0257386
-0.0284596
-0.0310685
-0.0334184
-0.0353265
-0.0365898
-0.0370125
-0.0364527
-0.0348796
-0.0324673
-0.0296041
-0.0264726
-0.0231608
-0.0197701
-0.0164022
-0.0131546
-0.0101103
-0.00733108
-0.00484556
-0.00263469
-0.000614192
0.00133037
0.00323818
0.00513361
0.00703684
0.00895482
0.01088
0.0127879
0.0146379
0.0163763
0.0179411
0.0192708
0.0203175
0.0210632
0.0215449
0.0218638
0.0220892
0.0222447
0.0223517
0.0224314
0.0225027
0.0225806
0.0226769
0.0227994
0.0229517
0.0231328
0.0233348
0.0235422
0.0237299
0.0238625
0.0238952
0.0237766
0.0234552
0.0228886
0.0220582
0.0209878
0.0197589
0.0184519
0.0170912
0.0156947
0.0142806
0.012862
0.0114477
0.0100401
0.00863733
0.00723296
0.00581802
0.0043821
0.00291648
0.00141548
-0.00011966
-0.00167838
-0.00323751
-0.00475983
-0.0061935
-0.00747439
-0.00853162
-0.0092977
-0.00972445
-0.00980254
-0.00959372
-0.00923315
-0.00878078
-0.00825956
-0.00769294
-0.00710071
-0.0064983
-0.0058952
-0.00529665
-0.00470403
-0.00411683
-0.0035333
-0.00295186
-0.00237104
-0.00179018
-0.0012088
-0.000626644
-4.27481e-05
0.000544786
0.0011395
0.0017465
0.00237254
0.00302504
0.00371071
0.00443306
0.0051895
0.0059746
0.00679204
0.00764424
0.00852862
0.00943543
0.0103453
0.0112271
0.0120373
0.0127213
0.0132173
0.0134649
0.0134172
0.0130589
0.0124311
0.0116418
0.0107643
0.00982249
0.00883588
0.00782313
0.00679817
0.00577017
0.00474382
0.00372057
0.0026996
0.0016793
0.000658023
-0.000364708
-0.00138852
-0.00241163
-0.00343134
-0.00444434
-0.00544783
-0.00644012
-0.00742193
-0.00839686
-0.00937165
-0.0103538
-0.0113523
-0.0123763
-0.0134332
-0.0145254
-0.0156483
-0.0167853
-0.0179068
-0.0189671
-0.0199061
-0.0206519
-0.0211291
-0.0212719
-0.0210426
-0.0204571
-0.0196133
-0.018647
-0.0175944
-0.016477
-0.01532
-0.0141425
-0.0129593
-0.011779
-0.0106061
-0.00944159
-0.00828466
-0.00713341
-0.00598549
-0.00483845
-0.00368953
-0.00253567
-0.00137273
-0.000195608
0.00100202
0.00222712
0.00348674
0.00478622
0.00612732
0.00750433
0.00890269
0.0103109
0.0117326
0.0131755
0.0146496
0.0161654
0.0177319
0.0193516
0.0210161
0.0227011
0.0243617
0.0259299
0.027315
0.0284089
0.029098
0.0292817
0.0289025
0.0279826
0.0266682
0.0251624
0.0235169
0.0217625
0.0199363
0.0180696
0.0161898
0.0143196
0.0124804
0.0106932
0.00897946
0.00735995
0.00585153
0.00446189
0.00317997
0.00196971
0.000795504
-0.000353567
-0.00148693
-0.00261575
-0.00375104
-0.00490257
-0.00607809
-0.00728149
-0.00851102
-0.00975691
-0.0109997
-0.0122086
-0.0133412
-0.0143451
-0.0151633
-0.0157417
-0.016042
-0.0160583
-0.015843
-0.0155085
-0.0151043
-0.0146478
-0.0141557
-0.0136401
-0.0131077
-0.0125602
-0.0119955
-0.0114105
-0.0108044
-0.0101813
-0.00955429
-0.00894685
-0.00839451
-0.00794362
-0.00764811
-0.00756256
-0.00773158
-0.00817465
-0.00886565
-0.00971785
-0.0106467
-0.0116289
-0.0126507
-0.0137
-0.0147715
-0.0158657
-0.0169882
-0.018146
-0.0193436
-0.0205784
-0.0218357
-0.0230843
-0.0242739
-0.0253348
-0.0261811
-0.0267195
-0.026863
-0.0265543
-0.0257915
-0.0246747
-0.0233982
-0.0220122
-0.0205427
-0.019024
-0.0174822
-0.0159383
-0.0144039
-0.0128842
-0.011377
-0.00987634
-0.00837165
-0.00685135
-0.00530331
-0.00371838
-0.00209177
-0.000427194
0.00126102
0.00294396
0.00457761
0.00610207
0.00744493
0.00852799
0.00927918
0.00965128
0.00964374
0.00934076
0.00890511
0.00837768
0.00777942
0.00713706
0.00647078
0.00579641
0.00512291
0.00445503
0.00379362
0.00313786
0.00248584
0.00183593
0.00118688
0.000538258
-0.000110089
-0.000758056
-0.00140612
-0.00205541
-0.00270827
-0.003368
-0.00403863
-0.00472402
-0.0054267
-0.00614624
-0.00687759
-0.00760922
-0.00832188
-0.00898809
-0.00957293
-0.0100369
-0.010341
-0.0104552
-0.0103693
-0.0101098
-0.00974606
-0.00932428
-0.00885739
-0.0083555
-0.00782763
-0.00728067
-0.00671957
-0.00614893
-0.00557453
-0.00500541
-0.0044549
-0.00394152
-0.00348818
-0.00312033
-0.00286183
-0.00272869
-0.00272153
-0.0028127
-0.00294794
-0.00311355
-0.00330193
-0.00350336
-0.00370981
-0.00391476
-0.0041142
-0.00430629
-0.00449158
-0.00467262
-0.00485387
-0.00504133
-0.00524162
-0.0054612
-0.00570479
-0.00597369
-0.00626354
-0.00656226
-0.00684802
-0.00708888
-0.00724232
-0.00725841
-0.00708513
-0.00667748
-0.00601061
-0.00509713
-0.00400697
-0.00283611
-0.00160852
-0.000336456
0.000967262
0.00229522
0.00364433
0.00501524
0.00640951
0.00782621
0.00925918
0.0106933
0.0121021
0.0134468
0.0146775
0.0157372
0.0165693
0.0171298
0.0174037
0.0174291
0.017306
0.0171027
0.0168421
0.0165434
0.0162246
0.0158988
0.015574
0.015253
0.0149343
0.0146131
0.0142831
0.0139383
0.0135745
0.0131914
0.0127943
0.012396
0.0120175
0.011688
0.0114439
0.0113251
0.0113699
0.011605
0.0120356
0.0126268
0.0133026
0.0140281
0.0147888
0.0155699
0.0163592
0.0171474
0.0179303
0.0187078
0.0194839
0.0202655
0.0210616
0.0218814
0.0227321
0.0236161
0.0245292
0.0254565
0.026371
0.0272316
0.0279844
0.0285653
0.0289075
0.0289526
0.0286681
0.0280686
0.027242
0.0263094
0.0253026
0.0242398
0.0231414
0.022022
0.0208911
0.0197528
0.0186084
0.0174578
0.0163021
0.0151456
0.0139976
0.0128733
0.0117935
0.0107829
0.0098674
0.00906858
0.00839661
0.00784057
0.00736126
0.00691939
0.00650106
0.00609511
0.00569012
0.00527772
0.00485347
0.00441868
0.00398095
0.00355526
0.00316326
0.00283269
0.00259483
0.00248043
0.00251307
0.00270082
0.00302332
0.00342743
0.00387682
0.00435995
0.00486711
0.00538931
0.00591963
0.00645333
0.00698776
0.00752171
0.00805476
0.00858699
0.00911844
0.009649
0.0101783
0.0107058
0.0112342
0.0117706
0.0123239
0.0129049
0.0135237
0.0141878
0.0148977
0.0156432
0.0163993
0.0171225
0.0177494
0.018198
0.0183735
0.01818
0.0175386
0.016414
0.0148496
0.0129953
0.0109983
0.00890305
0.00674063
0.00454258
0.00233097
0.000118957
-0.00209088
-0.00430316
-0.00652916
-0.00878191
-0.0110735
-0.0134096
-0.0157862
-0.0181844
-0.0205679
-0.0228795
-0.0250443
-0.0269724
-0.0285702
-0.0297551
-0.0304804
-0.0307653
-0.0307306
-0.0305439
-0.0302512
-0.0298807
-0.0294652
-0.0290299
-0.0285935
-0.0281661
-0.0277509
-0.0273442
-0.0269379
-0.0265198
-0.0260756
-0.0255899
-0.0250488
-0.024442
-0.023767
-0.023033
-0.0222639
-0.0214763
-0.0206772
-0.0198725
-0.0190674
-0.0182653
-0.0174678
-0.0166745
-0.0158828
-0.0150885
-0.0142863
-0.0134706
-0.0126369
-0.0117826
-0.0109094
-0.0100246
-0.00914283
-0.00828735
-0.00748955
-0.00678793
-0.00622391
-0.00583607
-0.00564968
-0.00566552
-0.00583896
-0.00608371
-0.0063779
-0.00671014
-0.00706564
-0.00743298
-0.0078028
-0.00816951
-0.00852981
-0.00888311
-0.00923029
-0.00957381
-0.00991688
-0.0102636
-0.0106182
-0.0109849
-0.011367
-0.0117661
-0.0121808
-0.0126056
-0.0130293
-0.0134349
-0.0137984
-0.0140905
-0.014279
-0.014333
-0.0142308
-0.0139683
-0.0135743
-0.0131111
-0.0126062
-0.0120696
-0.0115114
-0.0109398
-0.0103609
-0.00977833
-0.0091941
-0.00860924
-0.00802495
-0.00744362
-0.00686914
-0.00630755
-0.00576666
-0.0052556
-0.00478308
-0.0043554
-0.0039733
-0.00362785
-0.00330026
-0.00298893
-0.00269533
-0.0024204
-0.00216485
-0.00192802
-0.00170644
-0.00149241
-0.00127201
-0.00102427
-0.000720957
-0.000327916
0.000191747
0.000872059
0.00173516
0.00278032
0.00396587
0.0052123
0.00650405
0.00783772
0.00920901
0.0106175
0.0120638
0.0135481
0.0150659
0.0166039
0.0181364
0.0196213
0.0210005
0.0222006
0.0231406
0.0237425
0.0239504
0.0237537
0.0232241
0.0225192
0.0217086
0.0208185
0.0198754
0.0189017
0.0179139
0.0169217
0.0159295
0.0149378
0.013945
0.0129494
0.0119509
0.0109523
0.0099596
0.00898239
0.00803291
0.00712471
0.00627025
0.00547753
0.00474621
0.00406186
0.00339556
0.00273142
0.00206077
0.00137713
0.000678701
-2.92896e-05
-0.000732651
-0.00140696
-0.00201797
-0.00252325
-0.00287678
-0.00303564
-0.00297164
-0.00268405
-0.00222239
-0.00168261
-0.00108882
-0.000453325
0.000208117
0.000883712
0.0015643
0.00224481
0.00292274
0.00359784
0.00427085
0.00494291
0.00561472
0.00628633
0.00695697
0.00762526
0.00828954
0.00894837
0.00960118
0.0102489
0.0108943
0.0115423
0.0121998
0.0128747
0.0135747
0.0143055
0.0150677
0.0158545
0.0166479
0.017417
0.0181168
0.0186886
0.019065
0.0191777
0.0189704
0.0184176
0.0175503
0.0164749
0.0152954
0.01404
0.0127271
0.0113752
0.00999646
0.00859881
0.00718576
0.00576005
0.00432549
0.00289073
0.00147084
8.96576e-05
-0.00122149
-0.0024251
-0.00348276
-0.00436212
-0.00504835
-0.00555837
-0.00595232
-0.00628842
-0.00658325
-0.00684748
-0.00709196
-0.00732387
-0.0075475
-0.00776391
-0.00797271
-0.0081729
-0.0083654
-0.00855402
-0.00874723
-0.00895874
-0.00920783
-0.00951815
-0.00991534
-0.0104226
-0.0110551
-0.0118118
-0.0126632
-0.0135536
-0.0144705
-0.0154102
-0.0163686
-0.0173457
-0.0183438
-0.0193677
-0.0204211
-0.0215045
-0.0226114
-0.0237253
-0.0248455
-0.0258723
-0.0267744
-0.0274853
-0.0279372
-0.0280739
-0.0278695
-0.0273537
-0.0266301
-0.0258014
-0.0248968
-0.0239374
-0.0229447
-0.0219357
-0.0209222
-0.0199108
-0.0189043
-0.017903
-0.0169051
-0.0159088
-0.0149123
-0.0139145
-0.0129151
-0.0119144
-0.0109132
-0.00991242
-0.00891271
-0.00791414
-0.0069159
-0.00591672
-0.00491423
-0.00390606
-0.00288981
-0.00186474
-0.000831499
0.00020596
0.00124
0.00225829
0.00324435
0.0041779
0.00503733
0.00580235
0.00645987
0.00700953
0.00747405
0.007899
0.00830621
0.00870433
0.00909991
0.0094942
0.00988251
0.0102523
0.0105841
0.0108519
0.0110266
0.0110802
0.0109929
0.0107609
0.0104105
0.00999828
0.00954861
0.00906956
0.00856877
0.00805155
0.00752119
0.00697876
0.00642492
0.00586118
0.00529203
0.00472648
0.00417954
0.00367243
0.00323215
0.00288873
0.0026713
0.00260078
0.00268152
0.00288694
0.00315885
0.00347311
0.00382269
0.00420017
0.00459935
0.00501447
0.00543994
0.00586849
0.00629009
0.00669028
0.00705017
0.00734643
0.00755408
0.00764966
0.0076181
0.00745967
0.00720325
0.00690386
0.00657489
0.00622271
0.00585557
0.00547941
0.00509882
0.00471624
0.00433308
0.00394989
0.00356738
0.00318666
0.00280972
0.00243922
0.00207831
0.00172981
0.00139527
0.00107363
0.000760088
0.000444972
0.000113015
-0.000256435
-0.000687973
-0.00120725
-0.00183614
-0.00258591
-0.00344782
-0.00438557
-0.00535516
-0.00632365
-0.00724966
-0.00808142
-0.00876177
-0.00923437
-0.00945414
-0.00940114
-0.00910031
-0.00863544
-0.00808753
-0.00747751
-0.00681803
-0.00612199
-0.00539865
-0.00465554
-0.00389961
-0.00314064
-0.00239331
-0.00167978
-0.00103004
-0.000481349
-7.41266e-05
0.000153593
0.000177278
-2.86283e-06
-0.000340657
-0.000747859
-0.00120137
-0.00168846
-0.00219263
-0.00270094
-0.0032029
-0.00369277
-0.00416852
-0.00463265
-0.00509105
-0.00555296
-0.0060293
-0.00653184
-0.00707006
-0.00764884
-0.00826466
-0.00890234
-0.00953131
-0.0101037
-0.0105542
-0.0108032
-0.0107648
-0.0103595
-0.00953484
-0.00829028
-0.00671841
-0.00499861
-0.00317979
-0.0012937
0.000617058
0.00251151
0.00434896
0.00609318
0.00771354
0.00919003
0.0105183
0.0117197
0.0128436
0.0139235
0.0149695
0.0159882
0.016985
0.0179622
0.0189202
0.0198576
0.0207736
0.0216682
0.0225444
0.0234091
0.0242724
0.0251332
0.025981
0.0267974
0.0275554
0.0282201
0.0287517
0.0291107
0.0292671
0.0292116
0.028973
0.0286247
0.0282158
0.0277616
0.027275
0.0267684
0.0262517
0.0257325
0.0252164
0.0247076
0.0242096
0.0237256
0.023258
0.0228079
0.022374
0.0219511
0.0215288
0.0210906
0.020613
0.0200666
0.0194185
0.0186368
0.0176975
0.0165944
0.0153522
0.0140323
0.0126765
0.0112999
0.00991489
0.00853275
0.00716089
0.00580237
0.00445516
0.00311313
0.00176531
0.000397841
-0.00100516
-0.00245867
-0.00397442
-0.00555601
-0.00719399
-0.00886106
-0.0105331
-0.0122064
-0.0138825
-0.0155645
-0.017259
-0.0189728
-0.0207117
-0.0224749
-0.0242532
-0.0260232
-0.027745
-0.0293602
-0.0307937
-0.0319592
-0.03277
-0.033156
-0.0330878
-0.0326093
-0.0318613
-0.0309804
-0.030006
-0.0289656
-0.0278875
-0.0267931
-0.0256978
-0.0246109
-0.0235374
-0.02248
-0.0214407
-0.0204223
-0.0194291
-0.0184663
-0.0175395
-0.0166526
-0.0158056
-0.0149908
-0.0141932
-0.0134096
-0.0126391
-0.0118796
-0.0111299
-0.0103887
-0.00965523
-0.00892926
-0.00821053
-0.00749898
-0.00679439
-0.00609655
-0.00540486
-0.0047186
-0.00403679
-0.00335867
-0.0026836
-0.00201166
-0.00134375
-0.000682368
-3.1283e-05
0.000603939
0.00121637
0.00179808
0.00234149
0.00284093
0.00329494
0.00370957
0.00409905
0.00446964
0.0048243
0.00516685
0.00550191
0.00583463
0.00617046
0.00651446
0.0068708
0.00724147
0.00762494
0.00801454
0.00839721
0.00875231
0.00905174
0.00926103
0.00934282
0.00926204
0.00899496
0.00853944
0.00793213
0.00724885
0.00652314
0.00576774
0.00499539
0.00421655
0.00343917
0.00266823
0.00190655
0.00115539
0.000415502
-0.000312261
-0.0010266
-0.0017256
-0.00240696
-0.00306857
-0.0037093
-0.00432992
-0.00493415
-0.00552903
-0.00612344
-0.00672576
-0.00734396
-0.0079837
-0.00864586
-0.00932348
-0.00999897
-0.0106419
-0.0112082
-0.011641
-0.0118754
-0.0118463
-0.0115012
-0.0108186
-0.00983188
-0.00864744
-0.00736746
-0.00602039
-0.00462648
-0.00320843
-0.00178616
-0.000378533
0.000996762
0.00232105
0.00357502
0.00473855
0.00579329
0.00672622
0.00753584
0.0082404
0.00888124
0.00948767
0.0100727
0.0106479
0.0112236
0.0118065
0.0123979
0.012992
0.0135745
0.0141219
0.0146019
0.014975
0.0151984
0.0152324
0.0150505
0.0146512
0.0140767
0.0134141
0.0127022
0.0119563
0.0111919
0.0104219
0.00965652
0.00890192
0.0081616
0.00743666
0.00672664
0.00603006
0.00534494
0.00466907
0.00400003
0.00333533
0.0026723
0.00200867
0.00134223
0.000671834
-2.13662e-06
-0.000676426
-0.00134486
-0.00200331
-0.00265061
-0.00328604
-0.00390961
-0.00452188
-0.00512408
-0.00571767
-0.00630419
-0.00688461
-0.00745889
-0.008025
-0.00857888
-0.00911359
-0.00961944
-0.0100842
-0.0104945
-0.0108373
-0.0111032
-0.0112899
-0.0114079
-0.0114826
-0.0115308
-0.0115576
-0.0115677
-0.0115654
-0.011555
-0.0115398
-0.0115233
-0.0115086
-0.0114988
-0.0114961
-0.011502
-0.0115161
-0.0115351
-0.0115518
-0.0115545
-0.0115267
-0.0114473
-0.011293
-0.0110404
-0.010672
-0.0101817
-0.00958465
-0.0089225
-0.00823504
-0.00753386
-0.00682702
-0.00612244
-0.00542598
-0.00474147
-0.00407111
-0.00341571
-0.00277555
-0.00215069
-0.00154166
-0.00094928
-0.000374983
0.000179814
0.00071376
0.00122668
0.00171988
0.00219698
0.00266415
0.00313043
0.003607
0.00410625
0.00463943
0.0052142
0.00583058
0.0064764
0.00712477
0.0077475
0.00831669
0.00879954
0.00916058
0.00936709
0.00939636
0.0092449
0.00894197
0.00855319
0.00812277
0.00766585
0.00719499
0.00672152
0.0062538
0.00579716
0.00535419
0.00492536
0.00450978
0.00410581
0.00371173
0.00332603
0.00294779
0.00257684
0.0022139
0.00186055
0.00151927
0.00119316
0.000885895
0.000601049
0.000341682
0.000109339
-9.68102e-05
-0.000281743
-0.000453912
-0.000615725
-0.000768437
-0.000913505
-0.00105187
-0.00118417
-0.00131057
-0.00143101
-0.00154527
-0.00165316
-0.00175463
-0.00184995
-0.00193976
-0.00202511
-0.00210734
-0.00218801
-0.00226855
-0.00234989
-0.00243204
-0.00251357
-0.00259117
-0.00265928
-0.00271011
-0.00273391
-0.00271987
-0.00265761
-0.00253953
-0.00236381
-0.00213854
-0.00188423
-0.00162013
-0.00135205
-0.00108409
-0.000820263
-0.000563594
-0.000316092
-7.88155e-05
0.000147924
0.000364322
0.000570926
0.000768422
0.000957571
0.00113904
0.00131344
0.00148122
0.00164264
0.00179766
0.0019459
0.00208658
0.00221843
0.00233968
0.00244821
0.00254171
0.00261801
0.0026756
0.00271434
0.00273635
0.00274658
0.00274959
0.00274687
0.00273949
0.00272851
0.00271467
0.0026985
0.00268027
0.00266008
0.00263785
0.00261348
0.00258682
0.00255776
0.00252624
0.00249234
0.00245625
0.00241829
0.00237891
0.00233867
0.00229815
0.00225787
0.00221816
0.00217901
0.0021399
0.00209968
0.00205646
0.00200763
0.00194995
0.00187994
0.00179433
0.00169088
0.00156938
0.00143296
0.00128892
0.00114387
0.000999823
0.000858146
0.000720178
0.000586871
0.000458879
0.00033652
0.00021994
0.000109089
3.85129e-06
-9.59724e-05
-0.000190599
-0.000280338
-0.000365563
-0.000446784
-0.000524602
-0.000599764
-0.00067306
-0.000745257
-0.000816921
-0.000888251
-0.000958804
-0.00102727
-0.00109199
-0.00115259
-0.00120889
-0.0012607
-0.00130793
-0.00135062
-0.00138887
-0.00142289
-0.00145295
-0.00147934
-0.00150235
-0.00152221
-0.00153905
-0.00155286
-0.00156347
-0.0015705
-0.00157333
-0.00157124
-0.00156339
-0.00154902
-0.0015276
-0.00149917
-0.00146456
-0.00142579
-0.00138519
-0.00134349
-0.00130112
-0.00125854
-0.0012161
-0.00117407
-0.00113262
-0.00109189
-0.00105195
-0.00101284
-0.000974574
-0.000937109
-0.000900337
-0.000864075
-0.000828043
-0.000791869
-0.000755106
-0.000717278
-0.000677959
-0.000636869
-0.000594025
-0.000549896
-0.000505565
-0.000462276
-0.000420358
-0.000379984
-0.000341327
-0.000304488
-0.000269518
-0.000236404
-0.000205102
-0.000175534
-0.000147614
-0.000121247
-9.6346e-05
-7.28258e-05
-5.06158e-05
-2.96527e-05
-9.88827e-06
8.71475e-06
2.61751e-05
4.25053e-05
5.77023e-05
7.17602e-05
8.46699e-05
9.64368e-05
0.000107088
0.000116693
0.000125379
0.000133343
0.000140751
0.000147679
0.000154183
0.000160321
0.000166137
0.000171672
0.000176954
0.000182012
0.000186864
0.000191527
0.000196007
0.00020031
0.000204431
0.00020836
0.000212083
0.000215582
0.000218846
0.000221871
0.000224669
0.000227283
0.000229788
0.000232295
0.000234867
0.000237526
0.000240284
0.000243151
0.00024613
0.000249221
0.000252417
0.000255713
0.0002591
0.00026257
0.000266114
0.000269727
0.0002734
0.000277128
0.000280905
0.000284726
0.000288586
0.000292481
0.000296407
0.000300359
0.000304335
0.000308332
0.000312346
0.000316375
0.000320417
0.000324469
0.000328527
0.000332587
0.000336642
0.000340687
0.000344715
0.000348722
0.000352707
0.000356671
0.000360612
0.000364531
0.000368427
0.000372301
0.000376154
0.000379984
0.000383793
0.000387581
0.000391346
0.00039509
0.000398812
0.000402511
0.000406188
0.000409841
0.000413472
0.000417078
0.000420661
0.00042422
0.000427754
0.000431263
0.000434747
0.000438206
0.000441639
0.000445046
0.000448428
0.000451785
0.000455115
0.000458421
0.000461701
