0.0631449
0.066823
0.066452
0.108843
0.0887692
-0.0440505
-0.0721527
-0.0146398
0.00448798
-0.0327223
0.0168421
0.0933752
-0.0331911
-0.0956535
0.0328071
0.173072
0.0817298
-0.0381719
-0.0601033
-0.0546163
-0.0608751
-0.080759
0.0942886
0.0729342
-0.102079
-0.112179
0.0653752
0.147057
0.0698528
0.0485552
0.0310756
-0.112544
-0.0638712
-0.0786634
-0.194916
-0.014127
0.0879824
0.240901
0.128126
-0.0426972
0.104182
0.0912355
0.00980541
-0.0275727
-0.0724683
-0.193384
-0.395308
-0.187446
0.218906
0.367861
0.280029
0.0849604
-0.00461106
-0.0386652
0.0646352
0.147563
-0.0425397
-0.480114
-0.424696
-0.00158623
0.30636
0.183068
0.0182718
0.122878
0.0533028
0.132978
0.102636
0.0262431
-0.0357464
-0.375465
-0.504359
-0.11524
0.224308
0.368434
0.312939
0.0730079
-0.20157
-0.0775675
0.0693053
-0.13816
-0.0540234
-0.108501
0.0775243
0.366298
0.408041
0.587028
0.131149
-0.388325
-0.184109
-0.0960171
-0.138553
-0.125332
-0.234012
-0.0782687
-0.0547226
0.098831
0.290249
0.0850657
-0.0358019
-0.358189
-0.706496
-0.599296
-0.016317
0.357646
0.269393
0.342755
0.413888
0.189599
-0.125904
-0.272915
-0.0366499
0.0566424
0.0239448
-0.0429694
-0.142401
0.146892
0.535014
0.618599
0.615417
0.514505
0.0797054
-0.276066
-0.407927
-0.48566
-0.331336
-0.0750635
-0.0606443
0.0736366
0.383087
0.382272
0.14599
-0.0264677
0.0326219
-0.00403056
-0.14773
-0.0738677
-0.0835118
-0.161349
-0.151941
0.17205
0.269472
0.154339
0.170643
-0.0986191
-0.142542
0.0667443
0.177369
0.32289
0.390892
0.277056
0.0376301
-0.0776657
0.00173037
0.324789
0.253434
-0.0447891
0.0507895
0.320188
0.376122
0.216252
0.00274361
-0.539414
-1.0657
-1.33491
-1.36346
-1.66324
-2.22352
-2.30472
-2.09323
-2.04518
-2.01662
-2.06203
-2.23025
-2.35861
-2.42039
-2.57315
-2.01722
-0.412955
1.07917
2.06702
2.79657
3.48351
3.94079
4.12336
4.23318
4.24164
3.97814
3.35032
2.62086
1.68449
0.691601
0.0639611
-0.308131
-0.669018
-0.975396
-1.14567
-1.369
-1.44465
-1.39096
-1.48387
-1.7038
-1.7788
-1.43163
-0.999427
-0.917083
-1.35489
-1.88267
-1.91435
-1.24069
0.199962
1.18376
1.71784
2.14468
2.35616
2.07011
1.06548
-0.0141843
-1.13503
-1.81791
-1.77472
-1.22256
-0.952237
-0.866647
-0.726219
-0.351105
0.466171
1.03791
1.153
0.911223
0.95101
1.24647
1.66678
2.24442
2.51355
2.27217
1.6662
1.36516
1.01317
0.543174
-0.036582
-0.691678
-0.894806
-0.793075
-0.205759
-0.0598361
-0.550729
-1.16468
-1.78629
-2.14174
-2.02549
-1.55392
-1.08736
-0.510162
-0.257053
-0.135472
0.0286224
0.28307
0.619185
0.68108
0.557919
0.269443
-0.157727
-0.704958
-1.12609
-1.24448
-0.705872
-0.0301933
0.440897
0.549422
0.561555
0.751527
0.850226
0.858371
0.674563
0.554298
0.453867
0.386841
0.453552
0.912126
1.31294
1.45886
1.1401
0.353719
-0.470544
-0.919857
-0.84591
-0.712866
-0.16272
0.211427
0.0949406
-0.244137
-0.635914
-1.08777
-1.16676
-0.592542
-0.231091
-0.173597
-0.042344
-0.0519141
-0.166113
-0.0647572
-0.0455491
-0.212826
-0.0780047
0.17314
0.165619
0.136016
-0.0301218
-0.392671
-0.692076
-0.511743
-0.35669
-0.292521
-0.164217
0.112038
0.565691
0.788887
0.731125
0.211887
-0.163218
-0.076578
0.0514554
-0.0867047
-0.231342
-0.246662
-0.28902
-0.221173
-0.120669
0.0301851
0.111437
0.00432398
-0.198151
-0.510921
-0.939006
-1.1923
-1.19198
-1.2049
-0.936111
-0.327431
0.0701838
0.460072
0.744342
0.587028
0.232364
-0.196601
-0.496617
-0.522493
-0.339313
-0.141238
0.0899827
0.260158
0.216789
0.102328
-0.0495577
-0.0443664
0.109385
0.0900066
0.0476168
0.0986596
-0.0161211
-0.0879491
-0.037906
0.0466434
0.433932
0.818781
1.03377
0.957951
0.511003
0.355668
0.398604
0.61695
0.919792
1.17145
1.39325
1.25534
0.664346
-0.0023045
-0.483339
-0.744712
-0.647268
-0.261209
-0.00630848
-0.0459298
-0.23792
-0.445964
-0.690103
-1.08385
-1.52716
-1.63944
-1.33972
-0.953244
-0.615767
-0.265334
0.120734
0.592468
1.0219
1.11845
0.885149
0.560472
0.530437
0.663556
0.657111
0.464831
0.286315
0.114397
-0.235791
-0.847183
-1.19586
-1.25775
-0.831671
-0.00514932
0.770203
1.34857
1.56469
1.61558
1.58715
1.56037
1.4712
1.32619
1.12798
0.867799
0.488953
0.231219
0.0884086
-0.0343095
-0.136856
-0.198908
-0.197876
-0.171403
-0.203808
-0.29144
-0.414148
-0.433567
-0.338892
-0.322126
-0.289407
-0.313894
-0.274787
-0.192127
-0.0562584
0.0955738
0.176644
0.174798
-0.0743894
-0.562331
-1.17692
-1.68512
-2.14184
-2.41942
-2.36371
-1.959
-0.955803
0.128537
0.884157
1.23683
1.2499
0.886286
0.460409
0.309393
0.229998
0.350713
0.642949
0.786195
0.722903
0.362511
-0.113285
-0.437722
-0.666267
-0.873741
-1.09714
-1.26496
-1.16667
-0.525327
0.00771338
0.140514
-0.00828324
-0.253562
-0.352638
-0.423976
-0.391985
-0.310784
-0.270967
-0.164446
0.15527
0.66522
1.05634
1.32045
1.45543
1.40151
1.11341
0.79588
0.672583
0.54102
0.356318
0.00605179
-0.337687
-0.400837
-0.117957
0.302499
0.625874
0.847969
1.01912
1.08115
0.900211
0.590959
0.236425
-0.0604423
-0.249182
-0.406625
-0.488928
-0.491502
-0.524455
-0.612175
-0.736131
-0.775731
-0.647848
-0.43021
-0.284994
-0.237478
-0.189883
-0.0789025
0.118193
0.206483
0.0683727
-0.0976761
-0.20006
-0.275485
-0.305878
-0.234042
-0.262276
-0.320688
-0.381138
-0.353964
-0.237216
-0.0538044
0.325239
0.608581
0.759545
0.867038
1.01306
1.13385
1.0967
0.826365
0.437006
0.149167
0.0178745
-0.0550708
-0.112592
-0.2047
-0.41588
-0.70165
-1.02811
-1.22896
-1.2771
-1.25478
-1.15621
-1.11947
-1.16075
-1.30367
-1.45034
-1.55595
-1.50693
-1.23741
-0.691049
-0.0514092
0.257433
0.460928
0.551358
0.481552
0.425231
0.403385
0.313987
0.112244
-0.0592507
-0.182265
-0.311607
-0.376165
-0.281736
-0.190986
-0.131603
-0.0565868
0.070119
0.242527
0.316614
0.280964
0.250503
0.313085
0.414351
0.513708
0.643113
0.811973
0.951044
1.09995
1.24888
1.34438
1.45277
1.52679
1.5788
1.59252
1.55993
1.48053
1.19092
0.832249
0.429817
0.011582
-0.353125
-0.653147
-0.805089
-0.850174
-0.807883
-0.701628
-0.569493
-0.462629
-0.43982
-0.516922
-0.657588
-0.775813
-0.828664
-0.956675
-1.15742
-1.28105
-1.27427
-0.980974
-0.4957
-0.117344
0.0696993
0.126085
0.164158
0.147212
0.0193317
-0.159988
-0.314099
-0.36494
-0.378856
-0.286935
-0.10393
0.0743771
0.177264
0.207061
0.225202
0.248911
0.299939
0.414162
0.540949
0.622055
0.673633
0.640625
0.577269
0.44645
0.326447
0.254495
0.183872
0.151963
0.172094
0.269064
0.496782
0.804627
1.06636
1.23094
1.24004
1.16451
0.977383
0.606841
0.185678
-0.193591
-0.449539
-0.529338
-0.486956
-0.334288
-0.186707
-0.118335
-0.111059
-0.133101
-0.192648
-0.255953
-0.323106
-0.398757
-0.398157
-0.352396
-0.298908
-0.315812
-0.434775
-0.601618
-0.771261
-0.89972
-0.900889
-0.82401
-0.717423
-0.655438
-0.592903
-0.495073
-0.42719
-0.367664
-0.322732
-0.289015
-0.273472
-0.275851
-0.249281
-0.223771
-0.194533
-0.120373
-0.0722917
-0.0106162
0.00731681
-0.0421832
-0.140664
-0.160685
-0.0542276
0.099801
0.237876
0.333628
0.443325
0.566126
0.692286
0.741097
0.721155
0.640778
0.538599
0.466889
0.448686
0.453725
0.404795
0.306435
0.138033
-0.0325078
-0.0791984
-0.035805
0.0580182
0.116146
0.134759
0.127613
0.0574616
-0.0457562
-0.106441
-0.0814002
-0.0304297
0.00925539
0.0111456
-0.0333556
-0.0916513
-0.118959
-0.150316
-0.145926
-0.130092
-0.121034
-0.101341
-0.0621555
-0.00492728
0.00874842
-0.0665103
-0.171717
-0.294307
-0.385449
-0.398392
-0.380618
-0.315433
-0.247179
-0.155275
-0.0779941
0.00476419
0.0981982
0.144231
0.102729
-0.00715535
-0.0807744
-0.070527
0.0324532
0.153186
0.234355
0.281258
0.301992
0.278123
0.236411
0.227876
0.264243
0.296772
0.273133
0.230112
0.18746
0.171738
0.2212
0.294283
0.344544
0.328303
0.250696
0.0910213
-0.0468418
-0.113063
-0.119649
-0.0298731
0.0982475
0.174569
0.189535
0.177951
0.129313
0.0501662
0.00341687
-0.00412816
0.0190845
0.0719453
0.072697
0.0259277
-0.00458807
-0.0240982
-0.0726268
-0.105722
-0.121143
-0.14814
-0.239422
-0.355183
-0.399564
-0.374212
-0.342502
-0.356055
-0.396856
-0.454241
-0.498431
-0.482955
-0.423667
-0.374994
-0.33074
-0.312135
-0.322848
-0.307692
-0.242386
-0.117114
0.00616887
0.0920168
0.102415
0.0521272
-0.0456913
-0.151067
-0.143408
-0.0886373
0.00400794
0.086977
0.100334
0.11526
0.135325
0.170203
0.168546
0.122957
0.0463097
-0.0542077
-0.0689895
-0.00791153
0.0427906
0.0572871
0.0332292
0.0121
0.0627621
0.163354
0.272393
0.3608
0.394139
0.363764
0.263816
0.192377
0.180504
0.219181
0.282808
0.344456
0.351436
0.303737
0.274052
0.220815
0.118649
0.0143129
-0.0384135
-0.01616
0.0678089
0.163773
0.231028
0.225113
0.155614
0.0414218
-0.0889935
-0.161312
-0.167307
-0.150032
-0.126968
-0.113981
-0.098325
-0.0704236
-0.0350453
-0.000836457
0.0247058
0.0473892
0.0722218
0.0796913
0.0599616
0.0033168
-0.0629942
-0.0764863
-0.0472855
-0.00622945
0.0100065
0.0308307
0.0664789
0.0790164
0.10152
0.10828
0.0849314
0.0339243
-0.0483303
-0.146479
-0.249845
-0.298133
-0.320342
-0.297808
-0.204323
-0.116466
-0.054988
-0.0351335
-0.0440375
-0.0774717
-0.0736408
-0.046999
0.000794302
0.0413505
0.053528
0.0225728
-0.0347018
-0.0919565
-0.138725
-0.153047
-0.172327
-0.13465
-0.0823684
-0.00116847
0.096005
0.170248
0.212423
0.143163
0.0637274
0.0285738
0.0133922
0.0236405
0.00769918
-0.0449774
-0.120995
-0.166114
-0.201168
-0.219348
-0.225704
-0.243834
-0.232906
-0.21725
-0.205063
-0.182509
-0.12609
-0.0959696
-0.0805835
-0.0917668
-0.131859
-0.160265
-0.221238
-0.207941
-0.166486
-0.107277
-0.0372932
0.0175571
0.0964876
0.189562
0.288825
0.374203
0.445797
0.443489
0.387484
0.269113
0.146125
0.0771445
0.0628023
0.103718
0.136567
0.153722
0.129894
0.146759
0.158656
0.149442
0.129312
0.0684683
0.0602836
0.0655934
0.0329085
0.0131883
-0.0143287
-0.0497926
-0.10201
-0.152578
-0.155195
-0.113889
-0.0647171
-0.050221
-0.057996
-0.0975484
-0.125095
-0.122555
-0.0843481
-0.00278898
0.0776306
0.10931
0.149605
0.157314
0.128158
0.116914
0.102971
0.124174
0.16292
0.202516
0.219861
0.192104
0.175912
0.153153
0.0948577
0.0518365
0.029637
0.0135651
-0.00773484
-0.0328532
-0.0679276
-0.075543
-0.0572588
-0.0264696
0.00676861
-0.00224628
-0.0432784
-0.0475952
-0.0540711
-0.0858869
-0.0932226
-0.139303
-0.177856
-0.200306
-0.205602
-0.180191
-0.161467
-0.167443
-0.201828
-0.222519
-0.228265
-0.197076
-0.153922
-0.108389
-0.085347
-0.0827368
-0.0912922
-0.105305
-0.102245
-0.0846412
-0.0558216
-0.0261423
0.0101543
0.00749649
-0.030997
-0.0520375
-0.0503871
-0.0247562
0.0190973
0.0627709
0.0791054
0.0714094
0.0460106
0.0314174
0.00431925
-0.0390224
-0.0812646
-0.134582
-0.165749
-0.187239
-0.187488
-0.15737
-0.0981525
-0.0393951
0.0542882
0.142364
0.17952
0.194285
0.151083
0.0959655
0.0398987
-0.0216859
-0.0541223
-0.0500232
-0.0343688
0.0142425
0.0739292
0.103558
0.14919
0.168063
0.159787
0.15482
0.152192
0.128202
0.0797317
0.06017
0.0763641
0.11327
0.121577
0.123387
0.119139
0.11617
0.127406
0.127047
0.126168
0.0772976
0.0237694
-0.0109963
-0.0463018
-0.027629
0.0520694
0.12673
0.174121
0.212516
0.205789
0.171563
0.156819
0.126561
0.0810798
0.0687349
0.0617878
0.0397168
-0.0114626
-0.0841733
-0.102556
-0.103625
-0.106714
-0.0883313
-0.0592529
-0.0468179
-0.0398606
-0.0710581
-0.0823236
-0.0957883
-0.128895
-0.111942
-0.0809244
-0.0289952
0.0041914
0.00402136
-0.0412207
-0.0638817
-0.0469886
-0.00158697
0.060398
0.0679448
0.0554696
0.0305394
0.0353972
0.0175641
-0.0181619
-0.0608651
-0.0656334
-0.0227309
-0.0172734
-0.0369259
-0.0331877
-0.0307391
-0.0480725
-0.052671
-0.0524615
-0.012328
0.0149207
0.0236268
0.0122309
0.00195452
-0.00254416
-0.0159393
-0.0100122
0.00953949
0.039357
0.0891466
0.115895
0.131309
0.139065
0.120272
0.0872344
0.0703705
0.0630128
-0.00999858
-0.0666666
-0.125474
-0.134051
-0.126974
-0.13891
-0.14268
-0.175357
-0.180526
-0.206756
-0.17379
-0.106668
-0.0249913
0.0135325
-0.0053508
0.0338227
0.0804432
0.0844207
-0.00367487
-0.109883
-0.149028
-0.157706
-0.159876
-0.116844
-0.0882965
-0.0914561
-0.10935
-0.120466
-0.0594918
0.0296915
0.0875873
0.112026
0.0997804
0.075659
0.0339846
0.0149412
0.035402
0.0510246
0.08485
0.10727
0.143274
0.114505
0.0454413
-0.00866816
-0.0277317
0.0470072
0.0863004
0.0883684
0.117386
0.155489
0.133247
0.0682916
0.0218689
-0.00236262
-0.0400188
-0.0534547
-0.0266367
-0.0294368
-0.0320171
-0.035497
-0.0285211
-0.0399978
-0.0631898
-0.0613919
-0.0651017
-0.0912526
-0.0841368
-0.0803197
-0.0864386
-0.0634991
-0.0294142
0.00554044
0.00424956
0.0201318
0.0222395
-0.00719011
-0.048575
-0.077145
-0.0805051
-0.0875437
-0.0823572
-0.0870868
-0.0887776
-0.084011
-0.0671892
-0.0425106
-0.00634657
0.0143636
0.0222889
0.0469576
0.0477957
0.0584999
0.069434
0.082947
0.114623
0.109623
0.0963869
0.0481947
0.0323594
0.0250908
-0.00513872
0.000647375
-0.00117349
0.023645
0.069645
0.110087
0.131637
0.124918
0.108333
0.096786
0.0937856
0.0594077
0.0340062
0.0300961
0.0235971
0.0194171
0.0125282
0.0148856
0.0144141
0.010554
0.00713369
-0.00204431
-0.0115822
-0.00411684
-0.00105975
-0.0262714
-0.0574805
-0.0747853
-0.0529857
-0.0534073
-0.0616157
-0.0523511
-0.0401177
-0.0360111
-0.0232379
-0.0241892
-0.0368059
-0.0334989
-0.0389085
-0.0351617
0.0166259
0.0856265
0.151968
0.178596
0.144948
0.0950459
0.0677751
0.0601364
0.0612242
0.0645212
0.0396294
0.0144578
-0.0495883
-0.0833366
-0.0932244
-0.0941757
-0.0556129
-0.0228277
-0.000378417
-0.0164937
-0.0289904
-0.0454955
-0.058582
-0.0370524
-0.042302
-0.016554
0.0144618
0.0228368
0.00104377
-0.00518545
-0.00206842
0.0048571
0.00994335
0.00034548
0.00882038
-0.00182706
-0.0052574
-0.0374762
-0.0380877
-0.0673676
-0.100516
-0.0942803
-0.0868149
-0.0904152
-0.0941254
-0.0973158
-0.110132
-0.113693
-0.113944
-0.0769506
-0.050123
-0.0335813
-0.0445385
-0.0459696
-0.0484303
-0.0373264
-0.0243832
-0.0207662
-0.00693342
-0.0188003
-0.0118347
-0.0221222
-0.0302405
0.00165508
0.00617168
-0.00804423
-0.0035876
-0.00908698
0.004516
0.0223873
0.0373397
0.0632978
0.0722027
0.0785386
0.0857842
0.087232
0.0848814
0.0782026
0.0715437
0.0463523
0.0261489
0.0331346
0.0457381
0.0753048
0.124434
0.137287
0.140644
0.135675
0.122019
0.0922493
0.0741951
0.0711649
0.0651758
0.0802884
0.0757588
0.0774367
0.0864318
0.0954668
0.0934862
0.0624773
0.0314183
0.013914
-0.0121469
-0.0366484
-0.0699264
-0.0918689
-0.100597
-0.113923
-0.103888
-0.0982715
-0.0957537
-0.106711
-0.119307
-0.0790341
-0.0447591
-0.0188206
-0.00962552
-0.00448876
-0.0126767
-0.0146171
0.00300475
-0.00390363
-0.0191287
-0.0240478
-0.0173416
-0.00501765
0.0311368
0.0517175
0.057784
0.0462475
0.0198471
0.014828
0.00617047
0.0265113
0.0596471
0.0806177
0.0935115
0.0645222
0.0399311
0.00815284
-0.0160584
0.00619177
0.0203352
0.0303403
0.0148456
0.0137952
0.00719696
-0.0103968
-0.0127267
-0.024113
-0.0316808
-0.0441566
-0.0536436
-0.067029
-0.068979
-0.088362
-0.0959796
-0.0914322
-0.0901134
-0.0880649
-0.0936034
-0.0665748
-0.0462036
-0.00225188
0.00708376
-0.0120992
-0.0238851
-0.0300032
-0.00925206
-0.010722
-0.00785372
-0.0201793
-0.0225189
-0.0371635
-0.0402328
-0.0580361
-0.0593661
-0.0413737
-0.0414741
-0.0307288
-0.00843816
0.00315681
-0.0279011
-0.0271918
-0.0145172
-0.0063408
0.0245965
0.0368113
0.0613212
0.0898995
0.0913886
0.100175
0.0991951
0.0883992
0.0746544
0.0395383
0.00648137
-0.0125012
-0.0198584
-0.0253363
-0.0408702
-0.0371318
-0.046818
-0.0500968
-0.0612124
-0.0562844
-0.0468482
-0.0425
-0.00280584
0.0216444
0.0334797
0.0281619
0.0209448
0.0459349
0.0486839
0.028742
0.0168469
0.0232944
0.0283525
0.047515
0.0808519
0.0774035
0.0767539
0.0640392
0.0311626
0.0141897
0.00601324
0.00824263
0.00478431
-0.00836011
-0.0183358
-0.0163862
-0.0126074
0.0157117
0.0394526
0.0419919
0.0552071
0.0502395
0.0454219
0.0321876
0.00223009
-0.00820525
-0.0146822
-0.0105733
-0.000876621
0.000533363
0.012889
0.031852
0.0521744
0.0678687
0.0906602
0.106325
0.121929
0.131366
0.121131
0.0883945
0.0506303
0.0145654
0.0316893
0.0603686
0.081131
0.097835
0.0739654
0.0464672
0.00113618
-0.00947875
-0.0165751
0.00517708
0.00322872
-0.00700631
-0.0146224
-0.030815
-0.031104
-0.0205872
0.00327414
-0.00806037
-0.00998864
-0.0273607
-0.0363261
-0.0365151
-0.0527675
-0.0624526
-0.0794448
-0.0785941
-0.0649785
-0.0745736
-0.0721735
-0.0857169
-0.0740005
-0.082476
-0.107085
-0.112472
-0.107712
-0.100794
-0.113108
-0.107639
-0.124071
-0.131847
-0.123119
-0.109094
-0.0973271
-0.0900088
-0.0871187
-0.0920355
-0.110017
-0.122301
-0.125368
-0.121978
-0.0942982
-0.0572817
-0.0359789
-0.0285206
-0.0104365
0.00972679
0.0243623
0.0196455
0.0136893
0.0138406
0.0167908
0.0164823
-0.0241101
-0.0644925
-0.0902908
-0.098586
-0.0960457
-0.0678356
-0.038116
-0.0368051
-0.0245786
-0.0128418
-0.000435345
0.00717306
0.0252973
0.0430016
0.0641646
0.0763012
0.0847193
0.100524
0.123727
0.133794
0.106626
0.0858463
0.0605079
0.0460052
0.0491654
0.0694488
0.0878729
0.115353
0.118034
0.113197
0.103762
0.0910191
0.0863125
0.0805863
0.0776589
0.0483621
0.0130278
-0.0235861
-0.0232547
-0.00513051
-0.017734
-0.0307473
-0.027717
-0.0300946
-0.0473362
-0.0775227
-0.0863177
-0.0862663
-0.0891637
-0.0861934
-0.0727873
-0.0664684
-0.0510432
-0.0388266
-0.0381955
-0.020871
-0.00887438
-0.00618406
0.00337351
0.0182689
0.0225386
0.027518
0.0214218
0.0323887
0.0342093
0.0494146
0.0744459
0.0795252
0.112833
0.132566
0.117104
0.116346
0.100683
0.0730053
0.0750357
0.0770262
0.0846243
0.0839458
0.0725915
0.0552496
0.0289012
0.0187264
0.0183377
0.0188786
0.0275162
0.0317255
0.0373443
0.0173034
0.00959745
0.0196644
0.0224542
0.0288826
0.0267344
0.0357917
0.00645428
-0.023303
-0.0352873
-0.0536392
-0.0492102
-0.0384337
-0.040892
-0.0370328
-0.0271161
-0.0387608
-0.0481264
-0.0583117
-0.0631492
-0.0713253
-0.0711349
-0.0730836
-0.0986928
-0.111707
-0.142205
-0.140845
-0.134607
-0.128539
-0.105308
-0.113264
-0.0658532
-0.063394
-0.0711108
-0.037564
-0.0330558
-0.0253188
-0.0116442
0.00469923
0.0212925
0.0336475
0.0211924
0.00386916
-0.0163429
-0.0191121
-0.0130948
0.0186622
0.0669525
0.107786
0.110214
0.0867133
0.0641918
0.049787
0.048357
0.0583823
0.0700769
0.08554
0.0821006
0.0502824
0.0302096
0.0140951
0.0171329
0.0294069
0.0284063
0.0171196
0.0052332
0.00458221
0.00485081
0.0282701
0.0627349
0.0936511
0.106325
0.0894996
0.0725448
0.0654902
0.0588445
0.0832969
0.0941927
0.0896015
0.104744
0.0892908
0.0737992
0.058868
0.0545226
0.0710572
0.0658554
0.0583975
0.0352298
0.0275648
0.0159009
-0.0167714
-0.0392936
-0.0436812
-0.0289245
-0.0241894
-0.0254551
-0.032309
-0.0513581
-0.0515789
-0.0439007
-0.0483428
-0.0378462
-0.0451379
-0.0515581
-0.0642263
-0.0814255
-0.0771436
-0.0825926
-0.0853091
-0.0747744
-0.0726333
-0.0766329
-0.087686
-0.0825017
-0.0723244
-0.0631559
-0.0601346
-0.062661
-0.0585983
-0.0466811
-0.0339284
-0.0313105
-0.0350908
-0.0408832
-0.0294966
-0.0246711
-0.00796742
-0.00038847
-0.00813136
-0.0158979
-0.0232289
-0.0108146
-0.00411168
-0.00902419
2.90202e-05
0.00161768
0.00221348
0.00211419
0.00806542
0.0158269
0.0250917
0.0338265
0.0324637
0.0389923
0.0378834
0.0283725
0.0146544
0.00168642
-0.00499663
-0.00569472
-0.00530548
0.00314268
0.00407225
-0.00369944
-0.00161283
-0.00547784
0.00171435
0.00125927
-0.00192174
0.00474516
0.00172611
-0.000627388
-0.00856361
-0.010046
-0.00856512
-0.00763143
-0.0061427
-0.00432942
-0.00779588
-0.0105129
-0.00823781
-0.00796625
-0.00408476
-0.00189853
0.00298177
0.00388913
0.00622274
0.00536848
0.00324373
0.00301501
0.00337699
0.00816667
0.0106147
0.0121873
0.0140787
0.0157215
0.0166367
0.0150355
0.0134006
0.0116991
0.00900881
0.00871059
0.0087073
0.00826361
0.00785264
0.0071871
0.00727554
0.00772717
0.00720932
0.00798158
0.00773649
0.00845574
0.0101251
0.0098427
0.0100336
0.0104734
0.0101709
0.00888493
0.00610579
0.00418417
0.00324547
0.00179621
0.00151336
0.00107798
0.000736726
0.000507306
0.00034221
0.000248328
0.000117353
-9.47416e-05
-0.000557934
-0.000456859
-0.000382098
-0.000474024
-0.000484729
-0.00093961
-0.000803962
-0.000669666
-0.000776414
-0.000660984
-0.000769282
-0.000777037
-0.000969213
-0.00117245
-0.00115133
-0.00109911
-0.00115731
-0.00118893
-0.00126329
-0.0013322
-0.00138792
-0.00143463
-0.00139609
-0.00137665
-0.00133481
-0.00130724
-0.00127621
-0.00124068
-0.00118677
-0.00113168
-0.001076
-0.000995378
-0.00093121
-0.000885676
-0.000851692
-0.000822678
-0.00079318
-0.000774715
-0.000760366
-0.000746891
-0.000737942
-0.000732738
-0.000732384
-0.000735315
-0.000741186
-0.000749202
-0.000759166
-0.000770727
-0.000783593
-0.000797486
-0.000812021
-0.000826921
-0.000842007
-0.000857193
