-0.00131947
-0.00130535
-0.00129129
-0.00127741
-0.00126431
-0.00124815
-0.00123196
-0.00121697
-0.00120887
-0.00119347
-0.00118373
-0.00117059
-0.00114868
-0.00114455
-0.00111987
-0.00110546
-0.00110108
-0.00107656
-0.00107462
-0.00104757
-0.00103301
-0.00103522
-0.00102219
-0.00102911
-0.000996277
-0.000948362
-0.00097051
-0.000944176
-0.000915999
-0.000870289
-0.000903043
-0.000836628
-0.000819699
-0.00090153
-0.000848352
-0.000856755
-0.000774372
-0.000758258
-0.00087131
-0.000725838
-0.000738132
-0.000663539
-0.000739504
-0.00079121
-0.000712389
-0.000627652
-0.000648243
-0.000633181
-0.000578027
-0.000519717
-0.000588064
-0.000483086
-0.00041803
-0.000639215
-0.000577607
-0.000615746
-0.000550795
-0.000426795
-0.000409847
-0.000451698
-0.00037578
-0.000483911
-0.000470544
-0.000589739
-0.000375598
-0.000500571
-0.000561451
-0.000181531
-0.000314458
-0.000220929
-0.000364092
-0.000186155
-0.000421659
-0.000324248
-0.000222489
-0.000116401
-9.89621e-05
-0.000271319
-0.000645971
-0.000343859
-0.000231724
-0.00011479
-0.000205319
-0.000192071
-0.000288895
5.9426e-05
7.70739e-05
9.48257e-05
-6.84838e-06
-0.000477207
0.000271412
-8.67108e-05
5.49138e-05
-6.04363e-05
-0.000179991
0.000236712
-2.1027e-05
-7.90498e-06
5.21906e-06
-0.000125911
-0.00040881
0.000194017
-9.35759e-05
0.000224976
0.000396853
0.000572959
0.000593067
0.000286742
0.000302177
0.000317673
0.000333116
0.000521291
0.000188811
0.000556801
0.000574526
0.000410262
0.000241298
0.000441109
0.000645473
0.000280666
0.000293768
0.00108945
0.000518061
0.000333152
-5.82143e-05
-0.000253669
-4.08475e-05
0.00101258
0.000398737
0.000198992
-0.000436647
0.000220945
0.000451307
0.000242995
0.000701932
0.00026508
0.000732412
0.00074764
0.000762901
0.00124669
0.00150254
0.000569783
0.000582963
0.00059621
0.0010985
0.000868991
0.000635726
0.00139896
-9.2669e-05
0.000168188
0.000944411
0.000959417
0.000715033
0.00020684
0.00100433
0.000491057
0.000768034
0.000781304
0.000794538
0.00107895
0.00109377
0.00110861
0.0016741
0.000584541
0.000874177
0.000608194
0.000900786
0.00176221
0.00121176
0.000655942
0.000954057
0.00154394
0.00127025
0.00157552
0.00129928
0.000435545
0.000446642
0.000753101
0.00106083
0.00137158
0.00108752
0.000802479
0.0014145
0.00112762
0.000839847
0.000852395
0.00116766
0.000877556
0.00149963
0.00181968
0.00183437
0.00184902
0.00124786
0.00187804
0.00127457
0.00221535
0.00161129
0.00100537
0.00163887
0.00103135
0.00259968
0.00168
0.00138156
0.00108368
0.00203316
0.00111006
0.00206042
0.0014483
0.00208732
0.00210077
0.00148833
0.00150163
0.00182777
0.00246577
0.00154122
0.00186725
0.00188028
0.00189331
0.00221919
0.00191927
0.00224501
0.00194499
0.00164492
0.00134577
0.00198317
0.00137116
0.00138368
0.00170814
0.00140884
0.00204609
0.00237138
0.00269568
0.00208321
0.0014708
0.00148302
0.0014952
0.00181922
0.00183138
0.00215618
0.00248103
0.00124235
0.00187895
0.00251652
0.00127782
0.00222715
0.00130124
0.00287517
0.00163726
0.00227346
0.00259782
0.00198338
0.00136993
0.00231885
0.00201722
0.00265412
0.00203955
0.00205046
0.00206145
0.00176047
0.00302088
0.00240686
0.00241766
0.00274118
0.00243888
0.00276231
0.00277283
0.00309512
0.00216788
0.00217815
0.00218848
0.00313625
0.00189691
0.00346923
0.00160399
0.00286433
0.00224851
0.0016335
0.00226798
0.00196573
0.00135056
0.00198475
0.00293187
0.00231543
0.00201286
0.00233396
0.00140651
0.00266505
0.00142475
0.00268315
0.00362973
0.0020761
0.00146015
0.00240535
0.00210215
0.00304824
0.00274384
0.00275216
0.00244763
0.00183108
0.00277698
0.00340976
0.00279298
0.0037386
0.002496
0.0015671
0.00344908
0.00345671
0.00283955
0.00284701
0.00254155
0.00254885
0.00286903
0.00287618
0.00350803
0.00195266
0.00289726
0.00259122
0.00291088
0.00323043
0.0019866
0.00261776
0.00231242
0.00231879
0.00201224
0.00264315
0.00233742
0.00203062
0.00234951
0.00204247
0.00267307
0.00267867
0.00237245
0.00237801
0.00269541
0.00363837
0.00301895
0.00333697
0.00271637
0.00397193
0.00303929
0.00335704
0.00398663
0.00242891
0.00305834
0.00306286
0.00244252
0.00119737
0.00151353
0.00120578
0.00402179
0.00590003
0.00746534
0.00434543
0.000287769
-0.00220772
-0.00407844
-0.00438689
0.00030156
0.0059286
0.0103052
0.0112449
0.00968657
0.00312916
-0.00374036
-0.00498725
-0.00498448
-0.00810583
-0.00123113
0.00876719
0.0140804
0.0140826
0.0115858
0.000966092
-0.011527
-0.0137115
-0.00433867
0.00534697
0.0150317
0.0234678
0.0215951
-0.000895464
-0.0230726
-0.0290074
-0.0302563
-0.0199469
0.00598169
0.0337831
0.0459671
0.0528399
0.031599
-0.00713619
-0.0193184
-0.0146333
-0.0149452
-0.00182578
0.0184789
0.0172292
0.00973184
0.0097314
-0.00651366
-0.0293174
-0.0249451
-0.00807794
0.00785292
0.0206586
0.0347149
0.0447098
0.0294019
-0.0121459
-0.0352635
-0.0355774
-0.0202735
-0.00403201
0.00565017
0.0287637
0.048754
0.0368817
0.0400029
0.0487472
0.0103233
-0.048407
-0.0534082
-0.0446646
-0.0630976
-0.0243668
0.0493508
0.0824596
0.0752729
0.0274759
-0.0128248
-0.0375057
-0.0443823
-0.00565226
0.0661902
0.102735
0.0761793
0.0221349
-0.0241021
-0.0531573
-0.0334832
-0.0387978
-0.04099
0.00679842
0.0677075
0.0917553
0.0901892
0.0745659
0.0202074
-0.00260235
0.0167593
0.00675794
-0.0529119
-0.0922773
-0.118523
-0.128526
-0.0591855
0.0426432
0.103238
0.131971
0.156955
0.130085
0.0576075
0.00230978
-0.01644
-0.0579935
-0.0633108
-0.0373915
-0.0402096
-0.0517754
-0.088955
-0.108331
-0.0792887
-0.0115113
0.0625144
0.133728
0.182139
0.205872
0.172753
0.0834065
-0.00844049
-0.0965391
-0.201194
-0.254308
-0.183097
-0.0672154
0.0442941
0.174858
0.281058
0.278864
0.151406
-0.0113502
-0.124128
-0.193798
-0.203181
-0.17008
-0.0919971
0.00889044
0.042618
-0.00737189
-0.0573626
0.00197655
0.154094
0.249983
0.275902
0.221541
0.0400407
-0.183006
-0.325462
-0.409192
-0.417952
-0.282396
-0.0340696
0.169901
0.298277
0.378234
0.326994
0.217964
0.119554
0.00771285
-0.125685
-0.19442
-0.173815
-0.161646
-0.100434
0.0560536
0.144132
0.0947643
0.0800707
0.141283
0.112219
0.0253658
0.0918887
0.226822
0.185888
0.00563579
-0.0952763
-0.154641
-0.238685
-0.165292
0.0795957
0.304805
0.418809
0.397869
0.283839
0.0617283
-0.232546
-0.37063
-0.368459
-0.286321
-0.159199
-0.0136476
0.189382
0.30651
0.277445
0.158728
0.0453219
-0.0371611
-0.119644
-0.102168
0.0330758
0.185813
0.205166
0.147985
0.110173
0.0904778
0.0707833
-0.00576471
-0.0288972
0.0910382
0.16943
0.0960065
-0.00896742
-0.0642752
-0.0655414
-0.00339649
0.188387
0.420466
0.524158
0.502902
0.325145
-0.0584664
-0.301513
-0.211568
-0.0104161
0.192923
0.397512
0.481214
0.351564
0.183178
-0.00613886
-0.237939
-0.265136
-0.0521149
0.0846903
0.102478
0.178681
0.144618
-0.146534
-0.358655
-0.269961
-0.134722
-0.0422765
0.101399
0.18385
0.153845
0.186626
0.245649
0.167539
-0.0117819
-0.229839
-0.412596
-0.518824
-0.518843
-0.441394
-0.320837
-0.134993
0.0749049
0.288864
0.393181
0.3385
0.223841
0.0907506
0.00607949
-0.0617256
-0.167015
-0.21389
-0.290128
-0.427594
-0.424803
-0.226466
0.010608
0.109301
0.152391
0.26639
0.299172
0.16952
0.059545
0.00579706
-0.0879346
-0.193226
-0.195434
-0.0898689
-0.0664596
-0.0992785
-0.0199554
0.131841
0.21429
0.143362
0.093363
0.125519
0.0780202
-0.11286
-0.329981
-0.382481
-0.36782
-0.293496
-0.0511141
0.187211
0.23561
0.223409
0.399255
0.57573
0.46357
0.338602
0.389188
0.284212
-0.126579
-0.280291
-0.104444
-0.185055
-0.33533
-0.132308
0.197541
0.344027
0.403359
0.471752
0.457052
0.302409
0.166507
0.0649657
-0.124978
-0.224022
-0.120335
0.00834444
0.0433118
-0.00918633
-0.0151429
0.184759
0.421209
0.326543
-0.00834149
-0.211094
-0.211115
-0.132729
-0.113693
-0.201178
-0.233374
-0.151864
0.00180352
0.187649
0.335382
0.512793
0.812653
1.09597
1.10908
0.765753
0.299988
-0.0042891
-0.225779
-0.474452
-0.579117
-0.583825
-0.687551
-0.852505
-0.906256
-0.677309
-0.160349
0.361613
0.604314
0.581811
0.343768
-0.0476589
-0.34037
-0.523443
-0.7365
-0.961745
-0.971138
-0.708141
-0.481685
-0.437658
-0.426117
-0.383341
-0.381794
-0.440227
-0.547699
-0.677357
-0.661756
-0.650525
-0.892631
-1.22596
-1.42027
-1.54305
-1.68145
-1.81049
-1.82956
-1.74711
-1.66311
-1.53318
-1.26581
-0.988121
-0.732618
-0.4743
-0.367483
-0.436218
-0.517139
-0.574321
-0.664613
-0.73835
-0.803654
-0.932996
-1.06265
-1.09203
-1.08455
-1.14079
-1.19392
-1.17832
-1.14054
-1.13682
-1.17526
-1.26241
-1.35615
-1.4077
-1.42084
-1.369
-1.28374
-1.26064
-1.28253
-1.27941
-1.25039
-1.15638
-0.933363
-0.59601
-0.194006
0.210511
0.55754
0.802432
0.923615
0.936725
0.984811
1.19378
1.43679
1.56892
1.66948
1.84658
2.04868
2.14707
2.10363
2.00647
1.95929
1.99489
2.1114
2.26413
2.38563
2.48589
2.58927
2.69046
2.79166
2.83976
2.79727
2.69386
2.51361
2.27244
2.03722
1.81698
1.57019
1.28217
0.965727
0.631466
0.31627
0.0654142
-0.0829757
-0.107671
-0.0533286
0.035995
0.104397
0.0365984
-0.231114
-0.593173
-0.864325
-0.964303
-0.982744
-1.05524
-1.18082
-1.28954
-1.33766
-1.28238
-1.15151
-1.07873
-1.12466
-1.19059
-1.16436
-1.06035
-0.996011
-1.03601
-1.12629
-1.20471
-1.2369
-1.21755
-1.24192
-1.36219
-1.47185
-1.4981
-1.49093
-1.49531
-1.49969
-1.47315
-1.42506
-1.4057
-1.40259
-1.35824
-1.28547
-1.21676
-1.17272
-1.1693
-1.16556
-1.12152
-1.04188
-0.974725
-0.932878
-0.913516
-0.921649
-0.925095
-0.907613
-0.892935
-0.916063
-0.960428
-0.97356
-0.928898
-0.836135
-0.741494
-0.656852
-0.549712
-0.418839
-0.288583
-0.171455
-0.0565043
0.0684336
0.179636
0.258968
0.335809
0.432009
0.525094
0.61942
0.715318
0.803708
0.90461
1.02736
1.16261
1.31535
1.48778
1.6424
1.78452
1.93383
2.07908
2.20902
2.3299
2.44985
2.55075
2.62227
2.66975
2.69099
2.7163
2.73753
2.73971
2.7347
2.72845
2.72158
2.71127
2.69439
2.65097
2.57038
2.43667
2.23145
1.97248
1.7079
1.45643
1.24308
1.10156
1.04033
1.04157
1.07531
1.09716
1.05031
0.928162
0.783218
0.692935
0.660445
0.658875
0.665745
0.65137
0.61357
0.579515
0.556397
0.550457
0.535149
0.498593
0.475163
0.483591
0.512951
0.569797
0.641329
0.702239
0.759089
0.811563
0.828119
0.798128
0.756581
0.717217
0.659428
0.610383
0.576021
0.52041
0.445753
0.374525
0.31861
0.249256
0.159292
0.0896272
0.0836906
0.108675
0.0883722
-0.00628239
-0.145601
-0.279304
-0.384262
-0.471735
-0.548893
-0.606061
-0.647608
-0.728206
-0.843786
-0.942502
-1.00998
-1.04622
-1.03342
-0.974069
-0.908473
-0.842255
-0.742611
-0.61579
-0.527701
-0.523019
-0.566752
-0.602052
-0.640474
-0.748872
-0.922241
-1.06031
-1.11092
-1.105
-1.0444
-0.924139
-0.7817
-0.639573
-0.489324
-0.348444
-0.258169
-0.204131
-0.163524
-0.180393
-0.24693
-0.266614
-0.203518
-0.112931
-0.0304668
0.0432528
0.111661
0.161328
0.166325
0.131963
0.0660508
-0.0392231
-0.166048
-0.26914
-0.349111
-0.417834
-0.459695
-0.455637
-0.393165
-0.309139
-0.256349
-0.216368
-0.195442
-0.234803
-0.339138
-0.459718
-0.562492
-0.640589
-0.679951
-0.672773
-0.666529
-0.658721
-0.590002
-0.461932
-0.347294
-0.291694
-0.262958
-0.22329
-0.189869
-0.19362
-0.237042
-0.308267
-0.373869
-0.408547
-0.438226
-0.480715
-0.494463
-0.471974
-0.473227
-0.500095
-0.49604
-0.454809
-0.404834
-0.357357
-0.326124
-0.316443
-0.293957
-0.2571
-0.233364
-0.234617
-0.236809
-0.235876
-0.23838
-0.224014
-0.199967
-0.200596
-0.215595
-0.200605
-0.160002
-0.138765
-0.143768
-0.140024
-0.117538
-0.112545
-0.131604
-0.16316
-0.181908
-0.163172
-0.126005
-0.0957094
-0.0629158
-0.00638153
0.0576498
0.0985665
0.115741
0.121359
0.0963629
0.0276347
-0.0414068
-0.0992021
-0.171993
-0.187618
-0.0998481
-0.0308197
-0.0617512
-0.0717539
0.013517
0.119094
0.218733
0.303381
0.31993
0.321487
0.358653
0.31304
0.133419
-0.0490172
-0.183346
-0.297685
-0.332367
-0.27084
-0.225242
-0.198072
-0.113115
-0.00566619
0.0702325
0.149255
0.226715
0.280125
0.348526
0.384128
0.348198
0.316639
0.306635
0.252586
0.172296
0.131991
0.101681
0.0204536
-0.0626477
-0.0954586
-0.106714
-0.0861084
-0.0177081
0.0388222
0.0588044
0.0919056
0.137815
0.134056
0.0709471
0.00783614
-0.056523
-0.150248
-0.231478
-0.241173
-0.189017
-0.117496
-0.07721
-0.0778461
-0.0916021
-0.0966123
-0.105371
-0.107882
-0.077906
-0.0301254
-0.00108613
0.0360746
0.0951013
0.0982136
-0.0292465
-0.233866
-0.390691
-0.48348
-0.552216
-0.594713
-0.594728
-0.541015
-0.436385
-0.328316
-0.264918
-0.224636
-0.151867
-0.0550443
0.025847
0.0817484
0.142959
0.213855
0.259134
0.301916
0.389992
0.489625
0.481491
0.327789
0.141601
-0.0483391
-0.319806
-0.595651
-0.799335
-0.963976
-1.05802
-1.08397
-1.10679
-1.04558
-0.865982
-0.689195
-0.546769
-0.448699
-0.399986
-0.307853
-0.151683
-0.0398678
-0.00333625
0.0275723
0.0378648
-0.0155683
-0.0949287
-0.15711
-0.213043
-0.262729
-0.292735
-0.306498
-0.310265
-0.308721
-0.299993
-0.286892
-0.279727
-0.283805
-0.301942
-0.351941
-0.418808
-0.478803
-0.528803
-0.564749
-0.574141
-0.551355
-0.519202
-0.498605
-0.479884
-0.445229
-0.397144
-0.349372
-0.31222
-0.282876
-0.249786
-0.211696
-0.185166
-0.168005
-0.146472
-0.142745
-0.152762
-0.171836
-0.198097
-0.256532
-0.344019
-0.37153
-0.356558
-0.403123
-0.461248
-0.451586
-0.424432
-0.420706
-0.412296
-0.391701
-0.38079
-0.387998
-0.404577
-0.418656
-0.432111
-0.455249
-0.476203
-0.48872
-0.520607
-0.557804
-0.537838
-0.472261
-0.396068
-0.31831
-0.259296
-0.214649
-0.155635
-0.0825623
-0.0076178
0.0632702
0.126031
0.176302
0.207201
0.233106
0.279311
0.330831
0.360168
0.37014
0.382297
0.396956
0.394119
0.371604
0.359395
0.369681
0.394331
0.43304
0.493614
0.563562
0.620701
0.666595
0.716236
0.756822
0.78366
0.822681
0.869198
0.907597
0.938496
0.971583
0.983114
0.95498
0.900289
0.840283
0.787153
0.754327
0.743992
0.754273
0.797978
0.870424
0.947242
1.00251
1.02591
1.04181
1.06522
1.068
1.02955
0.97299
0.908303
0.829867
0.746124
0.666441
0.589883
0.528004
0.480809
0.441735
0.404848
0.376392
0.377303
0.399454
0.401927
0.372535
0.334712
0.315005
0.308419
0.298393
0.283372
0.257416
0.224902
0.191761
0.183613
0.19483
0.197615
0.181967
0.158825
0.152861
0.176263
0.188104
0.14747
0.0677854
-0.0168952
-0.088458
-0.143775
-0.194097
-0.237544
-0.28724
-0.354115
-0.438487
-0.517857
-0.585047
-0.637241
-0.685065
-0.731012
-0.753221
-0.743253
-0.721732
-0.710828
-0.69211
-0.670897
-0.665615
-0.653149
-0.622877
-0.584483
-0.544217
-0.499263
-0.462742
-0.436219
-0.420003
-0.41316
-0.401942
-0.381666
-0.364202
-0.358608
-0.36863
-0.377719
-0.373998
-0.356222
-0.320639
-0.265378
-0.196371
-0.127053
-0.0633548
0.000965171
0.0734097
0.151163
0.226107
0.279495
0.301962
0.300684
0.290035
0.29032
0.29779
0.301511
0.305544
0.312701
0.312362
0.303901
0.294502
0.286353
0.26852
0.234445
0.189747
0.1488
0.116286
0.0965778
0.091552
0.098085
0.11024
0.118022
0.126117
0.141396
0.163236
0.175704
0.163182
0.124422
0.0731655
0.0306558
-0.00154528
-0.0515529
-0.112806
-0.141884
-0.127854
-0.0947703
-0.0473157
0.0104468
0.0632127
0.107855
0.154374
0.204639
0.254281
0.293301
0.32139
0.354475
0.395996
0.445325
0.497156
0.551795
0.610808
0.664199
0.694163
0.709445
0.729099
0.739071
0.705937
0.625321
0.520649
0.41473
0.331925
0.305972
0.335309
0.395573
0.457089
0.497049
0.517327
0.528549
0.511969
0.441663
0.338554
0.239507
0.177007
0.162614
0.170399
0.183182
0.215333
0.245924
0.236216
0.194649
0.138085
0.0609069
-0.0365796
-0.135624
-0.224363
-0.298731
-0.337804
-0.325019
-0.282561
-0.246036
-0.224817
-0.20922
-0.184879
-0.155849
-0.137442
-0.13184
-0.133737
-0.143441
-0.17189
-0.220952
-0.280951
-0.349382
-0.421875
-0.496241
-0.565612
-0.622485
-0.667801
-0.699372
-0.718138
-0.721283
-0.713495
-0.707893
-0.71229
-0.720433
-0.723576
-0.714226
-0.69238
-0.666787
-0.648064
-0.643712
-0.639984
-0.625949
-0.59598
-0.556642
-0.508244
-0.447664
-0.386457
-0.332749
-0.294659
-0.274375
-0.265644
-0.255043
-0.227883
-0.189169
-0.143579
-0.0992414
-0.0564637
0.000369809
0.0834447
0.178074
0.27302
0.358905
0.437294
0.513184
0.571272
0.591871
0.577796
0.555601
0.537779
0.511836
0.470273
0.444329
0.449312
0.453669
0.423664
0.386475
0.376151
0.367076
0.319267
0.251779
0.220526
0.23238
0.256415
0.277641
0.306364
0.352893
0.416602
0.475001
0.507163
0.505275
0.485892
0.450893
0.399336
0.332787
0.275295
0.251853
0.249965
0.250576
0.245876
0.243989
0.252096
0.253334
0.221769
0.167717
0.127407
0.0977196
0.0549096
0.000545106
-0.0585082
-0.127242
-0.207849
-0.291576
-0.375934
-0.463722
-0.554947
-0.640862
-0.720219
-0.786767
-0.83551
-0.873944
-0.903322
-0.913642
-0.900222
-0.859313
-0.802473
-0.738137
-0.657243
-0.55136
-0.420799
-0.289301
-0.175605
-0.098147
-0.0416155
0.00804176
0.0555137
0.0879905
0.110473
0.130142
0.147001
0.159799
0.1676
0.168528
0.15946
0.147269
0.143512
0.148501
0.14443
0.123805
0.0947464
0.0663116
0.0372527
0.000696347
-0.0405458
-0.0771022
-0.109598
-0.144903
-0.181148
-0.202085
-0.205529
-0.199915
-0.188991
-0.172755
-0.156205
-0.144342
-0.13779
-0.13686
-0.136555
-0.133125
-0.133445
-0.151882
-0.173754
-0.182821
-0.174081
-0.164717
-0.165035
-0.169727
-0.169734
-0.162244
-0.154127
-0.159131
-0.170694
-0.177572
-0.186012
-0.193827
-0.193208
-0.191028
-0.193218
-0.194474
-0.19198
-0.190736
-0.181057
-0.169192
-0.172008
-0.182323
-0.185762
-0.179208
-0.166404
-0.151104
-0.132052
-0.114252
-0.102073
-0.0955185
-0.0886496
-0.0780335
-0.0674161
-0.0614851
-0.057428
-0.0483731
-0.0302585
-0.00933322
0.0147163
0.032518
0.0475094
0.0699964
0.0921719
0.107475
0.11497
0.110593
0.101531
0.0918449
0.0868446
0.0930886
0.10808
0.128069
0.147435
0.169298
0.191473
0.2124
0.230204
0.245195
0.24863
0.243317
0.236132
0.225196
0.213012
0.202389
0.196765
0.19645
0.211442
0.239553
0.269855
0.297967
0.316394
0.327326
0.330135
0.333258
0.34419
0.351061
0.344813
0.32732
0.309512
0.295142
0.284833
0.278896
0.282643
0.290452
0.294201
0.287328
0.274207
0.262648
0.25515
0.248902
0.242029
0.231096
0.216102
0.196735
0.171744
0.149252
0.131759
0.117389
0.10708
0.0977082
0.0861507
0.0664705
0.0414794
0.0199259
0.00774213
-0.00506485
-0.0200603
-0.0397395
-0.0556718
-0.0687918
-0.0759763
-0.0781638
-0.0797256
-0.0781645
-0.0706679
-0.053487
-0.0300594
-0.0156902
-0.0128781
-0.0172513
-0.0188134
-0.0275597
-0.0516119
-0.0828494
-0.109402
-0.121898
-0.124397
-0.113152
-0.0894116
-0.0594243
-0.0303725
0.000239798
0.0361645
0.0770849
0.111759
0.136749
0.158928
0.174235
0.179545
0.181419
0.187668
0.187043
0.183608
0.183919
0.187356
0.196727
0.219843
0.258577
0.298875
0.332611
0.359788
0.387589
0.414767
0.440381
0.46256
0.479428
0.495986
0.51223
0.522225
0.524725
0.522539
0.523788
0.529099
0.537533
0.550031
0.563151
0.574707
0.590951
0.614691
0.640618
0.659673
0.663734
0.656238
0.644682
0.635309
0.617817
0.593139
0.571273
0.555029
0.546596
0.528166
0.500054
0.475061
0.457257
0.432891
0.397593
0.361981
0.343864
0.335116
0.317937
0.29357
0.264833
0.237029
0.212353
0.187361
0.15675
0.11489
0.0574141
-0.00693814
-0.0600418
-0.110336
-0.171561
-0.243098
-0.316193
-0.383356
-0.455515
-0.537047
-0.620763
-0.695425
-0.746343
-0.771336
-0.781646
-0.796021
-0.816326
-0.836631
-0.854437
-0.867249
-0.872561
-0.869752
-0.859758
-0.843206
-0.825715
-0.809161
-0.796355
-0.785738
-0.775744
-0.767938
-0.756696
-0.735772
-0.706412
-0.675173
-0.644252
-0.609893
-0.575847
-0.548048
-0.52025
-0.488079
-0.457781
-0.434042
-0.412805
-0.377509
-0.344088
-0.337532
-0.315982
-0.253823
-0.188541
-0.136063
-0.0785905
-0.0145555
0.0391692
0.0857103
0.126628
0.158176
0.175665
0.175038
0.169724
0.163161
0.14098
0.109739
0.0869309
0.0700592
0.0528749
0.0434987
0.0453687
0.053798
0.0525443
0.0487912
0.0472256
0.0462833
0.0381574
0.0200349
-0.010582
-0.0480721
-0.0946211
-0.136172
-0.164915
-0.177417
-0.193665
-0.22116
-0.243344
-0.25522
-0.269283
-0.280534
-0.272731
-0.237439
-0.193088
-0.16373
-0.157801
-0.156558
-0.141882
-0.131892
-0.135022
-0.147211
-0.160338
-0.172525
-0.179092
-0.175975
-0.184103
-0.225343
-0.280953
-0.311886
-0.30221
-0.277538
-0.275984
-0.295359
-0.30505
-0.29881
-0.29257
-0.292891
-0.290088
-0.272914
-0.245745
-0.223262
-0.212337
-0.206722
-0.194547
-0.177688
-0.161452
-0.153026
-0.148037
-0.143047
-0.138994
-0.141814
-0.149632
-0.157451
-0.161208
-0.165276
-0.177469
-0.193096
-0.2056
-0.207795
-0.210617
-0.221559
-0.229379
-0.223765
-0.209406
-0.197232
-0.191932
-0.180071
-0.156028
-0.129174
-0.116689
-0.116073
-0.116396
-0.114531
-0.116728
-0.131107
-0.152359
-0.169238
-0.17456
-0.169259
-0.160837
-0.147728
-0.129309
-0.10183
-0.0715416
-0.043438
-0.0265809
-0.0187812
-0.0216043
-0.0366088
-0.0559876
-0.0678687
-0.0747528
-0.0844471
-0.103514
-0.116333
-0.114471
-0.104486
-0.0979396
-0.0729614
-0.0339265
-0.0120714
-0.0111461
-0.0042854
0.00663467
0.0153697
0.0137959
0.00410005
-0.0084078
-0.0159168
-0.0237398
-0.031249
-0.0303248
-0.0219036
-0.0122329
-0.0028739
0.0077333
0.0283383
0.0483169
0.0561137
0.0645338
0.0732676
0.0766905
0.0754281
0.0669798
0.0547847
0.0491481
0.0497595
0.0500573
0.0531679
0.0572151
0.0643859
0.0715567
0.0765417
0.0812125
0.0836976
0.0921178
0.1021
0.102398
0.092076
0.0839396
0.083613
0.0870349
0.0926434
0.105123
0.116667
0.124462
0.127259
0.126307
0.126606
0.128153
0.131573
0.139055
0.149662
0.158706
0.1665
0.173357
0.179278
0.18551
0.191743
0.199224
0.206707
0.216374
0.226668
0.239772
0.250691
0.262234
0.270965
0.274698
0.275308
0.26842
0.254347
0.237776
0.215271
0.199636
0.192123
0.191794
0.194903
0.196449
0.201119
0.209225
0.21827
0.223564
0.225421
0.228217
0.234448
0.242554
0.25472
0.263763
0.268746
0.270604
0.269025
0.266199
0.264309
0.265542
0.269586
0.274881
0.278302
0.275162
0.270771
0.266382
0.264492
0.262602
0.260086
0.253822
0.241937
0.230363
0.223474
0.219396
0.212196
0.202496
0.194671
0.188094
0.181831
0.177754
0.178049
0.185529
0.195197
0.203927
0.210783
0.21514
0.214499
0.213858
0.21509
0.222883
0.2338
0.24503
0.24595
0.239374
0.233736
0.23247
0.233703
0.231499
0.229921
0.225219
0.218018
0.218314
0.228919
0.242647
0.253564
0.263544
0.271337
0.26976
0.26537
0.264729
0.267839
0.271259
0.272803
0.275597
0.274644
0.266194
0.258368
0.254916
0.259898
0.268004
0.27892
0.29015
0.298881
0.307299
0.312905
0.316638
0.32412
0.32473
0.315029
0.303456
0.287196
0.270001
0.252803
0.23061
0.205292
0.186222
0.177771
0.178069
0.177428
0.170541
0.160841
0.147395
0.138008
0.129559
0.119234
0.0995396
0.0782821
0.0554649
0.0307706
0.00451685
-0.0198644
-0.0361224
-0.0483214
-0.0564575
-0.0627208
-0.0667955
-0.0686853
-0.0690124
-0.0696528
-0.0715411
-0.0756166
-0.0806285
-0.0903279
-0.102837
-0.118158
-0.134728
-0.150049
-0.165681
-0.181315
-0.196636
-0.20977
-0.217593
-0.220107
-0.219496
-0.217637
-0.216401
-0.218914
-0.222051
-0.219254
-0.216144
-0.216157
-0.218357
-0.220245
-0.223382
-0.228081
-0.235278
-0.24154
-0.247488
-0.25125
-0.250638
-0.247216
-0.245354
-0.24443
-0.241944
-0.236646
-0.2276
-0.222926
-0.227625
-0.237009
-0.241081
-0.24453
-0.251726
-0.260485
-0.266433
-0.276753
-0.286761
-0.29271
-0.294283
-0.293357
-0.292744
-0.289944
-0.293704
-0.300275
-0.306534
-0.305921
-0.295936
-0.285326
-0.281901
-0.280037
-0.278799
-0.275686
-0.278195
-0.286017
-0.290087
-0.285412
-0.285109
-0.290742
-0.296688
-0.300447
-0.296396
-0.28235
-0.267677
-0.255505
-0.243019
-0.230221
-0.221797
-0.220868
-0.229312
-0.239006
-0.246825
-0.259327
-0.287761
-0.326817
-0.361499
-0.381812
-0.389942
-0.388389
-0.379964
-0.361854
-0.339683
-0.311265
-0.284096
-0.262862
-0.246939
-0.23164
-0.219153
-0.213849
-0.216356
-0.221985
-0.223554
-0.222936
-0.221069
-0.215766
-0.206088
-0.191413
-0.177675
-0.165811
-0.155822
-0.148017
-0.140839
-0.14022
-0.145849
-0.154912
-0.163353
-0.165857
-0.160552
-0.153372
-0.145256
-0.136514
-0.1234
-0.107785
-0.0946704
-0.0824915
-0.070626
-0.0575098
-0.0450193
-0.0400247
-0.0462763
-0.055339
-0.0540936
-0.0475363
-0.045041
-0.0466062
-0.0450474
-0.037866
-0.0275604
-0.0222528
-0.0213181
-0.0216332
-0.0225725
-0.0266357
-0.0328857
-0.0397597
-0.0494452
-0.0600673
-0.066005
-0.0719409
-0.0738172
-0.0628855
-0.0488298
-0.0397721
-0.0410229
-0.0453966
-0.0444602
-0.0360268
-0.0238447
-0.0104119
-0.000729438
0.00583152
0.0108291
0.0158277
0.0183266
0.0158285
0.0173898
0.0283245
0.047379
0.0629995
0.0748704
0.0839314
0.0883055
0.0879948
0.094868
0.108928
0.122674
0.128924
0.131737
0.140174
0.153295
0.174852
0.202967
0.230773
0.253578
0.268889
0.281387
0.288887
0.292326
0.293893
0.299207
0.309832
0.319519
0.325148
0.327338
0.329841
0.330783
0.325478
0.318923
0.313617
0.309562
0.307381
0.307699
0.311765
0.318018
0.32396
0.330525
0.333655
0.332412
0.327111
0.320871
0.316813
0.31151
0.304645
0.299029
0.295599
0.290297
0.282808
0.273756
0.265329
0.261276
0.258785
0.25442
0.246619
0.239131
0.234454
0.222906
0.207295
0.186687
0.164205
0.142973
0.125176
0.111129
0.0967695
0.0820975
0.0746095
0.0677477
0.0580744
0.0421536
0.0221715
0.00593888
-0.00935677
-0.025902
-0.0436975
-0.0555565
-0.060231
-0.0655302
-0.0730162
-0.0848746
-0.0932972
-0.100782
-0.102333
-0.100133
-0.0982474
-0.0960487
-0.0997849
-0.11008
-0.1235
-0.133483
-0.141592
-0.15095
-0.156872
-0.160607
-0.154659
-0.140589
-0.119334
-0.0924559
-0.0655774
-0.0365129
-0.0136944
-0.000247204
0.00632709
0.00603008
0.0022967
-0.00955836
-0.0254749
-0.0357686
-0.0395019
-0.0422974
-0.0447808
-0.042891
-0.0322545
-0.0159951
0.000264641
0.0165243
0.0309102
0.0459207
0.0546841
0.0568882
0.050658
0.0419287
0.0294508
0.0125999
-0.00799949
-0.0242267
-0.0304567
-0.0245037
-0.0132404
0.00489504
0.0289666
0.0502262
0.0661757
0.0765031
0.0818319
0.0821635
0.0778098
0.074392
0.0756603
0.079428
0.0838207
0.0891509
0.0972923
0.109494
0.121697
0.125466
0.125486
0.129255
0.133024
0.132732
0.127754
0.119029
0.104993
0.0915818
0.0791073
0.0700699
0.065405
0.0619905
0.0660721
0.0757776
0.0861074
0.093939
0.103332
0.117723
0.128678
0.132449
0.134346
0.136556
0.13658
0.131917
0.124754
0.122278
0.125424
0.130757
0.136403
0.145485
0.158316
0.170522
0.177418
0.179316
0.176216
0.168119
0.159083
0.150049
0.139764
0.130418
0.121695
0.114535
0.111436
0.109274
0.110236
0.110885
0.112785
0.114684
0.118144
0.121294
0.12538
0.129155
0.131366
0.134828
0.136729
0.136755
0.133656
0.131184
0.127461
0.12249
0.117517
0.113795
0.109448
0.103853
0.097943
0.0914106
0.0883133
0.0880276
0.0861799
0.079648
0.072178
0.0672075
0.065047
0.0585153
0.0501077
0.0445129
0.0420409
0.0367591
0.0264777
0.0190088
0.0174747
0.0156288
0.0109703
0.00506403
0.00634123
0.0104302
0.016081
0.0189218
0.0220734
0.0239766
0.0218177
0.016537
0.00563171
-0.0090201
-0.0217996
-0.0327038
-0.0451703
-0.0588853
-0.0701023
-0.077257
-0.0797272
-0.0778233
-0.0759204
-0.0746411
-0.0749247
-0.0720831
-0.0683053
-0.0673386
-0.0713696
-0.0744632
-0.0769328
-0.0794017
-0.0849946
-0.0912119
-0.0933695
-0.0899026
-0.0833134
-0.0779721
-0.0735691
-0.0704146
-0.0675733
-0.0700416
-0.0762589
-0.0818507
-0.0890044
-0.0952211
-0.101751
-0.109529
-0.122306
-0.132896
-0.137864
-0.140644
-0.141238
-0.144018
-0.141489
-0.134586
-0.128932
-0.123278
-0.116375
-0.106659
-0.0972569
-0.0900414
-0.0853242
-0.0796699
-0.0737039
-0.0680495
-0.0664558
-0.0714219
-0.0813865
-0.0901012
-0.096318
-0.100972
-0.105313
-0.108405
-0.113684
-0.1174
-0.119867
-0.120148
-0.121366
-0.126019
-0.131923
-0.137826
-0.144354
-0.155255
-0.169592
-0.178931
-0.186397
-0.192613
-0.197578
-0.197234
-0.193766
-0.187799
-0.18027
-0.170554
-0.159276
-0.147687
-0.138595
-0.131691
-0.129159
-0.131001
-0.131594
-0.133749
-0.140901
-0.147741
-0.149895
-0.148613
-0.147643
-0.148549
-0.151327
-0.154107
-0.149389
-0.140923
-0.132768
-0.127738
-0.121145
-0.112366
-0.105149
-0.104804
-0.106021
-0.105989
-0.106269
-0.107173
-0.110265
-0.112419
-0.115822
-0.117352
-0.119194
-0.116975
-0.112257
-0.108163
-0.10657
-0.106849
-0.105255
-0.10491
-0.104878
-0.107969
-0.112934
-0.116026
-0.12349
-0.130018
-0.140607
-0.151507
-0.157411
-0.157065
-0.150474
-0.14107
-0.130417
-0.119452
-0.105674
-0.094085
-0.0846815
-0.0787137
-0.0780562
-0.0802111
-0.0867381
-0.0935782
-0.10323
-0.113506
-0.122533
-0.126875
-0.12528
-0.119938
-0.106162
-0.088949
-0.0717366
-0.056086
-0.0423093
-0.0322813
-0.0278756
-0.0315921
-0.0393688
-0.0499577
-0.0614839
-0.0751966
-0.0901589
-0.0985611
-0.0991539
-0.0934997
-0.0862838
-0.075319
-0.0587317
-0.0383955
-0.0177468
-0.00584493
-0.00112685
0.000154122
-0.00137639
-0.00977849
-0.0184943
-0.0268967
-0.034987
-0.042141
-0.0421096
-0.0342688
-0.0242414
-0.0157768
-0.00668592
0.00615285
0.0193044
0.028394
0.0293628
0.0265818
0.0222398
0.0182104
0.00949503
-0.00171968
-0.00949865
-0.0129045
-0.0113113
-0.0103431
-0.0100003
-0.0130935
-0.0127509
-0.00928391
-0.0067542
-0.00172581
0.0058018
0.0120795
0.0146092
0.0102661
0.00779757
0.00814043
0.0097322
0.010387
0.0144786
0.0201311
0.0282831
0.0364346
0.0452113
0.0561736
0.0671377
0.0793496
0.0909377
0.100338
0.108177
0.11383
0.118546
0.120136
0.120166
0.117072
0.118664
0.120254
0.119972
0.118127
0.118468
0.116623
0.115092
0.113871
0.111713
0.110181
0.111459
0.111488
0.106206
0.1003
0.10314
0.105356
0.100387
0.0907314
0.0885739
0.0936004
0.0980022
0.0977178
0.0968102
0.0999624
0.101864
0.0981444
0.0888012
0.0794582
0.0754246
0.0776398
0.0789174
0.0764464
0.0742869
0.0702544
0.0662208
0.0606258
0.0537811
0.0491236
0.049463
0.0523024
0.0523296
0.049858
0.0476982
0.0474135
0.0524386
0.05965
0.0656128
0.0700131
0.0737885
0.0766263
0.0779029
0.077305
0.0779565
0.0804821
0.0842577
0.0889705
0.093057
0.094333
0.095609
0.0996967
0.105658
0.110057
0.111958
0.114483
0.117633
0.118908
0.117685
0.116774
0.11805
0.117763
0.117789
0.113754
0.107532
0.102247
0.0963376
0.0926145
0.0926397
0.0945392
0.102062
0.10771
0.11242
0.117443
0.126527
0.133112
0.134387
0.136599
0.140373
0.138836
0.131987
0.12514
0.11798
0.114568
0.112718
0.112117
0.11058
0.110917
0.113752
0.113152
0.110677
0.104454
0.0951063
0.0845098
0.071101
0.0573806
0.0414732
0.0258782
0.0155926
0.00718267
0.00189474
0.000668721
0.00412833
0.00727558
0.0101093
0.0120068
0.0164029
0.0204876
0.0245707
0.0277175
0.0318018
0.0333863
0.0330969
0.0321821
0.0322046
0.0309778
0.0310001
0.0288367
0.0235481
0.0163866
0.0114106
0.00924584
0.00302027
-0.00507918
-0.00943078
-0.0115957
-0.011886
-0.0109274
-0.0118424
-0.0171313
-0.0230446
-0.0220863
-0.0164422
-0.0167323
-0.0232716
-0.0291848
-0.0257281
-0.022583
-0.0253729
-0.0294131
-0.0293923
-0.0274969
-0.0315367
-0.0377633
-0.0377426
-0.0308496
-0.0208331
-0.0139401
-0.00798507
0.00296909
0.0167341
0.0258141
0.0295829
0.0308528
0.0330592
0.032143
0.027165
0.0196883
0.0118983
0.00629572
-0.000556927
-0.00553497
-0.00957678
-0.0114312
-0.00953757
-0.00764345
-0.0116845
-0.0157262
-0.015707
-0.0147498
-0.0172297
-0.020647
-0.0218776
-0.0209207
-0.0221514
-0.0268183
-0.0299232
-0.0311537
-0.0323846
-0.0351765
-0.0392193
-0.0432608
-0.044492
-0.0460356
-0.049141
-0.0519333
-0.0544142
-0.0556453
-0.0546906
-0.0556088
-0.0577782
-0.0615084
-0.0636766
-0.0636584
-0.0664526
-0.0733067
-0.0814108
-0.0879524
-0.0916837
-0.0972887
-0.103832
-0.109124
-0.107858
-0.104092
-0.103763
-0.105307
-0.10123
-0.0971516
-0.0940098
-0.0936808
-0.0914765
-0.0898982
-0.090193
-0.0948622
-0.0982812
-0.0979526
-0.0954367
-0.0922964
-0.091967
-0.0894515
-0.0828756
-0.0769236
-0.067849
-0.0615852
-0.0562578
-0.0521812
-0.0477917
-0.0437143
-0.0383882
-0.0339991
-0.0292969
-0.0249078
-0.019582
-0.0123812
-0.00643067
0.00201954
0.0139056
0.0245419
0.0329924
0.038318
0.0405206
0.0414726
0.0414881
0.0430659
0.0437059
0.0421588
0.039988
0.0393784
0.0422043
0.0459679
0.0516057
0.0553693
0.0572585
0.0575863
0.0566637
0.0513689
0.0438864
0.0376538
0.0301714
0.0198773
0.00583535
-0.00633318
-0.0116298
-0.0128648
-0.016911
-0.0215826
-0.0271914
-0.029676
-0.0327858
-0.0380814
-0.0440033
-0.0496119
-0.051784
-0.0527076
-0.0580037
-0.0629878
-0.0657859
-0.0648345
-0.0620102
-0.0601221
-0.0569847
-0.0529098
-0.0469617
-0.0438244
-0.0413119
-0.0369252
-0.0350377
-0.0343995
-0.0331366
-0.0312491
-0.030923
-0.0349711
-0.0368323
-0.0346321
-0.0302459
-0.0252348
-0.0239722
-0.0233345
-0.0214474
-0.020185
-0.0223593
-0.0257819
-0.0295178
-0.0348158
-0.0391764
-0.0435369
-0.0500838
-0.0569435
-0.0584934
-0.0550443
-0.0506588
-0.0450237
-0.0390766
-0.0331287
-0.0268688
-0.0218586
-0.0180978
-0.0174608
-0.0183863
-0.0211849
-0.0258589
-0.0308448
-0.0383298
-0.0436276
-0.0479889
-0.0507889
-0.0557752
-0.0573249
-0.0570011
-0.0544905
-0.0497927
-0.0454078
-0.0400863
-0.0363262
-0.033191
-0.0316169
-0.0306684
-0.0294074
-0.0297077
-0.0318834
-0.036557
-0.0415437
-0.0477799
-0.0515171
-0.0549424
-0.0558679
-0.0536706
-0.0492863
-0.0449018
-0.0383305
-0.0305106
-0.0208155
-0.0133072
-0.00611217
-0.0017268
-0.000154497
0.00110612
0.00142977
0.000816041
0.00238815
0.00489807
0.00990665
0.0142908
0.0208618
0.0283696
0.0368138
0.0452594
0.0521424
0.0596499
0.0640337
0.0656058
0.0668659
0.0684388
0.0681363
0.0675223
0.0634724
0.062545
0.0606812
0.059755
0.0569536
0.0557144
0.0557247
0.0560481
0.0554338
0.0532567
0.0532669
0.05359
0.0557863
0.0551717
0.0533076
0.0508188
0.0464557
0.0420924
0.0383539
0.0352402
0.0311898
0.0280759
0.0268363
0.0271582
0.0256068
0.0271778
0.0284372
0.028447
0.0253331
0.0215943
0.0175438
0.0122426
0.00756728
0.00445311
0.00196382
0.00041104
-0.00176539
-0.00206876
-0.00330864
-0.00454867
-0.0045391
-0.00234348
-0.000771521
-0.000137303
-0.00137723
-0.00105496
-0.00198298
-0.00353597
-0.00758688
-0.0107013
-0.0144404
-0.0156806
-0.018795
-0.0212848
-0.0197142
-0.0187674
-0.0168839
-0.0137509
-0.00968132
-0.00561073
-0.00154011
0.000343416
-0.000896886
-0.000575859
-0.000253814
-0.000869363
-0.00148499
-0.00116399
-0.00334201
-0.00426963
-0.00426058
-0.0042516
-0.00236839
0.00170197
0.00827024
0.0148397
0.0210962
0.0270398
0.0307973
0.0308064
0.0314401
0.0308243
0.0283343
0.0245947
0.0202304
0.0193026
0.0211856
0.0218194
0.0240145
0.0274597
0.0274685
0.0284139
0.0290474
0.029369
0.0300025
0.0303232
0.03002
0.0306534
0.0322235
0.0341064
0.0322409
0.0331871
0.0372561
0.037265
0.0347747
0.0335336
0.0344798
0.0360498
0.0351218
0.0360669
0.0382625
0.0388959
0.0398412
0.0401625
0.04267
0.0442399
0.0476851
0.0495679
0.0523873
0.0542702
0.0552164
0.0530375
0.0517965
0.0486812
0.0465036
0.0443247
0.0437084
0.0443416
0.0434135
0.0427968
0.0424924
0.0409393
0.0393854
0.0359581
0.0328427
0.0300392
0.0272367
0.024433
0.0206928
0.021014
0.0213342
0.02228
0.0219755
0.0210471
0.0201178
0.0198141
0.0154491
0.0148325
0.0176516
0.0198469
0.0211047
0.0189259
0.0167481
0.0155066
0.0142654
0.0102122
0.00428576
0.00179473
0.00305248
0.00399713
0.00150637
0.00120247
0.00370966
0.00652859
0.00591204
0.00404581
0.00311733
0.00281245
0.00188405
-0.000295159
-0.00341074
-0.00402758
-0.00401942
-0.00432435
-0.00712709
-0.00899347
-0.00867352
-0.00929032
-0.0102189
-0.0105239
-0.00676741
-0.00269811
0.00199602
0.007002
0.0110704
0.0138902
0.0167091
0.0164052
0.0145389
0.0148588
0.0133054
0.0130004
0.00925989
0.00489449
0.00209148
0.00209928
0.00460618
0.00680008
0.0118059
0.0189989
0.0243168
0.0280731
0.0296434
0.030276
0.0271603
0.0240443
0.0203037
0.0125017
0.0053254
0.00095976
0.00127935
0.00284932
0.00816691
0.014735
0.0259882
0.0363041
0.043809
0.0488145
0.0516343
0.054141
0.0532112
0.0447852
0.0369832
0.0329304
0.0313759
0.0254488
0.0192091
0.01578
0.0161005
0.0173575
0.0186148
0.0186224
0.0211292
0.0220733
0.022394
0.0167788
0.00991434
0.00117525
-0.0069397
-0.0181779
-0.0275414
-0.0362806
-0.0393968
-0.0387649
-0.0365701
-0.0346886
-0.0324948
-0.0287391
-0.0249828
-0.0246624
-0.0262171
-0.0283959
-0.0321368
-0.0349413
-0.0383694
-0.0417988
-0.0436655
-0.0467819
-0.0505229
-0.05239
-0.0542567
-0.0576851
-0.0586153
-0.0589202
-0.0589128
-0.0567193
-0.0548377
-0.0532681
-0.0513865
-0.0495049
-0.0476234
-0.0473044
-0.0482337
-0.0479145
-0.0482191
-0.0494615
-0.0494542
-0.0475729
-0.0456914
-0.0431855
-0.0400544
-0.0384857
-0.0391032
-0.0412822
-0.0440868
-0.0484529
-0.0525061
-0.0574971
-0.0615513
-0.0640432
-0.0652856
-0.0646539
-0.064334
-0.0633904
-0.0624457
-0.0608776
-0.0614953
-0.0618
-0.0630425
-0.0633485
-0.0633416
-0.0623969
-0.0608286
-0.0573852
-0.0505062
-0.0439397
-0.038622
-0.0326804
-0.028925
-0.0264191
-0.0257874
-0.0260926
-0.0248362
-0.0242045
-0.0245106
-0.026378
-0.0266832
-0.0257397
-0.0257329
-0.0272876
-0.0282184
-0.0266493
-0.023207
-0.021326
-0.0210065
-0.0178759
-0.0178692
-0.019425
-0.0225421
-0.0237849
-0.0234655
-0.0240837
-0.0250148
-0.0246953
-0.0231275
-0.0178102
-0.0115562
-0.00561503
-0.00186009
0.00283259
0.00690052
0.00784372
0.0066007
0.0031716
0.00130383
5.97025e-05
-0.00180822
-0.00148898
-0.00304505
-0.00116447
0.00196654
0.00415898
0.0088514
0.0116685
0.0132372
0.0138682
0.0120002
0.00794506
0.00326618
-0.00516233
-0.0117165
-0.0198322
-0.025136
-0.0288785
-0.0294973
-0.0269923
-0.0229261
-0.0160478
-0.0091696
-0.00166653
0.00521263
0.00927908
0.0133463
0.016788
0.0211671
0.021486
0.0189929
0.0161869
0.0149432
0.0140124
0.01433
0.0155853
0.0205889
0.0268423
0.0324707
0.0359131
0.0387296
0.0390482
0.0381163
0.0368725
0.0359414
0.0334483
0.0281429
0.0253375
0.0225311
0.0240989
0.0247292
0.0253594
0.0256766
0.0281811
0.0309984
0.0338146
0.0350695
0.0375738
0.0403911
0.0407084
0.0400889
0.041032
0.0410374
0.0413543
0.0413595
0.0413646
0.0429322
0.0441868
0.044192
0.0451338
0.0438896
0.0432698
0.0417136
0.0398443
0.0367257
0.0345434
0.0314247
0.0301802
0.0320594
0.0314394
0.0298829
0.0270759
0.0258312
0.0236498
0.0189686
0.0155376
0.0121057
0.0121104
0.0111785
0.0083711
0.00712625
0.00744366
0.0093225
0.0115132
0.0102683
0.00964795
0.00840303
0.0059084
0.00310207
-0.00157969
-0.00407425
-0.00438288
-0.00375373
-0.00406133
-0.00312044
-0.00405279
-0.00592277
-0.00779286
-0.00872624
-0.00934693
-0.00996751
-0.0102753
-0.010584
-0.0112048
-0.0140116
-0.0143205
-0.0146284
-0.0136879
-0.0133711
-0.0111811
-0.00961489
-0.00836157
-0.00554692
-0.00148174
0.0025834
0.00539812
0.00852567
0.00946698
0.0147805
0.0194703
0.0222848
0.0238508
0.0282275
0.0326044
0.0363565
0.0401084
0.0438604
0.048549
0.052301
0.0566776
0.0588682
0.0613708
0.0632485
0.0613774
0.0598184
0.0582603
0.0538904
0.0510815
0.047961
0.0464028
0.044219
0.0420357
0.0398518
0.0389181
0.0345481
0.0286153
0.022371
0.0173758
0.0101948
0.00363703
-0.0032323
-0.00947721
-0.0154099
-0.021342
-0.0250877
-0.030708
-0.0347667
-0.037575
-0.0422585
-0.0450671
-0.0472516
-0.0494354
-0.0506824
-0.0522427
-0.0525522
-0.0503637
-0.0466129
-0.0416126
-0.040048
-0.0356725
-0.0309853
-0.0241109
-0.0175483
-0.0125481
-0.00723614
-0.00223602
0.00182746
0.00495332
0.00651771
0.0071445
0.00964549
0.00870975
0.0080869
0.00902638
0.00820443
0.00721239
0.00528294
0.00397763
0.00516994
0.00323899
0.00349385
0.00343531
0.00462387
0.0054979
0.0041882
0.00256802
0.00188355
-0.00160355
-0.00415083
-0.00669336
-0.00860849
-0.00710045
-0.00559335
-0.0031581
0.00268557
0.00913389
0.013396
0.0148581
0.0147658
0.0118875
0.00654454
-0.00187208
-0.00964528
-0.0170834
-0.0220304
-0.0244957
-0.0266404
-0.0269316
-0.0259892
-0.0247407
-0.0225751
-0.0213318
-0.0216171
-0.0225089
-0.0243068
-0.0279187
-0.0309008
-0.0344708
-0.035894
-0.0357901
-0.0362855
-0.0361679
-0.033331
-0.0311051
-0.027083
-0.0224779
-0.0166976
-0.0103493
-0.00314194
0.00282746
0.00816224
0.0143537
0.0196102
0.023938
0.028824
0.0316021
0.0334693
0.0350225
0.032739
0.0316371
0.0293673
0.0282755
0.0283528
0.0269681
0.0273302
0.0276829
0.0291826
0.0315278
0.0332712
0.0326935
0.0315409
0.0321049
0.0320868
0.0277916
0.0215412
0.016193
0.0117388
0.00675853
0.00154297
-0.0025015
-0.00622719
-0.0099147
-0.0113383
-0.0121902
-0.0119252
-0.0122132
-0.0108455
-0.00839236
-0.00706151
-0.00328658
-0.00282239
-0.00426529
-0.00542094
-0.00764315
-0.0093008
-0.0112072
-0.0141583
-0.0165398
-0.0167624
-0.016715
-0.0156091
-0.0166211
-0.0173553
-0.0175533
-0.0177466
-0.0194924
-0.0214708
-0.0234188
-0.0237925
-0.024413
-0.0255296
-0.0256082
-0.0239046
-0.0224721
-0.0215593
-0.0216576
-0.0214999
-0.0213399
-0.0214256
-0.0219982
-0.0237879
-0.0233385
-0.0243544
-0.0246192
-0.0265693
-0.0275157
-0.0277188
-0.026715
-0.026911
-0.0285199
-0.0310389
-0.0328003
-0.0347566
-0.0369025
-0.0410895
-0.0421845
-0.0423262
-0.0438255
-0.0450552
-0.0432952
-0.0408729
-0.0398299
-0.0385667
-0.0377586
-0.0378377
-0.0370181
-0.0335618
-0.0305955
-0.0294132
-0.026293
-0.0219294
-0.0199992
-0.0219356
-0.0238231
-0.0208059
-0.0161595
-0.0120171
-0.00961505
-0.00560302
-0.00208107
0.000347994
-0.000119259
0.000640456
0.00319626
0.00609788
0.00893621
0.0101288
0.010704
0.010873
0.0108424
0.0100378
0.0086745
0.00695951
0.00490509
0.00422101
0.00486756
0.00531302
0.00519268
0.00599691
0.00696529
0.00790928
0.0068429
0.00580341
0.00550406
0.00521327
0.00352298
0.00205344
0.00253512
0.00421419
0.00362346
0.00254025
0.00267188
0.00330598
0.00425935
0.00320168
0.00349124
0.00589664
0.00888395
0.0100171
0.0111161
0.012816
0.0152502
0.0168274
0.0164926
0.0166224
0.0175042
0.0177457
0.018722
0.0177213
0.0146757
0.0133317
0.0121705
0.0126254
0.0117769
0.0103868
0.0109996
0.0135257
0.0162305
0.016112
0.0149127
0.0145459
0.0149739
0.0145942
0.0143481
0.0127004
0.0114862
0.0121807
0.013578
0.0117455
0.00733569
0.00429191
0.00454231
0.00547676
0.00476901
0.00228555
0.00225265
0.00596134
0.0105858
0.0121039
0.0106934
0.00985929
0.00997881
0.0087702
0.00641747
0.00201667
-0.00177908
-0.00271407
-0.00181208
-0.000486026
0.000234622
0.00119177
0.00342128
0.00648422
0.00869935
0.00878156
0.00860431
0.00988005
0.010439
0.0104086
0.0105191
0.0106093
0.00986902
0.00843545
0.00813935
0.00840648
0.00734882
0.00534231
0.00351946
0.00328573
0.0038825
0.00394427
0.00357548
0.00346393
0.00485948
0.00615517
0.00602497
0.00491937
0.00398747
0.00326969
0.00249718
0.00148137
0.000683519
0.00140459
0.00257865
0.00321514
0.00310008
0.00388363
0.00497363
0.00463277
0.00359837
0.00267632
0.00227162
0.00218683
0.00164544
0.00114696
0.000991138
0.00169482
0.00221011
0.0022163
0.00239619
0.00310422
0.00345998
0.00344632
0.00326438
0.00321592
0.00306151
0.00307819
0.00333679
0.00360168
0.00369473
0.0037195
0.00366276
0.00349494
0.00330635
0.00317314
0.00301712
0.00304509
0.0030497
0.00290618
0.00258956
0.00219933
0.00184704
0.00140826
0.00091246
0.000510049
0.000358
0.00020126
-4.62388e-05
-0.00024156
-0.000431388
-0.000489307
-0.000556509
-0.00072793
-0.000900056
-0.000942206
-0.000960634
-0.00105431
-0.00120883
-0.00123261
-0.00124334
-0.0012673
-0.00134711
-0.00138494
-0.00140345
-0.00143019
-0.00148121
-0.00153334
-0.00154439
-0.00154542
-0.00156357
-0.00159792
-0.00162141
-0.00160833
-0.00156386
-0.00152224
-0.00148367
-0.00146207
-0.00143653
-0.00143057
-0.00144302
-0.00147016
-0.00148737
-0.00149281
-0.00149678
-0.00148825
-0.00147336
-0.00143695
-0.00139935
-0.00135861
-0.00132382
-0.00129518
-0.00127096
-0.00125284
-0.00123379
-0.00121301
-0.00119147
-0.00116627
-0.00113899
-0.00110897
-0.00107758
-0.00104569
-0.00101148
-0.000977341
-0.000943492
-0.000909845
-0.000876598
-0.000843888
-0.00081022
-0.000776499
-0.000742835
-0.000708976
-0.00067471
-0.000640385
-0.000605977
-0.000571497
-0.000536694
-0.000501452
-0.000466179
-0.000430603
-0.000394948
-0.000359144
-0.000323223
-0.00028716
-0.000250932
-0.000214533
-0.000178014
-0.000141395
-0.000104704
-6.79573e-05
-3.1176e-05
5.62538e-06
4.24364e-05
7.92483e-05
0.000116055
