-0.0179448
-0.0179132
-0.0178815
-0.0178492
-0.0178164
-0.0177832
-0.0177493
-0.0177149
-0.0176798
-0.0176438
-0.0176076
-0.0175708
-0.0175334
-0.0174952
-0.0174563
-0.0174169
-0.0173771
-0.0173361
-0.0172898
-0.0172404
-0.0172017
-0.0171743
-0.0171493
-0.0171237
-0.0170902
-0.0170332
-0.0169636
-0.0168954
-0.0168267
-0.0167471
-0.0166522
-0.0165442
-0.0164364
-0.016393
-0.0164082
-0.0164209
-0.0163502
-0.0161707
-0.0159721
-0.0157852
-0.0155629
-0.0154828
-0.0157123
-0.0160482
-0.0163216
-0.0165377
-0.016503
-0.016186
-0.0158571
-0.0156273
-0.0153931
-0.0150524
-0.0146141
-0.0141391
-0.0138653
-0.0140454
-0.0143878
-0.0144577
-0.0139465
-0.0132072
-0.0126487
-0.0123041
-0.0121293
-0.012922
-0.0147667
-0.0168909
-0.018087
-0.0181708
-0.0170494
-0.0155945
-0.0145134
-0.0136381
-0.0128888
-0.0129502
-0.0135013
-0.0138136
-0.013359
-0.0124072
-0.0116303
-0.0111464
-0.0107256
-0.0107033
-0.0111684
-0.0116564
-0.0119673
-0.0122556
-0.0126749
-0.01321
-0.0137309
-0.0135171
-0.0122234
-0.0107551
-0.00994987
-0.0102188
-0.0107775
-0.0109121
-0.0107541
-0.010718
-0.0109235
-0.0112165
-0.0114649
-0.0117168
-0.0120197
-0.0123546
-0.0126987
-0.0130512
-0.0134209
-0.013811
-0.0140481
-0.0128296
-0.0103316
-0.00925824
-0.00980248
-0.0102333
-0.0098326
-0.00913629
-0.00872696
-0.00861682
-0.00848195
-0.00782806
-0.0066957
-0.00557216
-0.00463693
-0.00372922
-0.00269761
-0.00155408
-0.00039983
-0.000769335
-0.00433297
-0.00890326
-0.0115489
-0.0104935
-0.00779401
-0.00580465
-0.00761209
-0.0133895
-0.0212284
-0.0268064
-0.027615
-0.0223289
-0.0148748
-0.00941135
-0.00693752
-0.00691712
-0.0064379
-0.00437285
-0.00190308
-0.00014889
0.000979851
0.00211774
0.003091
0.00118812
-0.00292002
-0.00622775
-0.00518605
-0.00181428
-0.00255721
-0.00687284
-0.0106348
-0.0125035
-0.0127083
-0.00997924
-0.00605864
-0.00338538
-0.00432472
-0.00781619
-0.0106427
-0.0134902
-0.0173443
-0.0152703
-0.0079501
-0.00145327
0.00245286
0.00565498
0.00758472
0.00719821
0.00465535
0.00168057
-0.00101947
-0.00624118
-0.0150987
-0.0257436
-0.034358
-0.0380318
-0.0308456
-0.0178057
-0.00731052
0.00240612
0.0156678
0.0256373
0.0267605
0.0194793
0.0107546
0.00581766
0.00897041
0.0155203
0.0191027
0.0198997
0.0207153
0.0189153
0.0134012
0.00758524
0.0031101
-0.00107602
-0.00611863
-0.0119309
-0.0177271
-0.0211221
-0.0212193
-0.0209815
-0.0220993
-0.023794
-0.0249556
-0.0255007
-0.0259243
-0.0231545
-0.0132722
-0.000546125
0.00883896
0.00539916
-0.00537971
-0.012034
-0.00807108
0.00175779
0.00862595
0.0113634
0.0137579
0.014161
0.00967376
0.0040437
3.59795e-05
-0.00321395
-0.00729822
-0.0123903
-0.0176716
-0.018979
-0.0123695
-0.00349982
0.00273633
0.0072113
0.00961527
0.00731123
0.00361495
0.00153358
0.000415994
-0.00141784
-0.00429356
-0.00746773
-0.0115363
-0.0190647
-0.0284746
-0.0371893
-0.0455752
-0.049786
-0.0389154
-0.0203078
-0.00617639
-0.00164354
-0.00145012
0.00212485
0.00949155
0.0167866
0.0219995
0.0260974
0.030479
0.0254964
-0.0014134
-0.0435709
-0.0767799
-0.0668045
-0.0244528
0.00886818
0.0157752
-0.00245101
-0.0220534
-0.0282329
-0.0250964
-0.0210316
-0.0133986
-0.00313753
0.00628846
0.0130067
0.0166973
0.0156997
0.00791069
-0.00625989
-0.0206117
-0.0327209
-0.0446258
-0.0581538
-0.0709776
-0.0714279
-0.0628035
-0.0563439
-0.0544505
-0.0527958
-0.0485248
-0.0425788
-0.0365534
-0.0249895
-0.00430496
0.0180197
0.0351528
0.0438011
0.0365809
0.0118931
-0.0133671
-0.0315057
-0.0476915
-0.0661292
-0.0803339
-0.0799515
-0.0631029
-0.038487
-0.0173902
-0.0034249
0.00471642
0.00772379
0.00488072
0.00163975
0.000389763
-0.000752222
-0.00348705
-0.00738794
-0.011217
-0.0125005
-0.00936212
-0.0051662
-0.00643881
-0.0208251
-0.042466
-0.0616173
-0.0635656
-0.0550957
-0.0513347
-0.0543772
-0.0575191
-0.0562763
-0.0455706
-0.0141476
0.0283834
0.0668107
0.088632
0.0972785
0.0962711
0.0930074
0.0934023
0.0963697
0.0968259
0.0903035
0.0691124
0.0256654
-0.0226471
-0.0615225
-0.091243
-0.10674
-0.10484
-0.0857205
-0.0626204
-0.0445139
-0.0268025
-0.00724678
-0.00405805
-0.0245232
-0.0602268
-0.0716266
-0.0299042
0.0325343
0.0768771
0.0940497
0.0987007
0.0878719
0.0684432
0.0521041
0.0312648
0.00987838
0.016525
0.040893
0.0579662
0.0596721
0.0498189
0.0258793
-0.00221625
-0.0243878
-0.0381677
-0.0487063
-0.0594823
-0.0693053
-0.074062
-0.0668914
-0.0512454
-0.026937
0.00138604
0.0261307
0.0236503
-0.0422032
-0.154321
-0.264991
-0.290318
-0.209291
-0.118759
-0.0671499
-0.0550383
-0.059478
-0.0649722
-0.0716557
-0.0684755
-0.0254996
0.0518659
0.127253
0.180428
0.171189
0.0799623
-0.021701
-0.0950568
-0.137602
-0.146806
-0.138328
-0.120194
-0.0992296
-0.0797286
-0.0705513
-0.0694021
-0.0720363
-0.073255
-0.0727024
-0.073401
-0.0811924
-0.0980028
-0.0989236
-0.0528188
0.0106
0.0592783
0.0730984
0.0539599
0.0091135
-0.0342637
-0.0659703
-0.0951109
-0.119954
-0.138572
-0.15754
-0.179199
-0.200825
-0.220189
-0.222517
-0.169248
-0.0232364
0.184933
0.371558
0.454454
0.427735
0.373487
0.314448
0.203464
0.0498052
-0.0817267
-0.129689
-0.143967
-0.186747
-0.255708
-0.324826
-0.411371
-0.662066
-1.00759
-1.15136
-0.898622
-0.342055
0.136124
0.226176
0.0587208
-0.0265795
0.0658927
0.191411
0.223746
0.106383
-0.153027
-0.328529
-0.152995
0.249897
0.535301
0.538846
0.381218
0.171563
-0.0316205
-0.177521
-0.265921
-0.375976
-0.566566
-1.07387
-2.36092
-2.73353
-0.389666
1.64069
1.17356
0.163757
0.84017
2.14857
2.2761
1.14573
-0.329677
-1.03299
-0.941921
-0.64691
-0.438798
-0.405563
-0.444809
-0.341594
0.0228231
0.328869
0.290896
-0.202467
-1.28666
-2.30636
-1.80979
-0.893416
-1.03312
-0.894071
0.263904
1.18754
1.01525
0.243131
-0.230036
-0.111575
0.145791
0.200938
0.2029
0.358583
0.548551
0.592905
0.485293
0.355412
0.087659
-0.829952
-2.06573
-2.82962
-2.83753
-2.19748
-1.09127
0.187788
1.17406
1.34419
1.23767
1.03126
0.665969
0.346169
0.163969
0.0383064
-0.12145
-0.286625
-0.340503
-0.234874
-0.00751426
0.250811
0.430071
0.407569
0.145652
-0.386811
-0.826683
-0.973412
-0.938093
-0.818566
-0.606398
-0.27171
0.113017
0.301818
0.264903
0.159568
0.0851076
-0.00124533
-0.135371
-0.277193
-0.335175
-0.24212
0.0330001
0.446488
0.767901
0.768488
0.579988
0.312845
0.0340489
-0.0895938
-0.0169848
0.203465
0.485251
0.646012
0.631271
0.463875
0.193058
-0.0507428
-0.231057
-0.399839
-0.564444
-0.693342
-0.736497
-0.596927
-0.3701
-0.166201
-0.00338491
0.0423385
-0.174438
-0.618264
-1.0729
-1.31675
-1.18369
-0.709518
-0.0757022
0.317672
0.421046
0.324531
0.0694815
-0.340928
-0.582223
-0.520085
-0.302378
-0.0308634
0.25754
0.442811
0.479471
0.484417
0.463199
0.345086
0.187445
0.0530085
-0.0452606
-0.110165
-0.127884
-0.124529
-0.134029
-0.154309
-0.170862
-0.18355
-0.223923
-0.335264
-0.514966
-0.666089
-0.707084
-0.581471
-0.296699
0.282307
0.624554
0.592267
0.352293
0.0675467
-0.483673
-0.916562
-1.0179
-0.759395
-0.381075
0.0371268
0.452931
0.837707
1.11848
1.19647
1.08357
0.863305
0.46109
-0.0225017
-0.452696
-0.772002
-0.983783
-1.09249
-0.91511
-0.255421
0.322149
0.39041
0.116242
-0.175749
-0.302971
-0.306623
-0.22843
-0.0679794
0.0799775
0.167978
0.1282
-0.168836
-0.695119
-1.17167
-1.28296
-1.0478
-0.648038
-0.276573
-0.050005
-0.0344372
-0.145488
-0.201636
-0.201625
-0.205645
-0.128075
0.0222468
0.16003
0.263307
0.364223
0.460158
0.511141
0.529792
0.542703
0.551013
0.530161
0.463542
0.37245
0.308934
0.266331
0.206098
0.12253
0.0300609
-0.0377015
-0.0531178
-0.0541063
-0.0820479
-0.173106
-0.38376
-0.596286
-0.622533
-0.514709
-0.426778
-0.433814
-0.515038
-0.596491
-0.61296
-0.493288
-0.167386
0.254044
0.641966
0.860033
0.817326
0.6414
0.401956
0.189846
0.109717
0.111467
0.0674725
-0.0627311
-0.270921
-0.513989
-0.764313
-0.903542
-0.804489
-0.466547
0.01656
0.389539
0.423093
0.186735
-0.162739
-0.436351
-0.529597
-0.429145
-0.167333
0.164567
0.503144
0.670937
0.64465
0.482794
0.227349
-0.159068
-0.698962
-1.35709
-1.57886
-1.20759
-0.585991
0.0344661
0.379935
0.40058
0.413743
0.60353
0.87741
1.09523
1.22233
1.27308
1.28766
1.20726
0.871571
0.232985
-0.38835
-0.696831
-0.646324
-0.404535
-0.00970221
0.498097
0.941626
1.23561
1.38359
1.35843
1.27083
1.2347
1.23236
1.20495
1.08283
0.789516
0.35165
-0.0779398
-0.411792
-0.50474
-0.40227
-0.258845
-0.183139
-0.19282
-0.227526
-0.291345
-0.592307
-0.981901
-1.17865
-1.0243
-0.725431
-0.506134
-0.38389
-0.25464
-0.0598179
0.173224
0.365268
0.445557
0.44406
0.450852
0.50203
0.599234
0.788235
1.04553
1.20057
1.14891
1.03697
0.97876
1.03649
1.197
1.34001
1.26935
0.924293
0.448365
-0.0159233
-0.539404
-1.1591
-1.806
-2.34071
-2.65768
-2.69814
-2.18483
-1.40406
-0.59066
0.17563
0.723116
1.04029
0.930295
0.481277
0.0781678
-0.160622
-0.371543
-0.634863
-0.90391
-1.01961
-0.925059
-0.637609
-0.235117
0.136953
0.334622
0.304619
0.15022
0.0427036
0.0577061
0.233922
0.519992
0.797053
0.971475
1.0305
1.06037
1.13581
1.24048
1.29379
1.21766
1.00488
0.723468
0.554179
0.584959
0.691443
0.769165
0.867259
1.01421
1.18055
1.34254
1.48447
1.53084
1.39188
1.0318
0.497197
-0.0632
-0.487361
-0.792939
-1.03023
-1.21724
-1.33233
-1.35599
-1.28768
-1.06666
-0.581673
0.124242
0.742613
1.19506
1.45765
1.50158
1.43108
1.32964
1.20436
1.03215
0.833417
0.667623
0.627906
0.83451
1.27894
1.7685
2.07984
2.17832
2.0942
1.67114
0.936154
0.13388
-0.425472
-0.433424
-0.0612636
0.30324
0.569273
0.757609
0.812046
0.788758
0.816596
0.977141
1.20219
1.29928
1.26318
1.25145
1.32591
1.42511
1.49807
1.56809
1.51863
1.17226
0.671763
0.291708
0.105692
0.0664747
0.157594
0.313814
0.41588
0.376857
0.139659
-0.195737
-0.522988
-0.666256
-0.625601
-0.604907
-0.684342
-0.786702
-0.780187
-0.57012
-0.202003
0.185961
0.641361
1.09702
1.4162
1.65932
1.9302
2.16245
2.29281
2.33585
2.34027
2.32297
2.23142
2.02648
1.75695
1.52422
1.41973
1.44584
1.5742
1.80713
2.1308
2.46674
2.63847
2.61564
2.50407
2.40289
2.40683
2.55624
2.78667
3.07877
3.29863
3.21645
2.6347
1.60468
0.360746
-0.906309
-1.63578
-1.65272
-1.06706
-0.0674924
0.952332
1.45795
1.37365
1.04052
0.85233
0.859168
0.938512
1.07813
1.21265
1.32746
1.47308
1.65828
1.8575
2.04105
2.14394
2.1141
1.93072
1.5836
1.2098
0.935755
0.812412
0.812231
0.859389
0.904023
0.9354
0.966356
0.955378
0.916675
0.987504
1.25165
1.60649
1.77847
1.59813
1.14518
0.739027
0.511771
0.475836
0.4953
0.42748
0.282367
0.0957823
-0.151935
-0.428031
-0.655487
-0.835119
-0.963206
-0.979597
-0.812183
-0.62396
-0.556286
-0.557482
-0.484445
-0.275734
0.0258361
0.355396
0.630182
0.773928
0.845194
0.928407
1.04307
1.1609
1.25801
1.34387
1.44525
1.56028
1.68413
1.84381
2.06271
2.32623
2.58618
2.78332
2.8198
2.71527
2.5594
2.43343
2.37126
2.40334
2.47604
2.50857
2.43433
2.2516
2.0662
1.95624
1.91557
1.85382
1.60954
1.1152
0.436268
-0.124656
-0.434604
-0.586754
-0.661475
-0.705246
-0.686778
-0.63827
-0.609068
-0.602202
-0.597923
-0.58377
-0.568107
-0.562636
-0.563062
-0.555114
-0.520286
-0.409758
-0.196084
0.0295327
0.131679
0.0996413
0.0648493
0.0967326
0.184281
0.323957
0.522971
0.749198
0.949057
1.07492
1.11443
1.13371
1.19658
1.30794
1.43942
1.56924
1.69899
1.82346
1.91694
1.9922
2.0585
2.11927
2.15752
2.14706
2.10233
2.05651
2.00941
1.90156
1.71497
1.46803
1.21051
0.973693
0.794911
0.738847
0.752054
0.742641
0.704091
0.648826
0.557334
0.357429
0.0212764
-0.328978
-0.598423
-0.816415
-0.997502
-1.15607
-1.27749
-1.28839
-1.21566
-1.14931
-1.12387
-1.13333
-1.13591
-1.11737
-1.10815
-1.1005
-1.05848
-0.999584
-0.954011
-0.938011
-0.961933
-1.0172
-1.10297
-1.24901
-1.43859
-1.64765
-1.87419
-2.07448
-2.23132
-2.36497
-2.48318
-2.57562
-2.65873
-2.74882
-2.84854
-2.95528
-3.07838
-3.22898
-3.38778
-3.5446
-3.66332
-3.66771
-3.56795
-3.46629
-3.41959
-3.46128
-3.56968
-3.70277
-3.85555
-4.00807
-4.14896
-4.28564
-4.40062
-4.3764
-4.17868
-3.89825
-3.53044
-3.13195
-2.75335
-2.39398
-2.04294
-1.74375
-1.51416
-1.38428
-1.35444
-1.35897
-1.35239
-1.33607
-1.31968
-1.29983
-1.25405
-1.15051
-1.01686
-0.899368
-0.836018
-0.819073
-0.808956
-0.794711
-0.784846
-0.784398
-0.78954
-0.799852
-0.816034
-0.832884
-0.847544
-0.861408
-0.876355
-0.895737
-0.925969
-0.966736
-1.01546
-1.06987
-1.12529
-1.17937
-1.23347
-1.28809
-1.3386
-1.36506
-1.36263
-1.33819
-1.30679
-1.27459
-1.25232
-1.24169
-1.2464
-1.28033
-1.34659
-1.41494
-1.43573
-1.38472
-1.28846
-1.20296
-1.14442
-1.09647
-1.04537
-1.00441
-0.979696
-0.969228
-0.966066
-0.964605
-0.96073
-0.957952
-0.963173
-0.987924
-1.03873
-1.12422
-1.24273
-1.37468
-1.49953
-1.61856
-1.74571
-1.88379
-1.98884
-2.03475
-2.03796
-2.02365
-2.01835
-2.02148
-2.0195
-2.0074
-1.98895
-1.95946
-1.92026
-1.88233
-1.84896
-1.81596
-1.78017
-1.74245
-1.69628
-1.59608
-1.45848
-1.33307
-1.23181
-1.14337
-1.07441
-1.01282
-0.9443
-0.865867
-0.779744
-0.695604
-0.61681
-0.539719
-0.462866
-0.402696
-0.362057
-0.328006
-0.282311
-0.214771
-0.126344
-0.0209954
0.0908952
0.201237
0.291695
0.367653
0.434899
0.491853
0.525162
0.529963
0.501755
0.437997
0.342088
0.224731
0.0885563
-0.0750032
-0.277323
-0.518258
-0.816575
-1.14277
-1.45613
-1.75474
-1.99432
-2.09392
-2.09637
-2.09638
-2.10694
-2.10394
-2.08178
-2.05002
-2.01898
-1.99577
-1.98398
-1.98894
-2.00705
-2.03122
-2.05315
-2.07291
-2.09371
-2.10944
-2.1128
-2.09841
-2.06689
-2.02124
-1.95792
-1.87599
-1.76698
-1.63538
-1.46346
-1.27379
-1.09967
-0.948734
-0.827145
-0.724239
-0.632105
-0.557245
-0.510109
-0.49631
-0.508961
-0.534075
-0.554968
-0.571259
-0.590495
-0.615167
-0.641887
-0.670219
-0.715496
-0.7733
-0.826034
-0.859861
-0.88483
-0.915384
-0.947317
-0.97978
-1.03023
-1.12102
-1.25882
-1.41912
-1.59476
-1.79279
-1.99459
-2.17136
-2.30294
-2.40122
-2.47213
-2.52854
-2.58214
-2.63169
-2.67044
-2.69017
-2.68961
-2.66887
-2.63008
-2.57949
-2.51385
-2.43206
-2.33595
-2.23608
-2.1433
-2.0459
-1.90626
-1.70986
-1.3996
-0.940019
-0.460027
-0.0233717
0.384381
0.721727
0.937786
1.01727
1.01711
0.933764
0.775036
0.620865
0.508668
0.43693
0.423165
0.481607
0.577201
0.664602
0.735767
0.782574
0.794007
0.800935
0.823562
0.85514
0.881281
0.899236
0.926122
0.969405
0.998319
0.997303
0.962085
0.892373
0.786398
0.656064
0.523875
0.398434
0.273425
0.147005
-0.00316041
-0.201499
-0.444434
-0.719969
-0.982774
-1.24417
-1.47375
-1.62864
-1.72113
-1.76842
-1.75536
-1.6982
-1.64293
-1.60117
-1.5588
-1.51597
-1.47572
-1.44294
-1.4058
-1.33646
-1.22132
-1.06778
-0.895362
-0.711895
-0.500879
-0.284086
-0.0850437
0.0852775
0.20013
0.292547
0.392442
0.494009
0.569335
0.614704
0.642989
0.663071
0.664533
0.652467
0.642445
0.640557
0.643444
0.649085
0.657303
0.670431
0.697617
0.739245
0.79582
0.859547
0.927874
0.99349
1.04843
1.08788
1.11139
1.12286
1.12616
1.11902
1.1055
1.09273
1.08158
1.0705
1.06127
1.06376
1.0831
1.11257
1.14626
1.19037
1.25055
1.32396
1.39717
1.46548
1.53324
1.60248
1.66884
1.7278
1.77206
1.79787
1.80219
1.80285
1.81095
1.82192
1.82891
1.83274
1.84507
1.868
1.89152
1.90864
1.9185
1.91809
1.91034
1.90432
1.90185
1.89885
1.89102
1.87437
1.84118
1.79202
1.73079
1.65086
1.54779
1.42021
1.26711
1.08825
0.869319
0.627881
0.408388
0.238102
0.0970893
-0.0425405
-0.171266
-0.282685
-0.380715
-0.45666
-0.51222
-0.554574
-0.585534
-0.608161
-0.630649
-0.654994
-0.678459
-0.699594
-0.719582
-0.738521
-0.745689
-0.735087
-0.691288
-0.561932
-0.347233
-0.0923958
0.227937
0.589644
0.892072
1.11228
1.25135
1.32468
1.33241
1.28222
1.226
1.1932
1.17458
1.16069
1.1494
1.13654
1.1168
1.0791
1.02161
0.949372
0.874813
0.811675
0.763896
0.732466
0.718493
0.71998
0.721505
0.717682
0.713772
0.711797
0.712003
0.728626
0.768987
0.844284
0.942625
1.04536
1.13155
1.20152
1.25004
1.27999
1.29562
1.30142
1.30745
1.31563
1.32224
1.32576
1.31861
1.28268
1.23335
1.18914
1.1448
1.10934
1.09765
1.12098
1.15851
1.18583
1.20243
1.21656
1.22281
1.21925
1.21543
1.21518
1.21527
1.21285
1.20863
1.20448
1.20036
1.19539
1.19004
1.18207
1.16535
1.14188
1.11814
1.10307
1.10526
1.1297
1.15753
1.17681
1.19321
1.20677
1.20163
1.18571
1.17436
1.1688
1.16471
1.1719
1.18769
1.20149
1.21549
1.2343
1.2411
1.23146
1.22107
1.21741
1.21568
1.21926
1.23292
1.24819
1.25916
1.26662
1.26459
1.2494
1.23298
1.22185
1.21256
1.20069
1.18621
1.17144
1.15421
1.13038
1.10431
1.08032
1.05787
1.03472
1.01028
0.985406
0.960034
0.933227
0.905897
0.876795
0.841114
0.801922
0.764302
0.728616
0.692637
0.65535
0.617528
0.58808
0.57591
0.56868
0.555583
0.538565
0.525461
0.520891
0.527016
0.539153
0.548964
0.555432
0.562286
0.571497
0.581954
0.591872
0.58761
0.553537
0.496955
0.431988
0.365079
0.311174
0.275748
0.253124
0.231955
0.207651
0.180161
0.15651
0.144368
0.151099
0.175882
0.233462
0.309467
0.378319
0.438217
0.500236
0.566659
0.609221
0.612797
0.610092
0.617755
0.619927
0.620957
0.63756
0.679853
0.735242
0.791949
0.838791
0.868717
0.882916
0.883186
0.873821
0.859701
0.841521
0.813063
0.766987
0.692934
0.591033
0.470524
0.340769
0.211878
0.0834456
-0.0472636
-0.172428
-0.275937
-0.354743
-0.413059
-0.453056
-0.476798
-0.499458
-0.526736
-0.554805
-0.587518
-0.62623
-0.66477
-0.700121
-0.729917
-0.747061
-0.758772
-0.77434
-0.793397
-0.813285
-0.837612
-0.873032
-0.916617
-0.958924
-0.999824
-1.0428
-1.08087
-1.10712
-1.11832
-1.11354
-1.09456
-1.06227
-1.01373
-0.942234
-0.864365
-0.792821
-0.724683
-0.655698
-0.590106
-0.531959
-0.487777
-0.452645
-0.419694
-0.379866
-0.324115
-0.226707
-0.0769883
0.0840049
0.226076
0.343554
0.406956
0.383104
0.293642
0.161316
0.0167967
-0.122129
-0.224177
-0.277416
-0.303632
-0.332226
-0.372685
-0.413292
-0.451655
-0.506208
-0.580247
-0.664438
-0.756105
-0.842954
-0.908764
-0.948395
-0.973332
-0.996337
-1.02449
-1.06061
-1.10308
-1.14333
-1.18594
-1.23896
-1.27732
-1.29042
-1.27971
-1.25113
-1.20908
-1.16097
-1.10886
-1.04691
-0.972323
-0.88075
-0.742271
-0.551464
-0.342046
-0.134357
0.0418935
0.140203
0.161799
0.121458
0.0529443
-0.00517095
-0.0604422
-0.116097
-0.15129
-0.162298
-0.153194
-0.123342
-0.0841645
-0.0492716
-0.0277165
-0.0183418
-0.0125985
-0.0403338
-0.11713
-0.212866
-0.296459
-0.381343
-0.477135
-0.57331
-0.659052
-0.731893
-0.790043
-0.824373
-0.826638
-0.785183
-0.719232
-0.653577
-0.595427
-0.53647
-0.46309
-0.377053
-0.290388
-0.199593
-0.102393
-0.0167177
0.0498192
0.092499
0.120702
0.139225
0.152982
0.163258
0.166871
0.165939
0.169243
0.181797
0.204095
0.225729
0.236361
0.228508
0.20281
0.157558
0.104291
0.0520791
-0.00207877
-0.0694434
-0.153267
-0.247653
-0.356854
-0.479255
-0.597362
-0.683529
-0.744962
-0.801465
-0.851942
-0.888524
-0.910832
-0.91926
-0.914502
-0.898026
-0.872568
-0.842416
-0.798999
-0.728096
-0.637039
-0.542354
-0.455821
-0.376937
-0.305561
-0.23755
-0.173686
-0.110134
-0.0423147
0.024669
0.0869768
0.146459
0.203593
0.253218
0.297746
0.341988
0.390355
0.4401
0.471567
0.479652
0.461422
0.407141
0.308584
0.178712
0.0299625
-0.118559
-0.239895
-0.329217
-0.396814
-0.455835
-0.508297
-0.549804
-0.582239
-0.615565
-0.654874
-0.698115
-0.740027
-0.775154
-0.79949
-0.810116
-0.806309
-0.785663
-0.740486
-0.655492
-0.524882
-0.346304
-0.12779
0.0954399
0.312101
0.525401
0.691795
0.791661
0.840066
0.856374
0.855454
0.819393
0.749866
0.668064
0.584919
0.494827
0.388684
0.26225
0.100555
-0.0723755
-0.265215
-0.445592
-0.583578
-0.680145
-0.728679
-0.731325
-0.704251
-0.65497
-0.599974
-0.546288
-0.497709
-0.443566
-0.365517
-0.270829
-0.176954
-0.100137
-0.0369282
0.0191477
0.0733816
0.136838
0.214956
0.316398
0.430372
0.542837
0.645734
0.743665
0.842872
0.943448
1.03923
1.12346
1.17311
1.1919
1.18779
1.18227
1.18924
1.20481
1.21411
1.2018
1.1639
1.09775
1.01742
0.931736
0.834791
0.729363
0.623809
0.520577
0.412708
0.310446
0.226713
0.16031
0.101025
0.0430243
-0.0216703
-0.0973784
-0.181842
-0.266651
-0.347103
-0.418419
-0.455715
-0.455381
-0.412768
-0.336384
-0.235224
-0.115597
0.0188812
0.13522
0.230148
0.300897
0.339782
0.367281
0.395573
0.428385
0.465537
0.509335
0.555913
0.59296
0.616615
0.628558
0.639823
0.655003
0.670676
0.679413
0.672605
0.652473
0.626138
0.599943
0.57155
0.53298
0.469051
0.376426
0.26555
0.139432
-0.00166482
-0.154876
-0.309645
-0.436734
-0.525026
-0.579216
-0.603162
-0.597466
-0.563423
-0.516867
-0.491914
-0.489487
-0.495733
-0.501442
-0.506351
-0.509058
-0.508334
-0.501543
-0.481089
-0.44405
-0.374321
-0.279766
-0.178783
-0.0661975
0.0789772
0.236199
0.369183
0.473551
0.539526
0.573365
0.579676
0.561791
0.531207
0.502536
0.481132
0.465279
0.448196
0.425088
0.390471
0.34084
0.270723
0.19775
0.143034
0.11699
0.100794
0.0743261
0.0352923
-0.0107912
-0.0709979
-0.141055
-0.208486
-0.263528
-0.302928
-0.32343
-0.323085
-0.306794
-0.271754
-0.225971
-0.17823
-0.133145
-0.0952634
-0.0585175
-0.0156981
0.0422862
0.117854
0.2024
0.282232
0.346957
0.399751
0.437452
0.452226
0.431257
0.375939
0.302158
0.230243
0.168342
0.115948
0.0788268
0.0578594
0.0502232
0.0542528
0.0647925
0.0786292
0.0885058
0.0896871
0.0814436
0.0651724
0.0412071
0.00676752
-0.0386413
-0.0866961
-0.129704
-0.165451
-0.19675
-0.221316
-0.2277
-0.209726
-0.170107
-0.10865
-0.0291673
0.0568546
0.138289
0.211872
0.285895
0.365224
0.446648
0.524232
0.597772
0.665177
0.723272
0.764506
0.788781
0.791155
0.777605
0.751687
0.71958
0.685288
0.64689
0.604833
0.563132
0.528879
0.50395
0.486331
0.469354
0.448367
0.419001
0.383662
0.345937
0.303184
0.252803
0.202312
0.155254
0.10867
0.0575985
0.00614915
-0.0378887
-0.0736553
-0.102417
-0.120773
-0.127914
-0.123012
-0.108305
-0.0816044
-0.0557568
-0.0406959
-0.040527
-0.0531295
-0.0759695
-0.0977775
-0.109404
-0.102424
-0.0810007
-0.0445529
0.00413389
0.0601015
0.115665
0.169667
0.220798
0.247744
0.255391
0.254933
0.249778
0.236397
0.211698
0.175796
0.12829
0.069857
0.00153576
-0.0766467
-0.153163
-0.218209
-0.275751
-0.323954
-0.353906
-0.377051
-0.403955
-0.433963
-0.461921
-0.48617
-0.509138
-0.532823
-0.556627
-0.578239
-0.59583
-0.603628
-0.597552
-0.574412
-0.542757
-0.511248
-0.471783
-0.420683
-0.36854
-0.323023
-0.286413
-0.257884
-0.236284
-0.22297
-0.217319
-0.218277
-0.227959
-0.249989
-0.280085
-0.310242
-0.333058
-0.344427
-0.344376
-0.329365
-0.300836
-0.26713
-0.232088
-0.193059
-0.154181
-0.121097
-0.101666
-0.097409
-0.106074
-0.125367
-0.15439
-0.19071
-0.227893
-0.26039
-0.287894
-0.314038
-0.342517
-0.367291
-0.379151
-0.37793
-0.369578
-0.351367
-0.323481
-0.289272
-0.250263
-0.206268
-0.163898
-0.128941
-0.105028
-0.0856457
-0.0651615
-0.0426582
-0.0200107
0.00237051
0.02945
0.0715278
0.118905
0.158985
0.192566
0.224428
0.247068
0.259307
0.262613
0.256293
0.240659
0.223303
0.206695
0.186623
0.169406
0.162979
0.168182
0.181391
0.201435
0.226086
0.254226
0.281395
0.299961
0.298346
0.276889
0.235479
0.178622
0.115958
0.0503549
-0.0292969
-0.114572
-0.179687
-0.217684
-0.242556
-0.263073
-0.276461
-0.276836
-0.27042
-0.263629
-0.252859
-0.235309
-0.212167
-0.18445
-0.152674
-0.123258
-0.100392
-0.0873217
-0.0807715
-0.0794931
-0.0887434
-0.109285
-0.135899
-0.162994
-0.1888
-0.211629
-0.233409
-0.256584
-0.279093
-0.299505
-0.32474
-0.355821
-0.389248
-0.427916
-0.470903
-0.509686
-0.544022
-0.577317
-0.603459
-0.621315
-0.634716
-0.645905
-0.653085
-0.652364
-0.644513
-0.632132
-0.615189
-0.590362
-0.550017
-0.492321
-0.409881
-0.307122
-0.188281
-0.0660855
0.0633144
0.19885
0.323579
0.434698
0.524959
0.599335
0.64325
0.659953
0.656473
0.638689
0.603647
0.554544
0.500094
0.448666
0.400645
0.354749
0.315068
0.291342
0.286567
0.292308
0.299215
0.299393
0.292573
0.283309
0.281258
0.286511
0.291717
0.298715
0.312739
0.332324
0.347752
0.343926
0.323531
0.291372
0.240291
0.174892
0.114166
0.0591227
0.00101647
-0.0635573
-0.13871
-0.22217
-0.29741
-0.35787
-0.407428
-0.442789
-0.459048
-0.452142
-0.41893
-0.357781
-0.279675
-0.19702
-0.110369
-0.0196616
0.0711138
0.160499
0.249532
0.333159
0.408461
0.470299
0.519479
0.553055
0.576057
0.591396
0.594284
0.585247
0.568862
0.546886
0.517332
0.481013
0.435548
0.371303
0.293942
0.209363
0.106969
-0.0116914
-0.128124
-0.226927
-0.310708
-0.385117
-0.44473
-0.48777
-0.518426
-0.545205
-0.570707
-0.591633
-0.603198
-0.605426
-0.592787
-0.565421
-0.526594
-0.480904
-0.428049
-0.36556
-0.298572
-0.234591
-0.170951
-0.101469
-0.0285203
0.0388072
0.0899381
0.12886
0.162124
0.200795
0.247487
0.293431
0.332724
0.365116
0.39136
0.407232
0.401736
0.373294
0.327421
0.273352
0.216018
0.159826
0.108495
0.0656733
0.0335801
0.00928702
-0.0127645
-0.0354618
-0.0575638
-0.0746597
-0.0841006
-0.0851668
-0.0729032
-0.044128
-0.00687682
0.0311979
0.0799374
0.14402
0.214047
0.28605
0.364726
0.443896
0.514451
0.55776
0.57702
0.589571
0.602784
0.616381
0.630173
0.645232
0.66205
0.679273
0.693463
0.702326
0.703526
0.693555
0.675099
0.655795
0.640108
0.627103
0.614815
0.603555
0.59489
0.579408
0.549832
0.51038
0.461804
0.397774
0.323851
0.251303
0.183536
0.108556
0.0306906
-0.0305412
-0.0736728
-0.106983
-0.131588
-0.151804
-0.171131
-0.191226
-0.21147
-0.230692
-0.246941
-0.258787
-0.262822
-0.259005
-0.244541
-0.221687
-0.195257
-0.171585
-0.152585
-0.139672
-0.129872
-0.120381
-0.111839
-0.102074
-0.0831442
-0.0606471
-0.0430976
-0.0307659
-0.0212498
-0.0161772
-0.0187763
-0.0330849
-0.057358
-0.087899
-0.124138
-0.169534
-0.21824
-0.247499
-0.252943
-0.238537
-0.206492
-0.161638
-0.112467
-0.0626539
-0.0109829
0.0335623
0.0630195
0.0788843
0.0906403
0.103251
0.125969
0.163669
0.213795
0.267305
0.311183
0.341252
0.358001
0.370455
0.382282
0.392157
0.398812
0.402957
0.406484
0.409725
0.409126
0.40536
0.40159
0.397809
0.39374
0.393824
0.397803
0.40193
0.402299
0.398042
0.389108
0.372203
0.341859
0.305615
0.263174
0.204046
0.127758
0.0432387
-0.0408302
-0.129834
-0.22145
-0.301377
-0.361316
-0.403069
-0.42663
-0.428324
-0.407411
-0.367651
-0.31533
-0.259293
-0.203994
-0.148503
-0.0869187
-0.0178344
0.050222
0.11374
0.175761
0.233181
0.278744
0.312237
0.335456
0.344431
0.337401
0.31689
0.284148
0.239787
0.189243
0.134279
0.0741626
0.0220654
-0.0189763
-0.0541664
-0.0770152
-0.0826707
-0.073169
-0.0521679
-0.0171255
0.0247621
0.066945
0.110884
0.156786
0.201203
0.236931
0.260801
0.275671
0.284228
0.286537
0.285956
0.285353
0.283843
0.282947
0.285988
0.290685
0.295078
0.30326
0.314043
0.322355
0.326693
0.330069
0.33796
0.348654
0.357259
0.363838
0.369544
0.372541
0.375134
0.381398
0.395127
0.412997
0.426701
0.431532
0.426244
0.414457
0.397855
0.373217
0.342981
0.31214
0.285531
0.262192
0.239589
0.218885
0.200479
0.181984
0.168041
0.162883
0.162707
0.163666
0.165765
0.165488
0.159813
0.147306
0.129493
0.106349
0.0810952
0.0554656
0.0283337
0.000530801
-0.0272846
-0.0561715
-0.0856493
-0.114039
-0.138316
-0.156414
-0.16792
-0.180888
-0.197862
-0.212767
-0.223374
-0.231506
-0.235323
-0.235563
-0.233669
-0.231041
-0.22743
-0.218809
-0.207826
-0.200128
-0.193926
-0.186325
-0.181818
-0.180644
-0.179005
-0.176215
-0.174046
-0.174997
-0.180058
-0.189186
-0.199604
-0.210482
-0.223958
-0.236751
-0.245992
-0.257313
-0.273398
-0.292849
-0.318392
-0.350039
-0.383278
-0.414444
-0.441585
-0.455732
-0.458086
-0.455945
-0.460519
-0.470277
-0.473031
-0.468336
-0.462618
-0.453238
-0.437656
-0.418969
-0.400872
-0.383793
-0.365777
-0.346638
-0.32877
-0.314621
-0.303744
-0.290326
-0.272518
-0.253291
-0.236227
-0.221276
-0.202897
-0.182158
-0.168658
-0.166741
-0.173083
-0.18069
-0.186474
-0.191766
-0.198801
-0.207536
-0.215409
-0.220458
-0.222167
-0.221221
-0.217133
-0.207238
-0.193285
-0.177157
-0.157103
-0.135993
-0.123351
-0.121018
-0.128459
-0.150231
-0.184582
-0.222488
-0.256811
-0.281924
-0.290278
-0.287648
-0.27944
-0.267741
-0.252824
-0.235981
-0.221551
-0.213706
-0.209512
-0.207447
-0.21203
-0.223148
-0.236905
-0.248386
-0.259689
-0.275572
-0.294176
-0.311812
-0.32747
-0.339255
-0.34464
-0.348847
-0.354684
-0.358733
-0.363573
-0.374001
-0.392221
-0.414584
-0.437331
-0.458391
-0.478017
-0.496207
-0.507111
-0.506671
-0.497385
-0.48553
-0.473049
-0.460814
-0.449414
-0.438379
-0.427173
-0.416247
-0.407284
-0.400952
-0.395716
-0.388367
-0.376576
-0.358725
-0.334696
-0.308449
-0.288042
-0.27888
-0.270726
-0.255733
-0.236844
-0.219976
-0.207001
-0.199424
-0.198505
-0.206207
-0.22048
-0.238534
-0.255496
-0.269888
-0.282978
-0.293582
-0.299844
-0.302197
-0.303085
-0.303519
-0.303139
-0.301744
-0.300372
-0.303356
-0.314984
-0.331776
-0.347432
-0.357374
-0.366602
-0.380451
-0.391346
-0.394443
-0.393534
-0.387662
-0.373043
-0.34804
-0.31427
-0.267863
-0.216285
-0.168344
-0.125855
-0.0852123
-0.0451525
-0.0133633
0.0015463
0.00892975
0.0162558
0.0157548
0.00493225
-0.0112605
-0.0267607
-0.040292
-0.0534089
-0.0681905
-0.0849999
-0.103141
-0.120692
-0.136638
-0.154655
-0.175144
-0.193018
-0.203865
-0.207814
-0.206348
-0.200509
-0.190966
-0.178503
-0.164473
-0.153755
-0.146345
-0.139775
-0.13408
-0.130451
-0.127925
-0.126096
-0.125574
-0.124337
-0.121102
-0.118565
-0.115355
-0.106793
-0.0901089
-0.0677405
-0.0408938
-0.0119541
0.0169833
0.0483792
0.0833934
0.113838
0.136856
0.153071
0.160849
0.15822
0.144243
0.12314
0.0985634
0.071219
0.0430124
0.0194566
0.00145701
-0.0135283
-0.0278485
-0.0378489
-0.0382061
-0.032035
-0.0221874
-0.00369711
0.0199091
0.0405763
0.0568726
0.0706551
0.0786436
0.0783754
0.0694755
0.0545237
0.033801
0.00464923
-0.028869
-0.061685
-0.0983352
-0.134466
-0.159732
-0.175094
-0.184936
-0.187573
-0.182151
-0.167705
-0.14806
-0.128362
-0.112599
-0.0948123
-0.0675849
-0.0342996
-0.000814816
0.0337017
0.0675876
0.0966964
0.123573
0.151426
0.180084
0.210258
0.245739
0.279838
0.305898
0.326
0.341728
0.348497
0.347459
0.340953
0.331392
0.321806
0.316654
0.314335
0.311234
0.305592
0.295315
0.278355
0.261157
0.246935
0.229516
0.205794
0.178083
0.151876
0.127444
0.101164
0.0709751
0.0390877
0.00966475
-0.0161479
-0.038023
-0.0478811
-0.04883
-0.048226
-0.0484946
-0.0479963
-0.0462688
-0.0442703
-0.042843
-0.0387796
-0.0300896
-0.0202422
-0.0093201
0.00495036
0.0122514
0.00949699
0.00536273
0.00047571
-0.0123604
-0.0320304
-0.0535406
-0.0748693
-0.0975496
-0.12236
-0.14525
-0.161943
-0.170179
-0.170969
-0.166414
-0.157028
-0.141802
-0.11928
-0.100375
-0.0900573
-0.0846433
-0.0761193
-0.0601772
-0.0418512
-0.0257394
-0.0102969
0.00433431
0.0145189
0.0153702
0.00825025
-0.00504526
-0.017714
-0.0224816
-0.0166642
-0.00358916
0.0128008
0.0297636
0.0464804
0.0550204
0.0518258
0.039042
0.0223146
0.00349016
-0.0105399
-0.0158673
-0.0121941
-0.00532223
4.74948e-05
0.000498308
-0.00371664
-0.0144283
-0.0272829
-0.0372543
-0.041426
-0.0408453
-0.0363691
-0.027706
-0.0153948
0.000941067
0.01921
0.0365053
0.0495715
0.056582
0.0548972
0.0490016
0.0453669
0.0495595
0.0591487
0.0675627
0.0693599
0.0617199
0.0436336
0.0182197
-0.00993838
-0.0394192
-0.0700248
-0.0951309
-0.110931
-0.116819
-0.113821
-0.103736
-0.0802971
-0.0481645
-0.0175583
0.0052084
0.0200712
0.0268834
0.0266652
0.0150583
-0.00647778
-0.0334967
-0.0641231
-0.0953609
-0.12366
-0.147008
-0.165343
-0.177793
-0.183021
-0.18088
-0.173253
-0.164361
-0.156875
-0.14487
-0.124826
-0.106318
-0.0921993
-0.0764042
-0.0600542
-0.0469408
-0.0314398
-0.0109658
0.00997301
0.0296419
0.0495897
0.069226
0.086617
0.0996074
0.106867
0.10574
0.0925482
0.0705095
0.0482768
0.0339115
0.0286186
0.0291295
0.032569
0.0420281
0.0510411
0.0525344
0.0479385
0.0390811
0.0191966
-0.0139027
-0.056078
-0.098104
-0.136944
-0.174704
-0.209973
-0.243897
-0.278932
-0.313291
-0.342983
-0.363535
-0.371275
-0.366484
-0.351683
-0.330045
-0.305939
-0.282621
-0.260723
-0.241189
-0.225485
-0.215644
-0.212155
-0.216867
-0.231692
-0.254381
-0.279851
-0.296395
-0.298334
-0.290395
-0.278733
-0.260091
-0.238712
-0.220617
-0.204913
-0.190474
-0.180635
-0.172646
-0.162362
-0.149717
-0.136039
-0.120892
-0.106443
-0.0959302
-0.09282
-0.0955541
-0.0993806
-0.101359
-0.102154
-0.104367
-0.109798
-0.119832
-0.134098
-0.150373
-0.161622
-0.165287
-0.162665
-0.153662
-0.136699
-0.11412
-0.0901536
-0.0664554
-0.0437914
-0.0223269
-0.000604594
0.0202012
0.0357752
0.0467421
0.0560668
0.0636549
0.0682992
0.0700549
0.0712316
0.0735753
0.078058
0.0850846
0.095597
0.107663
0.11933
0.130898
0.14432
0.161798
0.184116
0.21184
0.240463
0.266008
0.283007
0.290841
0.291004
0.286246
0.27655
0.261901
0.246022
0.233259
0.225909
0.223909
0.227797
0.236115
0.248628
0.263518
0.279099
0.294676
0.308882
0.320105
0.329927
0.339045
0.343422
0.340797
0.331575
0.320632
0.311039
0.303281
0.29766
0.295364
0.294626
0.29364
0.292162
0.292098
0.295431
0.302789
0.311791
0.318552
0.323002
0.326511
0.327285
0.325402
0.324374
0.325263
0.327209
0.331445
0.339291
0.351275
0.364511
0.376102
0.381577
0.381024
0.374474
0.363394
0.348415
0.327413
0.300937
0.272885
0.246183
0.220537
0.19308
0.163239
0.131923
0.096503
0.0573455
0.0192581
-0.0154076
-0.0473308
-0.0753925
-0.100107
-0.122627
-0.142448
-0.159125
-0.177048
-0.19427
-0.205272
-0.214536
-0.226776
-0.237817
-0.245468
-0.252323
-0.263685
-0.27925
-0.293788
-0.305965
-0.317668
-0.327572
-0.333104
-0.331799
-0.323378
-0.309539
-0.293971
-0.27784
-0.260562
-0.24217
-0.223349
-0.204537
-0.185967
-0.168612
-0.152518
-0.140053
-0.130324
-0.116002
-0.0979439
-0.0819696
-0.0659802
-0.0460673
-0.025456
-0.00623792
0.0131149
0.0291001
0.0390254
0.049547
0.0647485
0.0829319
0.0994146
0.112158
0.124608
0.139158
0.154417
0.168904
0.182781
0.197203
0.212364
0.225912
0.239217
0.256843
0.274984
0.288495
0.29788
0.303599
0.301897
0.296691
0.292767
0.28634
0.276816
0.271709
0.271476
0.272817
0.279382
0.291207
0.306013
0.320441
0.332994
0.343189
0.351363
0.357773
0.361094
0.358835
0.351681
0.343587
0.339353
0.336139
0.329357
0.322069
0.316254
0.308129
0.298778
0.290874
0.280094
0.26301
0.239929
0.214406
0.189511
0.170098
0.159998
0.16102
0.164753
0.166466
0.169375
0.17188
0.164596
0.151533
0.141169
0.135372
0.132343
0.131405
0.127277
0.115517
0.0898292
0.0546092
0.0173923
-0.015857
-0.0441483
-0.0669675
-0.0841167
-0.0955704
-0.101641
-0.105193
-0.108474
-0.113257
-0.120183
-0.128871
-0.139333
-0.153722
-0.167813
-0.176631
-0.177988
-0.17208
-0.158618
-0.141869
-0.124062
-0.10502
-0.085509
-0.0683793
-0.0577812
-0.0549834
-0.0589775
-0.0669081
-0.0745703
-0.0812467
-0.0883509
-0.0956793
-0.102336
-0.107905
-0.110552
-0.109937
-0.11194
-0.118272
-0.124876
-0.128429
-0.127911
-0.117959
-0.10105
-0.0814222
-0.0625849
-0.0454929
-0.0315426
-0.0221958
-0.019521
-0.0251951
-0.0419975
-0.0645334
-0.0880751
-0.11331
-0.142031
-0.173398
-0.201908
-0.223007
-0.235103
-0.239517
-0.236321
-0.224845
-0.208421
-0.190646
-0.173463
-0.156258
-0.136215
-0.114088
-0.0942628
-0.0762298
-0.057119
-0.0388742
-0.0238333
-0.0120235
-0.00262651
0.00296008
-0.000784834
-0.0135771
-0.0333183
-0.0553719
-0.0754052
-0.0865268
-0.0872248
-0.0795875
-0.065321
-0.04255
-0.0215252
-0.00809815
-0.00202487
-0.00195269
-0.00890717
-0.0179074
-0.0247321
-0.0260701
-0.0211189
-0.00924151
0.0077917
0.0270665
0.0462714
0.0617369
0.0698939
0.0723306
0.071007
0.0677332
0.0658963
0.0706652
0.0854854
0.109521
0.136893
0.162289
0.183487
0.198773
0.204283
0.199445
0.188129
0.175024
0.160613
0.142511
0.122491
0.10345
0.0866658
0.0712515
0.0559747
0.0395325
0.0219684
0.00370252
-0.0103635
-0.0162569
-0.0116551
0.000119504
0.0190683
0.0423385
0.0658672
0.0819927
0.0879133
0.0840596
0.0751109
0.0629862
0.0541747
0.0516051
0.053958
0.0575342
0.0616268
0.066621
0.0719135
0.0753844
0.0735971
0.0634923
0.0505551
0.0399244
0.0320771
0.0210752
0.00173844
-0.022674
-0.0488444
-0.0788523
-0.110239
-0.138549
-0.159067
-0.172351
-0.180602
-0.187344
-0.192889
-0.195199
-0.194184
-0.19112
-0.184863
-0.173992
-0.160026
-0.146728
-0.137388
-0.130547
-0.124283
-0.122913
-0.12858
-0.138763
-0.150928
-0.164125
-0.17395
-0.17788
-0.17513
-0.166483
-0.153538
-0.141018
-0.131793
-0.127577
-0.125092
-0.122598
-0.127469
-0.140216
-0.15117
-0.160873
-0.176682
-0.195973
-0.212697
-0.223957
-0.227525
-0.223349
-0.214653
-0.20285
-0.187142
-0.166572
-0.140723
-0.117766
-0.10085
-0.0855757
-0.0702982
-0.0597649
-0.0542512
-0.0506364
-0.0472915
-0.0422517
-0.0307025
-0.0150157
3.05884e-05
0.0116932
0.0208407
0.0261149
0.024109
0.0124837
0.00215319
-0.00100411
-7.64845e-07
0.00420622
0.0148613
0.0266859
0.0346074
0.0370353
0.0380519
0.0411787
0.0428626
0.0386155
0.0246009
0.00213972
-0.0248216
-0.0558804
-0.0911051
-0.121823
-0.141999
-0.151074
-0.154211
-0.15242
-0.140494
-0.121348
-0.101647
-0.0924848
-0.0973511
-0.105984
-0.110134
-0.107228
-0.0988911
-0.0854009
-0.0739808
-0.0673297
-0.0617224
-0.0534063
-0.0414615
-0.0281551
-0.0153828
-0.00332941
0.00726047
0.013434
0.0169422
0.0203545
0.0230284
0.0240433
0.0240745
0.0224854
0.0184816
0.0191517
0.0268079
0.0376888
0.0485502
0.059344
0.0674051
0.0709869
0.0721513
0.0691318
0.0593627
0.0474536
0.0362756
0.0233268
0.00716932
-0.0109521
-0.024149
-0.0293487
-0.0280472
-0.023732
-0.0163724
-0.00550117
0.00816535
0.0246107
0.0432066
0.0630139
0.0816953
0.0970626
0.101133
0.0942599
0.0857144
0.0782615
0.0681212
0.060188
0.0582543
0.0603318
0.0645544
0.0720709
0.0786386
0.0824158
0.0871343
0.0931543
0.0973756
0.0984028
0.0975569
0.0999274
0.104685
0.106799
0.10546
0.102484
0.0949192
0.0842433
0.0790843
0.0816864
0.0876148
0.0886773
0.0820458
0.0677077
0.0453246
0.0155778
-0.0148136
-0.0433189
-0.0722201
-0.0979846
-0.115429
-0.120951
-0.122365
-0.129533
-0.142763
-0.156811
-0.165411
-0.169627
-0.173004
-0.174983
-0.173096
-0.166139
-0.157327
-0.150195
-0.143022
-0.133186
-0.121279
-0.10894
-0.0967836
-0.0879495
-0.0856905
-0.0844536
-0.0799579
-0.0732113
-0.0639222
-0.0495859
-0.034084
-0.0208898
-0.0100806
0.00272712
0.0235704
0.0542252
0.0922075
0.133885
0.176276
0.211963
0.240602
0.263368
0.280846
0.290944
0.297854
0.305036
0.310351
0.312098
0.310721
0.306034
0.298861
0.290332
0.280326
0.268326
0.257779
0.249315
0.237073
0.217278
0.189877
0.159143
0.126019
0.0865584
0.0487659
0.0205143
-0.00235235
-0.0263247
-0.0521099
-0.0808804
-0.113141
-0.144001
-0.168914
-0.185381
-0.18824
-0.180724
-0.17201
-0.169217
-0.174473
-0.184193
-0.196279
-0.209555
-0.218122
-0.215482
-0.202107
-0.180709
-0.15701
-0.133818
-0.109955
-0.0849823
-0.0608909
-0.042451
-0.0299861
-0.0223251
-0.0168916
-0.0123186
-0.0130771
-0.0215018
-0.0286645
-0.0300222
-0.0278815
-0.0247575
-0.0220136
-0.0229176
-0.0268216
-0.0312712
-0.035227
-0.0372394
-0.0335066
-0.0244275
-0.0117186
-0.00180973
0.00136693
-0.00323505
-0.0114041
-0.0206562
-0.0281985
-0.0323824
-0.0315417
-0.0270854
-0.0200759
-0.00435266
0.0221992
0.0551665
0.0897459
0.125681
0.160467
0.193083
0.223979
0.251529
0.26949
0.276408
0.274409
0.262205
0.244213
0.225134
0.204568
0.181326
0.159754
0.143984
0.136279
0.140051
0.154975
0.178517
0.207879
0.242687
0.269052
0.282396
0.287365
0.289322
0.288502
0.281694
0.268008
0.25641
0.246947
0.232522
0.213282
0.193687
0.176522
0.164303
0.157316
0.152495
0.14716
0.139287
0.127007
0.110085
0.0907595
0.074913
0.0668644
0.059108
0.0468817
0.0390138
0.0338068
0.0215213
0.00563284
-0.00860129
-0.0231274
-0.0337297
-0.035984
-0.0324397
-0.0259238
-0.0160013
-0.00586936
0.00148719
0.00659093
0.0135143
0.028205
0.0489515
0.0716514
0.098768
0.131459
0.166237
0.198995
0.227893
0.251721
0.26874
0.274598
0.271329
0.262623
0.249506
0.233353
0.218119
0.20613
0.197986
0.200702
0.21653
0.241472
0.267531
0.290405
0.304809
0.309247
0.303527
0.288423
0.266147
0.245831
0.231515
0.222518
0.221467
0.225375
0.224049
0.216672
0.208226
0.204322
0.205598
0.210221
0.212692
0.210144
0.204009
0.196045
0.183642
0.164892
0.141796
0.123333
0.110778
0.100191
0.0933402
0.0936141
0.10252
0.110398
0.110231
0.107042
0.104815
0.0998235
0.0940584
0.0914896
0.0909783
0.0907812
0.0903893
0.0823824
0.0658658
0.0481997
0.0323199
0.0154164
-0.00219209
-0.017139
-0.0252663
-0.0284336
-0.0302768
-0.0323648
-0.0370987
-0.0471245
-0.0592063
-0.0702128
-0.0800681
-0.0856095
-0.0846289
-0.07952
-0.0715711
-0.0590941
-0.0452332
-0.0332049
-0.0202
-0.00221338
0.0230296
0.0460964
0.0599987
0.070651
0.0818451
0.0888414
0.0937623
0.100342
0.102581
0.099636
0.0958443
0.0903024
0.0809659
0.0735142
0.0702118
0.0689016
0.0687305
0.0700022
0.0726677
0.0769139
0.0832091
0.0891313
0.0915348
0.0873085
0.0765744
0.0618185
0.0483797
0.0387557
0.0325161
0.0289631
0.028422
0.0295885
0.0324895
0.0377298
0.0384652
0.032578
0.0251168
0.0169653
0.00663405
-0.000509257
-0.00248039
0.0003099
0.0047713
0.00799865
0.00503681
-0.00538471
-0.0225032
-0.0425578
-0.0616845
-0.0760673
-0.0806725
-0.0747155
-0.0651232
-0.0576505
-0.0559913
-0.0584483
-0.0629794
-0.0726484
-0.08791
-0.106829
-0.126982
-0.145579
-0.158183
-0.160922
-0.153876
-0.140027
-0.123363
-0.10945
-0.100727
-0.0961674
-0.0939348
-0.0895789
-0.0772273
-0.0604417
-0.043898
-0.0234639
0.000636975
0.0231465
0.0411865
0.0555857
0.0679017
0.079591
0.0906909
0.102474
0.115008
0.12201
0.123071
0.122331
0.12297
0.125428
0.132964
0.147342
0.168352
0.188665
0.205637
0.225103
0.245239
0.25787
0.258975
0.251295
0.238224
0.222769
0.205328
0.19062
0.18226
0.18172
0.184542
0.187077
0.190007
0.19352
0.196062
0.196791
0.19553
0.191979
0.188062
0.185879
0.184134
0.181068
0.17641
0.170962
0.166053
0.165747
0.167791
0.166721
0.167537
0.176028
0.187876
0.200294
0.215664
0.234691
0.256045
0.275624
0.288471
0.291516
0.288134
0.280232
0.265198
0.240705
0.206574
0.173059
0.143528
0.112366
0.0911906
0.0853109
0.0887544
0.0930392
0.0947192
0.0910986
0.0839091
0.0777413
0.072682
0.0664656
0.060041
0.0532152
0.0432558
0.0273229
0.00472925
-0.0248833
-0.0581779
-0.0919099
-0.122506
-0.143878
-0.150258
-0.138225
-0.118798
-0.0940099
-0.065138
-0.0362439
-0.0151693
-0.00609971
-0.00853681
-0.016819
-0.0271618
-0.0355877
-0.0409859
-0.0436597
-0.0448666
-0.0451999
-0.0466943
-0.0476355
-0.0423164
-0.0364573
-0.0368235
-0.039025
-0.0413449
-0.0509429
-0.0640179
-0.0744656
-0.08864
-0.107052
-0.123508
-0.136376
-0.145741
-0.148202
-0.145053
-0.139031
-0.12653
-0.107367
-0.0883805
-0.0755815
-0.0694311
-0.0701453
-0.0769685
-0.0882098
-0.105366
-0.128451
-0.147
-0.15659
-0.159301
-0.15599
-0.146938
-0.132972
-0.11561
-0.0952567
-0.0768387
-0.0636858
-0.0564407
-0.0542697
-0.0562622
-0.0614207
-0.0698497
-0.0821349
-0.0977581
-0.114953
-0.128788
-0.138992
-0.14717
-0.146598
-0.135751
-0.121229
-0.108025
-0.0958562
-0.0861182
-0.0804126
-0.0797864
-0.0823665
-0.0868288
-0.0894948
-0.0877917
-0.0801687
-0.0686419
-0.0554906
-0.041279
-0.0271549
-0.017258
-0.0155899
-0.0225706
-0.035589
-0.0491283
-0.0596985
-0.0686495
-0.0774626
-0.0836519
-0.0878022
-0.0922338
-0.0939558
-0.09056
-0.0827468
-0.0740843
-0.0664135
-0.0594738
-0.0561633
-0.0645868
-0.0828803
-0.105773
-0.13571
-0.16794
-0.19415
-0.216707
-0.237724
-0.250986
-0.254595
-0.25091
-0.239547
-0.223263
-0.204357
-0.185777
-0.169336
-0.155815
-0.140916
-0.117925
-0.0912635
-0.0671295
-0.0419499
-0.0119291
0.0214067
0.0559203
0.0909133
0.118031
0.134146
0.135437
0.12761
0.117323
0.10197
0.0801466
0.0571386
0.0358864
0.016539
0.00386466
-0.00137864
-0.00129985
0.000734458
0.00403299
0.0102515
0.0183579
0.0268445
0.0394663
0.0542546
0.061107
0.059527
0.0537574
0.046368
0.0380376
0.0297869
0.0193842
0.00488677
-0.0126219
-0.0329325
-0.0578483
-0.0872699
-0.116571
-0.138039
-0.153178
-0.166353
-0.174379
-0.172367
-0.158055
-0.136743
-0.112253
-0.0874536
-0.0697374
-0.0663057
-0.0698507
-0.0746308
-0.085249
-0.100636
-0.114497
-0.12447
-0.131205
-0.133722
-0.133025
-0.130037
-0.121908
-0.108857
-0.0920145
-0.0774817
-0.0685644
-0.0599109
-0.0499825
-0.044582
-0.049195
-0.0642456
-0.0882116
-0.113504
-0.133641
-0.151114
-0.166722
-0.173381
-0.173863
-0.174183
-0.172886
-0.172474
-0.178525
-0.186067
-0.191268
-0.20091
-0.214525
-0.225648
-0.235284
-0.245465
-0.25361
-0.262042
-0.273141
-0.280622
-0.28259
-0.281816
-0.277256
-0.2685
-0.25664
-0.24534
-0.237699
-0.231885
-0.225629
-0.22034
-0.217871
-0.218513
-0.21931
-0.215714
-0.202239
-0.183192
-0.16459
-0.14656
-0.128547
-0.114592
-0.108237
-0.108917
-0.112413
-0.117029
-0.123521
-0.1307
-0.136327
-0.137321
-0.136845
-0.139606
-0.143384
-0.145227
-0.146068
-0.144084
-0.135458
-0.122811
-0.107562
-0.085338
-0.0565478
-0.0239772
0.00498976
0.0283042
0.0468413
0.0614945
0.071096
0.0750395
0.0751981
0.0747089
0.0717549
0.0623791
0.0500838
0.0387525
0.0279451
0.0148274
-0.00127505
-0.0166633
-0.0271366
-0.0301895
-0.0245719
-0.0106725
0.011808
0.0384211
0.0656288
0.0886055
0.105209
0.106229
0.0943415
0.0779118
0.063308
0.0525132
0.0478494
0.0440967
0.0367501
0.0283473
0.0229078
0.021435
0.0224099
0.024835
0.0288154
0.0385545
0.0583869
0.0804201
0.0983094
0.112478
0.12126
0.119881
0.111928
0.102965
0.0941391
0.0863263
0.0807767
0.0700636
0.0528732
0.0371585
0.0247044
0.0125122
0.00249699
-0.0070946
-0.0201924
-0.0335124
-0.0420753
-0.0430592
-0.0389065
-0.0326764
-0.0243899
-0.015883
-0.0137859
-0.0169755
-0.0217207
-0.0314599
-0.0405852
-0.0393971
-0.0325434
-0.025953
-0.0148506
-0.000617604
0.00976051
0.0145631
0.0162406
0.0118542
0.000600636
-0.0165687
-0.0408713
-0.0686472
-0.0904122
-0.108425
-0.12904
-0.150952
-0.172962
-0.196172
-0.215424
-0.227144
-0.231407
-0.230865
-0.226928
-0.218739
-0.208057
-0.197882
-0.193035
-0.194884
-0.19768
-0.200183
-0.205394
-0.207153
-0.202253
-0.1926
-0.178713
-0.158918
-0.140645
-0.128392
-0.123165
-0.119601
-0.113182
-0.107921
-0.105696
-0.0977894
-0.0835633
-0.0691083
-0.0574216
-0.0477407
-0.0427657
-0.0441066
-0.0523284
-0.0674416
-0.0857083
-0.100267
-0.110207
-0.117222
-0.120793
-0.12149
-0.122507
-0.126622
-0.133509
-0.139099
-0.141902
-0.142658
-0.141277
-0.137789
-0.135843
-0.138939
-0.148284
-0.160311
-0.171547
-0.1748
-0.170651
-0.16364
-0.157354
-0.150808
-0.137762
-0.115399
-0.0849695
-0.055032
-0.0306153
-0.0141987
-0.00291066
0.00353777
0.00747157
0.0110228
0.0140066
0.0144778
0.0114139
0.0109006
0.0165856
0.022869
0.0271098
0.0318592
0.036879
0.0412487
0.0491323
0.0600583
0.0702387
0.0797716
0.0899359
0.0967061
0.100745
0.105836
0.109002
0.106332
0.0992091
0.0909742
0.0827495
0.0745315
0.0667563
0.0609838
0.0559446
0.0498389
0.0433126
0.0369244
0.0297247
0.0262646
0.0289629
0.0287499
0.0239047
0.0210719
0.0221641
0.0248425
0.0298274
0.0353785
0.0383778
0.037918
0.0350225
0.0323791
0.0319862
0.0347823
0.0425862
0.0547256
0.0709382
0.0899127
0.110084
0.125658
0.134251
0.142295
0.152986
0.163628
0.175761
0.191308
0.203694
0.211512
0.218518
0.227209
0.236142
0.239347
0.236663
0.230174
0.221009
0.209877
0.201285
0.195607
0.190175
0.183274
0.175331
0.166603
0.156771
0.145546
0.135939
0.128301
0.119147
0.108046
0.0970203
0.0878703
0.0833478
0.0888522
0.101053
0.114937
0.134476
0.158235
0.173795
0.182304
0.190999
0.197006
0.197133
0.194046
0.186472
0.17162
0.147884
0.117747
0.0863638
0.0564381
0.0282943
0.0059305
-0.0100337
-0.0206827
-0.0252344
-0.0259288
-0.029103
-0.0374033
-0.0491779
-0.0628385
-0.0785444
-0.0968939
-0.116272
-0.134778
-0.150435
-0.161041
-0.158981
-0.147478
-0.131691
-0.106187
-0.0672838
-0.0289961
0.00230991
0.031034
0.0580075
0.0777035
0.0876852
0.0907039
0.0849993
0.0741401
0.0638434
0.0544305
0.0459956
0.042983
0.0443416
0.0466972
0.0504282
0.0572144
0.0671712
0.0777171
0.0869983
0.0951222
0.101191
0.10165
0.0973864
0.0911698
0.0830245
0.0726489
0.0618015
0.0516002
0.0410898
0.0258085
0.00823444
-0.00529772
-0.0101446
-0.00944564
-0.00992002
-0.0106893
-0.00694443
-0.00259187
-0.00102423
0.000776616
0.00538933
0.0125069
0.0206048
0.0296556
0.0446162
0.0646934
0.0854819
0.104408
0.121463
0.133303
0.137457
0.132928
0.118938
0.0961123
0.0758968
0.0588831
0.0375586
0.0152896
-0.000993089
-0.00781157
-0.00943151
-0.0103926
-0.0115157
-0.0108568
-0.00619074
-0.00465017
-0.0114329
-0.0187495
-0.0228706
-0.0284299
-0.0364671
-0.0444891
-0.0515694
-0.0548007
-0.0507128
-0.0421274
-0.0313748
-0.0160673
0.00378937
0.0260063
0.0486439
0.0713913
0.0931618
0.113212
0.130115
0.143631
0.154173
0.15945
0.160111
0.16071
0.159051
0.151959
0.144648
0.138387
0.128042
0.116294
0.106265
0.0869161
0.0606367
0.0391427
0.0237547
0.0117988
0.00621757
0.00321535
-0.00222438
-0.00875428
-0.0152799
-0.0252354
-0.0333485
-0.0338954
-0.0290994
-0.0236047
-0.0176839
-0.0131567
-0.0112627
-0.00767074
-0.000705351
0.00695481
0.0148576
0.0244227
0.0362289
0.0488401
0.0594963
0.068314
0.0768581
0.0855233
0.0943053
0.103782
0.108778
0.105369
0.093886
0.0785547
0.0650204
0.0534541
0.0411458
0.0270014
0.0131223
0.00292495
-0.00564426
-0.0159226
-0.0282826
-0.0410557
-0.0532724
-0.0652139
-0.0765072
-0.0823014
-0.0826069
-0.0806331
-0.0792233
-0.0785583
-0.0781188
-0.0792358
-0.0840523
-0.0909329
-0.0963078
-0.0967657
-0.0950671
-0.0943838
-0.0922238
-0.0884678
-0.0886407
-0.0904331
-0.0884315
-0.0854343
-0.0852958
-0.0877755
-0.0923453
-0.100145
-0.109732
-0.119297
-0.128377
-0.138495
-0.150277
-0.160387
-0.168394
-0.17798
-0.186754
-0.192053
-0.201027
-0.211968
-0.216737
-0.215587
-0.211459
-0.200354
-0.184366
-0.169115
-0.155687
-0.14304
-0.13543
-0.131967
-0.12912
-0.127299
-0.128687
-0.13394
-0.139723
-0.141955
-0.144777
-0.15224
-0.159318
-0.163823
-0.169007
-0.176532
-0.185266
-0.193518
-0.202642
-0.214766
-0.225679
-0.232438
-0.233966
-0.23474
-0.238803
-0.240045
-0.235615
-0.231834
-0.229629
-0.224467
-0.216706
-0.208558
-0.198466
-0.187166
-0.177187
-0.167698
-0.15716
-0.146641
-0.139842
-0.139397
-0.137857
-0.131176
-0.129465
-0.134676
-0.140157
-0.14268
-0.143474
-0.142093
-0.139926
-0.139071
-0.139775
-0.140339
-0.135492
-0.127503
-0.122171
-0.119729
-0.117215
-0.112135
-0.105778
-0.100955
-0.100682
-0.105134
-0.110366
-0.116297
-0.128363
-0.144451
-0.159452
-0.171795
-0.179096
-0.177969
-0.172996
-0.16822
-0.159973
-0.148955
-0.139797
-0.131098
-0.120091
-0.108524
-0.0977434
-0.0868708
-0.0780172
-0.0729068
-0.0685113
-0.062449
-0.0549324
-0.0499236
-0.0494839
-0.0506998
-0.0528942
-0.060317
-0.0679174
-0.0701936
-0.0723056
-0.0766313
-0.0789688
-0.0815588
-0.0879241
-0.0934167
-0.0975308
-0.104355
-0.112439
-0.118426
-0.120425
-0.118683
-0.113478
-0.104646
-0.0922919
-0.0811886
-0.0726189
-0.0648135
-0.0588796
-0.0567687
-0.0579996
-0.0597184
-0.0594439
-0.052855
-0.0393396
-0.0283506
-0.0213464
-0.0114187
-3.10763e-05
0.00813807
0.0167799
0.0275426
0.0358447
0.0449536
0.059124
0.0712401
0.0779023
0.0841812
0.0894612
0.0879118
0.0793871
0.0675456
0.0545977
0.0408703
0.0261032
0.0112594
-0.0029094
-0.0160134
-0.0236949
-0.0246615
-0.0293443
-0.0388286
-0.0447808
-0.0470094
-0.0497157
-0.0502352
-0.0479446
-0.0451522
-0.0431479
-0.0409972
-0.0353886
-0.0280679
-0.0240546
-0.0246499
-0.0275368
-0.028461
-0.0280656
-0.031044
-0.0362626
-0.0403696
-0.0445982
-0.0499524
-0.0544519
-0.0596381
-0.067185
-0.0729009
-0.0745029
-0.0717909
-0.0682733
-0.0669423
-0.0698244
-0.0746591
-0.0789987
-0.0834913
-0.0889643
-0.0915766
-0.0911333
-0.0898953
-0.087159
-0.0811425
-0.0709156
-0.0569556
-0.0401189
-0.0238166
-0.0107994
-0.000630485
0.0071563
0.00489487
-0.00556073
-0.0168765
-0.0268767
-0.0338196
-0.0308246
-0.0214182
-0.0113442
-0.00239242
0.00580657
0.00827572
0.00743237
0.00951502
0.0155697
0.0236141
0.0374887
0.0545747
0.0685486
0.0745213
0.07259
0.0681044
0.0642336
0.0592096
0.0545514
0.0529641
0.0543411
0.0566272
0.0585591
0.0570012
0.0508778
0.0445898
0.0395422
0.0335614
0.0286655
0.0274925
0.0295026
0.0323587
0.0349231
0.0367143
0.0374199
0.0352404
0.0301002
0.0227448
0.0113875
-0.00427358
-0.0146808
-0.0180455
-0.0195005
-0.0214488
-0.0226256
-0.024406
-0.0256835
-0.0237865
-0.0187085
-0.0121601
-0.00773908
-0.0047887
0.00024197
0.00932193
0.021272
0.0317936
0.0412853
0.0549478
0.0670399
0.0683194
0.0644788
0.0624253
0.0582543
0.0525863
0.050836
0.0479102
0.0381555
0.0237861
0.0141916
0.0160044
0.022573
0.0269891
0.0265756
0.0245431
0.0241701
0.0285325
0.0370045
0.0414778
0.0404058
0.0373302
0.0331668
0.0269062
0.0208603
0.0156109
0.00901035
0.00450631
0.00575725
0.0116982
0.0197573
0.0285422
0.0374414
0.0463127
0.0544064
0.0618944
0.070565
0.0775698
0.0787937
0.0819944
0.0925634
0.101137
0.103939
0.105373
0.102512
0.0912796
0.0769446
0.0619668
0.0422712
0.0254477
0.0185004
0.0128765
0.00463584
0.000667236
0.00230707
0.00622682
0.0145505
0.0261322
0.0330728
0.0379312
0.0476833
0.0586236
0.0659497
0.0695576
0.0686709
0.0611381
0.0533436
0.0497684
0.0508929
0.0549029
0.0613157
0.0715574
0.0858934
0.0967036
0.103501
0.111684
0.119486
0.123461
0.130171
0.142575
0.156001
0.165791
0.171325
0.176259
0.181707
0.182004
0.178545
0.177161
0.177089
0.176014
0.179211
0.184356
0.182085
0.173241
0.164111
0.158287
0.151571
0.136142
0.115576
0.097124
0.0834761
0.072262
0.0622321
0.05055
0.0368402
0.0288465
0.0271407
0.0272819
0.0282834
0.0315555
0.0358049
0.0401647
0.0454589
0.0503838
0.0532381
0.0531291
0.0501052
0.0441162
0.0370647
0.0304336
0.0250284
0.0201611
0.0144519
0.0089182
0.00592694
0.00799654
0.0141653
0.0231477
0.0332046
0.0431041
0.0506551
0.0553656
0.0611584
0.069754
0.0803582
0.0893726
0.0946238
0.0946806
0.0907441
0.0854474
0.0783229
0.06773
0.0638891
0.068693
0.0711534
0.0695556
0.069918
0.070504
0.0699333
0.0774791
0.0900478
0.0973414
0.101801
0.110231
0.123857
0.137737
0.146706
0.151409
0.15457
0.154909
0.152514
0.151502
0.151302
0.148854
0.146257
0.145712
0.146352
0.147616
0.149897
0.149285
0.144282
0.135299
0.123987
0.111103
0.0974286
0.0834922
0.0701414
0.0561228
0.0405578
0.0315739
0.0310924
0.0327476
0.03515
0.042119
0.0495685
0.0528041
0.0519064
0.0486769
0.043359
0.0389789
0.0355377
0.0227101
0.00590514
-0.00149939
-0.00407468
-0.00887933
-0.00528723
0.00414092
0.00698876
0.00657025
0.01026
0.0140526
0.0140916
0.0105624
0.00582771
0.00175543
0.00128869
0.00225137
0.000102819
-0.00394989
-0.00625224
-0.004407
-0.000515054
0.00271581
0.00408528
0.00415741
0.00443752
0.00484397
0.00368338
-0.000604468
-0.00831896
-0.0210866
-0.0376212
-0.0530836
-0.0635115
-0.0686334
-0.0695538
-0.0678401
-0.0619793
-0.0533843
-0.04426
-0.0333743
-0.0215401
-0.0138078
-0.00987845
-0.00697943
-0.00348949
0.000595711
0.00648702
0.0131726
0.01868
0.0224185
0.0250888
0.0258732
0.0241303
0.0199254
0.0164883
0.0152873
0.0132966
0.00980995
0.00667842
0.00171959
-0.00694116
-0.0152174
-0.0210094
-0.0254308
-0.0245902
-0.0162613
-0.00966869
-0.00675846
-0.00190962
0.00491637
0.0101965
0.0113942
0.008975
0.00237775
-0.00558287
-0.0131279
-0.0251018
-0.0407712
-0.054729
-0.0665469
-0.0770851
-0.0776374
-0.0698034
-0.0604492
-0.0498748
-0.0356853
-0.0228381
-0.0141044
-0.00719433
-9.53313e-05
0.00605388
0.00788704
0.00562435
0.00283817
-0.000360123
-0.00587908
-0.00704436
-0.00171668
0.00411328
0.00851639
0.0142867
0.0193862
0.0216971
0.0203178
0.0176206
0.0155719
0.0100338
-0.000206604
-0.0106271
-0.0182966
-0.0232274
-0.0242936
-0.0222726
-0.0195565
-0.0181035
-0.0185232
-0.0192473
-0.0191098
-0.0180237
-0.0163474
-0.0142685
-0.0147498
-0.0182536
-0.0162091
-0.00803971
0.000313205
0.00482882
0.00594604
0.00435306
0.00308196
0.00556785
0.00777046
0.00549469
0.00110589
-0.00449218
-0.0158176
-0.0292817
-0.0387676
-0.0410601
-0.0385756
-0.0337959
-0.0248161
-0.0101759
0.00151053
0.0101112
0.0240203
0.0412727
0.0552335
0.0634057
0.066892
0.0658834
0.0611465
0.052278
0.0417737
0.0334526
0.0313104
0.0326356
0.0343306
0.0374262
0.0426202
0.0477224
0.0524405
0.0580381
0.0643454
0.0711451
0.0813454
0.0950159
0.109958
0.121056
0.125496
0.121593
0.114689
0.11057
0.110056
0.110326
0.105774
0.0962827
0.0850359
0.0743635
0.0635465
0.0503244
0.0380262
0.0317751
0.0284184
0.0242282
0.0207923
0.0182785
0.0146331
0.0108001
0.00793306
0.00372984
-0.00180657
-0.00669582
-0.0122392
-0.0203024
-0.0302968
-0.037829
-0.0390741
-0.0372449
-0.0360264
-0.0344098
-0.0302906
-0.0230587
-0.0124346
0.0014252
0.0157976
0.0302986
0.0476782
0.0664103
0.0823821
0.0889336
0.0877534
0.0813615
0.0708223
0.0577436
0.0513796
0.0530327
0.0604903
0.0695851
0.0783544
0.0865556
0.0931969
0.0948467
0.0959772
0.101715
0.112241
0.121357
0.119391
0.105462
0.0848158
0.062252
0.0385793
0.0144273
-0.00573786
-0.0191429
-0.0284731
-0.0343888
-0.034234
-0.0299905
-0.0236386
-0.0139444
-0.00356966
0.00158416
0.00491676
0.0119351
0.0225362
0.0319277
0.035647
0.0397452
0.0499635
0.0613814
0.0708068
0.0821453
0.092078
0.090912
0.0802371
0.0651351
0.0558608
0.0560791
0.0560817
0.0513327
0.0469536
0.0431871
0.0372159
0.0320575
0.0283724
0.0216957
0.014004
0.00918829
0.00536927
-0.000623621
-0.0101749
-0.0225417
-0.0363902
-0.0497731
-0.0619242
-0.0724549
-0.0809232
-0.0865941
-0.086826
-0.0824541
-0.074133
-0.0634875
-0.0521069
-0.0420651
-0.0311487
-0.0144315
0.00130584
0.00845286
0.00634113
-0.0028919
-0.0196317
-0.0361835
-0.0457475
-0.0468173
-0.0430429
-0.0337813
-0.022819
-0.014444
-0.0104788
-0.0103754
-0.0167211
-0.0257598
-0.0331474
-0.0399159
-0.0450953
-0.0450923
-0.0389363
-0.0272421
-0.0119426
-0.000719748
-0.000532194
-0.0053387
-0.00841408
-0.00642775
-0.00325579
-0.00327149
-0.00204215
0.00417293
0.00716208
0.00408149
-0.00160883
-0.011095
-0.0220989
-0.0253428
-0.0236303
-0.0239831
-0.0234691
-0.0199213
-0.018449
-0.017891
-0.0139508
-0.0125308
-0.0166537
-0.0210806
-0.0223941
-0.021006
-0.0131566
-0.000708618
0.00714553
0.0114617
0.0177602
0.0232699
0.0237577
0.018458
0.0139554
0.0145129
0.0161243
0.0146146
0.00943061
0.00395453
0.000758442
0.000577269
0.0013451
0.00137005
0.00229912
0.00505245
0.00420352
-0.0011268
-0.00770585
-0.0134878
-0.0187905
-0.0226204
-0.0242212
-0.0233567
-0.0211418
-0.0178244
-0.00937752
0.000244139
0.00374576
0.00383248
0.00487946
0.0040257
0.00278954
0.00630371
0.0130762
0.0213193
0.0340001
0.0479483
0.0583322
0.0677664
0.0771066
0.0805761
0.0823165
0.0899598
0.101882
0.112081
0.1166
0.112952
0.0990234
0.085389
0.0767625
0.0667136
0.0554946
0.0471157
0.0383837
0.0271844
0.0146469
0.00288109
-0.00653103
-0.00896772
-0.00791451
-0.00973364
-0.0132467
-0.0114008
0.00382317
0.0230004
0.0337959
0.0340006
0.0298278
0.0268745
0.0281448
0.0344789
0.0446235
0.0557993
0.0647491
0.0696584
0.070891
0.0687722
0.0623704
0.0497775
0.0329529
0.015466
0.00278341
-0.00143987
0.0045907
0.0166853
0.029776
0.040647
0.0464929
0.0443154
0.0363847
0.0257555
0.012774
-0.000904021
-0.0130739
-0.0213844
-0.0273261
-0.0351671
-0.0424652
-0.0461102
-0.051538
-0.0582244
-0.0604695
-0.0580713
-0.0525859
-0.0398587
-0.0210829
-0.00103066
0.0153148
0.0273048
0.0320279
0.0363977
0.0490189
0.0610324
0.0651057
0.0636863
0.0622758
0.0637928
0.0751823
0.0932006
0.104315
0.110719
0.122144
0.133208
0.13866
0.142555
0.143295
0.137759
0.132519
0.128509
0.116904
0.0985826
0.0809164
0.0714372
0.0669938
0.0613918
0.0559427
0.0536194
0.05532
0.0589549
0.062361
0.0641879
0.0640292
0.0612005
0.0581975
0.0568114
0.0539864
0.0474821
0.0378778
0.0282877
0.020199
0.0118271
0.00494344
0.00337061
0.0041129
0.00439222
0.0084805
0.0134586
0.0124014
0.00981254
0.0115298
0.017834
0.0266752
0.0379896
0.0496221
0.0607825
0.0728835
0.0834815
0.0900826
0.0943136
0.0975358
0.098674
0.0967361
0.0916332
0.0825064
0.0719004
0.0629344
0.0544382
0.0448164
0.0353868
0.027226
0.0200125
0.0121072
0.00442239
0.000779647
-8.98088e-05
-0.000912376
0.000159493
0.00159186
-0.000364725
-0.00277159
-0.00310206
-0.00719213
-0.013869
-0.0169908
-0.0188818
-0.0221379
-0.0238534
-0.0259377
-0.0313246
-0.0366303
-0.040513
-0.0465984
-0.0524164
-0.0542604
-0.0545979
-0.0532428
-0.0467845
-0.0381458
-0.0304312
-0.0220111
-0.0120958
-0.00176434
0.0101237
0.0206511
0.02124
0.017944
0.0201829
0.0221029
0.0204456
0.0238362
0.030803
0.0353498
0.0401418
0.0449916
0.0438431
0.0486467
0.0674528
0.0759588
0.0712073
0.0704984
0.0728875
0.0694224
0.0652152
0.0629786
0.0588224
0.0509339
0.0414254
0.0333822
0.0298116
0.0301115
0.0251349
0.0138826
0.00505339
-0.000974369
-0.00779218
-0.00884395
-0.00489145
-0.00182135
0.00459576
0.0166739
0.0274401
0.0347748
0.0417576
0.047265
0.0492704
0.0474376
0.0402143
0.0264922
0.0052038
-0.0196236
-0.0387964
-0.0543985
-0.0713377
-0.0822176
-0.0855187
-0.0855112
-0.0802154
-0.0698798
-0.0609608
-0.0518031
-0.0365121
-0.0193918
-0.00504465
0.0079345
0.0169518
0.0163605
0.00950794
0.000391091
-0.0125437
-0.0269443
-0.0395738
-0.0510128
-0.0549437
-0.0428554
-0.0271796
-0.0178196
-0.00743932
0.00523766
0.0134022
0.0220965
0.0340286
0.0365459
0.0289274
0.0194703
0.00610007
-0.0110228
-0.0218806
-0.024894
-0.0241225
-0.0172672
-0.0060743
0.00555287
0.0190019
0.0346275
0.0393756
0.0340738
0.0285473
0.0284131
0.033178
0.0448187
0.0581176
0.0663428
0.0725459
0.080045
0.0800035
0.07118
0.0594727
0.0498222
0.0414111
0.0310912
0.0222753
0.0190263
0.0196217
0.0188199
0.0124299
0.00538141
0.00360683
0.00969424
0.0167176
0.0170808
0.0120581
0.00611743
-0.00191846
-0.0112276
-0.0191063
-0.0279962
-0.0395126
-0.0514589
-0.0618804
-0.0712576
-0.0824446
-0.0962449
-0.111294
-0.120883
-0.121695
-0.117938
-0.114518
-0.111959
-0.107427
-0.100512
-0.094205
-0.0908051
-0.0908898
-0.0923042
-0.0929099
-0.091713
-0.090823
-0.0921666
-0.096395
-0.100948
-0.101138
-0.0988992
-0.0971307
-0.0906982
-0.0821833
-0.0813599
-0.0856763
-0.0884745
-0.0920147
-0.0961042
-0.0967021
-0.0929991
-0.0861636
-0.0772905
-0.0699899
-0.0677072
-0.0694747
-0.0732659
-0.0764922
-0.0792692
-0.0826932
-0.0832037
-0.0786908
-0.0702703
-0.0616979
-0.0557208
-0.0581659
-0.0687913
-0.0820411
-0.0969286
-0.114748
-0.129762
-0.141273
-0.152538
-0.158911
-0.155156
-0.142693
-0.129077
-0.119273
-0.110017
-0.097526
-0.0829063
-0.0692908
-0.058005
-0.0457175
-0.029817
-0.0110402
0.0013109
-0.00150249
-0.00970028
-0.0147784
-0.0214292
-0.028822
-0.0299806
-0.0278243
-0.0259247
-0.0168748
-0.00166926
0.0112639
0.013242
0.002638
-0.0199482
-0.0416204
-0.0546757
-0.0697658
-0.0921193
-0.112803
-0.120741
-0.112802
-0.0875032
-0.0573812
-0.03674
-0.024129
-0.013479
-0.0108642
-0.0156235
-0.0226199
-0.0341739
-0.0533577
-0.0738793
-0.0920493
-0.109417
-0.125788
-0.137398
-0.138005
-0.132232
-0.125943
-0.112158
-0.0883155
-0.0626578
-0.0366478
-0.00539915
0.0249971
0.048782
0.0664831
0.0763512
0.0720977
0.0551829
0.0297207
-0.00419043
-0.0372404
-0.0628855
-0.0885173
-0.11039
-0.115585
-0.107207
-0.0939805
-0.0705818
-0.042071
-0.0202015
-0.00189552
0.0191528
0.0403761
0.0575456
0.0698349
0.0819813
0.0952066
0.0992153
0.0908291
0.0745245
0.0609429
0.0543515
0.0531345
0.0569112
0.069333
0.0857987
0.100292
0.110001
0.11483
0.113245
0.104664
0.0916671
0.0786083
0.0691472
0.0634206
0.0579377
0.0522185
0.0499905
0.0489232
0.0454119
0.0417331
0.0371793
0.0287169
0.0239431
0.0262045
0.0302411
0.0337722
0.0399553
0.0527238
0.0690733
0.0764328
0.0723873
0.061594
0.0459301
0.0281571
0.015183
0.00811271
0.00396452
0.00109742
-0.00307451
-0.0123429
-0.0211068
-0.0241565
-0.025988
-0.0249963
-0.0142598
-0.000130789
0.0111084
0.0234996
0.036141
0.0422473
0.0386826
0.0293843
0.0184339
0.00627511
-0.0089283
-0.0290137
-0.0512527
-0.0693129
-0.0826503
-0.0930552
-0.0951817
-0.0898873
-0.0799937
-0.0647663
-0.0442343
-0.0278562
-0.0185258
-0.0145915
-0.0157616
-0.0227586
-0.0341023
-0.0459402
-0.0554421
-0.0624631
-0.0676586
-0.0703254
-0.0716939
-0.0728022
-0.0706123
-0.0631414
-0.0508645
-0.0375446
-0.0255405
-0.0143649
-0.00293311
0.00831742
0.0172392
0.0220939
0.0205409
0.0152085
0.00994363
0.00652493
0.00485081
0.00551512
0.00812561
0.0115685
0.012669
0.00925832
-0.000301723
-0.0113546
-0.020297
-0.0306279
-0.0411332
-0.046931
-0.0523358
-0.0585734
-0.058443
-0.0596099
-0.0703922
-0.0803359
-0.0847922
-0.090091
-0.0930617
-0.0884346
-0.083145
-0.0782147
-0.068138
-0.0588906
-0.0542087
-0.0468303
-0.0350381
-0.0236427
-0.0160803
-0.0135359
-0.018159
-0.0219284
-0.0183378
-0.0116398
-0.00710749
-0.0056875
-0.00905958
-0.0169271
-0.020311
-0.0202417
-0.0246411
-0.0334238
-0.0427863
-0.0515183
-0.053196
-0.0446708
-0.0346616
-0.0267665
-0.0155251
-0.00284665
0.00627228
0.0125011
0.0154205
0.0123716
0.0094202
0.0104309
0.00849017
0.00294951
-0.000677518
-0.0033657
-0.0064383
-0.0065553
-0.00467081
-0.00377206
-0.00444194
-0.00397286
0.00120532
0.00591242
0.0050912
0.00221967
0.000557855
-0.000701463
-0.00254919
-0.00467237
-0.00605215
-0.00873065
-0.015554
-0.0250878
-0.0332092
-0.0358022
-0.037022
-0.0411987
-0.0446753
-0.0483926
-0.0569624
-0.0637084
-0.0662861
-0.072511
-0.0787433
-0.0780335
-0.0741324
-0.070414
-0.0635926
-0.0532853
-0.0416759
-0.0292785
-0.0220035
-0.0264039
-0.032516
-0.0325187
-0.0285891
-0.0241693
-0.0197006
-0.0225909
-0.0328393
-0.0410013
-0.044509
-0.0466102
-0.0460889
-0.0443329
-0.0438798
-0.0393413
-0.0295594
-0.0237853
-0.0228921
-0.021403
-0.0226016
-0.026853
-0.0259586
-0.0220296
-0.0209901
-0.0202915
-0.0185672
-0.0190504
-0.0183813
-0.0131423
-0.00946397
-0.00574298
0.00465696
0.0112912
0.00751463
-0.00145053
-0.0166495
-0.0403467
-0.0597587
-0.0747932
-0.0949092
-0.11325
-0.123172
-0.12803
-0.13128
-0.132175
-0.125673
-0.112699
-0.100994
-0.0922432
-0.0837559
-0.0766722
-0.0703655
-0.0623275
-0.0579345
-0.0605406
-0.0590627
-0.055072
-0.059124
-0.0638631
-0.0629166
-0.0620722
-0.0642788
-0.0677714
-0.0746489
-0.0822803
-0.080776
-0.0720309
-0.0630262
-0.0544942
-0.0471993
-0.043699
-0.0427324
-0.0416876
-0.0392694
-0.038198
-0.0414869
-0.0465131
-0.0499651
-0.0511934
-0.054192
-0.0606201
-0.0632685
-0.0607951
-0.0575135
-0.05472
-0.0516095
-0.0524065
-0.0548329
-0.0529753
-0.0470515
-0.0403037
-0.0324955
-0.0226298
-0.0108882
-0.000670625
0.00720918
0.0157142
0.0231507
0.0253166
0.0262668
0.0295752
0.0328998
0.0364279
0.0432686
0.0519722
0.0611673
0.072816
0.084741
0.0929202
0.0959003
0.0966447
0.099686
0.104084
0.105838
0.0997417
0.087507
0.0756832
0.0629081
0.0453753
0.0269199
0.0123011
0.00251929
-0.0084956
-0.0225598
-0.0278429
-0.0242303
-0.0209372
-0.0226461
-0.0274759
-0.0358384
-0.0447577
-0.0505363
-0.0560837
-0.0626482
-0.0656884
-0.0653368
-0.0645759
-0.063713
-0.0620434
-0.0600798
-0.0558916
-0.0486532
-0.0438367
-0.0403679
-0.0306871
-0.0181968
-0.0093995
-0.00283758
0.00352016
0.00728948
0.00950474
0.0122147
0.0133968
0.0147861
0.0204105
0.0274699
0.0332882
0.0424929
0.0520427
0.0543585
0.0518895
0.0491202
0.0448969
0.0407106
0.040127
0.0397173
0.0373069
0.0360516
0.0356173
0.0331901
0.0304192
0.0288917
0.0273939
0.0270887
0.0294297
0.0324967
0.0350238
0.0377105
0.0386877
0.0366854
0.0357125
0.0357958
0.0322091
0.0266704
0.0221537
0.0130338
0.00166676
-0.00194132
-0.000711631
-0.00175371
-0.00272758
-0.00186961
-0.00164
-2.16423e-06
0.00488298
0.00623065
0.00377623
0.00349972
0.00375171
0.00080165
-0.000566889
-0.000606546
-0.00619091
-0.0136562
-0.0166256
-0.0167718
-0.0166659
-0.0145871
-0.0140778
-0.0177919
-0.0181315
-0.0145918
-0.0144653
-0.0180772
-0.0219291
-0.0280813
-0.034822
-0.0361965
-0.0377823
-0.0450175
-0.0473531
-0.0444449
-0.0474433
-0.052662
-0.0520294
-0.0510284
-0.0534449
-0.0563848
-0.0581778
-0.059019
-0.0541036
-0.0450258
-0.0415818
-0.0443639
-0.0480162
-0.0510227
-0.0532396
-0.0514987
-0.04419
-0.0330219
-0.0245302
-0.0193918
-0.0124927
-0.00301247
0.00578537
0.0099123
0.00919687
0.0056647
0.00538006
0.0120016
0.014845
0.0107359
0.0101807
0.0124855
0.00957891
0.00617664
0.00615665
0.00433605
0.000146708
-0.00316837
-0.00844717
-0.0154074
-0.0169181
-0.016936
-0.023341
-0.0303775
-0.0334688
-0.037406
-0.0430676
-0.0473696
-0.0524033
-0.0581154
-0.058859
-0.0577602
-0.0617215
-0.0726419
-0.0862981
-0.0973902
-0.103853
-0.106394
-0.112477
-0.123006
-0.130441
-0.133357
-0.135835
-0.143251
-0.154404
-0.163197
-0.169766
-0.177448
-0.181478
-0.179987
-0.178018
-0.17725
-0.17531
-0.1729
-0.17039
-0.162446
-0.150418
-0.139788
-0.133295
-0.129778
-0.126475
-0.123206
-0.122757
-0.123613
-0.122876
-0.120159
-0.116614
-0.111999
-0.10391
-0.0921083
-0.0847232
-0.0836994
-0.0828298
-0.0790028
-0.0741742
-0.0712242
-0.0702622
-0.0696511
-0.0682148
-0.0658567
-0.0627483
-0.0586401
-0.0505201
-0.0430356
-0.0432869
-0.0466549
-0.0474744
-0.0472029
-0.0449938
-0.0337465
-0.0196379
-0.0105093
-0.000703529
0.0127546
0.0225871
0.0261483
0.025563
0.0256188
0.028578
0.0345069
0.0368152
0.0304944
0.0284045
0.0370322
0.0495951
0.0601246
0.0691125
0.0754935
0.0781664
0.0801672
0.0837048
0.0885726
0.093657
0.0980806
0.0993508
0.0977383
0.0941022
0.0902577
0.0866565
0.0792693
0.0688906
0.0627805
0.0614823
0.0613395
0.0631314
0.0669234
0.0687855
0.0700507
0.0736522
0.077396
0.0790414
0.079079
0.0804261
0.0846042
0.0858816
0.0824321
0.0800647
0.0803755
0.0801759
0.0772203
0.0719949
0.0665778
0.0591362
0.0461671
0.0314828
0.0201837
0.0186308
0.021463
0.0202685
0.0197466
0.0259788
0.0322581
0.0370529
0.0454885
0.0541454
0.0589147
0.0647971
0.0719326
0.0732243
0.0703822
0.0691683
0.0721767
0.0769815
0.079846
0.0801351
0.0789325
0.0766884
0.0748585
0.0766777
0.0809104
0.0851168
0.0889331
0.0929324
0.0962478
0.0993853
0.103386
0.103723
0.0979555
0.0937689
0.0904497
0.0805434
0.0662479
0.0522441
0.0377882
0.0249464
0.0177903
0.0106124
-0.000695557
-0.00871324
-0.0116655
-0.0144985
-0.0207112
-0.0290707
-0.0336782
-0.0349763
-0.0372868
-0.0384193
-0.0347182
-0.0272933
-0.0182745
-0.00661135
0.00277185
0.00627185
0.0108091
0.0176953
0.0183797
0.0156026
0.015859
0.0140376
0.00779688
0.00384886
0.00145295
-0.00411963
-0.00423316
0.00450216
0.0138199
0.0227618
0.0366908
0.0478195
0.0524824
0.0603985
0.0705669
0.073578
0.0718182
0.0711489
0.0714557
0.0734642
0.0823838
0.0929996
0.0988403
0.102199
0.106606
0.111417
0.116186
0.120914
0.12232
0.119928
0.116901
0.113856
0.109016
0.104886
0.102549
0.0992901
0.0942739
0.0890518
0.0873828
0.088675
0.0881789
0.0862832
0.0855889
0.083658
0.0791814
0.0745732
0.0705501
0.065764
0.0601814
0.0558341
0.0559097
0.059906
0.0657591
0.0736452
0.0825977
0.0885191
0.0925631
0.0974728
0.0996159
0.0985136
0.100232
0.10705
0.117002
0.1217
0.119481
0.115222
0.113172
0.113505
0.112588
0.109055
0.104929
0.101127
0.0966728
0.0913537
0.0852802
0.0779819
0.0702233
0.0627827
0.0543362
0.0451983
0.0383692
0.0328541
0.0260082
0.0182903
0.0132444
0.0155084
0.0192135
0.0173888
0.0156882
0.0184763
0.0217416
0.0259132
0.0352856
0.0458159
0.05479
0.0694917
0.0872144
0.0988613
0.106087
0.113214
0.115217
0.112155
0.108831
0.106019
0.102632
0.103595
0.108511
0.113245
0.118531
0.126749
0.135498
0.140532
0.139846
0.13945
0.142793
0.144372
0.141678
0.137072
0.131629
0.125024
0.120032
0.117803
0.117524
0.118651
0.12108
0.12174
0.120763
0.120317
0.117123
0.108447
0.0993298
0.0917246
0.0832454
0.0779164
0.078555
0.0764464
0.0699731
0.0647689
0.0604853
0.0550037
0.054957
0.0577846
0.0553008
0.0500904
0.0466407
0.0392914
0.0298957
0.0255177
0.021167
0.012183
0.0020617
-0.00455632
-0.00626079
-0.00424436
-0.00139847
-0.00222728
-0.00440957
-0.00323197
-0.00115739
-0.000686416
0.00204941
0.00448212
0.000435822
-0.00554443
-0.0085504
-0.0101566
-0.00997618
-0.00507274
-0.000314476
0.00156068
0.00574993
0.0243356
0.0228153
0.0176236
0.012705
0.00422593
-0.00978099
-0.0272635
-0.042149
-0.051204
-0.0539055
-0.0538902
-0.0532212
-0.0541648
-0.0560003
-0.0556083
-0.0517546
-0.0446108
-0.0345104
-0.0227185
-0.0112577
-0.00227008
0.00280271
0.00552704
0.00676883
0.000717541
-0.00877472
-0.0131263
-0.0138934
-0.0150536
-0.0155311
-0.0170606
-0.0228668
-0.0301154
-0.0362052
-0.0423889
-0.0467466
-0.0459553
-0.0456984
-0.0489488
-0.0514219
-0.0521011
-0.053082
-0.0506521
-0.0452228
-0.0443142
-0.0468536
-0.0478901
-0.0521822
-0.0603558
-0.0634019
-0.0642185
-0.0711176
-0.0786843
-0.0806121
-0.0779788
-0.0745151
-0.0704663
-0.0615047
-0.0479926
-0.0360401
-0.0266029
-0.0165255
-0.00345912
0.0098329
0.0118371
0.00285547
-0.00924641
-0.0171305
-0.0195758
-0.0172582
-0.0122284
-0.00448384
0.00288282
0.00787602
0.0106447
0.0128819
0.0150908
0.017254
0.019139
0.0204415
0.0190666
0.0128323
0.00473031
-0.00136924
-0.00339839
-0.00360908
-0.00399648
-0.0042749
-0.00296165
0.0012486
0.00913663
0.0214898
0.0346225
0.0440669
0.0463148
0.0466679
0.0505715
0.0559739
0.0597423
0.0631272
0.0667846
0.0698976
0.0745927
0.081362
0.0869451
0.0900611
0.0913722
0.0890482
0.0836874
0.0801006
0.0781935
0.0745716
0.069411
0.0652548
0.0642256
0.0671372
0.0740821
0.0775583
0.0748972
0.0695323
0.0658772
0.0652574
0.0656299
0.0650328
0.0631411
0.0613947
0.0608377
0.0599674
0.0580159
0.0561828
0.0545698
0.0523058
0.0498801
0.0477023
0.045193
0.042563
0.0404493
0.0383447
0.0356787
0.0324767
0.0293789
0.0266737
0.0236268
0.0201848
0.0174144
0.0157879
0.0147656
0.0125739
0.00963631
0.00858726
0.00867901
0.00823219
0.00987019
0.0125075
0.0093615
0.00550457
0.00761836
0.00987065
0.008839
0.00977542
0.011204
0.00981464
0.0143112
0.0253991
0.0310737
0.0317868
0.0349551
0.0410397
0.0434264
0.0336698
0.0202779
0.0129103
0.00688779
-0.000784253
-0.00484945
-0.0061123
-0.00743914
-0.00329447
0.00321871
0.00405304
0.00496012
0.0128353
0.0236958
0.0313329
0.0324265
0.0216364
-0.0017496
-0.0257694
-0.0413297
-0.0457007
-0.0289946
0.00342236
0.0281174
0.034149
0.0246196
0.0081107
-0.0114054
-0.0197229
-0.0139584
0.00101577
0.0225357
0.047896
0.0701204
0.0829316
0.0825368
0.0644578
0.0284621
-0.00554001
-0.0215724
-0.0154835
0.0102137
0.0412223
0.05521
0.050036
0.0317204
0.00829069
-0.0134219
-0.0255968
-0.0319059
-0.0382595
-0.0408681
-0.0382849
-0.0375004
-0.0371765
-0.0332615
-0.0327659
-0.0383846
-0.0437119
-0.0477543
-0.0520659
-0.0477455
-0.0364419
-0.0267455
-0.0212846
-0.0182771
-0.0238026
-0.0374907
-0.0491076
-0.0522637
-0.0479174
-0.0363955
-0.0232204
-0.0144149
-0.00862218
-0.00294007
-0.00280164
-0.00954876
-0.0168359
-0.025344
-0.0374449
-0.0432181
-0.0421821
-0.0418834
-0.0472275
-0.0568562
-0.0659472
-0.0712663
-0.0722035
-0.0687036
-0.0619387
-0.0508011
-0.0414323
-0.041527
-0.0453471
-0.0469326
-0.0498149
-0.0540941
-0.0555151
-0.0544874
-0.0521931
-0.043916
-0.0320812
-0.0229967
-0.0177368
-0.0143179
-0.0129515
-0.0105426
-0.0030993
0.00806359
0.0195593
0.0250655
0.0247793
0.0208477
0.0176302
0.0177188
0.0228218
0.0292941
0.032595
0.0312261
0.0263062
0.0188873
0.00996691
-0.00105678
-0.011067
-0.0168261
-0.0169361
-0.0166245
-0.0211658
-0.0263199
-0.0280998
-0.0319653
-0.0368412
-0.0363454
-0.0316677
-0.0261806
-0.0191925
-0.0141038
-0.0159137
-0.0190507
-0.0181714
-0.0146312
-0.0100029
-0.00317932
0.00497791
0.0132117
0.0197832
0.0234332
0.021663
0.0177845
0.0159321
0.0176397
0.0212217
0.0259317
0.0272836
0.0226194
0.0150115
0.00758187
-0.000389663
-0.00631551
-0.00799415
-0.00884219
-0.0122483
-0.0185797
-0.0271837
-0.0376211
-0.0476764
-0.0552843
-0.0596016
-0.0617178
-0.0632572
-0.0651598
-0.0673613
-0.0696466
-0.071806
-0.0728901
-0.0709877
-0.0678999
-0.0659455
-0.0642103
-0.0612604
-0.056554
-0.0521429
-0.0501015
-0.0483351
-0.0451252
-0.041444
-0.0385839
-0.0366605
-0.0344898
-0.0313035
-0.0261981
-0.0211993
-0.0187619
-0.015788
-0.0105665
-0.0108377
-0.0165199
-0.0215525
-0.0259602
-0.0322222
-0.0365018
-0.0371735
-0.0360891
-0.0373961
-0.0426959
-0.051499
-0.0594583
-0.0624096
-0.0587231
-0.0517788
-0.0473231
-0.0478087
-0.0526118
-0.0562227
-0.0563451
-0.0560432
-0.0567433
-0.0568717
-0.0557098
-0.0535287
-0.0504686
-0.0474725
-0.0455518
-0.0450915
-0.0456298
-0.0449043
-0.0432187
-0.0428063
-0.0436537
-0.0447013
-0.0468166
-0.0497178
-0.0521565
-0.0548751
-0.0586563
-0.0613708
-0.0625641
-0.0634989
-0.0642299
-0.0641126
-0.0634723
-0.0622316
-0.0599496
-0.0590924
-0.060965
-0.062226
-0.0617448
-0.0613048
-0.060043
-0.0567572
-0.0543646
-0.0538274
-0.0537901
-0.0541894
-0.0556187
-0.0569953
-0.0575919
-0.0573986
-0.0570487
-0.0565746
-0.054073
-0.0493104
-0.0426931
-0.0370456
-0.0342047
-0.0340847
-0.0344241
-0.031998
-0.029035
-0.0291021
-0.0303834
-0.0312629
-0.0337165
-0.03653
-0.0371327
-0.0370184
-0.0369886
-0.0345903
-0.030824
-0.0282076
-0.0273839
-0.0275837
-0.0284838
-0.0295687
-0.0306171
-0.0317679
-0.0325173
-0.0315017
-0.0296306
-0.0283637
-0.0280722
-0.0280107
-0.0273495
-0.0272445
-0.029106
-0.0303771
-0.0294504
-0.0274335
-0.0255289
-0.0237151
-0.0227799
-0.022869
-0.0232153
-0.0230548
-0.0222485
-0.0211902
-0.020036
-0.0184765
-0.0168835
-0.0158211
-0.0152378
-0.0149731
-0.0152294
-0.0147534
-0.0122964
-0.0101061
-0.00995173
-0.0115613
-0.012999
-0.0130973
-0.0117535
-0.00993896
-0.00882255
-0.0084425
-0.00836369
-0.00863481
-0.0092128
-0.00958231
-0.00996608
-0.0109181
-0.0120161
-0.0124796
-0.0117255
-0.0101141
-0.0080417
-0.00633157
-0.00520082
-0.00429264
-0.00336433
-0.00255289
-0.00193037
-0.00156594
-0.00207592
-0.00290825
-0.00302276
-0.00215912
-0.000773443
0.00126082
0.00322546
0.00415668
0.00436263
0.00445718
0.00405705
0.00340654
0.0031737
0.00313733
0.00303466
0.00356955
0.00447231
0.00493455
0.00521975
0.00564252
0.00547599
0.00494596
0.00483214
0.00480736
0.00449865
0.00436015
0.00464416
0.0052578
0.00632719
0.00757798
0.00779841
0.00696897
0.00579294
0.00464978
0.003563
0.00275163
0.00228874
0.00217591
0.0025117
0.00315246
0.00373437
0.00419186
0.00464995
0.00503338
0.00530194
0.00559394
0.00568345
0.00523115
0.00445377
0.00365113
0.00304269
0.00259067
0.0022183
0.002137
0.00237081
0.00275789
0.00309427
0.00327659
0.00329462
0.00323262
0.00314521
0.00302994
0.00287926
0.00281251
0.00283964
0.00279268
0.00271548
0.00276653
0.00287096
0.00291937
0.00289649
0.00289506
0.00296764
0.00289979
0.00265037
0.00245202
0.0024279
0.00254094
0.00273272
0.00296789
0.00329054
0.00367232
0.00402929
0.00421446
0.00425592
0.0043208
0.00444908
0.00457188
0.00464886
0.0046851
0.00464452
0.00456278
0.00448907
0.00435643
0.00415883
0.00401617
0.00397805
0.00401992
0.00413116
0.00428245
0.00442292
0.00458588
0.0048119
0.00491461
0.00485067
0.00478315
0.00477154
0.00475739
0.00475563
0.00477232
0.00471853
0.00465833
0.00471356
0.00482304
0.00492771
0.00508024
0.00524192
0.00534232
0.00541508
0.00550656
0.00561689
0.00574711
0.00590821
0.00605316
0.00615154
0.00621208
0.00622828
0.00617947
0.00610131
0.00601315
0.00587244
0.00571167
0.00558769
0.00545089
0.00528739
0.00516561
0.00512719
0.00516988
0.005334
0.00560354
0.00599675
0.00649634
0.00704192
0.00750335
0.00779835
0.00790949
0.00780486
0.00751245
0.00718574
0.00692257
0.00675457
0.00670987
0.00674879
0.00685095
0.00697653
0.00708639
0.00711774
0.00708478
0.00700927
0.00691163
0.00677579
0.00663879
0.00653601
0.00645403
0.00641338
0.00643207
0.0064884
0.00655567
0.00661977
0.00667217
0.00670936
0.00674213
0.00678045
0.00683525
0.00690764
0.0069933
0.00707085
0.00713022
0.00716478
0.00717774
0.00718064
0.00718518
0.00719495
0.00720849
0.00722861
0.00725385
0.00728029
0.00730071
0.00731069
0.00731204
0.00730889
0.00730898
0.00731585
0.00732869
0.00734632
0.00736767
0.00739223
0.00741896
0.00744713
0.00747114
0.00748976
0.00750413
0.00751601
0.00752652
0.00753705
0.00754885
0.00756305
0.00757894
0.00759569
0.00761283
0.00763011
0.00764727
0.00766388
0.00767964
0.00769473
0.00770962
0.00772476
0.00774015
0.00775567
0.007771
0.0077859
0.00780037
0.00781433
0.00782766
0.00784042
0.00785273
0.00786475
0.00787665
0.00788851
0.00790032
0.00791202
0.00792349
0.00793472
0.00794571
0.00795646
0.00796699
0.00797732
0.00798745
0.00799736
0.00800703
0.00801648
0.00802568
0.00803464
0.00804336
0.00805182
0.00806004
0.00806802
0.00807575
0.00808323
0.00809046
0.00809743
0.00810415
0.00811062
0.00811682
0.00812277
0.00812846
0.00813389
0.00813906
0.00814397
0.00814861
0.00815299
0.00815711
0.00816095
0.00816453
0.00816783
0.00817087
0.00817363
0.00817612
0.00817833
0
0
