-0.0250497
-0.0248414
-0.0240191
-0.021096
-0.0173472
-0.0142611
-0.0161757
-0.0268197
-0.0374493
-0.0332951
-0.0212593
-0.0182629
-0.0297353
-0.0471186
-0.054833
-0.050425
-0.0445501
-0.0417285
-0.0507704
-0.081439
-0.108956
-0.0977329
-0.0603623
-0.0348821
-0.022612
-0.0228242
-0.068602
-0.146585
-0.164285
-0.108886
-0.0362421
0.0612031
0.164865
0.213872
0.220127
0.200543
0.148865
0.0716747
0.0301123
0.104293
0.0952365
-0.0996587
-0.18278
-0.169983
-0.130145
0.108117
0.269728
0.244217
0.30134
0.361784
0.283333
0.250155
0.309389
0.236988
-0.0963358
-0.376338
-0.309294
-0.145553
-0.215794
-0.383971
-0.341924
-0.220515
-0.372758
-0.76512
-1.0705
-0.890029
-0.108607
0.642196
0.74338
0.273768
-0.144879
-0.13625
0.136161
0.201216
-0.0859295
-0.282336
-0.237262
-0.370336
-0.926158
-1.58636
-1.92661
-1.61886
-0.720171
0.071661
0.444942
0.273083
0.0295621
0.0718794
0.112724
0.122013
0.208441
0.272338
0.226419
0.200751
0.393828
0.608593
0.564001
0.3462
0.277095
0.324911
0.174426
0.108422
0.247902
0.0661138
-0.753181
-1.4021
-1.46448
-1.33499
-0.991035
-0.227932
0.453115
0.559495
0.279905
0.0384515
-0.0877225
0.147057
1.37807
2.69113
2.51271
0.624395
-0.83977
-0.672957
-0.0994008
-0.204634
-0.414908
-0.168075
-0.320569
-0.669973
-0.591333
-0.279256
-0.349961
-0.814514
-1.19459
-1.47542
-1.58824
-1.41439
-0.967258
-0.244268
0.406545
0.617954
0.625553
0.68412
0.718031
0.606734
0.497452
0.313945
-0.391974
-1.27438
-1.59244
-1.33742
-0.833123
-0.146523
0.553747
1.02327
1.41051
1.71035
1.70329
1.33366
0.819895
0.483464
0.549445
0.879518
0.892033
0.41949
-0.0693064
-0.0238446
0.538739
0.972474
0.850057
0.259203
-0.483862
-1.05551
-1.26452
-0.980355
-0.580685
-0.547132
-0.684127
-0.392783
0.34243
0.797418
0.836043
0.821494
0.845407
0.823346
0.867943
1.10109
1.31737
1.10489
0.519957
0.16429
0.313882
0.731813
1.05346
1.12068
1.0615
0.984395
0.92964
0.89136
0.800911
0.753865
0.963869
1.42166
1.84063
2.03996
2.03468
2.03728
2.14562
2.21237
2.11221
1.95025
2.06314
2.54478
3.04647
3.0026
2.471
1.94005
1.77802
1.84988
1.94615
2.21877
2.65462
2.96944
3.17419
3.42243
3.65214
3.71748
3.68058
3.6427
3.6704
3.80555
3.98087
4.10901
4.20325
4.28227
4.29518
4.2471
4.1953
4.15519
4.13095
4.17057
4.28137
4.43001
4.28099
3.58033
2.41022
0.428535
-1.40375
-2.57514
-3.67359
-4.8071
-5.72401
-6.70004
-7.51348
-7.87904
-8.18677
-8.53512
-8.56578
-8.42493
-8.33204
-8.25825
-8.12127
-7.93517
-7.72698
-7.50498
-7.25969
-7.02037
-6.87348
-6.82553
-6.83168
-6.85298
-6.8345
-6.7728
-6.79531
-7.05108
-7.46881
-7.78668
-7.61011
-7.01742
-6.28141
-5.18557
-4.08746
-3.20786
-2.39742
-1.70411
-1.20308
-0.723656
-0.17023
0.334874
0.577342
0.531847
0.223346
-0.13469
-0.21549
-0.112464
0.00925752
0.253978
1.12389
2.33232
3.66111
5.15569
6.29721
6.62199
5.48651
4.22416
3.55977
3.22507
2.95959
2.7516
2.82897
3.13959
3.45363
3.67923
3.76665
3.67254
3.34071
2.69721
2.1722
2.01673
2.0393
2.07054
2.03128
1.95344
1.90337
1.86971
1.78282
1.59284
1.35712
1.10886
0.776255
0.365604
0.094555
0.119487
0.517091
1.25568
1.99532
2.44601
2.71607
2.99999
3.2427
3.38214
3.36276
3.15129
2.83481
2.54726
2.26122
1.84173
1.38043
0.73478
-0.19672
-0.879396
-1.20882
-1.46791
-1.76682
-2.08502
-2.51207
-2.91287
-3.09251
-3.20711
-3.36795
-3.42518
-3.23397
-2.90967
-2.74582
-2.67937
-2.4728
-2.09882
-1.76819
-1.65917
-1.80097
-2.25769
-2.98164
-3.32503
-2.83094
-1.50872
-0.283696
0.324119
0.655113
0.835187
0.922799
0.992555
0.981379
0.821887
0.635672
0.518817
0.4496
0.406813
0.397367
0.46941
0.742396
1.36403
1.9314
1.98798
1.79332
1.50396
0.948783
0.193861
-0.545865
-1.24686
-1.9369
-2.42917
-2.55909
-2.53655
-2.54006
-2.55246
-2.53531
-2.49297
-2.45707
-2.47936
-2.68527
-2.83931
-1.96988
-0.150843
1.18414
1.97968
3.09283
4.57757
5.3913
5.43582
5.00825
3.9127
2.20172
0.903514
0.386724
0.222423
-0.234354
-1.06102
-1.89833
-2.50862
-2.67115
-2.66228
-2.88549
-3.31008
-3.75485
-4.08831
-4.20487
-4.07242
-3.57052
-3.00042
-2.76349
-2.2717
-1.02965
0.163494
0.75334
1.0662
1.40595
1.85332
2.11146
2.22284
2.57934
3.27154
3.56331
3.24427
2.37056
1.43933
0.803239
0.499235
0.590046
0.950902
1.36151
1.59385
1.40089
0.611553
-0.353025
-1.07067
-1.2521
-0.993584
-0.605315
-0.261864
0.202134
0.741363
1.00326
0.935361
0.402594
-0.379889
-0.755591
-0.516306
-0.0993874
0.223464
0.655103
1.1587
1.43789
1.30261
0.929024
0.731438
0.740106
0.806471
0.858618
1.01992
1.45638
1.94114
2.20643
2.18445
1.92698
1.60234
1.33798
1.20301
1.22837
1.47166
1.76988
1.93205
1.78623
1.06781
0.0821847
-0.832272
-1.53469
-1.72446
-1.62016
-1.57098
-1.612
-1.69562
-1.7338
-1.57499
-1.16568
-0.444748
0.327137
0.660526
0.525331
0.182986
-0.0490189
-0.193077
-0.401563
-0.658015
-0.902911
-1.06345
-1.17813
-1.4276
-1.81792
-1.92719
-1.52171
-0.632447
0.17594
0.581571
0.870602
1.0274
1.00832
0.965197
0.952899
0.910742
0.825013
0.798853
0.924874
1.15119
1.37791
1.53485
1.54002
1.30737
0.764895
0.16052
-0.181924
-0.194036
-0.0237392
0.080807
-0.0402032
-0.432984
-0.923385
-1.38147
-1.78339
-2.01554
-2.05105
-1.9306
-1.74812
-1.59878
-1.54347
-1.63564
-1.86711
-2.18794
-2.4766
-2.64901
-2.4615
-1.69112
-0.75401
0.0229844
0.331338
0.252127
0.228013
0.367265
0.426001
0.247164
-0.118819
-0.384664
-0.348598
-0.108517
0.0636286
0.118394
0.185163
0.251982
0.249246
0.228986
0.282633
0.425893
0.63175
0.939103
1.23052
1.32937
1.17302
0.820503
0.46435
0.282648
0.404155
0.737947
1.1674
1.54274
1.81865
2.15634
2.63151
3.09774
3.47885
3.83392
4.17313
4.50958
4.79607
4.96579
5.02637
4.95894
4.76646
4.5336
4.31209
3.92279
3.05052
1.4987
0.119041
-0.349703
-0.346904
-0.580632
-1.23578
-1.93344
-2.29305
-2.31336
-2.28685
-2.30118
-2.13395
-1.68631
-1.19489
-0.943258
-0.789924
-0.391376
0.073059
0.228877
0.123895
-0.0650907
-0.204906
-0.16115
0.130092
0.33962
0.302324
0.155591
0.0281428
0.0678065
0.301168
0.588508
0.750451
0.796946
0.792944
0.76924
0.828899
1.00394
1.11567
0.913361
0.19995
-0.700575
-1.27954
-1.47117
-1.70577
-1.9632
-2.02254
-1.95896
-1.89394
-1.86086
-1.85839
-1.95286
-2.21922
-2.66778
-3.13132
-3.54568
-4.03244
-4.42358
-4.51748
-4.39368
-3.93443
-3.10276
-2.06379
-0.984519
0.0328576
0.799142
1.25154
1.63819
2.14229
2.49559
2.50022
2.16972
1.35094
0.434189
0.0846059
0.0684923
-0.0265653
-0.302615
-0.829387
-1.46988
-1.75686
-1.73845
-1.67337
-1.55229
-1.17232
-0.329628
0.377827
0.483315
0.381939
0.303176
0.129409
-0.214568
-0.519678
-0.669608
-0.823745
-1.13616
-1.40384
-1.52986
-1.65568
-1.82417
-1.93498
-1.89706
-1.54464
-0.823698
0.0934786
0.838346
1.24171
1.54506
1.57405
0.804986
-0.502662
-1.46824
-1.75701
-1.70741
-1.59429
-1.35967
-0.788524
-0.0359903
0.500802
0.930712
1.39697
1.63267
1.66223
1.6915
1.72754
1.65546
1.09684
0.00831852
-0.788095
-0.825937
-0.60354
-0.551857
-0.595727
-0.482868
0.027353
0.825818
1.3165
1.35693
1.35611
1.51318
1.68179
1.7903
2.01454
2.34778
2.53879
2.55694
2.32955
1.65673
0.800093
0.251978
0.00681768
-0.378671
-0.809437
-0.937143
-0.864315
-0.720684
-0.592084
-0.525894
-0.361616
0.073208
0.566776
0.931315
1.09394
1.02363
0.804295
0.510496
0.224013
0.0117314
-0.145093
-0.262117
-0.316165
-0.253808
0.034522
0.399593
0.598209
0.60522
0.504524
0.350886
0.116569
-0.160996
-0.507576
-0.90709
-1.2112
-1.37813
-1.44501
-1.45218
-1.43596
-1.337
-1.0994
-0.82945
-0.568325
-0.300686
-9.64395e-05
0.346425
0.671261
0.962395
1.31442
1.56641
1.55579
1.34322
0.95683
0.594217
0.463646
0.482069
0.49364
0.487091
0.465596
0.395475
0.316792
0.303701
0.323894
0.326908
0.29506
0.162294
-0.13734
-0.462315
-0.643869
-0.728082
-0.767583
-0.766477
-0.683399
-0.471159
-0.205635
0.0689239
0.231839
0.22922
0.203242
0.240985
0.277273
0.271176
0.310544
0.470722
0.725111
1.08358
1.44567
1.6349
1.62349
1.42407
1.1737
1.06637
1.16196
1.33863
1.46537
1.5457
1.61715
1.67228
1.69275
1.68262
1.66651
1.65511
1.62328
1.50479
1.14871
0.529378
0.0109138
-0.278171
-0.428368
-0.490244
-0.518112
-0.559889
-0.651044
-0.844532
-1.17643
-1.47307
-1.56378
-1.45849
-1.242
-1.07467
-1.03021
-1.09328
-1.23423
-1.45461
-1.69612
-1.90354
-2.15413
-2.45557
-2.63929
-2.68959
-2.69237
-2.67312
-2.52126
-1.69334
-0.193891
1.14124
1.65788
1.73702
1.78075
1.73721
1.5556
1.31894
1.07806
0.876175
0.671084
0.449581
0.23155
0.0193357
-0.191835
-0.401697
-0.616953
-0.839137
-0.971092
-0.8703
-0.5228
-0.0179605
0.386885
0.462453
0.204051
-0.395747
-0.993205
-1.42256
-1.77991
-2.03736
-2.23236
-2.46879
-2.72198
-2.97269
-3.17072
-3.17899
-2.86173
-1.94342
-0.786463
-0.136004
0.134758
0.501517
0.924588
1.28759
1.53424
1.68432
1.80619
1.89177
1.87423
1.72534
1.38031
0.895632
0.358052
-0.12563
-0.395392
-0.542162
-0.666307
-0.714276
-0.683636
-0.606326
-0.498698
-0.38806
-0.260995
-0.156967
-0.144851
-0.18918
-0.245237
-0.313351
-0.429686
-0.613389
-0.783376
-0.917965
-1.03668
-1.094
-1.0909
-1.06386
-1.01648
-0.933848
-0.663142
-0.106565
0.412535
0.726883
0.890698
0.974507
1.02001
1.03207
1.00648
0.968592
0.951351
0.939654
0.845575
0.505867
-0.0728158
-0.504719
-0.620575
-0.618517
-0.577974
-0.47381
-0.315124
-0.130885
0.0898067
0.390796
0.666366
0.80175
0.859057
0.825107
0.607397
0.144372
-0.377601
-0.575444
-0.529537
-0.440157
-0.327503
-0.20127
-0.105951
-0.0846761
-0.0937858
-0.0513258
0.091126
0.257682
0.342323
0.309631
0.195771
0.0123766
-0.23175
-0.443923
-0.588991
-0.663484
-0.630897
-0.460135
-0.153063
0.132158
0.327849
0.591154
0.878131
1.05149
1.2031
1.35725
1.44279
1.47796
1.47614
1.44919
1.40952
1.36643
1.31919
1.26817
1.20227
1.12035
1.02476
0.882048
0.67158
0.399521
0.0767091
-0.122546
-0.121645
0.0178513
0.209551
0.344943
0.377141
0.262845
-0.0312033
-0.45831
-0.816303
-0.950772
-0.895566
-0.613762
-0.132391
0.310943
0.632676
0.862325
0.963661
0.975782
0.975587
0.971339
0.966558
1.00789
1.11265
1.21247
1.25048
1.19825
1.03829
0.693766
0.260425
-0.00703055
-0.0932768
-0.0938482
-0.0571235
-0.0324936
-0.0697801
-0.16022
-0.268782
-0.414067
-0.598234
-0.785469
-0.946893
-1.04368
-1.07319
-1.05085
-0.950743
-0.754152
-0.473554
-0.208438
-0.0549157
0.0604238
0.196293
0.335549
0.459202
0.497951
0.434298
0.282042
0.0452521
-0.284229
-0.58421
-0.780207
-0.908349
-0.957861
-0.925435
-0.813982
-0.636605
-0.471654
-0.351817
-0.271595
-0.227273
-0.210134
-0.20395
-0.212689
-0.26416
-0.382238
-0.534836
-0.650484
-0.702882
-0.688434
-0.617465
-0.476359
-0.282674
-0.0653482
0.208248
0.504654
0.763404
1.0242
1.25353
1.36464
1.39289
1.39855
1.38949
1.3622
1.32926
1.27501
1.15602
0.921412
0.604242
0.289822
-0.018355
-0.30968
-0.54414
-0.672616
-0.671837
-0.619511
-0.594156
-0.623225
-0.692327
-0.774059
-0.847176
-0.909561
-0.9797
-1.06076
-1.13237
-1.18087
-1.17324
-1.0366
-0.686063
-0.201656
0.149152
0.327164
0.47347
0.60272
0.693115
0.78322
0.86586
0.904261
0.906556
0.883724
0.843397
0.774965
0.649915
0.436085
0.11092
-0.221896
-0.453052
-0.544989
-0.550481
-0.50382
-0.432699
-0.355075
-0.290169
-0.251993
-0.245452
-0.264395
-0.330913
-0.430351
-0.564239
-0.702698
-0.806025
-0.886922
-0.925595
-0.897703
-0.777661
-0.511465
-0.153413
0.183488
0.352603
0.355205
0.309177
0.24628
0.183187
0.146796
0.164227
0.218937
0.267502
0.274973
0.205847
0.0577937
-0.150223
-0.326206
-0.414498
-0.433916
-0.378758
-0.235918
-0.0443763
0.141309
0.236139
0.218681
0.123478
-0.0306103
-0.163788
-0.218204
-0.199897
-0.14327
-0.0713217
0.0211224
0.103969
0.145193
0.14389
0.102118
0.0385546
-0.0117783
-0.0268908
-0.0134917
0.0132724
0.0377183
0.0589169
0.111135
0.20257
0.313966
0.427497
0.529913
0.580213
0.57568
0.512606
0.337547
0.037528
-0.30975
-0.57088
-0.706818
-0.764517
-0.748063
-0.655276
-0.506553
-0.351751
-0.281647
-0.303808
-0.360005
-0.382913
-0.33835
-0.206897
-0.0254263
0.101529
0.170816
0.222743
0.237909
0.186663
0.0263434
-0.172966
-0.280673
-0.284757
-0.232222
-0.177898
-0.157083
-0.187443
-0.275164
-0.405644
-0.503291
-0.52367
-0.475064
-0.36859
-0.259078
-0.189348
-0.161784
-0.146573
-0.0805474
0.0637266
0.200784
0.258333
0.239666
0.163474
0.0559396
-0.0650971
-0.185074
-0.307794
-0.426541
-0.55644
-0.675713
-0.7439
-0.773828
-0.773787
-0.740248
-0.645946
-0.44358
-0.170989
0.0330331
0.107239
0.114787
0.11987
0.105799
0.0378868
-0.0896295
-0.267602
-0.40221
-0.446726
-0.448599
-0.428477
-0.397839
-0.360495
-0.318449
-0.263152
-0.170442
-0.0424312
0.0803988
0.203157
0.356337
0.500074
0.590761
0.644933
0.658224
0.618712
0.472086
0.190922
-0.171665
-0.451455
-0.535291
-0.449114
-0.279675
-0.0444828
0.214745
0.392293
0.474165
0.510048
0.520454
0.517864
0.517621
0.523769
0.538575
0.573309
0.628712
0.689485
0.763043
0.831336
0.870116
0.893828
0.915925
0.929373
0.939308
0.944417
0.933817
0.908597
0.867682
0.809179
0.711172
0.546404
0.348723
0.152091
-0.0196527
-0.11613
-0.141739
-0.139338
-0.137156
-0.148655
-0.198336
-0.281747
-0.35248
-0.400029
-0.428806
-0.417771
-0.360093
-0.271827
-0.202409
-0.193
-0.23652
-0.276238
-0.272271
-0.204852
-0.0676988
0.110569
0.285749
0.387083
0.386973
0.297572
0.0859178
-0.194471
-0.402316
-0.483577
-0.459684
-0.353638
-0.142336
0.094734
0.209441
0.222974
0.224632
0.238216
0.280335
0.343187
0.381228
0.377828
0.333831
0.271856
0.197221
0.114659
0.0405457
-0.0441528
-0.138402
-0.21705
-0.254005
-0.247395
-0.192572
-0.090309
0.0279437
0.132006
0.18013
0.164046
0.0984578
-0.0192584
-0.14665
-0.247139
-0.293861
-0.302027
-0.308136
-0.317753
-0.311494
-0.282709
-0.217872
-0.102355
0.0711734
0.308177
0.564564
0.755916
0.854264
0.874942
0.840286
0.750476
0.611164
0.473545
0.353034
0.200551
0.0343586
-0.120483
-0.279919
-0.431852
-0.555812
-0.6395
-0.653582
-0.613665
-0.540584
-0.449969
-0.360203
-0.282852
-0.253192
-0.271177
-0.287347
-0.285394
-0.286562
-0.286761
-0.286935
-0.303903
-0.358778
-0.469298
-0.59333
-0.689561
-0.763048
-0.806279
-0.819968
-0.814429
-0.766022
-0.630344
-0.362051
-0.130975
-0.108355
-0.178656
-0.205475
-0.178095
-0.095014
0.075149
0.295916
0.471247
0.54525
0.52878
0.476281
0.431675
0.420877
0.423311
0.407748
0.368948
0.28868
0.150889
-0.0843585
-0.416176
-0.749429
-0.913872
-0.908686
-0.781287
-0.578296
-0.273031
0.066814
0.341524
0.445036
0.353902
0.203749
0.099513
0.0674089
0.100937
0.181982
0.250108
0.245266
0.221692
0.215038
0.233636
0.280024
0.313632
0.309671
0.292766
0.280627
0.27318
0.270536
0.289732
0.335867
0.382205
0.416597
0.417994
0.358357
0.208235
0.0353664
-0.0900525
-0.210529
-0.321158
-0.373608
-0.372396
-0.316109
-0.204346
-0.0131016
0.186529
0.279283
0.284691
0.291794
0.332346
0.362444
0.356856
0.326631
0.291138
0.266302
0.254503
0.218937
0.142068
0.000641248
-0.182277
-0.292948
-0.341839
-0.418313
-0.54073
-0.666339
-0.736107
-0.751006
-0.753716
-0.735891
-0.676764
-0.562254
-0.393447
-0.195543
-0.0567875
0.000439469
0.0370805
0.0851892
0.141988
0.225196
0.352816
0.463152
0.510121
0.454698
0.300606
0.0834634
-0.14959
-0.261175
-0.292604
-0.323149
-0.329955
-0.307583
-0.257345
-0.149567
0.0588958
0.299891
0.417626
0.401706
0.351747
0.30679
0.260887
0.202081
0.156537
0.122469
0.0837042
0.042578
0.00865212
0.0133186
0.057447
0.114652
0.182293
0.250374
0.320509
0.387325
0.423707
0.335385
0.152278
-0.000881849
-0.0717192
-0.0737939
-0.0706697
-0.11055
-0.173491
-0.221696
-0.24852
-0.255372
-0.248977
-0.245258
-0.25312
-0.249852
-0.225216
-0.195207
-0.157427
-0.0868546
-0.0129926
0.0385639
0.0703968
0.0958808
0.131796
0.178297
0.255455
0.371465
0.463041
0.494193
0.492263
0.456619
0.364427
0.204937
-0.0410316
-0.274395
-0.341827
-0.307042
-0.260659
-0.218529
-0.175736
-0.161994
-0.181808
-0.212759
-0.229482
-0.242781
-0.259703
-0.285278
-0.330118
-0.40599
-0.473325
-0.495537
-0.475001
-0.396008
-0.220534
0.0170937
0.196044
0.276503
0.320747
0.387688
0.488812
0.599776
0.692601
0.754871
0.742806
0.626821
0.380998
0.0950696
-0.0615895
-0.10557
-0.146829
-0.220605
-0.314362
-0.393964
-0.438773
-0.459609
-0.481035
-0.525154
-0.587308
-0.64833
-0.678054
-0.663004
-0.605501
-0.503994
-0.353344
-0.15765
0.0193004
0.143685
0.252671
0.33617
0.357532
0.331402
0.291673
0.264886
0.245953
0.242131
0.245829
0.254194
0.262993
0.255701
0.245848
0.2472
0.26763
0.295979
0.329567
0.374443
0.403335
0.403845
0.380269
0.347595
0.321975
0.309563
0.310744
0.314545
0.315753
0.300797
0.271016
0.241008
0.220141
0.228917
0.272435
0.321238
0.33633
0.317221
0.278066
0.21698
0.130707
0.0435792
-0.0173046
-0.065029
-0.111891
-0.13854
-0.146482
-0.143483
-0.120566
-0.0838685
-0.0164169
0.0466636
0.0826501
0.116662
0.155553
0.215579
0.299082
0.35402
0.361734
0.338089
0.299274
0.248013
0.193151
0.17042
0.171611
0.144569
0.0658766
-0.0389287
-0.141488
-0.218442
-0.261531
-0.27251
-0.261915
-0.252499
-0.247867
-0.22351
-0.176992
-0.112434
-0.0446479
0.00115045
0.0905238
0.157354
0.248317
0.331666
0.371981
0.356608
0.27811
0.142715
0.0216686
-0.062172
-0.145089
-0.211019
-0.235473
-0.213568
-0.142828
-0.0232664
0.087999
0.154767
0.199414
0.257902
0.328244
0.378141
0.390323
0.372545
0.339288
0.304244
0.277933
0.266986
0.263874
0.255385
0.246031
0.237256
0.222353
0.20005
0.169956
0.11822
0.014916
-0.130428
-0.291921
-0.438011
-0.523286
-0.540833
-0.50361
-0.410637
-0.272619
-0.107869
0.0351213
0.103671
0.11586
0.095507
0.042635
-0.025066
-0.0855998
-0.12793
-0.15425
-0.174674
-0.195559
-0.219758
-0.250793
-0.297395
-0.36079
-0.41092
-0.43895
-0.436192
-0.406087
-0.34908
-0.267052
-0.188838
-0.118806
-0.0645818
-0.0433952
-0.0407352
-0.0306397
-0.00873952
0.0125315
0.0189824
0.0108184
0.00205802
-0.00153738
0.00108702
0.00259409
-0.00335669
-0.0201056
-0.0567223
-0.104706
-0.15558
-0.209181
-0.253717
-0.274635
-0.273365
-0.260022
-0.241717
-0.226973
-0.217255
-0.212482
-0.196031
-0.160636
-0.125105
-0.0936917
-0.0716454
-0.0604394
-0.0440529
-0.0308259
-0.0438782
-0.108795
-0.204798
-0.264833
-0.270187
-0.236583
-0.15887
-0.0383751
0.0802267
0.136402
0.146759
0.152309
0.151466
0.13587
0.114043
0.0954502
0.0831636
0.0724077
0.0517955
0.00733851
-0.0526334
-0.108991
-0.152833
-0.187424
-0.205977
-0.199228
-0.173304
-0.132004
-0.0819606
-0.0317262
0.0143262
0.0405457
0.0431855
0.0347096
0.0223327
0.010938
0.00538111
0.00477862
0.00339797
-0.00323507
-0.0136321
-0.0231866
-0.0293082
-0.0320844
-0.0329149
-0.0322142
-0.0306793
-0.0285341
-0.0253934
-0.0217538
-0.018338
-0.0141573
-0.00879884
-0.00241302
0.00462278
0.0108509
0.016157
0.0216539
0.0277518
0.0340318
0.0386462
0.0407074
0.041162
0.041306
0.0416152
0.0424205
0.0436541
0.0448055
0.0457423
0.0465249
0.0471408
0.0477181
0.0483767
0.0490607
0.0497214
0.0503251
0.05088
0.0513927
0.051846
0.0522708
0.0526816
0.0530776
0.0534861
0.0539407
0.0544346
0.0549231
0.0553737
0.0557781
0.0561352
0.0564461
0.0567123
0.0569351
0.0571147
0.0572511
0.0573436
0.0573914
0
0
0
0
