0.0209089
0.0208866
0.020864
0.0208409
0.0208173
0.0207933
0.0207688
0.0207438
0.0207186
0.0206927
0.0206661
0.0206387
0.0206115
0.0205837
0.0205551
0.0205267
0.0204976
0.0204655
0.020434
0.0204056
0.0203766
0.0203421
0.0203032
0.0202724
0.0202564
0.0202482
0.0202304
0.0201931
0.0201417
0.0200957
0.0200906
0.0200998
0.0200757
0.0199874
0.0198605
0.019768
0.0197844
0.0199068
0.0199166
0.01977
0.0196993
0.0197691
0.0198515
0.019767
0.0195312
0.0193303
0.0192303
0.0191913
0.0193116
0.0195193
0.019604
0.0195723
0.0195401
0.0194592
0.0193134
0.0192596
0.0193133
0.0193856
0.0194669
0.0194745
0.01915
0.0188011
0.0187797
0.0188376
0.0187476
0.0186428
0.0185673
0.0184714
0.0185003
0.0184972
0.0181606
0.017685
0.0173736
0.017414
0.0184865
0.019861
0.0199685
0.0193979
0.0193622
0.0196984
0.0198795
0.0198619
0.0200812
0.0206989
0.0209496
0.020345
0.0186479
0.0180268
0.019754
0.0214889
0.0206713
0.0174715
0.0152734
0.0154914
0.016764
0.0175267
0.0175889
0.0171747
0.016807
0.0168317
0.0173233
0.0179232
0.0183224
0.0185903
0.0189219
0.0193755
0.0198823
0.0203765
0.0208565
0.0212051
0.0206564
0.0194844
0.0184849
0.0177918
0.0170725
0.0161258
0.0150318
0.0139348
0.0128741
0.0118029
0.0106795
0.00950953
0.00888883
0.010059
0.0120985
0.0136587
0.0147226
0.015659
0.015272
0.0138924
0.0127934
0.0121939
0.0115539
0.0105602
0.00990414
0.011
0.0130293
0.0146318
0.0157212
0.01642
0.0159679
0.0149736
0.0143423
0.0140424
0.0136132
0.0128891
0.0120386
0.01124
0.0107495
0.0117723
0.0137885
0.0154794
0.016311
0.0150365
0.0126567
0.0109241
0.0108184
0.0134232
0.0168754
0.0193091
0.0210464
0.0231662
0.0255205
0.0253002
0.0230222
0.0211725
0.0203305
0.0195401
0.0181456
0.0163381
0.0140821
0.0110142
0.00895155
0.010996
0.0150075
0.017811
0.0193136
0.0190616
0.0156011
0.0114237
0.00829479
0.00461186
0.00290434
0.00767949
0.0146336
0.0195594
0.0239454
0.0284958
0.0301647
0.027028
0.0184659
0.00922227
0.00273172
-0.000597005
0.00155768
0.00618895
0.00895288
0.00952279
0.00904306
0.00920874
0.0104346
0.0114493
0.00865762
0.00222574
-0.00396839
-0.00633772
-0.00385383
-0.00099322
-0.000432021
-0.000887986
-0.000472448
0.00102052
0.00272047
0.00405695
0.00510619
0.00374174
-0.00254796
-0.0101705
-0.0158913
-0.0190472
-0.019817
-0.016809
-0.0124746
-0.00939335
-0.00711511
-0.00420262
-0.00033937
0.00382941
0.00777534
0.011517
0.0144283
0.0119858
0.00593503
0.00108664
-0.000721979
0.000744488
0.00253484
0.00264468
0.00194077
0.00185798
0.00216004
-0.00112092
-0.00511319
0.00105497
0.013691
0.0238808
0.0302916
0.0354143
0.0348113
0.0302336
0.0271436
0.026238
0.0250679
0.0223288
0.0175289
0.0104367
0.00374582
0.00326915
0.00825588
0.012365
0.0135726
0.014029
0.0123269
0.00660809
0.000336575
-0.00434969
-0.00846117
-0.0134051
-0.0192319
-0.0246199
-0.0193009
0.00115613
0.0229683
0.0377723
0.0408106
0.0287905
0.015362
0.00885727
0.00552074
0.0064552
0.0144899
0.0229321
0.0271284
0.0275921
0.0252979
0.0165599
-0.00050744
-0.0183167
-0.0330291
-0.0463141
-0.049916
-0.038664
-0.0259677
-0.0194964
-0.0153597
-0.00835238
0.00173219
0.011054
0.00917599
-0.00321439
-0.014606
-0.0209403
-0.0262314
-0.0340661
-0.0416376
-0.034418
-0.0164436
-0.00137724
0.00801523
0.0131223
0.00895376
0.00104729
-0.00352354
-0.00547163
-0.00818121
-0.00546177
0.0074439
0.0211466
0.0229353
0.00791425
-0.00907838
-0.0185042
-0.0243113
-0.0328916
-0.0449973
-0.0488853
-0.0331702
-0.0117111
0.00295075
0.0117503
0.00909647
-0.0121732
-0.0362301
-0.049661
-0.0453422
-0.0316678
-0.0237122
-0.0227196
-0.021212
-0.0152664
-0.00691363
0.000556564
0.00348026
0.00157031
-0.000267309
0.000190236
0.00138332
0.00158431
0.000812625
-9.72805e-07
0.00216457
0.00983382
0.0187733
0.0218573
0.0120589
-0.00236999
-0.0121948
-0.0182417
-0.0254076
-0.0353274
-0.0403366
-0.0262525
-0.00290727
0.0150072
0.0270572
0.0385772
0.0463607
0.0263717
-0.0126323
-0.0475866
-0.067873
-0.0711132
-0.0565015
-0.0393293
-0.0301002
-0.0240837
-0.014068
-0.00021552
0.0129792
0.0168582
0.00915366
0.00082756
-0.00246475
-0.0039129
-0.00750712
-0.0133621
-0.0194286
-0.0207011
-0.00945973
0.00710941
0.0196173
0.0272213
0.0228026
-0.00314018
-0.0356321
-0.0570146
-0.0591007
-0.0424804
-0.0182173
-0.00132562
0.00550151
0.00264558
-0.00427749
-0.00726603
-0.00678566
-0.0075296
-0.0112561
-0.0165647
-0.0268707
-0.040582
-0.0449126
-0.0326856
-0.01589
-0.00541194
0.000716801
0.00863718
0.0179919
0.0228691
0.0139574
-0.00572046
-0.0237662
-0.0385355
-0.0442644
-0.0320786
-0.015914
-0.00704664
-0.0022889
0.00514795
0.0134162
0.0130595
0.00703334
0.00281793
0.00153078
0.00013656
-0.00306762
-0.0072308
-0.00736125
0.000677465
0.00953628
0.00698236
-0.0112303
-0.0312296
-0.0442971
-0.0506147
-0.0376079
-0.013437
0.00498544
0.0163995
0.026283
0.0245365
0.00596911
-0.0137784
-0.0264828
-0.0369393
-0.0508973
-0.0667352
-0.0699832
-0.0594038
-0.0491634
-0.0451375
-0.0427924
-0.038887
-0.0437785
-0.0596196
-0.0755764
-0.0868265
-0.0960964
-0.105494
-0.111936
-0.106631
-0.0929051
-0.07471
-0.0564969
-0.0398801
-0.023072
-0.00466186
0.0148261
0.0342343
0.0531292
0.0718022
0.0902044
0.106929
0.112024
0.0982699
0.0626294
0.0199618
-0.014244
-0.0413704
-0.066374
-0.089104
-0.104085
-0.103145
-0.0861923
-0.0692
-0.058829
-0.0511923
-0.0511454
-0.058125
-0.0613061
-0.047436
-0.0211195
0.00140839
0.0163845
0.030049
0.0386902
0.0393474
0.0517232
0.0768273
0.100418
0.115781
0.123003
0.109616
0.0692709
0.0181007
-0.025331
-0.0621289
-0.100717
-0.124577
-0.1186
-0.0881344
-0.0444623
0.015275
0.105985
0.178846
0.183739
0.135537
0.0852556
0.0583986
0.0574969
0.0509571
0.0177257
-0.036374
-0.0916017
-0.134348
-0.145414
-0.136722
-0.114052
-0.0793945
-0.0560208
-0.0481866
-0.0410638
-0.0266099
-0.00951133
-0.00386662
-0.0172664
-0.0516403
-0.0868876
-0.101048
-0.0850273
-0.0518618
-0.0205596
0.00897847
0.0484152
0.089317
0.117351
0.110213
0.0716142
0.025672
-0.0205668
-0.0687841
-0.104007
-0.112264
-0.0936359
-0.049876
0.0135262
0.0831141
0.100079
0.0369649
-0.050821
-0.112236
-0.139906
-0.130563
-0.101895
-0.071399
-0.0561935
-0.0532943
-0.0608931
-0.066039
-0.0569908
-0.0459704
-0.0429644
-0.0325364
-0.00653491
0.029667
0.0618255
0.0855156
0.0938645
0.076346
0.0513217
0.0342541
0.0294418
0.0417592
0.0449964
0.0156871
-0.0538335
-0.126625
-0.16576
-0.155394
-0.128181
-0.114964
-0.122727
-0.137729
-0.121823
-0.0648812
0.0186814
0.0899596
0.118099
0.123055
0.121958
0.119933
0.111589
0.0766209
0.00939239
-0.0699711
-0.126484
-0.147903
-0.117607
-0.0621884
-0.0192494
0.00269713
0.00622383
0.00489157
0.00378323
0.0115637
0.026958
0.0403771
0.0477558
0.05124
0.0484878
0.0374858
0.0181679
0.00196096
0.00383346
0.0237429
0.0502691
0.0557846
0.0337178
-0.00577331
-0.0434075
-0.071205
-0.0893209
-0.104765
-0.121543
-0.139204
-0.152261
-0.143557
-0.110137
-0.0623899
-0.0310539
-0.0364709
-0.0483416
-0.038112
0.00775699
0.0658944
0.0891727
0.0616604
0.0115097
-0.0309135
-0.0606354
-0.0806117
-0.0966886
-0.112585
-0.119688
-0.111971
-0.0983382
-0.0652193
-0.0108636
0.0449711
0.0949492
0.132444
0.148751
0.134851
0.0829911
0.00794423
-0.0643923
-0.126084
-0.170055
-0.159007
-0.0973238
-0.0166012
0.0726873
0.148526
0.205691
0.222321
0.19738
0.126214
0.0134706
-0.101441
-0.165045
-0.174705
-0.154257
-0.10702
-0.05072
0.000702119
0.0321159
0.0386402
0.0225848
-0.00954329
-0.0485182
-0.0843716
-0.115238
-0.136004
-0.134931
-0.123416
-0.110799
-0.0886906
-0.0573409
-0.0255686
0.00361726
0.032623
0.0523582
0.03909
0.010151
-0.00627973
-0.010102
-0.0248268
-0.0573166
-0.098757
-0.14745
-0.197702
-0.236532
-0.257122
-0.257165
-0.227516
-0.168152
-0.0809836
-0.019831
-0.00100836
-0.00100816
0.00388132
0.02559
0.0550911
0.0789367
0.0669703
0.0221422
-0.0225559
-0.0466104
-0.0557251
-0.0645718
-0.0774305
-0.0875812
-0.0863385
-0.0770317
-0.0718193
-0.0709603
-0.0678705
-0.0594538
-0.0555505
-0.0748161
-0.0988467
-0.100695
-0.0611594
0.00265727
0.0764175
0.137908
0.139576
0.0866949
-0.0168087
-0.127513
-0.194787
-0.214506
-0.207829
-0.195793
-0.185955
-0.180539
-0.18263
-0.179396
-0.163087
-0.137546
-0.106164
-0.0662553
-0.0196966
0.0315822
0.086638
0.145166
0.209603
0.244757
0.221897
0.155978
0.0916342
0.04952
0.05092
0.0880193
0.1141
0.109069
0.0777366
0.0463972
0.030406
0.021059
0.0105348
0.00651663
0.0016687
-0.0097668
-0.00252627
0.0277628
0.0705919
0.117963
0.170084
0.231868
0.300925
0.357878
0.375509
0.351003
0.261976
0.0738342
-0.149434
-0.30553
-0.347887
-0.309184
-0.239084
-0.164536
-0.119221
-0.147155
-0.221086
-0.302326
-0.344157
-0.324547
-0.287912
-0.264626
-0.249262
-0.223455
-0.170774
-0.101594
-0.0321148
0.0200744
0.0461062
0.0645893
0.0853675
0.0992726
0.0994232
0.0825093
0.0632484
0.0554616
0.0556305
0.059332
0.0738906
0.118385
0.197385
0.28731
0.370038
0.418776
0.411973
0.351001
0.253703
0.125824
0.00783283
-0.0773529
-0.102813
-0.0671207
-0.00735786
0.0566861
0.124748
0.169762
0.193238
0.182924
0.1194
0.0336474
-0.0348634
-0.0728418
-0.0984268
-0.126357
-0.151159
-0.158289
-0.139813
-0.111618
-0.091077
-0.105708
-0.143374
-0.177531
-0.201485
-0.214074
-0.211342
-0.206973
-0.21481
-0.259374
-0.324726
-0.379881
-0.415132
-0.43
-0.426983
-0.408398
-0.362473
-0.244007
-0.0820662
0.0835618
0.233152
0.341677
0.370884
0.332889
0.263362
0.182847
0.0961687
0.0103715
-0.046812
-0.0420074
0.00412589
0.0606067
0.115992
0.17939
0.25252
0.32682
0.402675
0.485905
0.580462
0.689401
0.789041
0.859326
0.907333
0.937525
0.953113
0.954594
0.958471
0.977034
1.01697
1.06526
1.11107
1.13818
1.14459
1.15767
1.18643
1.21538
1.23336
1.2401
1.22903
1.20305
1.16998
1.14066
1.12527
1.11828
1.10825
1.07356
1.00209
0.8665
0.67889
0.480289
0.279661
0.0866724
-0.0677911
-0.206563
-0.345313
-0.471473
-0.568605
-0.623771
-0.627278
-0.588643
-0.541444
-0.503377
-0.49187
-0.504873
-0.553173
-0.617841
-0.670192
-0.680893
-0.643332
-0.587917
-0.533817
-0.517154
-0.570771
-0.667964
-0.780661
-0.906922
-1.04346
-1.1287
-1.16131
-1.15284
-1.13038
-1.0956
-1.04085
-0.960741
-0.86882
-0.735619
-0.502801
-0.225484
0.0302665
0.280711
0.484549
0.61436
0.710298
0.823276
0.949197
1.0552
1.13228
1.18061
1.21761
1.24794
1.27295
1.28238
1.25568
1.1703
1.03986
0.866511
0.622535
0.383533
0.209933
0.0382499
-0.157006
-0.336513
-0.504856
-0.675001
-0.812929
-0.885627
-0.892591
-0.848487
-0.767183
-0.633698
-0.47496
-0.352215
-0.267818
-0.195766
-0.129519
-0.0724115
-0.0330723
-0.0295129
-0.0685963
-0.122051
-0.162264
-0.183208
-0.179704
-0.152623
-0.0851157
0.0161497
0.132464
0.25481
0.389122
0.534371
0.711454
0.903622
1.0526
1.13714
1.15833
1.14785
1.13841
1.12819
1.11653
1.10752
1.10477
1.08951
1.05616
1.0118
0.95981
0.893744
0.808533
0.703049
0.579307
0.447261
0.310531
0.158896
-0.00681159
-0.157005
-0.290007
-0.392908
-0.439529
-0.462393
-0.492916
-0.544092
-0.613507
-0.690433
-0.753478
-0.80047
-0.842922
-0.883423
-0.919086
-0.946195
-0.960248
-0.958432
-0.937957
-0.932019
-0.964236
-1.02569
-1.10124
-1.17711
-1.20952
-1.15694
-1.02487
-0.833653
-0.571891
-0.268155
0.027127
0.294778
0.509317
0.670172
0.785375
0.814498
0.756881
0.667618
0.587492
0.554016
0.58802
0.672537
0.799109
0.960466
1.12685
1.23902
1.26053
1.18491
0.982578
0.708553
0.427709
0.167889
-0.0302904
-0.140501
-0.182249
-0.208045
-0.209422
-0.180761
-0.128646
-0.060769
-0.00200564
0.0237883
0.0175467
-0.0389539
-0.12026
-0.229036
-0.349332
-0.453103
-0.542713
-0.603023
-0.602616
-0.568181
-0.522236
-0.460944
-0.370706
-0.251382
-0.11739
-0.000864843
0.0734356
0.110788
0.13163
0.142147
0.134545
0.122183
0.113509
0.100561
0.045625
-0.0635968
-0.199892
-0.343979
-0.487293
-0.58823
-0.637034
-0.662929
-0.660728
-0.641063
-0.605334
-0.562291
-0.537906
-0.549798
-0.605303
-0.690637
-0.788988
-0.887845
-0.97495
-1.04408
-1.10026
-1.13459
-1.1285
-1.09383
-1.03194
-0.961616
-0.891462
-0.832346
-0.810262
-0.822867
-0.861374
-0.8989
-0.934501
-0.974258
-0.986681
-0.962966
-0.915862
-0.868369
-0.828787
-0.792696
-0.747166
-0.685544
-0.604293
-0.497531
-0.400935
-0.335441
-0.282321
-0.229536
-0.199418
-0.211483
-0.257418
-0.322247
-0.38805
-0.425275
-0.431508
-0.40514
-0.360502
-0.311319
-0.273634
-0.253104
-0.255086
-0.279854
-0.292796
-0.275731
-0.220277
-0.12914
-0.00438607
0.135088
0.279732
0.423869
0.547866
0.64463
0.744116
0.864606
0.991886
1.10821
1.20673
1.28005
1.34411
1.40395
1.44784
1.45056
1.38605
1.17384
0.849467
0.500421
0.216404
0.0640067
0.0359476
0.039501
0.0105915
-0.0666047
-0.174739
-0.304914
-0.461556
-0.636448
-0.81281
-0.977802
-1.1314
-1.30259
-1.48416
-1.642
-1.74308
-1.82474
-1.91868
-2.00528
-2.05031
-2.0476
-2.00518
-1.92408
-1.7797
-1.55767
-1.20701
-0.774157
-0.354007
0.0298834
0.381821
0.676417
0.900664
1.09112
1.27407
1.45287
1.60005
1.70267
1.78077
1.85984
1.94032
2.01438
2.07723
2.13367
2.17021
2.14443
2.01589
1.78717
1.4808
1.16918
0.773925
0.353053
-0.0336029
-0.390144
-0.843718
-1.1803
-1.35267
-1.56361
-1.75073
-1.8163
-1.81424
-1.80883
-1.80388
-1.78482
-1.74649
-1.7013
-1.65891
-1.61645
-1.57613
-1.55929
-1.55649
-1.55243
-1.53418
-1.48902
-1.42063
-1.33327
-1.22304
-1.10279
-0.996604
-0.900822
-0.748031
-0.523071
-0.272749
-0.0636214
0.0587849
0.119873
0.177922
0.245077
0.303898
0.327462
0.329779
0.337311
0.362194
0.398994
0.439791
0.488885
0.564435
0.654762
0.73519
0.811597
0.908939
1.01779
1.11147
1.19039
1.2668
1.33611
1.37136
1.37545
1.32471
1.20675
1.02711
0.802754
0.494776
0.125001
-0.181011
-0.402997
-0.532725
-0.560453
-0.501449
-0.350506
-0.136107
0.0731209
0.224189
0.322173
0.358876
0.336783
0.261979
0.15861
0.0541728
-0.0220419
-0.0669324
-0.0633874
-0.0333626
-0.0119823
-0.0115641
-0.0382977
-0.0931155
-0.194503
-0.364145
-0.546487
-0.676399
-0.712857
-0.690986
-0.650819
-0.616182
-0.58774
-0.556035
-0.517065
-0.479788
-0.450199
-0.429912
-0.420835
-0.439668
-0.476903
-0.50886
-0.535506
-0.575059
-0.626513
-0.677909
-0.737711
-0.82735
-0.955111
-1.12152
-1.31589
-1.49726
-1.63542
-1.6902
-1.67858
-1.66579
-1.62715
-1.52332
-1.39018
-1.26485
-1.17302
-1.1576
-1.18826
-1.22072
-1.23472
-1.22199
-1.21299
-1.22734
-1.25716
-1.26122
-1.18607
-1.01272
-0.741347
-0.427347
-0.143097
0.115804
0.387426
0.649898
0.856772
0.946343
0.91513
0.783934
0.570569
0.293558
-0.0166486
-0.294071
-0.514906
-0.706127
-0.866557
-0.991155
-1.10185
-1.21635
-1.33239
-1.42715
-1.4785
-1.48612
-1.48591
-1.4959
-1.51122
-1.52113
-1.52404
-1.52801
-1.52972
-1.50667
-1.44922
-1.35952
-1.20178
-0.961417
-0.736706
-0.598094
-0.530588
-0.501407
-0.456738
-0.398417
-0.378489
-0.387359
-0.362016
-0.293562
-0.231175
-0.234352
-0.288832
-0.346013
-0.383375
-0.411493
-0.458508
-0.516881
-0.553913
-0.568663
-0.57538
-0.576077
-0.561994
-0.523553
-0.480977
-0.449491
-0.420054
-0.37978
-0.326651
-0.270253
-0.229011
-0.203429
-0.18396
-0.16209
-0.136983
-0.122286
-0.12592
-0.141239
-0.146977
-0.112048
-0.0401626
0.0744604
0.216214
0.37949
0.55042
0.684792
0.753812
0.772077
0.739117
0.673352
0.593299
0.492825
0.356767
0.211784
0.115518
0.0637632
0.0236202
-0.0139738
-0.0263912
0.0029071
0.0777358
0.188089
0.364899
0.609462
0.863266
1.09965
1.33311
1.55785
1.70346
1.77199
1.79623
1.78732
1.73941
1.63942
1.52166
1.42842
1.36799
1.32991
1.31334
1.3044
1.3023
1.32543
1.36612
1.40598
1.4148
1.37701
1.28033
1.13005
0.926653
0.670021
0.404155
0.169072
-0.0914924
-0.387483
-0.635248
-0.758071
-0.747285
-0.665298
-0.555639
-0.431114
-0.299876
-0.155988
0.0123964
0.186667
0.370278
0.595601
0.843186
1.08028
1.2726
1.42327
1.54127
1.61825
1.6598
1.69734
1.73725
1.77243
1.80557
1.79404
1.74822
1.70746
1.66196
1.58475
1.47466
1.35462
1.2401
1.12029
0.95931
0.755992
0.54274
0.370921
0.238525
0.121741
0.0547903
0.0659255
0.145876
0.278672
0.418939
0.551204
0.685381
0.811859
0.90104
0.95086
0.982581
0.993953
0.97016
0.923059
0.879631
0.854189
0.834574
0.806097
0.764422
0.712478
0.656273
0.60757
0.577147
0.566034
0.570714
0.58133
0.595326
0.619826
0.657118
0.691558
0.713964
0.716608
0.69551
0.626975
0.496434
0.319633
0.148378
0.0206725
-0.0956486
-0.242004
-0.417529
-0.578863
-0.706509
-0.828003
-0.956839
-1.0825
-1.19163
-1.27058
-1.31797
-1.30402
-1.20048
-0.99806
-0.731996
-0.481555
-0.312972
-0.176079
-0.036138
0.138208
0.389613
0.701958
0.946308
1.0531
1.10452
1.17676
1.26958
1.33992
1.37681
1.39443
1.41809
1.45264
1.48003
1.48814
1.47049
1.4473
1.45836
1.49174
1.50776
1.51478
1.54501
1.59264
1.63759
1.67104
1.69403
1.7038
1.69731
1.66964
1.63441
1.5976
1.54936
1.48694
1.4034
1.31555
1.25098
1.20443
1.1406
1.04576
0.930383
0.784087
0.624951
0.461925
0.262882
0.0229769
-0.18533
-0.277058
-0.295947
-0.301387
-0.296675
-0.246743
-0.173946
-0.108179
-0.0507167
0.00932623
0.0718453
0.130472
0.171982
0.198141
0.223948
0.256783
0.29313
0.313562
0.308748
0.284135
0.248246
0.208124
0.19245
0.203579
0.21399
0.197666
0.132987
0.0423571
-0.0408558
-0.0977063
-0.107624
-0.0612463
0.00876759
0.0855698
0.203561
0.389522
0.561242
0.689208
0.785688
0.88341
0.996331
1.1114
1.20711
1.26611
1.28714
1.25871
1.19506
1.12017
1.0217
0.890812
0.749151
0.612867
0.474275
0.347912
0.250645
0.159024
0.0445208
-0.0981323
-0.255767
-0.420796
-0.561389
-0.65584
-0.729046
-0.794732
-0.840814
-0.832688
-0.78286
-0.685718
-0.526325
-0.292905
0.0134034
0.326967
0.611111
0.847775
1.04113
1.12575
1.1081
1.05408
0.965194
0.810555
0.611742
0.386048
0.160851
-0.0423837
-0.224817
-0.365353
-0.463277
-0.540162
-0.593604
-0.604001
-0.60523
-0.588809
-0.485181
-0.269859
0.0144502
0.328499
0.602285
0.781238
0.93098
1.04879
1.1158
1.11917
1.06929
0.986357
0.894153
0.812078
0.737198
0.65491
0.561893
0.479687
0.419647
0.378151
0.346994
0.31514
0.28718
0.309533
0.374349
0.436864
0.4835
0.533244
0.610251
0.723179
0.841885
0.946506
1.03655
1.06772
1.05732
1.02919
0.952653
0.794461
0.56199
0.352947
0.169531
-0.0187004
-0.207122
-0.361165
-0.471841
-0.558732
-0.62877
-0.640237
-0.563007
-0.406371
-0.176121
0.0706053
0.272865
0.436909
0.603242
0.732995
0.787907
0.757656
0.684812
0.586009
0.445148
0.285787
0.15734
0.0728034
0.00451059
-0.0687277
-0.16694
-0.279464
-0.379865
-0.477467
-0.609539
-0.792497
-0.987025
-1.14808
-1.27167
-1.34434
-1.39191
-1.43549
-1.44999
-1.38987
-1.2587
-1.09944
-0.949875
-0.797148
-0.626791
-0.45247
-0.309203
-0.221507
-0.165033
-0.106804
-0.0662692
-0.0481221
-0.0587116
-0.140905
-0.307489
-0.474901
-0.58554
-0.64113
-0.634775
-0.585562
-0.538307
-0.501337
-0.47174
-0.442364
-0.411808
-0.390931
-0.400832
-0.42372
-0.422189
-0.379126
-0.287394
-0.11963
0.068693
0.197985
0.240681
0.211683
0.133708
0.0456943
-0.0263635
-0.0707079
-0.101211
-0.132069
-0.172686
-0.229752
-0.319381
-0.43232
-0.537442
-0.663438
-0.859891
-1.04821
-1.20466
-1.36983
-1.53202
-1.66145
-1.71832
-1.73163
-1.74915
-1.76951
-1.75669
-1.7041
-1.62526
-1.51817
-1.35553
-1.13293
-0.892413
-0.678297
-0.470964
-0.24262
-0.0385477
0.0712144
0.109753
0.136405
0.146281
0.133471
0.109038
0.0671892
0.00535303
-0.0507294
-0.101029
-0.16394
-0.236733
-0.318724
-0.42588
-0.49051
-0.463167
-0.388037
-0.300735
-0.181607
0.0239366
0.273843
0.498715
0.649815
0.760985
0.830175
0.824107
0.703289
0.454124
0.158358
-0.107188
-0.302298
-0.428328
-0.53013
-0.605565
-0.639474
-0.618253
-0.571956
-0.526366
-0.472419
-0.399981
-0.308975
-0.242123
-0.22501
-0.242595
-0.28146
-0.350758
-0.463382
-0.588927
-0.6805
-0.737126
-0.760999
-0.734703
-0.673324
-0.602374
-0.518335
-0.392886
-0.22368
-0.0287451
0.14469
0.281693
0.394092
0.47066
0.488129
0.428328
0.292599
0.14794
0.0377838
-0.0309677
-0.0441079
-0.022424
0.0250733
0.0902891
0.173663
0.256172
0.315589
0.340627
0.330255
0.279496
0.197076
0.109623
0.00898518
-0.124565
-0.286673
-0.441494
-0.562212
-0.654316
-0.735002
-0.799566
-0.822738
-0.808194
-0.767908
-0.731746
-0.711761
-0.71155
-0.73637
-0.795953
-0.874774
-0.950057
-1.00433
-1.03527
-1.04979
-1.05767
-1.05304
-1.00794
-0.911802
-0.760055
-0.598662
-0.446196
-0.304773
-0.211469
-0.145798
-0.112214
-0.126355
-0.177107
-0.25576
-0.331347
-0.383011
-0.410708
-0.420947
-0.41089
-0.372882
-0.312187
-0.237304
-0.162644
-0.134228
-0.140568
-0.135259
-0.108846
-0.0799042
-0.0551627
-0.0181211
0.049435
0.13689
0.2203
0.293777
0.359738
0.425059
0.491284
0.547955
0.583374
0.601231
0.609816
0.62392
0.643077
0.655213
0.664822
0.681769
0.703623
0.713603
0.686807
0.639636
0.591429
0.55667
0.5361
0.520277
0.509411
0.516373
0.540738
0.574144
0.615687
0.661815
0.68943
0.686743
0.652588
0.577277
0.45071
0.324999
0.229431
0.151131
0.0761231
0.0186421
-0.0159283
-0.040216
-0.0581564
-0.0623446
-0.0642157
-0.0802377
-0.125325
-0.192474
-0.270373
-0.349869
-0.423671
-0.480181
-0.517248
-0.508237
-0.463869
-0.395765
-0.300968
-0.177851
-0.0501345
0.0313658
0.0695889
0.0621804
0.0381332
0.026509
0.018004
0.00404201
0.00759942
0.0287752
0.0514103
0.0550136
0.038329
-0.00470153
-0.0694815
-0.146793
-0.211516
-0.244094
-0.239016
-0.20459
-0.144011
-0.0661349
0.0158274
0.0952991
0.17594
0.257685
0.320168
0.360963
0.362979
0.336979
0.296714
0.239343
0.161067
0.0795954
0.00650358
-0.0595512
-0.116
-0.161184
-0.192833
-0.206385
-0.208563
-0.218748
-0.237753
-0.254173
-0.263092
-0.262947
-0.253883
-0.232024
-0.196279
-0.149162
-0.0890195
-0.00810832
0.087132
0.184127
0.270206
0.342691
0.39563
0.426181
0.429189
0.419693
0.408978
0.407055
0.412694
0.419885
0.422609
0.420385
0.397618
0.34308
0.283093
0.195188
0.0709161
-0.0588231
-0.154527
-0.231649
-0.31607
-0.387043
-0.429488
-0.436778
-0.406019
-0.340622
-0.245021
-0.11771
0.0361135
0.17018
0.273759
0.356637
0.408905
0.424521
0.424651
0.420013
0.421852
0.4294
0.435679
0.444743
0.459114
0.464587
0.434398
0.379029
0.331884
0.301436
0.277738
0.253676
0.233405
0.221165
0.217439
0.22706
0.25382
0.300806
0.36955
0.456442
0.545934
0.631856
0.697727
0.726625
0.743251
0.744269
0.723228
0.682923
0.637623
0.591935
0.53832
0.48033
0.421845
0.341619
0.240395
0.130508
-0.0162446
-0.239139
-0.484584
-0.660369
-0.822525
-0.961582
-1.037
-1.07203
-1.05966
-0.994941
-0.87819
-0.74228
-0.615485
-0.506531
-0.424861
-0.380269
-0.352398
-0.330823
-0.315964
-0.314109
-0.332899
-0.36751
-0.411088
-0.455932
-0.49778
-0.532814
-0.55467
-0.553398
-0.533824
-0.511847
-0.496698
-0.487605
-0.483797
-0.484093
-0.486281
-0.468876
-0.407036
-0.301193
-0.174507
-0.050019
0.0617178
0.160491
0.240939
0.277225
0.284682
0.282169
0.273076
0.251624
0.220042
0.185553
0.155824
0.128501
0.096934
0.0595168
0.0170884
-0.0386577
-0.11561
-0.215505
-0.353209
-0.510229
-0.644905
-0.727903
-0.77102
-0.781135
-0.754075
-0.692116
-0.561232
-0.33522
-0.0589606
0.231451
0.462708
0.627707
0.774899
0.920327
1.02537
1.07825
1.10498
1.13004
1.14983
1.15444
1.14798
1.1406
1.13627
1.13415
1.13883
1.14244
1.12749
1.09145
1.03394
0.911739
0.742063
0.574561
0.415194
0.268637
0.158033
0.0926291
0.0798599
0.0942443
0.136539
0.202049
0.280026
0.362903
0.447002
0.525929
0.599682
0.668669
0.728693
0.772734
0.796831
0.802132
0.801011
0.792365
0.759262
0.700374
0.622871
0.517418
0.39999
0.317482
0.271811
0.237538
0.209117
0.197635
0.195761
0.1937
0.188243
0.168309
0.127913
0.0662778
-0.00283092
-0.0693554
-0.133871
-0.19151
-0.231031
-0.247382
-0.239402
-0.198858
-0.13159
-0.0502316
0.0286374
0.0903422
0.135011
0.158438
0.159141
0.122048
0.0459526
-0.0678867
-0.182979
-0.274914
-0.343262
-0.374096
-0.371109
-0.325144
-0.214848
-0.0601172
0.0674734
0.158447
0.229481
0.274896
0.302567
0.309158
0.290024
0.267323
0.260333
0.275843
0.300051
0.317759
0.309988
0.2777
0.21877
0.138998
0.00746757
-0.126652
-0.281762
-0.460885
-0.617692
-0.744656
-0.852467
-0.943669
-1.00816
-1.05723
-1.1074
-1.15423
-1.18709
-1.20286
-1.19779
-1.16456
-1.11163
-1.05071
-0.96947
-0.864179
-0.767739
-0.697959
-0.652611
-0.625498
-0.602478
-0.580533
-0.564733
-0.547629
-0.515999
-0.467146
-0.40952
-0.352395
-0.30408
-0.268431
-0.23695
-0.205192
-0.179273
-0.160482
-0.145899
-0.128818
-0.105785
-0.0760359
-0.0371806
0.0170209
0.0712769
0.111705
0.141682
0.168059
0.180057
0.174546
0.156973
0.134478
0.106285
0.0653691
0.00924462
-0.0591942
-0.118996
-0.162717
-0.199851
-0.234255
-0.262793
-0.281702
-0.288618
-0.286056
-0.282824
-0.287144
-0.307864
-0.344772
-0.37947
-0.409516
-0.446885
-0.493826
-0.539086
-0.566431
-0.571223
-0.55717
-0.520959
-0.469089
-0.403669
-0.313991
-0.2002
-0.103364
-0.0309258
0.0343411
0.0835137
0.108746
0.105446
0.0882689
0.0722178
0.0531449
0.0262091
0.00034024
-0.0243676
-0.0553403
-0.0898776
-0.125812
-0.169073
-0.214569
-0.255247
-0.293576
-0.315653
-0.299876
-0.252512
-0.194294
-0.13141
-0.0675
-0.00790774
0.0503958
0.109436
0.159102
0.191961
0.206911
0.190522
0.120665
0.021704
-0.0792199
-0.181928
-0.257825
-0.287384
-0.304439
-0.330338
-0.349237
-0.352785
-0.348916
-0.344558
-0.341717
-0.347644
-0.358905
-0.367454
-0.375123
-0.38556
-0.389768
-0.383433
-0.368999
-0.349048
-0.323724
-0.298924
-0.285545
-0.291529
-0.314515
-0.349485
-0.382087
-0.40318
-0.412248
-0.419076
-0.421895
-0.403372
-0.368795
-0.331508
-0.302183
-0.278614
-0.253321
-0.223755
-0.19206
-0.155875
-0.111593
-0.0573784
-0.00495502
0.0329241
0.053828
0.0614729
0.0604426
0.0534791
0.0447068
0.0433624
0.0541194
0.0748565
0.0957744
0.109154
0.115434
0.118216
0.117402
0.111571
0.100384
0.0745084
0.0253922
-0.0570459
-0.172953
-0.29746
-0.382221
-0.436796
-0.48884
-0.525454
-0.530308
-0.506659
-0.472636
-0.435804
-0.401901
-0.368208
-0.319797
-0.265113
-0.222466
-0.176186
-0.105778
-0.00452255
0.106074
0.205084
0.282684
0.343321
0.394229
0.433262
0.459311
0.476047
0.483533
0.479358
0.471465
0.457547
0.438356
0.416715
0.378045
0.31716
0.243241
0.169863
0.101772
0.0399668
-0.0135931
-0.0547455
-0.0875711
-0.115943
-0.137959
-0.152789
-0.16243
-0.171165
-0.187522
-0.225835
-0.290173
-0.369544
-0.436121
-0.484484
-0.526334
-0.566286
-0.601693
-0.628026
-0.636405
-0.620172
-0.572866
-0.50573
-0.431407
-0.357726
-0.284318
-0.21859
-0.164238
-0.130609
-0.11067
-0.0958222
-0.0849299
-0.0809528
-0.0902775
-0.124093
-0.168426
-0.214059
-0.265553
-0.339261
-0.410031
-0.447783
-0.45751
-0.458664
-0.460076
-0.462256
-0.462248
-0.459584
-0.461071
-0.463531
-0.45144
-0.438807
-0.440488
-0.429631
-0.399586
-0.38112
-0.379002
-0.37671
-0.363938
-0.342077
-0.313542
-0.291339
-0.282069
-0.274569
-0.265927
-0.269125
-0.286609
-0.31499
-0.351835
-0.392426
-0.428586
-0.461196
-0.493507
-0.518325
-0.533077
-0.540288
-0.538627
-0.521999
-0.49329
-0.452315
-0.396563
-0.33375
-0.286129
-0.262162
-0.25889
-0.266859
-0.275719
-0.291625
-0.327463
-0.372665
-0.413275
-0.445654
-0.467744
-0.4784
-0.478648
-0.474026
-0.468136
-0.459008
-0.44382
-0.422623
-0.398556
-0.375601
-0.348685
-0.310392
-0.268101
-0.228006
-0.182347
-0.13126
-0.0834013
-0.0457895
-0.0233511
-0.0246032
-0.0462651
-0.076617
-0.112749
-0.160027
-0.201417
-0.232678
-0.263175
-0.286502
-0.292536
-0.283664
-0.276276
-0.281988
-0.290668
-0.291843
-0.286663
-0.278552
-0.26703
-0.254037
-0.238903
-0.211656
-0.172378
-0.124092
-0.0731515
-0.0225344
0.0318996
0.0901405
0.144642
0.196916
0.25275
0.3075
0.353333
0.380782
0.396268
0.406962
0.409471
0.394358
0.36685
0.337292
0.310808
0.282695
0.25032
0.225839
0.214965
0.214494
0.214987
0.213967
0.215812
0.221514
0.228181
0.234047
0.239456
0.245194
0.251368
0.257677
0.268608
0.289677
0.32191
0.362253
0.389611
0.393359
0.372738
0.339953
0.312879
0.291768
0.268873
0.249499
0.245602
0.248435
0.250099
0.261459
0.275629
0.267857
0.241119
0.210291
0.173971
0.131939
0.0888403
0.0466683
0.00436783
-0.0389455
-0.0835208
-0.125953
-0.149741
-0.159216
-0.169396
-0.184976
-0.201231
-0.21482
-0.228975
-0.248435
-0.269748
-0.284205
-0.281872
-0.261588
-0.222792
-0.177451
-0.134293
-0.0937752
-0.0584525
-0.0345268
-0.0261807
-0.0344109
-0.0535421
-0.0561132
-0.0548147
-0.0821591
-0.110289
-0.119164
-0.0983646
-0.0562154
0.00563227
0.0845778
0.177799
0.271224
0.357757
0.436424
0.510527
0.578213
0.632634
0.658366
0.658456
0.636784
0.592908
0.530583
0.460944
0.384539
0.297987
0.203673
0.120245
0.0543688
0.00448581
-0.0407616
-0.0866863
-0.110678
-0.105917
-0.0900899
-0.0735124
-0.050287
-0.0240616
0.000801961
0.0273898
0.0516452
0.066645
0.0865842
0.119202
0.159103
0.195608
0.223291
0.237159
0.234339
0.213074
0.181825
0.147931
0.105257
0.0544556
0.0208016
0.00234696
-0.016072
-0.032527
-0.0399398
-0.0376889
-0.0247948
-0.0010089
0.0315909
0.0667379
0.0938867
0.106165
0.0984311
0.0712472
0.0342929
0.000286526
-0.0363655
-0.0856816
-0.147621
-0.203514
-0.236363
-0.256957
-0.282412
-0.319535
-0.359494
-0.391772
-0.405372
-0.404996
-0.394277
-0.370355
-0.331331
-0.281071
-0.22515
-0.169834
-0.125701
-0.101184
-0.0825413
-0.0610218
-0.0474896
-0.0428983
-0.0374332
-0.028776
-0.0214273
-0.018863
-0.0138013
0.000554454
0.0259779
0.0610248
0.10569
0.155065
0.205126
0.245747
0.275116
0.29194
0.303397
0.315635
0.32985
0.344141
0.355617
0.364607
0.372668
0.376449
0.372376
0.358842
0.339679
0.31599
0.291172
0.266656
0.235678
0.198605
0.16114
0.125571
0.0919191
0.0621747
0.0388707
0.0211722
4.58963e-06
-0.029236
-0.0659469
-0.100551
-0.126675
-0.143796
-0.147795
-0.13277
-0.119199
-0.117333
-0.113634
-0.100974
-0.0847302
-0.0662093
-0.044035
-0.0244379
-0.0087316
0.00666317
0.0241986
0.0421534
0.0531726
0.0605021
0.074088
0.0948541
0.117135
0.133327
0.143401
0.151785
0.159404
0.164099
0.162388
0.152297
0.132461
0.110279
0.0919848
0.0730519
0.0480947
0.0301963
0.0242963
0.0199594
0.0183817
0.0253336
0.0312682
0.0280904
0.0150788
0.00405019
0.0037932
0.0170838
0.0325227
0.0385747
0.0508803
0.0837234
0.124831
0.156407
0.167202
0.17079
0.181369
0.200093
0.219083
0.231891
0.24026
0.248816
0.263314
0.282393
0.298163
0.300106
0.280475
0.241202
0.189643
0.129792
0.0630709
-0.00808503
-0.0705591
-0.120246
-0.160131
-0.192627
-0.21971
-0.243664
-0.259129
-0.262341
-0.257763
-0.25161
-0.248521
-0.248466
-0.24857
-0.242006
-0.226776
-0.204468
-0.182379
-0.165031
-0.152099
-0.14184
-0.1349
-0.129176
-0.121585
-0.104103
-0.0750628
-0.0286456
0.0303926
0.0939931
0.154195
0.209239
0.249934
0.271155
0.283345
0.294418
0.30125
0.299685
0.290069
0.28023
0.273953
0.268678
0.259102
0.24126
0.209925
0.168332
0.126022
0.0932025
0.0718176
0.0578655
0.0418685
0.0184279
-0.0030414
-0.0129317
-0.00436911
0.0121975
0.0247279
0.0410697
0.0710265
0.106971
0.140099
0.170047
0.203038
0.242385
0.287492
0.331178
0.361701
0.379034
0.386285
0.387156
0.384821
0.381081
0.372565
0.356114
0.342149
0.338991
0.347456
0.357478
0.362457
0.364422
0.364715
0.35814
0.337813
0.295395
0.223792
0.132983
0.0446945
-0.0363121
-0.114846
-0.187571
-0.242464
-0.273739
-0.286023
-0.292055
-0.296143
-0.298587
-0.299249
-0.297236
-0.293367
-0.289143
-0.283892
-0.276967
-0.271622
-0.268141
-0.262618
-0.253773
-0.243679
-0.236918
-0.230435
-0.213844
-0.184162
-0.141933
-0.0917166
-0.0384829
0.0158244
0.0737186
0.139714
0.201614
0.24838
0.280466
0.305379
0.324766
0.32907
0.308587
0.278931
0.254195
0.240275
0.234667
0.236889
0.254205
0.284196
0.314205
0.340493
0.367293
0.386869
0.391921
0.388701
0.384693
0.383315
0.390467
0.407677
0.424881
0.439824
0.460755
0.486351
0.509219
0.523816
0.532733
0.540553
0.546451
0.54624
0.539123
0.528079
0.513907
0.496644
0.476904
0.460052
0.445621
0.426085
0.401412
0.375503
0.34768
0.317535
0.28812
0.262598
0.241105
0.221918
0.200985
0.171863
0.140335
0.112838
0.0835042
0.0534417
0.0294658
0.00394138
-0.0283064
-0.0622122
-0.0939982
-0.123512
-0.141627
-0.144443
-0.134934
-0.120139
-0.102234
-0.0922832
-0.0935444
-0.106562
-0.123768
-0.136728
-0.133297
-0.116195
-0.095062
-0.0713306
-0.0396527
-0.002858
0.0359058
0.0840986
0.137222
0.174531
0.200286
0.229078
0.257918
0.27725
0.2874
0.294901
0.301806
0.302338
0.29473
0.295499
0.309892
0.327405
0.336911
0.336476
0.335125
0.335979
0.324634
0.309546
0.310661
0.320076
0.324687
0.326668
0.33159
0.340018
0.34958
0.358286
0.363196
0.364858
0.364204
0.362974
0.361688
0.357255
0.345724
0.323116
0.297428
0.276511
0.259975
0.243564
0.226336
0.208287
0.190401
0.177563
0.168845
0.160806
0.158704
0.166216
0.17237
0.173132
0.176079
0.177964
0.168417
0.147415
0.121336
0.0938512
0.067001
0.041401
0.0195215
0.00688981
0.012496
0.028706
0.046045
0.0561388
0.0607846
0.0665084
0.0797368
0.103353
0.133447
0.164177
0.191417
0.215219
0.234537
0.247699
0.254024
0.250857
0.240189
0.229308
0.216814
0.197269
0.182118
0.179526
0.186995
0.200036
0.21955
0.235753
0.244446
0.248787
0.250342
0.24638
0.233653
0.21137
0.184562
0.15627
0.126372
0.103482
0.0899164
0.0828777
0.0792049
0.0787741
0.0802899
0.0815579
0.0770587
0.0702316
0.0675953
0.066307
0.0617909
0.0520504
0.0391902
0.0255799
0.0136184
0.00506855
0.00874069
0.0217817
0.035789
0.0470663
0.0585165
0.0671313
0.0694884
0.0720831
0.0806398
0.091827
0.100881
0.110424
0.125765
0.144165
0.160347
0.167023
0.16253
0.142122
0.111247
0.0773856
0.0433798
0.00952782
-0.0227523
-0.047153
-0.0624635
-0.066266
-0.0561576
-0.0487597
-0.0583173
-0.0573153
-0.0389169
-0.0206313
-0.00808024
0.00354782
0.00989778
0.0130997
0.0204712
0.02747
0.0283257
0.0321118
0.042404
0.0510572
0.0555749
0.0595652
0.0650494
0.0671795
0.0561825
0.0341017
0.00667612
-0.0143909
-0.0302265
-0.0539984
-0.0828168
-0.106315
-0.119048
-0.122789
-0.119765
-0.113672
-0.105459
-0.0878062
-0.0620662
-0.0410029
-0.0251939
-0.00446469
0.0225689
0.0498616
0.0720342
0.0888634
0.101309
0.10939
0.111876
0.114185
0.120574
0.120689
0.106195
0.0758905
0.0385015
0.000665022
-0.036458
-0.0734329
-0.109529
-0.14412
-0.178026
-0.21394
-0.248889
-0.277264
-0.296072
-0.308245
-0.310782
-0.303105
-0.28525
-0.262039
-0.23786
-0.210743
-0.178383
-0.146742
-0.123497
-0.117347
-0.118203
-0.115338
-0.114068
-0.115765
-0.113505
-0.1163
-0.132526
-0.160515
-0.189975
-0.216265
-0.247026
-0.281039
-0.302508
-0.314282
-0.326414
-0.334378
-0.332852
-0.322248
-0.31089
-0.302809
-0.294436
-0.274307
-0.246992
-0.233025
-0.227662
-0.215335
-0.200197
-0.189882
-0.181078
-0.174425
-0.174918
-0.176423
-0.173906
-0.169663
-0.166903
-0.163282
-0.154602
-0.14385
-0.134698
-0.127944
-0.123002
-0.120535
-0.118932
-0.116002
-0.107182
-0.0931387
-0.0779556
-0.0650596
-0.0554997
-0.0487589
-0.0431544
-0.0375048
-0.0311904
-0.0238579
-0.0151807
-0.00445132
0.0103336
0.0277161
0.0453183
0.0658313
0.0908751
0.112142
0.127282
0.138978
0.147288
0.151233
0.153973
0.155781
0.152638
0.143052
0.129483
0.118358
0.109758
0.0984751
0.0918814
0.0959112
0.0950139
0.083606
0.0735141
0.07196
0.0754869
0.0764215
0.0716137
0.0601334
0.0407933
0.0133938
-0.0200373
-0.0553338
-0.0904943
-0.128409
-0.170178
-0.21266
-0.245536
-0.264758
-0.279212
-0.293549
-0.303365
-0.301816
-0.288518
-0.270766
-0.25255
-0.23308
-0.210395
-0.183461
-0.153778
-0.122563
-0.0859243
-0.0499041
-0.0239647
-0.00315664
0.0170833
0.0242432
0.0201527
0.0157495
0.0113826
0.00161637
-0.0147513
-0.0314947
-0.0427331
-0.0485939
-0.050606
-0.0462874
-0.0399441
-0.0377208
-0.034046
-0.0233213
-0.0104145
-0.00390228
-0.00752757
-0.0137146
-0.0164321
-0.0136211
-0.00857083
-0.00404716
0.00419081
0.0198676
0.0384855
0.055007
0.0679867
0.078135
0.0850202
0.0827472
0.0723923
0.0558859
0.0340967
0.00788333
-0.0185749
-0.0453222
-0.0750097
-0.104404
-0.130264
-0.149425
-0.159631
-0.158669
-0.148467
-0.133108
-0.111134
-0.0823448
-0.0485709
-0.0130741
0.0216306
0.0474785
0.0680187
0.0921797
0.117095
0.13122
0.135347
0.134995
0.132086
0.127544
0.12162
0.110829
0.0944473
0.0826017
0.074636
0.0610829
0.0343403
-0.00315884
-0.0452915
-0.0844106
-0.118115
-0.147958
-0.174758
-0.196275
-0.21081
-0.220862
-0.230723
-0.239686
-0.24461
-0.247086
-0.24628
-0.235305
-0.216448
-0.193767
-0.165986
-0.136087
-0.114441
-0.0967815
-0.0744487
-0.0529141
-0.0381977
-0.0317344
-0.0267398
-0.0174184
-0.0101798
-0.00994129
-0.0142022
-0.0181869
-0.0198094
-0.0139515
-0.000845741
0.0142729
0.0274894
0.038337
0.0423875
0.0398856
0.0363662
0.0334226
0.0279785
0.0184569
0.007363
-0.000973193
-0.00622482
-0.010197
-0.0127219
-0.0151414
-0.0203404
-0.030731
-0.044047
-0.0463291
-0.0381811
-0.0293875
-0.0206822
-0.00674165
0.014115
0.0345606
0.0475145
0.0598038
0.0773363
0.0931485
0.102741
0.10813
0.113517
0.119915
0.126269
0.13222
0.141183
0.150422
0.152578
0.154279
0.163369
0.175039
0.184242
0.192045
0.203878
0.220974
0.24087
0.258169
0.273596
0.298424
0.330322
0.359208
0.387353
0.42032
0.452763
0.48195
0.510344
0.536262
0.555986
0.565461
0.567543
0.563386
0.554483
0.541129
0.518602
0.485406
0.442557
0.394179
0.344639
0.297679
0.255956
0.218948
0.181299
0.142362
0.10569
0.0724781
0.0410905
0.00997521
-0.019096
-0.0431952
-0.0570382
-0.0624273
-0.0630327
-0.0583219
-0.0480983
-0.0348279
-0.0235108
-0.0176371
-0.0170295
-0.0172136
-0.0121304
-0.00333032
0.00475644
0.0102842
0.0123937
0.00780236
-7.24026e-05
-0.00621051
-0.00727368
-0.00761047
-0.012509
-0.0186971
-0.0222273
-0.0263534
-0.0339497
-0.0451155
-0.0606885
-0.0797768
-0.0994347
-0.112339
-0.117209
-0.128112
-0.144538
-0.155011
-0.159658
-0.164863
-0.175155
-0.190054
-0.207783
-0.225778
-0.245628
-0.272579
-0.297164
-0.311009
-0.322627
-0.334375
-0.334371
-0.326911
-0.321912
-0.317143
-0.310801
-0.305608
-0.300505
-0.294274
-0.29104
-0.292093
-0.294037
-0.286328
-0.284109
-0.294975
-0.304613
-0.302271
-0.295343
-0.292159
-0.287633
-0.276002
-0.26721
-0.26631
-0.267632
-0.269118
-0.272072
-0.271256
-0.269473
-0.276469
-0.289757
-0.301669
-0.309068
-0.316297
-0.327951
-0.34195
-0.353987
-0.361412
-0.36353
-0.3614
-0.35727
-0.350527
-0.338145
-0.322634
-0.307958
-0.29814
-0.292418
-0.287238
-0.281151
-0.275219
-0.26823
-0.259991
-0.253604
-0.248989
-0.240244
-0.228343
-0.218646
-0.213593
-0.210604
-0.199994
-0.182116
-0.163375
-0.143369
-0.118542
-0.0910374
-0.062988
-0.03287
0.000590514
0.0380078
0.0797167
0.122941
0.159423
0.187316
0.205391
0.210583
0.202915
0.190826
0.176898
0.153315
0.121996
0.0900559
0.0604508
0.0315505
0.00157228
-0.0298836
-0.0629535
-0.0989444
-0.136387
-0.170599
-0.195443
-0.216434
-0.240081
-0.262119
-0.274921
-0.272845
-0.261993
-0.250069
-0.240296
-0.229634
-0.213986
-0.193765
-0.172073
-0.152823
-0.135428
-0.114793
-0.0922557
-0.0726652
-0.0534744
-0.030296
-0.00105224
0.0293324
0.054776
0.0786891
0.106144
0.135886
0.164381
0.189741
0.210144
0.222844
0.227673
0.227145
0.218337
0.204524
0.190863
0.175329
0.154358
0.13885
0.133038
0.128614
0.120136
0.109663
0.10288
0.0987794
0.0895945
0.0710354
0.0448985
0.0151873
-0.0171357
-0.053532
-0.0881888
-0.114786
-0.129098
-0.141979
-0.16229
-0.176851
-0.178483
-0.17603
-0.17641
-0.178584
-0.180055
-0.181922
-0.188566
-0.19679
-0.202742
-0.212244
-0.225963
-0.234888
-0.235788
-0.232274
-0.228021
-0.221931
-0.210341
-0.196866
-0.186563
-0.177775
-0.167899
-0.157751
-0.148593
-0.140042
-0.126352
-0.107973
-0.0955243
-0.0925522
-0.0951193
-0.0921186
-0.0790795
-0.0585679
-0.0383919
-0.0232636
-0.0069935
0.0160217
0.0423728
0.0674889
0.0903639
0.107552
0.114546
0.117683
0.123023
0.130212
0.134531
0.133196
0.130514
0.131048
0.139546
0.152213
0.163235
0.173722
0.187332
0.204253
0.221688
0.237278
0.248982
0.256432
0.259714
0.261211
0.265663
0.271996
0.276572
0.277225
0.275442
0.273868
0.272719
0.270615
0.268644
0.267322
0.265145
0.262967
0.261914
0.254835
0.23817
0.21435
0.19002
0.166757
0.135784
0.0986
0.0643887
0.0402721
0.0221831
-0.000618227
-0.0225514
-0.0306203
-0.0290696
-0.0269974
-0.0261084
-0.0247725
-0.0221152
-0.0187341
-0.0199187
-0.0281372
-0.0371118
-0.0425189
-0.0412143
-0.0358065
-0.0322518
-0.0287307
-0.0168324
0.000538539
0.016364
0.0293958
0.0377081
0.038004
0.0367591
0.03882
0.0425436
0.044899
0.0452661
0.0417282
0.0337714
0.0258535
0.020032
0.0148122
0.00858633
0.000606755
-0.0143428
-0.0353124
-0.0544863
-0.068175
-0.0774985
-0.0800844
-0.0789894
-0.0785779
-0.0810483
-0.0869993
-0.100967
-0.120546
-0.142148
-0.165909
-0.19332
-0.223803
-0.250351
-0.266672
-0.281907
-0.2992
-0.307617
-0.306738
-0.303906
-0.304229
-0.306759
-0.309208
-0.309819
-0.30907
-0.310596
-0.316714
-0.327864
-0.336557
-0.3376
-0.332153
-0.323645
-0.313602
-0.30011
-0.281565
-0.258382
-0.232988
-0.208816
-0.188722
-0.174423
-0.163736
-0.154316
-0.148529
-0.149137
-0.157128
-0.169313
-0.183173
-0.202322
-0.221424
-0.230941
-0.231546
-0.228998
-0.22574
-0.219435
-0.206982
-0.195123
-0.188467
-0.187472
-0.193342
-0.209234
-0.232025
-0.255975
-0.276749
-0.295241
-0.312499
-0.321815
-0.321779
-0.311407
-0.291683
-0.264282
-0.227426
-0.182344
-0.135428
-0.0913241
-0.0504944
-0.0128797
0.020436
0.0454369
0.0633026
0.0808928
0.100188
0.118538
0.135736
0.15351
0.175017
0.194886
0.205688
0.212861
0.221281
0.222765
0.214491
0.200418
0.18462
0.167309
0.14989
0.134489
0.123095
0.118064
0.118039
0.121657
0.131904
0.152879
0.178
0.202042
0.2297
0.261014
0.289893
0.310624
0.323825
0.338224
0.353797
0.360642
0.361934
0.366052
0.370876
0.37322
0.375901
0.380212
0.384839
0.387208
0.388904
0.395234
0.400863
0.397125
0.385396
0.372059
0.360786
0.348823
0.331525
0.305943
0.275244
0.245188
0.213259
0.175214
0.133501
0.0944496
0.061908
0.0337663
0.00759048
-0.0157566
-0.0411992
-0.0713882
-0.0967049
-0.125624
-0.173745
-0.218332
-0.24383
-0.260566
-0.277518
-0.292795
-0.301938
-0.306044
-0.307462
-0.304136
-0.294038
-0.279017
-0.260939
-0.237033
-0.211865
-0.19057
-0.171701
-0.152038
-0.130541
-0.107682
-0.0837621
-0.0595711
-0.0357079
-0.0141244
0.00475117
0.020048
0.0304651
0.0360307
0.0384176
0.0391207
0.0392187
0.0351204
0.0237741
0.00512853
-0.016772
-0.04031
-0.0637935
-0.0857844
-0.104295
-0.120923
-0.137638
-0.151511
-0.161023
-0.168223
-0.174719
-0.179558
-0.180923
-0.178618
-0.173345
-0.168877
-0.168393
-0.172666
-0.179585
-0.186806
-0.196355
-0.210154
-0.224608
-0.233354
-0.228956
-0.22067
-0.218566
-0.220623
-0.221186
-0.219092
-0.214251
-0.206759
-0.19619
-0.181628
-0.16181
-0.141784
-0.126231
-0.117901
-0.116828
-0.110837
-0.0859268
-0.0703022
-0.0657354
-0.0589836
-0.0488935
-0.0390079
-0.0299808
-0.0198039
-0.00822634
0.00185069
0.0100392
0.017947
0.0249551
0.0278767
0.0174245
-0.000673614
-0.0145725
-0.0202455
-0.0235078
-0.0332155
-0.0450129
-0.0488149
-0.042787
-0.0348173
-0.0348286
-0.0387265
-0.03845
-0.0358073
-0.0333618
-0.021987
-0.00186041
0.0197991
0.0379411
0.0541187
0.0724532
0.0925663
0.110169
0.119263
0.118661
0.113561
0.108685
0.103503
0.0966486
0.0878652
0.0758209
0.0660336
0.0656515
0.0763476
0.095829
0.117128
0.139177
0.165702
0.192663
0.215625
0.235375
0.253767
0.270556
0.286249
0.300524
0.306726
0.304492
0.300853
0.299595
0.299309
0.300026
0.300461
0.296558
0.285048
0.264493
0.2453
0.229934
0.208305
0.179967
0.151564
0.130689
0.117308
0.100215
0.0807665
0.0693835
0.0673235
0.0676681
0.0625555
0.0583604
0.0651768
0.0746209
0.079777
0.0900435
0.103984
0.111451
0.115304
0.121466
0.126788
0.13097
0.137465
0.141486
0.139349
0.138145
0.140959
0.144281
0.140467
0.127627
0.113928
0.103535
0.0942201
0.0856452
0.0751013
0.054759
0.0186262
-0.0194416
-0.0325769
-0.0360653
-0.0506411
-0.0690057
-0.082898
-0.0938
-0.0951776
-0.0877081
-0.0839802
-0.0856636
-0.0856705
-0.0835061
-0.082101
-0.0825349
-0.0863417
-0.095163
-0.104656
-0.112069
-0.119047
-0.126138
-0.132137
-0.139271
-0.147001
-0.150147
-0.147637
-0.141868
-0.133032
-0.12058
-0.105376
-0.0913262
-0.0788236
-0.0609952
-0.0392027
-0.0195629
0.00378864
0.0364982
0.0701918
0.0981837
0.119962
0.137602
0.150292
0.159014
0.164655
0.166294
0.162036
0.149443
0.131016
0.111184
0.0927193
0.0704933
0.0406074
0.00773065
-0.0170987
-0.0262906
-0.026439
-0.0260792
-0.0245959
-0.0187274
-0.00773512
0.00734837
0.0253202
0.0428272
0.0559873
0.0600992
0.0661229
0.0808802
0.0852601
0.0773996
0.0726776
0.0811162
0.0979678
0.103703
0.0980123
0.0936371
0.0927367
0.0893904
0.0805355
0.0651934
0.0384962
0.00707837
-0.0210145
-0.0450726
-0.0724673
-0.107444
-0.132965
-0.142524
-0.147253
-0.147121
-0.137217
-0.130032
-0.130233
-0.128643
-0.120218
-0.106883
-0.0847656
-0.0572145
-0.0374679
-0.0252952
-0.0143294
-0.00943824
-0.0125466
-0.0173678
-0.01892
-0.0168491
-0.013805
-0.0123259
-0.016231
-0.0196491
-0.014836
-0.00897025
-0.0089851
-0.0152113
-0.0213409
-0.0223981
-0.0194467
-0.0163636
-0.0160382
-0.022763
-0.0401889
-0.0600469
-0.0761224
-0.0898257
-0.102643
-0.114327
-0.126135
-0.136316
-0.1397
-0.138944
-0.138703
-0.13815
-0.135534
-0.130462
-0.127309
-0.128766
-0.131123
-0.135563
-0.150874
-0.168421
-0.17629
-0.171717
-0.162526
-0.152845
-0.142754
-0.130287
-0.110954
-0.0878536
-0.0672479
-0.0457048
-0.0194397
6.79825e-05
0.00901054
0.0154344
0.0224572
0.026405
0.0293567
0.0335714
0.0369255
0.0403215
0.0467542
0.0509388
0.0488039
0.0451811
0.0392754
0.0249452
0.00268682
-0.0248413
-0.0565133
-0.0920077
-0.130542
-0.162716
-0.185247
-0.202629
-0.218595
-0.230538
-0.225481
-0.203838
-0.168624
-0.132308
-0.102427
-0.074524
-0.0438589
-0.0141814
0.00765238
0.0182676
0.026388
0.0377669
0.0495798
0.0592848
0.0686183
0.0826862
0.103526
0.128921
0.157773
0.191878
0.229532
0.268473
0.303519
0.331375
0.345173
0.349667
0.360804
0.372867
0.370898
0.364884
0.36573
0.370087
0.370789
0.365417
0.355587
0.344925
0.336683
0.326772
0.309668
0.289607
0.270468
0.249767
0.225182
0.196286
0.159715
0.119405
0.0809029
0.0395299
-0.00404834
-0.0379068
-0.0628279
-0.0860761
-0.107568
-0.124551
-0.135141
-0.136443
-0.13092
-0.123532
-0.113941
-0.0990672
-0.0871793
-0.0835734
-0.0782988
-0.0670384
-0.0541762
-0.0409291
-0.0253798
-0.00741629
0.0107038
0.025418
0.0344346
0.0361062
0.0331884
0.029278
0.0255958
0.0157265
-0.00624458
-0.0263789
-0.0341776
-0.0311749
-0.0301524
-0.0376787
-0.0412836
-0.0334847
-0.0165627
0.00538479
0.0319124
0.0559448
0.0748282
0.0983244
0.124217
0.151928
0.192834
0.227685
0.245901
0.258143
0.273829
0.290049
0.298092
0.295804
0.291393
0.289241
0.28638
0.285205
0.288016
0.285576
0.279787
0.282864
0.288988
0.2877
0.281617
0.27512
0.265931
0.25446
0.242677
0.229489
0.214814
0.199867
0.1831
0.162629
0.137882
0.112756
0.0911801
0.0744778
0.0607246
0.0418922
0.0219344
0.0100347
-0.000552566
-0.0151068
-0.0279482
-0.0387209
-0.0524235
-0.0726216
-0.0952201
-0.111578
-0.12129
-0.128696
-0.133779
-0.130436
-0.109513
-0.0789916
-0.0484317
-0.0195647
0.0103705
0.0418895
0.0715382
0.0925338
0.0992208
0.0932543
0.0871673
0.0826794
0.070049
0.0544715
0.0447384
0.0347479
0.0204289
0.00721789
-0.00560189
-0.0223955
-0.044409
-0.0663188
-0.083095
-0.0963439
-0.107768
-0.111266
-0.108726
-0.106653
-0.106607
-0.105621
-0.0994897
-0.0934717
-0.0983536
-0.103031
-0.0958337
-0.0876536
-0.0843316
-0.0783554
-0.0671906
-0.0541052
-0.0399369
-0.0271177
-0.0224737
-0.0265538
-0.038228
-0.0557425
-0.0792823
-0.111251
-0.141231
-0.160801
-0.174782
-0.191241
-0.213177
-0.231799
-0.233003
-0.220805
-0.206227
-0.193361
-0.181235
-0.171772
-0.160336
-0.14178
-0.122332
-0.10769
-0.0988535
-0.0927602
-0.0872348
-0.080346
-0.0716803
-0.0602886
-0.0455331
-0.0250933
-0.0104404
-0.00981689
-0.0152494
-0.0226137
-0.0392887
-0.0606067
-0.0789554
-0.0988012
-0.118436
-0.122919
-0.12069
-0.124568
-0.124877
-0.116281
-0.102884
-0.0859605
-0.0643879
-0.0406531
-0.0157878
0.0152692
0.0462213
0.0665735
0.0835388
0.104922
0.122241
0.130047
0.133498
0.135829
0.133847
0.12378
0.108676
0.0960999
0.0871737
0.0789656
0.0703207
0.0626493
0.0580186
0.0576217
0.0613147
0.058438
0.0475903
0.0395863
0.0378833
0.0388411
0.0421959
0.0485597
0.0568571
0.0692432
0.0893958
0.111381
0.130467
0.149412
0.16929
0.186438
0.201905
0.218618
0.23661
0.251251
0.255161
0.250988
0.242806
0.230645
0.214868
0.198593
0.178333
0.148752
0.119629
0.0978553
0.0804739
0.0674845
0.0598177
0.0490698
0.0355254
0.0278431
0.0232883
0.0154075
0.00685355
-0.00140561
-0.0122478
-0.0243106
-0.0341942
-0.0357201
-0.03053
-0.0234488
-0.0162981
-0.00802826
-0.00123438
0.00442062
0.0118955
0.024235
0.041289
0.0593096
0.0729679
0.075406
0.0726524
0.0721882
0.0709797
0.064088
0.0510391
0.0356876
0.0205952
0.00462031
-0.0114949
-0.0226262
-0.0273323
-0.0268585
-0.0186772
-0.00710004
0.000875445
0.00385134
0.00435394
0.00357212
-8.75777e-05
-0.00904483
-0.018774
-0.0250384
-0.0298104
-0.0349131
-0.0381677
-0.03433
-0.0221217
-0.00720614
0.00618166
0.0168266
0.0245426
0.0270357
0.0180795
0.00094527
-0.0122802
-0.0197137
-0.0261961
-0.0316507
-0.0336547
-0.0311556
-0.0276036
-0.0258318
-0.0245599
-0.0254188
-0.0356578
-0.0511635
-0.0670804
-0.0821195
-0.0973896
-0.11414
-0.129947
-0.141755
-0.147363
-0.149888
-0.151126
-0.145177
-0.131222
-0.115913
-0.101379
-0.0842232
-0.0624383
-0.0383282
-0.0167983
0.00366238
0.0286665
0.0523359
0.068507
0.0840669
0.101295
0.111741
0.11044
0.097807
0.0898823
0.0891507
0.0801401
0.0673245
0.0621009
0.0572012
0.0465539
0.0351512
0.0269318
0.0203842
0.0102497
-0.00180159
-0.00707965
-0.00711558
-0.00726841
-0.00477143
0.00161661
0.0105892
0.0191851
0.0249579
0.0229801
0.0186314
0.022012
0.0329469
0.0457525
0.0579003
0.0691177
0.0771874
0.0836658
0.0913735
0.103226
0.11494
0.116458
0.11439
0.119294
0.123657
0.120433
0.113222
0.105805
0.0977274
0.0929998
0.0935282
0.0973485
0.0980884
0.09352
0.0903
0.0907966
0.0900303
0.0856974
0.0793438
0.0713813
0.0620065
0.0523184
0.0415544
0.0290327
0.0173301
0.00649367
-0.00619952
-0.0218339
-0.0398299
-0.0609609
-0.0814807
-0.0968006
-0.109574
-0.124458
-0.143567
-0.162229
-0.175896
-0.180675
-0.178329
-0.173821
-0.172653
-0.17502
-0.172678
-0.164306
-0.157292
-0.153462
-0.148998
-0.137733
-0.118618
-0.093945
-0.0668239
-0.0370257
-0.00559369
0.0260606
0.0562908
0.0845038
0.108914
0.124527
0.130469
0.136786
0.146949
0.155563
0.159742
0.161251
0.165233
0.172118
0.177467
0.175438
0.163012
0.149963
0.141431
0.132286
0.117612
0.0984655
0.080929
0.0643309
0.0416944
0.0166305
-0.00423002
-0.0205404
-0.0350136
-0.0475872
-0.0542563
-0.0554831
-0.0544311
-0.0587822
-0.0694373
-0.0715213
-0.0660072
-0.0648619
-0.0668464
-0.0647826
-0.0505103
-0.0304176
-0.0150835
-0.0079558
-0.00612434
-0.00575349
-0.00563099
-0.00806068
-0.0107358
-0.0107382
-0.0099837
-0.00824538
-0.00305393
-0.00025393
-0.00404183
-0.0095283
-0.0100572
-0.00396126
-0.00188566
-0.0080538
-0.00561845
0.00765084
0.0204728
0.0265597
0.0283982
0.030805
0.0342467
0.0349173
0.0317894
0.0269181
0.0235798
0.0220259
0.0207877
0.0199557
0.020227
0.0200486
0.0230461
0.0344012
0.0479707
0.0570876
0.058102
0.0555275
0.0536508
0.0516622
0.0480462
0.0472731
0.0498896
0.0530182
0.0560205
0.0606525
0.0693036
0.0768581
0.0736514
0.0688391
0.0720129
0.0721861
0.0650759
0.0574987
0.0524378
0.0479605
0.0472789
0.0494278
0.04666
0.0397067
0.0336369
0.029005
0.0225714
0.0109845
-0.003428
-0.0166564
-0.024917
-0.0297435
-0.0331704
-0.036822
-0.0414526
-0.0491752
-0.0552374
-0.0535043
-0.0492896
-0.0478999
-0.045984
-0.0399988
-0.0305551
-0.0234321
-0.0205873
-0.0212811
-0.0271186
-0.0387123
-0.0500759
-0.06129
-0.0770312
-0.0939245
-0.108157
-0.120251
-0.129431
-0.134611
-0.13657
-0.135062
-0.12779
-0.116251
-0.102581
-0.0848735
-0.0653531
-0.0493834
-0.0389831
-0.0320128
-0.0227684
-0.0101234
0.00308673
0.0115591
0.013641
0.0112444
0.00707415
0.00321905
0.00114351
0.000923918
0.00171972
0.00272786
0.00447925
0.00845163
0.0151441
0.0236559
0.0307259
0.0340275
0.0398798
0.0518607
0.0616906
0.0662834
0.0696042
0.0748665
0.0807752
0.0813023
0.0746896
0.0628908
0.0509866
0.0405446
0.0294394
0.0151137
-0.00264119
-0.0161688
-0.0225071
-0.0256262
-0.0313347
-0.0399948
-0.0441145
-0.0440584
-0.0459804
-0.0529554
-0.0638275
-0.0762462
-0.0890686
-0.102415
-0.11359
-0.124019
-0.140034
-0.156092
-0.165184
-0.170653
-0.176859
-0.183774
-0.193394
-0.206553
-0.21809
-0.226618
-0.234501
-0.240701
-0.243769
-0.243699
-0.23973
-0.231467
-0.219768
-0.205232
-0.188173
-0.176034
-0.172633
-0.168449
-0.159726
-0.152873
-0.147493
-0.139877
-0.133605
-0.129177
-0.122667
-0.116379
-0.113187
-0.107225
-0.0952469
-0.0790306
-0.0646253
-0.0529204
-0.03463
-0.0133751
-6.74353e-05
0.00682211
0.0127839
0.0170043
0.018515
0.018616
0.0217711
0.0289896
0.0399556
0.0532088
0.0677233
0.0805216
0.0909983
0.100986
0.113648
0.130369
0.146373
0.15824
0.166278
0.172099
0.175799
0.181583
0.190149
0.19718
0.198499
0.194864
0.192988
0.193476
0.190868
0.18364
0.173993
0.162972
0.15301
0.146337
0.139818
0.132065
0.126163
0.120861
0.113703
0.106828
0.101055
0.0949329
0.0885113
0.0812629
0.0670841
0.0491521
0.0344937
0.0195802
0.00178724
-0.0136889
-0.0217668
-0.0228198
-0.0216323
-0.01802
-0.00822825
0.00249732
0.0100795
0.0161279
0.0214409
0.0235904
0.0183064
0.00712237
-0.00416125
-0.0184372
-0.0398481
-0.0629084
-0.0809374
-0.0919159
-0.0993472
-0.105939
-0.110848
-0.113132
-0.113658
-0.117147
-0.124617
-0.13317
-0.142079
-0.151204
-0.153453
-0.152235
-0.15492
-0.151629
-0.136777
-0.114358
-0.0940075
-0.0811017
-0.0688461
-0.051972
-0.0355128
-0.0235915
-0.0168354
-0.0135088
-0.0126447
-0.0161053
-0.0228022
-0.0301752
-0.0365282
-0.0422279
-0.0488887
-0.0560136
-0.0616123
-0.0636094
-0.0623855
-0.0572929
-0.0519829
-0.0513611
-0.0575875
-0.0653415
-0.065224
-0.0598455
-0.0557413
-0.0521393
-0.0472654
-0.0436057
-0.0418936
-0.0412291
-0.040459
-0.0418363
-0.0506536
-0.0602445
-0.0632544
-0.0614745
-0.060376
-0.0632333
-0.0641949
-0.0594646
-0.0586256
-0.0629772
-0.0649566
-0.064116
-0.0644025
-0.0656731
-0.0648431
-0.0580632
-0.0479159
-0.0387815
-0.0337981
-0.03113
-0.0284019
-0.0233581
-0.0173624
-0.0207572
-0.0296846
-0.0331141
-0.03336
-0.0379307
-0.0510398
-0.067974
-0.0827246
-0.0920491
-0.0975683
-0.101914
-0.106374
-0.109814
-0.110039
-0.105957
-0.0969161
-0.0849771
-0.0711799
-0.0557365
-0.0410813
-0.032479
-0.0281487
-0.0243165
-0.0177356
-0.00964687
-0.00528436
-0.0105713
-0.0278234
-0.0425551
-0.0479379
-0.0510906
-0.0601183
-0.0743042
-0.0836976
-0.0875193
-0.0923361
-0.097069
-0.0966192
-0.0874576
-0.0763604
-0.0729358
-0.0754712
-0.0784071
-0.0826186
-0.0884562
-0.0938586
-0.0932894
-0.086547
-0.0886527
-0.0988066
-0.103466
-0.0989301
-0.0908324
-0.084516
-0.0812266
-0.0810059
-0.0857541
-0.0946925
-0.0957625
-0.0885595
-0.0804372
-0.0753688
-0.0717903
-0.067063
-0.0622265
-0.0614073
-0.0599283
-0.0528229
-0.0437981
-0.0379892
-0.0377697
-0.0418757
-0.0493685
-0.0548859
-0.0569483
-0.0589941
-0.0630465
-0.0680621
-0.0723147
-0.0748637
-0.0762168
-0.0783935
-0.0811923
-0.0825495
-0.0829582
-0.0846278
-0.0912567
-0.0999528
-0.104877
-0.104779
-0.102502
-0.102873
-0.105122
-0.104956
-0.10258
-0.100736
-0.100811
-0.101518
-0.101146
-0.0994886
-0.0974164
-0.0963563
-0.0968288
-0.0989696
-0.102969
-0.108485
-0.112895
-0.116612
-0.123221
-0.129913
-0.132997
-0.134779
-0.137509
-0.140212
-0.140304
-0.137157
-0.133254
-0.131144
-0.132246
-0.133433
-0.132567
-0.134367
-0.140998
-0.149453
-0.156518
-0.161251
-0.16125
-0.157766
-0.152032
-0.145468
-0.138992
-0.134644
-0.131284
-0.124894
-0.117752
-0.112945
-0.104951
-0.0931713
-0.0854957
-0.0789916
-0.0671499
-0.0645909
-0.0757596
-0.0858773
-0.0857855
-0.0771573
-0.0668316
-0.0576562
-0.0478203
-0.0358201
-0.0219125
-0.00817674
0.00524407
0.0229045
0.0410304
0.0523795
0.0602067
0.0697568
0.0815566
0.0940381
0.107278
0.11838
0.125048
0.126551
0.123929
0.118455
0.113227
0.110237
0.110635
0.111047
0.107111
0.103676
0.105998
0.112359
0.117788
0.118315
0.12032
0.128444
0.131194
0.12528
0.121427
0.121453
0.119966
0.115465
0.112575
0.118252
0.129246
0.139607
0.14908
0.160387
0.174512
0.186538
0.192899
0.194954
0.195562
0.196425
0.196549
0.194084
0.189372
0.183659
0.177351
0.171684
0.166863
0.158299
0.145482
0.133198
0.125039
0.119964
0.112816
0.102422
0.0909152
0.0833175
0.0806901
0.0756088
0.0701553
0.0724118
0.0780906
0.0806645
0.0791612
0.0789648
0.0862516
0.0972151
0.105179
0.105216
0.102471
0.104486
0.109397
0.111651
0.108071
0.103732
0.106373
0.113992
0.120587
0.121988
0.122374
0.128702
0.136173
0.138375
0.138692
0.140955
0.143967
0.144165
0.139991
0.129749
0.115061
0.100114
0.0841682
0.0650244
0.0453604
0.0299643
0.0213199
0.0145527
0.00672418
0.0013155
-0.00134762
-0.00409418
-0.0052812
-0.00240139
0.00390308
0.00930409
0.0108361
0.0143532
0.0235662
0.0312361
0.0336014
0.0322707
0.0332236
0.0388904
0.0450089
0.0483634
0.0491712
0.0508292
0.0550715
0.0599522
0.0635348
0.0653973
0.0646921
0.062064
0.0656043
0.0758207
0.0845214
0.0900619
0.0961649
0.104085
0.112705
0.121077
0.129026
0.13669
0.143657
0.150155
0.157711
0.165593
0.172101
0.178582
0.185536
0.188584
0.187982
0.187221
0.18818
0.189697
0.188469
0.184156
0.178494
0.173792
0.170091
0.164671
0.158366
0.153946
0.148397
0.138959
0.128869
0.121306
0.116323
0.111321
0.103484
0.0903936
0.0792434
0.0701425
0.0599127
0.051985
0.0478551
0.044113
0.0409621
0.0411627
0.048942
0.0619617
0.0723223
0.0813976
0.0954467
0.113093
0.130289
0.146017
0.160578
0.173633
0.182747
0.186574
0.187894
0.189826
0.193147
0.198691
0.205792
0.205792
0.196699
0.184257
0.1748
0.168479
0.159276
0.145471
0.129756
0.113805
0.0975208
0.0830584
0.0698177
0.0556694
0.0411053
0.0257368
0.00675012
-0.00572507
-0.00468596
-0.00163659
-0.00500182
-0.0130107
-0.0200744
-0.0240525
-0.0252112
-0.0274523
-0.0341971
-0.0334147
-0.0212343
-0.00882845
-0.0050244
-0.00953781
-0.0102597
-0.00448881
-0.00689019
-0.0200315
-0.0349299
-0.0431017
-0.0476057
-0.0582405
-0.0749134
-0.0903232
-0.093825
-0.0896771
-0.087407
-0.0891743
-0.0916403
-0.0933385
-0.0943602
-0.0940281
-0.0920089
-0.0889571
-0.0874643
-0.0875326
-0.0867488
-0.0866304
-0.0895085
-0.0948106
-0.100169
-0.102969
-0.102686
-0.100847
-0.101798
-0.104486
-0.102784
-0.0986191
-0.0965893
-0.095096
-0.0926628
-0.0918021
-0.0929267
-0.0945156
-0.0955047
-0.0968503
-0.100366
-0.101785
-0.0978838
-0.0936276
-0.092267
-0.092201
-0.092936
-0.0950792
-0.0968325
-0.0981395
-0.101441
-0.106126
-0.110005
-0.110946
-0.108725
-0.103718
-0.0976492
-0.0922104
-0.0917772
-0.0957134
-0.0988895
-0.102214
-0.108328
-0.111362
-0.109249
-0.10687
-0.106905
-0.108933
-0.118349
-0.133775
-0.145329
-0.151528
-0.156222
-0.156703
-0.153856
-0.150951
-0.147131
-0.14075
-0.13486
-0.128414
-0.115466
-0.100838
-0.0904251
-0.077694
-0.0595219
-0.0420526
-0.0288806
-0.0189635
-0.00916242
0.0013717
0.00987139
0.0123
0.00748125
0.0087446
0.0194923
0.0258999
0.0243499
0.0214443
0.016386
0.00804457
0.00154443
-0.00097373
-0.000879134
0.000969032
0.00317751
0.00291577
7.11983e-05
-0.00404833
-0.00520025
-0.00422237
-0.00721906
-0.0114656
-0.0105226
-0.00626174
-0.00337192
-0.00357394
0.000429434
0.0150496
0.0253509
0.0244436
0.0227088
0.0275427
0.0369667
0.0423397
0.0425749
0.0447451
0.0506183
0.0573861
0.065477
0.0741787
0.07544
0.0706399
0.0666703
0.0658955
0.0662109
0.0669282
0.0686245
0.0721765
0.0777819
0.0839769
0.0866146
0.0835881
0.0748715
0.0640543
0.0538968
0.045045
0.0351853
0.0225847
0.0102344
0.00124536
-0.00312894
-0.00372466
-0.00246732
-0.00419001
-0.00719791
-0.00542167
-0.00109372
0.000898625
0.000781045
0.00200968
0.00766708
0.0146355
0.0184877
0.0240225
0.0375925
0.0494063
0.054504
0.0605681
0.0659675
0.0617708
0.047964
0.0335297
0.0288077
0.0283066
0.0233231
0.0183555
0.019882
0.0285912
0.0378552
0.0431886
0.0479063
0.0541979
0.0588794
0.0605987
0.0595024
0.0530519
0.0437659
0.0399149
0.0384953
0.0322245
0.0236686
0.0178128
0.0156121
0.0158525
0.0170942
0.0157233
0.00908887
-0.00519952
-0.0227718
-0.0401486
-0.056491
-0.0678533
-0.076162
-0.0853607
-0.0930095
-0.0960286
-0.0979578
-0.102066
-0.108115
-0.111899
-0.111909
-0.112925
-0.116474
-0.119653
-0.117476
-0.110957
-0.106775
-0.106683
-0.107783
-0.104096
-0.0942294
-0.0840411
-0.0757081
-0.0665107
-0.0548801
-0.0414872
-0.0281273
-0.0153302
-0.00254767
0.0080558
0.0147793
0.0185143
0.0216596
0.0269053
0.0314301
0.0311505
0.0277536
0.0248968
0.0244378
0.0267196
0.0313943
0.0394785
0.0489296
0.0538453
0.0577732
0.0666874
0.0739553
0.0749347
0.0734982
0.073794
0.0756965
0.0762836
0.0748816
0.0735123
0.071821
0.0682218
0.0667513
0.0680741
0.0669971
0.0618991
0.0544774
0.0474842
0.042242
0.0391459
0.0350698
0.0283221
0.0234196
0.0204417
0.0126546
0.00150345
-0.00759499
-0.012043
-0.0135129
-0.0125759
-0.012342
-0.0146934
-0.0174002
-0.0185835
-0.018506
-0.0182343
-0.017524
-0.0126254
-0.00527879
-0.000367866
0.00182983
0.0038279
0.00706104
0.0113242
0.0166704
0.0250276
0.036607
0.0443055
0.0493354
0.0629155
0.0816624
0.0957711
0.103242
0.107163
0.108187
0.108904
0.112063
0.115367
0.115897
0.112237
0.109432
0.112962
0.12052
0.127025
0.124208
0.11628
0.112605
0.112355
0.110605
0.10909
0.107433
0.100714
0.0867285
0.0693532
0.0632235
0.0664176
0.0675159
0.0642051
0.0612649
0.0612171
0.060132
0.0533942
0.046294
0.0437564
0.0438825
0.046238
0.0528715
0.0516319
0.0378611
0.0365496
0.0472291
0.0494228
0.0398031
0.0279997
0.0250845
0.0326533
0.0469751
0.058091
0.0628405
0.0663518
0.0709022
0.0718859
0.0685749
0.0632752
0.0560345
0.0459216
0.0328143
0.0244145
0.0240392
0.0209506
0.0109542
-0.000726669
-0.00514286
-0.00264124
-0.000871596
-0.00619984
-0.0193346
-0.0291065
-0.032153
-0.039582
-0.0505481
-0.0548819
-0.052902
-0.0515098
-0.0585738
-0.0711201
-0.0825264
-0.0912096
-0.0980101
-0.10133
-0.102772
-0.103889
-0.102551
-0.0998821
-0.102058
-0.106677
-0.108236
-0.107904
-0.108238
-0.108396
-0.108752
-0.110595
-0.112337
-0.112919
-0.113361
-0.113184
-0.111138
-0.110655
-0.112213
-0.108414
-0.100728
-0.0960296
-0.0929007
-0.0877147
-0.0839497
-0.0822198
-0.0796602
-0.0764288
-0.0740123
-0.0717548
-0.0695136
-0.0683071
-0.0637432
-0.0530562
-0.0424461
-0.0370202
-0.0377166
-0.0376176
-0.0325884
-0.0286536
-0.0301091
-0.0351488
-0.0385668
-0.0384482
-0.0374989
-0.0372516
-0.0361415
-0.0349277
-0.0355871
-0.0370412
-0.0371793
-0.0347586
-0.0327135
-0.0337525
-0.0339198
-0.0313979
-0.0315237
-0.0359397
-0.0416209
-0.0424886
-0.0389182
-0.0378555
-0.0424929
-0.0514337
-0.0612947
-0.0663328
-0.058066
-0.0472888
-0.0470153
-0.0512754
-0.0518223
-0.052156
-0.0562523
-0.064101
-0.0764672
-0.0909774
-0.101813
-0.11069
-0.121938
-0.132114
-0.136468
-0.133091
-0.128687
-0.129034
-0.132531
-0.134145
-0.130175
-0.124622
-0.121666
-0.115769
-0.104241
-0.091726
-0.0823538
-0.0764805
-0.0730758
-0.0713354
-0.0678431
-0.0621458
-0.0557447
-0.0506104
-0.0474406
-0.0477918
-0.0493329
-0.0459117
-0.0408007
-0.0403182
-0.0422057
-0.0425733
-0.041652
-0.0436788
-0.0520427
-0.0627722
-0.0700208
-0.0698087
-0.0676807
-0.0695203
-0.0750137
-0.0807532
-0.0852555
-0.0846091
-0.0750165
-0.0663661
-0.0651887
-0.0647682
-0.0589912
-0.0473883
-0.0381699
-0.0365641
-0.0403419
-0.0437356
-0.0416319
-0.0399116
-0.0442533
-0.0488568
-0.0492209
-0.0475435
-0.048388
-0.0533933
-0.0574549
-0.0551998
-0.0433401
-0.0310166
-0.0269646
-0.0274403
-0.0257357
-0.0192917
-0.0111699
-0.0047827
-0.00460891
-0.0104624
-0.012074
-0.0072926
-0.00129397
-0.00178383
-0.00865158
-0.00710401
0.00154372
0.00291676
0.000183958
0.00303765
0.00876222
0.0132367
0.0187421
0.0235098
0.0232747
0.0193645
0.0157025
0.0158824
0.0184561
0.0206633
0.0225822
0.0254581
0.0303886
0.0374677
0.0463155
0.0545887
0.0605737
0.062104
0.0637355
0.0729631
0.0808393
0.0784296
0.0735615
0.0736763
0.0777688
0.0811077
0.0817904
0.081215
0.0807595
0.0788019
0.0785523
0.084802
0.0926037
0.0965148
0.0932011
0.087301
0.0843095
0.0835719
0.0826107
0.0837046
0.0860753
0.0866508
0.0848795
0.0828172
0.0861316
0.0931924
0.0985667
0.0997823
0.0983582
0.0973147
0.0971789
0.0966102
0.0954912
0.0945761
0.0925618
0.086214
0.0712582
0.0579162
0.0546484
0.0547331
0.0505849
0.0411906
0.0311387
0.0232832
0.0156726
0.00978913
0.0134421
0.0198621
0.0190672
0.0153269
0.0151848
0.0183926
0.0232362
0.0302683
0.0395673
0.0485868
0.0484997
0.0452918
0.0504625
0.0574942
0.0572055
0.0519371
0.0460487
0.0379709
0.0290508
0.0216648
0.0151617
0.0096008
0.00765991
0.00168856
-0.0127306
-0.0206264
-0.0187265
-0.0154149
-0.0100079
0.000556565
0.00393533
-0.00216445
-0.0118018
-0.0183338
-0.0210198
-0.0240141
-0.0294801
-0.0361436
-0.0417528
-0.0458015
-0.0498931
-0.0536602
-0.0541153
-0.0550449
-0.0600599
-0.0637485
-0.0626529
-0.0589948
-0.0571573
-0.0586404
-0.0593555
-0.0570989
-0.053716
-0.050272
-0.0454998
-0.0374276
-0.0262398
-0.0114164
0.00552651
0.0229516
0.035025
0.0394827
0.0443776
0.0532552
0.0621131
0.0666973
0.0656156
0.0583983
0.04665
0.0326474
0.0231169
0.0231585
0.0247978
0.0228874
0.0215827
0.0205149
0.015336
0.00869404
0.00469542
0.00457153
0.00363839
-0.00209263
-0.00935256
-0.0149477
-0.0196911
-0.0220917
-0.0203851
-0.0145368
-0.00810844
-0.00732701
-0.0105602
-0.0134483
-0.0129505
-0.00953893
-0.0045492
-0.00248581
-0.00675015
-0.0134916
-0.0187979
-0.0226716
-0.0248324
-0.0237589
-0.0212503
-0.0190513
-0.0161767
-0.0130008
-0.0115646
-0.0139403
-0.0185892
-0.0206853
-0.0204254
-0.0210578
-0.0235514
-0.0261014
-0.0248662
-0.020365
-0.0151733
-0.00953668
-0.00393212
-0.00405004
-0.00743715
-0.00775922
-0.0057497
-0.00526469
-0.00830079
-0.0170674
-0.0333666
-0.0465036
-0.0503163
-0.0526062
-0.0600515
-0.0713341
-0.0780926
-0.078247
-0.0759654
-0.0744618
-0.0735356
-0.0735228
-0.0741372
-0.0738765
-0.071985
-0.0687688
-0.0669286
-0.0669553
-0.0631598
-0.0540795
-0.0426144
-0.0355513
-0.0343111
-0.0305955
-0.0196248
-0.000823694
0.015201
0.0213986
0.0210287
0.020186
0.0220354
0.024205
0.0237512
0.023444
0.0243776
0.0227987
0.0163874
0.00611043
0.0046447
0.0135779
0.0208185
0.0207554
0.0166227
0.0146616
0.0168005
0.0216306
0.0248655
0.0240838
0.0218644
0.020382
0.0186835
0.0157228
0.0114455
0.00730137
0.00413652
0.00175818
-0.00122548
-0.00595449
-0.012833
-0.0201062
-0.0246526
-0.0270886
-0.0294188
-0.0309989
-0.0324149
-0.0371627
-0.0407852
-0.0386575
-0.0339299
-0.0316244
-0.0347362
-0.0394451
-0.0420888
-0.0448945
-0.0503843
-0.0581506
-0.0665879
-0.0745506
-0.0798114
-0.0844554
-0.0926627
-0.099155
-0.0997283
-0.104083
-0.113765
-0.121903
-0.124944
-0.124728
-0.125556
-0.126682
-0.124409
-0.118093
-0.110067
-0.107245
-0.107961
-0.106173
-0.102401
-0.0996629
-0.0963756
-0.0921015
-0.0887177
-0.0876491
-0.0886257
-0.09036
-0.0914418
-0.0909423
-0.0892235
-0.0876783
-0.0904269
-0.0959189
-0.0998799
-0.102657
-0.105415
-0.101602
-0.0937674
-0.0906342
-0.0930949
-0.0966603
-0.0977452
-0.0955396
-0.088879
-0.0798049
-0.0710718
-0.0658578
-0.0625981
-0.0582022
-0.0494115
-0.0356817
-0.0176782
0.000554056
0.0117661
0.022609
0.0425855
0.0613307
0.0686822
0.0704159
0.0720899
0.072039
0.0721587
0.0747687
0.0796795
0.081727
0.0764174
0.0671814
0.058596
0.0555555
0.0578234
0.0628204
0.0638215
0.0583706
0.0493326
0.040713
0.0338524
0.0301451
0.0281685
0.0236165
0.018632
0.0179119
0.0169683
0.0133834
0.0119265
0.012714
0.0121863
0.00873348
0.00311078
-0.00404681
-0.00903596
-0.00956672
-0.00607278
-0.00468387
-0.0112456
-0.01292
-0.00668712
-0.00791956
-0.0176308
-0.0257656
-0.0218137
-0.00850709
0.00371546
0.00862521
0.00685399
0.00572136
0.00921115
0.0187726
0.0281209
0.0311777
0.0329697
0.0386852
0.048295
0.0554264
0.0552942
0.0561294
0.0624468
0.0673382
0.0660818
0.0603065
0.0577541
0.0600206
0.061015
0.0599663
0.0607103
0.0608345
0.059118
0.0620168
0.0679664
0.0700962
0.0669651
0.0619024
0.0564068
0.0477791
0.0336455
0.0238816
0.0216548
0.0189226
0.0137316
0.00990269
0.00942941
0.0112909
0.0137081
0.012906
0.00838647
0.00966881
0.0170835
0.0192575
0.0136767
0.00560833
-0.00214478
-0.00791052
-0.00742709
-0.00647086
-0.010081
-0.0100522
-0.00606891
-0.0034926
0.00158354
0.00915497
0.0147606
0.0187028
0.0238799
0.033158
0.0443545
0.0537308
0.0565787
0.0529382
0.0524973
0.05658
0.0601621
0.0683447
0.082414
0.0920729
0.0945967
0.0950131
0.099265
0.106778
0.112123
0.1116
0.105435
0.101498
0.100963
0.096026
0.0881355
0.0836704
0.0803797
0.0758188
0.0732807
0.0749855
0.0797108
0.0838982
0.0841529
0.0769062
0.0714927
0.074868
0.0781286
0.0773312
0.0768301
0.0723846
0.060818
0.0549199
0.0551484
0.0522603
0.0506963
0.0541038
0.0565236
0.0567405
0.0582447
0.0609555
0.0628178
0.0627619
0.0615968
0.0606815
0.0628949
0.0674458
0.070294
0.0719485
0.0747553
0.0769616
0.0764105
0.0724014
0.0646776
0.0546399
0.0498157
0.046493
0.0359926
0.0238381
0.0167785
0.0141581
0.00950263
-0.000811292
-0.010091
-0.0143036
-0.0166046
-0.0206709
-0.0261149
-0.0281615
-0.0274011
-0.0282154
-0.0313695
-0.0348112
-0.0368303
-0.0391785
-0.0441688
-0.0485296
-0.0509553
-0.0570607
-0.0643521
-0.0662212
-0.0682883
-0.0733642
-0.0745621
-0.0756286
-0.0829927
-0.0930156
-0.0998122
-0.100583
-0.0975725
-0.094256
-0.095304
-0.0980592
-0.09685
-0.0891078
-0.0789771
-0.0761263
-0.0786921
-0.07897
-0.0757107
-0.0720776
-0.0695531
-0.0686995
-0.0699914
-0.0726759
-0.0742336
-0.0748514
-0.0701291
-0.0645333
-0.0568709
-0.0511183
-0.0528527
-0.0573361
-0.059039
-0.0576686
-0.058275
-0.0644639
-0.0718723
-0.0782716
-0.0874643
-0.0935874
-0.0911438
-0.0872239
-0.0864814
-0.0866348
-0.0855509
-0.0835672
-0.0820525
-0.0786791
-0.0671203
-0.0525691
-0.0422732
-0.0367827
-0.0309423
-0.0191938
-0.00561059
0.00418012
0.00980989
0.0144183
0.0205968
0.0278417
0.0342938
0.0371958
0.0372317
0.0379487
0.0437296
0.0534693
0.0540248
0.0378755
0.0195172
0.0205914
0.026173
0.0225331
0.0139602
0.00989197
0.011462
0.013138
0.0100283
0.0013118
-0.00709723
-0.00936709
-0.00222188
0.000498914
-0.00994965
-0.0185946
-0.0187783
-0.0173723
-0.0192203
-0.0233038
-0.028046
-0.0321561
-0.0346289
-0.0321593
-0.0269143
-0.0264532
-0.0255593
-0.015497
-0.00783603
-0.00914293
-0.0107786
-0.00795558
-0.00315898
0.00235527
0.0065553
0.00490977
0.0035532
0.00843539
0.0140296
0.0169961
0.0204853
0.0250252
0.0291883
0.034587
0.041348
0.0479864
0.0532334
0.0565374
0.0573851
0.0546616
0.0462408
0.0394739
0.0399763
0.0425711
0.0422208
0.0384259
0.0336641
0.0294225
0.0261696
0.0238621
0.0247607
0.0263933
0.0251856
0.026462
0.0304577
0.0278644
0.0201993
0.0143181
0.0114728
0.00885558
0.00418058
-0.00251398
-0.00773212
-0.00884374
-0.00803387
-0.00723974
-0.00473949
-0.00225551
-0.00328058
-0.00530042
-0.00549486
-0.00520621
-0.00608291
-0.00757663
-0.00525305
0.00115407
0.00696672
0.00654215
-0.0016777
-0.00336728
0.00576253
0.0137826
0.0121334
0.00215839
-0.00435872
-0.0022881
0.0048971
0.011026
0.0136816
0.00826405
-0.0026963
-0.0101635
-0.0109613
-0.00845207
-0.00674798
-0.00688571
-0.0104516
-0.0151714
-0.0175197
-0.0143525
-0.0080086
-0.00527634
-0.00589683
-0.00544423
-0.00364006
-0.00160197
0.00162478
0.00327621
-4.87689e-05
-0.00439273
-0.00595741
-0.00502551
-0.00484421
-0.00725329
-0.0121564
-0.0195044
-0.026867
-0.0336129
-0.0416169
-0.0472998
-0.0479269
-0.049797
-0.0559226
-0.0627339
-0.0641049
-0.0604354
-0.0652204
-0.0737789
-0.0714757
-0.0618219
-0.0536824
-0.0477556
-0.0413217
-0.0334896
-0.0249976
-0.0166724
-0.00868885
-0.00129747
0.00467496
0.0097377
0.0134659
0.0159997
0.0179125
0.0195647
0.0207699
0.021123
0.0219205
0.0245291
0.0240354
0.0174958
0.0102781
0.00405644
-0.00378842
-0.00819286
-0.00768395
-0.00881759
-0.0137011
-0.0192923
-0.0227084
-0.0236182
-0.0224144
-0.0207354
-0.0191452
-0.0158722
-0.0104118
-0.00374024
0.0020433
0.00575329
0.0101899
0.0160888
0.01833
0.0160494
0.0124674
0.012698
0.0157348
0.0130897
0.00647904
0.00327779
0.00172671
-0.00108485
-5.06045e-05
0.00336053
0.00330502
0.00094573
-0.000817043
-0.00418036
-0.00737391
-0.00609934
-0.00192189
0.00197852
0.00495764
0.00806447
0.0114767
0.0104635
0.00441422
-0.00259876
-0.000679328
0.0162695
0.0270838
0.0222166
0.0140727
0.0128183
0.0170509
0.019899
0.0194153
0.020454
0.0233797
0.0247206
0.0255874
0.0277277
0.0301451
0.0293879
0.0230762
0.0157493
0.0114534
0.0127401
0.0160611
0.0170701
0.0149955
0.0127051
0.0134786
0.0146907
0.012458
0.00955239
0.00875532
0.00908159
0.0081173
0.00537713
0.00651345
0.0117619
0.0142078
0.0133604
0.0125987
0.00880155
0.00328929
0.00530749
0.0121283
0.015974
0.0142839
0.01012
0.00656096
0.00486549
0.0048669
0.00679243
0.0107773
0.0169449
0.0234674
0.0288191
0.0325917
0.0353997
0.0367126
0.0368056
0.0362565
0.0342999
0.0311758
0.0293925
0.0306815
0.035147
0.0393324
0.0415844
0.0436356
0.0467803
0.050571
0.0542513
0.0580043
0.0642773
0.0720168
0.0730044
0.0681104
0.0636682
0.0617466
0.059823
0.0543939
0.048706
0.0477258
0.0470699
0.0437816
0.0437811
0.046899
0.0478854
0.0452991
0.041537
0.041518
0.042179
0.0376088
0.0315756
0.0285793
0.0289535
0.0298923
0.0296588
0.0293686
0.0300802
0.031218
0.0324826
0.0345281
0.0392201
0.0455955
0.0485925
0.0478451
0.0462966
0.0467009
0.049355
0.0545836
0.059271
0.058981
0.0568089
0.0569796
0.0585402
0.0592229
0.0584611
0.0571706
0.0561724
0.0557398
0.0553984
0.0545532
0.0525494
0.0496652
0.0483885
0.0495688
0.0532791
0.0571619
0.0595043
0.0602929
0.0601657
0.0590609
0.0574985
0.0560274
0.0550586
0.0543571
0.0534108
0.0521869
0.050965
0.0499168
0.0492965
0.0511822
0.0549292
0.0555275
0.0519524
0.0464148
0.0413224
0.0367809
0.0315971
0.0257796
0.0203763
0.0172061
0.0154723
0.0121244
0.00673756
0.00124153
-0.000341224
0.000726607
-0.00134937
-0.00560235
-0.0082122
-0.00909092
-0.00954707
-0.0093856
-0.00744808
-0.00397687
-0.00396786
-0.00806166
-0.0118244
-0.0114847
-0.00774821
-0.00536938
-0.00522
-0.00458333
-0.00314923
-0.00205508
0.000139405
0.00259323
0.00120007
-0.000899421
0.000422203
0.00298489
0.00391161
0.0030548
0.00217708
0.00237535
0.00409193
0.00658285
0.00864066
0.00894802
0.00665186
0.00239042
-0.00145388
-0.0018663
-0.00213374
-0.00563074
-0.00998279
-0.0124745
-0.0128783
-0.0115516
-0.00894752
-0.00672452
-0.00545376
-0.0048267
-0.00492739
-0.00570673
-0.00503277
-0.00287043
-0.00152221
-0.00148692
-0.00177051
-0.00185043
-0.00177679
-0.00155276
-0.00127229
-0.00110689
-0.0019587
-0.00337257
-0.00351615
-0.0026641
-0.00211562
-0.00271737
-0.00368325
-0.00343143
-0.00301686
-0.00419066
-0.00577254
-0.00656958
-0.00701925
-0.00736622
-0.00750135
-0.00796442
-0.0090333
-0.0105716
-0.0119866
-0.0129549
-0.0134064
-0.0137542
-0.0146336
-0.0154615
-0.0155736
-0.0153093
-0.0149347
-0.0140803
-0.0136656
-0.0143837
-0.0151934
-0.0155589
-0.0160008
-0.016171
-0.015721
-0.0158577
-0.0167653
-0.0176619
-0.0180029
-0.0179611
-0.0181757
-0.0183976
-0.0179213
-0.0167715
-0.015455
-0.0142764
-0.0130753
-0.0116211
-0.0102106
-0.00921875
-0.00906631
-0.00903129
-0.00821616
-0.0068917
-0.00568045
-0.00508708
-0.00489675
-0.00477304
-0.00456377
-0.00431049
-0.00402348
-0.00384069
-0.00395793
-0.00392219
-0.00337521
-0.00261115
-0.00207173
-0.00196176
-0.0021223
-0.00233688
-0.0024414
-0.00255916
-0.00296452
-0.00368038
-0.00456863
-0.00559493
-0.00665802
-0.00764816
-0.00838574
-0.0088321
-0.00918051
-0.0096953
-0.0104709
-0.0111711
-0.0115374
-0.011544
-0.0117196
-0.012428
-0.0128888
-0.0129009
-0.0132482
-0.0136769
-0.0136018
-0.0131999
-0.012922
-0.0129595
-0.0129155
-0.0125229
-0.0121045
-0.0118746
-0.0117527
-0.0115223
-0.0111285
-0.0107444
-0.0104178
-0.0100273
-0.00970876
-0.00958
-0.00941704
-0.00915003
-0.00891425
-0.00878401
-0.008716
-0.00862547
-0.00850753
-0.00841273
-0.008363
-0.00834216
-0.00833055
-0.00828192
-0.00813294
-0.00798838
-0.00794622
-0.00798133
-0.00800194
-0.00795344
-0.00780977
-0.00760622
-0.00749651
-0.00748185
-0.00746971
-0.00743084
-0.00739261
-0.00736143
-0.00732369
-0.00725769
-0.00718232
-0.00711294
-0.00700963
-0.0068952
-0.00683405
-0.00681134
-0.00678336
-0.00674059
-0.00670178
-0.00668302
-0.00667885
-0.00668042
-0.00670599
-0.00675099
-0.00678379
-0.00681804
-0.00686404
-0.00685112
-0.00679053
-0.00674244
-0.00674202
-0.00677204
-0.00677472
-0.00674951
-0.0067348
-0.00674315
-0.00676212
-0.00678566
-0.00680012
-0.00679485
-0.00678346
-0.00677777
-0.0067775
-0.00677305
-0.0067592
-0.00675232
-0.00676058
-0.00676628
-0.00675323
-0.00672287
-0.00670912
-0.00671701
-0.00671651
-0.00669823
-0.00667408
-0.00665251
-0.00663468
-0.00662087
-0.0066065
-0.00658796
-0.0065646
-0.0065407
-0.00652182
-0.00650207
-0.00647644
-0.00645129
-0.00642994
-0.00640881
-0.0063857
-0.00636176
-0.00633909
-0.0063176
-0.00629562
-0.00627256
-0.00624942
-0.00622822
-0.00620919
-0.00619133
-0.00617563
-0.00616312
-0.00614916
-0.00613321
-0.00612136
-0.00611336
-0.00610507
-0.0060954
-0.00608693
-0.00608151
-0.0060755
-0.00606654
-0.006056
-0.00604609
-0.00603739
-0.00603003
-0.00602356
-0.00601656
-0.0060092
-0.00600245
-0.00599661
-0.0059911
-0.00598509
-0.00597894
-0.00597335
-0.00596849
-0.00596382
-0.00595851
-0.00595303
-0.00594816
-0.00594365
-0.00593912
-0.00593458
-0.00593018
-0.00592599
-0.00592202
-0.00591826
-0.00591479
-0.00591158
-0.00590856
-0.00590572
-0.00590306
-0.00590056
-0.00589824
-0.00589614
-0.00589432
-0.00589278
-0.00589145
-0.00589026
-0.00588921
-0.00588835
-0.00588772
-0.00588732
-0.00588711
-0.00588708
-0.00588722
-0.00588755
-0.00588806
-0.00588875
-0.0058896
-0.00589063
-0.00589184
-0.00589323
-0.00589479
-0.00589652
-0.00589842
-0.0059005
-0.00590276
-0.00590519
-0.00590779
-0.00591056
-0.00591351
-0.00591663
-0.00591992
-0.00592338
-0.00592701
-0.00593081
-0.00593478
-0.00593892
-0.00594323
-0.00594771
-0.00595235
-0.00595717
-0.00596214
-0.00596729
-0.0059726
-0.00597807
-0.00598371
-0.00598951
-0.00599547
-0.0060016
0
0
0
0
