0.0250778
0.0258082
0.0264304
0.0271785
0.0277654
0.0282992
0.0284238
0.028418
0.028138
0.0282422
0.0290352
0.0301444
0.0308221
0.0310656
0.0309054
0.0306691
0.0308006
0.0323436
0.0340206
0.0361732
0.0383947
0.0395719
0.0375144
0.0351865
0.0336864
0.0337079
0.0357347
0.0388404
0.0412846
0.0447526
0.046413
0.0454346
0.0448287
0.046307
0.0458686
0.0446129
0.0432389
0.0441739
0.0470252
0.0498771
0.047058
0.0372687
0.0304785
0.0324962
0.0405854
0.0497867
0.0556377
0.0584469
0.0618561
0.0604557
0.0514798
0.0475786
0.0503445
0.0571926
0.0630757
0.0687721
0.067547
0.0545119
0.0486149
0.0468067
0.0483657
0.0533309
0.0526503
0.0451357
0.0305727
0.0212834
0.0208547
0.0241192
0.0326764
0.0570821
0.0714098
0.0781883
0.0736753
0.0632185
0.0497977
0.0421179
0.037385
0.0255081
0.0225149
0.0337423
0.0392768
0.0332305
0.0333133
0.045436
0.0636054
0.0611508
0.0502538
0.0371218
0.0163652
0.00878047
0.019494
0.041887
0.0560765
0.0458614
0.03096
0.042936
0.0599811
0.0385767
-0.00959378
-0.035984
-0.0249733
0.0142216
0.0378012
0.0298727
-0.00113227
-0.0511349
-0.0755281
-0.0769486
-0.0613694
-0.0261118
0.00751604
0.0357156
0.0418152
0.0425506
0.0653965
0.0845428
0.0929909
0.104609
0.104882
0.0991902
0.0619807
0.014532
-0.0181133
-0.0361227
-0.066689
-0.0661554
-0.0711847
-0.0893665
-0.0906255
-0.0859831
-0.0526941
0.00632766
0.0619558
0.105918
0.109953
0.0770393
0.0113551
-0.0490486
-0.106312
-0.15046
-0.189767
-0.21566
-0.215365
-0.208788
-0.171574
-0.137607
-0.120079
-0.0961287
-0.0783237
-0.0682711
-0.042949
-0.0371604
-0.0828902
-0.116503
-0.0843294
-0.0342178
-0.0239713
-0.0483363
-0.0453052
-0.0288961
-0.0150623
-0.0118456
-0.0317692
-0.0291274
-0.0540044
-0.0985151
-0.14334
-0.149905
-0.121335
-0.0992225
-0.0894755
-0.108683
-0.13778
-0.181592
-0.215128
-0.221126
-0.207527
-0.161293
-0.0946112
0.00526949
0.0705624
0.102182
0.0965026
0.0553643
0.0263669
0.0617207
0.071211
0.0495967
0.00449364
-0.0731515
-0.14238
-0.156958
-0.132054
-0.12819
-0.118804
-0.153756
-0.206721
-0.217823
-0.21802
-0.205365
-0.167652
-0.0961022
-0.00254914
0.0799869
0.137637
0.207644
0.252749
0.222786
0.153556
0.117031
0.116439
0.136187
0.113523
0.0537203
-0.0489741
-0.118369
-0.156819
-0.185291
-0.18903
-0.193448
-0.166251
-0.15699
-0.20255
-0.25571
-0.274316
-0.254378
-0.210076
-0.108383
0.00314171
0.0824143
0.0768015
-0.00709442
-0.0662458
-0.0345521
0.0738926
0.166607
0.182341
0.14747
0.0536284
-0.0367003
-0.0812582
-0.116902
-0.152977
-0.154168
-0.145548
-0.1229
-0.104861
-0.0887783
-0.0394026
-0.0115021
-0.0262757
-0.0194871
0.0257051
0.121439
0.259163
0.364513
0.429801
0.41872
0.342535
0.272073
0.16958
0.131999
0.152373
0.176493
0.187418
0.150344
0.0771713
0.0232935
0.0263443
0.0604062
0.0968122
0.156719
0.196244
0.230849
0.257684
0.261696
0.245504
0.190391
0.162432
0.11111
0.0348566
-0.0146337
-0.0158684
-0.0160392
0.00502949
-0.0182993
-0.119183
-0.229992
-0.280907
-0.305623
-0.29214
-0.244361
-0.172441
-0.145848
-0.146019
-0.122454
-0.0566924
-0.000838543
-0.0320333
-0.0285435
0.00499438
-0.052276
-0.0839287
-0.0796763
-0.0472677
0.0247469
0.0799551
0.0713773
0.0234124
-0.0525937
-0.099477
-0.178073
-0.153549
-0.0640954
0.00316733
0.0429926
-0.0197547
-0.158598
-0.237287
-0.224655
-0.205211
-0.187846
-0.207762
-0.180434
-0.0762241
0.0559999
0.206748
0.339781
0.416667
0.481826
0.478706
0.381831
0.281175
0.265824
0.280491
0.252739
0.162291
0.0232107
-0.133266
-0.249462
-0.291918
-0.358468
-0.434502
-0.464784
-0.475809
-0.43902
-0.38539
-0.383098
-0.413591
-0.472006
-0.490059
-0.44261
-0.374896
-0.281663
-0.178934
-0.0242667
0.0892243
0.139329
0.102711
-0.0457963
-0.211237
-0.314045
-0.416566
-0.520336
-0.560066
-0.56114
-0.518003
-0.399088
-0.234255
-0.0655795
0.159693
0.361122
0.449483
0.484081
0.557895
0.640574
0.664926
0.637537
0.625187
0.652659
0.633988
0.613091
0.595647
0.578866
0.575533
0.622645
0.631913
0.616181
0.569837
0.488602
0.37038
0.215508
0.0581242
-0.0481968
-0.15643
-0.220179
-0.288864
-0.353152
-0.379028
-0.411843
-0.427693
-0.391507
-0.286827
-0.17661
-0.0941932
-0.0761363
-0.132979
-0.200303
-0.244667
-0.27946
-0.35257
-0.43488
-0.480756
-0.489487
-0.482013
-0.492182
-0.49419
-0.526493
-0.564749
-0.573628
-0.611052
-0.613073
-0.507106
-0.392592
-0.31358
-0.22196
-0.144641
-0.0901547
-0.0608937
-0.041924
-0.0369073
-0.0387134
-0.0484465
-0.14084
-0.277724
-0.295739
-0.158196
0.0363895
0.194149
0.308719
0.421681
0.450607
0.409379
0.308029
0.205795
0.125785
0.050142
-0.0112876
-0.041091
-0.103183
-0.131245
-0.112106
-0.0387722
0.0711357
0.189733
0.275505
0.304725
0.362928
0.470572
0.586816
0.65727
0.646538
0.561785
0.420207
0.271404
0.155765
0.0303291
-0.0784757
-0.127719
-0.0807809
0.0214172
0.12502
0.160514
0.211589
0.233866
0.213746
0.189626
0.192694
0.210329
0.281789
0.392541
0.464069
0.486876
0.49377
0.465767
0.401807
0.308116
0.265322
0.245074
0.198225
0.164066
0.112863
0.0314055
0.019154
0.0189801
0.0057107
0.0122459
0.00892366
-0.0524731
-0.152523
-0.159969
-0.0539275
0.0164221
0.0336617
0.0917632
0.130231
0.181986
0.257421
0.303879
0.302023
0.242449
0.221961
0.242733
0.324709
0.474324
0.599857
0.665417
0.70673
0.708501
0.65914
0.588331
0.569533
0.508445
0.374772
0.206199
0.0315522
-0.080968
-0.137312
-0.157984
-0.138432
-0.0635314
0.00564684
0.0271949
0.0487885
0.0735615
0.0949721
0.037251
-0.140335
-0.32474
-0.473752
-0.572504
-0.610915
-0.533191
-0.378835
-0.238162
-0.143869
-0.0954056
-0.093093
-0.0952529
-0.108414
-0.187353
-0.336097
-0.519587
-0.679477
-0.798585
-0.844871
-0.867433
-0.828682
-0.733826
-0.587794
-0.451756
-0.333585
-0.159397
0.0260232
0.214349
0.378265
0.494157
0.531331
0.52258
0.528952
0.559883
0.579326
0.554232
0.440117
0.229214
0.0294868
-0.0680613
-0.111229
-0.15964
-0.221036
-0.305982
-0.351249
-0.331567
-0.191653
0.00492132
0.140481
0.115588
-0.0825698
-0.326864
-0.53963
-0.655034
-0.724901
-0.747141
-0.746319
-0.735412
-0.682752
-0.509436
-0.277121
-0.0617557
0.123885
0.275717
0.250732
0.122485
-0.0293344
-0.213007
-0.365144
-0.471553
-0.526439
-0.565644
-0.559628
-0.470233
-0.258431
0.0341109
0.321535
0.535839
0.652302
0.684686
0.6668
0.601285
0.497554
0.408668
0.333984
0.29081
0.255461
0.22946
0.213626
0.166843
0.142612
0.123402
0.0303597
-0.0744293
-0.18195
-0.270154
-0.296731
-0.223849
-0.0986631
0.0226892
0.153522
0.329034
0.47464
0.59894
0.717231
0.728791
0.658179
0.533092
0.351711
0.146668
-0.022981
-0.149806
-0.301541
-0.50563
-0.666487
-0.731725
-0.761067
-0.793296
-0.817927
-0.829064
-0.850581
-0.905251
-0.921808
-0.899534
-0.849054
-0.742802
-0.599844
-0.480271
-0.427594
-0.421934
-0.432607
-0.360775
-0.262946
-0.145227
-0.0484568
0.0440913
0.123041
0.176806
0.160971
0.139586
0.1103
0.0868159
0.103961
0.186856
0.2921
0.434935
0.614682
0.766118
0.925117
1.10821
1.23071
1.3017
1.34522
1.28153
1.16024
1.00479
0.91895
0.872409
0.878218
0.886693
0.805648
0.640048
0.467623
0.309782
0.217876
0.146724
0.11856
0.112221
0.177709
0.297437
0.34612
0.311009
0.168512
-0.0311593
-0.210866
-0.322999
-0.381802
-0.412634
-0.4547
-0.496415
-0.535829
-0.576115
-0.585023
-0.522501
-0.408344
-0.255786
-0.14715
-0.107282
-0.0775631
-0.0835892
-0.0971184
-0.070509
-0.0331189
0.031824
0.0677904
0.0644472
0.0130233
-0.0505334
-0.0660974
-0.0507081
0.0298298
0.162215
0.320313
0.446278
0.532701
0.574457
0.633997
0.699937
0.74682
0.73341
0.666153
0.650485
0.673688
0.670487
0.698486
0.733059
0.747888
0.73831
0.747714
0.727803
0.628663
0.464446
0.229202
-0.0776739
-0.396777
-0.684908
-0.897349
-1.00365
-1.01928
-0.988382
-0.942555
-0.874546
-0.806662
-0.686802
-0.572996
-0.477215
-0.465257
-0.451227
-0.409544
-0.459762
-0.564759
-0.661987
-0.713827
-0.696966
-0.666525
-0.685584
-0.774544
-0.87433
-0.926607
-0.956019
-0.96851
-0.915471
-0.809241
-0.698775
-0.582064
-0.480578
-0.397622
-0.413718
-0.521595
-0.605059
-0.656242
-0.659866
-0.550217
-0.308468
-0.0600267
0.116291
0.234265
0.325363
0.417178
0.468122
0.438308
0.285291
0.093675
-0.077416
-0.28848
-0.535728
-0.666687
-0.744865
-0.786588
-0.82839
-0.840405
-0.794691
-0.698211
-0.524448
-0.330185
-0.164809
-0.0197065
0.071527
0.056324
0.0526956
0.0962047
0.119299
0.0470471
-0.0741995
-0.173599
-0.232502
-0.240684
-0.30319
-0.468076
-0.651794
-0.803238
-0.916711
-0.950251
-0.923774
-0.868485
-0.807193
-0.698347
-0.563458
-0.462133
-0.445673
-0.484013
-0.497568
-0.467337
-0.379959
-0.281373
-0.188249
-0.155875
-0.206982
-0.251962
-0.235819
-0.228967
-0.231936
-0.269146
-0.334467
-0.420711
-0.501463
-0.560198
-0.537021
-0.444489
-0.34926
-0.344574
-0.383476
-0.413341
-0.401715
-0.321444
-0.249147
-0.241939
-0.162333
-0.0296927
0.105333
0.20202
0.241607
0.263148
0.253918
0.201735
0.17347
0.150627
0.118808
0.0710677
-0.0641285
-0.231231
-0.332607
-0.365757
-0.39509
-0.452501
-0.460549
-0.423307
-0.367349
-0.33576
-0.368941
-0.473995
-0.63432
-0.752826
-0.826284
-0.853441
-0.858122
-0.852907
-0.832802
-0.788378
-0.720859
-0.69083
-0.768548
-0.796855
-0.738812
-0.652831
-0.496516
-0.345589
-0.217564
-0.114513
-0.00294995
0.104933
0.212931
0.276678
0.329039
0.410434
0.484526
0.655409
0.859669
1.01319
1.14164
1.25352
1.3501
1.42939
1.50056
1.57741
1.60939
1.5677
1.49758
1.43307
1.42344
1.47077
1.53019
1.60388
1.68987
1.74159
1.75701
1.7466
1.71882
1.66518
1.64582
1.66894
1.71895
1.78099
1.93921
2.10685
2.20463
2.30318
2.41067
2.434
2.33783
2.19298
2.02313
1.91015
1.88309
1.85223
1.84685
1.8915
1.9163
1.87558
1.81153
1.77346
1.8365
1.91271
1.95369
1.97601
1.96166
1.92582
1.86693
1.859
1.91545
1.9675
1.98962
1.99726
1.96185
1.95916
1.97257
1.98023
2.00705
2.01022
2.03532
2.20321
2.44035
2.6829
2.8588
2.81863
2.4624
1.81812
0.936433
0.0196872
-0.725113
-1.11225
-1.21049
-1.14324
-0.980955
-0.782393
-0.623961
-0.56945
-0.643911
-0.729617
-0.829537
-0.951028
-1.08329
-1.24375
-1.37068
-1.46467
-1.51352
-1.56652
-1.64482
-1.69204
-1.7479
-1.83216
-1.9332
-2.09069
-2.28371
-2.42701
-2.49245
-2.51202
-2.54884
-2.59576
-2.6611
-2.82365
-2.98763
-3.0541
-3.03483
-2.88271
-2.52554
-1.96861
-1.24951
-0.469104
0.192793
0.639258
0.837007
0.858072
0.776301
0.651154
0.560904
0.481285
0.380517
0.237502
0.0911041
-0.01825
-0.101332
-0.0621155
0.0415119
0.142003
0.175857
0.135259
0.0324291
-0.0767287
-0.11356
-0.105481
-0.153088
-0.238743
-0.314129
-0.39221
-0.482813
-0.513517
-0.546451
-0.577876
-0.641882
-0.767865
-0.869204
-0.914738
-0.890484
-0.776289
-0.589101
-0.338091
-0.0447919
0.206482
0.395661
0.517425
0.578184
0.631737
0.665582
0.683398
0.640953
0.591152
0.607997
0.624888
0.632004
0.550377
0.441193
0.334267
0.243817
0.103958
-0.099693
-0.290783
-0.457819
-0.675842
-0.873434
-1.00002
-1.13367
-1.21301
-1.24259
-1.31778
-1.37211
-1.43056
-1.48754
-1.59951
-1.78609
-1.9334
-2.07681
-2.21864
-2.32723
-2.36999
-2.36202
-2.3036
-2.27437
-2.3602
-2.4441
-2.45564
-2.44804
-2.45072
-2.44538
-2.40797
-2.34754
-2.28016
-2.18382
-2.07883
-2.0533
-2.10169
-2.15331
-2.17589
-2.19525
-2.2086
-2.16813
-2.2094
-2.24592
-2.23237
-2.20569
-2.18333
-2.17208
-2.16239
-2.13283
-2.08936
-2.10835
-2.20587
-2.23469
-2.18306
-2.11411
-2.02357
-1.90881
-1.8246
-1.77891
-1.7573
-1.82458
-1.98247
-2.20339
-2.43485
-2.6631
-2.8534
-2.8885
-2.69782
-2.29518
-1.77311
-1.21464
-0.707545
-0.362278
-0.16951
-0.115705
-0.200132
-0.326436
-0.409976
-0.506907
-0.568103
-0.535229
-0.381942
-0.151743
0.158363
0.53558
0.942618
1.38747
1.82118
2.20855
2.535
2.79775
2.98699
3.07615
3.06999
2.99471
2.90613
2.8905
2.9444
3.04829
3.18017
3.33444
3.45977
3.50272
3.41542
3.34742
3.35867
3.40552
3.3781
3.31226
3.21664
3.12564
3.1132
3.13864
3.25309
3.44455
3.61069
3.66081
3.64934
3.65075
3.657
3.70326
3.7998
3.91603
4.0586
4.2028
4.27425
4.28492
4.28785
4.3106
4.32039
4.31057
4.28309
4.24059
4.23035
4.28646
4.38651
4.48912
4.56843
4.56647
4.50033
4.39016
4.29348
4.22783
4.06825
3.86632
3.70881
3.59666
3.48759
3.41004
3.32832
3.21103
3.02152
2.87918
2.80011
2.74791
2.70495
2.68213
2.62991
2.53393
2.39118
2.19988
1.999
1.80055
1.52909
1.25217
1.05038
0.890677
0.776788
0.664679
0.556618
0.420112
0.222076
0.0650153
-0.0606699
-0.155523
-0.164243
-0.169422
-0.207191
-0.257524
-0.34407
-0.481014
-0.665681
-0.79766
-0.846908
-0.893629
-1.03364
-1.23471
-1.43957
-1.61058
-1.79211
-1.97051
-2.12901
-2.22823
-2.33359
-2.45674
-2.61546
-2.7725
-2.83277
-2.8764
-2.99674
-3.11737
-3.25737
-3.38794
-3.44261
-3.47414
-3.51138
-3.56724
-3.59883
-3.63214
-3.70508
-3.78954
-3.84976
-3.88048
-3.93467
-4.00482
-4.06945
-4.14637
-4.20959
-4.3608
-4.57341
-4.73288
-4.80271
-4.79094
-4.78355
-4.79108
-4.75357
-4.69948
-4.69214
-4.71656
-4.68769
-4.60398
-4.53755
-4.5397
-4.56109
-4.50555
-4.38957
-4.2619
-4.16061
-4.05399
-3.95794
-3.85715
-3.7506
-3.64028
-3.5404
-3.45501
-3.446
-3.50445
-3.5331
-3.49691
-3.4409
-3.36871
-3.23584
-3.12253
-2.96602
-2.84868
-2.73291
-2.55763
-2.38442
-2.16631
-1.84899
-1.52127
-1.22726
-0.922018
-0.656059
-0.485077
-0.383092
-0.288133
-0.166523
-0.0373805
0.0631586
0.150247
0.194077
0.209893
0.198188
0.166487
0.160275
0.192483
0.229794
0.307533
0.429123
0.518832
0.587515
0.684694
0.774033
0.827742
0.842855
0.847725
0.865555
0.880357
0.802997
0.665587
0.537375
0.483259
0.472122
0.445588
0.435709
0.460198
0.490078
0.474054
0.41405
0.369283
0.280365
0.239175
0.259342
0.383268
0.551334
0.711134
0.875862
0.932625
0.953274
0.911106
0.836535
0.756221
0.736662
0.741855
0.790081
0.832823
0.912007
1.03819
1.20728
1.39708
1.57162
1.69513
1.82903
1.96515
2.05031
2.11485
2.15732
2.23239
2.38666
2.54846
2.66012
2.75953
2.96048
3.24784
3.56557
3.8687
4.17582
4.47088
4.70836
4.92504
5.14304
5.32927
5.46304
5.42164
5.17019
4.84948
4.56681
4.37601
4.22991
4.08202
3.95117
3.83114
3.63696
3.37449
3.00968
2.58462
2.10284
1.47208
0.777826
0.162528
-0.416608
-0.985724
-1.40169
-1.5564
-1.48599
-1.18349
-0.662779
0.00271836
0.651827
1.16246
1.46127
1.47537
1.27334
0.949063
0.528388
0.113517
-0.226936
-0.409902
-0.400804
-0.201959
0.102517
0.4339
0.772631
1.10116
1.32654
1.33078
1.17398
0.949233
0.743193
0.609147
0.537959
0.563358
0.634058
0.622124
0.509298
0.317265
0.10227
-0.108192
-0.243779
-0.341206
-0.368842
-0.294302
-0.179258
-0.114603
-0.0416159
0.0759884
0.124362
0.0736552
-0.0205748
-0.148276
-0.279327
-0.338851
-0.319089
-0.36565
-0.466659
-0.543625
-0.538761
-0.521561
-0.488231
-0.406931
-0.278861
-0.157545
-0.0349285
0.116716
0.274473
0.411088
0.563208
0.714389
0.819093
0.845663
0.762972
0.630833
0.380883
0.0755566
-0.235893
-0.453838
-0.622187
-0.755299
-0.836098
-0.795598
-0.677914
-0.528084
-0.386675
-0.231459
-0.133661
-0.137192
-0.175497
-0.225038
-0.246084
-0.269812
-0.309385
-0.35825
-0.399974
-0.417987
-0.366746
-0.325352
-0.33948
-0.32371
-0.253688
-0.199148
-0.157636
-0.14863
-0.177057
-0.222373
-0.302798
-0.363625
-0.407194
-0.468481
-0.56886
-0.660484
-0.677083
-0.633567
-0.548252
-0.467238
-0.406533
-0.369963
-0.330864
-0.326306
-0.33171
-0.337408
-0.311162
-0.342338
-0.397929
-0.384378
-0.345223
-0.302837
-0.258828
-0.189867
-0.172375
-0.208235
-0.257389
-0.310695
-0.419207
-0.507664
-0.530365
-0.552698
-0.628225
-0.746279
-0.868142
-0.992951
-1.08199
-1.14039
-1.17414
-1.14058
-1.07981
-1.06021
-1.08802
-1.13582
-1.20822
-1.31442
-1.42913
-1.57461
-1.70933
-1.74667
-1.70228
-1.67882
-1.68725
-1.71795
-1.80609
-1.95529
-2.10812
-2.15329
-2.16023
-2.15799
-2.15765
-2.18574
-2.17417
-2.10532
-2.00526
-1.88255
-1.74819
-1.52859
-1.20139
-0.81224
-0.416364
-0.0631327
0.0737382
0.0793229
0.00185213
-0.157059
-0.355962
-0.555232
-0.766518
-0.941763
-1.01241
-0.971239
-0.874295
-0.742861
-0.561792
-0.420089
-0.408927
-0.497092
-0.581335
-0.704926
-0.851758
-0.957036
-0.942584
-0.842953
-0.683766
-0.541067
-0.496685
-0.505162
-0.479593
-0.4359
-0.357216
-0.22953
-0.0639326
0.0711001
0.157914
0.20232
0.206654
0.207755
0.242115
0.298375
0.337022
0.322547
0.306347
0.314618
0.332724
0.417002
0.540373
0.65421
0.726259
0.789834
0.787294
0.726587
0.654811
0.582377
0.494955
0.429086
0.438155
0.558923
0.693565
0.771703
0.797255
0.807157
0.77837
0.780849
0.82147
0.811548
0.784439
0.770251
0.833949
0.936584
1.04584
1.1365
1.1732
1.14632
1.06359
0.933479
0.775941
0.673092
0.694417
0.760136
0.826418
0.881255
0.966669
1.10816
1.23838
1.36491
1.48944
1.60383
1.66778
1.64392
1.59778
1.58363
1.62559
1.63358
1.61337
1.57299
1.51117
1.49117
1.50001
1.47928
1.42315
1.32651
1.19531
1.03682
0.868653
0.721252
0.654064
0.597378
0.555313
0.534575
0.500767
0.396661
0.237289
0.0950188
-0.0160254
-0.153594
-0.244751
-0.287663
-0.330881
-0.345434
-0.316907
-0.281095
-0.250139
-0.203965
-0.119374
-0.0661999
-0.105713
-0.176192
-0.270746
-0.415277
-0.51455
-0.56363
-0.551221
-0.491095
-0.425308
-0.386643
-0.355352
-0.333246
-0.349665
-0.399861
-0.451569
-0.472763
-0.504869
-0.539399
-0.566929
-0.638346
-0.690283
-0.674167
-0.635266
-0.595088
-0.574933
-0.506642
-0.472251
-0.523297
-0.551469
-0.493713
-0.408494
-0.38746
-0.344348
-0.274138
-0.256331
-0.220845
-0.165293
-0.173882
-0.298997
-0.416702
-0.478802
-0.512416
-0.486997
-0.437735
-0.446208
-0.460902
-0.430846
-0.347064
-0.216468
-0.0890123
-0.0179345
-0.0210927
-0.0463599
-0.104065
-0.171581
-0.216642
-0.277099
-0.330022
-0.381686
-0.384661
-0.339541
-0.279724
-0.242109
-0.257622
-0.304694
-0.364547
-0.310666
-0.204916
-0.106737
-0.000324725
0.157626
0.280971
0.298781
0.213398
0.122071
0.0628332
0.0463412
0.056173
0.0550701
0.0124846
0.0270691
0.0522559
0.0805557
0.131103
0.163596
0.126668
0.0739862
0.0973255
0.0866986
0.0515793
0.0934554
0.207442
0.330361
0.375153
0.359022
0.322018
0.27767
0.23947
0.204205
0.221417
0.275559
0.336963
0.356495
0.320642
0.262672
0.198484
0.138449
0.118505
0.0656339
0.0538627
0.101316
0.178913
0.221405
0.250359
0.327612
0.40733
0.403048
0.395338
0.453827
0.496837
0.543898
0.669541
0.76846
0.792383
0.819307
0.833356
0.862059
0.944775
1.05893
1.17092
1.2336
1.22812
1.1735
1.12308
1.09879
1.07619
1.02656
0.947435
0.897114
0.831412
0.793132
0.792287
0.794134
0.768764
0.704586
0.607098
0.476657
0.355531
0.317994
0.305591
0.252156
0.169632
0.137812
0.133651
0.134513
0.12243
0.0775139
0.031029
-0.0113288
-0.0345561
-0.0218103
0.0159397
0.0401333
-0.0315477
-0.192702
-0.329933
-0.380254
-0.37042
-0.323857
-0.208693
-0.168979
-0.249785
-0.318845
-0.376228
-0.374082
-0.341818
-0.296676
-0.255792
-0.227474
-0.266264
-0.350518
-0.466658
-0.535853
-0.531184
-0.491672
-0.450974
-0.373689
-0.397286
-0.431771
-0.37863
-0.343123
-0.390142
-0.494539
-0.561204
-0.590035
-0.59143
-0.537782
-0.459313
-0.401107
-0.39881
-0.463348
-0.579644
-0.702393
-0.69688
-0.657882
-0.628709
-0.604252
-0.574346
-0.514358
-0.46153
-0.437973
-0.460319
-0.516672
-0.525954
-0.525146
-0.50936
-0.462719
-0.415782
-0.357
-0.311585
-0.292745
-0.233076
-0.196524
-0.216385
-0.241195
-0.25791
-0.27369
-0.262845
-0.23386
-0.232253
-0.254113
-0.303097
-0.309764
-0.296791
-0.250806
-0.227254
-0.181087
-0.122624
-0.0966966
-0.153794
-0.22287
-0.238066
-0.250214
-0.321561
-0.335412
-0.268868
-0.201055
-0.208747
-0.252182
-0.290404
-0.301567
-0.286699
-0.239104
-0.120302
0.0352589
0.137702
0.177301
0.1715
0.126801
0.100219
0.0981832
0.0684665
0.0332137
0.0274603
0.0440518
0.0707629
0.0643265
0.0335346
0.0175392
-0.00718434
-0.0400263
-0.05867
-0.0472984
-0.0162695
0.0112378
0.0468051
0.0536271
0.0232949
-0.0381238
-0.0756977
-0.0771208
-0.0851013
-0.0595262
-0.0598612
-0.062671
-0.11622
-0.174281
-0.216607
-0.298886
-0.341864
-0.365393
-0.348101
-0.315779
-0.351501
-0.43817
-0.538508
-0.598834
-0.62206
-0.635312
-0.677339
-0.751038
-0.807557
-0.81464
-0.820894
-0.877685
-0.950087
-0.923406
-0.90665
-0.90564
-0.879885
-0.834087
-0.790612
-0.761365
-0.682394
-0.615874
-0.56258
-0.472471
-0.393714
-0.383205
-0.386835
-0.38731
-0.414173
-0.438008
-0.416351
-0.408084
-0.435814
-0.423492
-0.405551
-0.438759
-0.477666
-0.478661
-0.500144
-0.55645
-0.596354
-0.630793
-0.643581
-0.622119
-0.586344
-0.560262
-0.543834
-0.551102
-0.611815
-0.709476
-0.771026
-0.769999
-0.768854
-0.787337
-0.80578
-0.754905
-0.668955
-0.568361
-0.488066
-0.445363
-0.420765
-0.364202
-0.293453
-0.201825
-0.148056
-0.10883
-0.0514448
-0.00311406
0.0168366
0.0618495
0.101879
0.173215
0.208193
0.170768
0.0718185
0.0280205
0.0121821
0.022042
0.0718121
0.101856
0.100106
0.150431
0.24344
0.320199
0.404028
0.495333
0.560327
0.561733
0.561661
0.571235
0.589828
0.566538
0.558976
0.546421
0.502325
0.47505
0.483766
0.534666
0.622015
0.688039
0.702524
0.693078
0.744914
0.84792
0.947987
1.00387
1.0446
1.05839
1.04901
1.09957
1.16608
1.21381
1.2953
1.38305
1.43557
1.47749
1.55309
1.63624
1.67695
1.64624
1.55268
1.3885
1.2187
1.0541
0.94799
0.897387
0.912517
0.926372
0.931518
0.970911
1.07269
1.15936
1.19705
1.23319
1.26303
1.27469
1.23071
1.15068
1.09666
1.14072
1.25961
1.39013
1.4726
1.44174
1.36618
1.29646
1.23776
1.24071
1.25755
1.32336
1.35709
1.29093
1.23842
1.24526
1.27814
1.29237
1.20744
1.08894
0.911346
0.695988
0.50626
0.35685
0.237149
0.167968
0.158132
0.14862
0.147864
0.185221
0.176667
0.152216
0.105425
0.0713723
0.0691743
0.0872617
0.118033
0.172428
0.205627
0.161123
0.0842809
-0.0293241
-0.153341
-0.193804
-0.153398
-0.103721
-0.0607318
-0.0236277
0.0100279
0.0161106
-0.0312388
-0.0987102
-0.127838
-0.191032
-0.271416
-0.289571
-0.291049
-0.272128
-0.186983
-0.134983
-0.0898444
-0.126703
-0.197467
-0.208035
-0.188109
-0.234131
-0.349493
-0.435989
-0.474238
-0.500103
-0.486878
-0.483048
-0.464389
-0.415716
-0.40063
-0.371342
-0.389064
-0.43509
-0.493535
-0.543216
-0.509741
-0.432796
-0.390493
-0.343038
-0.334543
-0.379814
-0.472392
-0.603644
-0.743311
-0.771997
-0.679848
-0.50141
-0.349242
-0.33333
-0.404099
-0.555793
-0.727188
-0.847425
-0.891559
-0.897061
-0.888702
-0.85086
-0.833774
-0.905648
-1.00663
-1.08482
-1.13871
-1.15057
-1.10598
-1.01889
-0.981257
-0.959299
-0.912471
-0.896683
-0.906761
-0.913634
-0.935375
-0.992511
-1.09741
-1.18236
-1.18571
-1.16317
-1.16378
-1.19235
-1.15104
-1.04398
-0.975871
-0.887392
-0.785573
-0.758258
-0.795057
-0.828501
-0.819148
-0.77985
-0.725613
-0.641296
-0.558494
-0.529271
-0.498846
-0.487238
-0.50879
-0.485344
-0.42684
-0.423865
-0.44587
-0.458448
-0.469669
-0.497248
-0.523182
-0.542783
-0.541403
-0.501043
-0.427238
-0.407586
-0.423197
-0.431814
-0.46114
-0.504373
-0.490905
-0.362565
-0.179674
-0.0412155
0.0656228
0.174081
0.206728
0.156115
0.0881841
0.0642446
0.0723284
0.108584
0.173563
0.191398
0.210589
0.217374
0.249946
0.291579
0.313436
0.341234
0.334841
0.353374
0.33048
0.268995
0.295723
0.38645
0.470793
0.495864
0.505171
0.478968
0.486969
0.503106
0.423689
0.279085
0.179412
0.150597
0.182185
0.23115
0.351653
0.456533
0.520064
0.563483
0.578906
0.581277
0.599764
0.637113
0.669605
0.728405
0.836139
0.873633
0.893806
0.909008
0.976779
1.02666
1.06694
1.07511
1.03405
0.967759
0.960154
1.01687
1.00807
0.902609
0.759443
0.688712
0.66504
0.62835
0.649215
0.664886
0.709845
0.824616
0.905116
0.908222
0.893469
0.887488
0.866177
0.843689
0.788358
0.64879
0.458961
0.305621
0.220388
0.182575
0.100346
-0.0306802
-0.151683
-0.17078
-0.0554453
0.0582357
0.0930914
0.0487581
-0.0131891
-0.0798909
-0.179246
-0.25419
-0.310495
-0.365771
-0.374747
-0.322503
-0.258985
-0.18482
-0.183542
-0.24729
-0.253456
-0.171416
-0.110827
-0.122057
-0.143914
-0.143106
-0.158059
-0.189324
-0.227441
-0.270013
-0.319843
-0.273595
-0.195971
-0.128534
-0.130291
-0.15746
-0.165783
-0.217849
-0.245466
-0.236966
-0.176911
-0.10053
-0.0884492
-0.10581
-0.125612
-0.125747
-0.138961
-0.162468
-0.171419
-0.166826
-0.130242
-0.0856657
-0.0406034
-0.0593101
-0.122055
-0.125589
-0.0610343
-0.000488634
-0.00631777
-0.0650783
-0.149857
-0.216841
-0.280861
-0.363634
-0.417854
-0.426989
-0.414353
-0.395476
-0.407402
-0.42
-0.456852
-0.521189
-0.544874
-0.519881
-0.475683
-0.460648
-0.462526
-0.474585
-0.529296
-0.575271
-0.587267
-0.583974
-0.543408
-0.444125
-0.389263
-0.32553
-0.202869
-0.146502
-0.192261
-0.307508
-0.398946
-0.455865
-0.545279
-0.581264
-0.553698
-0.522122
-0.509746
-0.499185
-0.488511
-0.500795
-0.475834
-0.441581
-0.420187
-0.394659
-0.338405
-0.30689
-0.325828
-0.29015
-0.21913
-0.181059
-0.16747
-0.179513
-0.185717
-0.167707
-0.14624
-0.117254
-0.0515899
-0.00800811
-0.0162602
-0.0511794
-0.0852048
-0.105246
-0.13388
-0.0451938
0.0889794
0.167211
0.178142
0.117864
0.0281039
-0.0113361
0.000999405
0.00226749
-0.0405929
-0.0906956
-0.0908553
-0.104978
-0.155764
-0.16394
-0.132308
-0.0990997
-0.078538
-0.0967324
-0.179363
-0.246504
-0.260037
-0.239086
-0.216916
-0.192972
-0.195515
-0.233773
-0.210518
-0.157013
-0.122236
-0.125315
-0.177054
-0.225653
-0.227742
-0.209236
-0.160743
-0.120967
-0.105268
-0.101994
-0.144011
-0.17873
-0.19489
-0.182681
-0.13399
-0.0780698
-0.0248278
-0.00373793
0.0114043
0.0534417
0.0635964
0.0405105
-0.00228205
-0.0318582
-0.0296554
0.0518444
0.139442
0.212431
0.280744
0.325311
0.295808
0.222781
0.198601
0.257405
0.370308
0.46512
0.488532
0.450095
0.357596
0.290896
0.270507
0.266567
0.255424
0.305363
0.317977
0.30328
0.322683
0.404024
0.483112
0.512351
0.48121
0.428033
0.396691
0.363245
0.369538
0.411531
0.447517
0.484647
0.536604
0.571447
0.65349
0.708079
0.726119
0.72887
0.730702
0.740715
0.735702
0.739698
0.678635
0.577389
0.543135
0.580829
0.545398
0.446444
0.431279
0.42304
0.373949
0.250087
0.112154
-0.00953323
-0.00742658
0.111218
0.271006
0.388225
0.390833
0.297491
0.15306
0.0385499
0.0159612
0.066673
0.164543
0.252004
0.276692
0.293825
0.264051
0.233816
0.196207
0.138044
0.150512
0.159839
0.150647
0.133339
0.107247
0.0695933
0.0364882
0.0296828
0.0639042
0.102683
0.154556
0.274213
0.390243
0.440778
0.4383
0.451747
0.447644
0.42668
0.429213
0.466489
0.482518
0.450926
0.425087
0.450879
0.472773
0.399416
0.2455
0.0997792
0.0708362
0.0911603
0.118915
0.137781
0.119537
0.175308
0.26052
0.258663
0.13233
-0.00891899
-0.00596863
0.138643
0.297232
0.390259
0.391432
0.314215
0.203945
0.140338
0.159921
0.22732
0.323184
0.408312
0.425129
0.352625
0.28848
0.262464
0.203246
0.11761
0.0491178
0.00800664
-0.0203679
-0.0327475
-0.0188226
-0.055938
-0.109977
-0.16093
-0.158858
-0.173204
-0.210155
-0.258819
-0.315371
-0.381657
-0.44914
-0.468302
-0.452862
-0.401104
-0.325008
-0.24101
-0.208576
-0.246181
-0.328619
-0.417731
-0.39574
-0.328197
-0.233327
-0.150994
-0.146025
-0.122893
-0.06115
-0.0722366
-0.139123
-0.153412
-0.146797
-0.154424
-0.135486
-0.0949271
-0.043844
-0.0289594
-0.0220657
-0.0154058
-0.00776305
0.017134
0.0143246
-0.0126186
-0.0592253
-0.10923
-0.180369
-0.261931
-0.285036
-0.229669
-0.0900281
0.0439883
0.130197
0.134153
0.00951459
-0.122379
-0.203794
-0.239283
-0.259415
-0.22348
-0.201835
-0.277344
-0.383949
-0.463726
-0.470236
-0.402743
-0.316271
-0.233897
-0.190198
-0.199624
-0.246382
-0.290005
-0.337009
-0.366222
-0.408199
-0.455428
-0.454738
-0.366391
-0.226676
-0.112619
-0.115785
-0.144792
-0.1577
-0.186713
-0.205218
-0.251871
-0.294568
-0.339841
-0.40379
-0.457708
-0.466642
-0.45511
-0.433401
-0.401684
-0.39049
-0.416499
-0.424058
-0.442945
-0.467808
-0.464764
-0.475577
-0.478399
-0.437691
-0.363253
-0.347327
-0.351049
-0.382073
-0.383067
-0.341668
-0.28982
-0.274412
-0.305514
-0.380226
-0.441184
-0.451451
-0.408156
-0.361423
-0.309298
-0.278151
-0.227616
-0.142638
-0.0614173
-0.0109773
-0.00352232
-0.0241693
-0.0378819
-0.026937
0.04032
0.112169
0.131545
0.108971
0.0757341
-0.00996883
-0.044973
-0.0341661
-0.0226558
0.00941858
0.00540888
0.00158728
0.00921914
0.0232642
0.0292468
0.0461123
0.0652532
0.0731482
0.0416848
-0.0122072
-0.0233491
-0.0165899
0.0160265
0.103018
0.198395
0.241116
0.231274
0.187362
0.10577
0.0533966
0.0246022
0.0579775
0.0983144
0.0706569
0.0730979
0.126665
0.169539
0.171307
0.138974
0.115197
0.124311
0.185506
0.201341
0.109164
0.0258121
-0.000199065
-0.0272447
-0.0449056
-0.0169278
0.00954917
0.0209749
0.0434046
0.0600699
0.00738604
0.00565889
0.0718788
0.156233
0.203288
0.243
0.271841
0.307798
0.364151
0.414256
0.41396
0.320865
0.276429
0.231765
0.194631
0.20086
0.216202
0.177627
0.123137
0.14313
0.253044
0.241069
0.176867
0.120597
0.136673
0.22123
0.306895
0.358257
0.340229
0.292626
0.210781
0.101444
0.0242879
0.0181634
0.112502
0.198615
0.231915
0.263008
0.239052
0.176505
0.0798502
-0.0363481
-0.11473
-0.0775713
0.00979318
0.112179
0.261775
0.331329
0.28889
0.214187
0.149244
0.102965
0.119837
0.219596
0.306719
0.275777
0.170153
0.044279
-0.071929
-0.112335
-0.102376
-0.0591319
0.00842105
0.0740574
0.0630205
0.00669964
-0.034845
-0.0655403
-0.155334
-0.277059
-0.304137
-0.338016
-0.370949
-0.340524
-0.324981
-0.327178
-0.329065
-0.303764
-0.283348
-0.273424
-0.297681
-0.37306
-0.425032
-0.461218
-0.440501
-0.397968
-0.362169
-0.358908
-0.361059
-0.297358
-0.194837
-0.111433
-0.0370662
0.00556206
0.0437548
0.0375967
-0.0038212
-0.0135989
-0.0011466
0.0272131
-0.00474928
-0.0445415
-0.0870701
-0.110231
-0.0831647
-0.10268
-0.14089
-0.0983678
0.00528428
0.0603785
0.0713829
0.0265454
-0.0383088
-0.128632
-0.138048
-0.0887217
-0.0193916
0.0161467
-0.0344495
-0.158647
-0.302743
-0.380226
-0.3403
-0.219471
-0.0997121
0.0164446
0.125158
0.180813
0.16364
0.0575333
-0.093609
-0.19651
-0.274602
-0.294902
-0.265623
-0.248499
-0.21368
-0.237993
-0.285868
-0.344836
-0.359154
-0.349532
-0.378231
-0.403383
-0.35187
-0.254213
-0.128137
-0.101225
-0.0911849
-0.0450163
0.0480316
0.191651
0.297246
0.287397
0.223619
0.169124
0.14631
0.128078
0.134963
0.197615
0.266004
0.274511
0.262409
0.293024
0.343138
0.387948
0.399488
0.351433
0.258226
0.239612
0.268152
0.305426
0.331682
0.288038
0.200618
0.157552
0.139385
0.108238
0.0981117
0.109199
0.11966
0.142726
0.137984
0.0908973
-0.0483605
-0.183478
-0.249358
-0.23509
-0.192525
-0.153199
-0.165554
-0.22154
-0.284765
-0.301274
-0.281436
-0.197044
-0.10363
-0.118893
-0.197405
-0.273937
-0.339842
-0.348809
-0.316824
-0.270598
-0.305381
-0.314056
-0.274552
-0.251559
-0.260951
-0.286796
-0.292133
-0.35126
-0.431241
-0.453173
-0.426771
-0.359105
-0.264144
-0.178322
-0.139553
-0.117639
-0.058942
-0.0308101
-0.0315425
-0.00241361
-0.0251765
-0.0526303
-0.0330542
0.00256527
0.0308165
0.0627707
0.0702794
0.00724012
-0.0375843
-0.011101
0.0646163
0.166131
0.205325
0.173538
0.132772
0.114145
0.167114
0.216513
0.229513
0.253942
0.254146
0.190124
0.164012
0.100252
0.0409764
0.0351889
0.0708057
0.130789
0.218283
0.322634
0.39158
0.370082
0.386884
0.427766
0.420363
0.379326
0.312669
0.282046
0.276522
0.260357
0.281888
0.31003
0.320801
0.299598
0.259342
0.232685
0.27551
0.364917
0.467531
0.504245
0.569148
0.62122
0.577956
0.487136
0.40222
0.393257
0.468859
0.50334
0.484622
0.489992
0.437541
0.41997
0.37292
0.319628
0.287524
0.220812
0.179673
0.193126
0.251226
0.298769
0.30053
0.374803
0.474065
0.505187
0.504494
0.501467
0.484736
0.494041
0.562407
0.653639
0.684594
0.694101
0.698156
0.698639
0.718873
0.751892
0.75715
0.713218
0.685937
0.658803
0.600036
0.53203
0.497054
0.492936
0.511547
0.522034
0.518356
0.463092
0.420382
0.378942
0.333671
0.262191
0.221107
0.157947
0.0551045
-0.0540796
-0.107828
-0.100673
-0.0236585
0.0804356
0.150875
0.142817
0.0797497
0.0266887
-0.0214628
-0.0686562
-0.112565
-0.14205
-0.195326
-0.208661
-0.18493
-0.176728
-0.124418
-0.0994279
-0.129682
-0.106479
-0.0394676
0.0183863
0.0925825
0.123768
0.0509066
-0.101155
-0.272712
-0.413391
-0.480786
-0.488699
-0.479801
-0.431142
-0.388225
-0.351836
-0.371599
-0.415456
-0.433285
-0.379119
-0.286896
-0.181061
-0.148532
-0.181555
-0.209157
-0.213657
-0.169843
-0.142468
-0.166783
-0.23861
-0.343769
-0.402213
-0.388177
-0.330838
-0.248891
-0.194414
-0.249805
-0.365178
-0.373807
-0.29838
-0.229318
-0.227797
-0.237786
-0.301364
-0.403279
-0.465086
-0.502858
-0.484214
-0.450181
-0.427295
-0.389094
-0.387534
-0.371427
-0.334123
-0.301833
-0.29039
-0.278985
-0.265644
-0.240984
-0.238704
-0.279242
-0.32848
-0.344512
-0.37526
-0.399653
-0.44731
-0.497297
-0.46924
-0.404495
-0.376381
-0.327707
-0.323775
-0.34841
-0.354492
-0.378591
-0.406559
-0.401961
-0.394414
-0.381271
-0.333233
-0.275316
-0.2562
-0.301699
-0.407898
-0.513513
-0.603697
-0.661157
-0.654904
-0.587468
-0.514244
-0.48081
-0.474087
-0.489127
-0.488528
-0.474202
-0.411847
-0.328344
-0.2064
-0.0954062
0.0017529
0.0859208
0.115496
0.0959413
0.0505505
0.0186751
0.0219816
0.0026224
-0.0352634
-0.0289953
-0.0318073
-0.000605342
0.013284
-0.0285483
-0.107391
-0.177554
-0.138774
-0.0953771
-0.0187145
0.0647737
0.123896
0.127304
0.0722386
0.0239038
-0.038687
-0.100729
-0.137621
-0.172954
-0.199433
-0.174511
-0.125308
-0.0815777
-0.0386387
-0.00952304
-0.021922
-0.0436697
-0.0280669
-0.0282449
-0.00669388
0.0648011
0.164588
0.212451
0.235646
0.236525
0.180947
0.135781
0.11109
0.129623
0.185805
0.194459
0.192631
0.201498
0.219124
0.19598
0.136044
0.0695325
-0.0419497
-0.121594
-0.0914719
0.0172854
0.176507
0.282535
0.307084
0.304897
0.234478
0.122462
0.0560895
0.087939
0.163496
0.191181
0.226806
0.269783
0.278987
0.287356
0.262059
0.179853
0.111945
0.0602862
0.0202868
0.0235037
0.110428
0.242194
0.347774
0.36146
0.340227
0.283758
0.212382
0.139188
0.0237156
-0.0592761
-0.0916115
-0.0798196
-0.0271995
0.0709324
0.130279
0.109443
0.0710163
0.0491635
0.0861606
0.122702
0.159043
0.20767
0.262959
0.252147
0.208941
0.163864
0.128386
0.0757205
0.0521202
0.0385951
-0.000278504
0.00315434
-0.00347602
-0.0324203
-0.013341
0.0375227
0.029125
-0.0244388
-0.0845612
-0.136655
-0.211682
-0.30465
-0.355878
-0.383096
-0.40022
-0.414868
-0.383086
-0.267707
-0.109461
-0.000197122
-0.00859196
-0.103066
-0.248743
-0.362921
-0.430259
-0.441954
-0.36384
-0.271339
-0.222622
-0.203103
-0.19214
-0.160266
-0.0944934
-0.0987397
-0.199721
-0.264623
-0.226522
-0.178978
-0.183976
-0.191722
-0.172696
-0.156849
-0.153169
-0.202495
-0.193888
-0.130654
-0.037185
-0.012437
-0.0726421
-0.108353
-0.0968247
-0.0535168
0.0400111
0.15124
0.219544
0.219485
0.235012
0.217591
0.187785
0.12677
0.0252813
-0.0835759
-0.124839
-0.0952917
-0.0959343
-0.118745
-0.0907504
-0.0458942
0.00627462
0.0603589
0.091897
0.0642649
0.0136053
-0.024726
-0.0604707
-0.0953488
-0.0893215
-0.0301855
-0.0634781
-0.187183
-0.254126
-0.243937
-0.167682
-0.0357327
0.0782593
0.161581
0.203363
0.283112
0.326015
0.299642
0.190558
0.0476434
-0.0791418
-0.172037
-0.231026
-0.17457
-0.0269188
0.150254
0.261338
0.324377
0.361983
0.394376
0.415662
0.366
0.290086
0.23275
0.12935
0.0572862
0.00969753
0.00713247
0.103968
0.19615
0.255031
0.297168
0.358244
0.387768
0.361895
0.287164
0.236983
0.211149
0.177511
0.114048
0.0563747
0.055895
0.200838
0.366646
0.424012
0.371521
0.313813
0.257388
0.25845
0.312884
0.337344
0.36019
0.33815
0.284298
0.194568
0.123806
0.128346
0.124634
0.0744083
0.0738448
0.101622
0.117859
0.105926
0.0899114
0.100665
0.0910913
0.078643
0.0910948
0.0793049
0.055571
0.101442
0.202346
0.209837
0.134519
0.046265
-0.00770267
0.022238
0.0731474
0.186734
0.240678
0.231933
0.166902
0.0848501
0.0760222
0.16778
0.302752
0.432923
0.452397
0.372128
0.238019
0.159017
0.152706
0.216274
0.266259
0.244853
0.190371
0.146851
0.146159
0.183539
0.182273
0.147101
0.111001
0.13885
0.252234
0.391915
0.46059
0.475992
0.4588
0.372846
0.30327
0.290954
0.285032
0.307634
0.403116
0.476793
0.523541
0.566155
0.587381
0.509618
0.35946
0.145269
-0.0459174
-0.161627
-0.1997
-0.133126
-0.0375293
0.0308325
0.0465517
-0.00343167
-0.100475
-0.187205
-0.189797
-0.145185
-0.0830861
0.0011712
0.0511966
0.076823
0.0508747
0.0545497
0.0360401
0.0190044
0.0307439
0.0409006
-0.00678928
-0.0290444
-0.0284618
-0.0210015
-0.044995
-0.0832345
-0.143225
-0.237916
-0.273308
-0.261399
-0.20751
-0.094002
0.0128221
0.0414604
-0.00670457
-0.0432296
-0.0533543
-0.0399955
0.00931447
0.0293975
-0.0229473
-0.0833631
-0.178481
-0.269018
-0.354603
-0.404329
-0.471361
-0.470705
-0.433141
-0.384214
-0.346964
-0.351671
-0.408933
-0.475762
-0.513831
-0.492225
-0.430075
-0.424708
-0.41716
-0.375592
-0.347038
-0.41775
-0.501339
-0.561909
-0.59056
-0.537045
-0.441485
-0.369586
-0.303334
-0.220683
-0.159094
-0.148994
-0.181141
-0.192131
-0.210532
-0.230218
-0.215155
-0.191542
-0.154539
-0.0849896
0.009399
0.0844025
0.143382
0.225694
0.251878
0.256238
0.284048
0.303709
0.24336
0.148869
0.0657591
-0.0145393
-0.0223156
0.0546975
0.180335
0.269554
0.281992
0.18404
0.0402842
-0.054756
-0.0674435
-0.0720916
-0.0482802
0.0253079
0.0595661
0.06464
0.0903309
0.0875344
0.0359478
-0.0347888
-0.040434
-0.0188395
-0.0576536
-0.13212
-0.231525
-0.301879
-0.35607
-0.375743
-0.378548
-0.364094
-0.369257
-0.375406
-0.362221
-0.347572
-0.28092
-0.217556
-0.252561
-0.352833
-0.52914
-0.680776
-0.755562
-0.749279
-0.662129
-0.578246
-0.498193
-0.386832
-0.335245
-0.314314
-0.31991
-0.339835
-0.345299
-0.318666
-0.273972
-0.224811
-0.198247
-0.169251
-0.158085
-0.153788
-0.0966758
-0.00990021
0.022238
0.0307982
0.0333661
0.0257955
0.0242186
-0.0107108
0.00608882
0.0452626
0.0715886
0.0511437
0.0560451
0.0928607
0.203097
0.323216
0.371828
0.32342
0.26927
0.213021
0.15961
0.112334
0.0418727
0.0168002
0.0638901
0.0941751
0.141176
0.245594
0.34049
0.368934
0.345333
0.266442
0.157929
0.0958303
0.116821
0.16344
0.207745
0.200314
0.16265
0.134086
0.121436
0.131436
0.155736
0.197315
0.233539
0.21048
0.12927
0.117314
0.13556
0.159425
0.190889
0.227434
0.255757
0.200901
0.135592
0.0846367
0.0626014
0.109447
0.184037
0.244418
0.274201
0.307053
0.313504
0.292883
0.269996
0.215104
0.192638
0.186393
0.209286
0.257877
0.26019
0.256348
0.23076
0.122714
0.0167639
-0.0369398
-0.0767701
-0.112076
-0.11496
-0.103544
-0.129552
-0.136661
-0.124419
-0.0915953
-0.033811
0.0208485
0.0420569
0.0145368
-0.0310726
-0.0596191
-0.107156
-0.138658
-0.124136
-0.100067
-0.124299
-0.116304
-0.0543928
-0.0266923
-0.0059229
-0.0122182
-0.0692573
-0.131889
-0.137409
-0.122366
-0.100007
-0.089525
-0.149709
-0.250734
-0.387931
-0.472993
-0.450563
-0.396959
-0.351156
-0.361969
-0.435631
-0.486999
-0.427864
-0.306081
-0.181502
-0.151937
-0.249275
-0.427152
-0.579703
-0.609929
-0.550547
-0.417528
-0.238246
-0.0535943
0.0291648
0.0133618
-0.0427947
-0.113122
-0.147246
-0.128903
-0.109531
-0.103895
-0.079648
-0.0845217
-0.072902
-0.0367884
0.0449066
0.102639
0.139844
0.173092
0.170766
0.146466
0.166724
0.220227
0.267036
0.273667
0.255225
0.225908
0.239456
0.284936
0.271465
0.239383
0.235852
0.223976
0.179889
0.114364
0.0968814
0.0348287
-0.0341768
-0.056587
0.00134897
0.087833
0.126368
0.204148
0.328799
0.379146
0.360528
0.307998
0.263548
0.212115
0.143135
0.0464116
-0.0478649
-0.095689
-0.114994
-0.116482
-0.091929
-0.0572796
0.02467
0.127652
0.165776
0.0952185
0.0188338
-0.09932
-0.172467
-0.157258
-0.105329
-0.026488
0.0200794
0.0440259
0.121195
0.238885
0.267666
0.20503
0.140256
0.142369
0.203311
0.235799
0.191055
0.13508
0.145096
0.194989
0.235731
0.272987
0.298582
0.277066
0.234622
0.169111
0.092034
-0.00473159
-0.0856672
-0.0921483
-0.0616394
-0.0270909
-0.0132693
0.000658033
0.032042
0.0480922
0.0846426
0.178835
0.30802
0.365803
0.306027
0.220769
0.199077
0.20759
0.180027
0.104445
0.0445789
0.0431725
0.0448903
0.057595
0.066704
0.123996
0.188813
0.215892
0.190159
0.118816
0.112803
0.140748
0.17703
0.221832
0.264774
0.265168
0.199119
0.0853124
0.0270954
0.0248376
0.0756838
0.138665
0.173303
0.176853
0.144155
0.107192
0.055008
0.0706954
0.140346
0.203624
0.250691
0.251328
0.185958
0.0778529
-0.00303801
-0.0875088
-0.155601
-0.192961
-0.192208
-0.153252
-0.0781051
0.00391653
0.0736203
0.0603199
-0.0153576
-0.0774191
-0.169981
-0.171242
-0.0789033
0.0244616
0.102542
0.129739
0.061643
-0.0315114
-0.0676104
-0.100861
-0.151833
-0.186962
-0.226581
-0.243638
-0.246286
-0.227092
-0.197928
-0.174774
-0.14746
-0.142351
-0.160834
-0.1613
-0.139657
-0.134861
-0.153496
-0.179375
-0.177182
-0.163947
-0.127764
-0.0682445
-0.027727
-0.0394381
-0.103108
-0.166117
-0.161918
-0.160474
-0.149693
-0.135001
-0.123918
-0.114572
-0.115449
-0.121274
-0.119216
-0.103396
-0.0997535
-0.1086
-0.118082
-0.136756
-0.154586
-0.13801
-0.0955236
-0.082664
-0.0897767
-0.0995374
-0.11816
-0.122702
-0.117841
-0.0869608
-0.0901491
-0.122973
-0.151131
-0.134008
-0.0851686
-0.0411383
-0.0162258
-0.0189583
-0.0256302
-0.0690361
-0.112601
-0.113278
-0.0736966
-0.00961369
0.0638033
0.129219
0.145571
0.148101
0.161543
0.181004
0.165463
0.154293
0.161925
0.160641
0.123703
0.0598816
0.0221328
0.0125405
0.0169448
0.0421838
0.0456872
0.0734958
0.119687
0.14474
0.142132
0.135785
0.131321
0.0978655
0.0156581
-0.0347426
-0.0480884
-0.0220685
0.0109538
0.0293942
0.0164802
0.00012971
0.00982375
-0.00192364
-0.018471
-0.000465889
0.0058518
-0.00718372
-0.0384749
-0.0632561
-0.0741423
-0.0801192
-0.0562341
-0.0324079
-0.0175566
-0.00581081
0.0145287
0.00776138
-0.0223078
-0.059272
-0.0990229
-0.124867
-0.0978584
-0.072167
-0.0716516
-0.0720724
-0.0600765
-0.0489173
-0.0388218
-0.0222375
0.012835
0.0230554
-0.000278903
-0.0483188
-0.116434
-0.182786
-0.198525
-0.193115
-0.16818
-0.123263
-0.0566682
0.00390934
0.0259046
0.0176495
-0.00771449
-0.0350699
-0.0621549
-0.0988607
-0.11321
-0.0942108
-0.0570099
-0.0199711
-0.0042337
-0.00482487
-0.0105763
-0.0103412
-0.000340897
0.00938033
0.00740459
0.001991
0.00666606
0.015561
0.0199333
0.0201857
0.020805
0.0279485
0.0416192
0.0526509
0.0587441
0.0489388
0.0318536
0.0125287
-0.000218389
-0.000701192
-0.00321639
-0.00924368
-0.0142793
-0.00408873
0.0150504
0.0211409
0.0316309
0.0513242
0.0634016
0.0592862
0.045147
0.0346768
0.0281814
0.0296966
0.033833
0.0301281
0.026984
0.026446
0.0234246
0.024127
0.0337537
0.0387264
0.0340185
0.0244674
0.0188017
0.0187987
0.019902
0.0226322
0.0228392
0.0239592
0.0205038
0.0125115
0.00361463
-0.00083796
0.00158084
0.00610796
0.0112306
0.0133355
0.0125014
0.0129202
0.0178004
0.0199129
0.0178398
0.0165097
0.0179652
0.0161743
0.0117212
0.00751411
0.00443409
0.00481469
0.00995688
0.0128154
0.0111265
0.00887768
0.00895153
0.00680389
0.00338067
-0.000137272
-0.00203149
-0.00234197
-0.00146453
0.000274722
0.00078816
-7.67953e-05
0.000560587
0.0010468
-0.000513393
-0.000576265
0.000476873
0.000941351
0.000236629
0.000482175
0.00127018
0.000243898
-0.000620038
-0.000843948
-0.00101895
-0.00137876
-0.00210383
-0.00262917
-0.00320284
-0.00342462
-0.0031281
-0.00225585
-0.00103643
-2.77223e-05
-3.26093e-05
-0.00101752
-0.00121621
-0.00098914
-0.000915804
-0.00103117
-0.00116962
-0.00101364
-0.000577806
-0.000146871
-9.59844e-05
-0.000298905
-0.000496202
-0.000559802
-0.00035105
0.000125239
0.000457996
0.000524553
0.000470304
0.000456931
0.000480275
0.000448986
0.000510923
0.000752946
0.00102289
0.00123071
0.00129935
0.00126659
0.00123501
0.00124148
0.00127912
0.00136649
0.00148938
0.00161776
0.00172837
0.0017961
0.00182594
0.0018467
0.0018688
0.0018945
0.00191059
0.00191415
0.00191546
0.00192461
0.00193188
0.00193499
0.00193534
0.00193445
0.00193215
0.00192821
0.00192343
0.00191776
0.00191057
0.0019028
0.00189435
0.00188548
0.00187597
0.0018659
0.0018552
0.00184396
0.00183221
0.00182003
0.00180744
