-0.0049442
-0.00492674
-0.00493875
-0.00491791
-0.0049261
-0.00490198
-0.00490813
-0.00488334
-0.00488928
-0.00486161
-0.0048645
-0.00483885
-0.00484767
-0.00483221
-0.00485933
-0.00486296
-0.00489884
-0.00490432
-0.00493329
-0.00490456
-0.00488313
-0.00481493
-0.00475564
-0.00464955
-0.00460864
-0.00460424
-0.00469614
-0.00477296
-0.00485154
-0.0048569
-0.00488254
-0.00491233
-0.00494918
-0.00485935
-0.00473828
-0.00455341
-0.00441996
-0.00426914
-0.00415995
-0.00405007
-0.00405692
-0.00412247
-0.00428
-0.00440197
-0.00456492
-0.00471409
-0.00489889
-0.00498482
-0.00498165
-0.00487471
-0.00478874
-0.00476783
-0.00492872
-0.00514592
-0.00528676
-0.00513374
-0.0048921
-0.00455203
-0.00424219
-0.00390986
-0.00368164
-0.00356897
-0.00359637
-0.00350914
-0.00345802
-0.00340685
-0.00328482
-0.0031483
-0.00345373
-0.00426643
-0.00547174
-0.00645885
-0.00696983
-0.00688217
-0.00636818
-0.00541176
-0.0043213
-0.00337533
-0.00311637
-0.00344099
-0.00398284
-0.00419482
-0.00402
-0.00366871
-0.00317659
-0.00255719
-0.00237083
-0.00273779
-0.00325077
-0.00333578
-0.00276133
-0.00206194
-0.00222836
-0.00373019
-0.00637824
-0.0085737
-0.00965395
-0.00918106
-0.00787656
-0.00610223
-0.00451365
-0.0031729
-0.00221153
-0.00149729
-0.00123733
-0.000959709
-0.000471847
0.000421151
0.00187163
0.0035442
0.00383353
0.00179692
-0.00199744
-0.00548666
-0.00689033
-0.00587274
-0.00416497
-0.00237648
-0.00106948
-0.000475783
-0.000880537
-0.00186399
-0.00329016
-0.00431112
-0.00452822
-0.00421405
-0.00516503
-0.0074703
-0.00878221
-0.00784697
-0.00470875
-0.00121467
0.00115229
0.00141419
0.000146636
-0.000838268
-0.000572134
0.00126888
0.00299154
0.00393157
0.00355579
0.00263992
0.0015014
-0.000184873
-0.00246263
-0.00466443
-0.00606191
-0.0076414
-0.010145
-0.0123469
-0.0135164
-0.0126991
-0.00939148
-0.00411009
-6.4998e-05
0.00294797
0.00556177
0.00729179
0.00823405
0.00908404
0.00983694
0.0104983
0.0108134
0.00998018
0.00697315
0.00215332
-0.00404501
-0.0100868
-0.0143689
-0.0153244
-0.0133188
-0.00871341
-0.00354289
-0.000467913
-0.000795249
-0.00298147
-0.00627087
-0.00920074
-0.0105278
-0.00968757
-0.0082847
-0.00624969
-0.00318264
0.00109429
0.006391
0.0113884
0.0137311
0.0113421
0.00626395
0.000921501
-0.00308104
-0.00578889
-0.00862923
-0.0114926
-0.0138394
-0.0151287
-0.0138065
-0.00925938
-0.00396345
-0.000919625
-0.00201994
-0.00553197
-0.00659964
-0.00603567
-0.00527367
-0.00385071
-0.000347798
0.00621942
0.0138433
0.0194081
0.0193992
0.0115692
2.52644e-05
-0.0138273
-0.025948
-0.0292278
-0.0223627
-0.0125653
-0.00651514
-0.00744137
-0.0116451
-0.0143336
-0.0102974
0.000800111
0.015503
0.0291276
0.0362663
0.0323184
0.0201688
0.00754456
-0.00269836
-0.00798147
-0.00826325
-0.0033416
0.00449995
0.011192
0.0135735
0.0100062
0.000773629
-0.0106443
-0.0203339
-0.0255967
-0.0260889
-0.0240734
-0.0241375
-0.0275895
-0.0325763
-0.0328091
-0.0277928
-0.0196292
-0.0109249
-0.00230304
0.00533101
0.0127976
0.0211511
0.0304741
0.0376703
0.0367751
0.0254844
0.00946542
-0.00493303
-0.0128463
-0.015177
-0.0157507
-0.0199252
-0.0281143
-0.0365626
-0.0411623
-0.0378547
-0.0276391
-0.0148819
-0.00236467
0.00953198
0.0203042
0.027233
0.0277162
0.0208937
0.00794203
-0.00418654
-0.00754007
0.00253455
0.0186852
0.0324915
0.0392407
0.0349436
0.0205432
0.00398457
-0.00197151
0.00259666
0.00908793
0.00230366
-0.0166834
-0.0415505
-0.0600055
-0.0610969
-0.0404788
-0.0151781
0.00389038
0.00772026
3.26118e-05
-0.00126031
0.0137115
0.044765
0.0714167
0.0818111
0.074874
0.0556931
0.0382477
0.0346283
0.0418156
0.0429511
0.0328593
0.0119391
-0.0111026
-0.0323639
-0.0491819
-0.0551547
-0.0466817
-0.0341941
-0.020878
-0.00696976
0.00730109
0.0198725
0.0282817
0.0308964
0.0317435
0.0354331
0.0443822
0.050936
0.0473495
0.0343375
0.0144324
-0.00610748
-0.0208118
-0.0291241
-0.0343449
-0.0350617
-0.0309333
-0.0263861
-0.0199273
-0.00823849
0.00678161
0.0184193
0.0207596
0.00976359
-0.0064977
-0.0150045
-0.00363886
0.0185315
0.0436303
0.0574557
0.0554483
0.040774
0.0258738
0.0198181
0.0186208
0.0173729
0.0118339
0.00272043
-0.00951645
-0.0233415
-0.0398557
-0.0578903
-0.0708508
-0.0758346
-0.0756728
-0.0743962
-0.071345
-0.0603834
-0.0358253
3.05882e-05
0.0381952
0.0693592
0.0884058
0.0940684
0.0981005
0.0993864
0.0962895
0.0873761
0.0724189
0.0568546
0.0402245
0.0195021
-0.00333
-0.0263129
-0.048893
-0.0667045
-0.0755973
-0.0791187
-0.0772648
-0.0708991
-0.0640514
-0.0559228
-0.0384432
-0.00796967
0.0295084
0.0674885
0.0947339
0.103194
0.0920043
0.079724
0.0726959
0.0671178
0.0562429
0.0352796
0.00965912
-0.0119739
-0.0196634
-0.0153934
-0.00544236
-0.00398593
-0.0176375
-0.0458497
-0.0731579
-0.0868533
-0.0784871
-0.0514013
-0.012125
0.0243512
0.0574013
0.0852059
0.100438
0.100325
0.0959015
0.0956627
0.0964807
0.0963245
0.0926693
0.0783329
0.0464031
0.00225941
-0.0498776
-0.0968545
-0.121982
-0.126883
-0.122009
-0.110724
-0.0933809
-0.0725457
-0.049806
-0.0305726
-0.0141436
0.00261552
0.0230399
0.0480832
0.0719366
0.0878739
0.0869167
0.0654652
0.0243051
-0.0185893
-0.0518063
-0.0621424
-0.0470247
-0.0112502
0.0206166
0.0344106
0.0248905
-0.00868915
-0.0557141
-0.0977342
-0.119367
-0.108193
-0.0637049
0.00393433
0.0583487
0.0900713
0.094504
0.0649773
0.0181553
-0.0376255
-0.0852661
-0.0962156
-0.0670201
-0.00838463
0.0399082
0.0689321
0.0761782
0.0624294
0.0387635
0.0146568
-0.00110129
-0.00885252
-0.00915125
-0.00377496
0.00786726
0.0247004
0.0393789
0.0426149
0.0283434
0.0042849
-0.0127355
-0.0038146
0.0311928
0.0771786
0.115554
0.135246
0.134641
0.10971
0.0751329
0.0474103
0.0359749
0.0303595
0.0269851
0.0212692
0.00852003
-0.0125603
-0.0358273
-0.0522899
-0.0512035
-0.035551
-0.00560516
0.0315577
0.0677031
0.0905857
0.10009
0.0975242
0.0908432
0.0821527
0.0730149
0.0610933
0.0476806
0.0401444
0.0469825
0.0696111
0.0923616
0.0954145
0.0698961
0.0128564
-0.0530786
-0.10536
-0.123654
-0.101209
-0.0435968
0.0233281
0.0683926
0.0684128
0.0386141
-0.0115992
-0.0459382
-0.0432391
0.00531502
0.0727949
0.135852
0.162457
0.132452
0.0538341
-0.0392534
-0.118018
-0.155675
-0.152186
-0.113852
-0.0596381
-0.0134397
0.0160509
0.0257485
0.00916997
-0.0191436
-0.0544878
-0.0859126
-0.0994158
-0.0857085
-0.0480757
0.000695048
0.0457869
0.0683522
0.0544916
0.015611
-0.0390859
-0.0782995
-0.0932418
-0.0873474
-0.0736835
-0.0609938
-0.0522892
-0.0475079
-0.0467521
-0.0469699
-0.0350516
0.000832663
0.0498604
0.100797
0.131111
0.130018
0.100341
0.0456097
-0.015168
-0.0598131
-0.0768843
-0.0663456
-0.0460502
-0.0234091
-0.0112875
-0.00661686
-0.00263566
-0.000811775
-0.00112214
0.00141462
0.0151148
0.0465442
0.0906941
0.137469
0.169712
0.170907
0.139299
0.07319
0.000438211
-0.0560075
-0.0852369
-0.0807256
-0.0513416
0.000641678
0.0462835
0.0777492
0.091852
0.0918997
0.0922467
0.104188
0.125029
0.133444
0.118875
0.0784706
0.0247976
-0.0274376
-0.0690252
-0.0993143
-0.112749
-0.104169
-0.0666344
-0.0077295
0.0436619
0.0766788
0.0961273
0.0988518
0.0868207
0.0581103
0.0207704
-0.00477883
-0.00606863
0.0162591
0.0449222
0.0653048
0.0703368
0.0569543
0.0273612
-0.0192459
-0.0730099
-0.110782
-0.116888
-0.0848119
-0.0300873
0.0399156
0.0939402
0.117369
0.102752
0.0516588
-0.0161028
-0.0761608
-0.108964
-0.101757
-0.068896
-0.00949204
0.056986
0.119129
0.157159
0.154927
0.103428
0.0131488
-0.08208
-0.120574
-0.105871
-0.0495285
0.0199627
0.0807842
0.109222
0.109863
0.0882687
0.0540669
0.0264163
0.0252297
0.0475915
0.0838307
0.114555
0.124616
0.1077
0.070429
0.0337336
0.012455
0.0126366
0.0277222
0.046527
0.0614008
0.0718179
0.0767267
0.0761208
0.0698299
0.0572024
0.0316578
-0.00879631
-0.0529555
-0.0870417
-0.100381
-0.095712
-0.0726286
-0.034068
0.0118404
0.0537831
0.066806
0.0541425
0.0438043
0.0392694
0.0342485
0.0136422
-0.025098
-0.0647276
-0.0936151
-0.101325
-0.08666
-0.0644289
-0.0461077
-0.0336648
-0.027393
-0.023384
-0.0163551
-0.00425597
0.00136147
-0.00248215
-0.00363829
0.00395628
0.0188365
0.02577
0.0107244
-0.0284417
-0.0849251
-0.139189
-0.171939
-0.172737
-0.137751
-0.0759345
0.00627934
0.0716462
0.115565
0.136906
0.125619
0.09553
0.0669154
0.0525778
0.0451443
0.0376684
0.0276013
0.0227524
0.0209841
0.00926882
-0.0125148
-0.0348094
-0.0378985
-0.0182009
0.015753
0.0544864
0.0881835
0.106895
0.102444
0.0750007
0.0289234
-0.0198594
-0.0550589
-0.0677852
-0.0521737
-0.0122497
0.0485697
0.109949
0.158352
0.174491
0.150417
0.0899214
0.00766253
-0.0628656
-0.0854231
-0.0722831
-0.0402891
-0.0166191
-0.00192002
0.0110284
0.0283405
0.0498511
0.0680077
0.080775
0.088031
0.0911195
0.0986807
0.124262
0.140685
0.108139
0.0274103
-0.0779659
-0.148655
-0.164699
-0.134419
-0.0792784
-0.0225632
0.0184593
0.0360817
0.0277989
0.0151581
0.0070061
0.0041236
0.00273217
0.00450786
0.0200546
0.0563351
0.103733
0.134005
0.119794
0.0597486
-0.0460148
-0.149884
-0.213214
-0.218939
-0.173922
-0.100451
0.00400058
0.101603
0.168225
0.181906
0.151645
0.109669
0.068377
0.0554979
0.0601095
0.064765
0.056096
0.030402
-0.00815155
-0.0443791
-0.0611442
-0.0525524
-0.0217669
0.0224139
0.0565335
0.070713
0.0677024
0.0431865
0.0043996
-0.0239467
-0.0249444
-0.0182001
-0.0190318
-0.0213008
-0.0182583
-0.0109331
-0.00696871
-0.0132767
-0.0256724
-0.0432226
-0.0603982
-0.0633599
-0.0423063
-0.0118455
0.0099938
-0.000990059
-0.0521102
-0.127877
-0.173424
-0.188333
-0.187922
-0.191733
-0.201883
-0.210818
-0.20569
-0.170551
-0.107167
-0.0322265
0.0299541
0.0825024
0.121456
0.132258
0.101139
0.0452925
-0.00801655
-0.0197635
0.00301661
0.0334556
0.027925
-0.0189801
-0.0941889
-0.177153
-0.251107
-0.288219
-0.252138
-0.148347
-0.0459994
0.00257231
-0.0255927
-0.105603
-0.194865
-0.254004
-0.275056
-0.261484
-0.223706
-0.189346
-0.158815
-0.121644
-0.064942
0.0122255
0.0822716
0.108698
0.0978061
0.087563
0.0866262
0.0901579
0.096747
0.0968814
0.0664462
-0.010824
-0.109408
-0.201061
-0.258048
-0.271295
-0.271244
-0.269549
-0.269837
-0.266566
-0.235936
-0.144525
0.0154827
0.16512
0.247
0.249817
0.184504
0.119368
0.0660015
0.0149926
-0.023971
-0.0477604
-0.0555335
-0.062888
-0.0694749
-0.0751478
-0.0820277
-0.087943
-0.0876783
-0.0817433
-0.0744705
-0.0749326
-0.0824469
-0.0901283
-0.107931
-0.138853
-0.161942
-0.173337
-0.182721
-0.198851
-0.223696
-0.249265
-0.263408
-0.261257
-0.263052
-0.272654
-0.286963
-0.305667
-0.322317
-0.321745
-0.290883
-0.231242
-0.173398
-0.137022
-0.12814
-0.134509
-0.148369
-0.162479
-0.183533
-0.211577
-0.223623
-0.204706
-0.143044
-0.0400774
0.102091
0.234445
0.349164
0.436907
0.462862
0.423425
0.341231
0.257481
0.193686
0.160675
0.141204
0.118087
0.0690942
-0.0157219
-0.137619
-0.269056
-0.363482
-0.400237
-0.381243
-0.335869
-0.283142
-0.252979
-0.252862
-0.279717
-0.306533
-0.326291
-0.344218
-0.359578
-0.37352
-0.391505
-0.406952
-0.407364
-0.389426
-0.365745
-0.36687
-0.396868
-0.44605
-0.496477
-0.53271
-0.53639
-0.500034
-0.425641
-0.34483
-0.283969
-0.272367
-0.304194
-0.350075
-0.400321
-0.447899
-0.50358
-0.554911
-0.559834
-0.537206
-0.508247
-0.480664
-0.45606
-0.438233
-0.433462
-0.42814
-0.404123
-0.365756
-0.317413
-0.26066
-0.194837
-0.126089
-0.0519553
0.0255344
0.0883091
0.120321
0.134261
0.138241
0.12817
0.103726
0.0753083
0.0444503
0.00767312
-0.0430317
-0.114345
-0.20312
-0.312742
-0.44007
-0.562123
-0.640024
-0.667125
-0.644467
-0.599106
-0.544302
-0.481246
-0.406718
-0.305998
-0.17499
-0.0371873
0.0914781
0.19297
0.252237
0.288908
0.329184
0.379877
0.445496
0.526952
0.603735
0.659956
0.677776
0.657695
0.613365
0.554442
0.492047
0.440961
0.396225
0.351837
0.303891
0.239799
0.157032
0.0795747
0.0150183
-0.0365961
-0.0708796
-0.0656881
-0.00056023
0.0986128
0.218567
0.331211
0.409076
0.432383
0.426477
0.412605
0.380454
0.331206
0.257403
0.158863
0.0600159
-0.0394642
-0.139553
-0.228924
-0.301395
-0.349012
-0.365448
-0.354253
-0.321023
-0.281723
-0.246509
-0.218808
-0.190707
-0.150518
-0.087587
-0.00736386
0.0631066
0.114452
0.135676
0.118152
0.0597937
-0.0305347
-0.123381
-0.175095
-0.18104
-0.150827
-0.101129
-0.0542759
-0.0410531
-0.092309
-0.248411
-0.481557
-0.7359
-0.942542
-1.07305
-1.11518
-1.06358
-0.943787
-0.799111
-0.669507
-0.575463
-0.538876
-0.535866
-0.531065
-0.525504
-0.502924
-0.462814
-0.418411
-0.389502
-0.39936
-0.450854
-0.539638
-0.629984
-0.689927
-0.712447
-0.703389
-0.677289
-0.633071
-0.5875
-0.551968
-0.539877
-0.554066
-0.590218
-0.625254
-0.640003
-0.62131
-0.568598
-0.493446
-0.432534
-0.391467
-0.36873
-0.37373
-0.404369
-0.467235
-0.553452
-0.638283
-0.689887
-0.662324
-0.545376
-0.36637
-0.155156
0.0375598
0.194869
0.303898
0.390669
0.441699
0.447093
0.40637
0.323637
0.221471
0.130553
0.0666257
-0.00935086
-0.106917
-0.224958
-0.362342
-0.507119
-0.643641
-0.750817
-0.803905
-0.802699
-0.753052
-0.688329
-0.609271
-0.494832
-0.357008
-0.233589
-0.127121
-0.0259225
0.0827819
0.221031
0.380652
0.513692
0.612826
0.692067
0.745559
0.793633
0.838626
0.877376
0.910637
0.946497
0.986838
1.01988
1.0264
0.982845
0.883384
0.752008
0.667382
0.640794
0.655086
0.699561
0.774984
0.8859
1.00964
1.1312
1.224
1.27479
1.30516
1.32285
1.31331
1.29097
1.25635
1.21107
1.15886
1.11232
1.09421
1.11159
1.16936
1.24852
1.31815
1.38017
1.43839
1.49369
1.55102
1.61538
1.68629
1.74637
1.77598
1.78396
1.77764
1.76299
1.74088
1.72063
1.69565
1.65585
1.60118
1.53762
1.47355
1.41025
1.33796
1.25057
1.16362
1.09343
1.04704
1.01368
0.999247
1.00919
1.03274
1.06493
1.09692
1.13391
1.18336
1.24883
1.32595
1.3941
1.44272
1.47948
1.50905
1.55168
1.60669
1.65653
1.67766
1.64971
1.59263
1.56352
1.56202
1.57114
1.57652
1.54917
1.46093
1.28417
1.04471
0.830226
0.692306
0.649419
0.669795
0.698697
0.73098
0.767884
0.803054
0.821587
0.817994
0.808669
0.807412
0.827617
0.858163
0.88766
0.897294
0.88685
0.855807
0.788844
0.683019
0.580749
0.501471
0.418653
0.334712
0.251165
0.156201
0.0590132
-0.0130937
-0.0358387
-0.0268805
0.00035555
0.0222497
0.0181619
-0.0260717
-0.0963034
-0.183513
-0.280241
-0.376336
-0.493512
-0.645004
-0.799304
-0.954644
-1.11577
-1.25994
-1.38145
-1.47388
-1.52772
-1.5563
-1.56734
-1.57562
-1.57759
-1.56462
-1.53564
-1.48659
-1.42548
-1.36042
-1.30324
-1.2568
-1.2214
-1.19186
-1.17296
-1.18149
-1.22259
-1.27187
-1.31138
-1.32637
-1.31533
-1.29303
-1.25534
-1.19348
-1.11281
-1.02823
-0.977349
-0.967953
-0.974709
-0.979835
-0.941148
-0.839278
-0.674291
-0.50514
-0.382261
-0.3407
-0.304103
-0.222339
-0.0831007
0.101986
0.290231
0.444753
0.537401
0.568395
0.551461
0.490314
0.395897
0.271853
0.135181
-0.0058401
-0.136131
-0.260643
-0.396429
-0.550334
-0.712175
-0.870844
-1.00432
-1.08288
-1.11919
-1.11543
-1.0811
-1.0263
-0.948816
-0.86851
-0.782586
-0.687901
-0.592216
-0.508401
-0.433312
-0.351142
-0.265367
-0.183969
-0.102015
-0.0098578
0.0858321
0.159911
0.183966
0.149357
0.0839857
-0.00389946
-0.13119
-0.295256
-0.449084
-0.558702
-0.635512
-0.689259
-0.730454
-0.770648
-0.810184
-0.844753
-0.863944
-0.859151
-0.837839
-0.799845
-0.743627
-0.666416
-0.583512
-0.50409
-0.437503
-0.382212
-0.325005
-0.247655
-0.143006
-0.0506594
-0.00805505
-0.00698794
-0.0158592
-0.0192427
0.00351103
0.0391436
0.0622158
0.066573
0.0531295
0.0374598
0.0213265
-0.00185178
-0.0394612
-0.0949989
-0.156175
-0.20921
-0.236362
-0.232381
-0.197021
-0.137628
-0.0659871
0.00146638
0.0421299
0.0563293
0.0838163
0.123646
0.154539
0.171635
0.180158
0.190628
0.210758
0.241275
0.278832
0.316458
0.35501
0.399045
0.45318
0.52285
0.604048
0.690309
0.759532
0.804124
0.838859
0.845967
0.807696
0.703728
0.541564
0.365931
0.195018
0.0316952
-0.104423
-0.183679
-0.217266
-0.193029
-0.137764
-0.0841772
-0.0373965
-0.00594387
0.016723
0.0372981
0.0628931
0.09964
0.14321
0.189807
0.229981
0.263094
0.289116
0.304965
0.30052
0.267274
0.202623
0.140478
0.0995733
0.0956248
0.132252
0.205346
0.302961
0.419814
0.554864
0.697638
0.841537
0.97001
1.06131
1.1073
1.10066
1.04377
0.947771
0.817821
0.675526
0.544608
0.420684
0.304792
0.211732
0.134165
0.0673113
0.0165696
-0.00226504
0.0190017
0.0787194
0.167754
0.264829
0.365256
0.468673
0.569337
0.668793
0.767638
0.858262
0.929179
0.973459
0.995828
0.991783
0.970766
0.932569
0.883907
0.840795
0.823903
0.847756
0.891632
0.944602
0.98264
1.00043
0.999954
0.975408
0.935912
0.882591
0.811129
0.722684
0.620137
0.506877
0.404579
0.329741
0.272554
0.229781
0.197796
0.165787
0.126995
0.0718423
-0.00805626
-0.113521
-0.249234
-0.417111
-0.603225
-0.78816
-0.909284
-0.979465
-1.0245
-1.03464
-0.997754
-0.929
-0.831831
-0.693745
-0.520916
-0.342055
-0.21241
-0.157223
-0.155106
-0.193263
-0.256934
-0.347229
-0.4489
-0.539572
-0.610868
-0.660719
-0.702187
-0.744359
-0.791723
-0.84138
-0.891557
-0.941075
-0.989685
-1.04182
-1.09878
-1.15068
-1.19508
-1.23436
-1.26966
-1.30279
-1.33923
-1.38017
-1.42552
-1.47392
-1.52562
-1.5791
-1.62838
-1.67205
-1.7016
-1.7027
-1.67073
-1.60964
-1.52426
-1.40448
-1.25936
-1.08262
-0.88065
-0.649354
-0.400811
-0.141348
0.0981157
0.275052
0.404942
0.489517
0.539355
0.581273
0.609656
0.620083
0.621076
0.616637
0.610343
0.606145
0.61031
0.630113
0.66918
0.726287
0.784544
0.834586
0.870765
0.886886
0.88364
0.856065
0.807563
0.749701
0.691789
0.64814
0.624981
0.624065
0.639775
0.676484
0.738907
0.809629
0.882311
0.949142
1.01469
1.08754
1.16594
1.23889
1.29587
1.32567
1.32455
1.29085
1.21879
1.09207
0.909902
0.653737
0.321552
-0.0655307
-0.467911
-0.87513
-1.1961
-1.45476
-1.65972
-1.79952
-1.87328
-1.88942
-1.87441
-1.82609
-1.74978
-1.64023
-1.51477
-1.37339
-1.22756
-1.08915
-0.975789
-0.889373
-0.815196
-0.766044
-0.74089
-0.747398
-0.77861
-0.834503
-0.908688
-0.9899
-1.06631
-1.1309
-1.19553
-1.25373
-1.28953
-1.30456
-1.29923
-1.28091
-1.25336
-1.22444
-1.20086
-1.19066
-1.19565
-1.21755
-1.25218
-1.29686
-1.34207
-1.37695
-1.39443
-1.39444
-1.37641
-1.3391
-1.29552
-1.25153
-1.21574
-1.18732
-1.15417
-1.11756
-1.08081
-1.03727
-0.978388
-0.904063
-0.813732
-0.719298
-0.613431
-0.487762
-0.326402
-0.13137
0.100253
0.329108
0.54544
0.741063
0.896447
1.02055
1.13354
1.24901
1.36355
1.47194
1.5723
1.65832
1.72467
1.76801
1.8029
1.83263
1.85859
1.88563
1.92092
1.96589
2.01101
2.05151
2.07699
2.07795
2.0405
1.96795
1.86169
1.74804
1.65645
1.59149
1.54979
1.51562
1.48219
1.44023
1.38427
1.30406
1.19083
1.05027
0.896578
0.74424
0.586187
0.435741
0.287095
0.160825
0.0540826
-0.0297146
-0.0955633
-0.142075
-0.172594
-0.199429
-0.220514
-0.22868
-0.215715
-0.17796
-0.129962
-0.0774255
-0.0226825
0.0377784
0.109033
0.202791
0.323631
0.446664
0.5368
0.596807
0.643916
0.675889
0.686843
0.675349
0.636953
0.566989
0.477701
0.372014
0.254747
0.139185
0.0344101
-0.0440942
-0.0829917
-0.0933503
-0.0746569
-0.0338806
0.0165319
0.0769394
0.138411
0.193991
0.231263
0.242955
0.234808
0.205618
0.159515
0.103023
0.0343711
-0.0336635
-0.0817722
-0.102238
-0.0898359
-0.0539498
-0.00133075
0.0647884
0.132894
0.195678
0.242874
0.262829
0.259474
0.233117
0.184964
0.10994
0.0137725
-0.0923607
-0.211793
-0.346555
-0.484596
-0.610532
-0.72187
-0.827398
-0.933982
-1.03564
-1.12348
-1.19221
-1.2482
-1.28763
-1.30474
-1.29126
-1.24249
-1.15233
-1.04594
-0.932387
-0.825534
-0.737182
-0.673616
-0.623056
-0.586832
-0.561908
-0.543092
-0.521228
-0.495654
-0.469149
-0.443705
-0.426229
-0.425733
-0.449998
-0.494325
-0.553813
-0.623102
-0.689538
-0.749375
-0.802677
-0.857801
-0.923092
-1.00119
-1.08082
-1.15513
-1.22839
-1.29589
-1.35399
-1.40811
-1.45301
-1.48242
-1.5008
-1.51607
-1.54247
-1.5762
-1.60717
-1.62952
-1.63944
-1.63588
-1.61831
-1.58363
-1.53544
-1.46916
-1.38506
-1.29162
-1.20169
-1.11246
-1.02667
-0.957102
-0.911704
-0.877799
-0.855826
-0.840104
-0.828487
-0.816651
-0.798416
-0.770372
-0.736331
-0.702667
-0.676766
-0.658988
-0.646346
-0.63142
-0.606953
-0.569217
-0.522163
-0.476147
-0.436595
-0.408145
-0.391117
-0.384894
-0.380819
-0.382722
-0.396514
-0.420389
-0.455378
-0.498667
-0.544055
-0.583502
-0.608286
-0.613606
-0.599745
-0.575141
-0.538056
-0.494035
-0.444924
-0.392336
-0.333174
-0.266965
-0.203159
-0.144107
-0.0868938
-0.0336523
0.0153918
0.0678416
0.128757
0.192511
0.25468
0.310258
0.358869
0.404856
0.449521
0.494727
0.540625
0.583975
0.618619
0.637862
0.642572
0.644102
0.648548
0.650862
0.64809
0.643566
0.644654
0.658521
0.681535
0.709983
0.735756
0.751568
0.751726
0.740444
0.719078
0.697294
0.675415
0.651737
0.626759
0.60158
0.579122
0.557786
0.531749
0.489297
0.41744
0.313081
0.187038
0.0613424
-0.0338965
-0.0868175
-0.0885636
-0.0575243
-0.00504191
0.0521419
0.106725
0.149334
0.170401
0.171915
0.16603
0.162936
0.165936
0.179249
0.20547
0.243681
0.284666
0.31621
0.329971
0.326667
0.302071
0.2556
0.194375
0.123955
0.0516592
-0.0179713
-0.0788666
-0.12493
-0.150131
-0.159728
-0.155304
-0.140372
-0.114568
-0.0758231
-0.0362404
0.00505167
0.0510896
0.101349
0.15322
0.200849
0.242358
0.281695
0.324607
0.376495
0.433943
0.494562
0.558501
0.627421
0.698438
0.766617
0.826139
0.876815
0.921163
0.96636
1.01175
1.05038
1.08074
1.10091
1.10447
1.0847
1.049
0.997872
0.938582
0.884342
0.840884
0.801338
0.76341
0.725571
0.685643
0.641156
0.589787
0.534853
0.484864
0.453809
0.447908
0.467424
0.505884
0.566723
0.645965
0.736203
0.822856
0.900991
0.969842
1.03313
1.08224
1.10946
1.11721
1.11269
1.09576
1.06609
1.03379
0.999157
0.960487
0.912918
0.852656
0.783783
0.715424
0.652167
0.592194
0.540002
0.504671
0.488156
0.488269
0.4952
0.501127
0.505219
0.507641
0.506034
0.496353
0.474618
0.432204
0.361335
0.250049
0.0952497
-0.0663241
-0.220899
-0.360665
-0.483803
-0.608191
-0.725351
-0.813648
-0.870422
-0.893888
-0.895106
-0.877811
-0.840037
-0.788656
-0.72109
-0.63724
-0.536534
-0.425588
-0.313748
-0.206212
-0.10926
-0.0268513
0.0430875
0.0984225
0.147892
0.195139
0.248136
0.315772
0.403611
0.49921
0.589536
0.653833
0.694004
0.70956
0.699954
0.667758
0.627775
0.582055
0.532218
0.478716
0.422385
0.370154
0.326541
0.300759
0.298212
0.317891
0.349834
0.386071
0.422995
0.452974
0.469873
0.470259
0.457848
0.432609
0.404372
0.370593
0.325188
0.266661
0.198182
0.130901
0.0570089
-0.0280855
-0.119795
-0.217158
-0.31787
-0.413507
-0.494162
-0.555927
-0.606481
-0.643089
-0.661866
-0.671161
-0.672861
-0.670454
-0.667101
-0.666866
-0.67582
-0.695736
-0.723813
-0.749724
-0.762215
-0.749131
-0.709335
-0.649351
-0.59745
-0.561737
-0.54601
-0.545824
-0.55767
-0.573981
-0.588388
-0.591383
-0.578249
-0.549195
-0.519218
-0.494667
-0.482401
-0.486219
-0.506628
-0.532232
-0.55917
-0.581854
-0.594588
-0.593467
-0.578822
-0.552026
-0.513805
-0.47186
-0.422714
-0.366878
-0.309468
-0.256359
-0.212552
-0.184131
-0.173919
-0.182535
-0.203022
-0.225169
-0.245547
-0.261188
-0.271628
-0.276674
-0.280028
-0.28417
-0.290237
-0.292963
-0.289115
-0.281362
-0.268439
-0.251327
-0.236805
-0.22623
-0.217019
-0.210258
-0.206982
-0.203959
-0.198525
-0.188325
-0.172509
-0.149813
-0.121758
-0.0885779
-0.056202
-0.0299729
-0.0128127
-0.00127559
0.00251682
-0.000112559
-0.004939
-0.0106553
-0.0187229
-0.030266
-0.0428433
-0.0518208
-0.0584608
-0.0702349
-0.0894419
-0.120892
-0.173938
-0.249913
-0.332845
-0.418035
-0.496824
-0.550298
-0.572853
-0.557626
-0.508448
-0.420243
-0.298697
-0.159278
-0.00607841
0.146966
0.289058
0.40646
0.496673
0.558031
0.602771
0.638888
0.665459
0.678751
0.685117
0.68542
0.679905
0.668659
0.642669
0.594566
0.522257
0.43014
0.322864
0.203845
0.0866939
-0.0171562
-0.111073
-0.192512
-0.25519
-0.296363
-0.320017
-0.330424
-0.328486
-0.321661
-0.308282
-0.284332
-0.251033
-0.20815
-0.158577
-0.101311
-0.0368007
0.0261875
0.0843456
0.137441
0.181085
0.209169
0.218046
0.205302
0.180316
0.141689
0.0982743
0.0577535
0.0224049
-0.0103078
-0.0425037
-0.0750263
-0.107002
-0.134924
-0.156817
-0.174383
-0.185318
-0.181043
-0.152384
-0.0920792
-0.00115385
0.114704
0.231776
0.352871
0.482914
0.617213
0.734254
0.815264
0.860723
0.866425
0.849053
0.800628
0.711323
0.578563
0.408382
0.233412
0.0472668
-0.142281
-0.314073
-0.453635
-0.557044
-0.613877
-0.627223
-0.598496
-0.52712
-0.438159
-0.338943
-0.252996
-0.178268
-0.110554
-0.0501857
0.0042523
0.0452443
0.0681258
0.080671
0.0795568
0.0669378
0.0481867
0.0269853
0.00862671
-0.00582802
-0.0162023
-0.025316
-0.034775
-0.0451148
-0.056595
-0.0708162
-0.0888908
-0.112936
-0.142385
-0.175422
-0.208701
-0.237057
-0.258352
-0.272054
-0.278929
-0.277536
-0.266357
-0.244704
-0.215636
-0.184189
-0.153818
-0.131627
-0.116174
-0.104186
-0.096798
-0.093956
-0.089121
-0.0802017
-0.064642
-0.0399903
-0.00408069
0.0384519
0.0865465
0.136545
0.183866
0.225938
0.265064
0.296933
0.31575
0.316727
0.297951
0.261347
0.206819
0.143161
0.0708833
-0.00476553
-0.0662809
-0.115939
-0.154517
-0.179597
-0.187609
-0.176936
-0.145813
-0.0972491
-0.0505056
-0.0070981
0.0339126
0.0708734
0.0990063
0.11258
0.106685
0.0852012
0.0545062
0.0192519
-0.0131951
-0.0383982
-0.0537429
-0.0676449
-0.0841047
-0.105607
-0.129491
-0.149654
-0.159575
-0.151018
-0.120903
-0.0763583
-0.0265416
0.0136022
0.0390252
0.0527731
0.0525048
0.0392072
0.0205706
0.00244515
-0.0043776
0.00734448
0.0419873
0.0877571
0.143443
0.206618
0.268477
0.319446
0.355158
0.369966
0.372124
0.363414
0.346598
0.32258
0.288411
0.242948
0.186076
0.125202
0.0714051
0.024967
-0.0152962
-0.0391848
-0.0339157
-0.00161831
0.0580024
0.139672
0.238067
0.347378
0.436084
0.490835
0.524755
0.544079
0.548918
0.544519
0.528489
0.496482
0.450217
0.383888
0.297083
0.201565
0.102917
0.00746992
-0.0745068
-0.139295
-0.186427
-0.215497
-0.222787
-0.213984
-0.190101
-0.157661
-0.123301
-0.087877
-0.0532589
-0.022079
0.00495525
0.0339767
0.063546
0.085089
0.0989419
0.108431
0.112598
0.109343
0.100062
0.083677
0.0612729
0.0366591
0.0116977
-0.0146997
-0.0426474
-0.0697766
-0.092648
-0.111273
-0.128344
-0.138834
-0.136528
-0.123064
-0.0974159
-0.061984
-0.02281
0.017148
0.0594397
0.104228
0.147965
0.188775
0.225948
0.260284
0.288601
0.306763
0.309264
0.291738
0.255289
0.200602
0.138401
0.084219
0.0550781
0.0437812
0.0507703
0.0762104
0.11421
0.160237
0.206424
0.247853
0.277145
0.297516
0.311612
0.321441
0.327302
0.33016
0.325821
0.311145
0.290499
0.266358
0.244249
0.230774
0.231438
0.242915
0.265219
0.297586
0.339395
0.390504
0.445198
0.498412
0.54149
0.577967
0.609719
0.634321
0.652825
0.671698
0.689063
0.70202
0.712495
0.721619
0.732467
0.747065
0.766582
0.788509
0.804989
0.803148
0.790294
0.778318
0.760809
0.731909
0.694496
0.651901
0.606283
0.560123
0.516251
0.478435
0.446886
0.423051
0.407195
0.401436
0.407903
0.421098
0.443056
0.470468
0.499277
0.526053
0.547997
0.563525
0.573646
0.578563
0.577396
0.57173
0.559656
0.540829
0.519554
0.49958
0.482075
0.466082
0.450172
0.433031
0.412782
0.38672
0.353008
0.309476
0.258987
0.202059
0.141119
0.0782363
0.0153114
-0.0450964
-0.107032
-0.168239
-0.215346
-0.24477
-0.253892
-0.247121
-0.221286
-0.186314
-0.151004
-0.120037
-0.0947827
-0.0814612
-0.0844664
-0.0979257
-0.115293
-0.127611
-0.13278
-0.133595
-0.129659
-0.121282
-0.114062
-0.102414
-0.0797906
-0.04968
-0.0183103
0.00598746
0.0209292
0.0259974
0.0218326
0.00784514
-0.0131915
-0.0382312
-0.0609208
-0.0775412
-0.0864315
-0.0875411
-0.078495
-0.0558027
-0.0245953
0.0110073
0.0426317
0.066505
0.0770622
0.0713797
0.0510015
0.0271192
-0.00100491
-0.0347263
-0.0664097
-0.0892071
-0.0959637
-0.0878924
-0.067096
-0.0434615
-0.0200403
-0.00173669
0.00768373
0.00990965
0.0125565
0.0154502
0.0165381
0.0145408
0.00845623
-0.00069232
-0.0140764
-0.034339
-0.0627022
-0.101837
-0.14984
-0.196673
-0.238497
-0.273572
-0.296633
-0.304006
-0.305052
-0.301124
-0.294559
-0.288163
-0.282089
-0.276171
-0.270733
-0.265618
-0.259074
-0.250424
-0.240781
-0.232313
-0.228285
-0.230298
-0.237775
-0.246063
-0.253099
-0.259052
-0.265824
-0.272209
-0.274748
-0.271342
-0.260371
-0.244152
-0.218616
-0.182166
-0.142568
-0.103732
-0.0609909
-0.0102612
0.047775
0.104829
0.152716
0.190013
0.215739
0.234474
0.245231
0.248996
0.249848
0.248315
0.244745
0.236316
0.218211
0.187424
0.139302
0.0798769
0.0203267
-0.0326561
-0.0720566
-0.0961309
-0.103198
-0.100899
-0.0915232
-0.0815143
-0.0775384
-0.0806774
-0.0844863
-0.0888363
-0.0943555
-0.0987874
-0.100258
-0.0978239
-0.0920885
-0.0864199
-0.0865216
-0.0954295
-0.113177
-0.141511
-0.177829
-0.213095
-0.245544
-0.275479
-0.297172
-0.30913
-0.32394
-0.340522
-0.354082
-0.363378
-0.36939
-0.374716
-0.37479
-0.365249
-0.350059
-0.330503
-0.308735
-0.286882
-0.268352
-0.257338
-0.253985
-0.253244
-0.256145
-0.264024
-0.275777
-0.289087
-0.298709
-0.30466
-0.306796
-0.305249
-0.299916
-0.295446
-0.297917
-0.307281
-0.311883
-0.313787
-0.319549
-0.32918
-0.339014
-0.340855
-0.333329
-0.316798
-0.28982
-0.250942
-0.211339
-0.169779
-0.126002
-0.0891785
-0.0656219
-0.0494581
-0.0442025
-0.0491003
-0.0566144
-0.0615283
-0.0625936
-0.0583576
-0.0484306
-0.0356668
-0.0206131
-0.00229888
0.0195767
0.040767
0.0585036
0.068365
0.0669986
0.0529157
0.0343186
0.0170725
0.00543734
0.000856996
0.00230836
0.00915337
0.0244095
0.0510838
0.0847944
0.12598
0.171534
0.212829
0.24249
0.261758
0.271451
0.278924
0.285273
0.287542
0.283101
0.26909
0.246626
0.215207
0.174316
0.128215
0.0743324
0.0125089
-0.0490158
-0.103942
-0.144577
-0.161939
-0.151574
-0.131256
-0.0981888
-0.0564284
-0.0126236
0.0271807
0.0576002
0.078619
0.0953683
0.104233
0.101597
0.0900024
0.0690341
0.0460182
0.0206753
-0.00756534
-0.0367578
-0.0651175
-0.0899638
-0.109972
-0.122513
-0.126886
-0.123626
-0.118059
-0.110915
-0.101014
-0.0878999
-0.0704658
-0.0486528
-0.0211953
0.00909047
0.0306801
0.0394225
0.0390925
0.0262801
0.000590177
-0.0300972
-0.0615621
-0.0887045
-0.110987
-0.12553
-0.128416
-0.116725
-0.0952625
-0.0687486
-0.0404912
-0.0149308
0.00550558
0.019777
0.0272886
0.0289768
0.0260952
0.0166544
0.00339629
-0.01154
-0.0230867
-0.0256163
-0.0162526
0.00254194
0.0303612
0.0631212
0.0946092
0.119683
0.133152
0.134505
0.127775
0.118843
0.110696
0.102174
0.0965712
0.0986681
0.106135
0.115776
0.123659
0.128298
0.128962
0.127569
0.125285
0.121789
0.116988
0.110527
0.100334
0.0852973
0.0695954
0.0588734
0.0581239
0.0639301
0.0735661
0.079935
0.0857073
0.0942976
0.100712
0.101473
0.0970127
0.084701
0.0604794
0.0213556
-0.0349264
-0.0932623
-0.150852
-0.207101
-0.257553
-0.297929
-0.326404
-0.349356
-0.365911
-0.377227
-0.384318
-0.3912
-0.402049
-0.416114
-0.427323
-0.429471
-0.418116
-0.397233
-0.367559
-0.332351
-0.295733
-0.263483
-0.236035
-0.215595
-0.203246
-0.199183
-0.202849
-0.214564
-0.234991
-0.258913
-0.285411
-0.311327
-0.333222
-0.351772
-0.37159
-0.391836
-0.411652
-0.432826
-0.456434
-0.481069
-0.504326
-0.524276
-0.541825
-0.555452
-0.56258
-0.560362
-0.546569
-0.524665
-0.491307
-0.443794
-0.385095
-0.314652
-0.232118
-0.129538
-0.0115616
0.104969
0.201242
0.286773
0.361786
0.423599
0.468084
0.494628
0.499882
0.496426
0.488161
0.483351
0.480467
0.475011
0.4665
0.456194
0.446998
0.438886
0.431761
0.423566
0.408909
0.381633
0.34309
0.289953
0.22333
0.149504
0.075219
0.00802307
-0.0460649
-0.0809035
-0.0960805
-0.0899699
-0.0686382
-0.0285274
0.0274147
0.0856462
0.141185
0.190991
0.235342
0.274233
0.305701
0.326867
0.34031
0.34812
0.35519
0.359832
0.359291
0.354157
0.344129
0.330424
0.314051
0.295911
0.27865
0.264302
0.25415
0.247831
0.24547
0.245456
0.244853
0.24068
0.236249
0.234617
0.235443
0.239677
0.247617
0.25636
0.263662
0.269478
0.273263
0.274144
0.272473
0.268641
0.264293
0.261019
0.259929
0.258524
0.254916
0.248198
0.236545
0.219302
0.199075
0.175617
0.14829
0.116347
0.0797909
0.0384241
-0.0113737
-0.0696389
-0.127894
-0.181012
-0.231895
-0.280065
-0.323749
-0.363841
-0.396462
-0.418981
-0.435152
-0.444842
-0.452004
-0.45822
-0.464853
-0.470817
-0.475104
-0.477202
-0.473913
-0.462568
-0.444975
-0.421185
-0.39312
-0.362388
-0.330766
-0.296234
-0.257503
-0.218104
-0.176019
-0.130081
-0.0855505
-0.0481166
-0.0189677
0.000331205
0.0121494
0.0139519
0.00444614
-0.0139227
-0.0383657
-0.0606189
-0.0793852
-0.0945519
-0.106668
-0.113548
-0.115352
-0.114691
-0.112699
-0.108951
-0.100442
-0.0865062
-0.0713508
-0.0567102
-0.0389492
-0.0174682
0.00446705
0.0248205
0.0421785
0.0562153
0.0647574
0.0669378
0.0627925
0.0521172
0.038465
0.0224892
0.00529192
-0.0113238
-0.0274926
-0.0462808
-0.0639109
-0.0737142
-0.0781904
-0.0829776
-0.0944472
-0.108425
-0.118836
-0.128515
-0.138486
-0.147251
-0.156775
-0.170132
-0.187247
-0.209738
-0.23913
-0.277062
-0.321139
-0.364407
-0.40401
-0.439357
-0.469716
-0.492783
-0.508198
-0.515709
-0.517032
-0.513241
-0.501897
-0.485588
-0.465439
-0.443339
-0.419164
-0.392067
-0.363761
-0.333526
-0.300285
-0.264403
-0.225564
-0.184441
-0.144425
-0.112064
-0.087245
-0.0713322
-0.0663074
-0.0770141
-0.0981983
-0.129167
-0.167068
-0.207555
-0.24858
-0.28662
-0.323227
-0.358953
-0.392372
-0.419283
-0.438578
-0.457383
-0.475712
-0.488207
-0.492338
-0.488127
-0.478261
-0.463021
-0.444441
-0.422141
-0.396316
-0.366589
-0.330185
-0.287456
-0.238647
-0.187015
-0.138304
-0.0969674
-0.0618243
-0.0323784
-0.00591101
0.0131218
0.020257
0.0180362
0.00585213
-0.00916303
-0.0244518
-0.0393657
-0.0585903
-0.0846174
-0.11482
-0.147097
-0.17887
-0.210461
-0.240304
-0.264561
-0.281615
-0.290102
-0.291972
-0.27962
-0.251742
-0.218107
-0.187213
-0.157598
-0.126656
-0.093373
-0.0574494
-0.0208502
0.0149279
0.0475436
0.0740792
0.0924769
0.105289
0.114893
0.123833
0.130416
0.131825
0.129117
0.121563
0.107102
0.0869493
0.0679391
0.0513254
0.0386598
0.0327502
0.034887
0.0411132
0.0494597
0.0593978
0.0696979
0.0810183
0.0934034
0.107242
0.123213
0.141356
0.159358
0.174101
0.189629
0.208578
0.226501
0.240439
0.249216
0.252088
0.249945
0.245533
0.238059
0.228452
0.219942
0.216396
0.216368
0.219781
0.224881
0.231791
0.239946
0.24707
0.249065
0.241067
0.220256
0.187309
0.146559
0.0979765
0.0441843
-0.0133175
-0.0728228
-0.129696
-0.178337
-0.214018
-0.240691
-0.260012
-0.275576
-0.285381
-0.289202
-0.291081
-0.291891
-0.292041
-0.292362
-0.293404
-0.293275
-0.291062
-0.286818
-0.278526
-0.266434
-0.256349
-0.24908
-0.240509
-0.228137
-0.209646
-0.184671
-0.155617
-0.132965
-0.114916
-0.0974888
-0.0841325
-0.0765908
-0.0695827
-0.0643834
-0.0630875
-0.0651258
-0.0686725
-0.0694866
-0.0680198
-0.0676486
-0.0711339
-0.078974
-0.0866649
-0.0925372
-0.0954989
-0.0948511
-0.0899362
-0.0819866
-0.0725219
-0.0628515
-0.0507944
-0.0335575
-0.0116963
0.0140738
0.0391355
0.0616675
0.0791226
0.0887001
0.0884715
0.0801307
0.0614755
0.0327808
-0.00160243
-0.0402877
-0.0795506
-0.117879
-0.152925
-0.182298
-0.207057
-0.228546
-0.243634
-0.25166
-0.257667
-0.261141
-0.261299
-0.258516
-0.252032
-0.242067
-0.228366
-0.211417
-0.191503
-0.168772
-0.146839
-0.12479
-0.101762
-0.0810179
-0.0652299
-0.0531653
-0.0461135
-0.043908
-0.0468421
-0.0552808
-0.0654835
-0.0770739
-0.0874213
-0.0941658
-0.0947991
-0.0898144
-0.0812276
-0.0731122
-0.0673886
-0.0643908
-0.061481
-0.0575917
-0.0517883
-0.0447954
-0.0353548
-0.0197485
0.00239652
0.026334
0.0519555
0.0778337
0.0976138
0.108812
0.114118
0.113275
0.109588
0.110758
0.118177
0.127337
0.135436
0.138806
0.135486
0.128403
0.124551
0.121052
0.113392
0.103282
0.0906292
0.0751433
0.0584341
0.0428728
0.0276274
0.0133666
0.00209485
-0.00597706
-0.010667
-0.0129793
-0.0132999
-0.0123397
-0.008671
-0.000184991
0.0128516
0.0304586
0.0510771
0.0760252
0.106476
0.138681
0.167503
0.187207
0.199295
0.20814
0.21398
0.216992
0.219489
0.218602
0.211832
0.202612
0.193034
0.182714
0.175398
0.174764
0.17617
0.17962
0.186731
0.195221
0.202208
0.21051
0.220355
0.22587
0.228636
0.231249
0.229794
0.223626
0.220663
0.218965
0.214748
0.211018
0.21124
0.215988
0.224887
0.236595
0.249794
0.263804
0.277673
0.290767
0.301367
0.307649
0.307435
0.301448
0.288876
0.272641
0.25172
0.225756
0.199951
0.173561
0.144731
0.113423
0.0815335
0.0538876
0.0328492
0.01762
0.00251053
-0.014485
-0.033313
-0.0540266
-0.0761094
-0.0978953
-0.1164
-0.128207
-0.133605
-0.132875
-0.127889
-0.11565
-0.096603
-0.0744315
-0.0500204
-0.0216915
0.0106068
0.0419366
0.0695293
0.0900244
0.100788
0.0985785
0.0891789
0.0690031
0.0356884
-0.00459652
-0.04629
-0.0807705
-0.108733
-0.131685
-0.151964
-0.167987
-0.178278
-0.184674
-0.189543
-0.196007
-0.203323
-0.209731
-0.215421
-0.220193
-0.222647
-0.222694
-0.219864
-0.211708
-0.195343
-0.172492
-0.146849
-0.126604
-0.107401
-0.0827304
-0.0511292
-0.0150138
0.0181146
0.0481925
0.0772226
0.107587
0.137862
0.163387
0.185248
0.205244
0.219365
0.22352
0.219818
0.206331
0.185352
0.156245
0.118049
0.0775373
0.0403109
0.0132602
-0.00339812
-0.00947308
-0.00963515
-0.00763961
-0.00492124
-0.00185263
0.000216679
-0.00159903
-0.00827088
-0.0175498
-0.0236437
-0.0234821
-0.017677
-0.0091615
-0.000308918
0.00693564
0.0127134
0.0185344
0.0244385
0.0303724
0.0367067
0.0444857
0.054558
0.0652632
0.0741371
0.081315
0.0868161
0.0909202
0.0908014
0.0844793
0.0758159
0.0674758
0.0634913
0.0642787
0.0690028
0.0776435
0.0914742
0.107374
0.123538
0.138739
0.154645
0.171636
0.18772
0.205006
0.225064
0.243661
0.256767
0.264987
0.265432
0.258306
0.247793
0.237926
0.231237
0.224337
0.210675
0.188214
0.158929
0.132357
0.109027
0.087593
0.0692334
0.0570296
0.0518273
0.0545037
0.0628916
0.0712281
0.0779845
0.0823561
0.0821162
0.0746769
0.0602358
0.0348521
-0.00204702
-0.0432681
-0.0795392
-0.116161
-0.158357
-0.205138
-0.246058
-0.27362
-0.290595
-0.298274
-0.299134
-0.293562
-0.284043
-0.278096
-0.271625
-0.259945
-0.247864
-0.235746
-0.220561
-0.204187
-0.188111
-0.167354
-0.141217
-0.118335
-0.10063
-0.0887805
-0.0849659
-0.0918137
-0.10366
-0.120983
-0.143494
-0.167297
-0.190323
-0.208819
-0.22015
-0.222981
-0.219749
-0.212236
-0.205468
-0.20075
-0.197686
-0.193804
-0.188592
-0.182804
-0.175106
-0.165148
-0.156387
-0.148275
-0.137302
-0.123525
-0.109074
-0.0986683
-0.0918493
-0.0857121
-0.0781856
-0.0670497
-0.0516433
-0.0326883
-0.0126584
0.00596889
0.0228651
0.0413902
0.060186
0.0759722
0.090517
0.10398
0.112968
0.116013
0.115639
0.11273
0.10668
0.0975459
0.0858851
0.0743202
0.0635838
0.0531289
0.0412909
0.0275897
0.0132073
5.76818e-05
-0.0100774
-0.0176848
-0.025373
-0.0351664
-0.0430787
-0.0459024
-0.0455777
-0.0412767
-0.031322
-0.0150589
0.00635658
0.0263284
0.0443248
0.0594718
0.068207
0.0715535
0.0800413
0.0919727
0.0991047
0.0985046
0.0883217
0.0718521
0.0515663
0.0346894
0.0201296
0.00602715
-0.00687717
-0.0167738
-0.0224882
-0.0263183
-0.0312888
-0.0402295
-0.0528228
-0.0668422
-0.0790433
-0.0868296
-0.0889144
-0.0866468
-0.0820431
-0.0737289
-0.0604966
-0.0470485
-0.033476
-0.0197097
-0.00745599
0.00187763
0.00912978
0.015382
0.0232179
0.0353029
0.0503448
0.0602129
0.0671714
0.0753155
0.081045
0.0821153
0.0813943
0.0781767
0.0728102
0.0695283
0.0684687
0.06516
0.0598614
0.0547311
0.0506274
0.0468627
0.0421336
0.038214
0.0381869
0.0433606
0.0544907
0.0699696
0.0899055
0.112921
0.136479
0.157737
0.172447
0.181167
0.18751
0.194413
0.20195
0.206024
0.206573
0.204655
0.198604
0.188849
0.181371
0.175542
0.168661
0.15982
0.150337
0.144066
0.139844
0.134208
0.125495
0.114592
0.106245
0.0991482
0.0921867
0.0899588
0.0925613
0.0933354
0.0877987
0.0738396
0.0567462
0.0399821
0.0263971
0.0157481
0.00847847
0.00539122
0.0054281
0.0048716
0.00505191
0.00782068
0.0123145
0.0192175
0.0299257
0.0469825
0.0713571
0.0975282
0.123521
0.149249
0.175189
0.198998
0.213299
0.215107
0.214696
0.213909
0.212971
0.212138
0.209302
0.201772
0.18769
0.167389
0.143473
0.116481
0.0873309
0.0562494
0.0252195
-0.00152831
-0.0210173
-0.032722
-0.0371387
-0.0342571
-0.0280117
-0.0165635
-0.00160346
0.0132454
0.0265614
0.0409759
0.0558077
0.0688024
0.080759
0.0926754
0.104788
0.117513
0.130653
0.14177
0.148102
0.150639
0.149513
0.145626
0.138427
0.129402
0.122374
0.117618
0.112858
0.109108
0.107593
0.107333
0.10815
0.110819
0.118584
0.134195
0.154532
0.178777
0.20481
0.229283
0.249395
0.269071
0.289381
0.308475
0.325492
0.339317
0.348198
0.351365
0.352843
0.352282
0.349647
0.347149
0.346701
0.348247
0.351785
0.357231
0.364262
0.371079
0.373778
0.371881
0.367129
0.362264
0.358287
0.352897
0.345093
0.334867
0.322644
0.308784
0.295976
0.28648
0.281332
0.277769
0.27579
0.276375
0.278447
0.281065
0.286994
0.297294
0.30928
0.321742
0.334454
0.3506
0.371827
0.39451
0.419533
0.445612
0.464772
0.473361
0.478013
0.480489
0.481336
0.47927
0.474193
0.470213
0.46586
0.459237
0.452423
0.447405
0.443864
0.442243
0.442535
0.443452
0.445317
0.448383
0.450173
0.447925
0.442751
0.433747
0.420728
0.403564
0.383077
0.360407
0.336355
0.313038
0.289165
0.265004
0.244223
0.228813
0.217318
0.208885
0.202534
0.195486
0.187317
0.178408
0.170215
0.165365
0.1657
0.170451
0.1768
0.182974
0.187001
0.186056
0.180484
0.173073
0.166056
0.159403
0.149306
0.13411
0.11339
0.0876644
0.058241
0.0294426
0.00088374
-0.0279331
-0.0557917
-0.0825144
-0.109264
-0.136194
-0.161416
-0.181389
-0.195867
-0.206684
-0.214994
-0.218868
-0.218105
-0.21238
-0.203327
-0.193902
-0.185414
-0.178951
-0.172813
-0.164184
-0.152555
-0.139509
-0.130242
-0.125647
-0.123625
-0.120215
-0.116038
-0.115377
-0.117455
-0.118953
-0.118158
-0.116223
-0.117797
-0.123969
-0.133309
-0.14259
-0.15018
-0.154822
-0.153933
-0.146748
-0.137965
-0.128417
-0.117322
-0.104861
-0.0924728
-0.0817222
-0.0734877
-0.0665218
-0.0582988
-0.0468856
-0.0349299
-0.0253183
-0.0203113
-0.0188114
-0.0181289
-0.0179811
-0.0194401
-0.0240187
-0.0303195
-0.0364141
-0.0440516
-0.0538057
-0.0630423
-0.0736096
-0.0877048
-0.103552
-0.120555
-0.137534
-0.152548
-0.164106
-0.173902
-0.182404
-0.189538
-0.194922
-0.198669
-0.203001
-0.207905
-0.211925
-0.214827
-0.21634
-0.215494
-0.209455
-0.196271
-0.17652
-0.151766
-0.127999
-0.109053
-0.0989801
-0.095506
-0.0927846
-0.088878
-0.0835185
-0.0760775
-0.0662428
-0.054537
-0.0423949
-0.0311027
-0.0220399
-0.0139104
-0.00529889
0.00219107
0.00909432
0.0180138
0.0273356
0.0357513
0.0466102
0.058516
0.0635564
0.0632582
0.0611476
0.0543444
0.0413882
0.0288433
0.0180798
0.00883766
-0.000205989
-0.0103773
-0.0226799
-0.0373074
-0.0524725
-0.0644691
-0.0725005
-0.0791864
-0.085312
-0.0900133
-0.0916796
-0.0894101
-0.0846611
-0.0786393
-0.0740381
-0.0754711
-0.0825105
-0.0891459
-0.0950489
-0.101026
-0.106653
-0.111579
-0.1162
-0.123151
-0.133277
-0.142727
-0.150766
-0.157788
-0.163624
-0.169147
-0.176525
-0.184574
-0.190393
-0.192339
-0.188907
-0.181451
-0.16913
-0.153307
-0.13919
-0.129755
-0.121448
-0.113882
-0.108507
-0.107469
-0.111675
-0.117304
-0.125299
-0.13595
-0.147418
-0.158636
-0.169911
-0.182364
-0.194978
-0.202521
-0.201532
-0.197076
-0.191571
-0.18643
-0.17948
-0.170439
-0.163358
-0.15681
-0.148132
-0.138133
-0.127472
-0.115864
-0.102299
-0.0867712
-0.0717635
-0.0584014
-0.0444391
-0.0299196
-0.0162567
-0.00405607
0.00590148
0.0132619
0.015678
0.0124885
0.00553457
-0.00350815
-0.0123107
-0.0197469
-0.025367
-0.0294553
-0.0324947
-0.0357085
-0.0389142
-0.0420238
-0.0457561
-0.0509465
-0.0577213
-0.064651
-0.0707316
-0.0783038
-0.0877815
-0.0946989
-0.0996608
-0.104404
-0.107763
-0.108353
-0.106878
-0.103896
-0.100867
-0.0990553
-0.0967694
-0.0887676
-0.0763226
-0.0646733
-0.0579014
-0.0576857
-0.0592194
-0.060707
-0.0617038
-0.0640055
-0.0684656
-0.0721164
-0.0731754
-0.0696384
-0.060438
-0.0457256
-0.0302987
-0.013604
0.00350014
0.0155419
0.0192291
0.0199414
0.0178971
0.015283
0.0155486
0.0178842
0.0150422
0.00789155
0.00286773
0.000574497
0.000548466
0.00165637
0.00380762
0.00682227
0.0133077
0.025453
0.0408057
0.058941
0.0766676
0.0910268
0.100305
0.106358
0.108137
0.104968
0.100342
0.0983035
0.0953451
0.0898356
0.0832176
0.0744709
0.0623418
0.0475991
0.0304341
0.0122774
-0.00452577
-0.0187367
-0.0318303
-0.0435336
-0.0539537
-0.0639884
-0.074684
-0.0871169
-0.100569
-0.112888
-0.121311
-0.125316
-0.129391
-0.131081
-0.127268
-0.120888
-0.114033
-0.110101
-0.107902
-0.104366
-0.0978625
-0.0877618
-0.0764288
-0.0653236
-0.0555506
-0.0462774
-0.0379979
-0.0331897
-0.0314824
-0.028918
-0.02406
-0.0177431
-0.0135081
-0.0116135
-0.0105518
-0.0112948
-0.0142747
-0.0173477
-0.0210081
-0.0260093
-0.0317601
-0.038348
-0.0467737
-0.0589047
-0.0754797
-0.0964426
-0.117958
-0.130835
-0.136616
-0.140757
-0.144256
-0.145823
-0.145666
-0.144445
-0.143406
-0.143183
-0.14308
-0.141447
-0.139231
-0.137896
-0.136204
-0.134089
-0.133961
-0.136952
-0.14304
-0.151081
-0.160224
-0.169643
-0.176708
-0.177831
-0.172621
-0.164802
-0.163699
-0.16741
-0.169444
-0.16661
-0.157715
-0.147023
-0.135384
-0.124098
-0.111188
-0.096361
-0.084232
-0.0769258
-0.0733243
-0.0738589
-0.0798928
-0.0901599
-0.10264
-0.113549
-0.124437
-0.136578
-0.147756
-0.155871
-0.160326
-0.163571
-0.166968
-0.16968
-0.170449
-0.169244
-0.167492
-0.167331
-0.170482
-0.177101
-0.18458
-0.191502
-0.198116
-0.206452
-0.21586
-0.223196
-0.227963
-0.230477
-0.232204
-0.233804
-0.235522
-0.236873
-0.237762
-0.239389
-0.242201
-0.245807
-0.250053
-0.253684
-0.253768
-0.25121
-0.250191
-0.249456
-0.24681
-0.242073
-0.234234
-0.223209
-0.210551
-0.198815
-0.187689
-0.176206
-0.163509
-0.149588
-0.136561
-0.129349
-0.129153
-0.129101
-0.129845
-0.133564
-0.139194
-0.145723
-0.151873
-0.157146
-0.15926
-0.154382
-0.142011
-0.131297
-0.124669
-0.121889
-0.119688
-0.11588
-0.111747
-0.108753
-0.107726
-0.10748
-0.106986
-0.106074
-0.104424
-0.10131
-0.0955734
-0.0863236
-0.0750386
-0.0622561
-0.0497417
-0.0367996
-0.0220804
-0.00594112
0.00961228
0.0204233
0.0240393
0.0210957
0.0176571
0.017651
0.0234465
0.032823
0.0425613
0.0540819
0.0680213
0.0807712
0.0928673
0.105934
0.119879
0.134622
0.149884
0.165129
0.179375
0.192018
0.202978
0.213425
0.2212
0.224087
0.223479
0.220606
0.216695
0.211151
0.203579
0.195395
0.187124
0.177529
0.166584
0.156168
0.147504
0.141178
0.135835
0.13028
0.122282
0.111296
0.0971294
0.0808693
0.0625127
0.0435343
0.0236978
0.00497284
-0.00711933
-0.0142503
-0.020307
-0.0247945
-0.0279598
-0.033352
-0.0415655
-0.0518285
-0.0624584
-0.0723426
-0.0818663
-0.0916291
-0.102008
-0.112879
-0.124976
-0.138925
-0.151486
-0.159743
-0.16741
-0.174265
-0.176925
-0.176552
-0.175415
-0.172006
-0.16579
-0.160671
-0.157306
-0.155649
-0.155654
-0.154853
-0.147284
-0.130824
-0.108629
-0.0902536
-0.0818966
-0.0780511
-0.0774838
-0.077698
-0.0792375
-0.0822324
-0.0836778
-0.0855468
-0.0900736
-0.0950387
-0.0991068
-0.104005
-0.109485
-0.114242
-0.117346
-0.11741
-0.113964
-0.108339
-0.102788
-0.0973808
-0.0924585
-0.0894056
-0.0891729
-0.091197
-0.0920095
-0.0889456
-0.0833305
-0.0771204
-0.072317
-0.0686005
-0.0653146
-0.0621113
-0.0583064
-0.0538134
-0.0520436
-0.0545937
-0.0568647
-0.0584639
-0.0598432
-0.0604884
-0.0593798
-0.0554916
-0.0455234
-0.028325
-0.00766328
0.012485
0.0288946
0.0395466
0.0450859
0.0503808
0.0575086
0.0625163
0.0631425
0.0605344
0.0564947
0.0532679
0.0535296
0.0568245
0.0599122
0.0638346
0.0693492
0.0738802
0.0771623
0.0801627
0.0800261
0.0747412
0.0684564
0.061692
0.0529783
0.0430302
0.0315054
0.0167688
-0.000369001
-0.0155013
-0.0263758
-0.0335575
-0.0427991
-0.0568744
-0.0758359
-0.0946878
-0.108819
-0.118131
-0.122769
-0.122789
-0.117369
-0.106363
-0.0937839
-0.0795764
-0.0644874
-0.0517561
-0.0432755
-0.0368181
-0.0335376
-0.0339077
-0.0365523
-0.0394405
-0.0387939
-0.0327404
-0.0224722
-0.0103805
0.00209621
0.0139337
0.0248704
0.0351915
0.0465828
0.0592104
0.0705416
0.0807417
0.0921346
0.102797
0.110919
0.119064
0.127425
0.133457
0.136954
0.137908
0.135074
0.127967
0.121805
0.120463
0.126107
0.134602
0.142218
0.14372
0.142623
0.143391
0.141313
0.132492
0.120271
0.107036
0.0950818
0.0841421
0.0737804
0.0641429
0.057233
0.0541366
0.051202
0.047877
0.0454055
0.0427837
0.0379179
0.030414
0.0203399
0.0107979
0.00375703
-0.000328957
-0.0048977
-0.0109827
-0.017204
-0.0241514
-0.0320264
-0.0384583
-0.044003
-0.0506284
-0.0543365
-0.0500378
-0.0388692
-0.0213288
-0.00132761
0.0155607
0.0247795
0.0320225
0.0391508
0.045224
0.0493445
0.05051
0.0480324
0.0420138
0.0359159
0.0287757
0.0196998
0.0105377
0.0032026
-0.0022323
-0.00526034
-0.00698656
-0.0113416
-0.0193328
-0.0276974
-0.0379867
-0.0517679
-0.0661978
-0.0801072
-0.0924999
-0.10035
-0.101205
-0.0974199
-0.0890686
-0.0774653
-0.0656971
-0.0568699
-0.0480698
-0.0385364
-0.0308632
-0.0276639
-0.0293208
-0.0303665
-0.0282796
-0.0237644
-0.0202344
-0.0217888
-0.028289
-0.0378847
-0.0461844
-0.0523316
-0.0576281
-0.065441
-0.0765502
-0.086984
-0.0959998
-0.102952
-0.106388
-0.106056
-0.106234
-0.105595
-0.102734
-0.100267
-0.09807
-0.0930706
-0.0836466
-0.070512
-0.0582102
-0.0513408
-0.0503484
-0.0507291
-0.0473574
-0.042758
-0.0386617
-0.033002
-0.0264306
-0.0207907
-0.0166452
-0.0148597
-0.0162647
-0.0225078
-0.0326841
-0.043878
-0.0552316
-0.0682245
-0.080754
-0.0880993
-0.0915152
-0.0920877
-0.090242
-0.084029
-0.0726905
-0.0585635
-0.0421374
-0.0216456
0.000165925
0.0178405
0.0383753
0.0657161
0.0908382
0.110954
0.128316
0.140087
0.144245
0.145495
0.144381
0.14193
0.13928
0.137623
0.135591
0.132215
0.12763
0.121699
0.115039
0.1095
0.105314
0.100999
0.0988795
0.101026
0.104315
0.108079
0.112652
0.118399
0.124614
0.129178
0.130617
0.130345
0.128036
0.124158
0.121549
0.121829
0.122932
0.125186
0.128989
0.132568
0.134494
0.134978
0.134681
0.134167
0.129965
0.119779
0.107994
0.0974274
0.0916735
0.0890864
0.0860433
0.078708
0.0689436
0.060665
0.0547431
0.0513962
0.0492671
0.048365
0.0489122
0.0514427
0.0557345
0.0597222
0.0636114
0.0679525
0.0721421
0.0761277
0.080741
0.0856023
0.0897933
0.0933217
0.0962508
0.0988486
0.0995877
0.0971774
0.0927995
0.0885096
0.0867923
0.0887796
0.0935251
0.0990178
0.103901
0.108453
0.113439
0.119676
0.126988
0.135735
0.146243
0.157838
0.167814
0.17548
0.180097
0.181746
0.179927
0.175592
0.16947
0.16351
0.161339
0.161286
0.157022
0.148454
0.136866
0.124776
0.113784
0.105078
0.0983431
0.0931597
0.0886852
0.0855535
0.0841592
0.0855989
0.0896545
0.0924236
0.0940189
0.0962297
0.0999718
0.105514
0.111542
0.117808
0.123685
0.128475
0.131284
0.131713
0.12843
0.121104
0.110941
0.0995212
0.0896162
0.0828927
0.079246
0.0769524
0.0748094
0.0725209
0.0704309
0.068933
0.0692117
0.0716198
0.0739164
0.0766601
0.080569
0.0840841
0.08554
0.0847199
0.0808702
0.0750294
0.069485
0.0645473
0.0579284
0.0537863
0.0583983
0.0672659
0.0749523
0.0783707
0.0758151
0.0678937
0.0572243
0.0448748
0.0305117
0.0147989
0.00130269
-0.0086476
-0.0141946
-0.0161538
-0.0152372
-0.0117054
-0.0034685
0.00858924
0.0160867
0.0185395
0.0195734
0.0193657
0.0184078
0.0196698
0.0217874
0.0220584
0.0227396
0.0269806
0.0354303
0.0487186
0.0632961
0.0738044
0.0776144
0.0794267
0.0786065
0.075187
0.0715074
0.069445
0.0692107
0.0704455
0.0712554
0.0698347
0.0644339
0.0549053
0.0409821
0.0253982
0.00920451
-0.00738954
-0.0238398
-0.040347
-0.0568865
-0.0732535
-0.0888994
-0.103192
-0.115086
-0.123501
-0.12789
-0.127945
-0.127588
-0.126686
-0.123856
-0.118077
-0.109309
-0.101501
-0.0957825
-0.0918292
-0.0874811
-0.0818381
-0.0751233
-0.0663285
-0.0550215
-0.0432173
-0.030944
-0.0175284
-0.0039544
0.00817441
0.0187585
0.0281184
0.0369947
0.0446342
0.0500812
0.0524338
0.0516703
0.0511683
0.0525744
0.0571629
0.0630101
0.0687977
0.0748887
0.0808794
0.0846125
0.0834647
0.0760572
0.0659938
0.0526218
0.0371505
0.0221457
0.00826587
-0.0064036
-0.0204399
-0.0301468
-0.033248
-0.0289719
-0.0226292
-0.0163955
-0.0113747
-0.00482125
0.00440325
0.0124606
0.0192116
0.0247141
0.02641
0.0226589
0.0166549
0.00848195
-0.00139762
-0.0108929
-0.0177863
-0.0211485
-0.0206283
-0.0177594
-0.0164389
-0.0162234
-0.0134402
-0.0104625
-0.0113716
-0.01536
-0.0205379
-0.0222244
-0.020455
-0.0176852
-0.0163256
-0.0169118
-0.0183903
-0.0200876
-0.0203222
-0.0168197
-0.00973945
-0.00188015
0.00806711
0.0214014
0.0365522
0.0519679
0.0652027
0.0753766
0.0827922
0.0890428
0.092742
0.0915756
0.0856506
0.077825
0.0715943
0.0669378
0.0619746
0.057248
0.0540141
0.0523215
0.0518514
0.0514379
0.0513533
0.0516504
0.0512986
0.049864
0.0478487
0.0458109
0.0438457
0.0413921
0.0383827
0.0352292
0.0315497
0.0269864
0.0220483
0.0167474
0.0115631
0.00742078
0.00476837
0.00257503
0.00120914
0.00108621
0.00151795
0.00161043
0.00062995
-0.00110489
-0.00285891
-0.0042488
-0.00524487
-0.00637432
-0.00778538
-0.0093843
-0.0109429
-0.0124617
-0.0141281
-0.0154621
-0.0161611
-0.0171828
-0.0199037
-0.0251909
-0.0326539
-0.0393821
-0.0407149
-0.0343704
-0.0231442
-0.0120582
-0.00669717
-0.00459764
-0.00429802
-0.00550064
-0.00870017
-0.0140446
-0.0210667
-0.0278401
-0.031206
-0.0337317
-0.03706
-0.0396125
-0.0423643
-0.0472713
-0.0511411
-0.051126
-0.0481522
-0.041318
-0.0296483
-0.0140753
0.00318158
0.0172116
0.0262518
0.0302517
0.0320983
0.0336
0.0342389
0.0320269
0.0260629
0.0181264
0.00709443
-0.0082772
-0.0277613
-0.0486541
-0.0672015
-0.0810091
-0.089739
-0.0957725
-0.0996842
-0.100599
-0.0998173
-0.0996882
-0.0986234
-0.0954824
-0.091777
-0.0870104
-0.0801755
-0.0713044
-0.0602438
-0.047767
-0.0358182
-0.0259863
-0.0155685
-0.00395516
0.00655894
0.015116
0.0215137
0.0259426
0.0284526
0.0306922
0.0298717
0.0238038
0.016533
0.00917839
0.00116039
-0.0077802
-0.0168081
-0.0236232
-0.0273829
-0.0294363
-0.0302708
-0.0296105
-0.0274916
-0.0241966
-0.0213062
-0.0184332
-0.0156347
-0.014308
-0.0136365
-0.0115983
-0.00685052
0.00120757
0.0107816
0.0221429
0.0352388
0.0483884
0.0603487
0.0696477
0.0753084
0.0776403
0.0790705
0.0800702
0.0810889
0.0814571
0.0802075
0.0770317
0.0740583
0.075453
0.0813566
0.0888268
0.0936971
0.0945003
0.0928157
0.0908195
0.0913738
0.0944439
0.0986914
0.101295
0.100858
0.0975801
0.0946839
0.0923757
0.0903135
0.0887819
0.0871173
0.0834966
0.0791807
0.0758002
0.0715031
0.0655873
0.0605228
0.0558592
0.0498719
0.0419298
0.0320341
0.0229929
0.0188045
0.0220298
0.0281415
0.0349747
0.0412296
0.0468493
0.0520494
0.0572569
0.0610363
0.0614641
0.0607283
0.0601734
0.0587414
0.055528
0.0512636
0.0478661
0.0461298
0.0437639
0.03914
0.0319402
0.0255845
0.0213926
0.0159091
0.0115724
0.0116688
0.0132895
0.0153492
0.0170837
0.0180162
0.017288
0.0142021
0.00835825
0.0011977
-0.00520003
-0.00905219
-0.0123933
-0.0149039
-0.0148094
-0.0132072
-0.0113722
-0.0101696
-0.00924847
-0.00790253
-0.00755063
-0.00925277
-0.0116076
-0.0142399
-0.0163479
-0.0173317
-0.0172714
-0.0175153
-0.018756
-0.0209161
-0.0225906
-0.0229998
-0.023414
-0.0236955
-0.0232539
-0.0218192
-0.0189641
-0.0152272
-0.0118287
-0.00992939
-0.0089414
-0.0088183
-0.00988489
-0.0134308
-0.021572
-0.0356563
-0.0546589
-0.0721067
-0.0838302
-0.090277
-0.100009
-0.112518
-0.1235
-0.133098
-0.140721
-0.144362
-0.14452
-0.142326
-0.136249
-0.125824
-0.11516
-0.104507
-0.0944488
-0.0876309
-0.0856318
-0.0856555
-0.086996
-0.0894416
-0.09347
-0.0985119
-0.101342
-0.1005
-0.0972449
-0.097189
-0.102315
-0.108656
-0.113849
-0.116084
-0.116137
-0.1156
-0.116494
-0.118032
-0.118874
-0.119439
-0.120087
-0.120935
-0.121589
-0.121174
-0.118787
-0.115269
-0.113005
-0.111411
-0.109349
-0.106502
-0.102598
-0.0986345
-0.0979939
-0.101246
-0.102012
-0.0994185
-0.0974125
-0.0960118
-0.0941936
-0.0914063
-0.0863613
-0.0787431
-0.0704473
-0.0631028
-0.0569527
-0.0523615
-0.0490879
-0.0461683
-0.0428205
-0.0385821
-0.0314498
-0.0202922
-0.00912563
0.000263213
0.0114457
0.0231077
0.0312399
0.0370007
0.0415979
0.0452339
0.0487967
0.053578
0.05591
0.0542097
0.0535693
0.0529881
0.0492714
0.0426321
0.0327195
0.0190773
0.00181087
-0.0170186
-0.0343731
-0.0478624
-0.0578575
-0.0629031
-0.0621776
-0.058029
-0.0507645
-0.0419577
-0.0330345
-0.0268048
-0.0248559
-0.0237143
-0.0166117
-0.00730487
-0.0023897
-0.00154327
-0.0044978
-0.0103358
-0.0181291
-0.0265846
-0.0363731
-0.0470056
-0.0560395
-0.063613
-0.0694085
-0.072386
-0.0709684
-0.0654484
-0.0579366
-0.0499642
-0.0421493
-0.0338789
-0.0246558
-0.0141761
-0.00199109
0.0114174
0.0238636
0.0315549
0.0336351
0.0312082
0.0267815
0.0243048
0.0235418
0.0243161
0.0268717
0.031103
0.036291
0.0420381
0.0491143
0.0581002
0.068665
0.079002
0.0869883
0.0924555
0.0976266
0.103802
0.111701
0.11972
0.126474
0.130815
0.131693
0.129153
0.125292
0.120589
0.11478
0.105829
0.0940707
0.0856171
0.0810595
0.0758557
0.0699497
0.0638383
0.0565477
0.0463315
0.0322409
0.0161684
0.000280927
-0.0138172
-0.0279904
-0.0440531
-0.0598822
-0.0733214
-0.0844296
-0.0926277
-0.0981277
-0.102883
-0.106679
-0.109044
-0.110135
-0.110385
-0.109332
-0.10682
-0.103677
-0.099652
-0.0949347
-0.0907036
-0.0864281
-0.0809422
-0.0761926
-0.0741224
-0.0724746
-0.0708866
-0.0704305
-0.0709593
-0.0720951
-0.0745132
-0.0772706
-0.078476
-0.0808151
-0.0866956
-0.0941662
-0.0993296
-0.0972446
-0.0879414
-0.0744677
-0.0649598
-0.0606319
-0.0568877
-0.0538718
-0.0527877
-0.052998
-0.0538369
-0.0541829
-0.0540351
-0.0535711
-0.0527342
-0.0507637
-0.0470092
-0.0427382
-0.0386096
-0.0339725
-0.0292567
-0.025871
-0.0233712
-0.0214263
-0.0203515
-0.0214258
-0.0258911
-0.0341245
-0.0445604
-0.0517001
-0.0543808
-0.0556545
-0.0556086
-0.0535266
-0.050134
-0.0451916
-0.0398059
-0.0351397
-0.0311728
-0.0262024
-0.0206582
-0.0159408
-0.0109137
-0.00480061
0.00118942
0.00516803
0.00585304
0.00500471
0.00453998
0.00537781
0.00696537
0.0079448
0.00973937
0.0126648
0.0137423
0.0120625
0.00914846
0.00487976
-0.000364001
-0.00422886
-0.00757592
-0.0129129
-0.0171441
-0.0183488
-0.0198551
-0.0219456
-0.0237757
-0.0249758
-0.0255763
-0.0265341
-0.0274243
-0.0264823
-0.025387
-0.0249084
-0.0253851
-0.0271553
-0.0289469
-0.0284235
-0.0257699
-0.0217438
-0.0172754
-0.012074
-0.00563073
0.00349211
0.015934
0.0288135
0.0429246
0.0588258
0.0748619
0.0880092
0.0968962
0.100453
0.101835
0.103053
0.105295
0.105915
0.10179
0.0927554
0.0813889
0.072052
0.0657026
0.0625469
0.0617438
0.0620369
0.0616904
0.0610995
0.0618064
0.0647286
0.0677268
0.0682151
0.0676617
0.0656359
0.0608913
0.0550216
0.0506561
0.0475046
0.0459692
0.0465801
0.0479771
0.049468
0.0517004
0.0547997
0.0584076
0.0641465
0.072592
0.0800252
0.0836289
0.0825929
0.0788006
0.0760267
0.0757717
0.0773474
0.0788215
0.0807026
0.0836804
0.0869856
0.0892589
0.0886519
0.0857431
0.0824873
0.0798865
0.0771557
0.0730718
0.0688961
0.066006
0.0629435
0.0610304
0.0634692
0.0694813
0.0766389
0.0843713
0.0914819
0.0953732
0.0961684
0.0950601
0.0924629
0.0883455
0.0848881
0.0825668
0.0819129
0.0840645
0.0889036
0.0923422
0.0933724
0.0919999
0.0884236
0.0824468
0.0758757
0.0684729
0.0608042
0.0559816
0.0541296
0.0526288
0.0519105
0.052427
0.0524771
0.0509267
0.0473185
0.0426384
0.038202
0.0336566
0.0285204
0.0228103
0.0155822
0.00669701
-0.00201089
-0.0103785
-0.0194381
-0.0284372
-0.0371698
-0.0465825
-0.0556444
-0.0624489
-0.0683762
-0.0741134
-0.0787627
-0.0819508
-0.0845475
-0.0879964
-0.0931469
-0.0981167
-0.0988252
-0.0921528
-0.0823217
-0.0721114
-0.0658996
-0.0651697
-0.0695148
-0.0760421
-0.0818438
-0.0849741
-0.0850811
-0.0817873
-0.0747163
-0.0651745
-0.0581829
-0.0547287
-0.0533355
-0.0500726
-0.0431249
-0.0362928
-0.0293521
-0.0207491
-0.0104433
0.00214827
0.0169788
0.0295278
0.0333967
0.0337174
0.0356989
0.0402204
0.0485552
0.0609753
0.0744275
0.0872979
0.101032
0.115987
0.129998
0.141723
0.149751
0.152783
0.151024
0.149003
0.146246
0.141772
0.136734
0.131825
0.126764
0.12167
0.116775
0.111416
0.105449
0.0996312
0.095087
0.0928755
0.0929364
0.0940927
0.0927416
0.090788
0.0905961
0.0889896
0.0854254
0.0814923
0.0745089
0.0629071
0.052015
0.0429784
0.0338835
0.0253893
0.0178451
0.00940782
0.00080117
-0.00551324
-0.00972524
-0.0127548
-0.0158299
-0.0180889
-0.0181244
-0.0153104
-0.0105952
-0.00812797
-0.00650018
-0.0029484
-0.00124454
-0.00333926
-0.00428444
-0.00461443
-0.00602705
-0.00523003
-0.00077165
0.00266865
0.00458076
0.00583561
0.00592169
0.00447992
0.00240186
-0.000971161
-0.00585239
-0.01133
-0.0168771
-0.0223479
-0.0251531
-0.0239778
-0.0243085
-0.0296188
-0.0359451
-0.0418042
-0.0462897
-0.0486803
-0.0498346
-0.053096
-0.0574517
-0.0616374
-0.0684317
-0.0788195
-0.0891137
-0.0990558
-0.108088
-0.113329
-0.115008
-0.116671
-0.117882
-0.11785
-0.117708
-0.117919
-0.119189
-0.12339
-0.131038
-0.137911
-0.141653
-0.141687
-0.138042
-0.133019
-0.130858
-0.131205
-0.129921
-0.125699
-0.118992
-0.112316
-0.107083
-0.103696
-0.101601
-0.0991557
-0.0946756
-0.0878337
-0.0808557
-0.0743061
-0.0674962
-0.0579998
-0.0453779
-0.0341833
-0.0246768
-0.0160722
-0.0112351
-0.0116077
-0.0126918
-0.0135782
-0.0151085
-0.0152186
-0.0125497
-0.00923258
-0.00610225
-0.00357307
-0.00364069
-0.00727236
-0.011691
-0.0154987
-0.018285
-0.0199757
-0.0206697
-0.0207147
-0.0192725
-0.0152021
-0.00924267
-0.00143927
0.00821861
0.0185846
0.0268232
0.0336618
0.039494
0.0414658
0.038789
0.0370396
0.0365727
0.0365859
0.0370304
0.0369142
0.0339525
0.0279093
0.0198234
0.0109899
0.00237645
-0.0043561
-0.00840797
-0.00921523
-0.00676924
-0.00232458
0.000138157
-0.000843151
-0.00474115
-0.00792217
-0.00850863
-0.0067402
-0.00450941
-0.00400958
-0.00427967
-0.00593285
-0.0104327
-0.0165201
-0.0224
-0.0295335
-0.0384319
-0.047203
-0.0539611
-0.0572119
-0.058117
-0.056243
-0.0512358
-0.0435938
-0.0348267
-0.0284818
-0.0249402
-0.0210409
-0.0140585
-0.00341361
0.00541235
0.00877681
0.00740271
0.00369018
0.00108227
-0.000430275
-0.00137724
-0.00233438
-0.00445313
-0.00828796
-0.0116858
-0.0129926
-0.0119868
-0.0104887
-0.0106364
-0.0113232
-0.0116151
-0.0111909
-0.00987434
-0.00844869
-0.00905494
-0.0124785
-0.0163421
-0.020064
-0.0229379
-0.0237424
-0.0204861
-0.0130734
-0.00390042
0.00346503
0.00908952
0.0119237
0.0107757
0.00762243
0.0055456
0.00394084
0.00149703
-0.00236961
-0.00752294
-0.0131661
-0.0186765
-0.0237787
-0.0284146
-0.0327286
-0.0371603
-0.0419655
-0.045939
-0.0468226
-0.045156
-0.0438408
-0.0463228
-0.0538794
-0.0630627
-0.0734319
-0.0839226
-0.0916206
-0.0958098
-0.0982352
-0.0998698
-0.100297
-0.0986916
-0.0947005
-0.0896331
-0.0838634
-0.0781902
-0.0733836
-0.0706923
-0.0708509
-0.0722487
-0.0724478
-0.0721198
-0.0725997
-0.0751592
-0.0803222
-0.0868915
-0.0915027
-0.0928398
-0.0917981
-0.0888464
-0.0850902
-0.0813532
-0.0767422
-0.0701682
-0.0627006
-0.0557775
-0.048352
-0.0405253
-0.0343903
-0.0307621
-0.0288759
-0.0260162
-0.0208262
-0.0139418
-0.00639644
0.000112988
0.00465339
0.00751445
0.0111256
0.015658
0.0197387
0.0209853
0.0183864
0.0154519
0.0136122
0.0143813
0.0188831
0.0258297
0.0294203
0.0290787
0.0262924
0.0224313
0.018665
0.0156078
0.0127745
0.00991602
0.00811731
0.00768346
0.00701618
0.00567452
0.00312962
-0.00200093
-0.00980543
-0.0172933
-0.0261943
-0.0384451
-0.0511625
-0.0626014
-0.0715517
-0.077263
-0.0791731
-0.0792782
-0.0778794
-0.075413
-0.072423
-0.0693863
-0.0665043
-0.0636874
-0.0601756
-0.0540809
-0.0449905
-0.03657
-0.0287428
-0.0191917
-0.00949778
-0.000609274
0.00936023
0.0198482
0.0284859
0.0363953
0.0451753
0.0533179
0.0604835
0.0683174
0.0761144
0.0827918
0.0891028
0.0938922
0.0950577
0.0936885
0.0920359
0.0895801
0.0863164
0.0839446
0.081169
0.0763676
0.0709546
0.0655821
0.0607487
0.0577836
0.0578553
0.0597428
0.0623339
0.0630595
0.0584103
0.0482452
0.0413788
0.0394835
0.0371243
0.0318212
0.0228893
0.0127521
0.00396573
-0.00144782
-0.00596357
-0.0102493
-0.0110952
-0.00896621
-0.00761077
-0.00560306
-0.00198759
0.000469321
0.00112161
0.000516796
-0.000989181
-0.00326837
-0.00571284
-0.00806758
-0.00904298
-0.00624011
0.000721522
0.00657236
0.00841334
0.00533597
0.00237916
0.00333357
0.0061995
0.0106739
0.015836
0.0201936
0.0230171
0.0254626
0.0282359
0.0321964
0.0372959
0.0434148
0.0503249
0.0596237
0.0723231
0.0844119
0.0926778
0.0985651
0.102952
0.106676
0.109336
0.110457
0.109661
0.106329
0.100688
0.0923362
0.0812902
0.0678658
0.0526363
0.0384536
0.0282105
0.022917
0.018694
0.016854
0.0183446
0.020542
0.0212902
0.0203079
0.0178251
0.0150786
0.0131943
0.0132349
0.0156997
0.0194126
0.0228975
0.0266636
0.0315351
0.0372004
0.0426785
0.0464638
0.0499697
0.0536882
0.0558625
0.0564299
0.0568077
0.0560248
0.0533171
0.04995
0.0462239
0.0426831
0.0394055
0.0353838
0.0292424
0.0232023
0.0200725
0.0179127
0.0163639
0.0179528
0.0222935
0.0264441
0.0278772
0.0268813
0.0292362
0.0368945
0.0484197
0.0582684
0.0626536
0.0640471
0.0619203
0.0569647
0.0514744
0.0470664
0.0440712
0.0421448
0.0408163
0.0393224
0.037186
0.0344047
0.0308021
0.0267808
0.0244872
0.0247249
0.0251889
0.0274044
0.0340209
0.0446247
0.0573972
0.067433
0.0714697
0.0685147
0.0636244
0.0604909
0.0587435
0.0588871
0.0615201
0.0645203
0.0665717
0.0683086
0.0692673
0.0685449
0.0670169
0.0651238
0.0629045
0.0620455
0.0651206
0.0708508
0.0779792
0.0851359
0.0895773
0.0878145
0.0824608
0.0757576
0.0685592
0.0618459
0.0582184
0.0577097
0.0599812
0.0634451
0.0668341
0.0674669
0.0655684
0.0613466
0.0548299
0.0449156
0.0318776
0.0189889
0.00941563
0.00361544
-0.00023353
-0.00468039
-0.00982942
-0.0161644
-0.0248053
-0.034151
-0.0413582
-0.0456387
-0.04676
-0.0452739
-0.0402785
-0.0322447
-0.0242167
-0.0176238
-0.0129887
-0.00972942
-0.00687393
-0.00454989
-0.00269938
-0.000151136
0.00218369
0.00245666
-0.000271677
-0.00686589
-0.0153623
-0.0257156
-0.0381284
-0.052739
-0.0664112
-0.0738784
-0.0783655
-0.0843723
-0.0943632
-0.106302
-0.114056
-0.116144
-0.113875
-0.112847
-0.11349
-0.114298
-0.112838
-0.107681
-0.101039
-0.0923499
-0.0816496
-0.0703295
-0.0589623
-0.0468989
-0.0337616
-0.0204467
-0.0087577
-0.000739299
0.00373779
0.00364005
0.000886945
-0.00250178
-0.00303141
0.00136571
0.00900479
0.0142743
0.0157092
0.0142806
0.0136465
0.0153535
0.0184336
0.0212698
0.0227782
0.0252765
0.0292268
0.0323055
0.0348007
0.037803
0.0410329
0.0446336
0.0487431
0.0524578
0.0542629
0.0535983
0.0489181
0.0406579
0.0305557
0.0211283
0.011988
0.00256216
-0.00669722
-0.0147413
-0.0197426
-0.0202009
-0.0167784
-0.0134594
-0.0103179
-0.00668333
-0.00218622
0.00353722
0.00957769
0.0132189
0.0127299
0.0119677
0.0107259
0.00665497
0.00210066
0.00125266
0.00462221
0.0122118
0.022293
0.0336895
0.0444016
0.0535515
0.0612479
0.0680329
0.073551
0.0778392
0.0821138
0.0869465
0.0925408
0.0972973
0.0996715
0.100879
0.101689
0.101496
0.100809
0.0998016
0.0962687
0.0898803
0.0851451
0.0811527
0.076022
0.0710564
0.0672411
0.0644464
0.0634912
0.0631796
0.0585257
0.0503664
0.0454301
0.0450895
0.0477468
0.0492755
0.0466268
0.0388084
0.0288845
0.0212343
0.015145
0.00936406
0.00293148
-0.00468194
-0.0135436
-0.0229328
-0.0327312
-0.0428526
-0.0524475
-0.0608949
-0.0684418
-0.0749796
-0.0797719
-0.0815011
-0.0785242
-0.0718699
-0.0628014
-0.0548491
-0.051588
-0.0541712
-0.0569974
-0.0572009
-0.052413
-0.0454838
-0.0390404
-0.0332484
-0.0284436
-0.0255949
-0.0254252
-0.0282629
-0.0325629
-0.0380677
-0.0434868
-0.0486611
-0.0536227
-0.0579096
-0.0626294
-0.0680897
-0.0713753
-0.0706948
-0.0691166
-0.0672646
-0.0653182
-0.0633527
-0.0613863
-0.0595928
-0.0592046
-0.0615517
-0.0661445
-0.0712298
-0.0737737
-0.0753779
-0.0788153
-0.0837598
-0.0900553
-0.0966441
-0.100563
-0.0999917
-0.0993368
-0.0996618
-0.0990434
-0.0974914
-0.0955402
-0.0927711
-0.0893938
-0.0870707
-0.0854788
-0.0837416
-0.0817935
-0.0790512
-0.0745903
-0.0690067
-0.0638128
-0.0599309
-0.0583858
-0.0591523
-0.0604439
-0.0598779
-0.057792
-0.0545707
-0.050273
-0.0443546
-0.0369538
-0.0297394
-0.0235608
-0.0172148
-0.00884536
0.00191784
0.0113978
0.0162224
0.0173192
0.0150268
0.0127757
0.0139467
0.0189224
0.0223279
0.0237693
0.0247113
0.024591
0.0232982
0.0225084
0.0222739
0.0222452
0.0228781
0.024914
0.0286666
0.0336713
0.0382111
0.0427014
0.0484538
0.0562946
0.0654333
0.0734025
0.0807447
0.0886877
0.0977199
0.106105
0.110063
0.107527
0.0995854
0.0918745
0.0864752
0.0830107
0.0805331
0.0783765
0.0761573
0.0749636
0.0766392
0.0815607
0.0898868
0.0998338
0.109852
0.117876
0.124184
0.12828
0.129086
0.127798
0.128084
0.128437
0.127105
0.125001
0.122142
0.118574
0.11563
0.114513
0.114782
0.116863
0.120502
0.123622
0.125067
0.126504
0.128662
0.131168
0.133048
0.1332
0.131335
0.12837
0.126003
0.122037
0.115135
0.10834
0.102278
0.0958684
0.0892412
0.0830531
0.0778668
0.0747431
0.0737374
0.0724481
0.0698608
0.0683068
0.0669246
0.064548
0.0631989
0.0631689
0.0608276
0.0577446
0.0561002
0.053307
0.0485584
0.0445967
0.0425059
0.042542
0.0437233
0.0454322
0.0461064
0.045653
0.0443873
0.0424517
0.0395674
0.0364139
0.0341151
0.0348031
0.0403389
0.0493491
0.053503
0.0520398
0.0469492
0.0391859
0.0294213
0.0214894
0.0143927
0.00567913
-0.00478076
-0.0165192
-0.0283712
-0.0413584
-0.0553838
-0.0676974
-0.0786262
-0.0892294
-0.0984894
-0.105601
-0.111234
-0.113866
-0.111964
-0.106856
-0.101352
-0.100436
-0.103763
-0.107727
-0.10792
-0.104835
-0.103061
-0.103277
-0.104461
-0.104703
-0.102883
-0.0995117
-0.0967462
-0.0957076
-0.0948735
-0.0948356
-0.0972622
-0.101008
-0.105419
-0.110998
-0.116796
-0.120326
-0.121409
-0.119655
-0.11496
-0.107651
-0.100669
-0.0946207
-0.0900384
-0.0878438
-0.0867148
-0.0836827
-0.0807042
-0.0785195
-0.0736503
-0.0665982
-0.0609169
-0.0576678
-0.055148
-0.0488236
-0.0400571
-0.0340475
-0.0304492
-0.0271004
-0.0210454
-0.01381
-0.00905396
-0.0055461
-0.00202358
0.000827832
0.00322169
0.00598149
0.00789748
0.00791145
0.00698724
0.00394237
-0.00152897
-0.00666024
-0.00932564
-0.0105418
-0.0108213
-0.0112291
-0.011328
-0.0110638
-0.0118012
-0.0140288
-0.0176725
-0.0221049
-0.0263367
-0.0290966
-0.028411
-0.0242266
-0.0215738
-0.0237372
-0.0300257
-0.0350462
-0.0329977
-0.0274577
-0.0211739
-0.0159535
-0.0104785
-0.00367878
0.00267706
0.00827811
0.0148029
0.0220928
0.0290869
0.0348407
0.0388422
0.0417078
0.0420136
0.038678
0.0334119
0.0260361
0.0170849
0.00634188
-0.00564828
-0.0173339
-0.0261999
-0.0306171
-0.0351265
-0.0441317
-0.0574655
-0.0728594
-0.0848907
-0.0927749
-0.0975695
-0.102449
-0.107061
-0.111051
-0.116401
-0.123581
-0.131421
-0.139132
-0.145811
-0.15118
-0.15535
-0.158457
-0.158902
-0.156236
-0.154287
-0.153146
-0.15097
-0.150329
-0.152519
-0.153642
-0.152832
-0.150316
-0.145663
-0.139397
-0.13448
-0.132204
-0.132019
-0.130107
-0.123517
-0.114108
-0.103316
-0.0939544
-0.0848168
-0.0753062
-0.0675991
-0.0613694
-0.0539288
-0.0457101
-0.0376048
-0.0297014
-0.0218178
-0.0135147
-0.0044866
0.00419738
0.00931534
0.0115627
0.015551
0.0212187
0.0268521
0.031248
0.0352023
0.040408
0.0442432
0.0442079
0.0433054
0.0424306
0.0404088
0.0357874
0.0286535
0.022615
0.0180718
0.0134677
0.0105558
0.0107571
0.0117166
0.0124164
0.0123464
0.0109269
0.00849048
0.00758215
0.00999014
0.0161284
0.0236625
0.0301848
0.0343574
0.0360046
0.0363516
0.0362514
0.0365084
0.0380559
0.0404681
0.0426524
0.0456343
0.0492031
0.0502848
0.0491526
0.0483764
0.0476308
0.0468876
0.0475742
0.0480056
0.0457557
0.0447432
0.0460314
0.0431063
0.0345259
0.0233872
0.0115571
0.000102108
-0.0104737
-0.0206738
-0.0305578
-0.0390837
-0.046904
-0.0573387
-0.069001
-0.0785398
-0.0846939
-0.0868812
-0.0866343
-0.0862687
-0.0862099
-0.0841771
-0.0794676
-0.0740554
-0.069415
-0.066583
-0.0655041
-0.0668499
-0.0703844
-0.0737588
-0.0756392
-0.0772969
-0.0783929
-0.0775823
-0.0753874
-0.0722233
-0.0682437
-0.0632961
-0.0579143
-0.0518775
-0.0449989
-0.0380493
-0.0316098
-0.0258618
-0.019745
-0.012957
-0.00700754
-0.00287814
-0.000131978
0.00274322
0.0070826
0.01295
0.0199686
0.0270383
0.0342368
0.041161
0.0463067
0.0493158
0.0522889
0.0538345
0.0525941
0.0506889
0.0482441
0.0445338
0.0401466
0.036483
0.0340965
0.0326269
0.0311046
0.03029
0.0309855
0.0324174
0.0352709
0.0401909
0.0452365
0.0480175
0.0477041
0.0456
0.0455876
0.0487221
0.0540468
0.0577301
0.0590958
0.0600605
0.0599855
0.0587791
0.058719
0.0587649
0.0557371
0.0508313
0.0453734
0.0396252
0.0341194
0.0295976
0.0250527
0.0209829
0.0203229
0.0226225
0.0257543
0.0288538
0.0321771
0.0368531
0.0431175
0.0484978
0.047556
0.0388668
0.0315373
0.0254194
0.0188898
0.0143879
0.0120401
0.00810214
0.00290919
-0.00226813
-0.0082069
-0.014546
-0.0197022
-0.0231577
-0.0244314
-0.0225439
-0.0186268
-0.0160879
-0.013816
-0.0106801
-0.00811331
-0.00676807
-0.00648207
-0.00728804
-0.00882211
-0.00926238
-0.00865154
-0.0078667
-0.00715821
-0.00659673
-0.00654538
-0.00760225
-0.0101889
-0.0137093
-0.0174085
-0.0203573
-0.0236881
-0.0284579
-0.0334837
-0.037214
-0.0390705
-0.0388515
-0.037348
-0.036129
-0.0350409
-0.0326075
-0.0281984
-0.0218435
-0.0144936
-0.00660701
0.000316623
0.00582962
0.00969656
0.0120314
0.0128976
0.0143604
0.0181319
0.0245952
0.0303265
0.0335673
0.0348373
0.0352213
0.035543
0.034351
0.0307029
0.0264757
0.022155
0.0181766
0.0147927
0.0117504
0.00791105
0.00159879
-0.00794826
-0.0179255
-0.0256417
-0.0285686
-0.0260479
-0.0198139
-0.0163728
-0.01473
-0.0116063
-0.00864274
-0.00668351
-0.00363723
-0.00112826
-0.00210656
-0.00466304
-0.00727791
-0.0102498
-0.0129604
-0.0145302
-0.0157973
-0.0168382
-0.0162242
-0.0136823
-0.00901951
-0.000864076
0.0120439
0.0264956
0.0406786
0.0517883
0.0573689
0.0580003
0.0607232
0.0656374
0.0705185
0.0741554
0.0763869
0.0786732
0.0803979
0.0801135
0.076628
0.0699565
0.0630167
0.0552321
0.045902
0.0368246
0.0295079
0.0244775
0.0191378
0.0123968
0.00678217
0.00388984
0.00335793
0.00463537
0.00715215
0.00981389
0.0133403
0.0182333
0.0231134
0.0271493
0.0309561
0.0344702
0.0370601
0.0382793
0.0376401
0.0358854
0.0339014
0.0323773
0.0297145
0.0251698
0.0206873
0.0165519
0.0125688
0.00900565
0.00608274
0.00436939
0.00544679
0.00941081
0.0121155
0.0132555
0.0148074
0.0145691
0.0109207
0.00690423
0.00357149
0.00106066
0.000723534
0.00273248
0.00378644
0.00436839
0.00616841
0.00924927
0.0135716
0.0186952
0.0230906
0.0255618
0.0280711
0.0315564
0.0339548
0.0356056
0.0364291
0.0332263
0.0250559
0.014746
0.0117061
0.0133872
0.0160857
0.0178636
0.0175446
0.0153871
0.0127073
0.010857
0.010251
0.0104532
0.0111586
0.0122887
0.0148443
0.0188014
0.0227028
0.0264894
0.0300164
0.0323379
0.0334441
0.0341741
0.0336152
0.0312669
0.02905
0.0283825
0.0291076
0.0275065
0.0210644
0.0127823
0.00572887
0.00242168
0.000622996
-0.000789631
-0.000124943
0.00155457
0.00155561
-0.00114385
-0.00632008
-0.0113213
-0.0161765
-0.0214433
-0.0267473
-0.0316189
-0.0354137
-0.0384059
-0.0412544
-0.0442828
-0.0464719
-0.0464498
-0.0443259
-0.0421792
-0.0429357
-0.0482486
-0.0552139
-0.0545727
-0.0446258
-0.040785
-0.0428652
-0.0429431
-0.0404657
-0.0366295
-0.0335412
-0.0317053
-0.0305668
-0.0306645
-0.0318783
-0.0318346
-0.0300142
-0.0268484
-0.0224144
-0.016621
-0.0100415
-0.0025638
0.0050516
0.0119129
0.0171353
0.0202319
0.0198941
0.015921
0.00866293
-0.000719282
-0.00855071
-0.0154973
-0.0231973
-0.0320292
-0.0413667
-0.049329
-0.055913
-0.0621532
-0.0689198
-0.0755744
-0.0808521
-0.0859904
-0.0916036
-0.0962788
-0.0992809
-0.101258
-0.102974
-0.105706
-0.11046
-0.112938
-0.10727
-0.098169
-0.0915014
-0.090081
-0.0934281
-0.0990113
-0.103614
-0.10577
-0.107759
-0.109723
-0.110953
-0.11143
-0.110933
-0.109339
-0.107033
-0.104112
-0.0988415
-0.090659
-0.0824182
-0.0734212
-0.0627437
-0.0520698
-0.0404846
-0.0239395
-0.00697633
0.0009525
0.0038463
0.00654962
0.0107432
0.0162674
0.0218592
0.0268074
0.0308435
0.0342619
0.0365258
0.0373011
0.0381368
0.0395852
0.0399618
0.0398335
0.0413842
0.043293
0.0441555
0.0442487
0.0438947
0.0434651
0.0426961
0.0410273
0.0383049
0.035073
0.0326163
0.0305767
0.0284713
0.0261466
0.0228075
0.0176476
0.0114153
0.00532015
0.000757327
-0.00259854
-0.00515263
-0.00601011
-0.00518919
-0.00513325
-0.00484196
-0.00295249
-0.000821749
0.000199948
4.54552e-05
-0.000795261
-0.00179195
-0.00326459
-0.00566824
-0.00869155
-0.012419
-0.0172165
-0.0237092
-0.0312472
-0.0363036
-0.0375175
-0.0356328
-0.0339884
-0.0328658
-0.030676
-0.0273811
-0.0238451
-0.0208597
-0.0180751
-0.0145413
-0.0107017
-0.00745354
-0.00484881
-0.0029399
-0.00172451
-0.00140243
-0.00256113
-0.00630514
-0.0135394
-0.0227284
-0.0305083
-0.0332356
-0.0326701
-0.0310024
-0.0310105
-0.0324797
-0.0344051
-0.0357154
-0.0356531
-0.0342564
-0.0325009
-0.0306995
-0.0279132
-0.0243774
-0.0214161
-0.0186715
-0.0158501
-0.0143206
-0.0136856
-0.0120795
-0.0103427
-0.0095404
-0.00836449
-0.00523812
0.000276649
0.00535337
0.00618723
0.003134
-0.00174294
-0.0048782
-0.00714033
-0.00978321
-0.0112479
-0.0112946
-0.0111548
-0.0104637
-0.00920094
-0.00907586
-0.00984383
-0.0100302
-0.0108513
-0.0135398
-0.0162494
-0.018866
-0.0220955
-0.0245615
-0.024708
-0.0237977
-0.0218408
-0.0185855
-0.0150315
-0.0121869
-0.00860435
-0.00483501
-0.00304758
-0.00224035
-0.000791835
0.000442057
0.00138051
0.00322834
0.00517717
0.00620045
0.00732179
0.00903194
0.010942
0.0128583
0.0147899
0.0171159
0.0204635
0.0248563
0.0290242
0.0314486
0.0327988
0.0337769
0.0348032
0.0367692
0.0401232
0.0430018
0.0445887
0.0467346
0.0490284
0.0500297
0.0501376
0.0497496
0.0489321
0.04744
0.0455637
0.0439115
0.0429509
0.0425321
0.0416943
0.0393426
0.0370023
0.035838
0.0349024
0.0339663
0.0326342
0.0298536
0.024882
0.0190271
0.0143635
0.0139349
0.0171541
0.0221104
0.0253941
0.0270336
0.028189
0.0287938
0.0285797
0.0276228
0.0254611
0.0222988
0.0191585
0.0162687
0.0128836
0.00991893
0.00923724
0.0103955
0.0129413
0.0161936
0.0194553
0.0214686
0.0237465
0.0276307
0.0323648
0.0373591
0.0411574
0.0420798
0.0404405
0.0406653
0.0435441
0.0464431
0.0487065
0.0505286
0.0526212
0.055328
0.0584602
0.0615119
0.0641242
0.0667466
0.0689035
0.0695955
0.0697171
0.0699708
0.0684425
0.0646507
0.0614609
0.0588623
0.055859
0.0517026
0.0460536
0.0393847
0.0319017
0.0242725
0.0173561
0.012074
0.0087374
0.00560906
0.00181578
-0.00142377
-0.00360931
-0.00518869
-0.00600873
-0.00577778
-0.00467212
-0.00181624
0.00287201
0.00773595
0.011959
0.0164787
0.0213013
0.0253107
0.0280813
0.029366
0.0290069
0.0267382
0.0240879
0.0213267
0.0179382
0.0150523
0.0123312
0.00935664
0.0062521
0.00380297
0.00279043
0.00265602
0.00321126
0.00426339
0.00606519
0.00822303
0.00928899
0.00851665
0.00684495
0.00499594
0.00366566
0.00255238
0.00116526
-0.00107786
-0.00513874
-0.0104647
-0.0133819
-0.0130523
-0.0118579
-0.0109091
-0.0108867
-0.0108524
-0.0103957
-0.00988956
-0.00963789
-0.00979897
-0.0101304
-0.0109292
-0.0126064
-0.0147102
-0.0164321
-0.0177374
-0.0185631
-0.0190498
-0.0200864
-0.0218024
-0.0226818
-0.0225196
-0.0220676
-0.0201362
-0.0164793
-0.0138914
-0.0131287
-0.0128893
-0.012473
-0.0113806
-0.00936614
-0.00670036
-0.00438725
-0.00286074
-0.0021221
-0.00139176
-0.000173124
0.00170186
0.00392104
0.00652175
0.00989965
0.0137827
0.0171465
0.0201054
0.0225178
0.0236676
0.0238061
0.0242183
0.0247085
0.0248687
0.0249432
0.0246979
0.0238143
0.0228675
0.0225029
0.0221241
0.0218211
0.0221489
0.0227382
0.0230878
0.0236488
0.0246016
0.025628
0.0264392
0.0268075
0.0269124
0.0270324
0.0273103
0.0269544
0.0255947
0.0248017
0.0247637
0.0245022
0.0242077
0.024004
0.0234073
0.0226556
0.0224649
0.022456
0.0224514
0.0229455
0.0236619
0.0237928
0.0238818
0.0245322
0.0255889
0.0266785
0.0272996
0.0278291
0.0286284
0.0295991
0.030391
0.0306506
0.030804
0.031424
0.032275
0.0332563
0.0341557
0.0341753
0.0330847
0.0326733
0.0337219
0.0356782
0.0376942
0.0388179
0.0393131
0.0395877
0.0400135
0.0403687
0.0403942
0.0402569
0.0398227
0.038895
0.0377299
0.0366945
0.0356176
0.0343905
0.033083
0.0317199
0.0303314
0.0289553
0.0277584
0.0270411
0.0269982
0.0272922
0.0267929
0.0252539
0.0233647
0.0214322
0.019847
0.01882
0.0181945
0.0174782
0.0165851
0.0156836
0.0150532
0.0144392
0.0133014
0.0120896
0.0112115
0.0105585
0.0100801
0.00965515
0.00893796
0.0077904
0.00660457
0.00547238
0.00439265
0.00312419
0.00156963
0.000117728
-0.00122348
-0.00253271
-0.00382156
-0.0049887
-0.0058585
-0.00647064
-0.00695188
-0.00728732
-0.00751444
-0.00779649
-0.00801552
-0.00803657
-0.00799805
-0.00794034
-0.00788461
-0.00790544
-0.00802614
-0.00804394
-0.0079705
-0.00804979
-0.00822094
-0.00834007
-0.00845143
-0.00858172
-0.00872952
-0.00894191
-0.00921442
-0.00937036
-0.00943829
-0.00957332
-0.00967276
-0.00960761
-0.00949494
-0.00934681
-0.00918117
-0.00918571
-0.00953289
-0.0100401
-0.0106402
-0.011185
-0.0115444
-0.0116722
-0.011804
-0.0119935
-0.0121692
-0.012335
-0.012557
-0.0129133
-0.0133584
-0.0136706
-0.0136857
-0.0134299
-0.0133105
-0.0134382
-0.0136809
-0.0140446
-0.0145112
-0.0148864
-0.0151348
-0.0153303
-0.0154489
-0.0154826
-0.0155254
-0.0155389
-0.0154684
-0.0153434
-0.015225
-0.0151932
-0.0152557
-0.0153353
-0.0153486
-0.0152296
-0.0150003
-0.0146815
-0.0144129
-0.0143613
-0.0145782
-0.014826
-0.0150283
-0.0151056
-0.0150985
-0.0150843
-0.0151293
-0.0151845
-0.0151767
-0.0151202
-0.0150234
-0.0148937
-0.0147512
-0.0146076
-0.014412
-0.0141638
-0.0139651
-0.0137896
-0.0135974
-0.0134408
-0.0133266
-0.0131681
-0.0129819
-0.0128099
-0.0126371
-0.0124695
-0.0123468
-0.0122571
-0.01217
-0.0120839
-0.0120078
-0.0119547
-0.0119172
-0.0118795
-0.011836
-0.0117898
-0.0117473
-0.0116923
-0.0116059
-0.0115023
-0.0113971
-0.011302
-0.011209
-0.0111114
-0.0110184
-0.0109268
-0.0108171
-0.0106898
-0.0105559
-0.0104259
-0.0103002
-0.0101737
-0.0100407
-0.00989959
-0.00975931
-0.00962532
-0.00950179
-0.00937874
-0.00924836
-0.00912221
-0.00900423
-0.00888905
-0.00877695
-0.00866605
-0.00854925
-0.00843045
-0.00832833
-0.00823522
-0.00814146
-0.00805686
-0.00799268
-0.00794668
-0.00791065
-0.00786567
-0.00779412
-0.00769721
-0.00760542
-0.00752657
-0.00745786
-0.00738519
-0.00730283
-0.00721419
-0.00712201
-0.0070282
-0.00693066
-0.0068306
-0.00673731
-0.00665043
-0.00656598
-0.00648086
-0.00639556
-0.00631554
-0.00624006
-0.0061671
-0.00609742
-0.00602961
-0.00595652
-0.0058778
-0.00579736
-0.00572146
-0.00565043
-0.00557671
-0.00549678
-0.0054107
-0.00532479
-0.00523952
-0.0051525
-0.00506564
-0.00498169
-0.00489985
-0.00481935
-0.00473881
-0.00465864
-0.00457954
-0.00450145
-0.00442366
-0.00434427
-0.00426409
-0.00418439
-0.00410499
-0.00402601
-0.00394736
-0.00386814
-0.0037875
-0.00370602
-0.00362405
-0.00354209
-0.00346065
-0.00338001
-0.00329957
-0.0032191
-0.00313852
-0.00305774
-0.00297684
-0.00289622
-0.00281586
-0.00273551
-0.00265517
-0.00257486
-0.0024945
-0.00241414
-0.0023339
-0.00225374
-0.00217366
-0.00209381
-0.00201418
-0.00193469
-0.00185538
-0.00177626
-0.00169727
-0.00161839
-0.00153958
-0.00146084
-0.00138218
-0.00130361
-0.00122512
-0.0011467
-0.00106838
-0.000990136
-0.000911974
-0.000833891
-0.000755888
-0.000677968
-0.00060013
-0.000522377
-0.00044471
-0.000367131
-0.000289639
-0.000212239
-0.000134929
-5.77112e-05
1.94115e-05
9.64378e-05
