-0.00780128
-0.00783575
-0.00787036
-0.00790498
-0.00793973
-0.00797442
-0.00800914
-0.00804365
-0.00807811
-0.00811258
-0.00814765
-0.00818342
-0.00822015
-0.00825802
-0.00829593
-0.0083304
-0.00836063
-0.00839022
-0.00842293
-0.00845903
-0.00849883
-0.00854237
-0.00858994
-0.00863701
-0.00867187
-0.00869182
-0.00871895
-0.00877173
-0.00882489
-0.00884327
-0.00883103
-0.00882127
-0.0088299
-0.00885227
-0.00890391
-0.00899942
-0.00912156
-0.00919549
-0.00916403
-0.00905593
-0.00894571
-0.00892174
-0.00900273
-0.00914803
-0.00938939
-0.00977257
-0.0101856
-0.0103741
-0.0102885
-0.010096
-0.00988342
-0.00954828
-0.00907491
-0.0089702
-0.00935489
-0.00938449
-0.00868485
-0.00806096
-0.00833226
-0.00931522
-0.0103769
-0.0112429
-0.0117901
-0.0116994
-0.011004
-0.0100613
-0.00910839
-0.00811011
-0.00694435
-0.00562321
-0.00485415
-0.00559843
-0.00763414
-0.0100219
-0.0118651
-0.0123008
-0.0114743
-0.0102836
-0.00927224
-0.00854931
-0.0087218
-0.0101108
-0.0121852
-0.013749
-0.0132326
-0.0106481
-0.00735502
-0.00426607
-0.00147413
-0.000338235
-0.00236729
-0.00673216
-0.0123431
-0.0188824
-0.0228136
-0.0223308
-0.022107
-0.0237558
-0.0212679
-0.011681
0.00162534
0.0140135
0.0199245
0.0166587
0.00832303
0.000825082
-0.00278396
-0.00410333
-0.00748468
-0.0157736
-0.0273344
-0.0377153
-0.0372732
-0.0211182
0.00324177
0.0201052
0.0183483
0.00421319
-0.00837847
-0.00994328
-0.00282854
0.00501486
0.00996028
0.0126024
0.0132683
0.0119553
0.0067178
-0.0037279
-0.0157204
-0.0171613
-0.00130499
0.0195628
0.0240899
0.00922462
-0.0113467
-0.0266195
-0.0299528
-0.0185566
0.000735847
0.0112531
-0.0024442
-0.0298753
-0.0495338
-0.055783
-0.0499296
-0.0323849
-0.00904892
0.0067934
0.00822677
0.00195281
-0.00580177
-0.0170111
-0.0248245
-0.012998
0.0128491
0.0279813
0.0235874
0.00660543
-0.0160405
-0.0312404
-0.0227785
0.00289392
0.0232064
0.0293801
0.0289213
0.0250212
0.014647
-0.00773386
-0.0426641
-0.0575004
-0.0227813
0.0309864
0.0485504
0.0220443
-0.0232203
-0.0681582
-0.102675
-0.101979
-0.0590339
0.000581119
0.0351198
0.022731
-0.0155481
-0.0429257
-0.0376519
-0.0110528
0.0146999
0.0265407
0.0144593
-0.0179273
-0.0556775
-0.0762457
-0.0548079
-0.00421252
0.0236952
0.00345988
-0.0385681
-0.0612794
-0.0534713
-0.0353799
-0.0289597
-0.0426284
-0.067536
-0.0894503
-0.0871545
-0.0478289
0.0073073
0.0518418
0.0757582
0.0691457
0.0358216
-0.00641165
-0.0442713
-0.0624755
-0.0444542
0.0135854
0.0975056
0.169508
0.209531
0.233092
0.261268
0.29494
0.304382
0.267683
0.198547
0.11247
0.0172901
-0.0644038
-0.0956331
-0.0818966
-0.0712809
-0.0956064
-0.141477
-0.180087
-0.181887
-0.138626
-0.0748786
-0.0149544
0.0382985
0.092515
0.149812
0.206929
0.26163
0.314109
0.349494
0.337074
0.284235
0.245917
0.255028
0.274048
0.262316
0.22462
0.173926
0.0958685
-0.00967817
-0.0923082
-0.116659
-0.0954704
-0.06091
-0.0317953
-0.0132864
-0.017647
-0.0463122
-0.0813433
-0.0979381
-0.0914509
-0.0717298
-0.0423974
-0.0085093
0.0085604
-0.00305394
-0.0183832
-0.0134196
-0.00798967
-0.0279505
-0.0683799
-0.109655
-0.142853
-0.165626
-0.158344
-0.114418
-0.0540325
0.00278288
0.04843
0.0624623
0.0326493
-0.0209758
-0.0707488
-0.0870738
-0.0546004
0.00529926
0.0639884
0.102134
0.0853339
0.00845329
-0.0921105
-0.17818
-0.207897
-0.169772
-0.101218
-0.0393542
0.010557
0.0614623
0.120202
0.17268
0.18468
0.149512
0.0924001
0.0377569
-0.00272636
-0.0156566
-0.00296446
0.015446
0.0163322
-0.0123877
-0.0588963
-0.105178
-0.144619
-0.172425
-0.182941
-0.173627
-0.141803
-0.0953021
-0.0463135
-0.000170542
0.0447323
0.0816299
0.0885943
0.0643121
0.0319044
0.0273919
0.0687519
0.126121
0.163785
0.176189
0.16037
0.117017
0.0605133
0.00471529
-0.0438425
-0.0840425
-0.117148
-0.118393
-0.0605436
0.0269238
0.086422
0.10581
0.113978
0.123454
0.112258
0.0713417
0.0171893
-0.0280031
-0.0399376
-0.0157926
0.0218932
0.0538175
0.0701473
0.0645784
0.0436576
0.00701849
-0.0597877
-0.152976
-0.249883
-0.291644
-0.222324
-0.080073
0.0520216
0.143107
0.207132
0.224296
0.181099
0.105965
0.0325107
-0.0286945
-0.0565386
-0.0203798
0.0623806
0.129143
0.127192
0.0738731
0.0177811
-0.017163
-0.0374431
-0.0589075
-0.0908364
-0.135452
-0.182142
-0.197297
-0.163679
-0.102791
-0.0385235
0.0229836
0.0861821
0.149586
0.179052
0.146992
0.0769877
0.00734872
-0.0472216
-0.0675435
-0.0270642
0.0571483
0.128488
0.133975
0.0876301
0.063771
0.119203
0.227731
0.312935
0.294426
0.179807
0.0424375
-0.0701318
-0.14127
-0.164223
-0.169117
-0.197542
-0.241741
-0.245536
-0.18932
-0.0925067
0.0235467
0.11609
0.167547
0.201121
0.233921
0.223528
0.133591
-0.0046556
-0.13707
-0.206735
-0.187198
-0.119314
-0.0549506
-0.00906232
0.014685
0.00897945
-0.0169403
-0.0464735
-0.0722307
-0.09658
-0.116056
-0.110373
-0.0747326
-0.0271817
0.0108589
0.0189956
-0.00245151
-0.0441054
-0.105303
-0.180605
-0.254141
-0.285913
-0.256014
-0.187014
-0.0978345
0.00195274
0.0779829
0.0829918
0.0429811
0.0337949
0.0707
0.101426
0.0940965
0.0661019
0.0449008
0.0382547
0.0472389
0.0708702
0.0957964
0.0896581
0.0404881
-0.0281093
-0.0892957
-0.131598
-0.16166
-0.183292
-0.176436
-0.134463
-0.0762497
-0.0195975
0.029036
0.0477437
0.0185362
-0.036739
-0.0751319
-0.0812291
-0.0744259
-0.0730005
-0.0653022
-0.0327185
0.0192452
0.0632967
0.0633289
0.0208797
-0.0103014
0.0189982
0.0930777
0.158144
0.150632
0.0623256
-0.0521578
-0.108666
-0.0593251
0.0155405
0.0476578
0.0611518
0.0743858
0.0599775
0.00991529
-0.0330341
-0.0159464
0.0532672
0.130354
0.179422
0.16297
0.0826929
-0.0188973
-0.110477
-0.184391
-0.216093
-0.194213
-0.159811
-0.176261
-0.249546
-0.333408
-0.361212
-0.30104
-0.199632
-0.131312
-0.113768
-0.0990247
-0.034968
0.0657918
0.147923
0.173279
0.130857
0.0380532
-0.090209
-0.225427
-0.320847
-0.327042
-0.240827
-0.0811312
0.131858
0.360589
0.543526
0.621896
0.611465
0.579397
0.547724
0.443804
0.230843
-0.0239767
-0.205963
-0.281916
-0.302043
-0.284631
-0.226671
-0.142431
-0.0531676
0.03146
0.111656
0.152634
0.0961549
-0.0311269
-0.148055
-0.223213
-0.283209
-0.344167
-0.360266
-0.304631
-0.211999
-0.140105
-0.1404
-0.195776
-0.20705
-0.115924
0.0309797
0.166956
0.274873
0.342585
0.334116
0.264353
0.184639
0.121638
0.0668285
0.00718314
-0.0332113
-0.0154268
0.0496148
0.121709
0.165014
0.150922
0.0916511
0.0249154
0.00149145
0.0755225
0.226301
0.380146
0.495911
0.581729
0.599274
0.502621
0.341804
0.20352
0.110824
0.0356116
-0.0455513
-0.126661
-0.189827
-0.229123
-0.231098
-0.192028
-0.1065
0.029601
0.156977
0.205694
0.179411
0.145661
0.147812
0.149761
0.112101
0.0453082
-0.00885379
-0.0121
0.026801
0.0720255
0.102091
0.0968449
0.0395471
-0.0767728
-0.242734
-0.337496
-0.255886
-0.058548
0.124412
0.173777
0.0747483
-0.0726648
-0.151186
-0.1298
-0.0753385
-0.0649809
-0.106922
-0.141363
-0.117673
-0.0524258
0.00985071
0.0313524
-0.00227566
-0.0641731
-0.106426
-0.0913047
-0.0338131
0.010397
-0.0146236
-0.0998506
-0.195552
-0.270202
-0.293148
-0.242199
-0.146184
-0.0533269
-0.0163316
-0.054128
-0.127969
-0.183381
-0.159241
-0.0472688
0.09776
0.212662
0.232185
0.157535
0.0532825
-0.03418
-0.107507
-0.187052
-0.272651
-0.310596
-0.258773
-0.153416
-0.0775775
-0.0895939
-0.161532
-0.233844
-0.283563
-0.304013
-0.26967
-0.185715
-0.086618
0.00408152
0.0695061
0.0767328
0.0288463
-0.0257854
-0.0226853
0.0468315
0.13716
0.212837
0.259574
0.24752
0.176203
0.0829577
-0.00271942
-0.0787515
-0.128764
-0.105035
-0.0114454
0.083314
0.0923771
0.0120374
-0.0858292
-0.120538
-0.0771976
-0.00816545
0.0272064
0.0047556
-0.0482034
-0.092641
-0.10059
-0.0735159
-0.041871
-0.0148893
0.0685918
0.208067
0.322588
0.354798
0.30418
0.221232
0.147812
0.0871014
0.0358684
0.0109798
0.00784599
-0.0176619
-0.0873581
-0.165026
-0.184793
-0.137262
-0.0693101
-0.0298503
-0.0467757
-0.102711
-0.161929
-0.203234
-0.196866
-0.130172
-0.0332127
0.0576142
0.10816
0.102158
0.0650071
0.0324853
0.0246479
0.0349573
0.0404034
0.0251689
-0.00380578
-0.0321136
-0.0568517
-0.0839925
-0.116236
-0.147664
-0.158182
-0.157636
-0.176425
-0.206859
-0.198745
-0.13563
-0.0503393
0.0165997
0.0305295
-0.00408158
-0.0421763
-0.033543
0.0223119
0.0886938
0.137708
0.154628
0.155106
0.184919
0.256437
0.340251
0.382741
0.347577
0.263849
0.180871
0.130945
0.13808
0.18676
0.216904
0.185755
0.115506
0.0569561
0.0493799
0.0423509
-0.0401304
-0.175967
-0.252432
-0.216901
-0.127861
-0.0551737
-0.0139455
-0.00827423
-0.0452043
-0.107627
-0.14414
-0.0815194
0.0593312
0.179331
0.237665
0.261706
0.257781
0.228554
0.195246
0.170496
0.148274
0.0991556
0.000319374
-0.122889
-0.188781
-0.148247
-0.0489392
0.0235673
0.0232102
-0.0202359
-0.0576941
-0.0656315
-0.0404979
0.00183597
0.0438003
0.0811092
0.107987
0.0970605
0.0426503
-0.0282206
-0.0779376
-0.0829645
-0.0598009
-0.0450096
-0.0564009
-0.0810559
-0.0993711
-0.0947631
-0.0639232
-0.0217547
0.0151664
0.0341236
0.0355159
0.0323805
0.0427525
0.0753009
0.116157
0.125435
0.0798364
0.00380877
-0.0683002
-0.11338
-0.114592
-0.0844305
-0.0528533
-0.0371969
-0.031263
-0.0226387
-0.00836296
0.00638195
0.0125455
0.00435574
-0.0124888
-0.0286219
-0.0323252
-0.0125714
0.0242245
0.0632719
0.0978528
0.130743
0.164865
0.186594
0.176971
0.144957
0.115779
0.0986917
0.0806647
0.0498092
0.00998127
-0.0283432
-0.0501979
-0.0445211
-0.0296789
-0.0421635
-0.0878593
-0.143257
-0.187368
-0.199364
-0.167111
-0.0816759
0.0423813
0.144734
0.198602
0.219264
0.20376
0.150788
0.0793891
0.0111079
-0.0268961
-0.0173504
0.0201416
0.0443945
0.0225375
-0.0342352
-0.0940657
-0.14272
-0.178231
-0.169925
-0.101121
-0.00194348
0.0870661
0.140798
0.141746
0.103386
0.0558803
0.00601327
-0.0592183
-0.141191
-0.222792
-0.279208
-0.308629
-0.330178
-0.35526
-0.364161
-0.336102
-0.283066
-0.224498
-0.156007
-0.0699312
0.0240361
0.100244
0.132764
0.120951
0.0920494
0.0685235
0.0535393
0.0439751
0.037085
0.0311572
0.0258872
0.0224641
0.0215928
0.0220397
0.0203518
0.00758617
-0.0193714
-0.0527744
-0.0830022
-0.0964023
-0.0862109
-0.0634886
-0.0437209
-0.0407286
-0.0565784
-0.0765278
-0.072224
-0.032409
0.022198
0.0538286
0.0427569
0.0102269
-0.00248829
0.0221683
0.0644109
0.0993903
0.109619
0.0906933
0.0679585
0.0810058
0.132433
0.191845
0.222982
0.21252
0.181831
0.153538
0.130011
0.109164
0.107829
0.134761
0.175885
0.214522
0.234589
0.211798
0.150028
0.0821572
0.0539832
0.0795566
0.128171
0.169295
0.194871
0.194763
0.165732
0.123444
0.0863542
0.0587232
0.0339259
0.0175368
0.0274742
0.0617174
0.102126
0.136331
0.162996
0.186921
0.213954
0.252326
0.303729
0.357334
0.37685
0.333151
0.251496
0.180189
0.135448
0.099453
0.0564998
0.0130281
-0.0204043
-0.0446208
-0.0577849
-0.0493423
-0.0223114
0.00927686
0.0273401
0.0123829
-0.0101239
-0.00825509
0.00178611
-0.0120629
-0.050105
-0.0862357
-0.0978157
-0.0899497
-0.0809898
-0.0795702
-0.0870755
-0.106356
-0.134164
-0.152297
-0.130608
-0.0701723
0.000891624
0.0590147
0.0797744
0.0566292
0.0135396
-0.0227308
-0.0310444
-0.013103
-0.0175825
-0.0828688
-0.175792
-0.224045
-0.210312
-0.176216
-0.157128
-0.154138
-0.159791
-0.171393
-0.186907
-0.203735
-0.217786
-0.22702
-0.233678
-0.240355
-0.242812
-0.232772
-0.21193
-0.188851
-0.167703
-0.143948
-0.113568
-0.0790574
-0.0452796
-0.0245453
-0.0360063
-0.075231
-0.120771
-0.159825
-0.184722
-0.172888
-0.122139
-0.067505
-0.0492086
-0.0650914
-0.0862461
-0.0946553
-0.0902875
-0.0821727
-0.0766438
-0.0730589
-0.0683702
-0.0619837
-0.0554983
-0.0499953
-0.0451287
-0.0401223
-0.0353107
-0.0363481
-0.0487338
-0.0687289
-0.0884029
-0.0995469
-0.0996891
-0.0948208
-0.0910996
-0.0892574
-0.0852998
-0.0758203
-0.062632
-0.0494689
-0.0377088
-0.0241338
0.00509557
0.0573796
0.121694
0.184268
0.230806
0.23364
0.19373
0.149479
0.127295
0.119294
0.105032
0.0646945
-0.0038742
-0.0828976
-0.156526
-0.205783
-0.208729
-0.176583
-0.140842
-0.121098
-0.112526
-0.102134
-0.0858816
-0.0711927
-0.0728542
-0.0932261
-0.119193
-0.131598
-0.12149
-0.101091
-0.0911287
-0.0975745
-0.10985
-0.118214
-0.120368
-0.107797
-0.0748189
-0.0317874
-0.00233974
-0.00125608
-0.0170697
-0.0295471
-0.0240504
-0.00248719
0.0149598
0.00907497
-0.0150503
-0.0405035
-0.0596268
-0.0761702
-0.089584
-0.0838101
-0.0539965
-0.0140266
0.0219747
0.0462063
0.0587323
0.0678317
0.0819261
0.101488
0.121769
0.137324
0.137343
0.11869
0.0917909
0.0672346
0.0520646
0.0497316
0.052409
0.0417627
0.0109596
-0.0286812
-0.0637396
-0.0781201
-0.0620576
-0.0282231
0.00541488
0.0279081
0.0235916
-0.00898259
-0.052391
-0.0922217
-0.127554
-0.155991
-0.161499
-0.14216
-0.113806
-0.0892779
-0.0689137
-0.0480903
-0.028691
-0.0156586
-0.00813264
-0.00161903
0.00639932
0.0159279
0.0279814
0.0429675
0.0593689
0.0757038
0.0947564
0.124112
0.160513
0.18143
0.17518
0.155185
0.137384
0.12181
0.101316
0.0748209
0.0470889
0.0295165
0.0368743
0.0636787
0.083295
0.0788019
0.0603141
0.0527255
0.0797816
0.135631
0.1899
0.205599
0.180043
0.142252
0.118107
0.122368
0.136911
0.123997
0.0793649
0.0271648
-0.0149548
-0.0384144
-0.0383918
-0.0242553
-0.0094167
-0.00294133
-0.00886138
-0.0222225
-0.0357944
-0.0472934
-0.0585546
-0.0711643
-0.0837019
-0.0812407
-0.0464303
0.0117146
0.0664319
0.0975757
0.11106
0.123997
0.14336
0.160126
0.158326
0.138215
0.114478
0.105383
0.118536
0.142419
0.155576
0.14517
0.120647
0.0972619
0.0799767
0.0716744
0.0777143
0.094361
0.111066
0.11519
0.104478
0.0883159
0.0746534
0.0636587
0.052073
0.0424423
0.0470247
0.0686145
0.0964779
0.112879
0.101282
0.0678647
0.0307687
-0.0073834
-0.0561314
-0.104298
-0.137437
-0.158448
-0.171081
-0.166212
-0.143406
-0.114094
-0.0873498
-0.06392
-0.0480747
-0.0501838
-0.067882
-0.0882272
-0.0992549
-0.100147
-0.0985274
-0.100381
-0.112237
-0.138537
-0.173505
-0.207867
-0.227453
-0.220278
-0.195194
-0.168911
-0.148958
-0.134532
-0.121791
-0.108394
-0.0972465
-0.0943893
-0.0992096
-0.105856
-0.110639
-0.11417
-0.118315
-0.12244
-0.119613
-0.105609
-0.0855009
-0.0660311
-0.0488954
-0.0320322
-0.0139775
0.000933653
0.00261609
-0.00912766
-0.024912
-0.0377517
-0.0467385
-0.0541479
-0.0620321
-0.0705351
-0.0785171
-0.0812028
-0.0734834
-0.0584396
-0.0438055
-0.0386392
-0.0451864
-0.0566013
-0.0657835
-0.0629759
-0.0393321
-0.00160786
0.0373172
0.0722873
0.104479
0.122088
0.110223
0.0773259
0.0422278
0.0131221
-0.0137734
-0.0434532
-0.0740152
-0.0887189
-0.0754865
-0.0456567
-0.0165369
0.00456018
0.0106752
-0.000836739
-0.0195918
-0.026933
-0.0155072
0.00445482
0.0205609
0.0229726
0.00961394
-0.0105719
-0.0265755
-0.033703
-0.0419642
-0.0678536
-0.106522
-0.138921
-0.155514
-0.143746
-0.0998926
-0.0470897
-0.00806848
0.0176834
0.0359657
0.0456357
0.0478859
0.0473691
0.0474374
0.0481152
0.045464
0.035552
0.0213526
0.014979
0.0255573
0.0469143
0.0680918
0.0853992
0.101791
0.117184
0.118172
0.0975184
0.0657117
0.0355147
0.00970994
-0.0138011
-0.0231095
-0.00595331
0.028536
0.0637855
0.0936121
0.121914
0.152427
0.176837
0.180655
0.166597
0.151611
0.151469
0.165219
0.179581
0.177942
0.156401
0.126967
0.101062
0.0817504
0.065979
0.0497966
0.0323037
0.0148325
7.26248e-05
-0.00446236
0.00380204
0.0178835
0.0306745
0.0411362
0.0517427
0.0638165
0.0736424
0.0717069
0.0567553
0.0372367
0.0205814
0.0150955
0.0280632
0.0533543
0.0796777
0.0973752
0.0896932
0.0542419
0.00912009
-0.0165373
-0.00386607
0.0308594
0.0530912
0.0489514
0.0334476
0.0233615
0.0202234
0.0168201
0.00923611
-0.000517164
-0.00925798
-0.016381
-0.0232303
-0.0307956
-0.0388737
-0.0476103
-0.0602124
-0.0783307
-0.0992471
-0.119722
-0.137625
-0.150603
-0.159389
-0.166991
-0.172876
-0.172237
-0.164904
-0.154852
-0.143961
-0.132072
-0.11917
-0.106269
-0.100159
-0.108646
-0.127765
-0.148042
-0.165194
-0.179649
-0.191234
-0.200405
-0.208624
-0.214523
-0.207481
-0.182714
-0.149344
-0.117601
-0.0895535
-0.0618638
-0.0342183
-0.0147494
-0.00708018
-0.00493477
0.000793816
0.016456
0.039553
0.0616188
0.0744628
0.078802
0.0814242
0.0863494
0.0926042
0.0986314
0.106919
0.119723
0.135334
0.151191
0.170443
0.198716
0.227764
0.236371
0.221517
0.200678
0.194881
0.208627
0.229231
0.242818
0.236313
0.209147
0.174556
0.142992
0.11458
0.0873457
0.0726922
0.0799077
0.100241
0.120259
0.135501
0.145161
0.145833
0.139028
0.131312
0.132469
0.145904
0.164909
0.182471
0.198241
0.217427
0.242481
0.26882
0.28996
0.305703
0.316874
0.313261
0.290749
0.259449
0.22971
0.202063
0.172247
0.139137
0.105029
0.0720283
0.0445229
0.0318192
0.0333303
0.0390254
0.039479
0.0280861
0.00702797
-0.0160587
-0.0369879
-0.0561341
-0.0693018
-0.0705277
-0.0630586
-0.0544921
-0.0482329
-0.0413072
-0.0281077
-0.0086524
0.0123583
0.0320061
0.0528272
0.0784475
0.107852
0.137636
0.166147
0.189855
0.191057
0.161985
0.118232
0.0774904
0.0471982
0.0258068
0.00681831
-0.0137439
-0.0352485
-0.0558337
-0.0752369
-0.0944504
-0.111727
-0.117889
-0.110059
-0.0962222
-0.0841366
-0.0754959
-0.0750791
-0.0886044
-0.105592
-0.105814
-0.0873801
-0.0641465
-0.0468605
-0.0441043
-0.0605512
-0.0879719
-0.115456
-0.139799
-0.163354
-0.180333
-0.178744
-0.169141
-0.172981
-0.192479
-0.215174
-0.232633
-0.24412
-0.25127
-0.256763
-0.262343
-0.26807
-0.273432
-0.2783
-0.280089
-0.272241
-0.254795
-0.234384
-0.215775
-0.198702
-0.181272
-0.164092
-0.148776
-0.135114
-0.121751
-0.107923
-0.094887
-0.0877896
-0.0886903
-0.0931887
-0.093031
-0.0805437
-0.0584
-0.0348589
-0.0139892
0.00387326
0.0105825
0.000138793
-0.0201657
-0.0399029
-0.0501963
-0.042716
-0.0215363
0.00216467
0.0227085
0.0418016
0.0623816
0.0815244
0.0887579
0.0819937
0.069999
0.0603223
0.0532673
0.0457814
0.0371457
0.029378
0.0234768
0.0184796
0.0131929
0.00694218
-0.00418499
-0.0241352
-0.0499871
-0.0740487
-0.0779646
-0.0505942
-0.00565437
0.0374485
0.0614586
0.0534128
0.0233914
-0.00632528
-0.0156923
-0.00371756
0.0144837
0.0281047
0.0381814
0.0498553
0.0645454
0.0800007
0.0941948
0.104638
0.106272
0.0996576
0.0906155
0.0831009
0.0767871
0.0699123
0.0620105
0.0538645
0.0461371
0.0387688
0.0340045
0.0413732
0.0636056
0.0921081
0.118726
0.142237
0.156333
0.144994
0.110162
0.0764618
0.0724401
0.0966083
0.126525
0.14852
0.159785
0.153924
0.132521
0.109459
0.107831
0.134158
0.172006
0.205754
0.233927
0.255416
0.256411
0.235048
0.205337
0.178861
0.156753
0.143616
0.148852
0.16861
0.191092
0.207391
0.209071
0.196616
0.179479
0.164536
0.151632
0.141068
0.140985
0.153803
0.171894
0.182595
0.174589
0.152105
0.127571
0.107003
0.0879901
0.0668821
0.0436039
0.0202371
-0.00206621
-0.0237498
-0.0448668
-0.0643939
-0.082348
-0.099808
-0.117546
-0.135532
-0.153431
-0.171129
-0.186822
-0.192003
-0.183049
-0.167313
-0.152846
-0.141072
-0.129288
-0.115841
-0.101506
-0.0875951
-0.0751285
-0.0706907
-0.0808156
-0.100643
-0.121069
-0.138569
-0.152988
-0.150145
-0.117253
-0.0654628
-0.0141012
0.019235
0.0253835
0.0156937
0.00626415
0.00184657
-0.00208169
-0.012605
-0.0352118
-0.0663145
-0.0978717
-0.119784
-0.123377
-0.11393
-0.102999
-0.0956192
-0.0894778
-0.0815494
-0.0719118
-0.0623269
-0.0536682
-0.0452631
-0.0358614
-0.0252862
-0.0143687
-0.00374613
0.00662764
0.0165595
0.0190992
0.00557038
-0.0144233
-0.0177436
0.000306053
0.0251597
0.0436744
0.0464692
0.0315698
0.00854845
-0.0131972
-0.0322412
-0.0516762
-0.0730011
-0.0943444
-0.113751
-0.131646
-0.14952
-0.168024
-0.186786
-0.205324
-0.222716
-0.230818
-0.221599
-0.200804
-0.179327
-0.161966
-0.150505
-0.145411
-0.14364
-0.141904
-0.1394
-0.137013
-0.137291
-0.144571
-0.158312
-0.173801
-0.18735
-0.193569
-0.188295
-0.175855
-0.163146
-0.152556
-0.142422
-0.131115
-0.118902
-0.106866
-0.0969677
-0.0932718
-0.095952
-0.100799
-0.104584
-0.10734
-0.110423
-0.114302
-0.118429
-0.122264
-0.125817
-0.129371
-0.131643
-0.127304
-0.114825
-0.0989237
-0.0840767
-0.0707481
-0.0583958
-0.0503524
-0.0482952
-0.0492091
-0.0492718
-0.0422847
-0.0225525
0.00586505
0.0378388
0.0826505
0.129962
0.155979
0.16123
0.162786
0.170684
0.182249
0.191166
0.192138
0.18455
0.173525
0.163571
0.155021
0.146036
0.134169
0.117982
0.0992691
0.0806149
0.0627391
0.0439125
0.0220039
-0.000500962
-0.0146037
-0.017392
-0.0154461
-0.015185
-0.0172163
-0.0190389
-0.0193892
-0.0186216
-0.0158403
-0.0103459
-0.00334741
0.00361574
0.0101203
0.0164831
0.019377
0.0102594
-0.0109834
-0.0352114
-0.0490201
-0.0455878
-0.0326776
-0.0214194
-0.0207042
-0.0334119
-0.0527748
-0.0711083
-0.0842516
-0.091258
-0.0952388
-0.0994984
-0.104654
-0.10877
-0.107213
-0.0986542
-0.087111
-0.0767205
-0.0715352
-0.0745806
-0.0829122
-0.0913685
-0.0945893
-0.088376
-0.0755916
-0.0621026
-0.0506838
-0.0443241
-0.046603
-0.0517227
-0.0465981
-0.0289072
-0.0073079
0.0113335
0.0249639
0.0299069
0.0264068
0.0197836
0.0141504
0.00964081
0.00472686
-0.000928506
-0.00594385
-0.00948353
-0.0122229
-0.0151229
-0.019039
-0.0283172
-0.0462777
-0.0694288
-0.0924279
-0.108966
-0.107182
-0.0866244
-0.0596385
-0.0357617
-0.0190453
-0.0172936
-0.0306524
-0.0495803
-0.065044
-0.0681561
-0.0567372
-0.0388878
-0.0224251
-0.00906793
-0.00145727
-0.00231509
-0.00852529
-0.015488
-0.0240178
-0.0371925
-0.0538304
-0.0663872
-0.0678436
-0.0613669
-0.054416
-0.0500776
-0.0466168
-0.0402682
-0.0248862
1.53083e-05
0.0282625
0.0549597
0.0796179
0.0999219
0.112385
0.119208
0.125262
0.132749
0.140791
0.148143
0.154572
0.159784
0.163727
0.167075
0.170475
0.174357
0.179688
0.186675
0.194346
0.20182
0.209014
0.215202
0.215893
0.209027
0.198454
0.18851
0.180017
0.171555
0.163373
0.160108
0.163604
0.170178
0.174331
0.168265
0.150329
0.127555
0.108796
0.103742
0.112455
0.12557
0.136236
0.144779
0.15403
0.162672
0.166683
0.16624
0.164746
0.164369
0.164758
0.164804
0.163315
0.156665
0.143525
0.127375
0.113798
0.112135
0.124485
0.136514
0.131205
0.110609
0.0879827
0.0703122
0.0550758
0.0379823
0.018531
-0.00116103
-0.0197347
-0.0376115
-0.0557183
-0.0743059
-0.0930161
-0.111508
-0.124998
-0.115953
-0.0796799
-0.0321005
0.00916664
0.0222262
-0.0029856
-0.0481765
-0.0887495
-0.104117
-0.0918113
-0.0691011
-0.0503894
-0.0371312
-0.0309941
-0.03545
-0.0471632
-0.0599514
-0.0711449
-0.0817922
-0.0930018
-0.10045
-0.0980509
-0.0879877
-0.0768693
-0.0682969
-0.0645431
-0.0670919
-0.0734098
-0.0799384
-0.0855032
-0.0909223
-0.0958377
-0.0951439
-0.0862479
-0.0736165
-0.065084
-0.0639599
-0.066377
-0.067769
-0.0674612
-0.0683533
-0.0741985
-0.0841159
-0.0882501
-0.0749657
-0.0478923
-0.0215951
-0.006066
0.00207689
0.0108491
0.0228966
0.0331417
0.0331767
0.0233266
0.0110225
0.00113294
-0.00706909
-0.0159624
-0.0242444
-0.0272464
-0.0246523
-0.0203766
-0.0172914
-0.0152155
-0.0128264
-0.00969147
-0.00633603
-0.00326159
-0.000444022
0.00282634
0.00827907
0.0162667
0.0252381
0.0338307
0.0419339
0.048384
0.0485743
0.0416911
0.0321057
0.023561
0.0162503
0.00870093
0.000370765
-0.00597611
-0.00553487
0.00107139
0.00911564
0.015691
0.021319
0.0274698
0.0344493
0.0415837
0.0483599
0.0548018
0.0594854
0.0592524
0.0545085
0.0487669
0.0471485
0.0538625
0.0661486
0.0731183
0.0641154
0.0429016
0.0203855
0.00461314
0.00671174
0.0291296
0.0577209
0.0703289
0.0609549
0.0431747
0.0294805
0.0203625
0.0104844
-0.00243749
-0.0137029
-0.0144989
-0.00474661
0.00791028
0.0181775
0.0266114
0.0357597
0.0459634
0.052522
0.0509541
0.0438534
0.0365201
0.0311125
0.0286104
0.0317948
0.0400791
0.0498468
0.0587355
0.0668466
0.0733097
0.0755085
0.0738675
0.0712381
0.0694103
0.0681239
0.066151
0.0624181
0.0573243
0.052054
0.0471837
0.0424878
0.037874
0.0352185
0.0361575
0.0393562
0.0425696
0.04502
0.0460653
0.0417932
0.0309241
0.0171437
0.00408579
-0.00743455
-0.0171852
-0.0252156
-0.0324187
-0.039626
-0.0470022
-0.0543355
-0.061513
-0.0683766
-0.0741264
-0.0785284
-0.0823512
-0.08633
-0.0905495
-0.0947439
-0.0987775
-0.102738
-0.106209
-0.106128
-0.100671
-0.0940813
-0.0946026
-0.103685
-0.115582
-0.124979
-0.125597
-0.113299
-0.0932977
-0.0732018
-0.0554262
-0.0382205
-0.0231428
-0.0155358
-0.0150181
-0.0163934
-0.0162443
-0.0149766
-0.0142066
-0.014311
-0.0140666
-0.0122484
-0.00924607
-0.00618273
-0.00354887
-0.00108267
0.00147325
0.00205624
-0.00340784
-0.014405
-0.0267783
-0.0379109
-0.048206
-0.0589444
-0.069488
-0.0724112
-0.0620312
-0.0436247
-0.0254103
-0.0100048
0.00341883
0.0128953
0.0175542
0.0198735
0.0224627
0.0258298
0.0291781
0.0302046
0.021083
-0.000739658
-0.0207321
-0.0201771
-0.00145489
0.0200924
0.034874
0.0383642
0.0312644
0.0200812
0.00995902
0.0044881
0.0113773
0.0312364
0.0558211
0.0768968
0.0896091
0.0959499
0.101336
0.108362
0.116031
0.122855
0.128813
0.134703
0.138806
0.135867
0.125604
0.112984
0.101728
0.0917491
0.082477
0.0753464
0.0706983
0.067075
0.0631619
0.058826
0.0545392
0.0505309
0.046642
0.0426743
0.039064
0.0372092
0.0373375
0.0381933
0.0387266
0.0389051
0.0391586
0.0396629
0.0406261
0.0453153
0.05708
0.0736272
0.0904892
0.1059
0.120863
0.136525
0.150699
0.153316
0.140127
0.119408
0.100214
0.0841061
0.0683954
0.0535241
0.0417299
0.032611
0.024049
0.0148212
0.00518497
-0.00423056
-0.0131604
-0.0210727
-0.0276991
-0.0336604
-0.0396739
-0.045904
-0.0521391
-0.0582357
-0.0642531
-0.0702718
-0.0755213
-0.0784595
-0.0792849
-0.0795824
-0.08035
-0.0814362
-0.0823535
-0.0829947
-0.0835809
-0.084285
-0.0852641
-0.0881621
-0.0946437
-0.103536
-0.112582
-0.1209
-0.128997
-0.137296
-0.1431
-0.14205
-0.135255
-0.127349
-0.120898
-0.115245
-0.109019
-0.102025
-0.094998
-0.0899525
-0.0896985
-0.0934745
-0.098094
-0.101754
-0.104869
-0.10795
-0.109258
-0.107547
-0.104117
-0.100808
-0.0981352
-0.0955651
-0.0926604
-0.0895218
-0.0864406
-0.083512
-0.080631
-0.0776946
-0.074703
-0.0716573
-0.0684814
-0.0651766
-0.0618292
-0.0585024
-0.0551948
-0.0518807
-0.0485515
-0.0452178
-0.0418897
-0.038567
-0.0352471
-0.032593
-0.0335601
-0.0393891
-0.0475389
-0.0552421
-0.062017
-0.0687989
-0.0761552
-0.0835696
-0.0871559
-0.0825953
-0.0721671
-0.0611537
-0.0518659
-0.0432191
-0.0346549
-0.0312
-0.0365931
-0.0471041
-0.0552394
-0.0546381
-0.0468983
-0.0380834
-0.0312941
-0.0254418
-0.0187151
-0.0109658
-0.00314267
0.0041568
0.00985356
0.0106988
0.00632284
3.48924e-05
-0.0054631
-0.0100933
-0.0149379
-0.0204228
-0.0261327
-0.0316196
-0.0368735
-0.041758
-0.0429423
-0.0370042
-0.0262383
-0.0151558
-0.00554482
0.00360809
0.0134757
0.0239889
0.0343696
0.0420848
0.0431789
0.0385754
0.0326954
0.0281284
0.0243492
0.0200491
0.0150049
0.00984752
0.00502558
0.000380553
-0.00530741
-0.0135341
-0.0237531
-0.0342778
-0.0442608
-0.0539876
-0.0630331
-0.0674065
-0.0651661
-0.0596275
-0.0546209
-0.0509098
-0.0473007
-0.0443883
-0.0451557
-0.0498068
-0.0556844
-0.060804
-0.0652459
-0.0698853
-0.0740792
-0.0733046
-0.0654717
-0.0541841
-0.0435352
-0.0342936
-0.0250863
-0.0150478
-0.00500607
0.0030714
0.00887171
0.0139049
0.0193955
0.0253295
0.0311638
0.0366862
0.0417684
0.0454155
0.0473064
0.0484226
0.049726
0.0513413
0.0529304
0.0543135
0.055601
0.0569484
0.0583771
0.0598146
0.0609823
0.0610416
0.0597951
0.0580194
0.0564205
0.055056
0.053657
0.0520808
0.0501319
0.0474915
0.0443083
0.0410178
0.0378719
0.035672
0.0362962
0.0397055
0.0439704
0.0477155
0.0510227
0.0544998
0.058329
0.0622531
0.06604
0.0697068
0.0733666
0.076113
0.075166
0.0701237
0.0635853
0.0577013
0.0525323
0.0472023
0.0413586
0.0353294
0.0294769
0.0238123
0.0181513
0.012394
0.00658628
0.000817195
-0.00454942
-0.00888823
-0.0123259
-0.0155519
-0.0189805
-0.0225363
-0.0259377
-0.0278403
-0.0263728
-0.0222264
-0.0176109
-0.0136742
-0.0100711
-0.00617614
-0.00192882
0.0023473
0.00642252
0.00961845
0.0106732
0.00984217
0.00855105
0.00766899
0.00705122
0.00627463
0.00525776
0.00440048
0.00458984
0.00599494
0.00785681
0.00952103
0.0109609
0.0124435
0.0140828
0.0157825
0.0174308
0.0187533
0.0172904
0.0106232
0.000478594
-0.00986872
-0.0191499
-0.0281153
-0.0376067
-0.0472683
-0.0538345
-0.0543884
-0.0509898
-0.0474563
-0.0452068
-0.0433157
-0.0407931
-0.0377279
-0.0347358
-0.032851
-0.033683
-0.0369784
-0.0409285
-0.0443735
-0.0474642
-0.0507471
-0.0543435
-0.0578911
-0.0608753
-0.0632875
-0.0655471
-0.0679447
-0.070446
-0.07287
-0.0737579
-0.0698876
-0.0613578
-0.0514389
-0.0424256
-0.0341741
-0.0266059
-0.0216339
-0.0196685
-0.0188935
-0.0177084
-0.0159954
-0.0143621
-0.0130866
-0.0119562
-0.0107839
-0.0108143
-0.0140814
-0.0197086
-0.0222067
-0.0171463
-0.00712069
0.00289252
0.0111287
0.0189025
0.0275355
0.0366188
0.0447273
0.0515294
0.0578913
0.0645583
0.071525
0.0784211
0.0847343
0.0901296
0.0949664
0.0998012
0.104815
0.109864
0.114814
0.119659
0.123761
0.125783
0.125911
0.125556
0.125612
0.12595
0.126137
0.12608
0.125974
0.125732
0.123537
0.117928
0.110231
0.1033
0.102073
0.108475
0.118528
0.127894
0.135195
0.137209
0.13123
0.120388
0.109467
0.101461
0.0978813
0.0972258
0.0968793
0.0958147
0.0945792
0.0937847
0.0933471
0.0928655
0.0921727
0.091395
0.0906959
0.0901298
0.0896357
0.0891318
0.0885971
0.088059
0.0875373
0.0865782
0.0825941
0.0740779
0.0631304
0.0524313
0.0426304
0.0327738
0.0216461
0.00918198
-0.00346372
-0.0106898
-0.00334637
0.016769
0.0380802
0.0469881
0.0413724
0.0308246
0.0231197
0.0181152
0.0123072
0.00340851
-0.00915318
-0.0236809
-0.0381411
-0.052008
-0.0658545
-0.0789061
-0.086586
-0.0873737
-0.0851612
-0.0837964
-0.0837465
-0.0836024
-0.0826171
-0.0812356
-0.0800956
-0.0792879
-0.078523
-0.0776059
-0.0765894
-0.0755179
-0.0740608
-0.0720138
-0.069651
-0.0673216
-0.0651097
-0.0629095
-0.060643
-0.0583346
-0.0562557
-0.056025
-0.0588463
-0.0634822
-0.068071
-0.0715158
-0.0719962
-0.0689824
-0.0643858
-0.0600898
-0.0563701
-0.0524581
-0.0470164
-0.0394965
-0.0309567
-0.0225954
-0.0146842
-0.00796126
-0.00431633
-0.0035256
-0.00352586
-0.00296056
-0.00197669
-0.00119651
-0.000773785
-0.000429609
-2.8891e-05
-0.00119142
-0.00644861
-0.0150992
-0.0243917
-0.0328245
-0.040796
-0.0486464
-0.0538134
-0.0543381
-0.0521299
-0.0500394
-0.0489211
-0.0479817
-0.0465368
-0.0452536
-0.0465332
-0.0510581
-0.0569118
-0.0622876
-0.0670286
-0.0718376
-0.0770601
-0.0824635
-0.087378
-0.0896877
-0.0883205
-0.0850626
-0.0820494
-0.0797456
-0.0774779
-0.0747847
-0.0718427
-0.0689971
-0.0663317
-0.0637078
-0.0610108
-0.0582551
-0.0555077
-0.0528083
-0.0503688
-0.0485162
-0.0471383
-0.0458499
-0.0444453
-0.0429803
-0.0415645
-0.0402097
-0.0388205
-0.0369777
-0.0343184
-0.0311324
-0.0279291
-0.0248935
-0.0219013
-0.0188234
-0.0156748
-0.0125354
-0.00945732
-0.00645095
-0.00348097
-0.000507594
0.00247803
0.00546435
0.00844147
0.0114137
0.0144517
0.0181553
0.0231045
0.0288832
0.0347075
0.040276
0.0457692
0.0513891
0.0571202
0.062842
0.0685003
0.0741311
0.0797777
0.0852906
0.0902903
0.0947687
0.0990863
0.103505
0.108011
0.112404
0.116033
0.118477
0.120247
0.122054
0.124096
0.126171
0.12796
0.128831
0.128614
0.127925
0.127355
0.126977
0.126573
0.125563
0.122278
0.116347
0.109352
0.102715
0.0965462
0.0903031
0.0837351
0.0770419
0.0707648
0.0656295
0.0615114
0.0576377
0.0535339
0.0492824
0.0451183
0.0410892
0.0371659
0.0346687
0.0357279
0.0397298
0.0443019
0.0481453
0.0515952
0.0553413
0.059475
0.0636505
0.0669631
0.0664672
0.0610537
0.0533562
0.046135
0.0398286
0.033488
0.0265654
0.0193479
0.0122868
0.00546111
-0.00128579
-0.00652093
-0.0065661
-0.00138163
0.00542336
0.0112331
0.0161892
0.0214526
0.0273858
0.0335071
0.0393711
0.0450042
0.050332
0.0530696
0.051313
0.0467882
0.0422669
0.0386654
0.035265
0.0313862
0.0277658
0.029506
0.0403396
0.0565671
0.0710353
0.0750473
0.0672082
0.0548808
0.0443454
0.035854
0.0268805
0.0163961
0.00658831
0.00397797
0.0108939
0.0221059
0.0322115
0.0404542
0.0487813
0.0579962
0.0648156
0.0657139
0.0624027
0.0588101
0.0565805
0.0548347
0.0524821
0.0492257
0.0443034
0.0374463
0.0296689
0.0220104
0.0146568
0.00728176
-0.000303007
-0.00786131
-0.0144928
-0.0197403
-0.0242769
-0.0289217
-0.0338495
-0.0382617
-0.038015
-0.0301494
-0.0178095
-0.00562628
0.00501237
0.0153853
0.0262824
0.0330941
0.0296986
0.0185005
0.0063015
-0.00365759
-0.0126475
-0.0225742
-0.0334512
-0.0442202
-0.054377
-0.0642491
-0.0742799
-0.0845328
-0.0944786
-0.101513
-0.103783
-0.103256
-0.102827
-0.103364
-0.104066
-0.10434
-0.105232
-0.108076
-0.112408
-0.116889
-0.120901
-0.124713
-0.128717
-0.132933
-0.137157
-0.141273
-0.14533
-0.149304
-0.152179
-0.152913
-0.152194
-0.151381
-0.151013
-0.150784
-0.150341
-0.149675
-0.147924
-0.142708
-0.134001
-0.124192
-0.115026
-0.106425
-0.0977483
-0.0904945
-0.0871208
-0.0868666
-0.0871135
-0.0865129
-0.0854952
-0.0848196
-0.0845066
-0.083842
-0.0823929
-0.0805093
-0.0787013
-0.0770946
-0.0755193
-0.0738407
-0.0716285
-0.0672725
-0.0603431
-0.0523406
-0.0446651
-0.0374534
-0.0301846
-0.0229952
-0.0183053
-0.0176559
-0.0192448
-0.0206318
-0.0211799
-0.0216202
-0.0225105
-0.0231233
-0.0214342
-0.0171148
-0.0118597
-0.00707298
-0.00277457
0.00162872
0.00635921
0.0111274
0.0156619
0.0200154
0.0243773
0.0288253
0.033269
0.0369912
0.0390044
0.0396503
0.0400601
0.0408228
0.0417601
0.042548
0.0429641
0.041386
0.0361757
0.028535
0.0207368
0.0136673
0.00686898
0.000517033
-0.00441513
-0.00803998
-0.0113311
-0.0149062
-0.0186796
-0.0222675
-0.0252698
-0.0277281
-0.0300446
-0.0324816
-0.0350028
-0.0374802
-0.0398832
-0.0424154
-0.0461998
-0.0520525
-0.0591277
-0.0657283
-0.0682291
-0.064499
-0.0573037
-0.0503435
-0.0445984
-0.039028
-0.0343147
-0.0342191
-0.0392851
-0.0457501
-0.0477129
-0.0426996
-0.0342626
-0.0265496
-0.0205886
-0.0159891
-0.0121336
-0.00846898
-0.00480842
-0.00121992
0.00183665
0.00287997
0.00157006
-0.000689716
-0.00263159
-0.0041546
-0.00571632
-0.00739136
-0.00892209
-0.0102199
-0.0114224
-0.0126669
-0.0135175
-0.0119214
-0.00701026
-0.000515975
0.00566824
0.0111196
0.0160685
0.0207332
0.0252843
0.0297972
0.0342669
0.0381065
0.0396621
0.0387376
0.0369251
0.0355062
0.0341772
0.0316531
0.0277393
0.0234499
0.0209968
0.0230874
0.0289386
0.0355221
0.0404473
0.0408971
0.03639
0.0301064
0.0272299
0.030517
0.0372379
0.0435753
0.0484798
0.0515678
0.0513525
0.0483144
0.0445139
0.0412115
0.0382492
0.0350688
0.0318236
0.0307098
0.0333974
0.0383803
0.0432971
0.047015
0.0479442
0.0453624
0.0409869
0.0367652
0.0331257
0.0294891
0.0254774
0.0215105
0.0186051
0.0169186
0.0156477
0.0141395
0.0123979
0.0107088
0.00918367
0.00771623
0.00619212
0.00461289
0.00328561
0.00294697
0.00367274
0.00476865
0.0056834
0.0064152
0.0071958
0.00811151
0.00907278
0.00998572
0.0108501
0.011675
0.0118055
0.0102027
0.00717002
0.00386342
0.00117005
0.00133686
0.00637913
0.0145845
0.0229552
0.0298649
0.0330603
0.0315579
0.0276786
0.0240314
0.0211715
0.0183094
0.0149335
0.0112761
0.00774625
0.00476509
0.0040791
0.00667486
0.0110133
0.0151815
0.0187231
0.0222167
0.0260794
0.0301682
0.034164
0.0371929
0.0371199
0.0337594
0.0292426
0.0252595
0.0218233
0.018236
0.0142384
0.0101037
0.00627832
0.00397102
0.00395706
0.00524183
0.00646189
0.00723672
0.00795248
0.00892088
0.0100662
0.011261
0.0125473
0.01395
0.0154124
0.016871
0.0183104
0.0197477
0.0211954
0.0226494
0.0241011
0.0255226
0.0262808
0.0251821
0.0224142
0.0192384
0.0164356
0.0138776
0.0111817
0.00826782
0.00531343
0.00245373
-0.000302603
-0.0029452
-0.00549118
-0.00800161
-0.0103837
-0.0107473
-0.00674755
0.000470325
0.00806852
0.0147524
0.0210529
0.0266577
0.0284869
0.0257166
0.0210597
0.0170269
0.0138454
0.010878
0.00999236
0.0132859
0.019404
0.0256873
0.0310919
0.036221
0.0417662
0.0476617
0.0524566
0.0535384
0.0510578
0.0475927
0.0448807
0.0427337
0.0403333
0.0374641
0.0344836
0.0316932
0.0292196
0.0284011
0.0306415
0.0349491
0.039404
0.0432433
0.0467618
0.0486234
0.0465436
0.0413414
0.0356198
0.0307094
0.0261932
0.0213365
0.0160709
0.0108673
0.00726774
0.00680537
0.00852149
0.010415
0.0116563
0.0123552
0.0118464
0.00978725
0.00694863
0.00418961
0.00169292
-0.000798952
-0.00345261
-0.00593946
-0.00718585
-0.00691022
-0.00601712
-0.00534332
-0.00495763
-0.0045357
-0.00392214
-0.00322672
-0.00259043
-0.00205043
-0.00192675
-0.00276135
-0.00438422
-0.00616479
-0.00776124
-0.00952067
-0.0123644
-0.0164117
-0.020868
-0.0250968
-0.0287824
-0.0310192
-0.0315934
-0.0314659
-0.0315215
-0.0318538
-0.0320997
-0.0317673
-0.0307088
-0.0293245
-0.0280218
-0.0268565
-0.0256809
-0.0244147
-0.0231042
-0.0217821
-0.0202985
-0.0185546
-0.0166678
-0.0147948
-0.0129757
-0.0111634
-0.00932175
-0.00746096
-0.00560588
-0.00384307
-0.00290613
-0.00351051
-0.00514263
-0.00683311
-0.00820753
-0.00948913
-0.010927
-0.0125023
-0.0140366
-0.0151888
-0.0157356
-0.0159247
-0.0161222
-0.0164402
-0.0167776
-0.0167649
-0.0151659
-0.0115133
-0.00690613
-0.00249914
0.00152497
0.00556287
0.0097427
0.0125286
0.0119883
0.00894874
0.0056101
0.00299538
0.000680718
-0.00195033
-0.00492208
-0.00783431
-0.00954677
-0.00896321
-0.00680233
-0.00452202
-0.00271466
-0.0010591
0.000827222
0.00292569
0.00501205
0.00697997
0.0088889
0.0107438
0.0124307
0.0139487
0.0154133
0.0169081
0.01843
0.0199426
0.0214346
0.0229205
0.0244144
0.0259326
0.0275968
0.029502
0.0315523
0.0336008
0.0356011
0.0375531
0.0385233
0.0366858
0.0323035
0.0272892
0.0228388
0.0187662
0.014665
0.0114229
0.00989995
0.00947708
0.00906443
0.00827795
0.0073924
0.00668661
0.00613123
0.00555739
0.00489481
0.00419644
0.00352621
0.00281615
0.00162072
-0.00032074
-0.00266313
-0.00496272
-0.00711118
-0.00924445
-0.0114882
-0.0142379
-0.0180644
-0.0227457
-0.027582
-0.0322086
-0.0367312
-0.0413455
-0.0460702
-0.0508039
-0.0552577
-0.0581584
-0.0587938
-0.05823
-0.0577948
-0.0578015
-0.0578432
-0.057627
-0.0572525
-0.056933
-0.0567253
-0.0565462
-0.056323
-0.0560626
-0.0557494
-0.0551919
-0.0543206
-0.0533091
-0.0523319
-0.0514141
-0.0504923
-0.0495328
-0.0486002
-0.0481383
-0.0485575
-0.0495572
-0.0505973
-0.0517181
-0.0534257
-0.0557444
-0.0582378
-0.0605929
-0.0628366
-0.0651237
-0.0675034
-0.0699115
-0.0722869
-0.0746317
-0.076979
-0.0793434
-0.0817155
-0.0840825
-0.0864055
-0.087746
-0.0863343
-0.0824484
-0.0779589
-0.0740221
-0.0704485
-0.0666708
-0.0625702
-0.0583954
-0.0542803
-0.0501622
-0.0459735
-0.0417325
-0.0378571
-0.0357158
-0.0356588
-0.0364565
-0.0369732
-0.0371093
-0.0372962
-0.03774
-0.0382924
-0.0386074
-0.0380885
-0.03667
-0.0349278
-0.033331
-0.0318877
-0.0304046
-0.0288074
-0.0271709
-0.0255745
-0.0240386
-0.0230004
-0.0233377
-0.0249196
-0.0268134
-0.0284347
-0.0298733
-0.0314122
-0.0331127
-0.0348437
-0.0365057
-0.0381165
-0.0396914
-0.0406159
-0.0400848
-0.0384634
-0.0367035
-0.0352498
-0.0339234
-0.0324615
-0.0308535
-0.0292418
-0.0277055
-0.0262099
-0.0246957
-0.0231505
-0.0216002
-0.0200718
-0.0185764
-0.0171
-0.0156227
-0.014139
-0.0126545
-0.0111737
-0.00969588
-0.00821782
-0.00673807
-0.00525768
-0.00377794
-0.00229908
-0.000820357
0.000659267
0.00213848
0.00361745
0.00517034
0.0071239
0.00961522
0.0123628
0.0150609
0.0176566
0.0202529
0.0229123
0.0256053
0.0282821
0.0309327
0.0335782
0.0362334
0.0388547
0.0413552
0.0437435
0.046104
0.0484902
0.0508938
0.0532884
0.0556681
0.0580448
0.0604275
0.0628148
0.0652017
0.0676544
0.0704795
0.0738066
0.0773743
0.0808811
0.0834562
0.0828656
0.0788694
0.0736545
0.0689827
0.0648838
0.0606369
0.0559658
0.0511489
0.0464813
0.0419674
0.0377344
0.0353101
0.0356738
0.0375777
0.0393606
0.0405878
0.0417482
0.0432203
0.0448971
0.0465142
0.0479926
0.0494313
0.0509313
0.0526404
0.0547398
0.0571339
0.0595759
0.0619451
0.064282
0.0666533
0.0690621
0.0714721
0.073863
0.0760958
0.0770925
0.0760207
0.0737054
0.0714104
0.0695347
0.0677403
0.0657227
0.0635387
0.0613868
0.0593396
0.0575524
0.0572335
0.05913
0.0622362
0.0652399
0.0678068
0.0703267
0.0730948
0.0760228
0.0789017
0.0816707
0.0844094
0.0870892
0.0882956
0.0862532
0.0818006
0.077058
0.0729996
0.0692166
0.0651267
0.0607139
0.0562957
0.0520456
0.047884
0.0436795
0.0394067
0.0351217
0.030984
0.0286313
0.0300654
0.0342777
0.0388146
0.0425643
0.046005
0.0497918
0.0532339
0.0539626
0.0515239
0.0479113
0.0448278
0.0423349
0.0397322
0.0367224
0.0335569
0.0305265
0.027647
0.0247734
0.0218241
0.0188232
0.0157721
0.0126493
0.00947806
0.00629929
0.00313088
-3.38845e-05
-0.00320456
-0.00638061
-0.00955553
-0.0125046
-0.0142435
-0.0143615
-0.0137069
-0.0132016
-0.0130055
-0.0128066
-0.0124167
-0.0119257
-0.0114837
-0.0111203
-0.0107715
-0.0104045
-0.0102963
-0.01088
-0.012039
-0.0133068
-0.0144284
-0.0154713
-0.0165729
-0.0177514
-0.018939
-0.0200839
-0.0208239
-0.0201195
-0.0178417
-0.0149952
-0.0123985
-0.0100705
-0.00767747
-0.00508861
-0.00243078
0.00015868
0.00267674
0.00508793
0.00643433
0.00572858
0.00363065
0.00144053
-0.000325693
-0.00195977
-0.00379954
-0.00582559
-0.00783899
-0.00974774
-0.0116097
-0.0135027
-0.0154362
-0.017374
-0.0192368
-0.0206152
-0.0212063
-0.0213309
-0.0214669
-0.0217605
-0.0220827
-0.0223196
-0.0224942
-0.0226822
-0.0229098
-0.0231507
-0.023378
-0.0235917
-0.0239056
-0.0248973
-0.0268965
-0.0294331
-0.0319127
-0.0341929
-0.0364456
-0.0383887
-0.0390211
-0.0382602
-0.0370359
-0.0360644
-0.0353321
-0.0345316
-0.0335537
-0.0325194
-0.0315501
-0.0306437
-0.0297357
-0.0287941
-0.0278673
-0.0271567
-0.0267691
-0.0265496
-0.0263078
-0.0260005
-0.0256885
-0.0254149
-0.025164
-0.024905
-0.0246298
-0.0243509
-0.0240787
-0.0238118
-0.0235443
-0.0232739
-0.0230025
-0.0227376
-0.0225564
-0.0225528
-0.0226794
-0.022821
-0.0229257
-0.0230164
-0.0231239
-0.0232489
-0.0233738
-0.0234146
-0.0229441
-0.0217172
-0.0200864
-0.0184975
-0.0170575
-0.0156305
-0.0141176
-0.0126085
-0.0119726
-0.0132122
-0.0158151
-0.0185636
-0.0209157
-0.0231171
-0.0253528
-0.0265339
-0.0256419
-0.0234094
-0.0211512
-0.0193402
-0.0176491
-0.0157399
-0.0136473
-0.0115759
-0.00961223
-0.00769245
-0.00575329
-0.00403729
-0.0029561
-0.00241406
-0.00197951
-0.00140996
-0.00076441
-0.000171217
0.000349912
0.00086104
0.00140515
0.00197118
0.00253096
0.00307596
0.00364471
0.00451206
0.005935
0.00772481
0.00953249
0.0112254
0.0128856
0.0146025
0.0163686
0.01813
0.0198629
0.0215835
0.0233127
0.0250427
0.0263821
0.0264414
0.0252351
0.0236488
0.0223091
0.0211724
0.0192607
0.0178534
0.0164
0.0150081
0.0136696
0.0123244
0.0109695
0.00994382
0.00966515
0.0099401
0.0102779
0.0104538
0.0105632
0.0107417
0.0109932
0.0112433
0.0114522
0.0116382
0.0118317
0.0120367
0.0119843
0.0107236
0.00800692
0.00469324
0.00157968
-0.00126003
-0.00412593
-0.00716249
-0.0102669
-0.0133063
-0.0162662
-0.0192084
-0.0221049
-0.0240196
-0.0237936
-0.0219889
-0.0200005
-0.0184646
-0.0171115
-0.0155606
-0.0138033
-0.0120487
-0.0104095
-0.00883372
-0.00725782
-0.00603703
-0.00576495
-0.00628738
-0.00696336
-0.0074378
-0.0077995
-0.00823609
-0.00877423
-0.00932178
-0.00981683
-0.0102763
-0.010741
-0.0112226
-0.0117059
-0.0121768
-0.0126361
-0.0130913
-0.0135287
-0.0135209
-0.0122711
-0.00991501
-0.00730275
-0.00495617
-0.00278827
-0.000544071
0.00182797
0.00420865
0.00650848
0.00874371
0.0109691
0.0132076
0.0154593
0.017712
0.0199481
0.0221589
0.0243459
0.0265121
0.0286534
0.0302529
0.0294259
0.0256917
0.0207806
0.0162888
0.012363
0.00840554
0.00412978
-0.000260132
-0.00449295
-0.00805064
-0.00967005
-0.00927295
-0.00817481
-0.00740423
-0.00696683
-0.00644256
-0.0056788
-0.00484165
-0.00410039
-0.00345438
-0.00281452
-0.00213633
-0.00144375
-0.000771996
-0.000126809
0.000507616
0.00114157
0.00175696
0.00229344
0.00273515
0.0031344
0.00353887
0.00395267
0.00435726
0.00474391
0.00511852
0.00548915
0.00585641
0.00621657
0.00656713
0.00690883
0.00724315
0.00757061
0.00787686
0.00782622
0.00679684
0.00490496
0.00282477
0.000965878
-0.000741494
-0.00249682
-0.00433966
-0.00617623
-0.00774319
-0.00794972
-0.0062189
-0.00349815
-0.000931486
0.00122134
0.00331026
0.00557959
0.00794084
0.010214
0.0123529
0.0143293
0.0154735
0.0152401
0.0141746
0.0131186
0.012344
0.0116348
0.0107915
0.00984875
0.00893444
0.00808827
0.00706921
0.00546469
0.00334489
0.0011337
-0.000914372
-0.00284673
-0.00479047
-0.00674892
-0.00837384
-0.00927358
-0.0096473
-0.00996115
-0.0104192
-0.0109266
-0.0113575
-0.0117106
-0.0120563
-0.0125733
-0.0137635
-0.0157219
-0.0179554
-0.0200325
-0.0219229
-0.0237899
-0.0257061
-0.0276131
-0.0294391
-0.0310918
-0.0324067
-0.0334142
-0.0343127
-0.0352299
-0.0361522
-0.0370216
-0.0378248
-0.038588
-0.0392968
-0.0396901
-0.0395675
-0.0391336
-0.0386969
-0.0383536
-0.0380227
-0.0376316
-0.037194
-0.0367569
-0.036337
-0.0359182
-0.0354844
-0.0350351
-0.0345507
-0.0339334
-0.0331582
-0.0323188
-0.0315019
-0.0307166
-0.0299315
-0.0291312
-0.0283263
-0.0275306
-0.026746
-0.025966
-0.0251769
-0.0241372
-0.0224076
-0.0200846
-0.0176574
-0.0154175
-0.013314
-0.0112066
-0.00907017
-0.00697175
-0.00496044
-0.00302735
-0.00124213
-2.48199e-05
0.000457665
0.000593236
0.000792204
0.00112448
0.00145511
0.00170442
0.00191093
0.00213754
0.00239565
0.00265862
0.00290684
0.00314532
0.0034555
0.00403398
0.0048861
0.00580858
0.00664804
0.00740621
0.00814576
0.0088883
0.00960076
0.0100549
0.00988583
0.00920339
0.00843758
0.00783073
0.0073313
0.00682583
0.00639983
0.00625776
0.00637061
0.00654223
0.00665467
0.00672889
0.00682268
0.00694797
0.00707895
0.00719655
0.00730395
0.00741252
0.00752537
0.00760503
0.00755641
0.00737829
0.00716977
0.0070046
0.00688117
0.00676894
0.00665706
0.00655672
0.00647863
0.00642193
0.00638735
0.00647208
0.00678866
0.00725796
0.00772187
0.00811469
0.00846729
0.00881865
0.0091682
0.00949522
0.0097898
0.0100581
0.0103085
0.0105378
0.0107081
0.0107957
0.0108344
0.0108686
0.0109103
0.0109479
0.010972
0.0109851
0.0109935
0.0109991
0.0109998
0.0109936
0.0109809
0.0109626
0.0109394
0.0109117
0.0108796
0.0108425
0.0108
0.0107523
0.0106995
0.0106419
0.0105796
0.0105125
0.0104387
0.0103399
0.0102015
0.0100415
0.00988544
0.0097417
0.00960385
0.00946603
0.00932882
0.0091953
0.00906635
0.00894065
0.00881673
0.00869456
0.00857955
0.00848028
0.00839242
0.00830431
0.00820988
0.00811073
0.0080098
0.0079075
0.00780306
0.00770282
0.00761409
0.00753057
0.00744109
0.00734162
0.00723474
0.00712344
0.00700797
0.00688741
0.00676152
0.0066311
0.00649695
0.00635954
0.00621912
0.00607775
0.00593749
0.0057968
0.00565301
0.00550544
0.00535505
0.00520288
0.0050492
0.00489404
0.00473755
0.00458015
0.00442223
0.00426383
0.00410297
0.0039385
0.00377321
0.00361038
0.00345089
0.00329397
0.003139
0.00298613
0.00283567
0.00268771
0.00254207
0.00239865
0.00225745
0.00211856
0.00198197
0.00184765
0.00171557
0.00158572
0.00145809
0.0013327
0.00120951
0.00108853
0.000969763
0.000853296
0.000739101
0.000627078
0.000517146
0.000409325
0.000303645
0.000200129
9.87704e-05
-4.22181e-07
-9.74483e-05
-0.000192295
-0.00028496
-0.000375433
-0.000463716
-0.000549809
-0.000633718
-0.000715436
-0.000794969
-0.000872312
-0.00094747
-0.00102044
-0.00109124
-0.00115985
-0.0012263
-0.00129058
-0.00135269
-0.00141264
-0.00147044
-0.0015261
-0.00157962
-0.001631
-0.00168027
-0.00172742
-0.00177247
-0.00181541
-0.00185627
-0.00189505
-0.00193175
-0.0019664
-0.00199899
-0.00202954
-0.00205806
-0.00208456
-0.00210904
-0.00213153
