0.0065262
0.00658742
0.00664991
0.00675328
0.00695379
0.00727067
0.00768509
0.00818902
0.0087628
0.00933797
0.00981501
0.0100634
0.00998483
0.00957818
0.00904724
0.00863273
0.00838516
0.00821329
0.00790561
0.00735459
0.00647168
0.00515217
0.00335715
0.00116096
-0.00112787
-0.00297036
-0.00390604
-0.00360979
-0.0021302
-0.00022282
0.00144019
0.00315768
0.0054832
0.00894439
0.0139311
0.0203894
0.0275528
0.0336383
0.0363703
0.0345537
0.0286575
0.0214337
0.0145588
0.00800934
0.00211678
-0.00217597
-0.00353736
-0.000854206
0.00572237
0.0136856
0.0206812
0.0272238
0.0341569
0.0419439
0.0507102
0.0600396
0.0690286
0.0763106
0.0806174
0.0809954
0.0751718
0.0618772
0.0434876
0.0264959
0.0126364
0.000582667
-0.0117522
-0.0260697
-0.042251
-0.0595627
-0.0768454
-0.0927449
-0.106045
-0.115875
-0.121277
-0.123321
-0.125726
-0.129655
-0.135028
-0.141998
-0.150557
-0.160147
-0.168996
-0.173838
-0.169949
-0.152361
-0.11802
-0.070144
-0.0207052
0.0235997
0.0637033
0.100973
0.136499
0.167423
0.184149
0.17676
0.14053
0.0848921
0.0351166
-0.00525316
-0.0343444
-0.0470399
-0.0410029
-0.0221116
-0.00641652
0.0020869
0.00464984
0.000951271
-0.0102741
-0.029924
-0.0551825
-0.0786486
-0.0996673
-0.117307
-0.128086
-0.127417
-0.111418
-0.0810322
-0.0456042
-0.014876
0.00967749
0.0260032
0.030637
0.0210895
-0.000106601
-0.022813
-0.0424579
-0.0613885
-0.0807858
-0.0990462
-0.111785
-0.112579
-0.0953124
-0.0576243
-0.00757117
0.0359818
0.0741395
0.111812
0.152375
0.198525
0.250889
0.307561
0.362942
0.407871
0.430648
0.420795
0.374284
0.304976
0.245093
0.192393
0.138821
0.0806989
0.0174657
-0.045997
-0.10054
-0.135965
-0.144201
-0.12451
-0.0918602
-0.0680967
-0.0509772
-0.0347542
-0.0164797
0.00518025
0.0288346
0.0510069
0.0662764
0.0691106
0.0559798
0.0298246
0.00210462
-0.0212518
-0.0420042
-0.0618517
-0.0816043
-0.101322
-0.120782
-0.139912
-0.159422
-0.179618
-0.199461
-0.217723
-0.23358
-0.246802
-0.258466
-0.270981
-0.285024
-0.298728
-0.309191
-0.312863
-0.30668
-0.289598
-0.265922
-0.245355
-0.227721
-0.211093
-0.194485
-0.177095
-0.158645
-0.13902
-0.118371
-0.0969221
-0.0751067
-0.0532442
-0.0314772
-0.00989105
0.0113614
0.0321874
0.0525988
0.0728833
0.0933758
0.114501
0.136763
0.160589
0.185892
0.211668
0.235535
0.253775
0.262107
0.257207
0.239239
0.215469
0.196218
0.180619
0.166174
0.151509
0.1357
0.118575
0.100362
0.0816975
0.0632711
0.0457038
0.029381
0.0141321
-0.00123286
-0.0189988
-0.0422929
-0.0740807
-0.115185
-0.162329
-0.211163
-0.255361
-0.283399
-0.279981
-0.234797
-0.155927
-0.0726913
-0.0013461
0.0582887
0.104289
0.131162
0.133486
0.111523
0.0791488
0.0561984
0.0396952
0.0245365
0.00968333
-0.00297658
-0.00850026
-0.00109944
0.023241
0.0614537
0.100889
0.136114
0.170897
0.208324
0.248864
0.289592
0.324014
0.34272
0.336116
0.29886
0.237982
0.177045
0.129017
0.0923066
0.0643617
0.0420501
0.0195364
-0.00952071
-0.0438547
-0.0799056
-0.113144
-0.138021
-0.149
-0.142487
-0.120429
-0.0935333
-0.0710379
-0.0510413
-0.0309948
-0.0103931
0.00944607
0.0253498
0.0333331
0.0302513
0.0164125
-0.00113404
-0.00683067
0.0111957
0.047179
0.0840951
0.110477
0.122055
0.115249
0.0884311
0.0470244
0.00601922
-0.0273159
-0.0556333
-0.0820539
-0.108972
-0.138185
-0.170935
-0.207745
-0.248311
-0.290853
-0.331294
-0.362958
-0.37718
-0.365835
-0.325503
-0.265616
-0.210457
-0.164912
-0.12432
-0.0849693
-0.0440579
-9.37773e-05
0.0475666
0.0980781
0.146334
0.18449
0.203748
0.197242
0.1651
0.121089
0.0851128
0.0561388
0.0305553
0.00713718
-0.0144119
-0.0336479
-0.0507247
-0.0678382
-0.0891921
-0.112496
-0.132928
-0.144424
-0.140367
-0.11602
-0.0728083
-0.0224369
0.0240792
0.0668156
0.104839
0.13363
0.14657
0.137638
0.106365
0.0644233
0.0291337
-0.00107438
-0.0291077
-0.0541441
-0.0729621
-0.0806192
-0.0733011
-0.0522363
-0.0275462
-0.00813473
0.0079148
0.0232515
0.0389287
0.0550499
0.0707902
0.0851198
0.097339
0.108151
0.119823
0.133078
0.147661
0.162994
0.177714
0.189521
0.195185
0.191412
0.176274
0.152161
0.127265
0.105616
0.085855
0.0668314
0.0483232
0.030923
0.0156064
0.00314221
-0.00702229
-0.0172912
-0.0288635
-0.0412481
-0.0539117
-0.0663155
-0.0777916
-0.087404
-0.0940446
-0.0966975
-0.0952252
-0.0910732
-0.0845063
-0.0723937
-0.0522393
-0.0249338
0.00395098
0.030004
0.0506561
0.0621334
0.0604063
0.0435335
0.0161678
-0.00917084
-0.0303765
-0.0500689
-0.0695697
-0.0886621
-0.105467
-0.117122
-0.120917
-0.116277
-0.107205
-0.0999457
-0.0939589
-0.0883638
-0.0829638
-0.0771748
-0.0707448
-0.0636469
-0.0560172
-0.0480241
-0.0398633
-0.0317184
-0.0238023
-0.0163365
-0.00954635
-0.00354952
0.00176712
0.00694701
0.0127286
0.0193053
0.026618
0.0343087
0.041472
0.046614
0.0477475
0.0430032
0.0315579
0.0155558
0.000549262
-0.0124839
-0.0247814
-0.0371986
-0.050098
-0.0631333
-0.0753593
-0.0853181
-0.0907292
-0.0886355
-0.0773566
-0.0589589
-0.0404366
-0.0251136
-0.0114622
0.00242453
0.0181438
0.036807
0.0586579
0.0825277
0.105419
0.122005
0.126022
0.117596
0.103581
0.0931838
0.0858237
0.0794706
0.0731819
0.0666134
0.060302
0.0552723
0.0526955
0.0531499
0.0555666
0.057071
0.0578782
0.0585877
0.0593578
0.060085
0.0603742
0.0597182
0.0577115
0.0544391
0.0507901
0.047615
0.0448728
0.0424587
0.0403146
0.0382915
0.0360433
0.0329451
0.0281094
0.0206158
0.00993418
-0.00318194
-0.0163983
-0.0292443
-0.0418939
-0.053877
-0.0640603
-0.0707701
-0.072462
-0.0686043
-0.0615217
-0.056435
-0.053082
-0.0502095
-0.0470352
-0.0428862
-0.0374553
-0.0307866
-0.0234818
-0.0161921
-0.0092702
-0.00314225
0.0016404
0.00466055
0.00602293
0.006714
0.00738227
0.00840123
0.0106842
0.0157579
0.0252602
0.0401527
0.0590537
0.07773
0.0945245
0.106918
0.11074
0.101703
0.0775139
0.0420514
0.00749692
-0.0189687
-0.0372487
-0.0479831
-0.0529761
-0.0570852
-0.0659672
-0.0782718
-0.0907069
-0.0995452
-0.100678
-0.0908954
-0.0693897
-0.0410965
-0.0166239
0.00379549
0.02187
0.0386324
0.0553057
0.073208
0.0937763
0.11586
0.136163
0.149902
0.151651
0.137246
0.106958
0.0697002
0.0384603
0.0136024
-0.00609995
-0.0209226
-0.031862
-0.0416689
-0.0534583
-0.0648888
-0.0726841
-0.0744146
-0.0697723
-0.0614669
-0.0500509
-0.0338884
-0.0133604
0.00795417
0.0275988
0.0447775
0.0581604
0.0661949
0.0681191
0.0658954
0.0647209
0.0651898
0.0657206
0.0652286
0.0633774
0.0609421
0.0594724
0.0603968
0.0648922
0.0732576
0.0836046
0.0914295
0.093266
0.0862487
0.0682942
0.040597
0.0097954
-0.0188258
-0.0477562
-0.0794691
-0.113961
-0.147924
-0.174462
-0.185121
-0.172365
-0.133361
-0.078223
-0.0307876
0.00674642
0.034518
0.0495075
0.049249
0.0344497
0.0143355
0.00137088
-0.00644405
-0.0132602
-0.0214875
-0.0325321
-0.0460395
-0.060157
-0.0714067
-0.0755839
-0.0688328
-0.0496223
-0.0223577
0.00226886
0.0245968
0.0461905
0.0666017
0.0840064
0.0952475
0.0972774
0.0888748
0.0742682
0.0633129
0.0556654
0.0493634
0.0435436
0.037607
0.0313537
0.0244529
0.0166879
0.00849187
0.000511298
-0.0066085
-0.0121978
-0.0157658
-0.0173556
-0.0178041
-0.0168308
-0.0131841
-0.00628653
0.00258898
0.0100221
0.0136356
0.0107141
-0.00122775
-0.0226232
-0.0489706
-0.0700387
-0.0807454
-0.0792521
-0.0654834
-0.0448487
-0.028393
-0.0161661
-0.00651085
0.000847697
0.00577635
0.00783822
0.00757772
0.00723419
0.00873338
0.0113821
0.0142915
0.0167416
0.018129
0.0179126
0.0157567
0.0116675
0.00650662
0.00196998
-0.00182822
-0.00575538
-0.0108103
-0.0179567
-0.0276406
-0.0392769
-0.050649
-0.0588494
-0.0613373
-0.0559666
-0.0420314
-0.0230039
-0.00662091
0.00708911
0.0192752
0.0301472
0.0397318
0.047913
0.055224
0.0631504
0.073018
0.0845302
0.0967883
0.108172
0.11621
0.117696
0.10973
0.0936573
0.076593
0.0621432
0.0493571
0.0372794
0.0256768
0.0148961
0.00568042
-0.0014267
-0.00690076
-0.0125904
-0.0190031
-0.0250093
-0.0292563
-0.0306545
-0.0287226
-0.024457
-0.0204589
-0.0172998
-0.0145182
-0.0117826
-0.00886251
-0.00571754
-0.00241075
0.000870578
0.00394526
0.00668725
0.00919243
0.0118444
0.0153853
0.0207663
0.0289294
0.0403003
0.0539073
0.0670744
0.0791316
0.0902471
0.100321
0.109029
0.116137
0.121704
0.124537
0.122526
0.114495
0.102052
0.0900852
0.079692
0.0702462
0.0614515
0.0531836
0.0452368
0.0369403
0.0268924
0.0130363
-0.00703175
-0.0366154
-0.0775706
-0.127126
-0.174741
-0.206277
-0.218367
-0.213014
-0.192888
-0.161692
-0.131242
-0.107398
-0.087923
-0.0708723
-0.0552567
-0.0402847
-0.0245269
-0.00705991
0.011494
0.030563
0.0500078
0.0698781
0.0901339
0.109674
0.125674
0.134121
0.130971
0.114051
0.0866259
0.0592807
0.0376364
0.0206534
0.00686479
-0.00514003
-0.0176385
-0.0335192
-0.0510232
-0.0663391
-0.0747294
-0.0713931
-0.0534978
-0.0236688
0.00791774
0.0350003
0.0565466
0.0706669
0.0746957
0.0670539
0.0505525
0.0342519
0.0222935
0.0126327
0.00326675
-0.00683357
-0.0177747
-0.0288486
-0.038801
-0.0463226
-0.0506663
-0.0526765
-0.0550371
-0.0582781
-0.0618857
-0.0654893
-0.0688414
-0.0718516
-0.0745518
-0.0771173
-0.0798425
-0.0831099
-0.0872823
-0.0925044
-0.0984718
-0.104725
-0.110914
-0.116225
-0.1193
-0.118492
-0.112496
-0.101393
-0.0880721
-0.0765998
-0.0665244
-0.0567402
-0.0466083
-0.0357668
-0.0243192
-0.0127798
-0.00208034
0.00662337
0.0122941
0.014569
0.0147693
0.0159527
0.0180393
0.0204497
0.0229273
0.0253339
0.0277016
0.0301075
0.0326111
0.0351354
0.0374268
0.039218
0.0404673
0.0413876
0.0425876
0.0451513
0.0505552
0.0602426
0.0749038
0.0930763
0.110713
0.126574
0.14062
0.15241
0.161459
0.167702
0.17257
0.179021
0.186892
0.195321
0.203433
0.210055
0.213813
0.213332
0.207874
0.198354
0.185999
0.167768
0.141063
0.106768
0.0708465
0.0392486
0.0126127
-0.00915457
-0.0265987
-0.0423329
-0.0611142
-0.0832825
-0.106193
-0.12599
-0.137845
-0.137134
-0.121412
-0.0941067
-0.0665904
-0.0465698
-0.0363612
-0.0381944
-0.0532073
-0.0778561
-0.102002
-0.121028
-0.137205
-0.152919
-0.169573
-0.187516
-0.206013
-0.223374
-0.237352
-0.245061
-0.243632
-0.232608
-0.21664
-0.202656
-0.189892
-0.177062
-0.164661
-0.154626
-0.150349
-0.155475
-0.172218
-0.198059
-0.224065
-0.245441
-0.262927
-0.277188
-0.288403
-0.297217
-0.305116
-0.309716
-0.30483
-0.28493
-0.24823
-0.201839
-0.161999
-0.130595
-0.107066
-0.0913158
-0.0806466
-0.0691381
-0.0540254
-0.036622
-0.0183038
-6.97655e-05
0.0175173
0.0341668
0.0498446
0.0646493
0.0789258
0.0933246
0.108919
0.127155
0.149567
0.177121
0.20882
0.24113
0.27352
0.306154
0.337582
0.364396
0.381819
0.384693
0.366443
0.324116
0.266229
0.215859
0.185391
0.17114
0.162952
0.14946
0.130509
0.108422
0.0853265
0.0633793
0.0441762
0.0285754
0.0161105
0.00472794
-0.00749954
-0.0206039
-0.0342182
-0.0477859
-0.0605055
-0.0713845
-0.0795044
-0.0844124
-0.0869917
-0.0896651
-0.092833
-0.0960306
-0.0992245
-0.102932
-0.108299
-0.116863
-0.130044
-0.148186
-0.169254
-0.190312
-0.212791
-0.238285
-0.266695
-0.295711
-0.322791
-0.347368
-0.368879
-0.387011
-0.401927
-0.409643
-0.402405
-0.373797
-0.32333
-0.26229
-0.207016
-0.155225
-0.102441
-0.0470606
0.00995556
0.064446
0.113152
0.155208
0.192713
0.228571
0.260079
0.284678
0.303113
0.316834
0.32096
0.311329
0.289246
0.263769
0.243708
0.229262
0.219719
0.214362
0.210697
0.204382
0.195864
0.186583
0.177663
0.17006
0.164252
0.160086
0.156566
0.152782
0.148717
0.144519
0.140312
0.136224
0.132334
0.128642
0.125024
0.121216
0.11682
0.111369
0.1045
0.0961807
0.0871735
0.0789596
0.071189
0.0629643
0.0533183
0.0413285
0.0265764
0.00978317
-0.00675458
-0.0211128
-0.0320984
-0.0387101
-0.0406975
-0.0400425
-0.0410156
-0.0434754
-0.0465323
-0.0497456
-0.0528019
-0.0556166
-0.0581334
-0.0603054
-0.0619843
-0.063012
-0.0632852
-0.0627338
-0.0616322
-0.0609414
-0.0624074
-0.0683521
-0.0810009
-0.101183
-0.126574
-0.149661
-0.161092
-0.159957
-0.150692
-0.142141
-0.135775
-0.129387
-0.121493
-0.1121
-0.102968
-0.0938704
-0.0844818
-0.0747412
-0.0646345
-0.0541043
-0.0430181
-0.0311915
-0.0185242
-0.0051723
0.00821752
0.0208456
0.0327919
0.0445211
0.056795
0.0707147
0.0874853
0.107933
0.131692
0.1562
0.177478
0.193542
0.202831
0.204794
0.199764
0.186282
0.166658
0.148455
0.132976
0.118683
0.104645
0.0904731
0.0762264
0.062066
0.047936
0.0333131
0.0179346
0.00196599
-0.0141596
-0.0296044
-0.0429764
-0.0525283
-0.0565067
-0.0528586
-0.0405158
-0.02234
-0.00487706
0.0101606
0.0237684
0.0363469
0.0475786
0.0566775
0.0629442
0.0668408
0.070168
0.0710629
0.0674835
0.0590579
0.0481489
0.0384639
0.0297582
0.0213331
0.0129409
0.00452787
-0.00374992
-0.0117165
-0.0192927
-0.0267435
-0.0346502
-0.0428434
-0.0505818
-0.056855
-0.0605071
-0.060649
-0.0572975
-0.0522982
-0.0482218
-0.0445774
-0.0404574
-0.0353978
-0.0294598
-0.023361
-0.0172681
-0.011116
-0.00488308
0.00140484
0.00769355
0.013901
0.0199346
0.0257082
0.031182
0.0364377
0.0416681
0.0466259
0.0507929
0.0536435
0.0548438
0.0546571
0.0541219
0.053372
0.0514945
0.047659
0.0416378
0.0343636
0.0274066
0.0209692
0.0153018
0.0110466
0.00892231
0.00938454
0.0118724
0.0144378
0.0161306
0.0173041
0.0182933
0.0192679
0.0202856
0.0213782
0.0226336
0.024279
0.0266885
0.0303032
0.0354177
0.0417915
0.048373
0.0543542
0.0592602
0.0623803
0.0629279
0.0604857
0.0558908
0.051501
0.0475342
0.0433287
0.0387066
0.0341991
0.0311808
0.0317165
0.0380079
0.0513694
0.0703699
0.0898287
0.107244
0.123525
0.139398
0.154822
0.169009
0.18063
0.188425
0.191969
0.189639
0.17747
0.153412
0.121121
0.0913852
0.0705692
0.0582266
0.0513789
0.0443574
0.034407
0.0222662
0.00898329
-0.00465341
-0.018082
-0.0309675
-0.0430938
-0.0543287
-0.0646161
-0.0741113
-0.0832127
-0.0924597
-0.102843
-0.115814
-0.132958
-0.155233
-0.181947
-0.208956
-0.228977
-0.240975
-0.247026
-0.251559
-0.255482
-0.255573
-0.248936
-0.234934
-0.217272
-0.201627
-0.187445
-0.173385
-0.158875
-0.143722
-0.128305
-0.113345
-0.0998259
-0.0885577
-0.0797281
-0.072175
-0.0640904
-0.055439
-0.0462999
-0.0364102
-0.0254614
-0.0132873
-0.000360789
0.0119746
0.0222885
0.0289124
0.0301232
0.0251228
0.0154992
0.00430549
-0.0081116
-0.0202642
-0.0314216
-0.0421698
-0.0528114
-0.063302
-0.0733698
-0.0827471
-0.0914383
-0.0999417
-0.10807
-0.113982
-0.115441
-0.110769
-0.0999625
-0.0863149
-0.0745512
-0.0643049
-0.0545049
-0.0446179
-0.0343572
-0.0237598
-0.012698
-0.000932896
0.0118789
0.026053
0.0416865
0.0582897
0.0744205
0.0882825
0.0997647
0.109613
0.119559
0.131435
0.144407
0.156407
0.16453
0.165429
0.157065
0.141377
0.124979
0.111149
0.0988962
0.0872236
0.0757585
0.0646265
0.0542862
0.0451661
0.0370797
0.0289563
0.0207139
0.0125364
0.00417104
-0.00507351
-0.0161898
-0.0300431
-0.0467691
-0.0647442
-0.0803353
-0.0913565
-0.0968794
-0.096492
-0.0874258
-0.0682953
-0.0431406
-0.021426
-0.00314001
0.0131075
0.0274785
0.0398877
0.05015
0.0590592
0.0669719
0.0699927
0.0636845
0.0456114
0.0180539
-0.0102588
-0.0344893
-0.0550081
-0.0722815
-0.0865201
-0.0986813
-0.110895
-0.123442
-0.13458
-0.142832
-0.146867
-0.144303
-0.134072
-0.119056
-0.105986
-0.0947358
-0.0840601
-0.0735166
-0.062952
-0.0527055
-0.043234
-0.0349586
-0.0277297
-0.0205991
-0.0128623
-0.00522792
0.00123386
0.00536725
0.00622141
0.00372126
-0.000853469
-0.00728388
-0.0162518
-0.0271278
-0.0373481
-0.0452204
-0.0505128
-0.0534571
-0.055255
-0.0582583
-0.0629121
-0.0684828
-0.0737851
-0.0771445
-0.0765298
-0.0700861
-0.0570209
-0.0393964
-0.0225627
-0.00759458
0.00648727
0.0203098
0.0341392
0.0478176
0.0609838
0.0732521
0.0846289
0.0957695
0.107222
0.118612
0.129505
0.139627
0.148966
0.157918
0.16706
0.176358
0.185643
0.194711
0.203287
0.211109
0.217918
0.222816
0.224961
0.22419
0.221721
0.219156
0.215133
0.207918
0.196574
0.181919
0.166791
0.150774
0.131984
0.109118
0.0826402
0.05503
0.0258759
-0.00476287
-0.0347616
-0.0601582
-0.0780423
-0.087274
-0.0893447
-0.0871954
-0.0838943
-0.0814633
-0.0779034
-0.0714788
-0.0623991
-0.0530203
-0.0453219
-0.0402293
-0.0384994
-0.039903
-0.0428337
-0.0477354
-0.0554402
-0.0649801
-0.073356
-0.0793811
-0.0829152
-0.0840857
-0.0841232
-0.0853588
-0.0877777
-0.0908675
-0.0942203
-0.0972808
-0.0994049
-0.099795
-0.0977382
-0.0928988
-0.0860929
-0.0794592
-0.07339
-0.067518
-0.0618294
-0.0567131
-0.0530036
-0.0517035
-0.0535997
-0.0583246
-0.0640748
-0.0712709
-0.081008
-0.0932745
-0.105917
-0.114964
-0.121915
-0.13017
-0.139957
-0.150456
-0.160205
-0.16705
-0.168539
-0.16277
-0.149801
-0.133556
-0.119617
-0.107414
-0.0955422
-0.083328
-0.0705724
-0.0577555
-0.0458448
-0.0361195
-0.0296186
-0.026459
-0.0248559
-0.0221875
-0.0186606
-0.014869
-0.0110964
-0.0075216
-0.00416177
-0.000992014
0.00204462
0.00495025
0.00767861
0.0101135
0.0121438
0.0137234
0.0150376
0.0165148
0.0182112
0.0199533
0.0215256
0.0226653
0.0231358
0.0228068
0.0218535
0.020844
0.0201004
0.0195984
0.0192995
0.0191482
0.019026
0.0186909
0.0177672
0.0157768
0.0123079
0.00725282
0.00130794
-0.00401535
-0.00867325
-0.0128994
-0.0168614
-0.0208437
-0.0251635
-0.0300241
-0.0355948
-0.041992
-0.0490454
-0.0562355
-0.0634696
-0.0707489
-0.0777886
-0.0839879
-0.0884618
-0.0903309
-0.0891518
-0.0858213
-0.0827996
-0.0804507
-0.0781843
-0.0757145
-0.0731539
-0.0711096
-0.0705664
-0.0726281
-0.077983
-0.0860287
-0.0943283
-0.101307
-0.106578
-0.109567
-0.109627
-0.106572
-0.10166
-0.0977654
-0.0946932
-0.0905161
-0.0831394
-0.0708625
-0.053207
-0.0324254
-0.013577
0.00251645
0.0157092
0.0257221
0.0331494
0.0399203
0.0474757
0.0548641
0.0609706
0.0651708
0.0678567
0.0703584
0.0717422
0.0706546
0.066269
0.0589142
0.0506768
0.0429336
0.0362449
0.0317142
0.0310476
0.035855
0.0467327
0.0612848
0.0740693
0.0855971
0.0973807
0.110194
0.124241
0.139501
0.157452
0.179553
0.206312
0.236297
0.264991
0.286556
0.29958
0.305511
0.308833
0.311619
0.313302
0.314752
0.317614
0.320665
0.322073
0.320094
0.313251
0.301039
0.285172
0.269923
0.256221
0.243365
0.230801
0.218149
0.205222
0.191947
0.178341
0.164523
0.150911
0.138053
0.126522
0.116669
0.108443
0.102135
0.0976218
0.0936133
0.0889182
0.0836703
0.078111
0.0723729
0.0666307
0.0611743
0.0564945
0.0532288
0.0519681
0.0528137
0.054883
0.0569242
0.0579076
0.0560898
0.0490447
0.0345735
0.0119997
-0.0152568
-0.039428
-0.0594205
-0.074978
-0.0853016
-0.0904095
-0.0925711
-0.0968531
-0.103869
-0.111792
-0.118413
-0.121269
-0.118123
-0.107741
-0.0915201
-0.0743286
-0.058626
-0.0438325
-0.0296836
-0.016751
-0.00631772
7.58146e-05
0.00144812
-0.00114601
-0.00382766
-0.00473493
-0.00464194
-0.00434977
-0.00436553
-0.00496681
-0.0062448
-0.00812039
-0.0103567
-0.012633
-0.0146168
-0.0158607
-0.0158475
-0.0141321
-0.0107094
-0.00623521
-0.000730847
0.00634969
0.0148565
0.0235826
0.0319741
0.040329
0.0488334
0.0574106
0.0657192
0.0732127
0.0792868
0.0835589
0.0862995
0.0887891
0.0920864
0.0958157
0.0992447
0.101504
0.101645
0.0988966
0.0933045
0.0859484
0.0761276
0.062786
0.0464601
0.0298254
0.014373
-6.69024e-05
-0.0135492
-0.0259545
-0.0372418
-0.0479184
-0.0591293
-0.0706963
-0.0816963
-0.0911626
-0.0983246
-0.10298
-0.106178
-0.110187
-0.114821
-0.11934
-0.123085
-0.125439
-0.126092
-0.125373
-0.124454
-0.123965
-0.123821
-0.123898
-0.124106
-0.124322
-0.124347
-0.123861
-0.122451
-0.119714
-0.115474
-0.110204
-0.105133
-0.100519
-0.096162
-0.0919353
-0.0877642
-0.0836033
-0.0793627
-0.0748605
-0.0697891
-0.0637713
-0.0565009
-0.0480653
-0.0391745
-0.0302989
-0.0216822
-0.0139876
-0.0083324
-0.00602132
-0.00796378
-0.0144267
-0.0240931
-0.033203
-0.0408668
-0.0474342
-0.0528005
-0.056545
-0.0581928
-0.057792
-0.0565923
-0.0561147
-0.0549975
-0.0512673
-0.0433795
-0.0307496
-0.0151768
-0.000812797
0.0123612
0.0250519
0.0375161
0.0499064
0.062153
0.0738165
0.0841564
0.0926966
0.0996326
0.106346
0.11472
0.125
0.136664
0.148352
0.157469
0.160661
0.154817
0.138234
0.11324
0.0876644
0.0654543
0.0455203
0.0267712
0.00872593
-0.00879939
-0.0260256
-0.0437346
-0.0633708
-0.0853524
-0.109651
-0.135557
-0.161035
-0.182068
-0.193443
-0.197189
-0.201219
-0.20596
-0.207784
-0.20315
-0.189875
-0.169447
-0.148072
-0.128904
-0.110934
-0.0931325
-0.0749546
-0.0563218
-0.0375743
-0.0193845
-0.00254839
0.0123392
0.0246403
0.0327449
0.0356947
0.0349441
0.034348
0.0326741
0.0281071
0.0202176
0.0105184
0.00156545
-0.00685172
-0.0152288
-0.0237516
-0.0324422
-0.0411375
-0.0495669
-0.0574402
-0.0645704
-0.0705325
-0.0744895
-0.0759166
-0.0753328
-0.0746094
-0.0746589
-0.0751214
-0.0756066
-0.0758641
-0.0757947
-0.0754625
-0.0751088
-0.0751183
-0.075954
-0.0779893
-0.0812686
-0.0851675
-0.088647
-0.0912983
-0.0926594
-0.0921626
-0.0894917
-0.0850685
-0.0804925
-0.0769562
-0.0737367
-0.0696295
-0.0633618
-0.0538475
-0.0407139
-0.025292
-0.0106801
0.00302874
0.0161295
0.0284982
0.0398805
0.0500032
0.0590028
0.0677354
0.0770564
0.0870447
0.0977836
0.109396
0.121801
0.134449
0.146051
0.154603
0.158679
0.157887
0.153947
0.151018
0.150099
0.150538
0.151585
0.152218
0.151096
0.146551
0.136999
0.121644
0.101924
0.0822578
0.0651752
0.0506337
0.038457
0.0283671
0.0192458
0.00916268
-0.000869233
-0.00911651
-0.0142002
-0.0155122
-0.0144026
-0.0141449
-0.014764
-0.0157566
-0.0169551
-0.0182151
-0.0194518
-0.0204413
-0.0207961
-0.0199025
-0.017098
-0.0119444
-0.00485472
0.00255938
0.00931323
0.0152366
0.0199104
0.0226612
0.0228954
0.0206625
0.0173931
0.0151262
0.0136245
0.0123546
0.0110289
0.00947961
0.00769107
0.00572822
0.00370926
0.00174622
-8.85253e-05
-0.00179909
-0.00349038
-0.00534793
-0.00742298
-0.00961581
-0.0116601
-0.0131068
-0.0133682
-0.0119071
-0.00852321
-0.00394289
0.000138701
0.00372951
0.00704982
0.0100538
0.0125699
0.0143446
0.0152468
0.0155547
0.016067
0.0169013
0.0178625
0.0188076
0.019653
0.0203786
0.0210132
0.0216238
0.0222931
0.023092
0.0240407
0.0250686
0.025978
0.0264428
0.0260513
0.02445
0.0215493
0.0179252
0.0148251
0.012323
0.0102419
0.00839208
0.0063974
0.00368171
-0.000544899
-0.00706905
-0.0163285
-0.0276581
-0.0390226
-0.0497182
-0.0594432
-0.0674137
-0.0725449
-0.0739058
-0.0715535
-0.0676054
-0.0651012
-0.0637726
-0.0629132
-0.062139
-0.0611593
-0.0597828
-0.0577923
-0.054934
-0.0509426
-0.0456976
-0.0395211
-0.0333535
-0.0276476
-0.0222393
-0.0169414
-0.0116213
-0.00618343
-0.000563238
0.00526699
0.0112759
0.0173272
0.0231388
0.0282639
0.0321828
0.0344139
0.0341809
0.0307766
0.0245992
0.0178292
0.012366
0.00780993
0.00338706
-0.00164758
-0.00806511
-0.0164702
-0.0270439
-0.0390467
-0.0505503
-0.0598802
-0.0659846
-0.068139
-0.0665929
-0.0635975
-0.0622015
-0.0620585
-0.0622124
-0.0618891
-0.0603473
-0.0571027
-0.0520446
-0.0458875
-0.0401058
-0.0347966
-0.0297815
-0.0249737
-0.0202357
-0.0154079
-0.0102368
-0.00441747
0.00235435
0.0102018
0.0187846
0.0271727
0.0348125
0.0409641
0.04469
0.0452842
0.042894
0.0393638
0.0372739
0.0365425
0.0365579
0.0366713
0.0359323
0.0331567
0.027037
0.0166742
0.00226957
-0.0135215
-0.0256648
-0.0333459
-0.0370891
-0.0386402
-0.0413871
-0.0456074
-0.0498138
-0.052161
-0.0508105
-0.0445542
-0.0338346
-0.0216438
-0.010674
-0.00058391
0.00919305
0.0188085
0.0281378
0.0367988
0.0443795
0.0506813
0.0562078
0.0621961
0.0683367
0.0733813
0.075918
0.0747597
0.0695453
0.0619082
0.0554911
0.0501875
0.0452147
0.0400982
0.0344437
0.0280943
0.0211042
0.0138267
0.00659212
-0.000524332
-0.00752018
-0.0144093
-0.0212623
-0.0281866
-0.0353245
-0.0427932
-0.0506196
-0.0586345
-0.0663848
-0.0731067
-0.0778345
-0.0797132
-0.0784704
-0.0753768
-0.0732899
-0.0722418
-0.0717929
-0.0717331
-0.0717841
-0.0715722
-0.0704515
-0.0675363
-0.0618284
-0.052668
-0.0404763
-0.0274705
-0.0155837
-0.00449423
0.00630992
0.017048
0.0277728
0.0383677
0.0486856
0.0586389
0.0684172
0.0784456
0.088258
0.096783
0.102795
0.105299
0.10411
0.100967
0.0994709
0.0993467
0.0993334
0.0980845
0.0940047
0.0857293
0.0726331
0.0561326
0.0399228
0.0244917
0.00882803
-0.00763797
-0.024771
-0.0414427
-0.0554766
-0.0641395
-0.0663098
-0.0634883
-0.0604998
-0.0598204
-0.0607799
-0.0624952
-0.0641404
-0.064757
-0.0631908
-0.0581798
-0.0487679
-0.0350655
-0.0193491
-0.00485153
0.00861603
0.0215659
0.0339385
0.0453305
0.0550875
0.0627457
0.0686031
0.0742632
0.0810806
0.088657
0.0962135
0.102874
0.107609
0.109486
0.108035
0.104048
0.0999463
0.0968972
0.0944203
0.0919354
0.0889839
0.0852688
0.0807117
0.0756102
0.0705876
0.0657089
0.0609092
0.0561448
0.0513448
0.0464535
0.041418
0.0362299
0.0309299
0.0256465
0.0205638
0.0157487
0.0111133
0.00639693
0.00112057
-0.005372
-0.0137449
-0.0243502
-0.0366163
-0.0488348
-0.06056
-0.0718017
-0.0822386
-0.0912496
-0.0981042
-0.102356
-0.104561
-0.106611
-0.108893
-0.109973
-0.108336
-0.103051
-0.0946238
-0.085474
-0.0768523
-0.0685001
-0.06042
-0.0531412
-0.0476341
-0.0450026
-0.0459417
-0.0497321
-0.0537066
-0.056569
-0.0587969
-0.0608107
-0.0627389
-0.064475
-0.0657975
-0.0665302
-0.0668322
-0.0672782
-0.067891
-0.0684329
-0.0687348
-0.068713
-0.0684375
-0.0681268
-0.0678658
-0.0675507
-0.0670567
-0.0662937
-0.0652837
-0.0642341
-0.0636012
-0.0640675
-0.0664016
-0.0711316
-0.0779967
-0.0854329
-0.091818
-0.0967318
-0.0997668
-0.100525
-0.0991423
-0.0969077
-0.0956289
-0.0952095
-0.0952937
-0.0956695
-0.0960815
-0.0961682
-0.0953511
-0.0928544
-0.0878754
-0.0799767
-0.0698097
-0.0595231
-0.050156
-0.041331
-0.0326696
-0.0239952
-0.0152964
-0.00668022
0.00172535
0.0099085
0.0180627
0.0262467
0.0343698
0.0424136
0.0504852
0.0588107
0.0677126
0.0774989
0.088309
0.0997932
0.111078
0.122122
0.132928
0.143289
0.152873
0.16132
0.168433
0.174577
0.180729
0.186409
0.190349
0.191437
0.189182
0.18466
0.180675
0.17776
0.175231
0.172378
0.168472
0.162928
0.155481
0.146615
0.137754
0.129934
0.123552
0.118912
0.116034
0.114116
0.111491
0.108242
0.104767
0.101332
0.0981544
0.0953485
0.0929361
0.090791
0.088652
0.0865039
0.0844695
0.0826569
0.0810876
0.0796073
0.0778135
0.0750496
0.0704999
0.0634883
0.0539654
0.0431932
0.0330583
0.0235288
0.0144631
0.00610993
-0.00107794
-0.00661287
-0.0103427
-0.0130794
-0.0166162
-0.0205324
-0.0239189
-0.0259869
-0.026148
-0.0243961
-0.0217123
-0.0195215
-0.0177588
-0.0161415
-0.0145145
-0.0127725
-0.0108974
-0.00892652
-0.00695077
-0.00507971
-0.00341582
-0.00200305
-0.000759286
0.000533848
0.00187034
0.00321724
0.00457062
0.00594661
0.00737971
0.00891153
0.0105678
0.0123277
0.0140944
0.0157857
0.017419
0.019042
0.0207195
0.0225421
0.0246128
0.0270189
0.0297792
0.0327457
0.0355916
0.0383509
0.0412536
0.0445216
0.0482736
0.0523974
0.0564225
0.0594518
0.0602346
0.0574787
0.0504616
0.0400407
0.0294968
0.0217241
0.0164224
0.0122978
0.00762131
0.00219869
-0.00376258
-0.0101042
-0.0166464
-0.0232692
-0.0299742
-0.036862
-0.0439478
-0.051045
-0.0576553
-0.062965
-0.0659776
-0.0658867
-0.0627243
-0.0581081
-0.0541143
-0.0509253
-0.0479844
-0.0449117
-0.0415569
-0.0380382
-0.0346988
-0.032046
-0.0305698
-0.0305165
-0.03146
-0.0322072
-0.0324883
-0.0324951
-0.0323923
-0.0323574
-0.0325893
-0.0333415
-0.0348788
-0.0373907
-0.0407832
-0.0444964
-0.0480666
-0.0516556
-0.0553866
-0.0591404
-0.0625169
-0.0648467
-0.0653257
-0.0633379
-0.058958
-0.0536229
-0.0492784
-0.04549
-0.041355
-0.0361028
-0.0291506
-0.0204282
-0.0107855
-0.00209573
0.00457044
0.00872139
0.0103264
0.0105794
0.0118946
0.0142629
0.0171534
0.0200923
0.0224627
0.0235958
0.02282
0.019745
0.0146904
0.00911903
0.00428251
-4.13381e-05
-0.00424331
-0.00855963
-0.0131187
-0.0178902
-0.022709
-0.0272812
-0.0312552
-0.0343287
-0.0364166
-0.0379433
-0.0398414
-0.042064
-0.044351
-0.0464629
-0.0481331
-0.0491466
-0.049411
-0.0491463
-0.04892
-0.0488674
-0.048919
-0.0490446
-0.0492448
-0.0495364
-0.0499043
-0.0502574
-0.0503821
-0.0499392
-0.0485147
-0.045779
-0.041744
-0.0371233
-0.0329227
-0.028995
-0.0250478
-0.0209572
-0.0167431
-0.0126289
-0.00900088
-0.0063424
-0.00503786
-0.00509747
-0.00577255
-0.00597965
-0.00578812
-0.00543125
-0.00503829
-0.00472429
-0.004582
-0.00472824
-0.00529708
-0.00642356
-0.00816693
-0.010364
-0.0125622
-0.0147756
-0.0175404
-0.0214175
-0.026713
-0.0331866
-0.0396367
-0.0438878
-0.0447226
-0.0419232
-0.0367576
-0.032219
-0.0289142
-0.0262599
-0.0237383
-0.0209203
-0.0175309
-0.0134621
-0.00885156
-0.0041416
-0.000133884
0.0020608
0.00146884
-0.00215872
-0.00759603
-0.012153
-0.0159804
-0.0196986
-0.023581
-0.027671
-0.0316391
-0.034877
-0.0365913
-0.0361442
-0.0334961
-0.0298444
-0.0269292
-0.0246313
-0.0225726
-0.0205613
-0.0184448
-0.0161353
-0.0135284
-0.0105151
-0.00697798
-0.00287947
0.00161901
0.00605557
0.0101033
0.0136247
0.0165034
0.0187027
0.0204373
0.0222842
0.0246589
0.0272807
0.0295889
0.0308457
0.0302273
0.0271165
0.021566
0.0149371
0.0091515
0.00406886
-0.000756013
-0.00558098
-0.0105852
-0.0158074
-0.0211826
-0.0265274
-0.0315852
-0.0358976
-0.038521
-0.0385292
-0.0355157
-0.0304136
-0.025712
-0.0219137
-0.0185588
-0.0153051
-0.0119205
-0.00830404
-0.00442728
-0.000325242
0.00394185
0.00828245
0.0125783
0.0166651
0.0203487
0.0234423
0.0258428
0.0276666
0.0293698
0.0311868
0.0326325
0.0330639
0.0319736
0.0292607
0.0256612
0.0223639
0.0195627
0.017477
0.0165902
0.0173888
0.0200954
0.0240548
0.0275966
0.0303973
0.0328015
0.0350791
0.0374444
0.0400396
0.042949
0.0459103
0.0483011
0.0493009
0.0481442
0.0444585
0.038973
0.0336944
0.0290692
0.024838
0.0209463
0.0175169
0.0147996
0.0129676
0.0118397
0.0106861
0.00917488
0.00746409
0.0057016
0.00395175
0.00223181
0.000530126
-0.00114888
-0.00276608
-0.00427984
-0.00570552
-0.00709084
-0.00854032
-0.0102239
-0.0123715
-0.015201
-0.018813
-0.0229655
-0.0270201
-0.0308404
-0.0345303
-0.0381533
-0.0417485
-0.045335
-0.0489496
-0.0526576
-0.056564
-0.0607719
-0.0653254
-0.0701381
-0.0748985
-0.0789731
-0.0814349
-0.0812562
-0.0777486
-0.0713127
-0.0641138
-0.0580487
-0.0527892
-0.0477772
-0.0426707
-0.0372402
-0.0314054
-0.0251969
-0.0187754
-0.0124198
-0.00652895
-0.00156523
0.00207482
0.00427726
0.00562683
0.00742264
0.00963046
0.0119917
0.0143723
0.0166808
0.0188981
0.0210378
0.0231346
0.0252094
0.0272541
0.0292197
0.0310239
0.0325802
0.0338466
0.0349225
0.0360586
0.0372547
0.0384867
0.0397776
0.0411634
0.0426741
0.0442816
0.0458572
0.047135
0.0477255
0.0471967
0.0452617
0.0420958
0.038621
0.0356418
0.0330094
0.0304649
0.0278281
0.0249605
0.0217955
0.0183477
0.0147561
0.0112513
0.00803771
0.00534345
0.00336907
0.00216523
0.00140338
0.000368598
-0.000907755
-0.00225813
-0.0035764
-0.00478085
-0.00585002
-0.00682267
-0.00781787
-0.00902467
-0.0106818
-0.0129973
-0.0160419
-0.0195263
-0.0227943
-0.0258432
-0.0287767
-0.0316394
-0.0344786
-0.0373474
-0.0403455
-0.043622
-0.0473537
-0.0516716
-0.0565018
-0.0614888
-0.0665184
-0.0712958
-0.0752071
-0.0774035
-0.0770548
-0.0737886
-0.0685278
-0.06371
-0.0598032
-0.0563253
-0.0529181
-0.0493455
-0.045518
-0.041436
-0.0371734
-0.0328266
-0.0284969
-0.0242321
-0.0199594
-0.0155061
-0.0106424
-0.00514936
0.00102982
0.00763552
0.014388
0.0212508
0.027964
0.0339103
0.0381695
0.0397579
0.0380826
0.0337929
0.0292452
0.0255899
0.0224427
0.0195136
0.0168386
0.0147239
0.0136002
0.0137752
0.0150039
0.0162552
0.0170384
0.0175706
0.0180553
0.0186004
0.0192459
0.0199919
0.0208255
0.0217428
0.0227532
0.0238695
0.0250756
0.0262911
0.0273339
0.0279181
0.0276957
0.0263889
0.0240023
0.0211208
0.0185855
0.0163363
0.0142004
0.0121127
0.0100466
0.00800969
0.00597934
0.00386953
0.00149374
-0.00141166
-0.00511322
-0.00972063
-0.0149423
-0.0199255
-0.0239201
-0.0264326
-0.027094
-0.025967
-0.024052
-0.0227611
-0.0220083
-0.0215267
-0.0212252
-0.0210582
-0.0209856
-0.0208385
-0.0202374
-0.0185468
-0.0149728
-0.00884869
-0.000145288
0.00982229
0.0191389
0.0280247
0.0368551
0.0455517
0.0536716
0.0604186
0.0649418
0.0667451
0.0664687
0.0662549
0.0670969
0.0684403
0.0695519
0.0697034
0.0682409
0.0647769
0.0595577
0.0537805
0.0484928
0.0435378
0.0386574
0.033758
0.0288888
0.024253
0.0201402
0.0168081
0.0142873
0.0121393
0.00970749
0.00704411
0.00428973
0.00151326
-0.00123129
-0.0039023
-0.00643841
-0.00875723
-0.0107617
-0.0123872
-0.013682
-0.014888
-0.0162111
-0.0176058
-0.0190124
-0.0204178
-0.0218478
-0.0233662
-0.0250484
-0.0269477
-0.0290176
-0.031097
-0.0331976
-0.0353151
-0.0373499
-0.0391207
-0.0403811
-0.0409148
-0.0406551
-0.0399437
-0.0395288
-0.0393697
-0.0392675
-0.0390741
-0.0386409
-0.037872
-0.036738
-0.0353685
-0.0340462
-0.0328271
-0.0316363
-0.0303976
-0.0290432
-0.0275523
-0.0259755
-0.0244746
-0.023321
-0.0228742
-0.0234643
-0.0252276
-0.0277664
-0.0300829
-0.0320021
-0.0337795
-0.0356607
-0.0378652
-0.040521
-0.0435946
-0.0468275
-0.0499457
-0.0524941
-0.0538408
-0.0533489
-0.0506811
-0.0463512
-0.0420128
-0.0384434
-0.0352776
-0.032055
-0.02838
-0.0239435
-0.0186087
-0.0125428
-0.00632803
-0.000484579
0.00499156
0.0102674
0.015625
0.0214973
0.0284087
0.0368225
0.0468688
0.0578976
0.0683109
0.0771726
0.0838608
0.0879031
0.0894838
0.0901279
0.0919047
0.0945956
0.0975664
0.100281
0.102183
0.102821
0.10194
0.0997677
0.0972188
0.0951131
0.0933748
0.091826
0.090332
0.0887624
0.08698
0.0848323
0.0821669
0.0788931
0.0750995
0.0711704
0.0674271
0.063797
0.0601744
0.0565179
0.0528384
0.049203
0.0457018
0.042403
0.0393058
0.0363281
0.0332234
0.0295682
0.0248473
0.0186305
0.0108956
0.00238206
-0.0049258
-0.00797408
-0.00550832
0.000177512
0.00435263
0.00691112
0.00865805
0.0101299
0.0119077
0.0144596
0.0182113
0.0233735
0.0297809
0.0366292
0.0430603
0.04868
0.0530252
0.055567
0.0560463
0.0549853
0.053997
0.0539024
0.0544796
0.055387
0.056235
0.0564948
0.0554963
0.0525207
0.0470827
0.0394393
0.0310852
0.0234072
0.0164083
0.010099
0.00477818
0.000804775
-0.00163327
-0.00306396
-0.00486378
-0.00726461
-0.00994192
-0.0126546
-0.0152235
-0.0175499
-0.0195713
-0.0212819
-0.0227312
-0.0240791
-0.025511
-0.0270247
-0.0285759
-0.0301385
-0.031687
-0.0332168
-0.0347299
-0.0362417
-0.0377649
-0.0393142
-0.04089
-0.0424807
-0.0440525
-0.0455733
-0.0470442
-0.0484992
-0.049997
-0.0516197
-0.0534397
-0.0554732
-0.0576138
-0.0595738
-0.0608657
-0.0608551
-0.0589671
-0.0550013
-0.0497718
-0.0451429
-0.0410828
-0.0372837
-0.0336839
-0.0303225
-0.0273379
-0.0248128
-0.0226025
-0.0202459
-0.0176889
-0.0150524
-0.0124211
-0.00983936
-0.00732122
-0.00486037
-0.00244187
-4.79747e-05
0.00233638
0.00472677
0.00713774
0.00958512
0.0120811
0.0146306
0.0172219
0.0198224
0.0223756
0.0248123
0.0271098
0.0294147
0.0320057
0.0352561
0.039527
0.0449809
0.0512481
0.0572818
0.0623684
0.0658602
0.0670549
0.0655724
0.0620431
0.0584908
0.0559063
0.0539424
0.0521979
0.0503717
0.0482118
0.0454902
0.0420047
0.0376368
0.032501
0.0270927
0.021864
0.0168212
0.0120086
0.00761095
0.00389507
0.00109346
-0.000799379
-0.00230251
-0.00416262
-0.00630867
-0.00856096
-0.0108241
-0.0130277
-0.0151323
-0.0170958
-0.0188741
-0.0204203
-0.0217183
-0.0228382
-0.0239741
-0.0252135
-0.0265131
-0.0278155
-0.0290749
-0.030258
-0.031358
-0.0324051
-0.0334833
-0.0347297
-0.0363223
-0.0384234
-0.0410985
-0.0441533
-0.0470983
-0.0498134
-0.052371
-0.0548485
-0.0573463
-0.0599861
-0.0629046
-0.0662051
-0.0698809
-0.0737118
-0.0771652
-0.0793936
-0.0794871
-0.0767434
-0.0711996
-0.0644011
-0.0585454
-0.0534455
-0.0485956
-0.0437541
-0.0387951
-0.0337403
-0.0286395
-0.0235185
-0.0182676
-0.0126159
-0.00612473
0.00166578
0.0110185
0.0215331
0.0319961
0.042013
0.0514744
0.0600283
0.0671828
0.0725226
0.0761205
0.0790438
0.0826891
0.0864815
0.089436
0.0907033
0.0897394
0.0867987
0.083282
0.0803994
0.0778534
0.0751184
0.0717391
0.0673749
0.0619504
0.0559094
0.0501876
0.0447803
0.0394443
0.0339166
0.0278631
0.0209807
0.0131019
0.00446067
-0.00422634
-0.0126913
-0.0208067
-0.028279
-0.0347205
-0.0398093
-0.0435884
-0.0468393
-0.0506677
-0.054975
-0.0594679
-0.0639138
-0.0680617
-0.0716712
-0.0745352
-0.0765772
-0.0780177
-0.0794666
-0.0812475
-0.0832974
-0.0854902
-0.0876581
-0.0895613
-0.0908946
-0.0913393
-0.0906917
-0.0890952
-0.0872494
-0.0857635
-0.0845357
-0.0833913
-0.082228
-0.0809836
-0.0796444
-0.0782227
-0.0767526
-0.0752719
-0.0738174
-0.0724105
-0.0710527
-0.0697129
-0.0683246
-0.0667844
-0.0649739
-0.0628005
-0.0602721
-0.0575879
-0.0550331
-0.0525885
-0.0501908
-0.0477982
-0.0453744
-0.0428928
-0.0403362
-0.0377039
-0.0350245
-0.0323682
-0.0298586
-0.0276571
-0.0259268
-0.0247521
-0.0240022
-0.0232548
-0.0223045
-0.0212284
-0.0201269
-0.0190824
-0.0181616
-0.0173976
-0.0167701
-0.0161754
-0.0154082
-0.0141651
-0.012102
-0.00896079
-0.00478364
-0.00019083
0.00396287
0.00778582
0.0115756
0.0156064
0.0201632
0.025459
0.0315557
0.038144
0.0445589
0.0508749
0.0572901
0.0638841
0.0706051
0.0771918
0.0831828
0.0879661
0.0909983
0.0920998
0.0920655
0.0926797
0.0939276
0.0954783
0.0971421
0.098708
0.0999687
0.100657
0.100496
0.0992743
0.0970482
0.0943927
0.0921009
0.090076
0.0880999
0.0860514
0.0838866
0.0816705
0.0795656
0.0778078
0.0766367
0.0761864
0.0762958
0.0764154
0.0762933
0.0760667
0.0758998
0.0759126
0.0761547
0.0765599
0.0769064
0.0768044
0.0757378
0.0732069
0.0689726
0.0634899
0.0581125
0.053462
0.0491695
0.0446726
0.0393333
0.0325124
0.0237815
0.0132973
0.0021619
-0.00854057
-0.0186678
-0.0280204
-0.0361716
-0.0427025
-0.0474727
-0.0511971
-0.0555439
-0.0607265
-0.0661181
-0.0709541
-0.0743583
-0.0755455
-0.0741086
-0.0706394
-0.0670165
-0.0642296
-0.0620676
-0.0602514
-0.0585277
-0.0565949
-0.0540438
-0.0503527
-0.044987
-0.0376394
-0.0287049
-0.0195583
-0.0108762
-0.00247649
0.0057058
0.0134745
0.0204248
0.026108
0.0302959
0.0334648
0.0369328
0.041008
0.0455029
0.0502534
0.0550432
0.0595399
0.0632349
0.065476
0.0656459
0.0634867
0.0597471
0.0563412
0.0535681
0.0509336
0.0480461
0.0446699
0.0408525
0.0369013
0.0329288
0.0289356
0.0249381
0.0209443
0.0169617
0.0129816
0.00898996
0.00496259
0.000882832
-0.00325448
-0.00742006
-0.0115417
-0.0154962
-0.0191294
-0.0223036
-0.0249805
-0.0273683
-0.0299337
-0.0327007
-0.0356149
-0.0386347
-0.0416755
-0.0445883
-0.0471438
-0.0490541
-0.0500663
-0.0501091
-0.0495886
-0.0493997
-0.0495511
-0.0498953
-0.0503469
-0.0507925
-0.0510885
-0.0510232
-0.0503394
-0.048806
-0.0463563
-0.0433597
-0.0406484
-0.038268
-0.0361629
-0.0343767
-0.0329499
-0.0318596
-0.0308829
-0.0297199
-0.0284185
-0.0270747
-0.0257386
-0.0244398
-0.0231803
-0.0219521
-0.0207409
-0.0195382
-0.0183415
-0.0171589
-0.0159993
-0.0148674
-0.0137477
-0.0125948
-0.0113257
-0.00982835
-0.00799122
-0.00575873
-0.00324506
-0.000760743
0.00171139
0.00433339
0.00719426
0.0102394
0.013194
0.0155436
0.0165831
0.0156321
0.0123808
0.00754739
0.00307985
-0.000329554
-0.00253866
-0.00329988
-0.00249432
-0.000540216
0.00133438
0.00257577
0.0034496
0.00422632
0.00505334
0.00598219
0.00699198
0.00804246
0.00912351
0.0103039
0.0117488
0.013697
0.0163717
0.0198067
0.0236608
0.027547
0.0313361
0.0346846
0.0369483
0.0373178
0.0351329
0.030411
0.0245572
0.0195818
0.0152835
0.0111716
0.00701002
0.00269723
-0.00169004
-0.00598196
-0.00996293
-0.0134926
-0.0166096
-0.0196702
-0.0230822
-0.0265639
-0.0295413
-0.0313007
-0.0311145
-0.0285698
-0.024137
-0.0194971
-0.0155062
-0.0119646
-0.00871982
-0.00580923
-0.0033778
-0.00155866
-0.000261053
0.00100649
0.0026592
0.00455391
0.00645018
0.00809789
0.00922108
0.00957482
0.00904067
0.00782788
0.00657474
0.00559832
0.00479778
0.00405396
0.00328456
0.00243828
0.00149402
0.00045849
-0.00063368
-0.00171798
-0.00270021
-0.00346532
-0.0039055
-0.00397008
-0.00375702
-0.00355724
-0.00349863
-0.0034981
-0.00345033
-0.00326895
-0.00291276
-0.00242438
-0.0019683
-0.00184845
-0.00248342
-0.00429744
-0.00752412
-0.0118461
-0.0162085
-0.0200798
-0.0236231
-0.0270414
-0.0305096
-0.0342068
-0.0383282
-0.0430668
-0.0485492
-0.0546914
-0.0610606
-0.0673061
-0.0735544
-0.0799026
-0.0862545
-0.0922925
-0.0974693
-0.100925
-0.10184
-0.0999234
-0.0963074
-0.0935801
-0.09167
-0.0900741
-0.0885537
-0.0869387
-0.085178
-0.0832233
-0.0810114
-0.0784029
-0.0752171
-0.0712963
-0.0666674
-0.0617395
-0.0570924
-0.0526623
-0.048302
-0.0439299
-0.0394966
-0.0349926
-0.030429
-0.0258322
-0.021231
-0.0166519
-0.0121107
-0.00760643
-0.00311837
0.0013552
0.00581443
0.0102683
0.0147381
0.0192554
0.0238554
0.0285608
0.0333609
0.0381848
0.042887
0.0472328
0.0509784
0.0543768
0.0580312
0.0620356
0.066338
0.070801
0.0751081
0.0787516
0.0810624
0.0814098
0.0795122
0.076069
0.0729176
0.0704313
0.0682809
0.0662469
0.0642028
0.062116
0.0599655
0.0576988
0.0551639
0.0521143
0.0482486
0.0433655
0.0375777
0.0316041
0.0264626
0.0223802
0.0193571
0.0171454
0.0150071
0.012333
0.0092075
0.00587573
0.00263906
-9.63842e-05
-0.00186282
-0.00223737
-0.0010551
0.00118661
0.00322106
0.00478977
0.00612047
0.007382
0.00868233
0.0100627
0.0115329
0.0130915
0.0147577
0.0165792
0.0186295
0.020969
0.023586
0.0263081
0.0289064
0.031445
0.0340365
0.0367562
0.0396271
0.0425778
0.0454151
0.0478182
0.0493798
0.0497411
0.0487862
0.047052
0.0457171
0.0445826
0.04317
0.0411372
0.0382897
0.0348263
0.0313467
0.0279984
0.0246995
0.0214157
0.0181478
0.0149493
0.0118982
0.00908252
0.00654804
0.00422954
0.00192381
-0.000267954
-0.00190207
-0.00247675
-0.00164439
0.000485811
0.00305679
0.00526047
0.00709917
0.00857999
0.00955574
0.00985205
0.00938579
0.00844196
0.00773309
0.00736798
0.0071345
0.00681547
0.00617468
0.00499485
0.00311198
0.000560742
-0.00235958
-0.00560658
-0.00938953
-0.0136868
-0.0180994
-0.0222937
-0.0260606
-0.0290805
-0.0310202
-0.0317267
-0.0316054
-0.0317164
-0.0323097
-0.0332326
-0.0343559
-0.0355171
-0.0364808
-0.0368854
-0.0362648
-0.034163
-0.0303674
-0.0253723
-0.0205168
-0.0160243
-0.0116345
-0.00726718
-0.00306934
0.000576159
0.00315329
0.00422224
0.00376359
0.00262242
0.00203103
0.00187666
0.00186477
0.00183654
0.00167858
0.00134509
0.000812929
8.96678e-05
-0.000800655
-0.00177695
-0.00271635
-0.00364606
-0.0046312
-0.00571326
-0.00689759
-0.00811912
-0.00931727
-0.0104944
-0.0116619
-0.0128242
-0.0139908
-0.0151719
-0.016384
-0.0176389
-0.0189395
-0.0202618
-0.0215469
-0.0226928
-0.0235692
-0.0240563
-0.0241128
-0.0239063
-0.0238235
-0.0238561
-0.0239384
-0.0240508
-0.0241886
-0.0243591
-0.0245515
-0.0247149
-0.0247383
-0.0244521
-0.0236644
-0.0222436
-0.0202637
-0.0181349
-0.0162147
-0.0144327
-0.0126805
-0.0109
-0.00906781
-0.00719769
-0.00532551
-0.00349344
-0.00172303
9.91301e-06
0.0018015
0.00382485
0.00631439
0.00948903
0.0134389
0.017882
0.0221526
0.0263219
0.0305495
0.0348453
0.0390817
0.0429621
0.0460797
0.0480444
0.0486988
0.0484979
0.0485997
0.0492653
0.0502728
0.0513481
0.0521191
0.0521252
0.0508571
0.0479419
0.0434289
0.0382097
0.0335315
0.0293109
0.0252707
0.0212624
0.0171747
0.0129546
0.00855037
0.00391031
-0.00103181
-0.00630726
-0.0118436
-0.0175067
-0.0233516
-0.0293216
-0.0351106
-0.0401367
-0.0435964
-0.0447083
-0.0431121
-0.0396436
-0.0365388
-0.0342379
-0.0323247
-0.0305183
-0.0286613
-0.0267216
-0.024705
-0.0226028
-0.0203119
-0.0176242
-0.014247
-0.00994099
-0.00470293
0.000901799
0.00569116
0.00903034
0.0103847
0.00942881
0.00669386
0.00386505
0.00178937
0.000229824
-0.00101262
-0.00197214
-0.00258916
-0.0028262
-0.00286677
-0.0031661
-0.00368399
-0.00432618
-0.00506355
-0.00586999
-0.00668709
-0.00736614
-0.00764551
-0.00716517
-0.00557614
-0.0027235
0.000991852
0.00451775
0.00764611
0.0105744
0.0134464
0.0163576
0.0193526
0.0224547
0.0256747
0.0290246
0.0325064
0.0360934
0.0396955
0.0431334
0.0461245
0.0483792
0.0498146
0.0506888
0.0516615
0.0529555
0.0542161
0.054947
0.0546275
0.0528729
0.0496951
0.0458633
0.0424703
0.0394445
0.0365423
0.0336285
0.030609
0.0274636
0.0242136
0.020927
0.0176896
0.014596
0.0117106
0.00903628
0.00645724
0.00380506
0.00106273
-0.00175401
-0.00462417
-0.00748975
-0.0102484
-0.0127461
-0.0148058
-0.0162889
-0.0172107
-0.0178881
-0.0187582
-0.0197273
-0.0206292
-0.0213749
-0.0219657
-0.0225419
-0.0233841
-0.0248799
-0.027402
-0.0311084
-0.0356202
-0.0398286
-0.0427522
-0.0437515
-0.0423571
-0.0386739
-0.0340229
-0.030255
-0.0272685
-0.0246852
-0.0222909
-0.0198745
-0.0172148
-0.0139913
-0.00980265
-0.00425016
0.00283365
0.0110059
0.0189661
0.0257167
0.0307627
0.0337223
0.0345725
0.0343384
0.0350996
0.0368189
0.0389948
0.0411567
0.0426859
0.042903
0.0411462
0.0370716
0.0311551
0.0250126
0.0195027
0.0145396
0.0101105
0.00640199
0.003643
0.00192077
0.000769489
-0.000859002
-0.00288846
-0.0050606
-0.00724602
-0.00934961
-0.0113386
-0.0131849
-0.0148706
-0.0163629
-0.0176478
-0.0187582
-0.0198311
-0.0209751
-0.022167
-0.023372
-0.0245843
-0.0258083
-0.0270618
-0.0283491
-0.0296523
-0.0309022
-0.0319847
-0.0327438
-0.0330428
-0.0328335
-0.0323243
-0.0319776
-0.0317831
-0.0316462
-0.0315236
-0.0313799
-0.0312058
-0.0309919
-0.0307365
-0.030431
-0.0300748
-0.0296771
-0.0292811
-0.028969
-0.0288714
-0.0291392
-0.0298937
-0.0311245
-0.0325654
-0.0338446
-0.0350363
-0.0362731
-0.0376243
-0.0390848
-0.0405387
-0.0417518
-0.0423947
-0.0421299
-0.0407686
-0.0385513
-0.0362962
-0.0343857
-0.0326407
-0.030866
-0.028944
-0.0268503
-0.0246792
-0.0226501
-0.0210887
-0.0203501
-0.0206772
-0.0219554
-0.0235025
-0.0247075
-0.0256583
-0.0265076
-0.0273428
-0.028223
-0.029186
-0.0302655
-0.0314937
-0.0328889
-0.0344226
-0.035976
-0.0373022
-0.038023
-0.0376877
-0.0359394
-0.0327938
-0.0290181
-0.0257032
-0.0227389
-0.0198609
-0.0169516
-0.0139839
-0.0110427
-0.00827423
-0.00583293
-0.00378618
-0.00197899
-1.76456e-05
0.00214188
0.00448316
0.00698227
0.00953189
0.0118994
0.0137056
0.0144657
0.013748
0.0114193
0.00814086
0.0053881
0.00312328
0.00105229
-0.000974868
-0.00307426
-0.00529239
-0.00765967
-0.0101836
-0.0128679
-0.0156819
-0.0185416
-0.0212653
-0.0235708
-0.0250962
-0.0255246
-0.024758
-0.0232927
-0.022225
-0.0215177
-0.020935
-0.0203515
-0.0196739
-0.0188805
-0.0179838
-0.0170385
-0.0161083
-0.0152597
-0.0145233
-0.0138746
-0.0131968
-0.012276
-0.0108119
-0.00850303
-0.00518047
-0.00107321
0.00306544
0.00686029
0.0104404
0.0139543
0.0175148
0.0212024
0.0250669
0.0291112
0.0332765
0.0374116
0.0412656
0.0444996
0.0467758
0.0479059
0.0481435
0.0483309
0.0488831
0.0496554
0.0504921
0.0512963
0.0520197
0.0526492
0.0531971
0.0536846
0.0541382
0.0545841
0.0550511
0.055568
0.056161
0.0568377
0.0575706
0.0582716
0.0587824
0.0588832
0.0583506
0.0570592
0.0551766
0.0532639
0.0515964
0.0500762
0.048597
0.0470915
0.0455245
0.0438862
0.042186
0.0404448
0.0386917
0.0369596
0.0352796
0.0336716
0.0321299
0.0306059
0.0289929
0.0271267
0.0248137
0.0219022
0.0183997
0.0146328
0.0110691
0.00767977
0.00436692
0.00107929
-0.00222405
-0.00556901
-0.00898734
-0.0125111
-0.0161681
-0.0199509
-0.0237864
-0.0274957
-0.0307886
-0.0332902
-0.0346692
-0.0348211
-0.0342513
-0.0340844
-0.0342805
-0.0345998
-0.0349167
-0.0351412
-0.0352577
-0.0352856
-0.0352824
-0.0353069
-0.0354067
-0.0355812
-0.0357646
-0.0358044
-0.0354764
-0.0345289
-0.0327918
-0.0303523
-0.0277173
-0.0253341
-0.0231297
-0.0209839
-0.0188352
-0.0166516
-0.0144307
-0.0121759
-0.00988696
-0.00754604
-0.00512473
-0.00259714
2.62951e-05
0.00266465
0.00513251
0.0071413
0.00834392
0.00846806
0.00752718
0.00611376
0.00507147
0.00433503
0.00371118
0.0030972
0.00242035
0.00165431
0.000786273
-0.000180271
-0.00123823
-0.00235894
-0.00348362
-0.00449966
-0.00524445
-0.00552382
-0.00518878
-0.00424996
-0.00304608
-0.00205437
-0.00123476
-0.000472812
0.000291943
0.00110004
0.00195895
0.00286335
0.00379512
0.00473891
0.00568117
0.00661865
0.00755315
0.00849362
0.00944705
0.010416
0.0113886
0.0123371
0.0132146
0.013966
0.0145467
0.0149592
0.0152963
0.0156926
0.016137
0.0166
0.0170641
0.0175178
0.0179556
0.0183753
0.0187769
0.0191636
0.0195429
0.0199302
0.0203492
0.0208319
0.0214071
0.0220885
0.0228426
0.0235832
0.0242912
0.0249806
0.0256596
0.0263341
0.0270074
0.0276866
0.0283816
0.0291069
0.0298739
0.0306836
0.031512
0.0322989
0.032943
0.0333148
0.0332993
0.0328608
0.0321729
0.0316247
0.0312043
0.030832
0.0304644
0.030069
0.0296342
0.0291584
0.0286506
0.0281259
0.0276042
0.0271077
0.0266555
0.0262556
0.0258917
0.0255108
0.025016
0.0242735
0.0231459
0.0215569
0.0196076
0.017639
0.0158167
0.0140815
0.0123675
0.0106361
0.0088684
0.00706473
0.00523528
0.00339538
0.00155755
-0.000272812
-0.00210392
-0.00395571
-0.00585739
-0.00783092
-0.00987761
-0.0119977
-0.0141729
-0.0163159
-0.0182568
-0.0197517
-0.0205485
-0.0205
-0.0197849
-0.0190206
-0.0185127
-0.0181599
-0.0178634
-0.017575
-0.0172817
-0.0169813
-0.0166567
-0.0162438
-0.0156233
-0.014628
-0.0131064
-0.0110088
-0.00857387
-0.00633491
-0.00427724
-0.00229201
-0.000323356
0.00167525
0.00372604
0.00584763
0.00804625
0.0103197
0.0126377
0.0149328
0.0170851
0.0189324
0.0203055
0.0211087
0.0214601
0.0217733
0.0222521
0.0228348
0.023463
0.0241177
0.0247998
0.0255106
0.0262197
0.0268389
0.0272089
0.0271172
0.0263695
0.0249031
0.0230102
0.02135
0.0198934
0.0185001
0.0171017
0.01566
0.0141833
0.0126997
0.0112441
0.00982726
0.00841345
0.00690038
0.00512288
0.00288228
2.56609e-05
-0.00342883
-0.0071282
-0.0105807
-0.0138427
-0.0170645
-0.0203619
-0.0238307
-0.0275063
-0.0313362
-0.0351385
-0.0385875
-0.041237
-0.0426361
-0.0425331
-0.0412575
-0.039919
-0.0390696
-0.038531
-0.0381024
-0.0376465
-0.0370638
-0.0362757
-0.0352107
-0.0338109
-0.0320636
-0.0300757
-0.0281124
-0.0262883
-0.0245289
-0.0227406
-0.0208475
-0.0188131
-0.0166698
-0.0145484
-0.012691
-0.0114314
-0.0111083
-0.0119117
-0.0135955
-0.0153288
-0.0167167
-0.0179275
-0.0191376
-0.0204449
-0.0218615
-0.0233078
-0.0246224
-0.0255941
-0.0260332
-0.0258698
-0.0253423
-0.0250015
-0.0248271
-0.0247009
-0.0245596
-0.0243585
-0.0240932
-0.0237852
-0.0234829
-0.0232427
-0.0231099
-0.0230838
-0.0230867
-0.0229336
-0.0223375
-0.0209547
-0.0185162
-0.0150349
-0.0110909
-0.00751114
-0.00423505
-0.00107492
0.00207167
0.00528237
0.00859376
0.0120291
0.0155905
0.0192622
0.0229863
0.0266477
0.0300572
0.032971
0.0351554
0.0365076
0.0372858
0.0381719
0.0392893
0.0404975
0.0417041
0.0428719
0.044025
0.0452224
0.0465267
0.0479472
0.0493897
0.050609
0.051211
0.0507181
0.0487532
0.0453304
0.041259
0.0376919
0.034535
0.0315191
0.028503
0.0253919
0.0221626
0.0188181
0.0153867
0.0118925
0.00836361
0.00482559
0.00132165
-0.00209066
-0.00533069
-0.00832489
-0.0110387
-0.0135675
-0.0161421
-0.0187834
-0.0214958
-0.0243281
-0.0273263
-0.0304971
-0.0337382
-0.0367866
-0.0391974
-0.0403957
-0.0398665
-0.0374465
-0.0339081
-0.0309839
-0.0286184
-0.0264564
-0.0243176
-0.0220737
-0.0196942
-0.0171837
-0.0145794
-0.0119089
-0.00919356
-0.00643687
-0.00364797
-0.000854085
0.00186998
0.00440162
0.00657588
0.00824673
0.00936727
0.0101673
0.0111551
0.0123111
0.0135219
0.0147259
0.0158758
0.0169605
0.0179888
0.0189957
0.0200276
0.0211345
0.0223448
0.0236414
0.0249306
0.0260259
0.0266561
0.0265264
0.0254416
0.0235241
0.0214018
0.0196237
0.0180906
0.0166272
0.0151059
0.0134278
0.0115453
0.00947826
0.00734344
0.00537486
0.0039195
0.00337895
0.00406466
0.00595934
0.00839351
0.010414
0.0120917
0.013641
0.0151771
0.01678
0.0184783
0.0202843
0.0221944
0.0242029
0.0262869
0.0283948
0.0304218
0.0322073
0.0335457
0.0342588
0.034295
0.0339412
0.0338269
0.0339572
0.0342235
0.034556
0.0348602
0.0350189
0.0348696
0.0342335
0.0329732
0.0311121
0.0289904
0.0270855
0.0253567
0.0236909
0.0220242
0.0203144
0.0185499
0.0167351
0.0148866
0.0130241
0.0111687
0.00933753
0.00754323
0.00578902
0.00406409
0.00233877
0.000608854
-0.00111912
-0.00284135
-0.00456062
-0.00628644
-0.00803406
-0.00981728
-0.01164
-0.0134825
-0.0152906
-0.0169715
-0.0184056
-0.019486
-0.0201787
-0.0206404
-0.021227
-0.0219473
-0.0227525
-0.0236201
-0.0245131
-0.0253719
-0.0260909
-0.0265213
-0.0264972
-0.0259087
-0.0248254
-0.0236109
-0.0225845
-0.0216951
-0.0208568
-0.0200221
-0.019162
-0.0182639
-0.0173172
-0.0163112
-0.0152341
-0.0140853
-0.0128933
-0.0117386
-0.0107642
-0.010168
-0.0101512
-0.010824
-0.0120285
-0.0132477
-0.0142296
-0.0150693
-0.0158779
-0.016738
-0.0177042
-0.0187969
-0.0199913
-0.0212052
-0.0222904
-0.023042
-0.0232404
-0.0227404
-0.0216254
-0.0203448
-0.0192924
-0.0184025
-0.0175633
-0.0167107
-0.015806
-0.014841
-0.0138243
-0.0127775
-0.0117241
-0.0106864
-0.00967737
-0.00869717
-0.00772677
-0.00672599
-0.00563495
-0.00438618
-0.00292986
-0.0012751
0.000457382
0.00209891
0.00365667
0.00517281
0.0066892
0.0082582
0.00993096
0.0117427
0.01368
0.0156471
0.0174333
0.018716
0.0191119
0.0183214
0.0163601
0.0138786
0.0118021
0.0100546
0.00841895
0.00678004
0.00506249
0.0032504
0.00135213
-0.000602963
-0.00259051
-0.00459037
-0.00659809
-0.00861455
-0.0106455
-0.0126865
-0.0147206
-0.0167224
-0.0186974
-0.0206627
-0.0226501
-0.0246997
-0.0268512
-0.0291149
-0.0314447
-0.0337006
-0.0356409
-0.0369395
-0.0372869
-0.0365434
-0.0350523
-0.0337143
-0.0327074
-0.0318581
-0.031043
-0.0301825
-0.0292529
-0.0282556
-0.0272116
-0.0261348
-0.0250291
-0.0238806
-0.0226729
-0.021402
-0.0201074
-0.0188902
-0.0179242
-0.0174322
-0.0176124
-0.0185216
-0.019852
-0.0209211
-0.0217435
-0.0224595
-0.0231603
-0.0239363
-0.0248544
-0.0259592
-0.0272418
-0.0286116
-0.0298564
-0.03064
-0.0305346
-0.0291625
-0.0264022
-0.0228165
-0.0196659
-0.0169135
-0.0143066
-0.0117276
-0.00910023
-0.00641932
-0.00369085
-0.000915208
0.00196289
0.00505812
0.00854382
0.0125812
0.017213
0.0221894
0.027126
0.0320873
0.0371097
0.0420216
0.0464594
0.0498895
0.0517898
0.0519111
0.0508033
0.0499459
0.049661
0.0497131
0.0499409
0.0502151
0.0504153
0.0503494
0.0497397
0.0482241
0.0454885
0.0414508
0.0366735
0.0323696
0.0285071
0.0248257
0.0211685
0.0173883
0.0133959
0.00913614
0.00463544
1.77234e-05
-0.00444032
-0.00831804
-0.0110843
-0.0122815
-0.0117706
-0.0102632
-0.00932585
-0.00891416
-0.00869509
-0.00848223
-0.00812149
-0.00755338
-0.006771
-0.00585297
-0.00494466
-0.00427343
-0.00410815
-0.00469875
-0.0061454
-0.00817683
-0.0100856
-0.0117361
-0.013268
-0.014794
-0.0163879
-0.0180752
-0.0198347
-0.0216001
-0.0232697
-0.0247258
-0.0258719
-0.026685
-0.0273066
-0.0280492
-0.0289203
-0.0297331
-0.0302417
-0.0301761
-0.0293329
-0.0277189
-0.0257494
-0.0240176
-0.0224827
-0.0210169
-0.0195572
-0.0180681
-0.0165479
-0.0150047
-0.0134449
-0.0118556
-0.010203
-0.00844109
-0.00654126
-0.00453319
-0.00255249
-0.00087285
0.000103789
-6.71527e-05
-0.00168574
-0.00457873
-0.00780828
-0.0105758
-0.013087
-0.0156389
-0.0183845
-0.0213317
-0.0242888
-0.0268777
-0.0285779
-0.0288936
-0.027591
-0.0251668
-0.0229571
-0.0212291
-0.0197296
-0.0182754
-0.0167453
-0.0150967
-0.0133276
-0.0114725
-0.00956932
-0.00765689
-0.005755
-0.00387124
-0.00199517
-0.000112867
0.00179273
0.00372375
0.0056637
0.00756359
0.00934913
0.0109282
0.0122309
0.0132596
0.0141687
0.0151747
0.0162599
0.0173702
0.0184752
0.0195518
0.0205938
0.0216031
0.0225957
0.0235939
0.0246262
0.0257143
0.0268632
0.0280416
0.0291689
0.0301096
0.0306916
0.030761
0.0302697
0.0294471
0.0288072
0.0283342
0.0279239
0.0275209
0.0270846
0.0266013
0.0260696
0.0255001
0.0249073
0.0243088
0.0237238
0.0231708
0.022663
0.0221995
0.0217559
0.021272
0.0206524
0.0197743
0.0185314
0.0168921
0.0150236
0.0132932
0.0116897
0.0101329
0.00857427
0.00697128
0.0053039
0.00356824
0.00178682
4.49318e-06
-0.00171128
-0.00329182
-0.00469686
-0.00596338
-0.00725295
-0.00887954
-0.0112888
-0.0149368
-0.0200737
-0.0263293
-0.0325419
-0.0381141
-0.0425779
-0.0452213
-0.0453794
-0.0428454
-0.0387625
-0.0356563
-0.0334215
-0.0315061
-0.0296214
-0.0275556
-0.0252473
-0.0226911
-0.0199485
-0.0170903
-0.0142124
-0.0114141
-0.00881655
-0.00653679
-0.00466309
-0.00317423
-0.00185205
-0.000390898
0.00117943
0.00278453
0.00437993
0.00594149
0.00746917
0.00898185
0.0105071
0.0120704
0.0136765
0.0152957
0.016849
0.0182115
0.019231
0.0197892
0.0198902
0.019788
0.0198434
0.0200273
0.0202547
0.0204804
0.0206738
0.020828
0.0209448
0.0210363
0.021114
0.0211919
0.021279
0.0213829
0.0215039
0.0216373
0.0217671
0.0218677
0.0219024
0.0218355
0.0216458
0.0213607
0.0210687
0.0208143
0.0205825
0.0203588
0.0201345
0.0199073
0.0196762
0.0194409
0.0191973
0.0189392
0.0186574
0.0183488
0.018022
0.0177078
0.0174622
0.0173646
0.0174951
0.0178993
0.0185157
0.0191415
0.0196772
0.0201596
0.020629
0.0211136
0.0216285
0.0221787
0.0227555
0.0233397
0.0238979
0.0243878
0.0247619
0.0249873
0.0250675
0.0250846
0.0251303
0.0251142
0.0249001
0.0243815
0.0235214
0.0224616
0.0215186
0.0207187
0.0200351
0.019457
0.0189377
0.018394
0.0177816
0.0171153
0.0164143
0.015706
0.0150231
0.0144057
0.0138863
0.0134741
0.0131229
0.0127061
0.0120028
0.0107198
0.00857502
0.00544446
0.00163573
-0.00203665
-0.00541372
-0.00864865
-0.0118519
-0.0150887
-0.0183764
-0.0217065
-0.0250597
-0.0284266
-0.0318177
-0.0352678
-0.0388175
-0.0424289
-0.0459844
-0.04928
-0.0520412
-0.0540029
-0.0550442
-0.0554456
-0.0559624
-0.0567962
-0.0578853
-0.0591961
-0.0606706
-0.0621727
-0.0634097
-0.0639171
-0.0630941
-0.0604123
-0.0557129
-0.0498403
-0.0446545
-0.0400896
-0.0357407
-0.0313822
-0.0268371
-0.0220509
-0.017043
-0.0119375
-0.00692807
-0.00227788
0.0017529
0.00499205
0.00753897
0.0098993
0.0125364
0.0154111
0.018425
0.0214897
0.0244902
0.0272665
0.0296177
0.0313385
0.0323142
0.0326789
0.0329546
0.0335952
0.0345359
0.0355913
0.0365176
0.0369841
0.0366078
0.0350643
0.0322678
0.0287376
0.0256077
0.0228514
0.0202378
0.0176412
0.0149648
0.0121757
0.00927153
0.00628863
0.00327921
0.00031539
-0.00253006
-0.00519317
-0.00765146
-0.00996387
-0.0122963
-0.0147476
-0.0173167
-0.0199632
-0.0225993
-0.0250672
-0.0271482
-0.0286031
-0.0292743
-0.0292576
-0.0290581
-0.0291184
-0.0293651
-0.0296732
-0.0299703
-0.0302111
-0.0303821
-0.0304857
-0.0305387
-0.0305627
-0.0305863
-0.03064
-0.0307551
-0.0309504
-0.0312183
-0.0315016
-0.0316778
-0.031559
-0.0309232
-0.0295977
-0.0275943
-0.0252938
-0.0232372
-0.0213855
-0.0196155
-0.0178545
-0.0160426
-0.0141438
-0.0121343
-0.0100133
-0.00781182
-0.00561508
-0.00357305
-0.00189822
-0.00082043
-0.000494164
-0.000829666
-0.00134469
-0.00161582
-0.00171674
-0.00176613
-0.00182824
-0.00193477
-0.00208485
-0.00226383
-0.0024552
-0.00265603
-0.0028821
-0.00316593
-0.00354079
-0.00401325
-0.00452953
-0.00494357
-0.00501034
-0.00441291
-0.00287038
-0.000295573
0.00288255
0.00571155
0.00821659
0.0105949
0.0129583
0.0154034
0.0179795
0.0207119
0.0235793
0.0265139
0.0293758
0.0319621
0.034021
0.0353407
0.0358621
0.0359268
0.0362766
0.0369165
0.0377098
0.0385604
0.0393384
0.0398946
0.0400402
0.0396008
0.0384847
0.0368539
0.0352005
0.0337657
0.0324601
0.0311878
0.0298871
0.0285313
0.0271224
0.0256875
0.0242661
0.0229013
0.0216217
0.0204241
0.0192541
0.0180626
0.0168536
0.0156378
0.0144208
0.013208
0.0120022
0.0108066
0.00962187
0.00844683
0.00727528
0.00609463
0.00488523
0.00362347
0.00228936
0.000879157
-0.000571726
-0.00198836
-0.00337251
-0.00474443
-0.00612702
-0.00755151
-0.00905464
-0.0106702
-0.0124134
-0.0142421
-0.0160571
-0.0179003
-0.0198277
-0.0218461
-0.0238923
-0.0258019
-0.0273162
-0.0281221
-0.0279736
-0.0268799
-0.0253652
-0.0241761
-0.0232499
-0.0224112
-0.0215675
-0.0206598
-0.0196779
-0.0186306
-0.0175436
-0.0164364
-0.0153226
-0.0142001
-0.0130617
-0.0118987
-0.0107186
-0.00955335
-0.00847086
-0.00756662
-0.00694171
-0.00665289
-0.00662862
-0.00661964
-0.00650473
-0.00632564
-0.0061277
-0.00593635
-0.00576443
-0.00561435
-0.00548572
-0.00537783
-0.00529308
-0.00523267
-0.00519232
-0.00515245
-0.00507284
-0.00489045
-0.00453136
-0.00393768
-0.00311566
-0.00219641
-0.0013671
-0.000618629
8.86654e-05
0.000784286
0.00150095
0.00227186
0.003128
0.00408412
0.00511738
0.00614245
0.00699381
0.00743243
0.00719569
0.00610751
0.00427024
0.00223484
0.000484612
-0.00106385
-0.00255
-0.00405645
-0.0056345
-0.00729812
-0.00903708
-0.0108185
-0.0125947
-0.0143052
-0.0158875
-0.0172942
-0.018525
-0.019668
-0.0208516
-0.0220681
-0.0232966
-0.0245383
-0.0258075
-0.0271249
-0.0284987
-0.0299037
-0.0312576
-0.0324137
-0.0331733
-0.0333459
-0.0328469
-0.0318893
-0.0310317
-0.0303813
-0.0298267
-0.0292841
-0.0286994
-0.028054
-0.0273537
-0.0266256
-0.025904
-0.0252207
-0.0245884
-0.0239865
-0.0233481
-0.0225595
-0.0214735
-0.019959
-0.0179723
-0.0157041
-0.0135844
-0.0116008
-0.00966703
-0.00774116
-0.00579464
-0.00382225
-0.00182504
0.000191739
0.00222946
0.00429555
0.00640179
0.00855113
0.0107243
0.0128625
0.0148619
0.0165811
0.0178822
0.0187016
0.0191864
0.0197302
0.0204065
0.0211379
0.0218765
0.0226052
0.0233385
0.0241033
0.0249178
0.0257617
0.0265506
0.0271239
0.0272596
0.0267424
0.0254744
0.0236895
0.0220097
0.0205583
0.0192201
0.0179142
0.0165903
0.0152287
0.0138199
0.0123514
0.0107926
0.00909366
0.00719814
0.00507488
0.00278665
0.000509709
-0.0017705
-0.00414719
-0.00665981
-0.00925279
-0.0117323
-0.0137659
-0.0149215
-0.0148179
-0.0133373
-0.0110562
-0.00925534
-0.00792443
-0.00681712
-0.00577458
-0.00460998
-0.00313358
-0.00111856
0.00163709
0.00523306
0.00945842
0.0137018
0.0176988
0.0216244
0.0256558
0.0298793
0.034243
0.0385184
0.0422978
0.0450518
0.0463059
0.0459005
0.0445049
0.043635
0.0432432
0.0430201
0.0428098
0.0425028
0.042077
0.041545
0.0409503
0.0403271
0.0396927
0.0390281
0.0382879
0.0374072
0.0363389
0.0350982
0.0338092
0.0325818
0.0313963
0.0302213
0.0290418
0.0278496
0.0266454
0.0254321
0.024213
0.0229873
0.0217495
0.0204892
0.0191966
0.0178671
0.0165158
0.0151763
0.0138472
0.0125225
0.0112
0.0098779
0.0085562
0.00723342
0.0059071
0.00457258
0.00322486
0.00186188
0.000488511
-0.000878571
-0.002208
-0.00345581
-0.0045768
-0.0055454
-0.00639466
-0.00723645
-0.00812539
-0.00904147
-0.009964
-0.0108817
-0.0117911
-0.0126942
-0.0135953
-0.0144963
-0.0153937
-0.0162764
-0.0171264
-0.0179246
-0.0186629
-0.0193597
-0.0200527
-0.0207572
-0.0214984
-0.0223129
-0.0232292
-0.0242397
-0.0252676
-0.0261402
-0.026588
-0.026289
-0.0249909
-0.0227072
-0.019987
-0.0176122
-0.0155218
-0.0135369
-0.011559
-0.009518
-0.0073858
-0.00515032
-0.00281755
-0.000405464
0.00204281
0.00445057
0.00669739
0.00862964
0.0101015
0.0110499
0.0116385
0.0122974
0.0131215
0.0140469
0.0150312
0.0160432
0.0170521
0.0180015
0.0187986
0.0193119
0.0194056
0.0190043
0.0182197
0.0174193
0.016782
0.016242
0.0157293
0.0152013
0.0146372
0.0140325
0.0133928
0.0127276
0.0120464
0.0113586
0.0106741
0.0100046
0.00936298
0.00876017
0.00819594
0.00764914
0.00706555
0.00635625
0.00540618
0.00411347
0.0024451
0.000554498
-0.00121567
-0.00287398
-0.0044893
-0.00609522
-0.00771703
-0.00936213
-0.0110352
-0.0127363
-0.0144693
-0.0162344
-0.0180259
-0.0198196
-0.0215665
-0.0231885
-0.0245924
-0.0257029
-0.0265219
-0.027206
-0.0279817
-0.0288293
-0.0297007
-0.0305793
-0.0314641
-0.0323671
-0.0332957
-0.0342368
-0.0351373
-0.0358978
-0.0363811
-0.0364549
-0.0360604
-0.035347
-0.0347063
-0.034211
-0.0337781
-0.033344
-0.032867
-0.0323355
-0.0317622
-0.031183
-0.030644
-0.0301875
-0.0298243
-0.0295093
-0.0291133
-0.0284206
-0.0271516
-0.0250588
-0.0220623
-0.0185327
-0.0152961
-0.0123277
-0.00945664
-0.00659513
-0.00367693
-0.00068459
0.00238191
0.00549952
0.00864482
0.0117904
0.0149181
0.0180152
0.0210831
0.0241346
0.0272054
0.0303468
0.0336098
0.0370083
0.0404858
0.0438736
0.0468832
0.0491307
0.0502581
0.0501162
0.0491282
0.0483726
0.0480958
0.0481155
0.0482511
0.0482846
0.0479576
0.0469566
0.0449897
0.0419097
0.037985
0.03403
0.0304526
0.0271255
0.0238973
0.0206525
0.017301
0.013772
0.0100246
0.00606715
0.00199694
-0.00196291
-0.00544634
-0.00797497
-0.00909617
-0.00861303
-0.0070333
-0.00568467
-0.00482824
-0.00420977
-0.00364152
-0.0030018
-0.0022457
-0.00137245
-0.000413036
0.000598274
0.00163301
0.00267876
0.00373333
0.0047976
0.00586078
0.00688936
0.00782144
0.00857348
0.00906898
0.00928266
0.00933036
0.00947197
0.00969257
0.00993085
0.0101548
0.010346
0.0105113
0.0106734
0.0108681
0.0111271
0.0114588
0.011824
0.0121156
0.0121548
0.011713
0.0105898
0.00872716
0.00643988
0.00441757
0.00262398
0.000887865
-0.000902029
-0.00283314
-0.00492382
-0.00711856
-0.00925616
-0.0110825
-0.0122745
-0.0125518
-0.0118231
-0.0104983
-0.00949207
-0.00878035
-0.0081754
-0.00758101
-0.00692458
-0.00618729
-0.00537068
-0.0045021
-0.00361033
-0.00272699
-0.00186945
-0.00104213
-0.000224014
0.000628535
0.00158099
0.00269911
0.00400805
0.00545722
0.00703505
0.00867333
0.0101535
0.0110949
0.010996
0.0094042
0.00616619
0.00194293
-0.00177033
-0.0050447
-0.00820225
-0.0113819
-0.0146301
-0.0178519
-0.0208756
-0.0235009
-0.0256168
-0.0273581
-0.0291646
-0.0311512
-0.0332841
-0.035543
-0.0378876
-0.0402174
-0.0423302
-0.0439174
-0.0446108
-0.0441211
-0.0424697
-0.0403052
-0.0385482
-0.0371211
-0.0358091
-0.034497
-0.0331112
-0.0316342
-0.0300719
-0.0284455
-0.0267718
-0.0250635
-0.0233279
-0.0215824
-0.0198646
-0.0182447
-0.0168213
-0.015698
-0.014933
-0.014447
-0.0139743
-0.0133853
-0.0127277
-0.012052
-0.0113888
-0.0107522
-0.0101447
-0.00956042
-0.00899132
-0.00842874
-0.00786627
-0.00729935
-0.00672489
-0.00613991
-0.00554187
-0.00492936
-0.00430598
-0.00368137
-0.00305903
-0.00243507
-0.00180733
-0.00117685
-0.000549164
6.75162e-05
0.000664168
0.00123796
0.00179804
0.00237347
0.00301476
0.00379017
0.00476439
0.00596629
0.0073232
0.00864602
0.0098938
0.0110986
0.0122847
0.0134734
0.0146829
0.0159369
0.0172624
0.018689
0.020233
0.0218782
0.0235457
0.0251411
0.0266982
0.0282864
0.0299734
0.0318102
0.0337893
0.0358085
0.037633
0.0389018
0.0391857
0.0381518
0.0358215
0.0329247
0.0305053
0.0285194
0.0267575
0.0250798
0.0233159
0.0212611
0.0186404
0.015159
0.0106045
0.00508033
-0.000785796
-0.00645293
-0.0120452
-0.0176551
-0.0231509
-0.0281871
-0.0322426
-0.0348038
-0.0356372
-0.0353097
-0.0353122
-0.0359528
-0.0369377
-0.0379845
-0.0387893
-0.039039
-0.0384154
-0.0367053
-0.0339628
-0.0307697
-0.0279205
-0.0253584
-0.0228986
-0.0204396
-0.0179179
-0.0153282
-0.0126926
-0.010051
-0.00742547
-0.00480156
-0.00210435
0.000799405
0.00407629
0.00785917
0.0121173
0.0165654
0.0210626
0.0256107
0.0300585
0.0340377
0.0369961
0.03835
0.0377611
0.0356476
0.0334548
0.0318867
0.0306845
0.0295752
0.0283978
0.0270796
0.0256161
0.0240421
0.0224024
0.0207302
0.0190324
0.017291
0.0154728
0.0135531
0.0115499
0.0095455
0.00758305
0.00565261
0.00374239
0.00184051
-7.08548e-05
-0.00201788
-0.00403098
-0.00613247
-0.00831395
-0.0105116
-0.0125834
-0.0143097
-0.0154285
-0.0157337
-0.015236
-0.0143813
-0.013804
-0.013451
-0.013174
-0.0128952
-0.0125646
-0.0121726
-0.0117266
-0.0112451
-0.0107411
-0.0102213
-0.00968237
-0.00912042
-0.00854008
-0.00796902
-0.00746506
-0.00711684
-0.00702344
-0.00725343
-0.00776941
-0.00836302
-0.00885088
-0.00926602
-0.00966027
-0.0100613
-0.0104824
-0.0109224
-0.0113738
-0.0118288
-0.0122856
-0.0127515
-0.0132423
-0.0137754
-0.0143573
-0.0149675
-0.0155426
-0.0159699
-0.0160977
-0.0157809
-0.0149548
-0.0137796
-0.012678
-0.011733
-0.0108636
-0.0100101
-0.00913339
-0.00821803
-0.0072625
-0.00627591
-0.00526985
-0.00425605
-0.00324353
-0.0022396
-0.00124919
-0.000275116
0.00068422
0.00163737
0.00260291
0.00361103
0.00470018
0.00590464
0.00723554
0.00864218
0.0100103
0.0113446
0.0126683
0.0139916
0.0153189
0.0166465
0.0179691
0.0192828
0.0205913
0.021909
0.0232595
0.0246688
0.0261494
0.0276802
0.0291832
0.0305129
0.0314649
0.0318294
0.0314878
0.0305931
0.0296662
0.0289637
0.0283977
0.0278746
0.0273376
0.026758
0.0261263
0.0254416
0.0247038
0.0239138
0.0230797
0.022229
0.0214222
0.0207599
0.0203749
0.020392
0.0208632
0.0216372
0.0223306
0.0228831
0.0233953
0.0239515
0.0246053
0.0253562
0.0261364
0.0267972
0.0271242
0.0268819
0.0259111
0.0242937
0.022499
0.0209401
0.0195483
0.0182089
0.0168567
0.0154541
0.0139939
0.0124842
0.0109431
0.00938746
0.00783142
0.0062815
0.00474018
0.00320532
0.0016739
0.000142646
-0.00138909
-0.00292052
-0.00444817
-0.00596765
-0.0074744
-0.00896724
-0.0104522
-0.011943
-0.0134338
-0.0149158
-0.0163827
-0.0178339
-0.0192775
-0.0207326
-0.0222259
-0.0237827
-0.0254113
-0.0270812
-0.0287028
-0.0301189
-0.0311188
-0.0315023
-0.0311807
-0.0303776
-0.0296781
-0.0291956
-0.0288135
-0.0284447
-0.0280318
-0.0275552
-0.0270212
-0.0264582
-0.0259025
-0.0253877
-0.0249267
-0.0244983
-0.0240312
-0.0234049
-0.022462
-0.0210626
-0.019161
-0.0169598
-0.0149156
-0.0130156
-0.0111691
-0.00933335
-0.00747877
-0.00560049
-0.00369857
-0.00177528
0.000177337
0.00217374
0.004231
0.0063494
0.00849413
0.0105718
0.012427
0.0138574
0.0146836
0.0148475
0.0146206
0.0146097
0.0147968
0.0150572
0.0153271
0.0155586
0.015738
0.0158633
0.0159465
0.0159996
0.0160389
0.0160794
0.0161407
0.016241
0.0163973
0.016608
0.0168435
0.0170266
0.0170338
0.0167048
0.0159003
0.0145761
0.0129479
0.011493
0.0101971
0.00895892
0.00772297
0.00644433
0.00510786
0.00371188
0.00227788
0.000842233
-0.000538951
-0.0018016
-0.00288601
-0.00376878
-0.00451257
-0.00528316
-0.0061137
-0.00697483
-0.00784317
-0.00870429
-0.00955156
-0.0103848
-0.0112063
-0.0120205
-0.0128303
-0.0136385
-0.014446
-0.0152548
-0.0160674
-0.016888
-0.0177194
-0.0185627
-0.0194124
-0.0202536
-0.0210593
-0.0217942
-0.0224244
-0.0229362
-0.0233677
-0.0238186
-0.024309
-0.02482
-0.0253366
-0.0258463
-0.0263405
-0.0268138
-0.0272655
-0.0277014
-0.0281359
-0.0285919
-0.0290958
-0.0296672
-0.0303011
-0.0309487
-0.0314994
-0.0317821
-0.0315929
-0.0307715
-0.0293259
-0.0276029
-0.0260959
-0.0247643
-0.0234933
-0.0222212
-0.0209076
-0.0195431
-0.0181315
-0.0166869
-0.0152224
-0.0137493
-0.0122744
-0.0108031
-0.00934067
-0.00789617
-0.00647903
-0.00509485
-0.00373593
-0.00237189
-0.000942622
0.000639469
0.00247061
0.00461426
0.00703045
0.00951361
0.0118801
0.0141521
0.0163768
0.0185929
0.0208435
0.0231718
0.0256171
0.0281923
0.0308566
0.0334808
0.0358291
0.0375737
0.0383769
0.0380451
0.0368184
0.0355234
0.0345694
0.0338228
0.0331537
0.0325016
0.0318539
0.0312102
0.0305423
0.029749
0.0286405
0.0269506
0.0244309
0.0209876
0.0169786
0.013228
0.00968875
0.00619161
0.00270369
-0.000722659
-0.00392609
-0.00670907
-0.00891489
-0.0105936
-0.0121246
-0.0138657
-0.0157873
-0.0178297
-0.0199506
-0.0220833
-0.0241027
-0.0258064
-0.026924
-0.0271998
-0.0265231
-0.0252017
-0.0240256
-0.0231519
-0.0224286
-0.0217441
-0.0210201
-0.0202212
-0.0193316
-0.0183568
-0.0173097
-0.0162203
-0.0151374
-0.0141424
-0.0133421
-0.012853
-0.0127504
-0.0129874
-0.0133139
-0.0135102
-0.013606
-0.0136574
-0.0136963
-0.0137494
-0.013838
-0.0139866
-0.0142173
-0.0145415
-0.0149356
-0.0153195
-0.0155352
-0.0153541
-0.0145224
-0.0128684
-0.0104871
-0.00790673
-0.00559253
-0.00346926
-0.00141341
0.000638837
0.00272278
0.00484678
0.00701668
0.00924481
0.0115585
0.0139862
0.0165341
0.019145
0.0216622
0.0238108
0.0252231
0.025548
0.024632
0.0228698
0.0212953
0.0201128
0.0191234
0.0181749
0.0171595
0.0160245
0.0147522
0.0133628
0.0119062
0.0104691
0.00917091
0.00815543
0.00755133
0.00741017
0.00758083
0.00768095
0.0076344
0.00751742
0.00739187
0.00730381
0.00727507
0.00730539
0.00736731
0.00740758
0.00734968
0.00710811
0.00661757
0.00588099
0.00503367
0.00426793
0.0035697
0.00289539
0.00222147
0.00153187
0.000822582
9.45725e-05
-0.000646015
-0.00139345
-0.0021418
-0.00288778
-0.00362899
-0.0043655
-0.00509814
-0.00582994
-0.00656427
-0.00730656
-0.00806175
-0.00883373
-0.00962127
-0.0104148
-0.0111958
-0.0119623
-0.0127178
-0.0134708
-0.0142347
-0.0150273
-0.0158632
-0.0167447
-0.0176477
-0.0185087
-0.0192227
-0.0196539
-0.019682
-0.0192685
-0.0185941
-0.0180627
-0.0176619
-0.0173082
-0.0169586
-0.0165826
-0.0161727
-0.0157309
-0.0152681
-0.0147947
-0.0143195
-0.0138458
-0.0133734
-0.0128981
-0.012418
-0.0119341
-0.0114558
-0.0110004
-0.0105926
-0.0102558
-0.010001
-0.00980249
-0.00959245
-0.00935756
-0.00911132
-0.00886332
-0.00861972
-0.00838214
-0.00815002
-0.00792057
-0.00769124
-0.00746028
-0.00722833
-0.00699817
-0.00677431
-0.00656095
-0.00635925
-0.00616312
-0.00595591
-0.00570979
-0.00538882
-0.00496098
-0.0044161
-0.00380211
-0.00322668
-0.00268673
-0.00216038
-0.0016361
-0.00110491
-0.000563249
-9.52663e-06
0.000554909
0.00112716
0.00170194
0.00227215
0.00282889
0.0033645
0.00387686
0.004376
0.00489022
0.00546819
0.00617512
0.00707315
0.00818966
0.00945557
0.0106898
0.0118569
0.0129923
0.0141218
0.0152627
0.0164214
0.0175973
0.0187845
0.0199754
0.0211636
0.0223453
0.0235212
0.0246976
0.0258843
0.0270917
0.028325
0.0295769
0.0308198
0.0320009
0.0330462
0.0338793
0.0344569
0.0348339
0.0351973
0.0356379
0.0361224
0.0366163
0.0371022
0.0375768
0.0380471
0.0385236
0.0390107
0.0394993
0.0399591
0.0403394
0.040577
0.0406201
0.0404611
0.0401966
0.0400319
0.039985
0.0399471
0.0397575
0.0392131
0.0381161
0.0363591
0.0340865
0.0317782
0.0296735
0.0276969
0.0257638
0.0238212
0.0218377
0.019796
0.0176847
0.0154928
0.013212
0.0108468
0.00843907
0.00607057
0.00373813
0.00142316
-0.000888327
-0.00320999
-0.00555305
-0.00792539
-0.010327
-0.0127437
-0.0151423
-0.0174675
-0.0196479
-0.0216178
-0.0233521
-0.0249387
-0.0265833
-0.0282773
-0.0299856
-0.0317054
-0.0334511
-0.0352509
-0.0371212
-0.0390426
-0.0409278
-0.0426078
-0.0438398
-0.0443716
-0.0440573
-0.0430745
-0.0420416
-0.0412686
-0.0406632
-0.0401338
-0.0396352
-0.0391446
-0.0386342
-0.0380399
-0.0372379
-0.0360489
-0.0342842
-0.0318393
-0.0288712
-0.0258923
-0.0231372
-0.0204871
-0.0178134
-0.0150388
-0.0121489
-0.00920865
-0.00636698
-0.00384267
-0.00187406
-0.000622193
-6.72633e-06
0.000435837
0.00112308
0.0020068
0.00298795
0.00399551
0.00495081
0.00575969
0.00630239
0.00645476
0.00613756
0.00541699
0.00459346
0.00392733
0.00337279
0.0028552
0.00233205
0.00178029
0.0011964
0.000586084
-4.19839e-05
-0.000683608
-0.00134081
-0.00202022
-0.00272562
-0.00344795
-0.00415404
-0.00478096
-0.00523911
-0.00543602
-0.00531938
-0.00495821
-0.00458507
-0.00431122
-0.00409106
-0.00387665
-0.00363974
-0.00337145
-0.00308091
-0.00279114
-0.00252995
-0.00231741
-0.00214909
-0.00198016
-0.00171371
-0.00120613
-0.000297859
0.00111932
0.00298707
0.00497742
0.0067984
0.00849064
0.0101272
0.0117508
0.013395
0.0150856
0.0168512
0.0187174
0.0206964
0.0227591
0.024807
0.0266501
0.0280131
0.0285918
0.0281816
0.0269001
0.025386
0.0241994
0.0232435
0.0223591
0.0214559
0.0204825
0.0194294
0.0183089
0.0171459
0.0159643
0.0147821
0.0136075
0.0124413
0.0112797
0.0101186
0.00895766
0.00780344
0.00666962
0.00557449
0.00453306
0.00354633
0.00258525
0.00160699
0.000612834
-0.000390471
-0.00140071
-0.00241571
-0.00343218
-0.00444227
-0.00543405
-0.00639371
-0.00731319
-0.00820096
-0.0090948
-0.010071
-0.0112423
-0.0127352
-0.0146379
-0.0169083
-0.0192907
-0.021573
-0.0238293
-0.0261437
-0.0285279
-0.0309075
-0.0331066
-0.0348682
-0.0359229
-0.0361138
-0.0356221
-0.0350861
-0.0348137
-0.0346839
-0.0345724
-0.0344124
-0.0341893
-0.0339322
-0.0336967
-0.0335342
-0.0334568
-0.0333992
-0.0331915
-0.03256
-0.0311765
-0.0287822
-0.0253919
-0.0215645
-0.018094
-0.014905
-0.0117957
-0.00864656
-0.00537746
-0.0019755
0.00151431
0.00498283
0.00827335
0.011205
0.0136387
0.0155702
0.0172635
0.0190998
0.0210518
0.0230433
0.02505
0.0270715
0.0291299
0.031237
0.0333692
0.0354326
0.0372525
0.038587
0.0392033
0.0389956
0.0382246
0.0375751
0.0371813
0.0369101
0.0366635
0.0363763
0.0360241
0.0356038
0.0351317
0.0346281
0.0341167
0.0336155
0.0331402
0.0326966
0.0322812
0.0318732
0.031433
0.0309001
0.0302056
0.0292949
0.0281724
0.0269559
0.0258135
0.0247311
0.0236708
0.0226108
0.0215368
0.020444
0.0193331
0.0182075
0.0170724
0.015933
0.0147968
0.0136708
0.0125629
0.0114762
0.0104067
0.00933535
0.00822597
0.00702546
0.00567595
0.00413808
0.00243497
0.000688234
-0.000991791
-0.00261803
-0.00421588
-0.00580381
-0.00740065
-0.00902797
-0.0107091
-0.012463
-0.0142881
-0.0161453
-0.0179368
-0.0195041
-0.0206421
-0.0211695
-0.0210284
-0.0204933
-0.0201748
-0.0200547
-0.020007
-0.0199672
-0.0198883
-0.0197586
-0.0195784
-0.0193628
-0.0191253
-0.01888
-0.0186344
-0.0183954
-0.0181672
-0.0179562
-0.0177656
-0.0175965
-0.017438
-0.0172639
-0.0170274
-0.0166679
-0.0161261
-0.0153765
-0.0144848
-0.0136236
-0.0128264
-0.0120604
-0.0113009
-0.0105317
-0.00974671
-0.00894562
-0.00813163
-0.00730943
-0.00648405
-0.00565918
-0.00483748
-0.0040212
-0.00321149
-0.00240821
-0.0016081
-0.000803961
1.63792e-05
0.000868624
0.00176759
0.00271878
0.00370324
0.00467553
0.00563502
0.00658614
0.00752706
0.00845476
0.00936798
0.0102723
0.0111842
0.0121305
0.0131421
0.0142379
0.0154019
0.0165569
0.0175478
0.0181462
0.0181001
0.0172382
0.0156564
0.0138807
0.0123738
0.0110544
0.00979106
0.00850942
0.00716953
0.00576661
0.00431536
0.00284012
0.00136176
-0.000110147
-0.00158145
-0.00307121
-0.00460336
-0.006192
-0.00782187
-0.00942922
-0.0108912
-0.0120353
-0.0126833
-0.0127346
-0.0123187
-0.0118766
-0.0116243
-0.0114845
-0.0113746
-0.0112449
-0.0110719
-0.0108529
-0.0105976
-0.0103204
-0.0100345
-0.00974851
-0.00946571
-0.00918554
-0.00890613
-0.00862709
-0.00835142
-0.00808555
-0.00783716
-0.00761029
-0.00739845
-0.00717739
-0.00690116
-0.00650533
-0.00592359
-0.0051185
-0.00413874
-0.00314939
-0.00223112
-0.00135454
-0.000488239
0.000386536
0.00127832
0.00218726
0.00310828
0.00403424
0.00495892
0.00587954
0.0067979
0.00772014
0.00865484
0.00960892
0.0105819
0.0115589
0.0125054
0.0133673
0.0140797
0.0145911
0.0149038
0.015127
0.015416
0.015752
0.0160936
0.0164208
0.0167283
0.0170303
0.017352
0.0177218
0.0181519
0.0186192
0.0190448
0.0192869
0.019154
0.0184631
0.0171322
0.0153628
0.0136851
0.0122035
0.0108157
0.00944686
0.00804766
0.00660012
0.00510354
0.00357108
0.00201829
4.82113e-05
-0.00151702
-0.00307433
-0.00462523
-0.00617364
-0.00772464
-0.00928147
-0.0108445
-0.0124087
-0.0139648
-0.0155061
-0.0170292
-0.0185375
-0.0200439
-0.0215724
-0.0231525
-0.024806
-0.0265276
-0.0282621
-0.0298838
-0.0311984
-0.0319741
-0.0320295
-0.0313744
-0.0304036
-0.029678
-0.0291511
-0.0286916
-0.0282295
-0.0277188
-0.0271489
-0.0265239
-0.0258604
-0.0251744
-0.0244801
-0.0237861
-0.0230998
-0.022427
-0.0217747
-0.0211479
-0.0205457
-0.0199531
-0.0193345
-0.0186311
-0.0177675
-0.0166769
-0.0153381
-0.0138537
-0.012452
-0.0111255
-0.00982665
-0.00853086
-0.00722085
-0.00589313
-0.0045492
-0.0031967
-0.00184295
-0.000494521
0.000847113
0.0021842
0.00352361
0.00487308
0.00623832
0.00761625
0.00899015
0.010324
0.0115663
0.0126595
0.0135656
0.0143065
0.015002
0.0157571
0.0165544
0.0173646
0.01817
0.0189586
0.0197257
0.0204695
0.0211932
0.0219029
0.0226096
0.0233283
0.0240759
0.0248644
0.0256901
0.0265205
0.0272856
0.0278766
0.0281652
0.028051
0.0275406
0.0268555
0.026308
0.0258716
0.0254731
0.0250727
0.024645
0.0241842
0.023693
0.0231822
0.0226614
0.0221401
0.0216226
0.0211117
0.0206065
0.0201057
0.0196064
0.0191064
0.0186033
0.0180963
0.0175853
0.0170733
0.0165646
0.0160668
0.0155859
0.0151239
0.014673
0.0142112
0.0136997
0.013087
0.0123242
0.0113906
0.0103414
0.00932075
0.00835629
0.00742078
0.00649345
0.00556104
0.0046181
0.0036651
0.00270546
0.00174415
0.000785838
-0.000165727
-0.00110894
-0.00204412
-0.00297401
-0.00390257
-0.00483499
-0.00577482
-0.00672146
-0.00766613
-0.00858989
-0.00946323
-0.0102516
-0.0109276
-0.0114933
-0.0120083
-0.0125573
-0.0131328
-0.0137153
-0.014294
-0.0148622
-0.0154185
-0.0159633
-0.0164993
-0.0170285
-0.0175527
-0.0180728
-0.0185893
-0.0191027
-0.0196118
-0.0201148
-0.0206074
-0.0210825
-0.0215325
-0.0219483
-0.0222858
-0.0224872
-0.0225141
-0.0223879
-0.022223
-0.0221269
-0.0221008
-0.0221295
-0.02219
-0.022233
-0.0221745
-0.0218954
-0.0212677
-0.0202071
-0.018771
-0.0172418
-0.0158652
-0.0145977
-0.013369
-0.0121386
-0.0108832
-0.00959746
-0.00828634
-0.0069614
-0.00563574
-0.00432158
-0.00302825
-0.00176002
-0.000514937
0.000716508
0.00195141
0.00321128
0.00451461
0.00586372
0.00722944
0.00853612
0.00965939
0.0104399
0.0107381
0.0105124
0.00997998
0.00961831
0.00941137
0.00926049
0.00911606
0.00894237
0.00873135
0.00848439
0.00821325
0.00792745
0.0076358
0.00734116
0.00704601
0.00675212
0.00646648
0.00619928
0.00596382
0.00576717
0.00560188
0.00543159
0.00518554
0.00475971
0.00404146
0.00295619
0.00155283
7.49137e-05
-0.00126576
-0.00250888
-0.00371815
-0.00493306
-0.00617719
-0.00745552
-0.00875645
-0.0100523
-0.0113015
-0.0124556
-0.0134714
-0.014332
-0.0150857
-0.0158531
-0.0166583
-0.017477
-0.0182888
-0.019078
-0.0198364
-0.0205639
-0.0212702
-0.021974
-0.0227
-0.0234711
-0.024294
-0.0251437
-0.0259457
-0.0265717
-0.0268514
-0.0266253
-0.0258264
-0.0246414
-0.0235463
-0.0226332
-0.0218098
-0.0210093
-0.0201884
-0.0193313
-0.0184371
-0.017517
-0.0165835
-0.0156487
-0.0147198
-0.0138023
-0.012899
-0.0120129
-0.0111467
-0.0103018
-0.00947418
-0.00865081
-0.00780659
-0.00690525
-0.0059066
-0.00478463
-0.00355595
-0.00230646
-0.00111146
4.12818e-05
0.0011714
0.00228864
0.00339822
0.00450177
0.0056015
0.00670142
0.00780791
0.00892695
0.0100582
0.0111872
0.0122778
0.0132712
0.0140923
0.0146758
0.0150035
0.0151809
0.0154367
0.0157624
0.0161096
0.0164525
0.0167724
0.0170641
0.0173282
0.0175734
0.0178108
0.0180533
0.0183111
0.0185875
0.0188733
0.0191423
0.0193495
0.0194364
0.0193486
0.0190638
0.0186462
0.0182588
0.0179332
0.0176379
0.01735
0.0170549
0.0167472
0.0164268
0.0160981
0.015765
0.0154316
0.0151001
0.0147712
0.0144448
0.0141214
0.0138017
0.0134882
0.0131832
0.0128878
0.0125994
0.0123097
0.0120024
0.0116558
0.0112476
0.0107659
0.0102286
0.00969358
0.00918811
0.00870185
0.00822308
0.00774545
0.00726641
0.00678736
0.0063116
0.0058432
0.00538477
0.00493609
0.00449119
0.00403852
0.00356122
0.00304249
0.00247272
0.00186482
0.00126078
0.000681251
0.000118757
-0.00043329
-0.000977812
-0.00151441
-0.0020417
-0.00255877
-0.00306794
-0.00357517
-0.00409016
-0.0046221
-0.00517387
-0.00573301
-0.00626434
-0.00670674
-0.0069797
-0.00700783
-0.00676111
-0.00633007
-0.00594303
-0.00564315
-0.00538655
-0.00514173
-0.00488902
-0.0046217
-0.00434013
-0.00404869
-0.0037509
-0.00344841
-0.0031406
-0.00282747
-0.00251307
-0.00221021
-0.00194246
-0.00174289
-0.00164494
-0.00166618
-0.0017784
-0.00189298
-0.00196769
-0.00201868
-0.00206283
-0.00211017
-0.00216539
-0.00222874
-0.00229779
-0.00236878
-0.00243808
-0.00250288
-0.00256226
-0.00261723
-0.002671
-0.00272809
-0.00279304
-0.00286773
-0.00294838
-0.00302214
-0.00306613
-0.00304918
-0.00294082
-0.00272592
-0.00243195
-0.00214134
-0.00189413
-0.00167596
-0.00146962
-0.00126083
-0.00103781
-0.000792281
-0.000522922
-0.000239616
3.09407e-05
0.000243571
0.000337894
0.000254997
-3.46999e-05
-0.000479375
-0.000921793
-0.0012862
-0.00159972
-0.00189163
-0.00218183
-0.00248307
-0.00280261
-0.00314223
-0.00349734
-0.00385367
-0.00418448
-0.00444984
-0.0046016
-0.00459923
-0.00443401
-0.00417646
-0.00397495
-0.0038238
-0.0036922
-0.00356447
-0.00342957
-0.00328447
-0.00312936
-0.00296731
-0.0028015
-0.00263536
-0.00247154
-0.00231312
-0.00216317
-0.0020245
-0.00189813
-0.00178116
-0.00166372
-0.00152792
-0.00134875
-0.00109978
-0.000765307
-0.000360431
5.27759e-05
0.000423793
0.00076709
0.00110385
0.00144764
0.00180361
0.00216417
0.00250672
0.00279414
0.00298033
0.00302612
0.00292154
0.00272979
0.0025856
0.00248377
0.00239826
0.00231919
0.00224234
0.00217062
0.0021057
0.00204386
0.0019687
0.00185038
0.00164801
0.00132429
0.000866293
0.000326294
-0.000171769
-0.000606297
-0.00100433
-0.00138737
-0.00177151
-0.00216462
-0.00256665
-0.00296691
-0.00334329
-0.00366294
-0.00388716
-0.00398458
-0.00394969
-0.00383921
-0.00376946
-0.00373542
-0.00371207
-0.00368577
-0.00364641
-0.00359105
-0.00352092
-0.00344232
-0.0033641
-0.00329655
-0.00324727
-0.00321706
-0.00319423
-0.00315012
-0.00303912
-0.00280509
-0.00240172
-0.00182075
-0.001148
-0.000559232
-4.47593e-05
0.000435187
0.000901652
0.00136858
0.00183659
0.00229793
0.00273563
0.00312896
0.00345787
0.00371305
0.00390915
0.00409169
0.00428147
0.00447037
0.00465012
0.00481709
0.00497126
0.00511625
0.00525715
0.00539842
0.00554005
0.00567464
0.00578472
0.00584384
0.00582153
0.00569635
0.00547479
0.00521631
0.00499953
0.00481623
0.00464716
0.00448252
0.00431619
0.00414714
0.00397642
0.00380666
0.00364017
0.0034788
0.00332327
0.00317387
0.00303036
0.00289281
0.00276155
0.00263753
0.00252177
0.00241495
0.00231609
0.00222195
0.00212984
0.00204038
0.00195442
0.0018726
0.00179524
0.00172241
0.00165372
0.00158842
0.00152533
0.00146322
0.00140123
0.0013397
0.00128088
0.00122954
0.0011927
0.00117822
0.0011914
0.00123011
0.00127815
0.00131467
0.00134193
0.00136511
0.00138687
0.00140885
0.00143132
0.00145405
0.00147634
0.00149756
0.00151714
0.0015348
0.00155032
0.00156371
0.00157503
0.00158454
0.00159264
0.00160005
0.00160762
0.00161625
0.00162641
0.00163757
0.00164757
0.00165472
0.00165937
0.00166202
0.00166289
0.00166211
0.00165978
0.00165607
0.00165127
0.0016458
0.00163998
0.00163387
0.00162687
0.00161748
0.00160332
0.00158148
0.00154966
0.0015077
0.00146049
0.0014177
0.00137971
0.00134591
0.00131686
0.00129287
0.00127327
0.00125476
0.00123342
0.00121
0.0011858
0.00116148
0.00113738
0.00111354
0.00108982
0.00106604
0.00104204
0.00101773
0.000993117
0.00096829
0.000943377
0.000918476
0.000893586
0.000868541
0.000842972
0.000816339
0.000788057
0.000757774
0.00072576
0.000693368
0.00066226
0.000632211
0.00060279
0.000573782
0.00054506
0.000516606
0.000488443
0.000460619
0.000433166
0.000406105
0.000379431
0.000353135
0.000327208
0.000301661
0.000276524
0.000251836
0.000227624
0.000203866
0.000180451
0.000157153
0.000133645
0.000109562
8.46525e-05
5.89738e-05
3.32433e-05
8.72657e-06
-1.47047e-05
-3.73789e-05
-5.9494e-05
-8.12142e-05
-0.000102637
-0.000123813
-0.000144711
-0.000165211
-0.000185069
-0.000203956
-0.000221511
-0.000237516
-0.000252094
-0.000266081
-0.000280875
-0.000296335
-0.000312119
-0.000328064
-0.000344067
-0.000360111
-0.000376204
-0.000392381
-0.000408659
-0.000425049
-0.000441536
-0.000458099
-0.000474708
-0.000491352
-0.000508036
-0.0005248
-0.000541708
-0.000558832
-0.000576216
-0.000593827
-0.00061148
-0.000628867
-0.00064596
-0.000662841
-0.00067956
-0.000696147
-0.00071261
-0.000728952
-0.000745169
-0.000761262
-0.000777231
-0.00079308
-0.000808813
-0.00082443
-0.00083993
-0.000855304
-0.000870544
-0.000885649
-0.000900627
-0.000915513
-0.000930357
-0.000945174
-0.000959946
-0.000974661
-0.00098931
-0.00100389
-0.0010184
-0.00103284
-0.00104721
-0.00106151
-0.00107574
-0.00108989
-0.00110396
-0.00111795
-0.00113187
-0.0011457
-0.00115945
-0.00117311
-0.0011867
-0.00120019
-0.0012136
-0.00122693
-0.00124017
-0.00125332
-0.00126639
-0.00127937
-0.00129227
-0.00130507
-0.0013178
-0.00133043
-0.00134298
-0.00135544
-0.00136782
-0.00138011
-0.00139232
-0.00140444
-0.00141648
-0.00142843
-0.0014403
