0.0112115
0.0111979
0.0113027
0.0113227
0.0114174
0.0113641
0.0114516
0.0114361
0.0114173
0.011393
0.0115221
0.011479
0.0115188
0.0113931
0.0112764
0.0110403
0.0112731
0.0118092
0.0119616
0.011264
0.0107235
0.0109
0.0115021
0.0121698
0.0126637
0.0132704
0.0136231
0.0128973
0.0113716
0.0102797
0.0101818
0.0120839
0.0135158
0.0136119
0.0126882
0.00998216
0.00904275
0.00930946
0.0111606
0.0122266
0.0145379
0.0165681
0.0188697
0.0197274
0.0214627
0.020959
0.0236465
0.0245269
0.0244968
0.0221525
0.0152576
0.0128089
0.0128616
0.0167668
0.0224939
0.0278943
0.0283939
0.0274002
0.0270385
0.0248306
0.022326
0.0192376
0.0180211
0.0223206
0.0243146
0.0243603
0.0237551
0.0191238
0.0152816
0.0126692
0.0145887
0.0145848
0.0181016
0.0247339
0.0379259
0.0373378
0.027514
0.0177361
0.0172554
0.0238588
0.0307443
0.0300913
0.0245412
0.0128954
0.00426301
0.01155
0.0228664
0.0330907
0.0308659
0.0120463
-0.00121174
-0.00726088
0.00614358
0.0155923
0.0181771
0.00885562
0.00655687
0.00930547
0.00921188
0.00353079
-0.00601822
-0.0119498
-0.0152978
-0.0084149
-0.0036887
-0.00432887
-0.00349361
-0.0037456
-0.00664229
-0.0123611
-0.0201106
-0.0227336
-0.0306479
-0.0276794
-0.00168537
0.0313691
0.0473631
0.0402115
0.00172889
-0.0164409
-0.00782414
0.021987
0.0369043
0.034848
0.0118874
-0.00360376
-0.0151281
-0.00944506
-0.012192
-0.0115295
0.00709867
0.0124588
0.0123554
0.011222
0.0195901
0.0355843
0.0380858
0.0440368
0.0553824
0.0480975
0.0286192
0.0297471
0.0540273
0.0691242
0.0884954
0.0906249
0.102395
0.106814
0.102058
0.091201
0.0733914
0.064157
0.0419875
0.0203268
0.0242524
0.0367824
0.0703336
0.0766182
0.060295
0.0468204
0.0627502
0.0908784
0.111315
0.131156
0.131581
0.0965732
0.0713678
0.0713446
0.0872106
0.120802
0.152347
0.171505
0.189744
0.196755
0.18716
0.176521
0.169238
0.142045
0.1059
0.0703983
0.0517818
0.0449157
0.0262803
0.0176691
0.0170726
0.0244479
0.0427266
0.0680385
0.0680551
0.0732195
0.0919271
0.126562
0.167695
0.179428
0.17303
0.154095
0.090542
-0.0186
-0.192655
-0.319699
-0.373101
-0.411061
-0.412017
-0.381974
-0.315062
-0.24021
-0.187581
-0.116247
-0.0543821
-0.02031
-0.0376326
-0.112546
-0.203444
-0.27417
-0.249839
-0.160176
-0.0227838
0.0977814
0.141892
0.154268
0.117354
0.0933852
0.13349
0.19458
0.266421
0.345274
0.405616
0.409357
0.399881
0.39584
0.383901
0.379519
0.402424
0.443911
0.512746
0.583496
0.609507
0.593245
0.584364
0.609594
0.684891
0.754333
0.767888
0.703084
0.609774
0.529809
0.490465
0.475014
0.487313
0.448865
0.38904
0.33975
0.323565
0.358695
0.413609
0.430947
0.31584
0.0901753
-0.184297
-0.412045
-0.548027
-0.630129
-0.671519
-0.633413
-0.576512
-0.470319
-0.285421
-0.132586
-0.0299566
0.0507017
0.106052
0.147501
0.19554
0.166491
0.0182844
-0.11532
-0.0955801
0.0563117
0.250578
0.354239
0.368663
0.367865
0.345626
0.337226
0.378363
0.441763
0.510722
0.519607
0.426092
0.311815
0.267423
0.30139
0.370518
0.401716
0.422462
0.49222
0.579881
0.656459
0.675152
0.585386
0.44142
0.393192
0.447179
0.526474
0.570261
0.576393
0.504018
0.391024
0.323568
0.334852
0.330646
0.23558
0.0116339
-0.213665
-0.354012
-0.420827
-0.496592
-0.660427
-0.816817
-0.909623
-0.935991
-0.888846
-0.812523
-0.797293
-0.81404
-0.880742
-0.953813
-0.968076
-0.943777
-0.905333
-0.826364
-0.767887
-0.776969
-0.83059
-0.893472
-0.935841
-0.994857
-1.08603
-1.1257
-1.01082
-0.698012
-0.313387
-0.0290993
0.200635
0.408904
0.568084
0.683774
0.777218
0.843463
0.874424
0.841079
0.716679
0.529237
0.363625
0.286752
0.226303
0.150753
0.0378444
-0.0922392
-0.200043
-0.216684
-0.180083
-0.161452
-0.159015
-0.153828
-0.116742
-0.145022
-0.255097
-0.396254
-0.594926
-0.867733
-1.06443
-1.06488
-0.935061
-0.820485
-0.819694
-0.94006
-1.10064
-1.2043
-1.24702
-1.2375
-1.22536
-1.2436
-1.35115
-1.55012
-1.83081
-2.09849
-2.20945
-2.24883
-2.30281
-2.37927
-2.48255
-2.66369
-2.82669
-2.93899
-3.06988
-3.22195
-3.38674
-3.51163
-3.61751
-3.71426
-3.80809
-3.8818
-3.93852
-3.99917
-4.03236
-3.99165
-3.91803
-3.79448
-3.52757
-3.20986
-2.72793
-2.15572
-1.67189
-1.15724
-0.615385
-0.19289
0.170863
0.512025
0.812731
1.09316
1.50406
2.14342
2.83061
2.96253
2.55348
2.10588
1.80222
1.67422
1.67007
1.73092
1.82535
1.93777
2.08613
2.25047
2.38377
2.46871
2.54941
2.62894
2.72651
2.81011
2.88814
2.9291
2.92064
2.84501
2.67448
2.48423
2.37332
2.32243
2.28073
2.28263
2.31019
2.33633
2.37712
2.50348
2.74625
2.9027
2.83012
2.59978
2.31053
2.02051
1.71714
1.49896
1.36436
1.30976
1.30873
1.30962
1.3058
1.31208
1.30625
1.2739
1.23656
1.22364
1.23028
1.26224
1.28225
1.25665
1.08327
0.806833
0.475951
0.112972
-0.182487
-0.35125
-0.461028
-0.634697
-0.849322
-1.02432
-1.10626
-1.05791
-0.930484
-0.784758
-0.702731
-0.730909
-0.787543
-0.85528
-0.897292
-0.89574
-0.893836
-0.909655
-0.957738
-0.983642
-0.996946
-1.03941
-1.12938
-1.33566
-1.59627
-1.81754
-1.99053
-2.09012
-2.18669
-2.31808
-2.50504
-2.75641
-3.03081
-3.20481
-3.23393
-3.07194
-2.64911
-2.01077
-1.28926
-0.61537
0.107657
0.659936
0.783992
0.812863
0.953088
1.14107
1.24873
1.20632
1.06117
0.919927
0.770666
0.557834
0.308305
0.0825054
-0.197985
-0.430624
-0.523361
-0.51691
-0.383819
-0.15523
0.0540888
0.271275
0.504658
0.666905
0.808394
0.947695
1.02011
1.05792
1.09314
1.11384
1.15006
1.23346
1.34749
1.46806
1.61581
1.74453
1.8342
1.88291
1.91019
1.96003
2.01178
2.10181
2.20028
2.29349
2.36359
2.38923
2.37285
2.32707
2.25799
2.19068
2.12016
2.037
1.83276
1.43283
0.88296
0.342655
-0.0472113
-0.325547
-0.569412
-0.773628
-1.03666
-1.3752
-1.64424
-1.74615
-1.81678
-1.83154
-1.76548
-1.69216
-1.54642
-1.29605
-1.04221
-0.802465
-0.627795
-0.524677
-0.354873
-0.142247
0.0050566
-0.0847534
-0.423025
-0.797728
-1.13739
-1.48169
-1.69225
-1.78965
-1.82005
-1.7813
-1.67705
-1.60252
-1.49995
-1.429
-1.35711
-1.24661
-1.1418
-1.05643
-0.982702
-0.909965
-0.837454
-0.779166
-0.704093
-0.547061
-0.336034
-0.143944
0.00470171
0.065585
0.0950646
0.131055
0.127924
0.154033
0.235098
0.284434
0.344189
0.445866
0.651112
0.874914
1.04141
1.17971
1.28156
1.32216
1.31674
1.28831
1.17527
0.944617
0.69715
0.494448
0.371397
0.324674
0.259748
0.166725
0.105082
0.0701511
-0.0109542
-0.12932
-0.246177
-0.384917
-0.545073
-0.701956
-0.803672
-0.778561
-0.531758
-0.248433
-0.142966
-0.11337
-0.0567254
0.0201711
0.0757327
0.0936565
0.0810219
0.117388
0.206891
0.298563
0.353057
0.340997
0.313505
0.336917
0.436451
0.541274
0.630915
0.680815
0.677032
0.62029
0.520291
0.434685
0.352006
0.279915
0.272543
0.335698
0.387629
0.429372
0.395538
0.212542
-0.0587981
-0.280073
-0.381689
-0.455676
-0.562299
-0.63749
-0.665761
-0.682762
-0.694925
-0.730493
-0.783449
-0.855684
-0.945682
-1.0238
-1.03518
-0.98157
-0.791631
-0.503047
-0.262778
-0.058079
0.206245
0.406098
0.475325
0.490698
0.354518
0.157299
0.0839334
0.0977461
0.176865
0.2836
0.334368
0.342984
0.365548
0.340658
0.183873
-0.0821298
-0.21585
-0.18971
-0.0301393
0.185402
0.316728
0.35274
0.381359
0.452933
0.537275
0.58522
0.506507
0.275703
0.0732734
-0.0363306
-0.0559855
-0.0239099
0.0307053
0.162667
0.44377
0.710297
0.930589
1.1178
1.23906
1.31257
1.3454
1.3154
1.03402
0.293719
-0.465238
-0.945493
-1.29828
-1.58679
-1.81442
-1.90945
-1.95356
-1.99575
-2.01457
-1.98578
-1.93381
-1.83191
-1.69724
-1.52032
-1.28145
-1.04327
-0.800353
-0.523754
-0.27992
-0.0834802
0.081092
0.196376
0.28428
0.382665
0.539872
0.721325
0.905404
1.12266
1.3613
1.61601
1.85236
2.04336
2.23111
2.40205
2.48291
2.47655
2.3216
1.98729
1.56953
1.23613
1.00256
0.862911
0.792258
0.80295
0.848178
0.883898
0.92749
0.970767
1.01526
1.04933
1.06978
1.08238
1.08097
1.0364
0.944605
0.808207
0.576496
0.319592
0.0820076
-0.126506
-0.227869
-0.303214
-0.365966
-0.247017
0.0380809
0.166997
0.0841397
-0.107624
-0.289224
-0.407602
-0.50954
-0.604334
-0.659874
-0.643388
-0.596923
-0.554305
-0.551789
-0.585274
-0.625389
-0.641723
-0.63633
-0.598595
-0.517544
-0.402741
-0.296588
-0.237074
-0.222193
-0.225857
-0.211354
-0.162396
-0.111716
-0.0526917
0.0200881
0.0807806
0.101895
0.0669223
-0.0178674
-0.119697
-0.221451
-0.327326
-0.437521
-0.512714
-0.56235
-0.606058
-0.627458
-0.608475
-0.594692
-0.536712
-0.467203
-0.373295
-0.26009
-0.187238
-0.153905
-0.138018
-0.154087
-0.209166
-0.269509
-0.343746
-0.349989
-0.309266
-0.248741
-0.195882
-0.0988238
0.0122478
0.0724096
0.0677887
-0.0199878
-0.140029
-0.19942
-0.137775
-0.0181332
0.0879737
0.129712
0.0997333
0.0289557
-0.0308021
-0.0308822
0.00572607
0.0526399
0.0869489
0.103774
0.10553
0.0915887
0.0805171
0.0613481
0.00709681
-0.00469072
0.0144446
0.0295404
-0.00988037
-0.0759894
-0.152358
-0.172017
-0.13877
-0.0909016
-0.0560934
-0.0527847
-0.0450774
-0.0268529
-0.046252
-0.0998053
-0.160705
-0.232761
-0.316493
-0.361153
-0.364504
-0.35126
-0.363726
-0.386223
-0.375463
-0.331338
-0.272673
-0.248512
-0.249947
-0.27233
-0.260039
-0.237035
-0.204041
-0.147111
-0.0741318
-0.0352269
-0.0678864
-0.175485
-0.317677
-0.437475
-0.510498
-0.550268
-0.563587
-0.548946
-0.52594
-0.483497
-0.382219
-0.286383
-0.242283
-0.227132
-0.22175
-0.228457
-0.21156
-0.166734
-0.102266
-0.0454885
-0.0140114
-0.00485732
-0.0117956
-0.0379196
-0.0611935
-0.0729149
-0.0727466
-0.0820334
-0.0874729
-0.0970984
-0.122868
-0.1463
-0.156078
-0.1527
-0.165372
-0.174819
-0.150172
-0.114073
-0.0302718
0.049638
0.0975714
0.132536
0.165822
0.18497
0.214174
0.248988
0.256827
0.207668
0.117418
0.0266301
-0.0227269
-0.00221256
0.0422434
0.0847419
0.116169
0.150404
0.190979
0.208674
0.20561
0.186127
0.154019
0.147505
0.185479
0.243386
0.317678
0.340417
0.343941
0.331273
0.291459
0.232424
0.148403
0.0730888
0.0106431
-0.0112443
0.0136577
0.0600651
0.106812
0.162905
0.209323
0.244035
0.272567
0.308019
0.326717
0.338544
0.336822
0.311851
0.304762
0.307409
0.30648
0.310865
0.301241
0.245724
0.163226
0.100866
0.0744668
0.0553535
0.0517513
0.0387894
0.0151478
-0.00633444
0.00337561
0.05473
0.111218
0.168294
0.180254
0.169076
0.143368
0.113289
0.0708614
0.0147562
-0.00715556
0.0105861
0.0171774
-0.0207679
-0.107757
-0.205473
-0.248809
-0.221496
-0.170956
-0.134947
-0.121593
-0.100897
-0.0734113
-0.0654913
-0.0659226
-0.0531927
-0.0274497
0.00603989
0.0559409
0.0571088
0.0327632
-0.0111791
-0.0580575
-0.110811
-0.154411
-0.175809
-0.157957
-0.153337
-0.165576
-0.175306
-0.174866
-0.14812
-0.123105
-0.12347
-0.132467
-0.171931
-0.203215
-0.223699
-0.235201
-0.234975
-0.203835
-0.151103
-0.110861
-0.0915071
-0.0768153
-0.0718572
-0.0598486
-0.0591344
-0.0643584
-0.0780701
-0.100802
-0.0940807
-0.0723667
-0.0554848
-0.0330632
-0.0411975
-0.0576174
-0.0742658
-0.0571109
-0.0127608
0.0455289
0.0834243
0.117021
0.1612
0.199681
0.230164
0.242535
0.220315
0.157275
0.0614362
-0.0150044
-0.0625645
-0.0949786
-0.114056
-0.134713
-0.170956
-0.188412
-0.158634
-0.138945
-0.15701
-0.1952
-0.232385
-0.244039
-0.234876
-0.217554
-0.206299
-0.191264
-0.141777
-0.0835143
-0.0455918
-0.0186239
0.000482387
0.0251403
0.0385758
0.0470999
0.0437633
0.0163527
-0.0208474
-0.080072
-0.113715
-0.115541
-0.109448
-0.083171
-0.043221
-0.0215681
-0.0169461
0.00473658
0.01417
0.013803
0.00648946
-0.000680879
-0.0127991
-0.0259116
-0.0547169
-0.102241
-0.16099
-0.207427
-0.238359
-0.230986
-0.228565
-0.232578
-0.226798
-0.215206
-0.176714
-0.11705
-0.0585557
-0.00644548
0.0238213
0.0457045
0.0796569
0.108795
0.122825
0.100159
0.0713901
0.044288
0.00930629
-0.0262325
-0.0444954
-0.0438075
-0.0458869
-0.0503938
-0.056404
-0.0771667
-0.0752827
-0.0719314
-0.0101871
0.0804904
0.131822
0.15102
0.153832
0.14972
0.120921
0.0628892
0.0273964
-0.0112655
-0.0398704
-0.0308106
-0.0153605
0.0165107
0.0526426
0.109232
0.172856
0.230795
0.279771
0.297262
0.302378
0.295608
0.275606
0.261444
0.247889
0.243232
0.229958
0.200562
0.150343
0.0751253
0.0166331
-0.0282668
-0.0852494
-0.163242
-0.250902
-0.336724
-0.395663
-0.444015
-0.438089
-0.381526
-0.320122
-0.268685
-0.20327
-0.126524
-0.0606451
-0.0445643
-0.0466096
-0.0535524
-0.0492487
-0.0256514
0.0342368
0.120323
0.187998
0.24315
0.280136
0.300724
0.294631
0.279874
0.251451
0.205127
0.122245
0.0346424
-0.0437478
-0.0998301
-0.133852
-0.148135
-0.121841
-0.0671249
-0.0259795
0.00538176
0.0278644
0.0388512
0.048338
0.08254
0.111416
0.135863
0.147862
0.138022
0.119859
0.0918503
0.0430523
0.00752597
-0.0134428
-0.0140889
-0.0129404
0.0114859
0.0383549
0.0591254
0.0683477
0.088605
0.104963
0.0947108
0.075225
0.0397508
-0.00313958
-0.0291422
-0.0318186
-0.0157765
0.0138264
0.0461808
0.0623674
0.077912
0.0948775
0.113676
0.145062
0.184541
0.224025
0.256892
0.269697
0.235282
0.180251
0.106264
0.0687055
0.0491021
0.0248512
-0.0192734
-0.0552942
-0.0629823
-0.0570703
0.00914705
0.0812637
0.129333
0.15454
0.164224
0.143955
0.119518
0.0766876
0.0261588
-0.0113216
-0.0214192
-0.0166545
0.0143412
0.0393021
0.06073
0.0608728
0.0260925
-0.0275122
-0.0679213
-0.122335
-0.161875
-0.179791
-0.191066
-0.194382
-0.175376
-0.144052
-0.0753064
-0.0041097
0.0600149
0.122587
0.177241
0.215284
0.246691
0.269661
0.274852
0.29168
0.294668
0.279807
0.249508
0.230079
0.213241
0.197661
0.159311
0.125208
0.0749263
0.0454689
0.0262937
0.00425021
-0.0276396
-0.0588002
-0.0852822
-0.106211
-0.108315
-0.0684236
-0.0114076
0.044965
0.0941585
0.116515
0.115243
0.119302
0.113743
0.101654
0.0928624
0.0560479
0.0072514
-0.0232916
-0.0357027
-0.0377401
-0.023294
-0.00456005
-0.0123858
-0.0168261
-0.0314776
-0.0338495
-0.0418036
-0.0388764
-0.0400215
-0.0445373
-0.053954
-0.0647155
-0.0741574
-0.0894766
-0.109658
-0.115473
-0.103821
-0.0657462
-0.0116584
0.0405448
0.0841005
0.0941257
0.0885273
0.0447842
-0.0102986
-0.0379152
-0.0477314
-0.0465576
-0.0440219
-0.0474027
-0.0223659
0.0109159
0.0300901
0.013393
-0.0173244
-0.0568947
-0.0890878
-0.107196
-0.111188
-0.105361
-0.0914974
-0.0670841
-0.0431304
-0.0122394
0.0211947
0.0203138
0.0130629
-0.00873956
-0.0183684
0.000464356
0.0223287
0.030804
0.0311953
0.00665112
-0.0334632
-0.074846
-0.104442
-0.140214
-0.161712
-0.145472
-0.134435
-0.145581
-0.157937
-0.159781
-0.150859
-0.16058
-0.169727
-0.184439
-0.187371
-0.166737
-0.153752
-0.163593
-0.171507
-0.192393
-0.202666
-0.203372
-0.185363
-0.183232
-0.190121
-0.196283
-0.179135
-0.139822
-0.0910378
-0.0484358
-0.0206654
-0.0113003
-0.023714
-0.0255607
-0.0381679
-0.0724822
-0.117175
-0.142323
-0.167359
-0.194289
-0.213916
-0.231287
-0.210634
-0.173922
-0.124212
-0.0727572
-0.0380685
-0.0207833
-0.0246763
-0.0449885
-0.0686084
-0.08249
-0.076875
-0.0391577
-0.0101816
0.0100537
0.00818073
0.0154546
0.0327612
0.0374011
0.0446573
0.0561453
0.06119
0.0816135
0.10798
0.123605
0.144443
0.183744
0.207864
0.22903
0.241479
0.247912
0.236342
0.226702
0.193627
0.169967
0.172082
0.170533
0.177596
0.187735
0.202914
0.23416
0.259815
0.273798
0.276417
0.254408
0.214789
0.195599
0.19984
0.211065
0.218324
0.202192
0.176831
0.138648
0.0826681
0.0277488
0.0161738
0.0304143
0.0559516
0.076273
0.107154
0.134123
0.143376
0.135934
0.129551
0.12355
0.115218
0.100842
0.0692265
0.0394966
0.0127541
-0.00699766
-0.0126004
-0.022793
-0.0365769
0.00795157
0.088243
0.166915
0.206663
0.208836
0.190851
0.136868
0.102097
0.0790151
0.077054
0.0838277
0.0882303
0.102533
0.128939
0.155607
0.184451
0.175407
0.135548
0.0952011
0.0647278
0.0668893
0.104782
0.123948
0.148035
0.122026
0.0911641
0.0681821
0.0306012
-0.00479837
-0.0151788
-0.028739
-0.0453167
-0.0631044
-0.0991452
-0.151178
-0.195286
-0.229852
-0.246534
-0.288633
-0.318177
-0.309812
-0.270472
-0.209014
-0.142266
-0.0834799
-0.0395211
-0.0284848
-0.0347071
-0.0502757
-0.0757116
-0.0995736
-0.0919271
-0.0491736
-0.00555337
0.0180214
0.0262627
0.0150956
0.00809633
0.0197267
0.0467676
0.0508132
0.0279243
0.00722968
-0.012983
-0.0440197
-0.0552361
-0.0458439
-0.0481273
-0.0679294
-0.082178
-0.0765915
-0.0835489
-0.0917998
-0.0877633
-0.109167
-0.131409
-0.140336
-0.130531
-0.102223
-0.0715563
-0.0391913
-0.00261106
0.00946343
0.000645016
-0.00712679
-0.0311185
-0.0616499
-0.0786323
-0.0917485
-0.10641
-0.125899
-0.128552
-0.101679
-0.0580064
-0.00374849
0.0167269
0.0164084
0.0169791
0.0164272
-0.0163043
-0.0121258
0.00602918
0.0215506
0.0286358
0.0414692
0.0513158
0.0614401
0.0548771
0.0380996
0.000721148
-0.033748
-0.0258279
-0.0219419
-0.02484
-0.0160323
0.00229737
0.0144272
0.0322393
0.0573504
0.0790017
0.0923827
0.102162
0.102601
0.0795565
0.0236343
-0.00470617
-0.0166717
-0.0140887
0.000183834
0.00963606
-0.00093659
-0.0405238
-0.0499083
-0.0668888
-0.0811276
-0.088373
-0.0910698
-0.0879999
-0.108963
-0.110563
-0.105367
-0.0998342
-0.08301
-0.0578238
-0.0546514
-0.0504712
-0.0389438
-0.016601
0.000888059
0.0126079
0.0204605
0.00827628
0.00234749
0.0174587
0.0365711
0.0496041
0.0611405
0.0530589
0.0255773
0.00915484
0.0134857
0.0194676
0.00994168
0.00889564
0.00143317
-0.000606514
0.00913316
0.0151247
0.018399
0.00618088
0.000892093
-0.00284216
-0.0237954
-0.0512502
-0.0563924
-0.044461
-0.0362118
-0.0144081
-0.000167194
-0.00327497
-0.0199969
-0.0391639
-0.0712204
-0.113413
-0.155026
-0.183403
-0.182287
-0.166419
-0.162124
-0.162874
-0.153395
-0.111182
-0.0626763
-0.013955
0.0143143
0.0312719
0.0349657
0.0321983
0.0436725
0.0689134
0.0661649
0.0579522
0.0671582
0.0660017
0.0509515
0.0425088
0.0486234
0.0547068
0.0626514
0.0619279
0.0601982
0.0493155
0.0296918
0.0245483
0.0205025
0.0208006
0.0393191
0.0661483
0.103354
0.120918
0.137849
0.138671
0.12123
0.117269
0.123796
0.104131
0.0930304
0.0840777
0.071479
0.0572253
0.0496632
0.0357658
0.0268493
0.0255623
0.00792829
-0.0256536
-0.0417674
-0.0268701
0.00240971
0.0223251
0.037237
0.0228093
-0.0144221
-0.064318
-0.0872611
-0.0927612
-0.0900517
-0.0913991
-0.107288
-0.128246
-0.12392
-0.0862733
-0.0385091
-0.00982342
0.004874
0.000989908
-0.0129179
-0.0315583
-0.0268405
-0.0153295
-0.0255058
-0.0473959
-0.0611796
-0.0766398
-0.0675566
-0.0716216
-0.0737211
-0.0811786
-0.0706764
-0.069457
-0.0694433
-0.0662427
-0.0656934
-0.0715028
-0.0690331
-0.058711
-0.0427504
-0.0414407
-0.04008
-0.0269845
-0.0282627
-0.0393141
-0.0458805
-0.0507601
-0.0783906
-0.11614
-0.140699
-0.154421
-0.144311
-0.125061
-0.117048
-0.109347
-0.104274
-0.0883679
-0.063657
-0.0394234
-0.0170769
-0.00923312
-0.000266465
-0.0135978
-0.0310022
-0.0529722
-0.0733229
-0.102115
-0.110327
-0.103791
-0.10117
-0.0599381
-0.0144249
0.0147672
0.0335089
0.0387802
0.0297643
0.0238295
0.00515969
-0.0183132
-0.025963
-0.0173321
-0.00336733
0.0044512
0.00596925
0.00507132
0.012317
0.0120082
0.000472188
-0.0145965
-0.0201006
-0.0393
-0.0379157
-0.0207406
0.00172998
0.0155104
0.01776
0.0105497
0.0119355
0.0216746
0.0258655
0.0283136
0.0289661
0.0304187
0.0434437
0.0530598
0.050541
0.0515801
0.0415798
0.00595108
-0.0354763
-0.0564289
-0.0739116
-0.0603612
-0.0256782
-0.00782288
0.0111665
0.0159369
0.00540866
-0.0101211
-0.0267961
-0.0309253
-0.0254822
0.00249362
0.0297801
0.0597817
0.0956764
0.128087
0.138573
0.130529
0.11991
0.116875
0.107544
0.10206
0.0976649
0.0947595
0.0881122
0.0850858
0.0710479
0.0512216
0.0332672
0.0107239
-0.00463629
-0.00958888
-0.00527333
0.00871687
0.0155336
0.022809
0.0324247
0.0456963
0.0428694
0.02803
0.0117757
0.0081103
0.0118007
0.0191515
0.0323055
0.0534846
0.0655698
0.0747847
0.0837987
0.082871
0.0796634
0.0733929
0.0549926
0.0277269
0.0183269
0.0065456
0.00871368
0.0177082
0.0230762
0.0496382
0.0815145
0.0947741
0.089953
0.0489635
0.0243186
-0.00165122
-0.00230185
0.0122914
0.0235025
0.0162978
0.00324253
0.00274655
0.0079998
0.0174479
0.0226897
0.0223426
0.0221921
0.0311705
0.0455663
0.0496594
0.029589
-0.00217112
-0.0302702
-0.0694993
-0.0808091
-0.0889533
-0.10694
-0.125775
-0.138292
-0.149371
-0.163208
-0.177312
-0.177882
-0.176733
-0.159835
-0.136898
-0.101064
-0.0748512
-0.0502325
-0.0456265
-0.0568775
-0.0544278
-0.0335128
-4.42343e-05
0.0218847
0.0218766
0.0213449
0.0315956
0.041618
0.0509773
0.0475459
0.0261696
0.0267361
0.036969
0.0472069
0.0567958
0.0795589
0.0884703
0.0877399
0.0784342
0.0634383
0.0367472
-0.00448345
-0.0147573
-0.0046443
0.0158178
0.0246701
0.02583
0.0232469
0.0195623
0.0288504
0.00511508
-0.0280893
-0.059935
-0.0775843
-0.0793568
-0.0604378
-0.0227901
0.0158639
0.0433304
0.044499
0.0381833
0.0281721
0.0424832
0.0461433
0.0638713
0.0600068
0.0517408
0.050452
0.028691
0.019399
0.0154505
0.0150516
0.0162025
0.0241315
0.0158231
0.0139088
0.00840306
0.0199223
0.0331964
0.0450154
0.0507642
0.0334648
0.0196485
-0.00159693
-0.0256797
-0.0443626
-0.0463242
-0.036193
-0.0302905
-0.0193782
-0.0161033
-0.0104355
0.00946135
0.0285551
0.0444096
0.0487426
0.0501884
0.0406756
0.0248317
-0.0112928
-0.0290636
-0.0268368
0.00136862
0.0317223
0.0563497
0.0736202
0.092604
0.0999126
0.0877068
0.0853939
0.0709334
0.0491243
0.022073
-0.0104934
-0.0372521
-0.0388823
-0.017191
-0.00148775
0.0152237
0.0186085
-0.00079748
-0.0201321
-0.0367067
-0.0526204
-0.0552248
-0.0536448
-0.0554632
-0.050941
-0.0332808
-0.0182667
-0.0195245
-0.0152816
-0.0225594
-0.0270593
-0.0266453
-0.0155005
0.00459044
0.00139759
-0.0109314
-0.052641
-0.116542
-0.152832
-0.148181
-0.141485
-0.14905
-0.149293
-0.149655
-0.130055
-0.09449
-0.0684518
-0.0594161
-0.0685974
-0.0870661
-0.0849864
-0.0630256
-0.0412302
-0.0316421
-0.0321815
-0.0436207
-0.0251788
-0.00435945
0.010105
0.0123765
0.0198812
0.0146982
0.0285711
0.0441255
0.0507274
0.0818275
0.099344
0.129201
0.150039
0.15088
0.148367
0.159581
0.145749
0.107598
0.0628155
0.00861577
-0.0343086
-0.0628568
-0.0712026
-0.0640794
-0.0722098
-0.0725161
-0.0572224
-0.0583574
-0.0461568
-0.0247852
-0.00351882
0.0237569
0.0527756
0.0693717
0.0694464
0.0648839
0.0632161
0.0592686
0.0548001
0.0554655
0.0530482
0.0289517
0.00579875
-0.00293466
-0.024599
-0.050093
-0.0738023
-0.0503496
-0.0222376
-0.0232802
-0.0261786
-0.0227716
-0.0252267
-0.0247839
-0.0270177
-0.0148218
0.0087099
0.0386082
0.0666541
0.0897823
0.089192
0.100757
0.097602
0.0837734
0.0817631
0.0698843
0.0550427
0.0546588
0.0566406
0.0558535
0.0594715
0.058348
0.0454719
0.0393769
0.0363686
0.0333401
0.0300785
0.00895103
-0.019926
-0.0170703
-0.0167101
-0.0146178
-0.0167747
-0.0334746
-0.0511058
-0.0397246
-0.0487013
-0.0588469
-0.0587517
-0.0418409
-0.0295401
-0.00579844
0.0102577
0.0189445
0.0343204
0.0334039
0.0378661
0.0405963
0.0346954
0.0258715
0.0324059
0.0288644
0.0296028
0.0401013
0.0500965
0.0624757
0.0806639
0.0801705
0.0792095
0.0894641
0.0882795
0.0748484
0.0751713
0.0726732
0.0734565
0.0787074
0.0843144
0.103232
0.118741
0.1288
0.117483
0.0994998
0.0912924
0.0907497
0.0719705
0.0596802
0.0512718
0.0183709
-0.0121859
-0.0315238
-0.036486
-0.0386444
-0.0444526
-0.0410357
-0.0357276
-0.0340665
-0.0276788
-0.0121626
0.000594523
0.0321401
0.0399119
0.0380162
0.0495326
0.0592814
0.0634896
0.0730044
0.0793994
0.0723466
0.0629304
0.0488037
0.0257153
0.0229129
0.0369516
0.0244525
0.0178683
0.0203989
0.0254658
0.049486
0.0617683
0.05762
0.0570509
0.0438607
0.0383704
0.0428175
0.050211
0.0363158
0.0242606
0.00663231
-0.0244492
-0.0448143
-0.0407471
-0.0411584
-0.0415084
-0.0362638
-0.0356791
-0.0560129
-0.0762304
-0.0814279
-0.0835637
-0.100594
-0.0937796
-0.0944024
-0.107462
-0.119624
-0.128959
-0.1456
-0.155386
-0.14782
-0.112444
-0.0868846
-0.0621337
-0.0381933
-0.0222108
-0.00870972
5.52916e-05
0.00507585
-0.0156746
-0.0498935
-0.0756115
-0.0923887
-0.0898443
-0.0802365
-0.0750768
-0.0579023
-0.0591126
-0.0366675
-0.0127324
-0.00795758
-0.0214317
-0.0364649
-0.04718
-0.0599073
-0.057774
-0.0409275
-0.0438754
-0.0562789
-0.0537586
-0.0442499
-0.0392927
-0.0222577
-0.00929691
0.00228507
0.0110468
0.0341928
0.0478624
0.0481703
0.055777
0.046845
0.0207657
-0.000666882
-0.0226117
-0.009698
-0.00439848
-0.00350743
-0.0206629
-0.0271532
-0.0405371
-0.0550394
-0.0547646
-0.056803
-0.0700141
-0.0582687
-0.0502144
-0.0479168
-0.0233141
-0.0186949
-0.0249018
-0.0150549
-0.0083693
-0.00503605
-0.00445722
-0.00400616
-0.0102916
-0.0194778
-0.0404951
-0.0466337
-0.0420993
-0.0681658
-0.0906744
-0.104695
-0.104956
-0.111385
-0.0998858
-0.0823004
-0.0662067
-0.0514186
-0.0262125
-0.00335565
0.00222457
0.00290017
0.0246724
0.0226751
0.0105141
0.00988011
0.0223125
0.0353645
0.0449009
0.0400539
0.0349291
0.0453703
0.048281
0.0472235
0.0647086
0.0806184
0.0677645
0.0577844
0.0543044
0.0399309
0.0356433
0.0199886
-0.000405468
0.00177216
-0.00661845
-0.00871272
0.000137265
0.0126224
0.0461353
0.064738
0.0752053
0.0690437
0.0651315
0.0682465
0.0593502
0.0341234
0.00956209
-0.000384459
-0.017049
-0.0196847
-0.0145692
0.000123657
0.0088363
0.0257992
0.0227351
0.0221357
0.0329292
0.0655039
0.0848836
0.0837641
0.0838319
0.0810989
0.0687418
0.0648039
0.0663481
0.0550853
0.0540647
0.0534405
0.0390697
0.031413
0.0237216
0.0220353
0.0243513
0.0313517
0.025446
0.0118636
0.00675416
-0.00434403
0.00636425
0.0178084
0.0337233
0.034581
0.0454687
0.0506233
0.0507114
0.0546693
0.0476107
0.0352696
0.0247386
0.00842647
-0.0205871
-0.0434221
-0.0601441
-0.0661152
-0.0815486
-0.0878261
-0.098912
-0.0947323
-0.0804998
-0.0718902
-0.0510847
-0.0498666
-0.0536951
-0.060082
-0.0539585
-0.0461478
-0.0216694
0.0010918
0.0228982
0.047677
0.058702
0.0564253
0.0598772
0.049782
0.0356954
0.0405487
0.0407158
0.0162544
-0.00710256
-0.00608885
-0.00608476
0.0051182
0.0140399
-0.000508407
-0.014117
-0.0287545
-0.0308267
-0.0238014
-0.0123272
-0.0155581
-0.0217331
-0.0220722
-0.0164215
-0.0175706
-0.0180334
-0.016822
-0.0225836
-0.0282441
-0.0373134
-0.0442441
-0.0474156
-0.0432567
-0.0399396
-0.0265007
-0.0120829
-0.0135104
-0.0125465
-0.0122815
-0.015041
-0.019389
-0.0167714
-0.0213479
-0.00204504
0.00529058
0.0122957
0.0137676
0.00550431
0.0086908
-0.00274088
-0.0234136
-0.0252067
-0.0278807
-0.0298961
-0.0336163
-0.0519412
-0.0562983
-0.0428081
-0.0369336
-0.0240945
-0.0153805
-0.00942987
-0.0109782
-0.00483714
-0.00497763
0.0128418
0.0295153
0.0280123
0.0242348
0.0146495
0.00299375
-0.0125632
-0.0163
-0.0246328
-0.0367859
-0.0277226
-0.0253227
-0.0133808
0.00811208
0.0168171
0.0183574
0.00737137
-0.00437183
-0.000284857
-0.00395471
-0.024608
-0.023705
-0.0143857
-0.0168289
-0.0189182
-0.0264896
-0.0181421
-0.00312672
0.00664634
0.0185144
0.0314296
0.0415781
0.0322212
0.0237525
0.0351175
0.0305841
0.0195487
0.0155972
0.0152193
0.0163785
0.00362465
-0.012184
-0.012322
-0.00408667
-0.00429248
-0.0118155
-0.00248614
-0.012373
-0.0274755
-0.0417824
-0.0497514
-0.0629677
-0.0719258
-0.0906107
-0.0841473
-0.0736812
-0.0588701
-0.0301376
-0.0155289
-0.0127135
0.00898632
0.011498
0.00527157
0.0128672
0.0332332
0.0424143
0.0311636
0.0273483
0.0287972
0.0137997
-0.00155797
-0.0309024
-0.0366669
-0.0284687
-0.0175432
-0.0146198
-0.0122145
-0.0100331
-0.0309682
-0.0327225
-0.0227145
-0.0162811
-0.0125978
0.00337022
0.0163586
0.0147122
0.00780666
0.00910128
0.00613092
0.00750601
0.00934208
0.000264448
0.00780051
0.00802104
-0.00392928
-0.0250289
-0.0275117
-0.0274402
-0.0395883
-0.0439142
-0.0299118
-0.0230816
-0.0168311
-0.00459927
0.0112395
0.027046
0.0225621
0.0220255
0.026872
0.0287605
0.0402623
0.04483
0.0492494
0.0572985
0.056838
0.0573821
0.0490628
0.0469338
0.0409356
0.034288
0.01221
0.0209451
0.0168662
0.00283069
0.00409719
-0.00958622
0.00805035
0.00793956
-0.00846355
-0.0209942
-0.0305163
-0.0418985
-0.0279549
-0.0146045
-0.0177138
-0.000835362
0.0072469
0.0205306
0.020909
0.0184772
0.0144415
0.000554337
-0.00167062
0.0187527
0.0453215
0.0525446
0.0539523
0.051831
0.0663586
0.0720335
0.0679187
0.0693858
0.0609552
0.0392788
0.0354919
0.0263348
0.0275313
0.0253794
0.0374927
0.0241776
0.0271029
0.0293151
0.0272132
0.0177758
0.00543544
-0.00467925
-0.00346781
-0.00347097
0.000546071
0.00910956
0.029134
0.0305712
0.0314343
0.0336568
0.0292937
0.0251772
0.032675
0.0268279
0.0312466
0.0502764
0.0435026
0.0387827
0.0467135
0.0383596
0.0218085
0.0130122
0.00374209
-0.00262426
-0.0023409
-0.00798769
-0.0230991
-0.0372985
-0.0469176
-0.0554474
-0.0631731
-0.0639658
-0.0677777
-0.0662164
-0.0534662
-0.0429356
-0.0473659
-0.0444289
-0.0355275
-0.0536572
-0.0653272
-0.0637427
-0.0579001
-0.0522545
-0.039088
-0.0310632
-0.0207374
-0.0291869
-0.0193747
-0.0398016
-0.0373336
-0.0475807
-0.0519276
-0.0374321
-0.030717
-0.00969086
0.00374941
0.00302561
0.0127657
0.0312783
0.0163705
0.00482625
-0.00799156
-0.0187239
-0.0153476
-0.0271688
-0.0307726
-0.0242745
-0.0203891
-0.0135473
0.00220307
0.00794998
0.00635845
0.00693645
0.00239711
0.00829602
0.0197616
0.0233873
0.0263246
0.0197126
0.0117718
-0.00017784
-0.00271032
0.00345183
-0.00193148
-0.00458634
-0.01938
-0.0173903
-0.00477478
-0.0317284
-0.0372808
-0.0230327
-0.0353866
-0.0346476
-0.0238178
-0.0130423
0.00658939
0.0159727
0.0178158
0.0248539
0.0202094
0.0293541
0.0396049
0.0335926
0.0530853
0.0615736
0.0667894
0.0634558
0.0587451
0.0643788
0.0495564
0.0351674
0.0234732
0.027117
0.0190612
-0.00989257
-0.0179234
-0.00815431
-0.0180011
-0.00838448
-0.00826603
-0.00524477
-0.0130848
-0.0103938
-0.0118653
0.000246213
0.00287152
0.000970396
-0.0123013
-0.0261033
-0.0156108
-0.0188943
-0.0175172
-0.0145906
-0.00632788
-0.0129426
-0.0291378
-0.00950111
-0.00278114
-0.0183054
-0.0142632
-0.0144156
-0.0152315
-0.0138277
0.00269785
0.024366
0.0255474
0.0237742
0.0226972
0.0140278
0.00998331
0.0140372
0.0276769
0.0318397
0.0181842
0.000566555
-0.0055383
-0.0243405
-0.0196686
-0.0256305
-0.0329152
-0.0365464
-0.0242197
-0.0221245
-0.017179
-0.00967634
-0.0135813
-0.00951843
0.00772353
0.00496896
0.0183124
0.036796
0.0513804
0.0762065
0.080215
0.0641306
0.0589886
0.0664237
0.0550632
0.0436675
0.0604973
0.0425622
0.0171919
0.0285117
0.025523
0.00801564
0.00965829
0.00911097
0.000559314
8.4776e-05
-0.00752728
-0.00468126
-0.0158991
-0.0229531
-0.0283754
-0.0405017
-0.0376038
-0.0392566
-0.0500928
-0.0589925
-0.0427882
-0.0525535
-0.0577861
-0.049966
-0.037096
-0.0186051
-0.000558759
0.00921846
0.00758236
0.00214907
-0.00239443
0.0121696
-0.00331084
0.00995071
0.0251562
0.0236524
0.0168009
0.0211459
0.0228846
0.0201128
0.0157837
0.014567
0.0156414
0.0327339
0.0514875
0.0554034
0.0636449
0.0693835
0.0650616
0.0529847
0.0417569
0.0417329
0.0330633
0.0403581
0.0389877
0.0396502
0.0313325
0.0396553
0.0400306
0.0284457
0.0226323
0.0139736
0.00911513
0.000924889
-0.00521482
0.000694398
0.000681
-0.00652229
0.0072639
0.00552746
0.0190655
0.0279653
0.0293459
0.0196341
0.0058566
0.0129831
-0.00808165
-0.0209643
-0.0165202
-0.0179067
-0.020692
-0.00613707
0.000695179
-0.00517503
-0.0336451
-0.0338481
-0.0287475
-0.0390663
-0.0489084
-0.0507547
-0.0541179
-0.0665931
-0.0727467
-0.071985
-0.086988
-0.0839125
-0.0579792
-0.0407374
-0.041773
-0.0305177
-0.0102952
-0.000137461
-0.00189612
0.00910435
0.0181645
-0.00084176
0.00299933
0.0144283
0.00509972
-0.0137292
-0.0165901
-0.0180679
-0.00196129
0.0007797
-0.000636472
-0.00254859
-0.0184031
-0.0139641
-0.0181631
-0.0298616
-0.0272913
-0.024878
-0.0320841
-0.0330815
-0.00894336
-0.0118262
-0.0236346
-0.0247896
-0.0231837
-0.0122856
-0.0197696
-0.00761946
-0.00854378
-0.0184669
-0.0244784
-0.0113558
-0.00720538
-0.00287333
-0.00456562
-0.0136769
-0.0137059
-0.000184871
0.0159327
0.00685434
0.0138689
0.0211145
0.0268758
0.0111778
0.00723628
0.0130787
0.00921356
0.0117039
0.00614453
0.0017354
-0.0238766
-0.0294613
-0.0295523
-0.0351941
-0.022023
0.00469873
0.013248
0.00625806
0.00430413
0.0243761
0.0186138
0.00886074
0.0210737
0.0147745
0.0171385
0.0110819
0.0240569
0.0132095
-0.00271126
0.00672668
0.0116228
-0.0110027
-0.00803005
0.0015618
-0.00758275
-0.01634
-0.00638597
-0.00787614
-0.00872741
-0.00361995
-0.00586934
0.00622967
0.0130859
0.0158941
0.0156443
-0.000907887
0.00189101
0.0113488
0.0130849
-0.00387036
-0.000593393
0.0181694
0.00671963
-0.0119947
7.11018e-05
-0.00855073
-0.0151801
-0.0116001
-0.00792881
-0.0244756
-0.028866
-0.00715357
-0.00527008
-0.00981724
0.00444719
0.0125095
0.0132694
0.0159277
0.0219721
0.0136315
-0.00510051
-0.00261008
0.010008
0.0105838
-0.00364954
-0.0126667
-0.0101417
-0.00601762
-0.00632425
0.00405189
0.012482
0.0219618
0.0158789
0.0256789
0.0252364
-0.000515878
-0.00795083
0.00245395
0.0104589
0.0109179
0.020946
0.0250386
0.031162
0.0213086
0.0391768
0.0329167
0.0221754
0.0316736
0.0262219
0.0297635
0.0277876
0.0307658
0.0259152
0.0174692
0.0169763
0.0223729
0.011041
-0.00880113
-0.0156689
-0.0135595
-0.0147999
-0.0230202
-0.0269925
-0.0299335
-0.046809
-0.0457836
-0.0375664
-0.0372918
-0.036169
-0.0374201
-0.0345703
-0.016279
-0.00601331
0.019407
0.0228224
0.0187932
0.0230766
0.0403451
0.0420129
0.0422099
0.0382152
0.0405776
0.0368689
0.0288337
0.0170669
0.0130933
0.00157753
-0.0169619
-0.0331983
-0.0365408
-0.0443838
-0.0279837
-0.00742157
0.00206709
0.00754022
-0.00287297
-0.00630155
-0.000876386
-0.0101645
-0.00534584
0.000224767
-0.000758464
-0.00373253
0.00112428
0.00131847
-0.00230523
0.00346625
-0.000208433
-0.00648014
-0.00329631
0.00786915
0.0234894
0.0339633
0.0231991
0.0145312
0.0169491
0.00979378
0.00600652
-0.00520331
-0.0129676
-0.0114989
-0.00355294
7.67811e-05
-0.00656285
-0.00530739
-0.0110125
-0.0185503
-0.0088703
-0.00958975
-0.0269682
-0.0347957
-0.030998
-0.0290924
-0.0182592
-0.0152648
-0.0280112
-0.0359435
-0.0416461
-0.0485286
-0.0558726
-0.0608425
-0.0474766
-0.0409163
-0.0263064
-0.0232843
-0.0282871
-0.0173557
-0.0118009
-0.00624763
0.00422555
0.00514014
-0.00318781
0.0024341
-0.00341372
-0.00709842
-0.00377796
-0.00673131
-0.0111197
-0.00680061
0.00365072
-0.00953055
-0.00706453
0.00312325
-0.00100428
-0.00196678
-0.001053
-0.000435432
-0.00230323
-0.00509554
-0.00712845
-0.0193025
-0.019812
-0.0195494
-0.036616
-0.035744
-0.0232016
-0.0119574
-0.018997
-0.017636
-0.00945731
-0.0100043
0.00215861
0.0164318
0.0158174
0.0248326
0.012295
0.000706431
-0.000123084
-0.00111893
-0.0194389
-0.00935802
-0.00332129
-0.00316563
-0.00623605
0.00625432
0.00812084
-0.00340166
-0.00224631
0.00166935
-0.00736214
-0.0107721
-0.000181965
-0.00263366
0.00501057
0.00698923
0.00916228
0.0184345
0.00710546
0.0105046
-0.000101006
-0.00354899
0.00310629
0.000332906
-0.00883837
-0.000969088
-0.013214
-0.0192938
-0.0167841
-0.0188918
-0.0104082
-0.00238128
0.00096971
-0.00415911
-0.00727483
-0.0078221
-0.0078569
-0.00190173
0.00104174
0.00282708
0.0102854
0.00390166
0.00852948
0.0128366
0.0112888
0.00842457
0.0242697
0.0161953
0.0178451
0.0107472
0.0139671
0.01931
0.0270311
0.0118916
0.00935995
0.00367437
0.000625799
-0.00603928
-0.0153522
-0.0169912
-0.0131266
-0.00215859
-6.96464e-05
0.00140513
-0.0132887
-0.00674471
-0.00141118
-0.000613682
0.0103253
0.00813939
0.00256723
0.00599419
0.0148408
0.0121965
-0.00641913
-0.00744773
-0.0033789
0.0129421
0.0160405
0.00988127
0.017033
0.0125509
0.0150825
0.0178427
0.0107626
0.000984341
0.000154095
-0.00699516
-0.00523076
-0.00113984
0.000958188
-0.00471196
-0.00871954
0.0089381
0.00711395
0.00669442
0.00986352
0.0102238
0.00806276
0.00960649
0.0155555
0.00841629
0.0076874
0.00750159
0.00948204
-0.00350452
-0.0124055
-0.0145699
-0.0178405
-0.00987828
-0.00531061
0.0119696
0.0220733
0.015273
0.0154548
0.0164179
0.0147262
0.0102442
0.0140282
0.00645336
0.0132444
0.0148204
0.00686296
0.00302429
-0.00830701
0.00312159
0.0101756
0.000986715
-0.0113576
-0.0175761
-0.0127037
-0.0154402
-0.0172253
-0.0204602
-0.0173047
-0.0209498
-0.0134017
-0.00492547
-0.015306
-0.0158661
-0.00467823
-0.00744249
0.00435354
0.0156224
0.018946
0.0357867
0.032705
0.0413923
0.0470211
0.0395748
0.0426008
0.0343529
0.0314065
0.013927
0.0155603
8.97426e-05
-0.018105
-0.0130361
-0.0159839
-0.0213868
-0.0133525
-0.0153037
-0.0241225
-0.0126938
-0.0108353
-0.00935392
-0.00116114
0.00702916
0.00820064
0.0157077
0.0104619
0.0156565
0.00387808
-0.00138494
-0.00484931
-0.0131306
-0.0174765
0.00251682
0.000252035
-0.00284535
0.0045132
0.00111558
0.0038801
0.00484672
0.013028
0.0179224
0.0270768
0.0258345
0.0342334
0.0291027
0.034891
0.0359728
0.0427645
0.0429843
0.0316807
0.0371636
0.0350794
0.0301107
0.0373577
0.0329812
0.019637
0.0110976
0.0170013
0.00730169
0.00237636
0.00370844
0.00126931
-0.00970903
-0.0114882
-0.00249701
0.00483615
0.00603466
-0.00950479
-0.0205052
-0.00936465
-0.00894458
-0.00119489
0.00040009
-0.00544443
-0.0119084
-0.0112217
-0.00889806
-0.0186259
-0.0231538
-0.015202
-0.0184681
-0.025869
-0.0315751
-0.0283785
-0.0209827
-0.0175051
-0.0243084
-0.0192955
-0.0243882
-0.0212779
-0.0261525
-0.0258988
-0.0220797
-0.0222473
-0.0165912
-0.0218797
-0.0237979
-0.0134828
-0.00852541
-0.00866469
-0.00380615
-0.010218
-0.00767213
-0.0088037
-0.0108836
-0.00660471
-0.00133996
-0.00408266
-0.00996042
-0.0220749
-0.0261244
-0.0122694
-0.0206276
-0.0293669
-0.0151787
-0.00546447
-0.0158792
-0.00718044
0.000610706
0.00695968
0.00202105
0.0014539
0.00301849
0.00852359
0.0197271
0.0181256
0.0275115
0.0211319
0.0114036
0.00744211
-0.000990944
0.000842974
-0.00391961
-0.00394126
-0.00768916
0.00449713
0.00910593
0.00255131
-0.001103
-0.000902447
-0.0093266
-0.00461887
-0.00563911
-0.0198001
-0.0178837
-0.0326076
-0.0273413
-0.0318711
-0.0267781
-0.0215631
-0.0114575
-0.0141096
-0.0119954
-0.0126528
-0.0262114
-0.0161344
-0.00263888
-0.00340223
-0.000942214
0.00459583
0.0189711
0.0201374
0.0141126
0.0167521
0.0186293
0.0143735
0.0020095
-0.000775252
-0.000924258
-0.00902306
-0.00130509
-0.0017585
-0.00438498
0.000146557
0.000326581
0.00289284
0.0138114
0.0216386
0.0146941
0.0113688
0.0216343
0.0211653
0.0205477
0.024017
0.0128431
0.012734
0.0166545
0.010167
0.0142723
0.0163441
0.0239599
0.0340956
0.0418185
0.0330349
0.0284782
0.0308931
0.0311933
0.0278065
0.0224557
0.0170059
0.0256343
0.0231655
0.011092
0.00884983
0.00250297
0.00527151
0.0132097
0.0120601
0.0176692
0.0188085
0.0128317
0.0119125
0.00285778
0.00876166
0.00177933
-0.0148701
-0.0129989
-0.0147427
-0.0301693
-0.019632
-0.0144228
-0.00636091
-0.00578325
-0.00543252
-0.00394629
0.00017814
-0.00798917
-0.0028273
-0.00635792
-0.00903274
-0.00443372
0.015331
0.0124265
0.0174804
0.0134489
0.0122813
0.0175791
0.0286161
0.0131357
0.0116862
0.0169393
0.0185111
0.0156167
0.035788
0.0287824
0.0345325
0.0409842
0.0379761
0.0391252
0.0461633
0.0477432
0.0357724
0.036991
0.0432315
0.0424985
0.0369452
0.0322552
0.0290603
0.0212028
0.0216434
0.0109157
0.0201135
0.0238415
0.0114645
0.0132242
0.0162371
0.00335808
-0.00225638
0.00785806
-0.0107689
-0.0144141
-0.0183345
-0.0115942
-0.00581261
0.00943491
0.011393
0.0200631
0.0178205
0.0118241
0.0186145
0.0111832
0.0116567
-0.0055478
-0.013719
-0.00560039
-8.79589e-05
0.00937924
0.0206456
0.00837015
0.0114866
0.0203455
0.0129141
0.0135333
0.0143127
0.0189494
0.0168539
0.0146287
0.0118205
0.00615771
-0.00752982
-0.00546527
-0.00390204
-0.00530403
-0.00952696
-0.00945913
-0.00442014
3.59626e-05
0.00380941
0.00406354
0.00400798
-0.00490963
-0.00695394
-0.000864623
-0.00171282
0.00179838
-0.00322346
-0.00618683
-0.0158937
-0.0107878
-0.012684
-0.0130908
-0.0188088
-0.0129989
0.00203137
0.000250864
-0.0031264
-0.00433581
-0.00422419
-0.00557595
-0.00894421
-0.00837725
-0.00805374
-0.0103611
-0.0135916
-0.00806042
-0.00868487
-0.00561782
-0.00375875
-0.0160662
-0.0320073
-0.0346988
-0.0344118
-0.0341681
-0.0359249
-0.0327705
-0.03344
-0.0217963
-0.0178387
-0.0270119
-0.0241368
-0.0195982
-0.0233228
-0.024762
-0.0243653
-0.0228876
-0.0177866
-0.0125244
-0.0125488
-0.00501327
0.00411394
0.00649091
0.00866147
0.0147187
0.00875724
0.00357677
0.0121558
-0.000529378
-0.00819356
-0.00653957
-0.0131797
-0.0135341
-0.0140684
-0.0170317
-0.0165353
-0.00835243
-0.0123473
-0.00322991
0.00914307
0.0163376
0.0211679
0.0230018
0.0160585
0.0112377
0.00516112
-0.00534964
-0.00995869
-0.000119418
-0.00270825
0.000494249
0.00946334
0.00450681
0.00936421
0.0113931
0.00989545
0.00206902
-0.00464651
0.00603275
0.00340156
-0.00979205
-0.00835687
0.000960849
0.00569065
0.012439
0.014718
0.0057537
0.0116137
-0.00155758
-0.00778992
-0.0172196
-0.0219176
-0.0230665
-0.0301792
-0.025102
-0.0283363
-0.0213821
-0.0168545
-0.0217127
-0.0278162
-0.0162471
-0.0209123
-0.0301832
-0.0294359
-0.0235995
-0.012633
-0.0216616
-0.0221551
-0.0224712
-0.0165463
-0.0215768
-0.025866
-0.0227449
-0.0233948
-0.0135318
-0.00698694
-0.00893413
-0.00986677
-0.0070961
-0.0135223
-0.0123392
-0.0163883
-0.00891335
-0.00727449
-0.0100914
-0.00634878
-0.00589379
-0.00545839
-0.00374172
-0.00554644
-0.0102713
-0.0136009
-0.0116747
-0.0149114
-0.0216905
-0.0195029
-0.0138545
-0.0164676
-0.0152632
-0.0138361
-0.010335
-0.00587869
-0.0044289
0.00406902
0.00587916
0.00228922
0.00115172
-0.000883316
-0.00202551
-0.00135099
0.00267636
-0.00281098
-0.00293084
-0.00212727
-0.00208087
-0.000403975
-0.00114861
-0.000274715
-0.00404805
-0.00775454
-0.0093269
-0.00953323
-0.00923294
-0.0076794
-0.00685961
-0.00908566
-0.00584902
-0.0035659
-0.00553031
-0.0052793
-0.00533358
-0.00407184
-0.00576098
-0.00724369
-0.00386136
-0.00393912
-0.00298437
-0.000752731
0.000428813
-0.000690695
-0.00148359
0.00168391
0.00125765
0.00097958
0.00168094
0.00176896
0.00253071
0.00211282
0.00127699
0.00188299
0.000731079
-0.00015934
-3.11766e-05
-0.000695425
-0.00209449
-0.00146786
-0.00029118
0.000901416
0.00134526
0.00207673
0.00228425
0.00201569
0.00224095
0.00219923
0.00167982
0.00128093
0.000516033
0.00144845
0.00185218
0.00102202
0.00112504
0.00132768
0.00115145
0.00123892
0.0010663
0.000996654
0.000897655
0.000759352
0.000857345
0.000871342
0.00101386
0.000959845
0.0008513
0.000761632
0.000842703
0.00103209
0.000899622
0.000899557
0.000891385
0.00083827
0.000850385
0.000904979
0.000888543
0.000910184
0.000926549
0.000901208
0.000875572
0.000857738
0.000846216
0.000836671
0.000835315
0.000834581
0.000835963
0.000835787
0.000837585
0.000837376
0.000839099
0.000838881
0.000840665
0.000840311
0.000842093
0.000841576
0.00084343
0.000842909
0.000844877
0.000844214
0.000846348
0.000845535
0.000847699
0.00084676
0.000849045
0.00084788
0.000850398
0.000849068
0.000851652
0.00085009
0.000852878
0.000851129
0.000854109
0.0008522
0.000855228
0.000853138
0.000856327
0.000854105
0.000857251
0.000855046
0.000858388
0.000855862
0.000859431
0.000856671
0.000860325
0.000857501
0.000861223
0.000858223
0.000862023
0.000858905
0.000862838
0.000859544
0.000863663
0.000860242
0.000864423
0.00086077
0.000865134
0.000861346
0.000865746
0.000861888
0.000866271
0.000862349
0.000866808
0.000862802
0.00086731
0.000863203
0.000867823
0.000863532
0.000868209
0.000863858
0.000868619
0.000864107
0.000868952
0.000864414
0.00086933
0.000864665
0.000869574
0.000864902
0.000869858
0.000865032
0.000870069
0.000865085
0.000870221
0.000865211
0.000870271
0.00086522
0.00087039
0.000865198
0.000870418
0.00086515
0.000870436
0.000865065
0.000870399
0.000864988
0.000870237
0.00086479
0.000870149
0.000864639
0.000869997
0.000864525
0.000869832
0.000864376
0.000869389
0.000863903
0.000869414
0.000863496
0.000869066
0.000863153
0.000868625
0.000862754
0.000868243
0.00086228
0.000867857
0.00086176
0.000867381
0.0008612
0.000866926
0.000860661
0.000866314
0.000860043
0.000865772
0.000859414
0.000865099
0.000858729
0.000864506
0.000858007
0.000863755
0.000857315
0.000862996
0.000856468
0.000862247
0.00085569
0.000861433
0.000854815
0.000860589
0.000854005
0.000859775
0.000853082
0.000858832
0.000852074
0.00085793
0.000851103
0.000856918
0.000850114
0.000855884
0.000849039
0.000854821
0.000847909
0.000853786
0.000846775
0.000852567
0.000845654
0.000851388
0.000844437
0.000850229
0.000843193
0.000848979
0.000841979
0.000847699
0.000840661
0.000846422
0.000839338
0.000845116
0.000837953
0.000843733
0.000836549
0.000842255
0.000835129
0.00084082
0.000833637
0.000839328
0.000832188
0.000837758
0.000830647
0.000836294
0.000829077
0.000834678
0.000827497
0.000833141
0.000825831
0.000831459
0.000824231
0.0008298
0.000822585
0.000828088
0.000820838
0.00082636
0.000819116
0.000824574
0.000817305
0.000822752
0.000815438
0.000820979
0.000813633
0.000819072
0.000811735
0.000817218
0.000809889
0.00081531
0.000807956
0.000813361
0.000805941
0.000811386
0.000803984
0.000809345
0.000801953
0.00080732
0.000799889
0.000805246
0.000797802
0.000803136
0.000795685
0.000801005
0.000793543
0.000798838
0.000791306
0.000796609
0.000789099
0.000794426
0.000786871
0.000792176
0.000784617
0.000789882
0.000782304
0.000787563
0.000780054
0.000785298
0.000777724
0.000782946
0.000775424
0.000780473
0.000772931
0.000778179
0.000770513
0.000775722
0.000768051
0.00077328
0.000765605
0.000770751
0.000763097
0.000768261
0.00076065
0.00076569
0.000758102
0.000763123
0.000755548
0.000760542
0.000752949
0.000757954
0.000750327
0.000755395
0.000747664
0.000752736
0.00074502
0.000750065
0.000742335
0.000747389
0.000739655
0.000744631
0.00073694
0.000741937
0.00073415
0.000739136
0.000731384
0.000736378
0.000728577
0.000733488
0.000725771
0.000730684
0.000722926
0.000727781
0.000720067
0.000724846
0.000717199
0.000721904
0.000714259
0.000719001
0.000711305
0.000715995
0.000708346
0.000713066
0.000705327
0.000710033
0.000702354
0.00070698
0.000699281
0.000703879
0.000696316
0.000700861
0.000693237
0.000697776
0.000690073
0.000694683
0.000687037
0.000691535
0.000683896
0.000688439
0.000680817
0.000685347
0.000677603
0.000682134
0.0006745
0.000679003
0.000671331
0.00067573
0.000668092
0.000672511
0.000664868
0.000669267
0.000661697
0.000666083
0.000658432
0.000662803
0.000655161
0.000659522
0.000651884
0.000656172
0.000648572
0.000652889
0.000645261
0.000649515
0.000641914
0.000646193
0.000638573
0.000642817
0.000635211
0.000639463
0.000631799
0.000636056
0.000628392
0.000632683
0.000625031
0.000629263
0.000621615
0.000625841
0.000618181
0.000622389
0.000614744
0.00061893
0.000611349
0.00061548
0.000607793
0.000611938
0.00060432
0.000608437
0.00060077
0.000604914
0.000597306
0.000601369
0.00059375
0.000597868
0.00059022
0.000594285
0.00058665
0.000590726
0.000583211
0.000587159
0.000579689
0.000583586
0.000576106
0.000580102
0.000572462
0.000576511
0.000568867
0.00057293
0.000565369
0.000569279
0.000561727
0.000565679
0.000558162
0.000562067
0.000554524
0.000558467
0.000550881
0.000554769
0.000547249
0.000551112
0.000543548
0.00054744
0.000539875
0.000543771
0.0005362
0.000539973
0.0005325
0.000536339
0.000528896
0.000532599
0.000525188
0.000528921
0.000521475
0.000525246
0.000517773
0.000521536
0.000514097
0.000517819
0.000510403
0.000514137
0.000506686
0.000510414
0.000502945
0.00050665
0.00049925
0.000502931
0.000495435
0.000499205
0.000491738
0.00049546
0.000488011
0.000491655
0.000484325
0.000487885
0.000480554
0.000484093
0.000476848
0.000480331
0.000473047
0.000476564
0.000469255
0.00047285
0.00046556
0.000469052
0.000461849
0.00046524
0.000458089
0.000461456
0.000454342
0.000457754
0.000450578
0.000453958
0.000446794
0.000450225
0.000442998
0.00044643
0.000439248
0.00044271
0.000435501
0.000438929
0.000431767
0.000435158
0.000428002
0.000431426
0.000424222
0.000427658
0.000420494
0.000423909
0.00041676
0.000420145
0.000412995
0.00041639
0.000409252
0.000412638
0.000405479
0.000408905
0.000401758
0.000405069
0.000397973
0.000401346
0.000394202
0.000397577
0.000390454
0.000393828
0.000386712
0.000389995
0.000382997
0.000386296
0.000379242
0.000382554
0.000375484
0.000378811
0.000371777
0.000375018
0.000368016
0.000371321
0.000364197
0.000367617
0.000360533
0.000363875
0.000356847
0.000360113
0.000353091
0.000356436
0.000349422
0.000352711
0.000345711
0.000348999
0.000342074
0.000345213
0.000338382
0.000341563
0.000334577
0.000337875
0.000330966
0.000334232
0.000327305
0.000330481
0.000323665
0.000326806
0.000320019
0.000323213
0.000316366
0.000319477
0.00031264
0.000315856
0.000309112
0.000312142
0.000305394
0.000308629
0.000301873
0.000305084
0.000298195
0.000301401
0.000294715
0.000297772
0.000291163
0.000294299
0.000287596
0.000290674
0.000284085
0.000287147
0.000280516
0.000283556
0.000276946
0.000279987
0.000273435
0.00027644
0.00026988
0.000272924
0.000266231
0.00026927
0.000262712
0.000265704
0.000259212
0.000262198
0.000255716
0.000258645
0.000252231
0.000255156
0.000248718
0.000251674
0.000245239
0.000248213
0.0002417
0.000244745
0.000238266
0.000241307
0.000234831
0.000237879
0.000231393
0.000234486
0.000227918
0.000231072
0.000224571
0.000227646
0.00022124
0.000224218
0.000217772
0.000220765
0.000214396
0.000217433
0.000211086
0.000214049
0.00020774
0.000210672
0.000204485
0.00020736
0.000201075
0.000204076
0.000197823
0.0002008
0.000194507
0.000197501
0.000191206
0.000194189
0.000188008
0.000190947
0.000184664
0.000187661
0.00018148
0.000184396
0.000178256
0.000181194
0.000174997
0.000177974
0.00017176
0.000174763
0.000168538
0.000171562
0.000165424
0.00016848
0.000162348
0.000165331
0.000159234
0.000162145
0.000156099
0.000159006
0.000152975
0.000155945
0.000149865
0.00015279
0.00014677
0.000149672
0.000143624
0.000146601
0.000140679
0.000143591
0.000137582
0.000140546
0.000134592
0.000137455
0.00013162
0.000134561
0.000128603
0.000131505
0.000125667
0.000128512
0.000122679
0.000125633
0.000119707
0.00012282
0.000116921
0.000120033
0.000114131
0.000117089
0.000111326
0.000114262
0.000108354
0.000111408
0.000105498
0.000108494
0.000102619
0.000105595
9.97203e-05
0.000102726
9.69166e-05
9.99043e-05
9.41244e-05
9.7118e-05
9.133e-05
9.43294e-05
8.86252e-05
9.17113e-05
8.5861e-05
8.8971e-05
8.32574e-05
8.62628e-05
8.05647e-05
8.35864e-05
7.78546e-05
8.09011e-05
7.51798e-05
7.82589e-05
7.25827e-05
7.55561e-05
6.99206e-05
7.29365e-05
6.73125e-05
7.03279e-05
6.47657e-05
6.77187e-05
6.20935e-05
6.51587e-05
5.94884e-05
6.25919e-05
5.69924e-05
6.00557e-05
5.44412e-05
5.7541e-05
5.19991e-05
5.49813e-05
4.95341e-05
5.24677e-05
4.71478e-05
5.00093e-05
4.46673e-05
4.75705e-05
4.21522e-05
4.51495e-05
3.9667e-05
4.26726e-05
3.72954e-05
4.03044e-05
3.49113e-05
3.79656e-05
3.25816e-05
3.55965e-05
3.03096e-05
3.33917e-05
2.80994e-05
3.10454e-05
2.57723e-05
2.87652e-05
2.35405e-05
2.6544e-05
2.13946e-05
2.43366e-05
1.91501e-05
2.21078e-05
1.69305e-05
1.99029e-05
1.47524e-05
1.76536e-05
1.25118e-05
1.54967e-05
1.03123e-05
1.32803e-05
8.26989e-06
1.12171e-05
6.16403e-06
9.14257e-06
4.11535e-06
7.10303e-06
2.03765e-06
5.03618e-06
-3.14775e-08
3.0195e-06
-2.07631e-06
1.0041e-06
-4.12877e-06
-9.96538e-07
-6.0808e-06
-3.0122e-06
-8.07266e-06
-4.98288e-06
-1.00275e-05
-6.89089e-06
-1.19528e-05
-8.92641e-06
-1.39412e-05
-1.08357e-05
-1.58445e-05
-1.2765e-05
-1.77651e-05
-1.46092e-05
-1.96089e-05
-1.65297e-05
-2.14425e-05
-1.83377e-05
-2.33181e-05
-2.01136e-05
-2.51154e-05
-2.19583e-05
-2.68043e-05
-2.38449e-05
-2.8639e-05
-2.54849e-05
-3.03542e-05
-2.73163e-05
-3.20639e-05
-2.9014e-05
-3.38272e-05
-3.06964e-05
-3.55274e-05
-3.23594e-05
-3.7183e-05
-3.40118e-05
-3.8773e-05
-3.57178e-05
-4.04006e-05
-3.73223e-05
-4.19762e-05
-3.88265e-05
-4.35007e-05
-4.03393e-05
-4.50228e-05
-4.19523e-05
-4.65451e-05
-4.34703e-05
-4.80829e-05
-4.49974e-05
-4.95468e-05
-4.64213e-05
-5.10227e-05
-4.78652e-05
-5.24545e-05
-4.93683e-05
-5.39269e-05
-5.08105e-05
-5.5337e-05
-5.22205e-05
-5.67631e-05
-5.36752e-05
-5.81116e-05
-5.50454e-05
-5.96799e-05
-5.64547e-05
-6.09997e-05
-5.77971e-05
-6.2336e-05
-5.91581e-05
-6.35926e-05
-6.05235e-05
-6.48658e-05
-6.18209e-05
-6.62552e-05
-6.3078e-05
-6.7482e-05
-6.43254e-05
-6.86714e-05
-6.55714e-05
-6.99036e-05
-6.6777e-05
-7.10549e-05
-6.79455e-05
-7.22287e-05
-6.91603e-05
-7.33551e-05
-7.02124e-05
-7.45772e-05
-7.13096e-05
-7.56096e-05
-7.23657e-05
-7.65806e-05
-7.34723e-05
-7.76537e-05
-7.45403e-05
-7.88053e-05
-7.55601e-05
-7.98561e-05
-7.66756e-05
-8.08303e-05
-7.7637e-05
-8.18578e-05
-7.85688e-05
-8.28807e-05
-7.95766e-05
-8.38506e-05
-8.05547e-05
-8.47853e-05
-8.15345e-05
-8.57806e-05
-8.24247e-05
-8.66342e-05
-8.33207e-05
-8.75086e-05
-8.42129e-05
-8.83769e-05
-8.51166e-05
-8.92366e-05
-8.59753e-05
-9.00679e-05
-8.67803e-05
-9.09196e-05
-8.76744e-05
-9.17095e-05
-8.83538e-05
-9.25108e-05
-8.91242e-05
-9.3151e-05
-8.991e-05
-9.38911e-05
-9.06769e-05
-9.47123e-05
-9.13755e-05
-9.5489e-05
-9.21399e-05
-9.6167e-05
-9.29575e-05
-9.69482e-05
-9.37391e-05
-9.76087e-05
-9.4221e-05
-9.8307e-05
-9.49024e-05
-9.8748e-05
-9.53351e-05
-9.93755e-05
-9.60194e-05
-9.98968e-05
-9.65147e-05
-0.00010036
-9.70962e-05
-0.000100836
-9.74654e-05
-0.000101371
-9.79739e-05
-0.000101876
-9.85138e-05
-0.000102349
-9.90367e-05
-0.000102809
-9.95222e-05
-0.000103263
-9.99889e-05
-0.00010372
-0.000100371
-0.000104096
-0.000100808
-0.000104574
-0.0001013
-0.000105051
-0.000101671
-0.000105458
-0.000102239
-0.000105865
-0.000102623
-0.000106344
-0.000102904
-0.000106664
-0.000103224
-0.000106893
-0.000103561
-0.000107175
-0.000103828
-0.000107484
-0.000104128
-0.000107771
-0.000104345
-0.000108014
-0.00010467
-0.000108239
-0.000104936
-0.000108603
-0.00010522
-0.000108806
-0.000105367
-0.000109004
-0.000105597
-0.000109135
-0.000105686
-0.000109339
-0.000105874
-0.000109427
-0.000105957
-0.000109588
-0.000106149
-0.000109699
-0.000106265
-0.00010981
-0.000106391
-0.000109851
-0.000106381
-0.000109865
-0.000106427
-0.000109929
-0.000106421
-0.000109977
-0.000106381
-0.000109958
-0.000106441
-0.000109951
-0.000106458
-0.000109958
-0.000106434
-0.000109864
-0.000106436
-0.000109861
-0.000106334
-0.000109834
-0.000106305
-0.000109697
-0.000106271
-0.000109634
-0.000106246
-0.000109545
-0.000106089
-0.000109427
-0.000106032
-0.000109368
-0.000105935
-0.00010923
-0.00010578
-0.000109127
-0.000105634
-0.000108963
-0.000105513
-0.000108822
-0.000105348
-0.000108619
-0.000105149
-0.000108439
-0.000104982
-0.000108247
-0.000104727
-0.000108035
-0.000104519
-0.000107786
-0.000104294
-0.000107507
-0.000104094
-0.000107297
-0.000103787
-0.000107037
-0.000103577
-0.00010676
-0.000103364
-0.000106499
-0.000103008
-0.00010616
-0.000102707
-0.000105875
-0.000102435
-0.000105635
-0.000102062
-0.000105262
-0.000101741
-0.000104886
-0.000101411
-0.000104408
-0.000101121
-0.000104232
-0.000100638
-0.000103861
-0.000100366
-0.000103395
-9.99568e-05
-0.000102982
-9.95264e-05
-0.000102634
-9.90694e-05
-0.000102183
-9.86504e-05
-0.000101725
-9.8206e-05
-0.000101209
-9.77164e-05
-0.000100806
-9.71729e-05
-0.000100312
-9.66953e-05
-9.9785e-05
-9.62348e-05
-9.92043e-05
-9.57146e-05
-9.86323e-05
-9.513e-05
-9.81397e-05
-9.45241e-05
-9.75502e-05
-9.40823e-05
-9.70011e-05
-9.35163e-05
-9.65005e-05
-9.29545e-05
-9.59735e-05
-9.24355e-05
-9.5392e-05
-9.19274e-05
-9.48439e-05
-9.14072e-05
-9.44299e-05
-9.09086e-05
-9.39198e-05
-9.03903e-05
-9.32874e-05
-8.97505e-05
-9.27146e-05
-8.91674e-05
-9.20725e-05
-8.85461e-05
-9.14343e-05
-8.79153e-05
-9.08346e-05
-8.73194e-05
-9.0264e-05
-8.6681e-05
-8.95161e-05
-8.61236e-05
-8.89036e-05
-8.54331e-05
-8.83375e-05
-8.48271e-05
-8.76644e-05
-8.41732e-05
-8.698e-05
-8.35214e-05
-8.63098e-05
-8.2782e-05
-8.56279e-05
-8.21103e-05
-8.49592e-05
-8.13734e-05
-8.428e-05
-8.07858e-05
-8.36122e-05
-8.00799e-05
-8.28734e-05
-7.93307e-05
-8.21154e-05
-7.86647e-05
-8.1379e-05
-7.79081e-05
-8.06601e-05
-7.72078e-05
-7.99642e-05
-7.64275e-05
-7.92163e-05
-7.57097e-05
-7.85047e-05
-7.49433e-05
-7.77275e-05
-7.41635e-05
-7.70136e-05
-7.34056e-05
-7.62504e-05
-7.27772e-05
-7.54753e-05
-7.19953e-05
-7.46534e-05
-7.12009e-05
-7.39032e-05
-7.03833e-05
-7.3121e-05
-6.95507e-05
-7.22931e-05
-6.87325e-05
-7.14582e-05
-6.80463e-05
-7.06698e-05
-6.72442e-05
-6.99132e-05
-6.64321e-05
-6.91077e-05
-6.56464e-05
-6.82936e-05
-6.48514e-05
-6.74811e-05
-6.40474e-05
-6.66236e-05
-6.3229e-05
-6.579e-05
-6.23391e-05
-6.49012e-05
-6.15004e-05
-6.39683e-05
-6.05956e-05
-6.29434e-05
-5.99162e-05
-6.22806e-05
-5.87089e-05
-6.14835e-05
-5.78955e-05
-6.05776e-05
-5.71346e-05
-5.97522e-05
-5.62831e-05
-5.88668e-05
-5.5424e-05
-5.80539e-05
-5.44849e-05
-5.70893e-05
-5.36441e-05
-5.62069e-05
-5.26894e-05
-5.53487e-05
-5.18495e-05
-5.45101e-05
-5.09266e-05
-5.36524e-05
-5.01399e-05
-5.27141e-05
-4.92217e-05
-5.18474e-05
-4.83055e-05
-5.09101e-05
-4.74614e-05
-4.998e-05
-4.66088e-05
-4.90421e-05
-4.56468e-05
-4.81852e-05
-4.47206e-05
-4.73108e-05
-4.37829e-05
-4.63749e-05
-4.28764e-05
-4.54544e-05
-4.19706e-05
-4.45686e-05
-4.1113e-05
-4.36983e-05
-4.02034e-05
-4.27525e-05
-3.92722e-05
-4.18665e-05
-3.83712e-05
-4.09338e-05
-3.74947e-05
-3.99713e-05
-3.65911e-05
-3.89616e-05
-3.56021e-05
-3.81397e-05
-3.46856e-05
-3.72298e-05
-3.37207e-05
-3.62997e-05
-3.28356e-05
-3.53086e-05
-3.18737e-05
-3.43346e-05
-3.09951e-05
-3.34273e-05
-3.00711e-05
-3.24635e-05
-2.92072e-05
-3.15562e-05
-2.82298e-05
-3.05792e-05
-2.73195e-05
-2.96953e-05
-2.63525e-05
-2.87833e-05
-2.53154e-05
-2.78872e-05
-2.44406e-05
-2.69459e-05
-2.34283e-05
-2.59695e-05
-2.25822e-05
-2.50324e-05
-2.16449e-05
-2.4132e-05
-2.07075e-05
-2.31947e-05
-1.98313e-05
-2.23372e-05
-1.89063e-05
-2.13574e-05
-1.79905e-05
-2.04797e-05
-1.70031e-05
-1.94956e-05
-1.61097e-05
-1.85769e-05
-1.51773e-05
-1.76229e-05
-1.42109e-05
-1.67029e-05
-1.33025e-05
-1.57608e-05
-1.23956e-05
-1.47836e-05
-1.14265e-05
-1.38508e-05
-1.04943e-05
-1.29084e-05
-9.54245e-06
-1.19705e-05
-8.62676e-06
-1.10499e-05
-7.69282e-06
-1.01738e-05
-6.80023e-06
-9.256e-06
-5.93534e-06
-8.38236e-06
-5.0392e-06
-7.41597e-06
-4.10473e-06
-6.51352e-06
-3.16995e-06
-5.47993e-06
-2.24377e-06
-4.57961e-06
-1.31455e-06
-3.75757e-06
-3.2446e-07
-2.83281e-06
5.77299e-07
-1.94551e-06
1.46329e-06
-1.00021e-06
2.39339e-06
-4.39716e-08
3.26672e-06
8.8332e-07
4.18036e-06
1.80624e-06
5.17816e-06
2.65453e-06
6.10905e-06
3.66129e-06
6.93848e-06
4.56591e-06
7.92556e-06
5.5126e-06
8.84142e-06
6.45001e-06
9.69164e-06
7.35063e-06
1.05361e-05
8.21126e-06
1.14654e-05
9.12988e-06
1.24103e-05
1.00204e-05
1.3245e-05
1.0918e-05
1.41702e-05
1.17935e-05
1.50592e-05
1.26394e-05
1.59241e-05
1.3573e-05
1.67455e-05
1.43354e-05
1.76246e-05
1.52221e-05
1.84542e-05
1.60641e-05
1.93449e-05
1.69466e-05
2.01968e-05
1.78367e-05
2.10444e-05
1.86573e-05
2.19025e-05
1.94839e-05
2.2774e-05
2.03225e-05
2.35326e-05
2.11774e-05
2.43915e-05
2.20392e-05
2.52446e-05
2.27227e-05
2.60166e-05
2.36128e-05
2.67891e-05
2.44159e-05
2.77276e-05
2.52006e-05
2.85049e-05
2.60578e-05
2.93045e-05
2.69121e-05
3.00782e-05
2.77621e-05
3.08976e-05
2.85494e-05
3.17663e-05
2.94397e-05
3.25554e-05
3.03087e-05
3.34593e-05
3.11586e-05
3.42218e-05
3.19605e-05
3.50387e-05
3.27186e-05
3.57885e-05
3.34824e-05
3.65925e-05
3.42879e-05
3.73828e-05
3.5103e-05
3.81915e-05
3.58295e-05
3.89322e-05
3.66269e-05
3.97089e-05
3.74149e-05
4.04329e-05
3.81149e-05
4.12173e-05
3.89325e-05
4.19777e-05
3.96613e-05
4.27743e-05
4.04757e-05
4.35794e-05
4.12436e-05
4.42732e-05
4.20043e-05
4.50384e-05
4.26741e-05
4.57468e-05
4.34119e-05
4.64693e-05
4.41558e-05
4.70889e-05
4.49695e-05
4.78155e-05
4.56191e-05
4.8536e-05
4.6339e-05
4.92863e-05
4.70526e-05
5.01002e-05
4.77778e-05
5.0779e-05
4.85636e-05
5.13604e-05
4.92545e-05
5.21945e-05
4.98436e-05
5.28678e-05
5.05756e-05
5.35325e-05
5.12452e-05
5.42359e-05
5.19602e-05
5.49686e-05
5.26142e-05
5.56443e-05
5.32926e-05
5.63095e-05
5.39797e-05
5.69355e-05
5.46187e-05
5.76233e-05
5.5232e-05
5.8232e-05
5.58268e-05
5.87551e-05
5.65003e-05
5.93441e-05
5.70732e-05
6.00315e-05
5.7661e-05
6.06895e-05
5.83285e-05
6.13374e-05
5.90201e-05
6.19561e-05
5.9578e-05
6.25791e-05
6.0152e-05
6.3162e-05
6.07046e-05
6.37631e-05
6.13454e-05
6.43456e-05
6.18786e-05
6.4918e-05
6.24223e-05
6.55018e-05
6.30421e-05
6.60208e-05
6.3613e-05
6.66781e-05
6.41903e-05
6.71976e-05
6.47702e-05
6.77771e-05
6.53292e-05
6.83469e-05
6.58846e-05
6.89102e-05
6.64743e-05
6.94277e-05
6.70494e-05
7.00257e-05
6.75852e-05
7.05096e-05
6.81964e-05
7.10448e-05
6.86857e-05
7.15278e-05
6.92163e-05
7.20954e-05
6.97309e-05
7.26132e-05
7.02535e-05
7.31221e-05
7.07379e-05
7.35766e-05
7.13049e-05
7.40727e-05
7.18382e-05
7.46054e-05
7.22963e-05
7.51496e-05
7.28149e-05
7.56434e-05
7.33236e-05
7.61726e-05
7.38268e-05
7.6606e-05
7.43349e-05
7.70145e-05
7.47639e-05
7.75266e-05
7.52092e-05
7.79969e-05
7.57131e-05
7.84477e-05
7.60988e-05
7.88735e-05
7.6546e-05
7.93057e-05
7.70349e-05
7.97144e-05
7.74761e-05
8.01917e-05
7.7855e-05
8.0606e-05
7.82986e-05
8.10411e-05
7.87515e-05
8.1387e-05
7.91153e-05
8.18519e-05
7.94991e-05
8.21912e-05
7.98948e-05
8.25875e-05
8.02505e-05
8.29558e-05
8.07034e-05
8.33419e-05
8.10466e-05
8.37056e-05
8.13507e-05
8.3988e-05
8.18215e-05
8.43625e-05
8.21332e-05
8.48241e-05
8.2495e-05
8.51374e-05
8.27837e-05
8.55863e-05
8.3104e-05
8.58368e-05
8.34269e-05
8.62072e-05
8.38118e-05
8.66204e-05
8.40723e-05
8.69573e-05
8.44777e-05
8.72899e-05
8.48674e-05
8.75264e-05
8.51737e-05
8.78932e-05
8.54241e-05
8.81517e-05
8.56815e-05
8.86194e-05
8.60659e-05
8.89152e-05
8.6432e-05
8.92242e-05
8.67508e-05
8.95872e-05
8.69992e-05
8.99733e-05
8.74059e-05
9.01593e-05
8.77872e-05
9.04346e-05
8.80453e-05
9.06601e-05
8.82839e-05
9.09517e-05
8.84985e-05
9.12062e-05
8.87988e-05
9.1407e-05
8.89392e-05
9.154e-05
8.91715e-05
9.17354e-05
8.93818e-05
9.20605e-05
8.9574e-05
9.22512e-05
8.98007e-05
9.24453e-05
9.00205e-05
9.26295e-05
9.02813e-05
9.27741e-05
9.05397e-05
9.29301e-05
9.06478e-05
9.31564e-05
9.08372e-05
9.34555e-05
9.10588e-05
9.35098e-05
9.1133e-05
9.37156e-05
9.13544e-05
9.3922e-05
9.15989e-05
9.41203e-05
9.17396e-05
9.42388e-05
9.18728e-05
9.43173e-05
9.2108e-05
9.44398e-05
9.21699e-05
9.46338e-05
9.23107e-05
9.48393e-05
9.25038e-05
9.49451e-05
9.26865e-05
9.50999e-05
9.27635e-05
9.51791e-05
9.28315e-05
9.5254e-05
9.29309e-05
9.53579e-05
9.31305e-05
9.54802e-05
9.32032e-05
9.55535e-05
9.3299e-05
9.56234e-05
9.33517e-05
9.57258e-05
9.34207e-05
9.58918e-05
9.3495e-05
9.59157e-05
9.36054e-05
9.60241e-05
9.37118e-05
9.61912e-05
9.38581e-05
9.62848e-05
9.39508e-05
9.62919e-05
9.39461e-05
9.63869e-05
9.39984e-05
9.64567e-05
9.40798e-05
9.65279e-05
9.41055e-05
9.65791e-05
9.41573e-05
9.66501e-05
9.41903e-05
9.67173e-05
9.41483e-05
9.67132e-05
9.42635e-05
9.67956e-05
9.42323e-05
9.68714e-05
9.42944e-05
9.68961e-05
9.44541e-05
9.69429e-05
9.44562e-05
9.70937e-05
9.45691e-05
9.71615e-05
9.4689e-05
9.72284e-05
9.47038e-05
9.71653e-05
9.46877e-05
9.71555e-05
9.4637e-05
9.70697e-05
9.45951e-05
9.70008e-05
9.45534e-05
9.6935e-05
9.45026e-05
9.69906e-05
9.45021e-05
9.68748e-05
9.44399e-05
9.69075e-05
9.44418e-05
9.68865e-05
9.44511e-05
9.68787e-05
9.44663e-05
9.68014e-05
9.43936e-05
9.67711e-05
9.43432e-05
9.66535e-05
9.42443e-05
9.6624e-05
9.41922e-05
9.65558e-05
9.41011e-05
9.64697e-05
9.39977e-05
9.6431e-05
9.39102e-05
9.63301e-05
9.38648e-05
9.62238e-05
9.38094e-05
9.61572e-05
9.36642e-05
9.59981e-05
9.35957e-05
9.59556e-05
9.34987e-05
9.59198e-05
9.34245e-05
9.57221e-05
9.3257e-05
9.5562e-05
9.31942e-05
9.55079e-05
9.30058e-05
9.53636e-05
9.28846e-05
9.51943e-05
9.26796e-05
9.51465e-05
9.26094e-05
9.50014e-05
9.25104e-05
9.48637e-05
9.24408e-05
9.47846e-05
9.2409e-05
9.47061e-05
9.23344e-05
9.46102e-05
9.22257e-05
9.45105e-05
9.21495e-05
9.43619e-05
9.2075e-05
9.43115e-05
9.18632e-05
9.41757e-05
9.1764e-05
9.3982e-05
9.16001e-05
9.38332e-05
9.14206e-05
9.36629e-05
9.13205e-05
9.35357e-05
9.12254e-05
9.33829e-05
9.10534e-05
9.33049e-05
9.09446e-05
9.31065e-05
9.07467e-05
9.29833e-05
9.06151e-05
9.27857e-05
9.04906e-05
9.26882e-05
9.03465e-05
9.2526e-05
9.01429e-05
9.23326e-05
9.00224e-05
9.21231e-05
8.98322e-05
9.19538e-05
8.95959e-05
9.17778e-05
8.94024e-05
9.15933e-05
8.92099e-05
9.13837e-05
8.90319e-05
9.11907e-05
8.88596e-05
9.10011e-05
8.86925e-05
9.08192e-05
8.84811e-05
9.05558e-05
8.83777e-05
9.02997e-05
8.79732e-05
9.00783e-05
8.77634e-05
8.98587e-05
8.74287e-05
8.9713e-05
8.72e-05
8.93997e-05
8.69646e-05
8.9186e-05
8.67892e-05
8.90516e-05
8.65414e-05
8.88467e-05
8.62548e-05
8.84779e-05
8.61272e-05
8.83326e-05
8.59545e-05
8.8188e-05
8.5735e-05
8.79922e-05
8.54539e-05
8.77982e-05
8.52739e-05
8.75218e-05
8.50416e-05
8.73195e-05
8.48604e-05
8.70942e-05
8.46348e-05
8.68643e-05
8.43498e-05
8.6621e-05
8.41092e-05
8.6338e-05
8.38583e-05
8.61359e-05
8.3528e-05
8.58241e-05
8.32355e-05
8.54691e-05
8.30122e-05
8.51811e-05
8.27248e-05
8.49652e-05
8.24839e-05
8.46578e-05
8.22318e-05
8.43353e-05
8.19212e-05
8.40352e-05
8.16465e-05
8.38563e-05
8.13636e-05
8.35302e-05
8.10865e-05
8.33197e-05
8.08824e-05
8.30113e-05
8.06038e-05
8.2716e-05
8.03316e-05
8.25101e-05
8.01493e-05
8.23049e-05
7.9947e-05
8.2098e-05
7.97824e-05
8.18514e-05
7.95475e-05
8.16185e-05
7.92045e-05
8.13268e-05
7.88663e-05
8.09962e-05
7.85838e-05
8.06814e-05
7.83932e-05
8.0413e-05
7.81505e-05
8.01134e-05
7.78122e-05
7.9823e-05
7.74932e-05
7.95077e-05
7.71442e-05
7.91916e-05
7.69422e-05
7.89339e-05
7.66542e-05
7.86313e-05
7.63266e-05
7.82475e-05
7.60208e-05
7.79377e-05
7.57267e-05
7.76271e-05
7.53849e-05
7.73277e-05
7.50534e-05
7.70925e-05
7.48102e-05
7.67927e-05
7.4558e-05
7.65604e-05
7.42387e-05
7.61954e-05
7.383e-05
7.58143e-05
7.3474e-05
7.54181e-05
7.30966e-05
7.50493e-05
7.26687e-05
7.46735e-05
7.23881e-05
7.44336e-05
7.21272e-05
7.42162e-05
7.18554e-05
7.40003e-05
7.16141e-05
7.36685e-05
7.12967e-05
7.34888e-05
7.10953e-05
7.31903e-05
7.07602e-05
7.29186e-05
7.04501e-05
7.25774e-05
7.01782e-05
7.23351e-05
6.98905e-05
7.20454e-05
6.95683e-05
7.17663e-05
6.92556e-05
7.14489e-05
6.8928e-05
7.11205e-05
6.86129e-05
7.07959e-05
6.83076e-05
7.04133e-05
6.78589e-05
7.01268e-05
6.7501e-05
6.96489e-05
6.71973e-05
6.91822e-05
6.67669e-05
6.8879e-05
6.63622e-05
6.86128e-05
6.6149e-05
6.83206e-05
6.58712e-05
6.79848e-05
6.5544e-05
6.7621e-05
6.52026e-05
6.72945e-05
6.49008e-05
6.69093e-05
6.45352e-05
6.65753e-05
6.41744e-05
6.61879e-05
6.38087e-05
6.58446e-05
6.35475e-05
6.54924e-05
6.32578e-05
6.52511e-05
6.29405e-05
6.4953e-05
6.26911e-05
6.45966e-05
6.23431e-05
6.42108e-05
6.19483e-05
6.39338e-05
6.16173e-05
6.35799e-05
6.13332e-05
6.32604e-05
6.10293e-05
6.30117e-05
6.0764e-05
6.26821e-05
6.04251e-05
6.23754e-05
6.00915e-05
6.20237e-05
5.97104e-05
6.17256e-05
5.94469e-05
6.13886e-05
5.91208e-05
6.1101e-05
5.88213e-05
6.0699e-05
5.85329e-05
6.04423e-05
5.82049e-05
6.00874e-05
5.78663e-05
5.98317e-05
5.75788e-05
5.94854e-05
5.72738e-05
5.92078e-05
5.6915e-05
5.88572e-05
5.65251e-05
5.85451e-05
5.62633e-05
5.82062e-05
5.5966e-05
5.78752e-05
5.56092e-05
5.75865e-05
5.52575e-05
5.72635e-05
5.49046e-05
5.69051e-05
5.45814e-05
5.65627e-05
5.42765e-05
5.62419e-05
5.39749e-05
5.59244e-05
5.36454e-05
5.5646e-05
5.32765e-05
5.53006e-05
5.29459e-05
5.49207e-05
5.26393e-05
5.45108e-05
5.2322e-05
5.42494e-05
5.2048e-05
5.39709e-05
5.1721e-05
5.36453e-05
5.13149e-05
5.32661e-05
5.09387e-05
5.29739e-05
5.06581e-05
5.26068e-05
5.04193e-05
5.23298e-05
5.00254e-05
5.19423e-05
4.96843e-05
5.16242e-05
4.92751e-05
5.13466e-05
4.9017e-05
5.09871e-05
4.86524e-05
5.07286e-05
4.83646e-05
5.04321e-05
4.80914e-05
5.00837e-05
4.77976e-05
4.97695e-05
4.73954e-05
4.94591e-05
4.72004e-05
4.90681e-05
4.69381e-05
4.8801e-05
4.65916e-05
4.85426e-05
4.63438e-05
4.83116e-05
4.59919e-05
4.80182e-05
4.58022e-05
4.77249e-05
4.5517e-05
4.74429e-05
4.5201e-05
4.71444e-05
4.49073e-05
4.67969e-05
4.46137e-05
4.65254e-05
4.42791e-05
4.61981e-05
4.39444e-05
4.57736e-05
4.35807e-05
4.5408e-05
4.32612e-05
4.51471e-05
4.29788e-05
4.48276e-05
4.27036e-05
4.45583e-05
4.23528e-05
4.42534e-05
4.20708e-05
4.40158e-05
4.16276e-05
4.36992e-05
4.12817e-05
4.34145e-05
4.10583e-05
4.29963e-05
4.07327e-05
4.2739e-05
4.04492e-05
4.23597e-05
4.00884e-05
4.2179e-05
3.97681e-05
4.18959e-05
3.95803e-05
4.15498e-05
3.92427e-05
4.1246e-05
3.89875e-05
4.08569e-05
3.87289e-05
4.05823e-05
3.83853e-05
4.03399e-05
3.8109e-05
4.00621e-05
3.78148e-05
3.97169e-05
3.75356e-05
3.94272e-05
3.72032e-05
3.90326e-05
3.68967e-05
3.87192e-05
3.6627e-05
3.83899e-05
3.63317e-05
3.82093e-05
3.5962e-05
3.78741e-05
3.56724e-05
3.75959e-05
3.53643e-05
3.72954e-05
3.50749e-05
3.69857e-05
3.47747e-05
3.6661e-05
3.45847e-05
3.6446e-05
3.4261e-05
3.61946e-05
3.39363e-05
3.58881e-05
3.36227e-05
3.55551e-05
3.33556e-05
3.52894e-05
3.30828e-05
3.4937e-05
3.27168e-05
3.46214e-05
3.24396e-05
3.43835e-05
3.21465e-05
3.40653e-05
3.19464e-05
3.38115e-05
3.16555e-05
3.3592e-05
3.14054e-05
3.32206e-05
3.12447e-05
3.28155e-05
3.09962e-05
3.27457e-05
3.07131e-05
3.25287e-05
3.03185e-05
3.23009e-05
3.00673e-05
3.19949e-05
2.98113e-05
3.17121e-05
2.955e-05
3.14955e-05
2.92706e-05
3.12083e-05
2.90445e-05
3.09576e-05
2.88232e-05
3.0685e-05
2.84953e-05
3.04205e-05
2.82836e-05
3.01927e-05
2.79718e-05
2.9825e-05
2.77241e-05
2.96109e-05
2.74118e-05
2.93365e-05
2.71782e-05
2.91087e-05
2.69215e-05
2.88383e-05
2.66536e-05
2.85866e-05
2.63578e-05
2.82863e-05
2.60931e-05
2.8036e-05
2.58172e-05
2.77621e-05
2.55974e-05
2.7466e-05
2.53423e-05
2.72369e-05
2.50901e-05
2.70349e-05
2.48202e-05
2.67794e-05
2.45327e-05
2.65083e-05
2.42542e-05
2.62328e-05
2.39996e-05
2.59261e-05
2.37514e-05
2.57207e-05
2.35362e-05
2.53968e-05
2.32933e-05
2.51527e-05
2.3005e-05
2.49207e-05
2.27963e-05
2.4629e-05
2.25287e-05
2.44097e-05
2.22629e-05
2.41669e-05
2.19639e-05
2.3939e-05
2.17984e-05
2.3673e-05
2.15934e-05
2.34353e-05
2.13116e-05
2.32146e-05
2.10445e-05
2.29788e-05
2.08105e-05
2.26985e-05
2.05706e-05
2.25012e-05
2.03638e-05
2.22246e-05
2.01114e-05
2.19674e-05
1.99125e-05
2.1776e-05
1.96404e-05
2.15395e-05
1.9427e-05
2.12479e-05
1.91338e-05
2.10421e-05
1.88904e-05
2.07532e-05
1.8664e-05
2.0528e-05
1.84149e-05
2.02052e-05
1.82045e-05
1.99999e-05
1.79441e-05
1.976e-05
1.76449e-05
1.95102e-05
1.74384e-05
1.92769e-05
1.7225e-05
1.9078e-05
1.6978e-05
1.88364e-05
1.67555e-05
1.85842e-05
1.65223e-05
1.83592e-05
1.63944e-05
1.81523e-05
1.61006e-05
1.79549e-05
1.58858e-05
1.77389e-05
1.56658e-05
1.75468e-05
1.54944e-05
1.7275e-05
1.52811e-05
1.71191e-05
1.50128e-05
1.68715e-05
1.4774e-05
1.66405e-05
1.45999e-05
1.64095e-05
1.43868e-05
1.61658e-05
1.41707e-05
1.5877e-05
1.39595e-05
1.57082e-05
1.37362e-05
1.55251e-05
1.35089e-05
1.53503e-05
1.32485e-05
1.51216e-05
1.30459e-05
1.48832e-05
1.29149e-05
1.46536e-05
1.26482e-05
1.45309e-05
1.24571e-05
1.42553e-05
1.22216e-05
1.40686e-05
1.19662e-05
1.38418e-05
1.17834e-05
1.36692e-05
1.15415e-05
1.34071e-05
1.13449e-05
1.31868e-05
1.11289e-05
1.2974e-05
1.0908e-05
1.27221e-05
1.06727e-05
1.2476e-05
1.04231e-05
1.2237e-05
1.02242e-05
1.20527e-05
9.9993e-06
1.18275e-05
9.82467e-06
1.16088e-05
9.57779e-06
1.14824e-05
9.33637e-06
1.12828e-05
9.12655e-06
1.09879e-05
8.97255e-06
1.07903e-05
8.78982e-06
1.0582e-05
8.57258e-06
1.03684e-05
8.3685e-06
1.01504e-05
8.11498e-06
9.97111e-06
7.9096e-06
9.76669e-06
7.68816e-06
9.53776e-06
7.4968e-06
9.25033e-06
7.25464e-06
9.13917e-06
7.0082e-06
8.95043e-06
6.85332e-06
8.72758e-06
6.62941e-06
8.47596e-06
6.45464e-06
8.32245e-06
6.22954e-06
8.04659e-06
6.06446e-06
7.82367e-06
5.79084e-06
7.58957e-06
5.59923e-06
7.46333e-06
5.36625e-06
7.27139e-06
5.25677e-06
7.01827e-06
5.07209e-06
6.85128e-06
4.81495e-06
6.66524e-06
4.63919e-06
6.42173e-06
4.43732e-06
6.22755e-06
4.22297e-06
6.05256e-06
4.04486e-06
5.89445e-06
3.8302e-06
5.67498e-06
3.57064e-06
5.45721e-06
3.40503e-06
5.27383e-06
3.14967e-06
5.11173e-06
2.92399e-06
4.80668e-06
2.72964e-06
4.6105e-06
2.52616e-06
4.36973e-06
2.28385e-06
4.19981e-06
2.17158e-06
4.0019e-06
1.91034e-06
3.8032e-06
1.67388e-06
3.56861e-06
1.57445e-06
3.40383e-06
1.44586e-06
3.22901e-06
1.22961e-06
3.09752e-06
1.08119e-06
2.88448e-06
8.62477e-07
2.64319e-06
6.77633e-07
2.50054e-06
4.46684e-07
2.29441e-06
2.79517e-07
2.13258e-06
4.71243e-08
1.86453e-06
-1.29396e-07
1.73975e-06
-3.95321e-07
1.47688e-06
-5.56023e-07
1.22232e-06
-7.83718e-07
9.86734e-07
-1.01945e-06
7.68215e-07
-1.26308e-06
6.56228e-07
-1.46718e-06
4.08635e-07
-1.59779e-06
2.40057e-07
-1.83126e-06
4.06992e-08
-2.02324e-06
-1.71026e-07
-2.23256e-06
-4.2688e-07
-2.44133e-06
-6.12841e-07
-2.63681e-06
-8.43917e-07
-2.8092e-06
-1.02704e-06
-3.05169e-06
-1.28548e-06
-3.14534e-06
-1.49947e-06
-3.42456e-06
-1.67478e-06
-3.62954e-06
-1.9452e-06
-3.88382e-06
-2.12422e-06
-4.05529e-06
-2.33567e-06
-4.30019e-06
-2.52829e-06
-4.4254e-06
-2.76552e-06
-4.5609e-06
-2.98665e-06
-4.80927e-06
-3.1211e-06
-5.05355e-06
-3.36128e-06
-5.1906e-06
-3.56591e-06
-5.42523e-06
-3.75139e-06
-5.58653e-06
-3.92542e-06
-5.80613e-06
-4.10718e-06
-6.03666e-06
-4.29902e-06
-6.21188e-06
-4.48807e-06
-6.42912e-06
-4.63444e-06
-6.66725e-06
-4.87825e-06
-6.81275e-06
-5.06324e-06
-7.03886e-06
-5.24365e-06
-7.31083e-06
-5.5304e-06
-7.51171e-06
-5.74186e-06
-7.64428e-06
-5.94116e-06
-7.86319e-06
-6.14343e-06
-8.15372e-06
-6.32272e-06
-8.32688e-06
-6.59574e-06
-8.59152e-06
-6.72341e-06
-8.80986e-06
-6.97324e-06
-9.01795e-06
-7.17344e-06
-9.1594e-06
-7.42349e-06
-9.45917e-06
-7.62901e-06
-9.68293e-06
-7.85462e-06
-9.90321e-06
-8.10257e-06
-1.01338e-05
-8.3518e-06
-1.03553e-05
-8.50649e-06
-1.0476e-05
-8.744e-06
-1.07278e-05
-8.96265e-06
-1.09513e-05
-9.15012e-06
-1.11563e-05
-9.32953e-06
-1.13249e-05
-9.59246e-06
-1.15467e-05
-9.94237e-06
-1.17351e-05
-1.00445e-05
-1.20221e-05
-1.02848e-05
-1.23023e-05
-1.05195e-05
-1.25266e-05
-1.07767e-05
-1.26494e-05
-1.0855e-05
-1.29403e-05
-1.11117e-05
-1.3038e-05
-1.14613e-05
-1.33552e-05
-1.14362e-05
-1.36255e-05
-1.15505e-05
-1.37652e-05
-1.1869e-05
-1.39883e-05
-1.22147e-05
-1.39388e-05
-1.23226e-05
-1.42706e-05
-1.2421e-05
-1.43351e-05
-1.27214e-05
-1.45671e-05
-1.29626e-05
-1.48217e-05
-1.31714e-05
-1.50964e-05
-1.34068e-05
-1.52816e-05
-1.36045e-05
-1.55653e-05
-1.3868e-05
-1.58297e-05
-1.4267e-05
-1.61384e-05
-1.45635e-05
-1.62733e-05
-1.47647e-05
-1.65038e-05
-1.49586e-05
-1.67805e-05
-1.51941e-05
-1.70494e-05
-1.54135e-05
-1.72808e-05
-1.5691e-05
-1.75335e-05
-1.59302e-05
-1.78565e-05
-1.60835e-05
-1.79325e-05
-1.63703e-05
-1.82234e-05
-1.6544e-05
-1.85381e-05
-1.68544e-05
-1.87818e-05
-1.70055e-05
-1.89829e-05
-1.72721e-05
-1.91565e-05
-1.752e-05
-1.9447e-05
-1.77879e-05
-1.96322e-05
-1.81645e-05
-2.00597e-05
-1.83917e-05
-2.03117e-05
-1.85045e-05
-2.0587e-05
-1.87499e-05
-2.08221e-05
-1.90221e-05
-2.10517e-05
-1.9285e-05
-2.13415e-05
-1.95551e-05
-2.15654e-05
-1.98127e-05
-2.18191e-05
-2.00178e-05
-2.20744e-05
-2.03878e-05
-2.23456e-05
-2.06826e-05
-2.26109e-05
-2.09348e-05
-2.28568e-05
-2.11929e-05
-2.3142e-05
-2.1453e-05
-2.3412e-05
-2.16868e-05
-2.3622e-05
-2.19378e-05
-2.38306e-05
-2.21497e-05
-2.41205e-05
-2.24458e-05
-2.43442e-05
-2.27695e-05
-2.45894e-05
-2.30921e-05
-2.48558e-05
-2.32915e-05
-2.51721e-05
-2.35001e-05
-2.542e-05
-2.38218e-05
-2.56562e-05
-2.41172e-05
-2.58401e-05
-2.44075e-05
-2.615e-05
-2.45878e-05
-2.64263e-05
-2.48434e-05
-2.65462e-05
-2.51497e-05
-2.69351e-05
-2.5357e-05
-2.71766e-05
-2.54796e-05
-2.73787e-05
-2.57412e-05
-2.74742e-05
-2.59304e-05
-2.77675e-05
-2.61548e-05
-2.81228e-05
-2.6544e-05
-2.83904e-05
-2.68849e-05
-2.86913e-05
-2.71953e-05
-2.90848e-05
-2.74619e-05
-2.94408e-05
-2.77902e-05
-2.96546e-05
-2.80859e-05
-3.00245e-05
-2.83658e-05
-3.02779e-05
-2.86874e-05
-3.04941e-05
-2.88957e-05
-3.07409e-05
-2.90838e-05
-3.10078e-05
-2.93954e-05
-3.13084e-05
-2.96493e-05
-3.16065e-05
-2.99522e-05
-3.19263e-05
-3.02604e-05
-3.22423e-05
-3.05138e-05
-3.24986e-05
-3.08721e-05
-3.2853e-05
-3.11091e-05
-3.31561e-05
-3.14618e-05
-3.35168e-05
-3.17926e-05
-3.37605e-05
-3.21452e-05
-3.40012e-05
-3.23739e-05
-3.43858e-05
-3.27699e-05
-3.47664e-05
-3.30574e-05
-3.50853e-05
-3.32862e-05
-3.53415e-05
-3.36931e-05
-3.57016e-05
-3.39312e-05
-3.60393e-05
-3.43589e-05
-3.6337e-05
-3.46647e-05
-3.66207e-05
-3.50107e-05
-3.69339e-05
-3.53024e-05
-3.71886e-05
-3.56165e-05
-3.75683e-05
-3.59294e-05
-3.77539e-05
-3.61547e-05
-3.81174e-05
-3.64426e-05
-3.83699e-05
-3.67995e-05
-3.86434e-05
-3.71173e-05
-3.89826e-05
-3.74352e-05
-3.93633e-05
-3.78133e-05
-3.96517e-05
-3.82074e-05
-4.00381e-05
-3.85193e-05
-4.0349e-05
-3.87721e-05
-4.07074e-05
-3.90777e-05
-4.09792e-05
-3.94164e-05
-4.13329e-05
-3.96655e-05
-4.15922e-05
-4.00043e-05
-4.18967e-05
-4.03307e-05
-4.22281e-05
-4.06962e-05
-4.25132e-05
-4.09506e-05
-4.28312e-05
-4.12397e-05
-4.31485e-05
-4.15662e-05
-4.34802e-05
-4.18956e-05
-4.3855e-05
-4.22433e-05
-4.42373e-05
-4.25902e-05
-4.45429e-05
-4.30004e-05
-4.48756e-05
-4.32859e-05
-4.5217e-05
-4.36423e-05
-4.55415e-05
-4.40095e-05
-4.58424e-05
-4.4329e-05
-4.62225e-05
-4.46826e-05
-4.65685e-05
-4.5028e-05
-4.69693e-05
-4.54012e-05
-4.72944e-05
-4.58054e-05
-4.76841e-05
-4.61316e-05
-4.80376e-05
-4.64395e-05
-4.84064e-05
-4.68053e-05
-4.87243e-05
-4.72642e-05
-4.91222e-05
-4.76e-05
-4.94976e-05
-4.79218e-05
-4.97965e-05
-4.82114e-05
-5.01289e-05
-4.86176e-05
-5.05373e-05
-4.89507e-05
-5.08986e-05
-4.92823e-05
-5.12989e-05
-4.96126e-05
-5.16122e-05
-4.99965e-05
-5.20316e-05
-5.04112e-05
-5.23716e-05
-5.08014e-05
-5.27222e-05
-5.11891e-05
-5.30601e-05
-5.15657e-05
-5.34618e-05
-5.19129e-05
-5.39068e-05
-5.23753e-05
-5.42906e-05
-5.2756e-05
-5.46531e-05
-5.31672e-05
-5.49634e-05
-5.35276e-05
-5.53589e-05
-5.39058e-05
-5.57512e-05
-5.43516e-05
-5.61761e-05
-5.47324e-05
-5.65224e-05
-5.51776e-05
-5.69682e-05
-5.55684e-05
-5.72877e-05
-5.59318e-05
-5.77019e-05
-5.63161e-05
-5.80936e-05
-5.67208e-05
-5.85077e-05
-5.70557e-05
-5.88372e-05
-5.73675e-05
-5.92014e-05
-5.77501e-05
-5.95716e-05
-5.8152e-05
-5.99476e-05
-5.85382e-05
-6.03988e-05
-5.89975e-05
-6.07318e-05
-5.93233e-05
-6.11693e-05
-5.97017e-05
-6.15798e-05
-6.00933e-05
-6.201e-05
-6.05194e-05
-6.24732e-05
-6.09489e-05
-6.2887e-05
-6.13537e-05
-6.32168e-05
-6.17312e-05
-6.36395e-05
-6.22071e-05
-6.40665e-05
-6.25993e-05
-6.44915e-05
-6.29732e-05
-6.48675e-05
-6.34416e-05
-6.53673e-05
-6.38604e-05
-6.57901e-05
-6.4243e-05
-6.62159e-05
-6.46397e-05
-6.6556e-05
-6.50538e-05
-6.70223e-05
-6.54954e-05
-6.74337e-05
-6.59685e-05
-6.79219e-05
-6.64015e-05
-6.84118e-05
-6.69217e-05
-6.89548e-05
-6.74456e-05
-6.93281e-05
-6.78471e-05
-6.97089e-05
-6.8188e-05
-7.01443e-05
-6.85496e-05
-7.05317e-05
-6.88529e-05
-7.08358e-05
-6.93374e-05
-7.11906e-05
-6.97283e-05
-7.1655e-05
-7.01399e-05
-7.19882e-05
-7.05412e-05
-7.24692e-05
-7.09523e-05
-7.28802e-05
-7.13846e-05
-7.32932e-05
-7.18208e-05
-7.3682e-05
-7.22258e-05
-7.41639e-05
-7.26887e-05
-7.45792e-05
-7.30906e-05
-7.49425e-05
-7.36472e-05
-7.54907e-05
-7.40634e-05
-7.61127e-05
-7.45561e-05
-7.64537e-05
-7.51493e-05
-7.71285e-05
-7.56972e-05
-7.7592e-05
-7.60863e-05
-7.80345e-05
-7.65782e-05
-7.83761e-05
-7.7023e-05
-7.89038e-05
-7.74766e-05
-7.93569e-05
-7.79292e-05
-7.98245e-05
-7.84445e-05
-8.02596e-05
-7.89022e-05
-8.07844e-05
-7.94482e-05
-8.12611e-05
-7.99037e-05
-8.17848e-05
-8.03958e-05
-8.22156e-05
-8.08066e-05
-8.26801e-05
-8.12788e-05
-8.31096e-05
-8.16809e-05
-8.35724e-05
-8.22045e-05
-8.40511e-05
-8.26611e-05
-8.45681e-05
-8.31324e-05
-8.49939e-05
-8.35646e-05
-8.53857e-05
-8.40619e-05
-8.58524e-05
-8.44829e-05
-8.6358e-05
-8.49155e-05
-8.68379e-05
-8.53232e-05
-8.72392e-05
-8.58331e-05
-8.77329e-05
-8.63314e-05
-8.82082e-05
-8.68305e-05
-8.87214e-05
-8.72967e-05
-8.91756e-05
-8.78328e-05
-8.96787e-05
-8.82963e-05
-9.01515e-05
-8.87866e-05
-9.06469e-05
-8.93546e-05
-9.11232e-05
-8.97897e-05
-9.17156e-05
-9.02694e-05
-9.2175e-05
-9.07606e-05
-9.26181e-05
-9.12958e-05
-9.31697e-05
-9.17315e-05
-9.37554e-05
-9.2299e-05
-9.42003e-05
-9.27881e-05
-9.47519e-05
-9.33568e-05
-9.5245e-05
-9.37981e-05
-9.57985e-05
-9.43185e-05
-9.62879e-05
-9.47737e-05
-9.67799e-05
-9.53066e-05
-9.72092e-05
-9.57819e-05
-9.7784e-05
-9.62977e-05
-9.83408e-05
-9.6869e-05
-9.88811e-05
-9.73605e-05
-9.9294e-05
-9.78466e-05
-9.98188e-05
-9.84129e-05
-0.000100329
-9.89554e-05
-0.000100895
-9.94426e-05
-0.000101286
-9.99965e-05
-0.000101825
-0.00010048
-0.000102429
-0.000100967
-0.000102977
-0.000101471
-0.000103424
-0.000102025
-0.000103965
-0.000102536
-0.000104512
-0.000103106
-0.00010493
-0.000103537
-0.000105441
-0.000104092
-0.00010602
-0.000104614
-0.000106501
-0.000105145
-0.000107009
-0.000105622
-0.000107601
-0.000106183
-0.000108104
-0.000106684
-0.000108576
-0.000107209
-0.000109015
-0.000107663
-0.000109559
-0.000108152
-0.000110077
-0.000108676
-0.00011059
-0.000109235
-0.000111152
-0.000109747
-0.000111693
-0.000110268
-0.000112251
-0.000110885
-0.00011288
-0.000111575
-0.000113457
-0.000112147
-0.000113981
-0.000112621
-0.000114514
-0.000113082
-0.000115073
-0.000113642
-0.000115616
-0.000114231
-0.000116182
-0.000114781
-0.000116753
-0.000115385
-0.000117312
-0.000116044
-0.000117827
-0.000116632
-0.000118501
-0.000117133
-0.00011904
-0.000117713
-0.000119657
-0.000118294
-0.000120113
-0.000118926
-0.000120675
-0.000119429
-0.000121288
-0.000120005
-0.000121861
-0.000120581
-0.000122431
-0.000121242
-0.000123017
-0.000121709
-0.00012357
-0.000122225
-0.00012411
-0.000122809
-0.000124681
-0.000123367
-0.000125282
-0.000123985
-0.000125908
-0.000124516
-0.00012643
-0.000125104
-0.000127025
-0.000125695
-0.000127628
-0.000126307
-0.00012819
-0.00012691
-0.000128822
-0.000127447
-0.000129387
-0.000127996
-0.000129931
-0.000128586
-0.000130433
-0.000129095
-0.000130979
-0.000129705
-0.00013162
-0.000130299
-0.000132161
-0.000130979
-0.000132818
-0.000131525
-0.000133393
-0.00013209
-0.000134084
-0.000132763
-0.000134598
-0.000133346
-0.000135178
-0.00013395
-0.000135815
-0.000134489
-0.000136416
-0.00013508
-0.000136876
-0.000135739
-0.000137325
-0.000136392
-0.000138088
-0.00013676
-0.000138721
-0.000137539
-0.000139355
-0.000138131
-0.000139943
-0.000138718
-0.000140592
-0.00013935
-0.000141143
-0.000139961
-0.000141727
-0.000140516
-0.00014232
-0.000141119
-0.000142993
-0.000141712
-0.000143584
-0.000142371
-0.000144174
-0.000142974
-0.000144822
-0.000143521
-0.000145409
-0.00014417
-0.00014599
-0.000144762
-0.000146584
-0.000145352
-0.000147232
-0.000145942
-0.000147843
-0.000146551
-0.000148451
-0.000147209
-0.000149046
-0.000147793
-0.00014969
-0.000148467
-0.000150297
-0.000149073
-0.000150965
-0.000149686
-0.000151619
-0.00015032
-0.000152191
-0.000150982
-0.000152829
-0.00015166
-0.000153457
-0.000152249
-0.000154139
-0.000152817
-0.000154671
-0.000153496
-0.000155293
-0.000154104
-0.00015594
-0.000154675
-0.000156662
-0.000155289
-0.000157165
-0.000155891
-0.000157845
-0.000156533
-0.000158492
-0.000157123
-0.000159134
-0.000157789
-0.000159678
-0.000158448
-0.000160348
-0.00015913
-0.000160983
-0.000159734
-0.000161672
-0.000160381
-0.000162333
-0.000160965
-0.000162932
-0.000161684
-0.000163549
-0.000162336
-0.000164234
-0.000162967
-0.000164908
-0.000163615
-0.000165554
-0.000164313
-0.000166273
-0.000164971
-0.000166853
-0.000165635
-0.000167474
-0.00016624
-0.000168112
-0.000166857
-0.000168768
-0.000167512
-0.000169425
-0.000168116
-0.000170032
-0.000168747
-0.000170691
-0.000169387
-0.000171318
-0.000170057
-0.000171958
-0.000170716
-0.000172618
-0.000171449
-0.000173259
-0.000172128
-0.000173942
-0.000172815
-0.000174647
-0.000173444
-0.000175309
-0.000174146
-0.000175945
-0.000174793
-0.000176612
-0.000175457
-0.000177207
-0.00017613
-0.000177883
-0.000176785
-0.000178589
-0.00017741
-0.000179261
-0.000178147
-0.00017997
-0.000178794
-0.000180609
-0.000179455
-0.000181315
-0.000180114
-0.000181944
-0.000180749
-0.000182613
-0.000181436
-0.000183217
-0.000182079
-0.000183992
-0.000182768
-0.000184596
-0.000183427
-0.000185325
-0.000184133
-0.00018602
-0.000184739
-0.000186689
-0.000185501
-0.000187292
-0.000186198
-0.000188036
-0.000186824
-0.000188685
-0.000187539
-0.000189337
-0.000188214
-0.00019005
-0.00018887
-0.000190705
-0.000189476
-0.000191423
-0.000190162
-0.000192119
-0.000190955
-0.000192766
-0.000191597
-0.000193501
-0.000192292
-0.000194205
-0.000192979
-0.000194804
-0.000193666
-0.000195527
-0.00019435
-0.000196146
-0.000195027
-0.000196902
-0.000195791
-0.00019759
-0.000196472
-0.000198244
-0.000197177
-0.000199053
-0.000197884
-0.0001998
-0.000198642
-0.000200488
-0.000199393
-0.000201224
-0.00020004
-0.00020193
-0.000200733
-0.000202641
-0.000201466
-0.00020335
-0.000202222
-0.000204054
-0.000202899
-0.000204721
-0.000446582
-0.000447801
-0.000446
-0.000447244
-0.000445399
-0.000446655
-0.000444739
-0.000446009
-0.000444127
-0.000445295
-0.000443415
-0.000444594
-0.000442599
-0.000443796
-0.000441796
-0.000442926
-0.000440979
-0.000442057
-0.000440057
-0.000441159
-0.000439101
-0.000440179
-0.000438137
-0.000439132
-0.000437076
-0.00043799
-0.00043594
-0.000436844
-0.000434692
-0.000435639
-0.000433512
-0.000434378
-0.000432233
-0.000433127
-0.000430918
-0.000431815
-0.000429566
-0.000430504
-0.000428131
-0.000429059
-0.000426675
-0.000427603
-0.000425221
-0.000426009
-0.000423599
-0.000424387
-0.000421978
-0.000422642
-0.000420249
-0.000420901
-0.000418566
-0.000419182
-0.000416701
-0.000417412
-0.000414948
-0.0004156
-0.0004131
-0.000413726
-0.000411129
-0.000411696
-0.000409159
-0.000409721
-0.000407173
-0.000407644
-0.000405127
-0.000405581
-0.000403016
-0.000403425
-0.000400868
-0.000401282
-0.000398694
-0.000399047
-0.000396472
-0.000396756
-0.0003942
-0.000394439
-0.000391817
-0.000392102
-0.000389354
-0.000389615
-0.000386938
-0.00038707
-0.000384369
-0.000384587
-0.000381882
-0.000382015
-0.000379276
-0.000379402
-0.000376657
-0.000376679
-0.000374001
-0.000374084
-0.000371264
-0.000371315
-0.000368504
-0.000368548
-0.000365685
-0.000365708
-0.000362816
-0.000362787
-0.000359911
-0.000359798
-0.000356954
-0.000356789
-0.000353925
-0.000353736
-0.000350814
-0.000350689
-0.00034775
-0.000347484
-0.000344531
-0.000344389
-0.000341323
-0.000341125
-0.000338125
-0.000337853
-0.000334789
-0.000334567
-0.000331417
-0.000331206
-0.000328055
-0.000327768
-0.000324675
-0.000324294
-0.000321221
-0.00032082
-0.000317684
-0.000317265
-0.000314167
-0.000313639
-0.000310578
-0.000310094
-0.000306892
-0.00030647
-0.000303232
-0.000302716
-0.000299488
-0.000299003
-0.000295768
-0.000295235
-0.000291983
-0.000291428
-0.000288169
-0.000287513
-0.000284313
-0.000283643
-0.000280383
-0.000279747
-0.000276411
-0.000275763
-0.000272402
-0.000271718
-0.000268391
-0.000267677
-0.00026428
-0.000263593
-0.000260158
-0.000259424
-0.000256024
-0.000255211
-0.000251832
-0.000251055
-0.000247654
-0.00024682
-0.000243415
-0.000242535
-0.000239156
-0.000238207
-0.000234779
-0.000233971
-0.000230434
-0.000229592
-0.000226012
-0.000225176
-0.000221594
-0.000220634
-0.000217154
-0.000216144
-0.000212607
-0.000211571
-0.000208106
-0.000207068
-0.000203564
-0.000202513
-0.000198973
-0.000197945
-0.000194287
-0.000193236
-0.000189613
-0.000188597
-0.000184843
-0.000183833
-0.000180137
-0.000179141
-0.000175317
-0.00017435
-0.000170613
-0.000169557
-0.00016582
-0.00016468
-0.000160914
-0.000159742
-0.00015614
-0.000154903
-0.000151267
-0.00015003
-0.000146302
-0.000145001
-0.000141307
-0.000140132
-0.000136384
-0.000135153
-0.00013139
-0.000130166
-0.000126412
-0.000125169
-0.000121356
-0.000120103
-0.000116442
-0.000115152
-0.000111294
-0.000110097
-0.000106296
-0.000105012
-0.000101164
-9.98099e-05
-9.60271e-05
-9.4681e-05
-9.08015e-05
-8.94968e-05
-8.57178e-05
-8.43501e-05
-8.05508e-05
-7.92073e-05
-7.53718e-05
-7.39973e-05
-7.02137e-05
-6.87463e-05
-6.49664e-05
-6.35592e-05
-5.96216e-05
-5.82988e-05
-5.45027e-05
-5.29859e-05
-4.91415e-05
-4.76722e-05
-4.38879e-05
-4.23896e-05
-3.86085e-05
-3.70766e-05
-3.32965e-05
-3.17934e-05
-2.7989e-05
-2.64399e-05
-2.27012e-05
-2.10865e-05
-1.72736e-05
-1.5783e-05
-1.19191e-05
-1.03474e-05
-6.60501e-06
-4.95591e-06
-1.21888e-06
4.11381e-07
4.13066e-06
5.76349e-06
9.54267e-06
1.11692e-05
1.49765e-05
1.65673e-05
2.0337e-05
2.19859e-05
2.567e-05
2.73638e-05
3.10631e-05
3.2747e-05
3.64673e-05
3.81593e-05
4.18938e-05
4.35596e-05
4.73111e-05
4.90054e-05
5.27769e-05
5.44459e-05
5.8185e-05
5.98725e-05
6.35975e-05
6.52536e-05
6.89688e-05
7.06357e-05
7.43857e-05
7.5995e-05
7.97555e-05
8.14259e-05
8.51191e-05
8.68279e-05
9.05365e-05
9.22225e-05
9.59532e-05
9.76415e-05
0.000101347
0.00010305
0.00010677
0.000108468
0.000112107
0.000113882
0.000117469
0.000119335
0.000122875
0.00012467
0.000128329
0.000129972
0.000133721
0.000135412
0.000139065
0.000140729
0.00014439
0.000146036
0.000149616
0.000151295
0.000154904
0.000156545
0.000160145
0.00016175
0.000165375
0.000166963
0.000170628
0.000172213
0.000175803
0.000177474
0.00018103
0.000182676
0.00018624
0.000187889
0.000191413
0.000193055
0.000196603
0.000198197
0.000201729
0.000203338
0.000206807
0.000208439
0.000211879
0.000213512
0.00021689
0.000218563
0.000221903
0.00022359
0.00022691
0.000228587
0.000231912
0.000233543
0.000236866
0.000238471
0.000241777
0.000243406
0.000246675
0.000248288
0.000251541
0.000253149
0.000256388
0.000257959
0.000261157
0.000262737
0.000265958
0.00026748
0.000270669
0.000272231
0.000275338
0.000276892
0.000280052
0.00028156
0.000284698
0.000286204
0.000289313
0.000290859
0.00029387
0.000295433
0.000298421
0.00029997
0.000302926
0.000304467
0.000307429
0.000308945
0.000311834
0.000313326
0.00031624
0.000317691
0.000320598
0.000321988
0.000324904
0.000326276
0.000329161
0.000330492
0.000333313
0.000334708
0.000337481
0.000338846
0.000341627
0.000342948
0.000345689
0.000347042
0.000349721
0.000351052
0.000353715
0.000355002
0.000357649
0.000358923
0.000361549
0.000362785
0.000365362
0.000366598
0.000369125
0.000370381
0.000372856
0.00037405
0.000376516
0.000377684
0.000380136
0.00038124
0.000383685
0.000384762
0.000387173
0.000388229
0.00039062
0.000391654
0.000393994
0.000395001
0.000397348
0.000398294
0.000400628
0.000401535
0.000403808
0.000404724
0.000406942
0.000407853
0.000410018
0.000410915
0.000413004
0.00041392
0.000415987
0.000416852
0.000418917
0.000419717
0.000421733
0.000422558
0.000424548
0.000425283
0.000427241
0.000428006
0.000429901
0.000430663
0.000432469
0.000433238
0.000435018
0.000435713
0.000437443
0.000438094
0.000439869
0.000440431
0.000442139
0.000442712
0.000444392
0.000444938
0.000446538
0.00044706
0.000448634
0.000449093
0.000450626
0.000451069
0.00045257
0.000452963
0.000454402
0.000454799
0.000456177
0.000456518
0.000457881
0.000458179
0.000459517
0.000459784
0.000461071
0.000461316
0.000462548
0.000462743
0.00046394
0.000464101
0.000465243
0.000465391
0.000466479
0.00046659
0.000467638
0.000467706
0.000468734
0.000468764
0.000469715
0.000469743
0.00047065
0.000470625
0.000471449
0.000471392
0.000472214
0.000472096
0.000472894
0.000472727
0.00047346
0.000473267
0.000473938
0.000473701
0.000474347
0.000474057
0.000474632
0.00047433
0.000474863
0.00047453
0.000474988
0.000474623
0.00047503
0.000474621
0.00047498
0.000474531
0.000474846
0.000474342
0.000474613
0.000474077
0.000474318
0.000473725
0.000473899
0.000473255
0.000473399
0.000472722
0.000472792
0.000472074
0.000472104
0.00047135
0.000471314
0.000470524
0.000470447
0.000469609
0.000469485
0.000468598
0.000468407
0.000467485
0.000467235
0.000466257
0.000465951
0.000464934
0.000464579
0.000463513
0.000463107
0.000461984
0.000461537
0.00046039
0.000459882
0.000458707
0.000458134
0.000456903
0.000456292
0.000455024
0.000454364
0.000453039
0.000452303
0.000450954
0.00045015
0.000448742
0.000447896
0.00044644
0.000445524
0.000444039
0.000443078
0.000441523
0.00044051
0.000438904
0.000437843
0.000436181
0.000435065
0.000433351
0.000432173
0.000430435
0.000429186
0.00042739
0.000426089
0.00042425
0.000422895
0.000420991
0.000419595
0.000417628
0.000416166
0.000414167
0.000412652
0.000410623
0.000409031
0.00040696
0.000405318
0.000403195
0.000401502
0.000399311
0.000397556
0.00039533
0.00039351
0.00039123
0.000389346
0.00038702
0.000385092
0.000382696
0.000380725
0.000378278
0.000376241
0.000373753
0.000371663
0.000369121
0.000366973
0.000364384
0.000362176
0.000359533
0.000357265
0.000354567
0.000352239
0.000349488
0.000347109
0.000344316
0.000341863
0.000339028
0.000336517
0.000333631
0.000331062
0.000328129
0.00032549
0.000322502
0.000319813
0.000316766
0.000314021
0.000310925
0.000308118
0.000304972
0.000302113
0.000298915
0.000295987
0.000292739
0.000289761
0.000286461
0.000283421
0.00028006
0.000276972
0.000273559
0.000270406
0.00026694
0.000263736
0.000260217
0.000256954
0.000253381
0.000250055
0.00024644
0.00024305
0.000239378
0.000235933
0.000232216
0.000228709
0.000224933
0.000221377
0.000217546
0.000213926
0.000210048
0.000206366
0.000202443
0.000198699
0.000194718
0.000190925
0.000186896
0.000183042
0.00017896
0.000175049
0.000170911
0.000166944
0.000162753
0.000158727
0.000154484
0.000150403
0.000146107
0.00014197
0.000137631
0.00013343
0.000129031
0.000124778
0.000120327
0.000116017
0.000111517
0.000107157
0.000102601
9.81846e-05
9.35777e-05
8.90996e-05
8.44433e-05
7.9913e-05
7.52004e-05
7.0616e-05
6.58563e-05
6.12161e-05
5.6402e-05
5.17034e-05
4.68431e-05
4.20877e-05
3.71815e-05
3.23719e-05
2.74111e-05
2.25454e-05
1.75363e-05
1.26158e-05
7.55463e-06
2.58463e-06
-2.53121e-06
-7.55356e-06
-1.27175e-05
-1.77974e-05
-2.30093e-05
-2.81411e-05
-3.3405e-05
-3.85896e-05
-4.39008e-05
-4.914e-05
-5.45021e-05
-5.97937e-05
-6.52053e-05
-7.05507e-05
-7.60114e-05
-8.14087e-05
-8.69158e-05
-9.23666e-05
-9.79242e-05
-0.000103428
-0.000109029
-0.000114586
-0.000120239
-0.000125845
-0.000131544
-0.0001372
-0.000142945
-0.000148653
-0.000154445
-0.000160201
-0.000166044
-0.000171848
-0.000177736
-0.000183591
-0.000189527
-0.00019543
-0.00020141
-0.000207364
-0.000213391
-0.000219392
-0.000225465
-0.000231514
-0.00023763
-0.000243728
-0.00024989
-0.000256034
-0.000262241
-0.000268433
-0.000274684
-0.000280921
-0.000287217
-0.0002935
-0.00029984
-0.00030617
-0.000312551
-0.000318928
-0.000325353
-0.000331774
-0.000338241
-0.000344706
-0.000351216
-0.000357725
-0.000364277
-0.00037083
-0.000377424
-0.00038402
-0.000390655
-0.000397293
-0.00040397
-0.000410651
-0.000417368
-0.00042409
-0.000430847
-0.000437611
-0.000444408
-0.000451212
-0.000458049
-0.000464894
-0.000471769
-0.000478654
-0.000485567
-0.000492492
-0.000499443
-0.000506406
-0.000513396
-0.000520397
-0.000527424
-0.000534464
-0.000541527
-0.000548604
-0.000555703
-0.000562818
-0.000569953
-0.000577103
-0.000584274
-0.00059146
-0.000598666
-0.000605887
-0.000613127
-0.000620384
-0.000627658
-0.000634948
-0.000642256
-0.00064958
-0.000656921
-0.000664278
-0.000671651
-0.00067904
-0.000686446
-0.000693867
0
0
0
