0.00704716
0.00707727
0.00710701
0.00713661
0.00716589
0.00719488
0.00722352
0.0072519
0.00727971
0.0073064
0.00733115
0.00735435
0.00737759
0.00740303
0.00743155
0.00745974
0.00747948
0.00749226
0.00751593
0.00757409
0.00766577
0.00775264
0.00778677
0.00774174
0.00762835
0.00749882
0.00739899
0.00731593
0.00722197
0.00714273
0.0071363
0.00720624
0.00725392
0.00719664
0.00715239
0.00736314
0.00796518
0.00890695
0.0099202
0.0105104
0.0102651
0.00913901
0.00761093
0.00644509
0.00612177
0.00640517
0.0064325
0.0054819
0.00374921
0.00215291
0.00149246
0.00187879
0.00275548
0.00343067
0.00362016
0.00416311
0.00668002
0.0111641
0.0158805
0.019523
0.0222842
0.0252558
0.0290251
0.0323331
0.0331081
0.0302727
0.0242692
0.0163433
0.00764325
-0.000938193
-0.00846199
-0.0133433
-0.0137011
-0.0074146
0.00538654
0.0189887
0.0262273
0.0248715
0.0205619
0.0215412
0.0301362
0.0403981
0.0444158
0.0375828
0.0205716
-0.00131823
-0.0216559
-0.0336911
-0.0325634
-0.0168407
0.0100445
0.0401656
0.0665888
0.0872204
0.103285
0.112562
0.109808
0.0933798
0.0702921
0.0517076
0.0439762
0.0448801
0.0494499
0.054697
0.0574521
0.0546449
0.0458107
0.0356464
0.0305527
0.0284161
0.0179996
-0.0131001
-0.0682614
-0.135165
-0.186498
-0.198492
-0.158034
-0.0759139
0.0123214
0.0710806
0.0898744
0.0867765
0.0883296
0.108803
0.1386
0.152613
0.133297
0.0818277
0.0187184
-0.02557
-0.0326733
-0.00547693
0.0395489
0.0812503
0.100314
0.0843734
0.0252696
-0.0614882
-0.133007
-0.152477
-0.115311
-0.0469943
0.018098
0.0576396
0.064381
0.0422637
-0.00113703
-0.0571101
-0.111824
-0.15151
-0.171966
-0.180622
-0.189187
-0.205023
-0.228331
-0.252895
-0.263783
-0.246509
-0.199066
-0.134851
-0.0813153
-0.0598616
-0.0617063
-0.0576858
-0.0271125
0.0206245
0.0549317
0.0532621
0.0159653
-0.0356606
-0.0715181
-0.0770061
-0.0642402
-0.0561061
-0.0637486
-0.0729227
-0.0591518
-0.0133974
0.0449237
0.0862072
0.0991864
0.0964112
0.0977323
0.112446
0.13023
0.132888
0.112268
0.0776114
0.0459075
0.0280957
0.0239384
0.0253086
0.0221131
0.00873293
-0.0150017
-0.0482002
-0.0895897
-0.131987
-0.15685
-0.148224
-0.103526
-0.0329341
0.045014
0.115317
0.174905
0.228708
0.275737
0.306522
0.314635
0.305014
0.292175
0.288865
0.294956
0.293429
0.25293
0.144526
-0.0125934
-0.151291
-0.200723
-0.141566
-0.0121374
0.127719
0.226264
0.2621
0.255874
0.252888
0.282975
0.341698
0.398249
0.419261
0.385432
0.294506
0.164215
0.032861
-0.0624844
-0.111536
-0.136252
-0.169714
-0.230358
-0.313804
-0.402667
-0.479548
-0.533892
-0.557137
-0.545174
-0.498451
-0.420273
-0.328661
-0.246272
-0.179869
-0.117082
-0.0422143
0.0507109
0.153942
0.247932
0.305782
0.309731
0.264497
0.191787
0.116151
0.0503989
-0.0166159
-0.108314
-0.231773
-0.367396
-0.482874
-0.546019
-0.54449
-0.486187
-0.386572
-0.261786
-0.123127
0.0221146
0.160892
0.277206
0.364275
0.420426
0.437199
0.408749
0.341052
0.249884
0.156502
0.0878865
0.0588128
0.0531156
0.0387622
-0.00625601
-0.0886621
-0.208011
-0.366999
-0.555617
-0.744231
-0.90315
-1.01756
-1.08448
-1.10544
-1.08828
-1.03847
-0.954517
-0.837366
-0.689663
-0.509917
-0.299862
-0.0712929
0.158929
0.372141
0.521287
0.550115
0.445291
0.243237
-0.0103507
-0.290495
-0.562333
-0.736053
-0.732678
-0.550153
-0.254597
0.0751249
0.392511
0.683991
0.929374
1.08273
1.11087
1.01699
0.82724
0.578376
0.308407
0.0530023
-0.161249
-0.303685
-0.351221
-0.311126
-0.216853
-0.109466
-0.037262
-0.0426486
-0.133741
-0.283587
-0.43804
-0.520945
-0.483616
-0.33801
-0.144112
0.0262433
0.114765
0.104244
0.0147598
-0.118215
-0.249524
-0.345864
-0.394497
-0.399036
-0.37416
-0.332223
-0.256872
-0.11486
0.0995438
0.35033
0.589041
0.781579
0.922064
1.02979
1.13125
1.22949
1.26805
1.17754
0.948002
0.64623
0.360354
0.14327
0.021367
0.007839
0.0868737
0.195274
0.246067
0.191215
0.0523303
-0.0901066
-0.16033
-0.136825
-0.0443439
0.0793434
0.195371
0.244272
0.175658
-0.0119368
-0.275866
-0.562959
-0.840026
-1.10161
-1.35653
-1.58008
-1.69233
-1.63427
-1.40677
-1.03841
-0.568635
-0.0400017
0.51418
1.08306
1.6507
2.14836
2.5023
2.67283
2.66832
2.54324
2.35852
2.13351
1.85643
1.51967
1.13562
0.729196
0.311882
-0.135918
-0.631548
-1.14006
-1.59213
-1.92563
-2.11873
-2.19747
-2.20461
-2.16412
-2.05251
-1.83517
-1.51219
-1.12193
-0.713418
-0.314205
0.0835856
0.490098
0.849963
1.07611
1.14202
1.10905
1.05941
1.01365
0.873741
0.503236
-0.0646497
-0.571387
-0.792583
-0.715387
-0.476002
-0.227738
-0.0732018
-0.04986
-0.130903
-0.240629
-0.281102
-0.203866
-0.0474901
0.0955243
0.15487
0.139335
0.11736
0.147561
0.229136
0.315262
0.362251
0.355892
0.292664
0.170293
0.00322375
-0.164138
-0.256977
-0.232964
-0.123204
0.00313652
0.0908534
0.128537
0.149248
0.19726
0.292865
0.424606
0.559476
0.665434
0.732002
0.761875
0.74635
0.67503
0.552657
0.399184
0.238636
0.0927358
-0.0264361
-0.125059
-0.221468
-0.328815
-0.430293
-0.480398
-0.448486
-0.341931
-0.194313
-0.0404357
0.0991296
0.216658
0.303257
0.339407
0.314428
0.23978
0.144812
0.0580924
-0.00797353
-0.0577617
-0.0989478
-0.123227
-0.114103
-0.0657773
0.0100247
0.084303
0.12741
0.129387
0.101818
0.0681472
0.0511467
0.059846
0.0863126
0.103955
0.0802556
-0.000291991
-0.127905
-0.273764
-0.401606
-0.488076
-0.527573
-0.528429
-0.5075
-0.486013
-0.481776
-0.500055
-0.53407
-0.567456
-0.5754
-0.541646
-0.469602
-0.379465
-0.304924
-0.274276
-0.291702
-0.337479
-0.373439
-0.36442
-0.301706
-0.202478
-0.0941856
-0.007875
0.0321952
0.0247291
-0.00552625
-0.0259491
-0.0208937
-0.00242219
0.00534064
-0.0119459
-0.0484691
-0.0779455
-0.0740717
-0.0304447
0.0365183
0.0986665
0.13654
0.149737
0.151334
0.153815
0.152581
0.129198
0.0731846
-0.00338732
-0.0757611
-0.122526
-0.132578
-0.109786
-0.0709342
-0.0387954
-0.028205
-0.0389983
-0.0584
-0.0686228
-0.0592164
-0.0329253
-0.00395935
0.0128633
0.0123788
-0.000401746
-0.0157319
-0.0205702
-0.00333707
0.0376799
0.0907385
0.134488
0.153632
0.148178
0.132347
0.125918
0.140538
0.176178
0.22588
0.281303
0.33521
0.380559
0.413611
0.43595
0.452663
0.469836
0.491882
0.519584
0.550761
0.582433
0.61276
0.640995
0.660288
0.655737
0.614465
0.533428
0.422136
0.297703
0.177436
0.0721938
-0.0119027
-0.0735272
-0.110833
-0.115819
-0.0849026
-0.0270437
0.0390961
0.0973041
0.142041
0.175607
0.197406
0.203747
0.193188
0.162506
0.105335
0.0194843
-0.0890471
-0.200499
-0.291827
-0.351033
-0.379828
-0.389568
-0.393113
-0.398113
-0.40562
-0.413126
-0.416722
-0.410131
-0.388931
-0.352291
-0.297269
-0.225091
-0.147163
-0.0818917
-0.0448053
-0.037918
-0.0507188
-0.0680796
-0.0766694
-0.0707715
-0.053232
-0.0309491
-0.0104343
-0.000440736
-0.0100648
-0.038605
-0.074745
-0.106397
-0.127727
-0.136048
-0.129244
-0.108131
-0.0763242
-0.0396026
-0.0105261
-0.00627949
-0.0385254
-0.105123
-0.189943
-0.2722
-0.336393
-0.373462
-0.377531
-0.347965
-0.284501
-0.194826
-0.101551
-0.0306976
-0.0012115
-0.0146864
-0.0565243
-0.107409
-0.154412
-0.194303
-0.229156
-0.257927
-0.272704
-0.266907
-0.235741
-0.172648
-0.0811747
0.0188421
0.0971468
0.131623
0.122906
0.0912886
0.0606613
0.0425081
0.0324603
0.0199079
-0.00178569
-0.0317577
-0.0604989
-0.0698365
-0.0467832
0.00703745
0.0789243
0.153053
0.215921
0.2606
0.28365
0.285145
0.269752
0.241652
0.201388
0.149015
0.0862701
0.016687
-0.0548451
-0.118883
-0.165206
-0.190701
-0.197493
-0.188339
-0.163348
-0.115897
-0.0484124
0.0244251
0.0865131
0.131025
0.162158
0.189065
0.218569
0.248506
0.267624
0.267766
0.251478
0.228423
0.208833
0.198624
0.197357
0.199535
0.196545
0.180212
0.146578
0.0982383
0.0422093
-0.0144106
-0.067254
-0.113581
-0.151773
-0.177177
-0.181456
-0.155445
-0.0948698
-0.0115214
0.0730064
0.139997
0.182158
0.203287
0.20879
0.202196
0.185866
0.159896
0.123716
0.0789413
0.0305401
-0.0149489
-0.0536931
-0.0861467
-0.114928
-0.142264
-0.168761
-0.191981
-0.208325
-0.216696
-0.218527
-0.214218
-0.202129
-0.176582
-0.132145
-0.0749289
-0.0209252
0.0174578
0.038361
0.0478825
0.054054
0.061944
0.0711632
0.0761613
0.0715025
0.0501941
0.000717947
-0.081552
-0.184933
-0.283612
-0.356304
-0.399388
-0.422512
-0.43339
-0.432645
-0.413312
-0.365735
-0.288764
-0.193639
-0.101349
-0.0298247
0.0151881
0.0392314
0.0542583
0.0721333
0.0983396
0.130798
0.164062
0.194222
0.220754
0.245306
0.269747
0.293904
0.31192
0.316351
0.305212
0.283016
0.256861
0.231993
0.210379
0.194285
0.187213
0.189174
0.191307
0.181564
0.154574
0.114046
0.069707
0.0324991
0.00789858
-0.00608459
-0.0154607
-0.0255017
-0.0382553
-0.0530679
-0.0683482
-0.0830236
-0.0970103
-0.110827
-0.124876
-0.137193
-0.14211
-0.135279
-0.117415
-0.0933397
-0.0705623
-0.057382
-0.0574818
-0.0682345
-0.0837421
-0.098975
-0.111969
-0.12342
-0.134373
-0.142385
-0.142764
-0.133367
-0.116242
-0.0958721
-0.0764204
-0.059684
-0.0431362
-0.0168393
0.0287174
0.0891473
0.147108
0.187851
0.20878
0.217511
0.224128
0.234352
0.244517
0.243749
0.224767
0.189444
0.145921
0.103243
0.0711308
0.0569188
0.0605401
0.0755157
0.093934
0.110284
0.12057
0.12224
0.115748
0.104611
0.0958627
0.0965943
0.108879
0.128246
0.144312
0.147805
0.13692
0.116716
0.0943445
0.0769662
0.0713692
0.0797972
0.0971674
0.110113
0.105907
0.0816209
0.0438576
0.00227578
-0.0361925
-0.0659661
-0.0817252
-0.0824227
-0.0731055
-0.0652865
-0.0701896
-0.0910765
-0.122099
-0.15227
-0.173383
-0.184412
-0.189775
-0.194657
-0.20109
-0.207785
-0.212796
-0.216863
-0.223838
-0.236896
-0.255118
-0.270022
-0.270603
-0.252706
-0.222595
-0.192903
-0.173098
-0.164449
-0.161886
-0.158376
-0.149152
-0.133871
-0.115269
-0.0960842
-0.0773126
-0.0585203
-0.0378359
-0.0101473
0.0287523
0.0739538
0.113396
0.138515
0.149532
0.152835
0.155047
0.159355
0.165422
0.171046
0.173344
0.170635
0.16355
0.154399
0.146687
0.143615
0.145961
0.152066
0.159368
0.16583
0.170686
0.174095
0.175316
0.172795
0.165948
0.155748
0.143066
0.126492
0.104171
0.0761213
0.0443408
0.0114
-0.0209748
-0.0523857
-0.0827658
-0.108306
-0.122468
-0.122401
-0.111862
-0.100208
-0.0961224
-0.102219
-0.115146
-0.12692
-0.126746
-0.108641
-0.0751099
-0.0339078
0.00581016
0.0327402
0.0389223
0.0253344
-5.10797e-05
-0.0282752
-0.0541093
-0.0769399
-0.0968298
-0.10743
-0.100705
-0.0766464
-0.0435844
-0.0111356
0.0144687
0.0293883
0.0328814
0.0277483
0.0183939
0.00793054
-0.0038258
-0.0186937
-0.0375336
-0.0594332
-0.0825196
-0.104292
-0.1207
-0.128723
-0.128811
-0.124195
-0.118488
-0.113798
-0.11014
-0.1058
-0.0990183
-0.0894347
-0.0780525
-0.0663053
-0.0553754
-0.045823
-0.0374583
-0.0296827
-0.0224286
-0.0175251
-0.0172291
-0.0220017
-0.0301255
-0.037826
-0.040908
-0.0377024
-0.0297114
-0.0207952
-0.0157643
-0.0172378
-0.0243493
-0.0341689
-0.043809
-0.0501489
-0.0496445
-0.0409789
-0.0259718
-0.00803552
0.00991069
0.0265414
0.0420352
0.0572304
0.0727508
0.0885747
0.104271
0.119497
0.134156
0.147838
0.159806
0.169788
0.178239
0.185821
0.191548
0.192779
0.188023
0.178285
0.166997
0.159306
0.158657
0.164708
0.174429
0.184586
0.193495
0.200794
0.20509
0.204286
0.196419
0.179161
0.152047
0.117537
0.0800042
0.0471507
0.0281123
0.0263892
0.0378224
0.0543424
0.0690077
0.0766335
0.0740595
0.061888
0.0434349
0.0210888
-0.00489498
-0.0346926
-0.0670706
-0.0987072
-0.125718
-0.143854
-0.150851
-0.148399
-0.140836
-0.132656
-0.127128
-0.125332
-0.126306
-0.128307
-0.130031
-0.130564
-0.128479
-0.122742
-0.113651
-0.102563
-0.090965
-0.0797386
-0.0690061
-0.0586527
-0.050814
-0.0502591
-0.0598588
-0.0781996
-0.101044
-0.124288
-0.145857
-0.164312
-0.176584
-0.180427
-0.176627
-0.168355
-0.159031
-0.15064
-0.143399
-0.136247
-0.127639
-0.116762
-0.103995
-0.0903875
-0.0769898
-0.0654189
-0.0577105
-0.054605
-0.0550302
-0.0570221
-0.058945
-0.0593465
-0.0554636
-0.0449729
-0.0280529
-0.00658032
0.0179947
0.0449364
0.0737053
0.103664
0.132882
0.155398
0.165156
0.161444
0.149395
0.136108
0.126146
0.120024
0.115619
0.110188
0.10186
0.0905421
0.0774952
0.0644408
0.0533185
0.0453505
0.0403015
0.0368915
0.0335287
0.0289027
0.0226037
0.0151011
0.00718889
-0.000496534
-0.00661116
-0.00854125
-0.00468294
0.00420659
0.0157497
0.0272128
0.0364766
0.0429667
0.047531
0.0514902
0.055726
0.0596581
0.060629
0.0563013
0.0467054
0.0339176
0.0201896
0.00617039
-0.00877735
-0.0252946
-0.0431742
-0.0604204
-0.0739946
-0.0823907
-0.0865515
-0.0887904
-0.0912458
-0.0959447
-0.104983
-0.118625
-0.132446
-0.139411
-0.135824
-0.123402
-0.106982
-0.091481
-0.0800361
-0.0729616
-0.0684932
-0.0645063
-0.0594973
-0.0524386
-0.0430509
-0.0318826
-0.0198546
-0.00771903
0.00415743
0.0147875
0.0216419
0.0228177
0.0187282
0.0116001
0.00386343
-0.00310533
-0.00920713
-0.0150385
-0.0211621
-0.0277259
-0.0342121
-0.0383866
-0.0374715
-0.0306704
-0.0196098
-0.00692809
0.00560259
0.0191283
0.036789
0.0600915
0.0854057
0.105466
0.11562
0.116786
0.114312
0.114214
0.119359
0.128718
0.138254
0.14285
0.140026
0.131136
0.119589
0.108121
0.0967184
0.0835487
0.0675031
0.0512718
0.0409992
0.040785
0.0497523
0.0635591
0.0775881
0.0887392
0.0961554
0.100921
0.104778
0.108846
0.11183
0.109778
0.0999217
0.0830409
0.0628768
0.0436401
0.0274816
0.0137841
-0.000826798
-0.0203567
-0.0462579
-0.0765543
-0.106201
-0.130136
-0.146789
-0.157396
-0.16164
-0.157936
-0.146533
-0.13204
-0.121702
-0.119941
-0.126034
-0.135221
-0.141468
-0.141402
-0.135716
-0.127476
-0.11954
-0.113428
-0.110697
-0.112744
-0.119483
-0.129031
-0.137634
-0.141781
-0.140581
-0.135618
-0.127623
-0.114154
-0.0928094
-0.0638115
-0.0297793
0.00514647
0.0355289
0.0577196
0.0721236
0.0819927
0.0904856
0.0990606
0.107859
0.116949
0.126641
0.136804
0.145448
0.149946
0.149369
0.144196
0.134797
0.121696
0.105976
0.0894423
0.074171
0.0612661
0.0504381
0.0406842
0.0326159
0.029556
0.0340794
0.0456873
0.0616787
0.0791279
0.096263
0.112731
0.128905
0.145059
0.161159
0.176376
0.187057
0.188977
0.181306
0.167059
0.150875
0.136233
0.124066
0.113351
0.102787
0.0923285
0.0828887
0.0751416
0.068931
0.0635259
0.0582357
0.0531808
0.051072
0.0556875
0.0682786
0.0866146
0.106535
0.124586
0.137653
0.141109
0.13216
0.111391
0.081722
0.0472072
0.0127655
-0.0166842
-0.0390458
-0.0557391
-0.0698118
-0.0829752
-0.0947785
-0.104241
-0.111231
-0.116609
-0.121182
-0.124323
-0.124823
-0.122341
-0.1177
-0.112248
-0.107343
-0.10452
-0.104705
-0.107575
-0.111943
-0.116611
-0.120989
-0.12511
-0.129266
-0.133665
-0.138295
-0.143008
-0.147644
-0.151254
-0.1506
-0.14264
-0.127303
-0.107263
-0.0857303
-0.0646131
-0.0442253
-0.0247222
-0.00784568
0.00454755
0.0118809
0.013034
0.00645216
-0.0074257
-0.0247858
-0.0403609
-0.0510627
-0.0572304
-0.0612816
-0.0655649
-0.0708607
-0.0760657
-0.0796137
-0.080915
-0.0801637
-0.0769261
-0.0705494
-0.0611725
-0.0498094
-0.0377317
-0.025869
-0.0154719
-0.00896046
-0.00798264
-0.0114735
-0.0150567
-0.0141056
-0.00704934
0.00401986
0.0137464
0.0167712
0.011572
0.00117439
-0.00757969
-0.00841914
9.36555e-05
0.0148072
0.0311512
0.0458261
0.0574221
0.0662756
0.0736749
0.0806198
0.0863564
0.0890617
0.0879354
0.0846805
0.0830547
0.0858575
0.0931727
0.103021
0.112744
0.118686
0.117604
0.109139
0.0957435
0.0806937
0.0662024
0.0528008
0.0399152
0.0270498
0.014493
0.0028267
-0.00707654
-0.0127163
-0.0116453
-0.00391757
0.00782197
0.0202473
0.030803
0.0370894
0.0376736
0.0331791
0.0257738
0.0181368
0.0123387
0.00892207
0.00701369
0.00472409
0.000200802
-0.00717071
-0.0173945
-0.0307763
-0.047279
-0.0655445
-0.0825356
-0.0956686
-0.104572
-0.11081
-0.116086
-0.118975
-0.1155
-0.103489
-0.0849478
-0.0664068
-0.0546558
-0.0519727
-0.0557928
-0.0614934
-0.0641925
-0.0602628
-0.0493469
-0.034392
-0.0197213
-0.00813114
0.000262686
0.00709202
0.0140032
0.020028
0.0204304
0.0116934
-0.00491841
-0.0249885
-0.0443887
-0.0613962
-0.0757939
-0.0855216
-0.0877993
-0.0821736
-0.0710018
-0.0579449
-0.0460836
-0.0365804
-0.0288056
-0.0214577
-0.0136627
-0.00536929
0.00299088
0.0110276
0.0186674
0.0261011
0.0335805
0.041276
0.0492155
0.0573078
0.0654341
0.0735345
0.0816587
0.089904
0.0983138
0.10685
0.115345
0.122613
0.126413
0.1255
0.120617
0.113749
0.106994
0.102239
0.100454
0.101252
0.10341
0.105761
0.10772
0.109031
0.109225
0.107958
0.105368
0.101986
0.0983892
0.0948596
0.0912058
0.0870757
0.0823221
0.0766143
0.0684615
0.0563963
0.0404243
0.021985
0.00314096
-0.0144485
-0.0303065
-0.0449869
-0.0589391
-0.0713723
-0.0812019
-0.0882746
-0.0934872
-0.0980974
-0.102747
-0.106377
-0.107207
-0.104562
-0.0997648
-0.0960778
-0.0963547
-0.101079
-0.10862
-0.116791
-0.124228
-0.130652
-0.134511
-0.131512
-0.118701
-0.0979065
-0.0752483
-0.0564504
-0.0433831
-0.03424
-0.025972
-0.0169288
-0.00777685
-1.13709e-05
0.00564453
0.00965962
0.0129798
0.0154517
0.0157604
0.0130321
0.00754892
-0.000293688
-0.0105789
-0.0229689
-0.0349033
-0.0424951
-0.0437935
-0.0399016
-0.0336374
-0.0275065
-0.0225486
-0.0188071
-0.017001
-0.0182328
-0.0227313
-0.0295859
-0.0370028
-0.0414303
-0.0391456
-0.0292674
-0.0140914
0.00238999
0.0165604
0.0270735
0.0348834
0.0413859
0.0454129
0.0442231
0.0366732
0.0242136
0.00965218
-0.00411153
-0.0132185
-0.0144657
-0.00781948
0.00388879
0.0171214
0.0292494
0.0387224
0.0453117
0.0498993
0.0536928
0.0571824
0.059328
0.0587511
0.0551758
0.0495666
0.0433228
0.0374214
0.032092
0.0270535
0.0219971
0.0168485
0.0117116
0.00670651
0.0019501
-0.0019279
-0.00395462
-0.00375759
-0.00185202
0.000800752
0.00340578
0.00565447
0.0076554
0.00965283
0.0117366
0.013769
0.0155737
0.0171001
0.018438
0.0197288
0.0210697
0.0224786
0.0239199
0.0253758
0.026888
0.0285052
0.0302329
0.0320322
0.0338512
0.0356305
0.0368255
0.036035
0.0322217
0.0256135
0.0174108
0.00891177
0.000839019
-0.00676865
-0.0140277
-0.0201096
-0.0237308
-0.0244665
-0.0230581
-0.0207858
-0.0186628
-0.0170424
-0.0157614
-0.0147248
-0.0142269
-0.0145729
-0.0157498
-0.0174427
-0.0192656
-0.0209741
-0.0225286
-0.0240181
-0.0255414
-0.0271047
-0.0285484
-0.0296824
-0.0304584
-0.0309866
-0.0313968
-0.0313308
-0.0298716
-0.0264478
-0.0213184
-0.015352
-0.00995874
-0.00673705
-0.00633895
-0.00814829
-0.0109287
-0.0139792
-0.0179369
-0.0238218
-0.0318953
-0.0414917
-0.0514877
-0.0601764
-0.0656927
-0.067437
-0.0663739
-0.0641611
-0.0620972
-0.060631
-0.059513
-0.0576168
-0.0525321
-0.0424666
-0.0276951
-0.00996757
0.00878892
0.0269015
0.0423212
0.0536278
0.0607408
0.0637528
0.0628203
0.0587317
0.05263
0.0450725
0.0360584
0.0256466
0.0142921
0.00311795
-0.00655605
-0.0141929
-0.0202554
-0.0256839
-0.0312374
-0.0366183
-0.0386943
-0.0336115
-0.0204242
-0.00227769
0.0148056
0.0261555
0.0311536
0.0324062
0.033155
0.0352342
0.0386531
0.0424427
0.045753
0.0484128
0.0507862
0.0533144
0.0561852
0.0592995
0.0624328
0.065153
0.066573
0.0660335
0.0636742
0.0602583
0.0566201
0.0532339
0.0501656
0.0474986
0.0455357
0.0444651
0.0441581
0.0442599
0.0442652
0.0434172
0.041169
0.0375896
0.0332284
0.0286888
0.0241025
0.0189238
0.0125776
0.0050144
-0.00331183
-0.0118173
-0.0200237
-0.0271874
-0.0325181
-0.0358736
-0.0378408
-0.0392798
-0.0408209
-0.0426596
-0.044668
-0.0466658
-0.0488601
-0.051896
-0.0562141
-0.061675
-0.0675405
-0.0727339
-0.0765819
-0.0791815
-0.0811392
-0.0830696
-0.0852659
-0.0875981
-0.0894068
-0.0899874
-0.0891968
-0.0874805
-0.0853227
-0.0816118
-0.0737527
-0.0603206
-0.0425742
-0.0239343
-0.00748425
0.00583729
0.0169761
0.0268731
0.0354875
0.04248
0.0479029
0.0523013
0.056381
0.0606084
0.0646172
0.0669867
0.066573
0.0634866
0.05885
0.0539562
0.0498495
0.0472134
0.0460823
0.0459401
0.0461356
0.0462429
0.0461751
0.0466325
0.049828
0.0564099
0.0626504
0.063917
0.0585325
0.0482923
0.0367609
0.0272243
0.020967
0.0171711
0.0141672
0.0112432
0.00977369
0.0114627
0.0155029
0.0183302
0.0168539
0.0106356
0.00149597
-0.0083224
-0.0175582
-0.026151
-0.0346611
-0.0435719
-0.0529547
-0.0625065
-0.0709947
-0.0761265
-0.0765445
-0.0729036
-0.0671697
-0.0612926
-0.0566042
-0.0536527
-0.0521574
-0.0514002
-0.0504629
-0.0475702
-0.0409652
-0.0303943
-0.0171404
-0.00304191
0.00939922
0.0165443
0.0162414
0.00944803
-0.000808003
-0.011544
-0.0212498
-0.029971
-0.0382134
-0.0451292
-0.0490352
-0.0492259
-0.0465345
-0.0425997
-0.0387934
-0.0354945
-0.0320241
-0.0275244
-0.0217408
-0.015084
-0.00821308
-0.00172626
0.00394824
0.00875162
0.0129648
0.01694
0.020409
0.0222238
0.0215286
0.0185346
0.0142613
0.00980404
0.00633611
0.00599608
0.0105131
0.0197035
0.0317568
0.0445526
0.0564883
0.0664016
0.0739331
0.0796313
0.0844232
0.0881865
0.0888419
0.0845317
0.0754311
0.0634669
0.0508754
0.0389855
0.027939
0.0173525
0.00828801
0.00337269
0.00413467
0.00971361
0.0175238
0.0240918
0.0267197
0.0250261
0.0205994
0.015507
0.0110279
0.00732271
0.0038888
0.000278668
-0.00300489
-0.00464563
-0.00383179
-0.000886317
0.00312366
0.00716623
0.0107569
0.0139716
0.0171827
0.0208237
0.0251054
0.0297656
0.0333577
0.0338591
0.030463
0.0240659
0.0164036
0.00889924
0.0020749
-0.00420897
-0.0098401
-0.0143078
-0.0173309
-0.0191584
-0.0203813
-0.021555
-0.0229488
-0.0245392
-0.0261696
-0.02772
-0.0292936
-0.0313224
-0.0341875
-0.0378921
-0.0420943
-0.0460082
-0.0481942
-0.0476151
-0.0444479
-0.0397964
-0.0348659
-0.030375
-0.0264864
-0.0229927
-0.0195981
-0.0161275
-0.0125703
-0.00900402
-0.00553673
-0.00230703
0.000616537
0.00357268
0.00773979
0.0142347
0.0231476
0.0334036
0.0430007
0.0502772
0.0549745
0.0580437
0.0604278
0.0617535
0.0610164
0.0578531
0.0528823
0.0471979
0.041673
0.0366098
0.0318538
0.0275349
0.0248269
0.0248902
0.0277648
0.0324267
0.0375794
0.0423766
0.0465958
0.0504244
0.0541571
0.057946
0.0613391
0.0631928
0.0627432
0.0602391
0.0566398
0.0529178
0.0495679
0.0465578
0.0435676
0.0403118
0.0367325
0.0329669
0.0291948
0.0255115
0.0217685
0.0173957
0.0118616
0.00513893
-0.00233359
-0.0100023
-0.0175174
-0.0247812
-0.0311765
-0.0351302
-0.0355738
-0.032883
-0.0284744
-0.0238046
-0.0196453
-0.0159998
-0.0124851
-0.0087712
-0.00478941
-0.000677602
0.00331059
0.00628452
0.00686397
0.00444459
-0.000348675
-0.00622867
-0.0120889
-0.0174729
-0.0224571
-0.0271183
-0.0313637
-0.0351178
-0.0384488
-0.0415405
-0.0445737
-0.0474672
-0.0497907
-0.0512099
-0.0517856
-0.0518853
-0.0519083
-0.0520745
-0.0523898
-0.0527477
-0.0530524
-0.0532792
-0.0533596
-0.052893
-0.0514231
-0.0488757
-0.0455931
-0.0420609
-0.0386212
-0.0353642
-0.0322016
-0.0290112
-0.0258974
-0.0238851
-0.0243852
-0.0278663
-0.0335585
-0.0401323
-0.046545
-0.0524292
-0.0575689
-0.0610404
-0.0619644
-0.060391
-0.0572357
-0.0536212
-0.0502709
-0.0473281
-0.0445191
-0.0412902
-0.0371523
-0.0320502
-0.0263296
-0.0204404
-0.0146647
-0.00891072
-0.00264978
0.00458753
0.0125445
0.0191713
0.0217552
0.019304
0.0130693
0.00533574
-0.00208866
-0.0085961
-0.0145424
-0.0205522
-0.026766
-0.0318487
-0.0338113
-0.031892
-0.027031
-0.0209825
-0.0151573
-0.0101206
-0.00653361
-0.00573414
-0.00810532
-0.0117148
-0.0138343
-0.0130507
-0.00980941
-0.00555964
-0.00157471
0.00168373
0.00435169
0.00653546
0.00820222
0.00934839
0.0100883
0.0106175
0.0111155
0.0116762
0.0122993
0.0129223
0.013477
0.0139414
0.0143431
0.0147282
0.0151282
0.0155486
0.0159779
0.0164023
0.0168171
0.0172255
0.0176265
0.0178042
0.0170792
0.0148769
0.0112396
0.00673536
0.00202804
-0.0024839
-0.00675201
-0.0107957
-0.0137029
-0.0138828
-0.010627
-0.00465255
0.0025507
0.00968358
0.01564
0.018779
0.0179893
0.0136509
0.00726438
0.000420229
-0.00599107
-0.0119873
-0.0181275
-0.024868
-0.0322349
-0.0398274
-0.0461123
-0.0485649
-0.0458804
-0.0389458
-0.0299502
-0.0208769
-0.0124256
-0.00393799
0.00554442
0.0162162
0.0265563
0.0341564
0.0378385
0.0383441
0.0374617
0.0367434
0.0367938
0.0373741
0.0379568
0.0382128
0.0381591
0.0380137
0.0379749
0.0381943
0.0389105
0.0402851
0.0422471
0.0445494
0.0469331
0.0492504
0.0514854
0.0536937
0.0558852
0.0576297
0.0581356
0.0570012
0.0545248
0.0514129
0.0482983
0.0454568
0.0428271
0.040133
0.0367965
0.032279
0.0265356
0.0199947
0.0133794
0.00809025
0.00559981
0.00623811
0.00907392
0.0127062
0.0161169
0.0189846
0.0211924
0.022391
0.0223516
0.0212416
0.0195232
0.0176699
0.0159492
0.014388
0.012881
0.0113179
0.00954017
0.00728684
0.00441527
0.0010237
-0.00263655
-0.00632875
-0.00994814
-0.0136052
-0.0175431
-0.0218975
-0.0266023
-0.0314695
-0.0363272
-0.0411031
-0.0458088
-0.0501942
-0.0533531
-0.0544905
-0.0536459
-0.0515882
-0.0492325
-0.0471384
-0.0453829
-0.043755
-0.0420331
-0.0401443
-0.0381625
-0.0362194
-0.0343983
-0.0326917
-0.0310346
-0.0293641
-0.0276563
-0.0259236
-0.0241913
-0.0224744
-0.0207696
-0.0190405
-0.0172319
-0.0153194
-0.0133246
-0.0112938
-0.00926603
-0.00725648
-0.00525947
-0.00326229
-0.00126281
0.000557369
0.00163514
0.00149599
0.000175479
-0.00185749
-0.00405597
-0.00609244
-0.00792825
-0.00969235
-0.0115161
-0.0134309
-0.0153041
-0.0169133
-0.0181477
-0.0190768
-0.0198712
-0.0206796
-0.0215609
-0.0224911
-0.0233073
-0.0234956
-0.0225437
-0.0204017
-0.0174779
-0.0143142
-0.0112727
-0.00843179
-0.00568697
-0.0031114
-0.00140291
-0.00130596
-0.00290877
-0.00563246
-0.00869563
-0.0115717
-0.0141215
-0.0160691
-0.0166076
-0.0151634
-0.0119355
-0.00770375
-0.00328759
0.000861453
0.00472188
0.00854325
0.0127047
0.0174578
0.0227602
0.0283608
0.0339986
0.0395295
0.0446193
0.048288
0.0497064
0.0489526
0.0468793
0.0444826
0.042365
0.0406082
0.0389853
0.0372619
0.0354873
0.0342723
0.0343059
0.0357314
0.038104
0.0407764
0.0432969
0.0455587
0.0476942
0.0498452
0.0519594
0.0538652
0.0554651
0.0568089
0.058037
0.0592779
0.060585
0.0619414
0.0632942
0.0642181
0.0632811
0.0591439
0.0517755
0.0423591
0.0323763
0.0227754
0.0138913
0.00611594
-0.000153609
-0.00494618
-0.00873936
-0.0121525
-0.0156253
-0.0192961
-0.0230738
-0.0265485
-0.0288084
-0.0291626
-0.0277272
-0.0252521
-0.022565
-0.0201367
-0.0180014
-0.0159559
-0.0138092
-0.0115114
-0.00913375
-0.00677808
-0.00473789
-0.00388685
-0.00502347
-0.0081449
-0.0125163
-0.0172316
-0.0217169
-0.0258719
-0.0298909
-0.0339605
-0.0377584
-0.0404309
-0.0414224
-0.0409271
-0.0396552
-0.0383154
-0.0372606
-0.0364627
-0.0357134
-0.0346581
-0.0324562
-0.0283135
-0.0221982
-0.0148053
-0.00702475
0.000559792
0.00781812
0.0145331
0.0194894
0.021417
0.020215
0.0169577
0.0130652
0.00949193
0.00645158
0.00366487
0.000863533
-0.00183679
-0.00413537
-0.00588531
-0.00720043
-0.00833798
-0.00951742
-0.0108196
-0.0122085
-0.0136916
-0.0154239
-0.0175418
-0.0200284
-0.0227359
-0.0254777
-0.0276745
-0.027845
-0.0247927
-0.0186562
-0.0106792
-0.00230659
0.00512461
0.0102162
0.0123312
0.012009
0.0104635
0.00878908
0.00749166
0.00651725
0.00557845
0.00449472
0.00340342
0.00260133
0.00224784
0.00226385
0.00243504
0.00257295
0.00260606
0.0025688
0.00253133
0.00253667
0.00258257
0.00264064
0.00271485
0.00298175
0.00369853
0.00495652
0.00662134
0.00845186
0.0102558
0.0119655
0.0136151
0.0152686
0.016832
0.0176012
0.0167079
0.0139372
0.00983862
0.00526048
0.000827719
-0.00327735
-0.00718617
-0.0106302
-0.0122102
-0.0106216
-0.00586524
0.000867815
0.00811281
0.0149506
0.0212354
0.0272979
0.0334945
0.0395341
0.0435264
0.0433879
0.0387541
0.0310815
0.0224358
0.0142483
0.00686132
-0.000135438
-0.00727535
-0.0147918
-0.0225653
-0.0298801
-0.0348684
-0.0359099
-0.0330435
-0.0277653
-0.0218756
-0.0164817
-0.0117437
-0.00731649
-0.00315764
0.000348925
0.0029044
0.00459714
0.00581607
0.00697488
0.00829726
0.00978369
0.0113713
0.0134922
0.0170508
0.0225346
0.0293769
0.0352425
0.0373271
0.0346378
0.0284003
0.0208172
0.0135945
0.00726779
0.00146127
-0.00430584
-0.00955612
-0.0131384
-0.0144451
-0.013883
-0.0124579
-0.0110759
-0.0101222
-0.00949181
-0.00888948
-0.00814221
-0.00752
-0.00761983
-0.00878801
-0.0108669
-0.0133847
-0.0158988
-0.0182116
-0.0203658
-0.0224434
-0.0239581
-0.0238987
-0.0217184
-0.0177723
-0.0129661
-0.00813412
-0.00365448
0.000539015
0.00471028
0.00908776
0.0137307
0.0185428
0.0233843
0.0281611
0.0324487
0.0347658
0.0337065
0.0292299
0.0225755
0.0153058
0.00842625
0.00212432
-0.00393199
-0.0101248
-0.0165982
-0.0232515
-0.0299022
-0.036224
-0.0408843
-0.0421448
-0.0394978
-0.0339947
-0.0273597
-0.0209242
-0.0151332
-0.00974339
-0.00455431
-7.29889e-05
0.00302222
0.00458789
0.00509821
0.00525747
0.00557206
0.00617587
0.00693276
0.00765164
0.00824091
0.00873133
0.00920801
0.00973269
0.0103609
0.0112713
0.0126543
0.0145279
0.0167306
0.0190439
0.0213169
0.023511
0.0256651
0.0278193
0.0295874
0.0296954
0.0270542
0.0217307
0.0147821
0.00745172
0.000488145
-0.00601664
-0.0123557
-0.0188288
-0.0255162
-0.0318773
-0.0363924
-0.037824
-0.0362763
-0.0329614
-0.0292705
-0.0260164
-0.0251918
-0.0226565
-0.0201959
-0.0181015
-0.0166753
-0.0159287
-0.0155985
-0.0153552
-0.0149939
-0.0144897
-0.0139274
-0.0133965
-0.0129272
-0.0124664
-0.0119064
-0.01118
-0.0103061
-0.00936031
-0.00841558
-0.00750533
-0.00662346
-0.00574703
-0.00486805
-0.00416414
-0.00411099
-0.00506119
-0.00693741
-0.00933274
-0.0118084
-0.014121
-0.0162583
-0.0182385
-0.019251
-0.0177494
-0.0129571
-0.00549188
0.00321432
0.0117647
0.0184864
0.0215831
0.020544
0.0164535
0.0110954
0.0058693
0.00128993
-0.00249387
-0.00462108
-0.00413567
-0.000993913
0.00389662
0.0093358
0.0144915
0.0188402
0.0212812
0.0207282
0.0171667
0.011647
0.00552151
-0.000295565
-0.00557575
-0.0104509
-0.0146882
-0.017779
-0.0195301
-0.0202502
-0.0205074
-0.0207756
-0.0212433
-0.0218497
-0.0224144
-0.022529
-0.0216593
-0.0196217
-0.0167125
-0.0134538
-0.0102664
-0.00730765
-0.00451812
-0.00178523
0.000816672
0.00302212
0.00466069
0.00580245
0.00667922
0.00751838
0.00843018
0.00940303
0.0103699
0.0112786
0.0121096
0.0126799
0.0125471
0.0114325
0.00947071
0.00707933
0.00467035
0.00247102
0.000853644
0.000684368
0.00256366
0.00626087
0.0109316
0.0156988
0.0200472
0.0233181
0.0242945
0.0222944
0.0178071
0.0120774
0.00629026
0.00103582
-0.00370393
-0.0082286
-0.0127762
-0.0171911
-0.0205537
-0.0219098
-0.0211571
-0.0190393
-0.0165432
-0.0143228
-0.0125147
-0.0109179
-0.00929035
-0.007536
-0.00571191
-0.00393004
-0.00226076
-0.000704907
0.000752617
0.00208866
0.00327704
0.00432541
0.00527356
0.00616803
0.00703854
0.00789131
0.00871749
0.00950627
0.0102532
0.0109605
0.0116329
0.0122735
0.0128824
0.0134555
0.0139475
0.0142459
0.0142747
0.0140649
0.0137226
0.013356
0.0130217
0.01272
0.0124232
0.0121086
0.0117713
0.0114204
0.0110635
0.0105855
0.00962676
0.00791026
0.00550856
0.00276688
5.70112e-05
-0.00241102
-0.00461855
-0.00664979
-0.00856017
-0.0101875
-0.0112419
-0.0116145
-0.0114656
-0.0110853
-0.0107084
-0.0104224
-0.0101935
-0.00995069
-0.00966582
-0.00939188
-0.00919838
-0.0091012
-0.00905735
-0.00900419
-0.00889933
-0.00873432
-0.00852392
-0.00828577
-0.0079986
-0.00748319
-0.00652032
-0.00508553
-0.00336909
-0.00163013
-4.8407e-05
0.00132819
0.0025286
0.00354324
0.00432949
0.00488546
0.00526738
0.00555498
0.00580913
0.00605281
0.00627957
0.00647312
0.00661848
0.00670925
0.00675198
0.00676091
0.00674899
0.006723
0.00668374
0.00662963
0.00655973
0.00647487
0.00637099
0.00622048
0.00599588
0.00570303
0.00537734
0.00505881
0.00477136
0.00451847
0.00429167
0.00408161
0.00388402
0.00369947
0.00353006
0.00337643
0.00323924
0.00313082
0.00306698
0.00304592
0.00304742
0.00304701
0.00302901
0.00299016
0.00293507
0.00286967
0.00279722
0.0027176
0.0026278
0.00252577
0.00241328
0.00229482
0.00217474
0.00205545
0.00193735
0.00181993
0.00170275
0.00158581
0.00146763
0.00134531
0.0012187
0.0010914
0.00096804
0.00085167
0.000742817
0.000640349
0.000542761
0.000449135
0.000359754
0.000275143
0.000194707
0.000116905
4.02155e-05
-3.61754e-05
-0.000112335
-0.000187945
-0.000262688
-0.000336405
-0.000409042
-0.00048054
-0.000550881
-0.000620102
-0.000688246
-0.000755303
-0.000821219
-0.000885913
-0.000949313
-0.00101136
-0.00107201
-0.00113125
-0.00118906
-0.00124542
-0.00130031
-0.00135372
-0.00140564
-0.00145607
-0.00150503
-0.00155252
-0.00159856
-0.00164315
-0.0016863
-0.00172802
-0.00176832
-0.0018072
-0.00184469
-0.00188077
-0.00191548
-0.00194881
-0.00198077
-0.00201138
-0.00204064
0
0
0
0
