-0.00208628
-0.00205711
-0.00202782
-0.00199831
-0.00196865
-0.00193884
-0.00190888
-0.0018788
-0.00184853
-0.00181809
-0.00178728
-0.00175615
-0.00172462
-0.001693
-0.00166154
-0.00163061
-0.00160019
-0.00157041
-0.00154026
-0.00150756
-0.00147075
-0.00143007
-0.00138908
-0.00135261
-0.00132266
-0.00129711
-0.00127158
-0.00124388
-0.00121503
-0.00118787
-0.0011631
-0.00113437
-0.00109186
-0.00103161
-0.000959993
-0.000888306
-0.00082183
-0.000763921
-0.00073356
-0.000751166
-0.000818476
-0.00091937
-0.00101119
-0.00102661
-0.000933781
-0.000760444
-0.000561597
-0.000371898
-0.000185958
1.73708e-05
0.000212223
0.000325212
0.000319263
0.000219892
7.31648e-05
-9.65874e-05
-0.000314277
-0.000627496
-0.000968802
-0.00111968
-0.000922362
-0.000232423
0.0011144
0.00288194
0.00419234
0.00436253
0.00356628
0.00257343
0.00196249
0.00150898
0.000184091
-0.00253403
-0.00510438
-0.00518999
-0.00214271
0.00264058
0.0065754
0.00774735
0.00675806
0.00585831
0.0060157
0.00565108
0.00289961
-0.00211036
-0.00658863
-0.00772962
-0.00534661
-0.00136131
0.00219299
0.00391688
0.00338864
0.00140531
4.58513e-05
0.00149105
0.0057553
0.00949004
0.00888637
0.00367775
-0.00137553
-0.000550847
0.00613864
0.0113515
0.00831677
-0.00242655
-0.0125877
-0.0138925
-0.00551641
0.00639645
0.0120223
0.0059925
-0.00716324
-0.0172524
-0.0173494
-0.00838784
0.00478101
0.0184392
0.0311831
0.0403934
0.04291
0.038753
0.0300953
0.0180736
0.00160261
-0.0190518
-0.0342017
-0.0334387
-0.0177512
0.00219079
0.0169117
0.0245561
0.0292294
0.0351352
0.0411337
0.0422382
0.0360961
0.0238289
0.00710413
-0.0104247
-0.0234546
-0.0294772
-0.02848
-0.0219074
-0.0107732
0.00842584
0.0384735
0.0681927
0.0759936
0.0527673
0.00746185
-0.0426473
-0.081663
-0.0940963
-0.0756062
-0.0404626
-0.00783704
0.0110989
0.0162688
0.0153347
0.0175091
0.0274071
0.0431787
0.0602604
0.0731679
0.0732054
0.0554548
0.0204652
-0.0204161
-0.0458196
-0.0456162
-0.0301174
-0.0217924
-0.0342065
-0.058018
-0.0616985
-0.02841
0.0258937
0.0712525
0.0908248
0.0880028
0.0756105
0.0633323
0.0523706
0.0395529
0.0231788
0.00513523
-0.011619
-0.0260155
-0.0387261
-0.0505582
-0.0603085
-0.061694
-0.049824
-0.0270563
0.000127667
0.0268011
0.0517671
0.0722947
0.0785372
0.0646492
0.0352617
-0.0010428
-0.0383664
-0.0721962
-0.0919298
-0.0896414
-0.0693136
-0.0420369
-0.0161063
0.0101543
0.0444034
0.0876492
0.12126
0.12141
0.0875863
0.0442137
0.0148416
0.00495008
0.0080173
0.0156567
0.0230058
0.0267341
0.0224712
0.0091364
-0.00981624
-0.0297211
-0.0465551
-0.0531576
-0.0442943
-0.0229533
0.00226198
0.0239027
0.0403456
0.0544701
0.0680355
0.0750881
0.0685391
0.0492198
0.0244257
0.00267627
-0.00725378
-0.00206608
0.0133206
0.0304735
0.0428525
0.0492966
0.0527982
0.0547811
0.0511849
0.0385197
0.0185427
-0.00379396
-0.023096
-0.032425
-0.0284043
-0.0147828
0.00152731
0.0159924
0.0282556
0.0401653
0.0521308
0.0585082
0.0532983
0.0414339
0.0348008
0.0393519
0.0512066
0.0601848
0.0583385
0.0439427
0.0166475
-0.0196058
-0.0483117
-0.0523926
-0.0321141
-0.00754485
-0.00221157
-0.0138978
-0.0148243
0.00529434
0.0223405
0.0121853
-0.0181357
-0.0347638
-0.0156554
0.0276232
0.0644318
0.0770683
0.0701668
0.0535448
0.0308298
0.00540033
-0.013018
-0.0178407
-0.02003
-0.0442375
-0.0952823
-0.129515
-0.10993
-0.0544809
-0.00367524
0.0214335
0.0281157
0.0341993
0.049445
0.0709996
0.0885252
0.0942753
0.0896597
0.0816662
0.0756218
0.0711356
0.0646063
0.0540669
0.0369028
0.00536893
-0.0371237
-0.068026
-0.0707388
-0.0502489
-0.0247573
-0.00779082
0.00065009
0.00842775
0.0184073
0.0248627
0.0306052
0.0481344
0.0754191
0.0806501
0.0373276
-0.0383825
-0.0951235
-0.100407
-0.0647515
-0.0218508
-0.0032257
-0.0178235
-0.0439888
-0.0451271
-0.00714764
0.0528011
0.0989061
0.097384
0.0458932
-0.0269627
-0.076342
-0.0737911
-0.0283722
0.0268651
0.0529335
0.032017
-0.015382
-0.0374956
-0.00246428
0.0704966
0.130177
0.134606
0.0847629
0.0117315
-0.0570812
-0.107305
-0.117626
-0.0766388
-0.0131427
0.0260029
0.022976
0.000458633
-0.00852484
0.00659816
0.0262341
0.0240501
-0.00595232
-0.0462787
-0.0689327
-0.0606699
-0.0306006
0.00445104
0.0352023
0.0664029
0.101699
0.116079
0.0822794
0.0151253
-0.0262358
-0.0123076
0.00765226
-0.0301196
-0.126088
-0.191999
-0.142297
0.00774606
0.140925
0.158854
0.0768594
-0.00253262
-0.00390708
0.05284
0.0939915
0.0766929
0.0156204
-0.0492277
-0.0934362
-0.119755
-0.132084
-0.113237
-0.0561308
0.00781976
0.0399352
0.0319849
0.00382417
-0.0232096
-0.0438588
-0.0745695
-0.124386
-0.146716
-0.0929778
0.0156195
0.105095
0.129546
0.102417
0.0652572
0.0454504
0.0423369
0.0435297
0.0523195
0.0769514
0.0893201
0.0497915
-0.0426008
-0.122028
-0.10748
-0.0158338
0.0471592
0.0263147
-0.027373
-0.0398637
0.00853826
0.0694016
0.0753573
0.00813099
-0.0828845
-0.118488
-0.066688
0.0365501
0.116093
0.111153
0.0318564
-0.0516199
-0.0841639
-0.0761164
-0.0874918
-0.138374
-0.1747
-0.146371
-0.0642884
0.0242484
0.0898795
0.133775
0.141091
0.0799418
-0.0483931
-0.177442
-0.222071
-0.163541
-0.0687507
-0.0331674
-0.091758
-0.202646
-0.268678
-0.226924
-0.165606
-0.213077
-0.34398
-0.404066
-0.305864
-0.150981
-0.14049
-0.35016
-0.632885
-0.765588
-0.693169
-0.56538
-0.530905
-0.582074
-0.620986
-0.594366
-0.546309
-0.5322
-0.516881
-0.44494
-0.384828
-0.442897
-0.590423
-0.712433
-0.756284
-0.757796
-0.746623
-0.713567
-0.644785
-0.535335
-0.380079
-0.189406
-0.00470785
0.13725
0.260901
0.434963
0.660224
0.820527
0.82084
0.697613
0.60173
0.649154
0.808558
0.936007
0.931561
0.814392
0.660341
0.516265
0.376033
0.19023
-0.0676477
-0.318442
-0.434755
-0.387296
-0.262601
-0.158521
-0.0938957
-0.0380791
-0.00635232
-0.0267807
-0.0337105
0.0796414
0.347683
0.624958
0.710996
0.589799
0.458227
0.509601
0.727026
0.917566
0.965159
0.925296
0.872129
0.794616
0.656743
0.479272
0.334489
0.257259
0.189343
0.0507804
-0.137566
-0.244813
-0.213603
-0.139417
-0.125217
-0.164631
-0.190014
-0.174967
-0.188577
-0.302754
-0.467315
-0.560146
-0.536742
-0.454541
-0.389993
-0.366935
-0.341472
-0.278257
-0.213387
-0.161859
-0.065118
0.130237
0.409639
0.650325
0.704845
0.547499
0.239633
-0.155379
-0.549548
-0.810639
-0.877329
-0.813542
-0.732304
-0.701699
-0.722177
-0.758742
-0.786279
-0.81487
-0.870379
-0.963198
-1.0534
-1.08061
-1.02722
-0.912973
-0.758987
-0.56398
-0.3107
0.0159271
0.387664
0.685494
0.809159
0.778013
0.714407
0.778104
1.03426
1.40443
1.74478
1.96763
2.04402
1.98609
1.84167
1.61841
1.26446
0.760208
0.139653
-0.502628
-1.05567
-1.44488
-1.63722
-1.69332
-1.7253
-1.79406
-1.86062
-1.86499
-1.81399
-1.74683
-1.62153
-1.35254
-0.935324
-0.471499
-0.0694356
0.244049
0.512164
0.775794
0.999973
1.12447
1.14748
1.13742
1.18364
1.31666
1.45946
1.47653
1.31799
1.05452
0.808387
0.653674
0.577933
0.530503
0.475989
0.409104
0.331852
0.235458
0.105885
-0.0595928
-0.205476
-0.238775
-0.130099
0.0734744
0.299424
0.493333
0.644276
0.758596
0.783728
0.658426
0.389545
0.0354506
-0.324696
-0.632062
-0.841645
-0.902443
-0.818751
-0.661277
-0.518133
-0.43365
-0.397334
-0.370379
-0.28842
-0.0925355
0.221378
0.643125
1.12778
1.45961
1.40796
0.979978
0.380967
-0.189391
-0.624722
-0.80891
-0.682867
-0.329402
0.0817416
0.323112
0.232013
-0.148325
-0.635105
-1.0129
-1.13584
-1.04943
-0.934232
-0.920958
-0.998252
-1.06965
-1.07036
-1.0036
-0.859269
-0.5983
-0.22077
0.234432
0.723401
1.17217
1.487
1.63847
1.6817
1.70144
1.75723
1.86187
1.98749
2.05114
1.95112
1.67598
1.28759
0.775396
0.211376
-0.21627
-0.387182
-0.350881
-0.288574
-0.344929
-0.526836
-0.758559
-0.982564
-1.18634
-1.37114
-1.53839
-1.68214
-1.75246
-1.69674
-1.52818
-1.31137
-1.10937
-0.987832
-1.0009
-1.1354
-1.31867
-1.44209
-1.42782
-1.29167
-1.07911
-0.678875
0.114526
1.34401
2.72069
3.83419
4.34927
4.23073
3.75319
3.25851
2.94225
2.78513
2.64186
2.39935
2.05815
1.62219
0.890031
-0.186248
-1.3076
-2.08022
-2.3569
-2.2822
-2.10134
-1.94324
-1.77956
-1.54247
-1.20261
-0.783348
-0.386144
-0.245478
-0.516887
-1.11057
-1.73931
-2.03096
-1.83153
-1.30291
-0.687129
-0.0358611
0.660926
1.29395
1.6541
1.6318
1.33317
0.970324
0.691527
0.508095
0.350889
0.162784
-0.0600388
-0.283888
-0.478061
-0.641421
-0.796517
-0.980664
-1.221
-1.50599
-1.73019
-1.69922
-1.33959
-0.765927
-0.143812
0.392741
0.657189
0.54179
0.139871
-0.32017
-0.574521
-0.509867
-0.225988
0.0993357
0.332651
0.38391
0.247028
-0.002821
-0.306213
-0.622326
-0.84139
-0.882895
-0.778232
-0.624354
-0.495416
-0.410787
-0.38443
-0.434264
-0.550375
-0.685399
-0.758196
-0.72024
-0.588102
-0.376716
-0.0846525
0.259282
0.574145
0.770426
0.835764
0.83386
0.85382
0.965454
1.17341
1.42361
1.64632
1.78315
1.77356
1.58945
1.22352
0.7022
0.0604636
-0.651592
-1.24521
-1.49842
-1.397
-1.12262
-0.886207
-0.78779
-0.790376
-0.804763
-0.759688
-0.618471
-0.437341
-0.311951
-0.277375
-0.292334
-0.278687
-0.187512
-0.0348837
0.108101
0.167922
0.136066
0.0867134
0.13158
0.313052
0.580696
0.85694
1.10122
1.29693
1.39113
1.34796
1.20015
1.02611
0.908122
0.877774
0.904791
0.938691
0.936965
0.872464
0.746419
0.569068
0.353322
0.137407
-0.00474869
-0.0346821
0.0160231
0.0840269
0.110523
0.062376
-0.0481279
-0.17604
-0.245923
-0.196859
-0.0406605
0.152099
0.283969
0.296576
0.213437
0.10965
0.0752805
0.153225
0.311477
0.480287
0.605929
0.678394
0.695703
0.652594
0.560656
0.447106
0.33808
0.243685
0.158431
0.0733443
-0.0139724
-0.0925051
-0.133242
-0.119938
-0.0673146
-0.00435502
0.0471413
0.0663014
0.0374833
-0.0319122
-0.116822
-0.194763
-0.256538
-0.301641
-0.335283
-0.364434
-0.392557
-0.418009
-0.438707
-0.455427
-0.469436
-0.472601
-0.452839
-0.408841
-0.340184
-0.241232
-0.126293
-0.0258556
0.0391417
0.0696336
0.0809513
0.0818768
0.0718843
0.0460803
-0.00101108
-0.0666397
-0.135636
-0.181936
-0.191794
-0.175313
-0.156071
-0.15356
-0.169975
-0.194551
-0.216625
-0.231237
-0.226664
-0.188475
-0.11829
-0.0336074
0.0313719
0.0359195
-0.0270069
-0.127473
-0.225836
-0.278607
-0.257312
-0.174536
-0.0682233
0.0282214
0.0853704
0.0847799
0.0368905
-0.0296213
-0.0868238
-0.117294
-0.120961
-0.109401
-0.0955647
-0.0931793
-0.114775
-0.160696
-0.221179
-0.282457
-0.330464
-0.360672
-0.377227
-0.379905
-0.366189
-0.339839
-0.312816
-0.296144
-0.290623
-0.286978
-0.275325
-0.25398
-0.231168
-0.229365
-0.267733
-0.341499
-0.428918
-0.510651
-0.572027
-0.596254
-0.580716
-0.541321
-0.497242
-0.454574
-0.407383
-0.340293
-0.236809
-0.0990381
0.0543266
0.20954
0.355057
0.462475
0.515438
0.520789
0.494123
0.451221
0.398287
0.332317
0.250804
0.159827
0.0882019
0.0616639
0.0759923
0.105752
0.123153
0.110908
0.0722761
0.0249351
-0.0133115
-0.037144
-0.053105
-0.069848
-0.0910278
-0.117032
-0.148008
-0.18309
-0.220359
-0.25798
-0.293688
-0.314469
-0.301516
-0.248601
-0.169579
-0.0935938
-0.0465858
-0.0363188
-0.0498505
-0.0680531
-0.0799546
-0.0840771
-0.08351
-0.0817402
-0.0826638
-0.10262
-0.160706
-0.250049
-0.338032
-0.399939
-0.43733
-0.467423
-0.500465
-0.521602
-0.510331
-0.466484
-0.408206
-0.359621
-0.340905
-0.353368
-0.38167
-0.407077
-0.409366
-0.377013
-0.317624
-0.24904
-0.184311
-0.125558
-0.068361
-0.0132547
0.0228248
0.0248933
-0.000439566
-0.0169711
0.018343
0.105179
0.203877
0.277989
0.319794
0.345884
0.380772
0.443932
0.535041
0.635243
0.725068
0.795707
0.84738
0.874815
0.872262
0.845523
0.806081
0.760829
0.712076
0.66609
0.639029
0.64002
0.661554
0.68709
0.698944
0.68861
0.661915
0.630921
0.602924
0.576184
0.545678
0.50969
0.466379
0.405155
0.31859
0.211891
0.0970584
-0.0178595
-0.138561
-0.265271
-0.375171
-0.44792
-0.475888
-0.466548
-0.438367
-0.402762
-0.353795
-0.284254
-0.198184
-0.108025
-0.0240557
0.0491871
0.106376
0.145671
0.171038
0.186474
0.19509
0.200432
0.206341
0.214539
0.219398
0.209313
0.180582
0.141553
0.103769
0.0757147
0.0610956
0.0568082
0.0562723
0.054686
0.0509016
0.0441577
0.0326505
0.0163451
-0.00174803
-0.017983
-0.0311789
-0.0428481
-0.0558039
-0.0757646
-0.109653
-0.158493
-0.218798
-0.283835
-0.343201
-0.39071
-0.428796
-0.463042
-0.495435
-0.525222
-0.55209
-0.576638
-0.596483
-0.60762
-0.610117
-0.608232
-0.606429
-0.605673
-0.603025
-0.595994
-0.585257
-0.573386
-0.561687
-0.547883
-0.529266
-0.50611
-0.479911
-0.44867
-0.409378
-0.359871
-0.299568
-0.23203
-0.165734
-0.108604
-0.0636892
-0.0307193
-0.0059666
0.015704
0.0381296
0.0630381
0.0900783
0.117895
0.145047
0.164396
0.162711
0.136289
0.0948551
0.0536561
0.0344814
0.0545086
0.108926
0.17722
0.238589
0.282763
0.313432
0.340499
0.367767
0.386341
0.387468
0.373415
0.353924
0.337543
0.331043
0.338973
0.359145
0.383314
0.395989
0.383818
0.348692
0.303796
0.260972
0.223424
0.187839
0.150444
0.11055
0.0704047
0.0328054
-0.00113913
-0.0294649
-0.0497395
-0.0628356
-0.0726336
-0.0843782
-0.103104
-0.129632
-0.160482
-0.19154
-0.220956
-0.246124
-0.256147
-0.242428
-0.208842
-0.162747
-0.106933
-0.0463566
0.00974904
0.0543345
0.0844157
0.102868
0.115298
0.122372
0.121495
0.112914
0.100408
0.088007
0.0774771
0.0685877
0.0603485
0.0520238
0.0434815
0.0349344
0.0264407
0.016947
0.00487707
-0.00996061
-0.0262713
-0.0438132
-0.0679288
-0.103969
-0.148628
-0.192125
-0.225434
-0.242129
-0.243151
-0.235962
-0.223311
-0.192527
-0.135806
-0.0708581
-0.0225276
0.00195211
0.0135997
0.0266458
0.0467319
0.0707425
0.0935114
0.110748
0.112595
0.0911853
0.0507001
0.00592706
-0.0196961
-0.0116968
0.0229713
0.0671003
0.109424
0.148786
0.189697
0.236235
0.287941
0.338149
0.376533
0.39953
0.412768
0.424067
0.437346
0.452122
0.465809
0.470663
0.456025
0.420627
0.369502
0.301672
0.218348
0.132898
0.0603365
0.0110113
-0.0127304
-0.0193222
-0.0202967
-0.0208069
-0.0199094
-0.0170665
-0.0196037
-0.0366319
-0.068614
-0.109651
-0.152476
-0.183298
-0.189921
-0.174483
-0.149713
-0.127951
-0.118026
-0.122767
-0.137043
-0.148233
-0.143175
-0.120038
-0.08743
-0.0518628
-0.0131437
0.0229692
0.0478313
0.0600515
0.067431
0.0817415
0.107623
0.137402
0.160054
0.172226
0.177168
0.176942
0.171877
0.162941
0.152109
0.140812
0.125181
0.0973841
0.0553587
0.00256536
-0.0586915
-0.12548
-0.19222
-0.248666
-0.283664
-0.297132
-0.299489
-0.299375
-0.29625
-0.286704
-0.270789
-0.251707
-0.232311
-0.213497
-0.194774
-0.175387
-0.15474
-0.132795
-0.110297
-0.0892489
-0.0715999
-0.0572165
-0.0442113
-0.0292285
-0.00799498
0.0215303
0.0590442
0.100459
0.133407
0.146279
0.140411
0.129872
0.130843
0.14795
0.17398
0.199549
0.21971
0.226664
0.210107
0.170299
0.118389
0.0662739
0.0207502
-0.00909146
-0.0154819
-0.00186534
0.0202016
0.0406667
0.0553215
0.0646726
0.0715709
0.0784612
0.0860672
0.0931327
0.0953907
0.0895079
0.0768886
0.0625409
0.0574588
0.0746614
0.113034
0.156272
0.189904
0.212073
0.229723
0.249468
0.272748
0.295801
0.306175
0.291327
0.254023
0.212703
0.185094
0.177919
0.186992
0.20253
0.212286
0.201396
0.16505
0.115293
0.0764156
0.0639312
0.0729479
0.0870219
0.0898156
0.0749881
0.0483627
0.0190775
-0.0107179
-0.0445046
-0.0839625
-0.126531
-0.166468
-0.19218
-0.195596
-0.181187
-0.160685
-0.142929
-0.129416
-0.117061
-0.104542
-0.100052
-0.113754
-0.145271
-0.184833
-0.218448
-0.23078
-0.217967
-0.192442
-0.17237
-0.165912
-0.168489
-0.171166
-0.165381
-0.144348
-0.108917
-0.0666307
-0.0271576
0.00279034
0.0237245
0.0388268
0.0444776
0.0355786
0.013967
-0.0132376
-0.0418369
-0.0732337
-0.109398
-0.149533
-0.190964
-0.231549
-0.269438
-0.300617
-0.322818
-0.338444
-0.35214
-0.367059
-0.383526
-0.399997
-0.412072
-0.41415
-0.405745
-0.391768
-0.377696
-0.365809
-0.352333
-0.321541
-0.260507
-0.17771
-0.0980343
-0.0384892
-0.0010854
0.0191978
0.0300794
0.0381779
0.0466583
0.0556965
0.0644308
0.0724268
0.0799564
0.0875137
0.0953325
0.103315
0.111263
0.119256
0.128873
0.142362
0.159916
0.179608
0.200193
0.224267
0.254733
0.28761
0.308869
0.308873
0.291914
0.269863
0.25133
0.237294
0.224306
0.209622
0.193247
0.176696
0.161042
0.146264
0.13409
0.130582
0.13913
0.15638
0.175898
0.193478
0.208876
0.223932
0.240005
0.257022
0.273375
0.279582
0.261036
0.215831
0.15942
0.110379
0.0755791
0.0543193
0.0454234
0.0432372
0.0375703
0.0226348
0.000544235
-0.0226434
-0.0424412
-0.0578566
-0.0657174
-0.0612786
-0.0451164
-0.02306
-0.000480344
0.021673
0.0449922
0.0694688
0.087526
0.0894844
0.0749814
0.0526585
0.0323975
0.0183634
0.00834307
-0.00252283
-0.0183027
-0.0393762
-0.0630309
-0.0862813
-0.106734
-0.123029
-0.135923
-0.147459
-0.159236
-0.171571
-0.183985
-0.196054
-0.207757
-0.217493
-0.218325
-0.204897
-0.179836
-0.147946
-0.105706
-0.048703
0.0091707
0.0469734
0.0594895
0.0569696
0.0485448
0.036198
0.0192445
-0.00144328
-0.0229041
-0.0426178
-0.0602706
-0.0761963
-0.0848795
-0.0777125
-0.0484285
-0.000203129
0.0500938
0.0834226
0.0903185
0.0770241
0.0583215
0.0481897
0.0515626
0.0625408
0.0680579
0.0586572
0.0361694
0.00939864
-0.0101783
-0.00897145
0.0168584
0.0580181
0.100436
0.126171
0.120292
0.0854486
0.0406463
0.00863283
-0.00191656
0.0010254
0.00479601
0.00258008
-0.0060351
-0.0182688
-0.0312315
-0.0437015
-0.056216
-0.0701592
-0.0860869
-0.103267
-0.12057
-0.137061
-0.151514
-0.163296
-0.173126
-0.182473
-0.19287
-0.205055
-0.218568
-0.232281
-0.241374
-0.234564
-0.207615
-0.173046
-0.147594
-0.136521
-0.133167
-0.1286
-0.118595
-0.103566
-0.087884
-0.082033
-0.0939368
-0.120319
-0.149791
-0.173221
-0.189735
-0.203793
-0.218666
-0.234
-0.248129
-0.260478
-0.271725
-0.280041
-0.279234
-0.266371
-0.245726
-0.226392
-0.215017
-0.211075
-0.208572
-0.198343
-0.175197
-0.14188
-0.102322
-0.0582757
-0.0176554
0.00944672
0.0216734
0.0262471
0.0312239
0.0397395
0.0501863
0.0590931
0.0638537
0.0647783
0.0641773
0.064047
0.0648546
0.0659807
0.0667441
0.0666604
0.0653968
0.0631132
0.060352
0.0576012
0.0550862
0.0533883
0.0534783
0.0555256
0.0586955
0.0619617
0.0646287
0.0648738
0.060275
0.0507774
0.0387435
0.0267172
0.0157241
0.005404
-0.00484689
-0.0152371
-0.0256382
-0.0358924
-0.045618
-0.051463
-0.048638
-0.0367905
-0.0202612
-0.00558293
-0.000410821
-0.00752399
-0.0226929
-0.0393976
-0.0538696
-0.0638788
-0.0647001
-0.0540747
-0.0354359
-0.0152501
-0.000172212
0.00699061
0.00878487
0.0118213
0.0237709
0.0465783
0.0756119
0.102719
0.119067
0.12229
0.117646
0.112229
0.110906
0.116164
0.127155
0.140853
0.15559
0.172539
0.192461
0.210278
0.217024
0.210025
0.194833
0.178986
0.16609
0.154898
0.142652
0.12828
0.112722
0.0973869
0.0828777
0.0704234
0.0645096
0.0680804
0.0788741
0.091888
0.103419
0.110341
0.108781
0.0983372
0.0827922
0.0666618
0.0522432
0.041393
0.0372609
0.0405229
0.0482815
0.0565685
0.062131
0.0636572
0.0623008
0.0601873
0.058652
0.0573655
0.053014
0.0418834
0.0241783
0.00345427
-0.0168367
-0.0353557
-0.0492129
-0.0522832
-0.0427509
-0.0253958
-0.00691364
0.00714136
0.0117216
0.00599822
-0.00587167
-0.0186778
-0.0297945
-0.039393
-0.0478356
-0.0547477
-0.0600344
-0.0642946
-0.0683546
-0.0726269
-0.0753057
-0.071334
-0.0580884
-0.0382895
-0.0169327
0.00283145
0.020933
0.0387389
0.0544639
0.0604559
0.0521919
0.033472
0.0123858
-0.00172588
-0.00161512
0.0117718
0.0311977
0.0499263
0.0658001
0.0784428
0.0825188
0.073014
0.0520524
0.0275604
0.00825762
-0.00264756
-0.00828951
-0.0135577
-0.0208858
-0.0299276
-0.0400274
-0.0511266
-0.0631996
-0.0759167
-0.0888046
-0.10146
-0.113582
-0.125156
-0.136427
-0.146789
-0.151332
-0.144813
-0.128088
-0.1069
-0.0867136
-0.0699873
-0.0561551
-0.0432593
-0.0299048
-0.0159662
-0.00200399
0.0115815
0.024664
0.0343648
0.0346994
0.0238259
0.00657825
-0.00490751
0.00261702
0.0306048
0.0691335
0.10728
0.140462
0.165205
0.174232
0.165635
0.146048
0.125243
0.113319
0.116166
0.130927
0.149874
0.16718
0.181423
0.191737
0.196479
0.195932
0.192559
0.188992
0.186385
0.184414
0.182293
0.179038
0.173372
0.165031
0.155086
0.144916
0.135215
0.125877
0.1165
0.106873
0.0970794
0.087302
0.0776308
0.0680289
0.0583532
0.0478373
0.0352977
0.0205432
0.00454953
-0.0115135
-0.0270689
-0.0414829
-0.0535797
-0.0630686
-0.0709616
-0.0786098
-0.0867235
-0.095218
-0.10363
-0.1114
-0.118295
-0.124589
-0.130748
-0.137051
-0.143496
-0.149948
-0.156197
-0.161662
-0.165876
-0.169049
-0.171395
-0.170946
-0.165236
-0.154562
-0.141618
-0.128983
-0.1175
-0.107077
-0.0998127
-0.0984985
-0.102887
-0.109972
-0.116369
-0.118665
-0.11503
-0.10685
-0.0972889
-0.089955
-0.0875322
-0.0896989
-0.0939124
-0.0978376
-0.100768
-0.103445
-0.10782
-0.115562
-0.126315
-0.138138
-0.146463
-0.14408
-0.128694
-0.10516
-0.0803776
-0.058033
-0.0376745
-0.0170623
0.00524773
0.0289619
0.0529301
0.076079
0.096959
0.114551
0.128044
0.136511
0.140643
0.142659
0.144688
0.147837
0.152157
0.157051
0.161932
0.166204
0.165401
0.15225
0.128301
0.107409
0.10094
0.107811
0.116396
0.110657
0.0849596
0.0536436
0.0372319
0.0418709
0.0582331
0.0744407
0.0858637
0.0948552
0.105254
0.118949
0.136083
0.155511
0.175722
0.195791
0.215592
0.235388
0.254292
0.264541
0.256628
0.230892
0.196776
0.166689
0.150853
0.150057
0.156888
0.163463
0.166816
0.168453
0.17081
0.174472
0.176011
0.170058
0.155483
0.136099
0.116584
0.099444
0.0860574
0.0767597
0.0702803
0.0647114
0.0586902
0.050665
0.038774
0.0229223
0.00492037
-0.013179
-0.0300528
-0.0449848
-0.0581788
-0.0705254
-0.0828573
-0.0957638
-0.110208
-0.126795
-0.144955
-0.161499
-0.169996
-0.167434
-0.157247
-0.145397
-0.135506
-0.127552
-0.119962
-0.111931
-0.103732
-0.0959017
-0.0888741
-0.0835448
-0.0804773
-0.0791191
-0.0783227
-0.0772669
-0.0758402
-0.0752003
-0.0789103
-0.0894672
-0.105435
-0.122642
-0.13588
-0.142519
-0.144283
-0.143772
-0.139338
-0.128051
-0.110392
-0.0889862
-0.0637324
-0.0340213
-0.00337622
0.023728
0.0461127
0.0635628
0.0732183
0.0738556
0.0683984
0.0614182
0.0557435
0.0514857
0.0466708
0.0368627
0.0189821
-0.00535124
-0.0306901
-0.0482846
-0.052715
-0.0467845
-0.0376395
-0.0305093
-0.0278756
-0.0319182
-0.0426652
-0.0573948
-0.0716925
-0.0794242
-0.0773834
-0.0681513
-0.0569522
-0.0472558
-0.0403374
-0.0397129
-0.048705
-0.0658908
-0.0864161
-0.10504
-0.116321
-0.118105
-0.11338
-0.107066
-0.102186
-0.0992421
-0.0978823
-0.0976032
-0.0978985
-0.098389
-0.0988845
-0.0993482
-0.0998546
-0.101212
-0.104949
-0.111498
-0.119756
-0.128221
-0.13613
-0.14361
-0.151107
-0.158204
-0.162295
-0.161289
-0.156075
-0.149391
-0.143368
-0.138386
-0.133009
-0.123886
-0.108949
-0.0895817
-0.0690056
-0.0503958
-0.0356055
-0.0240554
-0.0137344
-0.0030405
0.00836112
0.0196422
0.0288274
0.0367131
0.04728
0.0627426
0.0817237
0.100704
0.113342
0.114183
0.104436
0.0902311
0.0781279
0.0740793
0.0799894
0.0924138
0.106214
0.118434
0.127575
0.129897
0.123033
0.109245
0.0932514
0.0787893
0.0675912
0.0592242
0.0520402
0.0446868
0.036822
0.0286762
0.0197711
0.00912212
-0.00341066
-0.0168974
-0.0288424
-0.03544
-0.0354857
-0.031765
-0.0313889
-0.0421408
-0.0648849
-0.0932049
-0.117782
-0.133534
-0.142528
-0.150013
-0.158526
-0.16473
-0.164422
-0.157749
-0.148407
-0.139867
-0.133066
-0.126405
-0.116504
-0.101449
-0.0825693
-0.0627063
-0.0435484
-0.023841
-0.00111088
0.0251815
0.053243
0.0783283
0.0934044
0.0963449
0.0917964
0.0862294
0.0830071
0.0816374
0.0807094
0.0817917
0.0875645
0.0981126
0.110978
0.123516
0.13253
0.132454
0.121006
0.101903
0.0810823
0.0620973
0.0449474
0.0285931
0.0143595
0.00423605
-0.00197783
-0.00642237
-0.0111603
-0.0168564
-0.0227752
-0.0261107
-0.0236661
-0.0154585
-0.0044473
0.00634865
0.0153865
0.0199783
0.0170595
0.00718521
-0.00410123
-0.00816797
-0.00115376
0.0133917
0.0292082
0.0412968
0.0454353
0.0407636
0.0306208
0.0195494
0.0121568
0.0126463
0.0211086
0.0329444
0.041495
0.0434784
0.040761
0.0372319
0.035487
0.0362514
0.0388087
0.0419452
0.044893
0.0473835
0.0483006
0.0461518
0.0409751
0.0342894
0.0277187
0.0229028
0.0219017
0.0250953
0.0285483
0.0239909
0.00717812
-0.0183102
-0.0440267
-0.0604348
-0.0642249
-0.060006
-0.0546815
-0.0518917
-0.0511013
-0.0501878
-0.0480138
-0.0449779
-0.0420246
-0.0396363
-0.0383708
-0.0406698
-0.0484766
-0.0607599
-0.0746455
-0.0878977
-0.100079
-0.111407
-0.119613
-0.121693
-0.117857
-0.111229
-0.104899
-0.0999234
-0.0954402
-0.0900496
-0.0832759
-0.0757184
-0.0682117
-0.0611128
-0.0542559
-0.0473524
-0.0405808
-0.034706
-0.0301337
-0.0264784
-0.0230229
-0.0193213
-0.0153742
-0.0112835
-0.00611598
0.00166864
0.011753
0.0198361
0.0212987
0.0160521
0.00777971
9.86526e-05
-0.00588216
-0.011465
-0.0188363
-0.0288211
-0.0404226
-0.0521334
-0.0632031
-0.0734738
-0.0795293
-0.0751701
-0.0590769
-0.0361927
-0.0127437
0.00830277
0.0276276
0.045825
0.058772
0.0622568
0.0574228
0.0492936
0.0421679
0.0371579
0.033989
0.0335409
0.0364619
0.0418907
0.0481397
0.0539976
0.0592718
0.0643873
0.0697257
0.0752874
0.0805401
0.0847666
0.087856
0.0903386
0.0928269
0.095576
0.0984794
0.101339
0.104078
0.106757
0.109567
0.112831
0.116669
0.120884
0.125169
0.129351
0.133441
0.13752
0.141391
0.144364
0.146051
0.14681
0.147334
0.148074
0.149051
0.150064
0.150925
0.150479
0.145681
0.134987
0.120145
0.104298
0.0894325
0.075738
0.0626702
0.0497769
0.0369187
0.0241366
0.0114626
-0.00118099
-0.0139484
-0.0269096
-0.0400012
-0.0531112
-0.066176
-0.0792032
-0.092117
-0.104125
-0.114234
-0.122474
-0.129813
-0.137225
-0.144425
-0.148148
-0.14537
-0.1369
-0.126222
-0.116269
-0.107735
-0.100271
-0.0950592
-0.0935386
-0.0952955
-0.098448
-0.101316
-0.103414
-0.105013
-0.104723
-0.0995109
-0.0885719
-0.0742131
-0.0594939
-0.0459405
-0.033269
-0.0209382
-0.00975544
-0.000716497
0.00638443
0.0126904
0.0192177
0.0262388
0.033461
0.0406648
0.0483527
0.0571745
0.0671025
0.0775254
0.0878517
0.0979304
0.10846
0.120702
0.135025
0.150593
0.166277
0.181324
0.192545
0.193852
0.183525
0.166109
0.147771
0.131687
0.117477
0.104513
0.0938261
0.0861432
0.0806588
0.0757904
0.0704558
0.0645519
0.0585944
0.053727
0.0512457
0.0511935
0.0523878
0.0535534
0.0534358
0.0493659
0.0395641
0.0253069
0.009569
-0.00545326
-0.0183912
-0.0261109
-0.0263665
-0.0207368
-0.0130451
-0.00617638
-0.000662914
0.00445711
0.0100628
0.0155545
0.0186239
0.0179364
0.0145064
0.0104182
0.00702374
0.00440587
0.00265803
0.00274408
0.00511541
0.00904096
0.0133183
0.0168575
0.0179387
0.0153897
0.0099558
0.0035026
-0.00255666
-0.00795876
-0.0131715
-0.0186268
-0.0238884
-0.0269092
-0.0261312
-0.0222593
-0.0173458
-0.0129547
-0.00880624
0.00181017
0.0286469
0.0657158
0.0934797
0.100973
0.0935724
0.083609
0.0786855
0.0783364
0.0783338
0.0759559
0.0714491
0.0662642
0.0613668
0.0567959
0.052148
0.047136
0.0417654
0.0362378
0.0307397
0.0251013
0.0176866
0.00651817
-0.00832728
-0.0249169
-0.0409952
-0.0546378
-0.0653224
-0.0741585
-0.082683
-0.091706
-0.101102
-0.109386
-0.113496
-0.11207
-0.106884
-0.100905
-0.0959002
-0.0918208
-0.0877604
-0.0831315
-0.078044
-0.0729256
-0.0680379
-0.0633353
-0.0586379
-0.053886
-0.0495389
-0.046288
-0.0442245
-0.0427898
-0.0413486
-0.0396388
-0.0378899
-0.0369928
-0.037741
-0.0399491
-0.042739
-0.0453595
-0.0476263
-0.0497638
-0.0520198
-0.054737
-0.0589469
-0.0654
-0.073633
-0.0822956
-0.0884493
-0.0885585
-0.0822927
-0.0726418
-0.0629513
-0.0546085
-0.0470777
-0.0393233
-0.0309349
-0.0222066
-0.0135901
-0.00551572
0.000644522
0.00352472
0.00347196
0.00215655
0.00106988
0.000646046
0.000579098
0.001263
0.0040048
0.00925677
0.0157133
0.0193681
0.0162765
0.00667315
-0.00583786
-0.0178352
-0.028272
-0.0380174
-0.0481789
-0.0586439
-0.0670561
-0.0712274
-0.0716203
-0.0705593
-0.0700164
-0.070442
-0.0711896
-0.0712265
-0.0695937
-0.0662433
-0.0619958
-0.0577407
-0.0539979
-0.0511477
-0.0492539
-0.047966
-0.0468198
-0.0455305
-0.0434368
-0.0388717
-0.0309947
-0.0207874
-0.0100183
-0.000155332
0.00780268
0.013865
0.0189239
0.0237041
0.0265927
0.0246325
0.0173488
0.0071571
-0.00309074
-0.0121566
-0.0204121
-0.0274759
-0.0308225
-0.0290437
-0.0236055
-0.017258
-0.0117753
-0.00747131
-0.00526665
-0.00666793
-0.0116189
-0.0184107
-0.0252209
-0.0313038
-0.0369489
-0.0427107
-0.0486785
-0.0539529
-0.0575243
-0.0594423
-0.0606321
-0.0619742
-0.0637319
-0.0655566
-0.0663261
-0.0649605
-0.0616174
-0.0574171
-0.0533823
-0.0498106
-0.0464287
-0.0425442
-0.0366865
-0.0279428
-0.0171672
-0.0074098
-0.00190439
-0.00094555
-0.00219979
-0.00312859
-0.00123768
0.0065987
0.0210507
0.0395053
0.0582009
0.0742094
0.0870163
0.0981533
0.109356
0.120432
0.126906
0.124563
0.114443
0.101296
0.0892251
0.0800761
0.0740795
0.0701883
0.0669856
0.063605
0.0599376
0.0562056
0.0525264
0.0488543
0.0451098
0.0412817
0.0374209
0.0335792
0.0298339
0.0264118
0.0234761
0.0209255
0.0185056
0.0160261
0.0134548
0.0108583
0.00827939
0.00562153
0.00274832
-0.00034695
-0.00354899
-0.00673795
-0.0098957
-0.0133227
-0.0175098
-0.0225535
-0.0280782
-0.0331224
-0.0350557
-0.0317921
-0.0241966
-0.0150094
-0.00641261
0.00114551
0.00837195
0.0158774
0.0234684
0.0306342
0.0372151
0.043476
0.0497684
0.0562387
0.0628134
0.069072
0.0733118
0.0738589
0.0710764
0.0668801
0.0629791
0.0598543
0.0570498
0.0540241
0.0506594
0.0471796
0.0438131
0.0405992
0.0374354
0.0342223
0.0309449
0.0276518
0.0244324
0.0213721
0.0184662
0.0156336
0.0127943
0.00992161
0.00690981
0.0026581
-0.00441448
-0.0144347
-0.0259998
-0.0375556
-0.0484677
-0.0589288
-0.0682481
-0.0743186
-0.0763234
-0.0756968
-0.0746184
-0.0743108
-0.0746784
-0.0750635
-0.0750728
-0.0749676
-0.0760134
-0.079384
-0.084854
-0.0911763
-0.0972347
-0.10147
-0.100095
-0.0908935
-0.075903
-0.0592351
-0.0436909
-0.029543
-0.0156658
-0.00139208
0.010737
0.016044
0.0133729
0.00607436
-0.00136298
-0.00487189
-0.00164551
0.00757867
0.0194421
0.0297543
0.0342972
0.0320533
0.0257432
0.0189341
0.0138107
0.0120655
0.0144322
0.0197877
0.026133
0.032079
0.0366277
0.0372282
0.032014
0.0222419
0.0122524
0.0073442
0.00915065
0.0149783
0.021096
0.025705
0.0292602
0.0329619
0.0373814
0.0420614
0.0455779
0.0469007
0.0464231
0.0453634
0.0446392
0.0443827
0.0442436
0.0439173
0.043393
0.0429054
0.0426878
0.0427515
0.0429338
0.043078
0.0431425
0.0431755
0.0432317
0.0433123
0.0431665
0.0422554
0.0403665
0.0378393
0.0351985
0.0327403
0.0304218
0.0276455
0.0233225
0.0170735
0.00960392
0.00194507
-0.00546798
-0.0135829
-0.0237837
-0.0361981
-0.0497131
-0.0631299
-0.0760047
-0.0885911
-0.101283
-0.113408
-0.120238
-0.116837
-0.104007
-0.0870891
-0.0709668
-0.0570745
-0.0446798
-0.0348151
-0.0294039
-0.028288
-0.0292625
-0.0300898
-0.0299458
-0.0292778
-0.0287984
-0.0288124
-0.0296063
-0.0315952
-0.0347345
-0.0384821
-0.0418502
-0.0426071
-0.0390686
-0.0319915
-0.0236391
-0.0157854
-0.00883101
-0.00268319
0.00252544
0.00680922
0.0105152
0.0140887
0.017798
0.022212
0.0290308
0.0393132
0.0521602
0.0645755
0.0721526
0.0731495
0.0698247
0.0657659
0.0629837
0.061301
0.0596246
0.0571635
0.0530027
0.0463213
0.0374436
0.0275841
0.0178252
0.00851004
-1.65544e-06
-0.00461614
-0.00188126
0.00769088
0.020316
0.0324467
0.0425338
0.050006
0.0550937
0.0587894
0.0621627
0.0657629
0.0695468
0.0727644
0.0742737
0.0738205
0.0722388
0.0705778
0.0693277
0.0683596
0.0673469
0.0661384
0.064748
0.0627385
0.0593537
0.054497
0.0488352
0.0431449
0.0377663
0.0325891
0.0274314
0.0224764
0.0180413
0.0141458
0.010514
0.0069859
0.00440821
0.00400071
0.00580957
0.00872384
0.011569
0.0139033
0.0156795
0.0152583
0.0103268
0.000876682
-0.0108306
-0.0222631
-0.0318928
-0.0396723
-0.0458032
-0.0490907
-0.0487194
-0.0456504
-0.0418321
-0.0388273
-0.0369877
-0.0357111
-0.0343066
-0.0325541
-0.0306454
-0.0288
-0.0267536
-0.0238677
-0.0199322
-0.0153588
-0.0111547
-0.0100617
-0.0145609
-0.0240136
-0.0355094
-0.0465213
-0.0562383
-0.0643535
-0.0704463
-0.0747378
-0.078103
-0.0814097
-0.0850189
-0.0885419
-0.0904036
-0.0893205
-0.0857559
-0.0812899
-0.0771842
-0.0736909
-0.0703892
-0.0668665
-0.0627593
-0.0567649
-0.0477425
-0.0368157
-0.0276721
-0.0229361
-0.021904
-0.0219929
-0.0212687
-0.0195116
-0.0175931
-0.016301
-0.0156843
-0.015286
-0.0147154
-0.0141867
-0.0146055
-0.0165028
-0.0194836
-0.022727
-0.0256848
-0.0280803
-0.0295772
-0.0301186
-0.030065
-0.0297438
-0.0285873
-0.0257267
-0.0211903
-0.0158543
-0.0106024
-0.00574364
-0.00106158
0.00381881
0.00905598
0.0145195
0.0199916
0.0253537
0.030565
0.035617
0.0405509
0.0454361
0.050324
0.0552296
0.0601034
0.0641463
0.0655821
0.0637021
0.0596454
0.0551837
0.0513293
0.0479688
0.0440845
0.0386626
0.03172
0.024106
0.0167374
0.0116194
0.0119731
0.0185418
0.0287952
0.039463
0.0486693
0.0548678
0.0567963
0.0550544
0.0516634
0.0484123
0.0458727
0.0436609
0.0412573
0.0385306
0.0357619
0.0333131
0.0312633
0.0294133
0.0275315
0.025535
0.0234802
0.0214523
0.0195973
0.0182686
0.017669
0.0176052
0.0176939
0.0176772
0.0175314
0.0173619
0.0172506
0.0171957
0.0171493
0.017085
0.0170915
0.0173335
0.0178527
0.0185328
0.0192237
0.0198648
0.0207779
0.0228276
0.0264546
0.0311914
0.0361882
0.0409111
0.0449387
0.0461806
0.0423851
0.0339695
0.0235095
0.0135143
0.00696678
0.00767498
0.0161736
0.0280296
0.0339714
0.0274549
0.0104728
-0.00999079
-0.0285728
-0.0444417
-0.059181
-0.0707463
-0.0738733
-0.0672376
-0.0548904
-0.0427772
-0.0367644
-0.039207
-0.0474606
-0.057037
-0.0652449
-0.0721053
-0.0788884
-0.0863357
-0.0930149
-0.0958425
-0.0937373
-0.0885693
-0.0830495
-0.0785853
-0.0749364
-0.0713098
-0.0676229
-0.0644213
-0.062012
-0.0601526
-0.0583757
-0.0564035
-0.0542591
-0.0520892
-0.0498677
-0.0473982
-0.0445978
-0.0415843
-0.038542
-0.0355722
-0.0326618
-0.029752
-0.0268083
-0.0238392
-0.0209811
-0.0192617
-0.0201063
-0.0236104
-0.028495
-0.0333608
-0.0376356
-0.040949
-0.0414007
-0.0374032
-0.0297458
-0.0207415
-0.0122247
-0.00472505
0.00152223
0.00625038
0.00969399
0.0125249
0.015356
0.0184129
0.0215931
0.0247259
0.0277531
0.0307304
0.0337311
0.0367778
0.0398312
0.0424436
0.0434846
0.0423904
0.039803
0.0368633
0.0342843
0.0320791
0.0299168
0.0275686
0.0250591
0.0225365
0.0200965
0.0177252
0.0153579
0.0129547
0.0105226
0.00808956
0.00567225
0.00328323
0.00138356
0.00124016
0.00350741
0.00747786
0.0118615
0.0158418
0.0192353
0.0212698
0.0208192
0.0179221
0.0137862
0.00967615
0.00608569
0.00279173
-0.000596774
-0.00416797
-0.00714849
-0.00829187
-0.00733764
-0.00520239
-0.00301627
-0.00129002
0.000133407
0.00161227
0.00330683
0.00515028
0.00718395
0.00962129
0.0125238
0.0157108
0.0189359
0.0220694
0.02513
0.0281926
0.0312983
0.0344349
0.0375696
0.0406856
0.0437944
0.0470247
0.0506433
0.0547525
0.0591798
0.0636635
0.0680563
0.0723696
0.0766811
0.0810376
0.0854285
0.0898186
0.0941136
0.0978941
0.100735
0.102724
0.104346
0.106038
0.107929
0.109903
0.111822
0.113524
0.114161
0.112694
0.109184
0.104694
0.100287
0.0963371
0.0926196
0.088775
0.0842695
0.0783842
0.0710181
0.0628098
0.0545249
0.0465209
0.0387132
0.0308755
0.0229017
0.0148506
0.00708504
0.000495799
-0.00441207
-0.0080874
-0.0114267
-0.0150271
-0.0189514
-0.0231259
-0.0276122
-0.0324364
-0.0374879
-0.0425994
-0.0476643
-0.0526753
-0.0576764
-0.062701
-0.0676209
-0.0718021
-0.0746882
-0.0764626
-0.0778111
-0.0793008
-0.0810605
-0.0829139
-0.0846771
-0.0863222
-0.088028
-0.0901792
-0.0929781
-0.0962411
-0.0996167
-0.102881
-0.106028
-0.10916
-0.112316
-0.114786
-0.114937
-0.1121
-0.107294
-0.10212
-0.0974996
-0.0933782
-0.0892767
-0.0849001
-0.080311
-0.0757901
-0.0716773
-0.0680785
-0.0647962
-0.0615543
-0.058211
-0.05479
-0.0513757
-0.0480117
-0.0447068
-0.0418518
-0.0402632
-0.0401952
-0.0410659
-0.0420632
-0.0427623
-0.0432239
-0.0436952
-0.044311
-0.0450273
-0.0457357
-0.0463523
-0.0465677
-0.0458873
-0.0442319
-0.0420263
-0.039782
-0.0377341
-0.0358205
-0.0338856
-0.0318569
-0.0297717
-0.0276979
-0.0256545
-0.0234068
-0.0204346
-0.0165301
-0.0120137
-0.00738712
-0.0029355
0.0013607
0.00565208
0.0100305
0.0144757
0.0189204
0.0233268
0.0277053
0.0320898
0.0365072
0.0409571
0.0454205
0.0498793
0.054329
0.0587756
0.0632252
0.0676762
0.0719625
0.0754576
0.077693
0.0789144
0.0797901
0.0808282
0.0820864
0.0828078
0.0815246
0.0776978
0.0722434
0.0665314
0.0613109
0.0565041
0.0516942
0.0466421
0.0414135
0.0361971
0.0313872
0.0280785
0.0270366
0.0277782
0.0291125
0.0301583
0.0307765
0.0312831
0.0319589
0.0328227
0.0336181
0.0334307
0.0312904
0.027305
0.0224805
0.0177727
0.013487
0.00939627
0.00519717
0.000805935
-0.00366529
-0.00813083
-0.0130737
-0.0193908
-0.0272972
-0.035946
-0.0428206
-0.0451691
-0.0429158
-0.0384161
-0.034099
-0.0308365
-0.0281174
-0.0251657
-0.0217293
-0.0180682
-0.0145175
-0.0112222
-0.00899731
-0.00980445
-0.0144511
-0.021645
-0.0293463
-0.0363676
-0.0427545
-0.0491038
-0.0553949
-0.0592954
-0.0581948
-0.0523569
-0.0444171
-0.0368576
-0.0304371
-0.0245246
-0.0183124
-0.0115883
-0.00465724
0.00211745
0.00845132
0.0141493
0.0192967
0.0241912
0.0290984
0.0341051
0.0391581
0.044159
0.0483742
0.0499127
0.0478237
0.0431895
0.0379455
0.0334757
0.0313586
0.03322
0.038833
0.0462918
0.0537047
0.0603675
0.0666249
0.0728971
0.0783385
0.0815062
0.0822121
0.0816268
0.0810791
0.0811087
0.0814778
0.0817533
0.08169
0.0807084
0.0780067
0.0735815
0.0682552
0.0629172
0.0579318
0.0531584
0.0483263
0.0432924
0.0378012
0.0315006
0.0243974
0.0168749
0.00934329
0.00203524
-0.00438949
-0.00886447
-0.0112149
-0.0123582
-0.0134084
-0.0148838
-0.0166537
-0.0183794
-0.0199028
-0.0213023
-0.0227257
-0.0242377
-0.0258014
-0.0273378
-0.0287721
-0.0300906
-0.031344
-0.0325933
-0.0338654
-0.0351526
-0.0364362
-0.0377084
-0.0389741
-0.0402416
-0.0415143
-0.0427897
-0.0440641
-0.0453365
-0.0465961
-0.0475009
-0.047126
-0.0449972
-0.0416317
-0.0379678
-0.0345981
-0.0315389
-0.0285183
-0.0253454
-0.0220385
-0.018702
-0.0153172
-0.0117715
-0.00803023
-0.00417295
-0.000308273
0.00351099
0.00729722
0.0110812
0.0145497
0.0164332
0.0157692
0.0130462
0.00961819
0.00651744
0.00392209
0.00146903
-0.00117575
-0.00406806
-0.0071592
-0.0104132
-0.0137859
-0.0172193
-0.0206646
-0.0240983
-0.0274176
-0.0300378
-0.0313485
-0.0314585
-0.0310461
-0.0307309
-0.0306961
-0.0307823
-0.0307913
-0.0306741
-0.0305077
-0.0303772
-0.0303013
-0.0302453
-0.030148
-0.0294807
-0.0270824
-0.022494
-0.0164702
-0.0101788
-0.00428591
0.00124772
0.00676836
0.0124879
0.0183024
0.0230656
0.0247552
0.0228245
0.0187255
0.0143934
0.0107934
0.00773951
0.00462563
0.000918899
-0.00377931
-0.00941658
-0.0155374
-0.0216804
-0.0276619
-0.0335486
-0.0391787
-0.0429508
-0.0431176
-0.0399294
-0.03526
-0.0308506
-0.0272298
-0.0239777
-0.0210936
-0.0199377
-0.0214944
-0.025161
-0.0294653
-0.0333485
-0.0366827
-0.0398888
-0.0433192
-0.0469875
-0.0507033
-0.0541821
-0.0564405
-0.0563704
-0.0540879
-0.0507715
-0.0475636
-0.044849
-0.0423751
-0.039783
-0.0369654
-0.0340636
-0.0314789
-0.0297338
-0.0289126
-0.0286051
-0.0283231
-0.0278494
-0.027251
-0.0266786
-0.0261975
-0.0257691
-0.0253276
-0.0248459
-0.0243424
-0.0238456
-0.023366
-0.0228954
-0.0224132
-0.0217671
-0.0206731
-0.0190514
-0.0171103
-0.0151307
-0.0132552
-0.0114597
-0.00965874
-0.00780748
-0.00592219
-0.00403784
-0.0020983
0.000106016
0.0026952
0.00556382
0.0085034
0.0113778
0.0141804
0.0169723
0.0197976
0.0226538
0.0255137
0.0283587
0.0311904
0.0340208
0.0368479
0.0395791
0.0420791
0.0443357
0.0464643
0.0485939
0.0507772
0.0529917
0.0550618
0.0563214
0.0562062
0.0549273
0.0532093
0.0516414
0.0503531
0.0491587
0.0478686
0.0464542
0.0450024
0.0435943
0.0422362
0.0407916
0.0389621
0.0366089
0.0338968
0.0311082
0.0284132
0.0258092
0.0232122
0.0205676
0.0178838
0.0151982
0.0125336
0.00988553
0.00723756
0.00458126
0.00212834
0.00107672
0.0026643
0.00666876
0.0117188
0.0165674
0.0208497
0.0248902
0.0290884
0.0335418
0.0380338
0.0417151
0.0434333
0.0430485
0.0415269
0.0399773
0.0388734
0.0380466
0.0371526
0.0360488
0.0348288
0.0336426
0.0325475
0.0315009
0.0304384
0.0293363
0.0282142
0.0270997
0.0260076
0.0252804
0.0262468
0.0299087
0.0357435
0.0423222
0.0485573
0.0542549
0.0593887
0.0627526
0.0632113
0.0612
0.0582357
0.0555735
0.0535072
0.0516537
0.0496071
0.0472966
0.0449017
0.0425949
0.0404011
0.0382412
0.0360417
0.0337942
0.031533
0.0292889
0.0270654
0.0248475
0.0226218
0.0203871
0.0181435
0.0158476
0.0134404
0.0109214
0.00834749
0.00577728
0.00323229
0.00070075
-0.00183609
-0.00438455
-0.00693892
-0.00949109
-0.0120382
-0.014583
-0.017129
-0.0196772
-0.0221873
-0.0243006
-0.0255123
-0.0257853
-0.0255688
-0.025358
-0.0253528
-0.0254678
-0.0255477
-0.0255324
-0.025467
-0.025419
-0.0254124
-0.0254269
-0.0254334
-0.025422
-0.0254023
-0.0253862
-0.025378
-0.0253735
-0.025367
-0.0253575
-0.0253464
-0.0253361
-0.0253275
-0.0253194
-0.0253115
-0.025303
-0.0252942
-0.0252856
-0.0252774
-0.0252693
-0.0252612
-0.0252612
-0.0255085
-0.0266462
-0.0290039
-0.0322219
-0.035647
-0.0388674
-0.0418719
-0.0448499
-0.0479329
-0.0508897
-0.0523953
-0.05111
-0.0472718
-0.0423425
-0.0376421
-0.0335465
-0.0297036
-0.0256881
-0.0214007
-0.0170135
-0.0128039
-0.00911699
-0.00606978
-0.00343749
-0.000886617
0.00177085
0.00452421
0.00727857
0.00997731
0.0126343
0.0152922
0.0179745
0.0206743
0.0233685
0.0258983
0.0278685
0.0290826
0.0297679
0.030328
0.0310147
0.0318333
0.032667
0.0334349
0.0338656
0.0344892
0.0346986
0.0339326
0.0321274
0.0297656
0.0273957
0.0252489
0.0232383
0.0212297
0.0195054
0.0186092
0.0186522
0.0192195
0.0198018
0.02017
0.0203962
0.0206428
0.0209253
0.0207927
0.0196779
0.0175764
0.0150024
0.0124804
0.0101945
0.00803027
0.00581895
0.00350685
0.00115194
-0.00117257
-0.0034449
-0.00570882
-0.00821262
-0.0113208
-0.0150856
-0.0192042
-0.0233207
-0.027278
-0.0311254
-0.0349636
-0.0386092
-0.0414149
-0.0430204
-0.0437583
-0.044272
-0.0449775
-0.0458915
-0.0468258
-0.0476452
-0.0483589
-0.0490505
-0.0497763
-0.0504793
-0.0506579
-0.0496359
-0.0473765
-0.0444869
-0.0416224
-0.0390404
-0.0366232
-0.0341659
-0.031593
-0.0289666
-0.0263762
-0.0238533
-0.0214953
-0.0199721
-0.0199974
-0.0214386
-0.0234893
-0.0254125
-0.0269886
-0.0284036
-0.0298905
-0.0315075
-0.0331604
-0.0345812
-0.0352096
-0.0347559
-0.0335301
-0.0321062
-0.030853
-0.0297904
-0.0287521
-0.0274354
-0.0253486
-0.0223146
-0.0186738
-0.0149357
-0.0113905
-0.00802534
-0.00469614
-0.00131511
0.00209819
0.00549048
0.00886172
0.0122435
0.0156442
0.0190386
0.0223948
0.0256974
0.0289506
0.0321635
0.0351442
0.0367841
0.035951
0.0328826
0.0288754
0.0250925
0.021868
0.0188989
0.0158184
0.0127038
0.0106243
0.0106755
0.0126874
0.0155126
0.0181165
0.0202092
0.0220712
0.0240364
0.026181
0.0283455
0.0302075
0.031523
0.0323674
0.0330224
0.0337163
0.0344928
0.0351783
0.0354752
0.0352891
0.0348055
0.0342845
0.0338572
0.0334617
0.0323737
0.0293105
0.0239578
0.017287
0.0105603
0.00439711
-0.00132502
-0.00698586
-0.0127233
-0.0174132
-0.0185605
-0.0152174
-0.00900168
-0.00240502
0.00233972
0.00340748
0.000802711
-0.00372973
-0.00831621
-0.0121667
-0.0155325
-0.0189408
-0.0225809
-0.0258834
-0.0276884
-0.0275675
-0.0262243
-0.0247085
-0.0235863
-0.0227904
-0.0220018
-0.0210409
-0.0199593
-0.0188962
-0.0179246
-0.0170208
-0.0161289
-0.0152221
-0.0143109
-0.0134171
-0.0125497
-0.0117029
-0.0108669
-0.0100378
-0.00921838
-0.00841288
-0.00762276
-0.0068472
-0.00608453
-0.00533417
-0.00459664
-0.00387283
-0.00316509
-0.00248129
-0.00182655
-0.00119751
-0.000585625
1.5374e-05
0.000606434
0.00118526
0.00174981
0.00229996
0.00283675
0.00336081
0.00387213
0.00437155
0.00489394
0.00553277
0.00633198
0.00723381
0.00814007
0.00899062
0.00978488
0.0105505
0.0113063
0.0120191
0.0124583
0.0123604
0.011756
0.0109259
0.0101379
0.00947947
0.00888998
0.0082865
0.00764499
0.00699488
0.00637129
0.00580643
0.00554846
0.00599884
0.00720522
0.00880461
0.0103233
0.0112036
0.0110703
0.0101067
0.00884079
0.00769098
0.00675189
0.00590254
0.0050196
0.0040859
0.00315873
0.00228967
0.00148455
0.000719307
-6.24285e-06
-0.000616559
-0.00104842
-0.001332
-0.00155478
-0.00178445
-0.00203367
-0.00228009
-0.00250235
-0.00269814
-0.00287786
-0.00305476
-0.00323817
-0.00342551
-0.00360637
-0.0037718
-0.00391957
-0.00405212
-0.00417227
-0.00428074
-0.00437663
-0.00445905
-0.00452811
-0.00458458
-0.00465051
-0.00484374
-0.00527512
-0.00590347
-0.0065808
-0.0071835
-0.00768061
-0.00810671
-0.00850015
-0.00883642
-0.00887151
-0.00833711
-0.00728984
-0.00604557
-0.00489037
-0.00391089
-0.00303931
-0.00218905
-0.00133693
-0.000513133
0.000248692
0.000941636
0.00158004
0.00217908
0.00274283
0.00325819
0.003673
0.003944
0.00409411
0.00418848
0.00427884
0.00437723
0.00446941
0.00454088
0.00458981
0.00462331
0.00464787
0.00466471
0.00467161
0.00466671
0.00465027
0.00462389
0.00458895
0.00454608
0.00449445
0.00442871
0.00434357
0.00424158
0.00413091
0.00401858
0.00390674
0.00379405
0.00367883
0.00356094
0.00344135
0.00332108
0.00320049
0.00307953
0.00295812
0.00283644
0.00271479
0.0025935
0.00247051
0.00233051
0.00215796
0.00195935
0.00175703
0.0015696
0.00140181
0.00124857
0.00110407
0.000966617
0.000837761
0.000719083
0.000610502
0.00051133
0.000425159
0.000357134
0.000305502
0.000262593
0.000221398
0.000179542
0.000138252
9.93812e-05
6.3442e-05
2.9803e-05
-2.23016e-06
-3.0318e-05
-4.68794e-05
-4.91695e-05
-4.36219e-05
-3.94528e-05
-4.16633e-05
-4.97652e-05
-6.10213e-05
-7.49162e-05
-9.81835e-05
-0.000136436
-0.000185148
-0.000234034
-0.000275682
-0.000308929
-0.000336344
-0.000360347
-0.000381517
-0.000399278
-0.000413191
-0.000423507
-0.000430924
-0.000435977
-0.000438804
-0.000439392
-0.000437787
-0.000434187
-0.000428849
-0.000421985
-0.000413447
-0.000402372
-0.000388569
-0.000373162
-0.000357582
-0.000342569
-0.000328062
-0.000313672
-0.000299149
-0.000284466
-0.000269694
-0.000254847
-0.000239871
-0.000224694
-0.000209264
-0.000193568
-0.000177657
-0.000161585
-0.000145274
-0.000128588
-0.000111431
-9.37985e-05
-7.5728e-05
-5.72603e-05
-3.84147e-05
-1.91947e-05
3.94867e-07
2.03414e-05
4.06326e-05
6.12592e-05
8.22165e-05
0.000103499
0.000125088
0.000146967
0.000169126
0.000191563
0.000214277
0.000237263
0.000260518
0.000284035
0.000307809
0.000331836
0.000356109
0.000380622
0.00040537
0.000430346
0.000455544
0.000480958
0.000506583
0.000532411
0.000558438
0.000584657
0.000611062
0.000637647
0.000664407
0.000691334
0.000718424
0.000745671
0
0
0
