0.00082475
0.000874391
0.00093915
0.00101921
0.0011147
0.00122564
0.00135343
0.00149869
0.0016587
0.00182741
0.00199672
0.00215732
0.00230279
0.00242702
0.00251236
0.00253913
0.00249641
0.00238842
0.00222799
0.00204493
0.00180273
0.00141189
0.000831634
8.50026e-05
-0.000740139
-0.00144491
-0.00180215
-0.00197441
-0.001984
-0.00187454
-0.00171224
-0.00147273
-0.00115462
-0.000796897
-0.000419986
-5.55242e-05
0.000269503
0.000550963
0.000796306
0.000917934
0.000801493
0.000359596
-0.000417914
-0.00148936
-0.00292557
-0.00473604
-0.00684527
-0.00909053
-0.0111569
-0.0129288
-0.0145886
-0.0161234
-0.0172565
-0.017667
-0.017226
-0.0162355
-0.0147373
-0.0127703
-0.0105934
-0.0081977
-0.00559106
-0.00278869
0.000139819
0.00301223
0.00547849
0.00712336
0.00775121
0.00772176
0.00764286
0.00750075
0.00726116
0.00702976
0.00681498
0.00659399
0.00635596
0.00609952
0.00581651
0.00550662
0.00522427
0.00503857
0.00501012
0.00516879
0.00550135
0.00603447
0.00679401
0.00773832
0.00875999
0.00998738
0.0118341
0.0148014
0.0193236
0.0255647
0.0334385
0.042273
0.0506141
0.0573592
0.0614396
0.0629475
0.0623046
0.0593747
0.0549455
0.050912
0.0475157
0.0446774
0.0419058
0.0383119
0.0327228
0.0239276
0.0111404
-0.00555611
-0.0247313
-0.0425411
-0.0536591
-0.0598488
-0.0638947
-0.0670356
-0.0700643
-0.0723474
-0.0733407
-0.0729258
-0.0704833
-0.065832
-0.0597461
-0.0529448
-0.0452148
-0.0364178
-0.0268811
-0.0174074
-0.00864499
-0.00085283
0.0059776
0.0119743
0.0168484
0.0205514
0.0237653
0.0278315
0.0329113
0.0387769
0.0450144
0.0507584
0.0547904
0.0552673
0.051227
0.0472542
0.0439991
0.0410754
0.0384157
0.0358279
0.033205
0.0304253
0.027496
0.0243649
0.0209326
0.0169878
0.0122425
0.00604603
-0.00246323
-0.0139457
-0.0282918
-0.0442193
-0.0601529
-0.0741421
-0.0835074
-0.0871726
-0.0853664
-0.0786273
-0.0696814
-0.0612721
-0.0536834
-0.0471188
-0.0417273
-0.0376367
-0.035067
-0.0342241
-0.0345945
-0.0347769
-0.0345838
-0.0344459
-0.034751
-0.035799
-0.0376828
-0.0401895
-0.0429295
-0.0458751
-0.0489602
-0.0519617
-0.0544833
-0.0559656
-0.0557817
-0.0534348
-0.0489688
-0.0431244
-0.0355609
-0.0256694
-0.0134732
-0.000241525
0.0114957
0.0208102
0.0281057
0.0344569
0.0398739
0.0446361
0.049681
0.0549957
0.0605438
0.0664872
0.0731275
0.0807958
0.0896667
0.0994676
0.109422
0.118501
0.12507
0.126927
0.121808
0.108366
0.0872118
0.0589069
0.0254043
-0.00844688
-0.0442079
-0.0845629
-0.127627
-0.168142
-0.202247
-0.23073
-0.249905
-0.255651
-0.247109
-0.228034
-0.200332
-0.164372
-0.125923
-0.0957701
-0.0718178
-0.047675
-0.023702
-0.00157079
0.0172507
0.0323199
0.0461679
0.0637474
0.0858761
0.111945
0.140087
0.166219
0.18383
0.189592
0.188291
0.179418
0.162998
0.143885
0.13037
0.121184
0.114812
0.109617
0.103322
0.0958135
0.0872793
0.0779995
0.0682512
0.0584096
0.0488558
0.0400304
0.0323228
0.026071
0.0213468
0.0177314
0.0141477
0.0101491
0.00607064
0.00246622
-5.73429e-05
-0.000909275
0.000232954
0.00312927
0.00667152
0.00987196
0.0127568
0.0155244
0.0183289
0.0213318
0.0246066
0.0281135
0.0315866
0.0345501
0.0362098
0.034882
0.0284364
0.0151455
-0.00517926
-0.0301985
-0.0578205
-0.0856192
-0.109128
-0.126078
-0.136407
-0.141308
-0.138211
-0.123368
-0.0954884
-0.058102
-0.0198417
0.0121488
0.040119
0.0678168
0.0938111
0.115117
0.129136
0.13546
0.13659
0.133894
0.124131
0.104542
0.0752993
0.041385
0.00931589
-0.0238728
-0.0629003
-0.105928
-0.146533
-0.17548
-0.190902
-0.19651
-0.200339
-0.202217
-0.201392
-0.199408
-0.196934
-0.191877
-0.18156
-0.163946
-0.138219
-0.106704
-0.0745751
-0.0394477
0.00322734
0.0498437
0.09237
0.128824
0.158585
0.17898
0.187897
0.185746
0.175272
0.163321
0.153624
0.145621
0.138713
0.132503
0.126044
0.118223
0.108297
0.0954751
0.0791151
0.0590568
0.0363943
0.0136398
-0.00819237
-0.0287426
-0.0474087
-0.0635905
-0.0771848
-0.0890365
-0.101231
-0.115598
-0.132084
-0.149872
-0.167277
-0.181498
-0.189952
-0.194263
-0.198155
-0.200234
-0.197764
-0.188309
-0.170277
-0.144941
-0.116477
-0.08379
-0.0458532
-0.00448902
0.0357382
0.073197
0.110413
0.148834
0.186374
0.219358
0.245333
0.2655
0.282614
0.297039
0.310297
0.324179
0.336287
0.342798
0.33962
0.32326
0.292839
0.251855
0.203511
0.153013
0.10755
0.0533738
-0.0124739
-0.0775822
-0.133928
-0.180296
-0.215812
-0.238607
-0.250715
-0.2598
-0.268844
-0.274916
-0.275114
-0.268013
-0.255184
-0.241457
-0.228339
-0.21578
-0.204069
-0.193614
-0.184784
-0.177459
-0.170751
-0.163823
-0.156709
-0.149271
-0.140922
-0.130655
-0.117148
-0.0993233
-0.0764764
-0.0456141
-0.00429402
0.0470177
0.103283
0.1587
0.212102
0.262326
0.306971
0.342974
0.36755
0.380097
0.383911
0.380502
0.364677
0.332478
0.285114
0.23226
0.185398
0.139994
0.0952591
0.0557252
0.0265339
0.00261593
-0.0257318
-0.0586883
-0.0940929
-0.128715
-0.157737
-0.17525
-0.181495
-0.186589
-0.191254
-0.194538
-0.196946
-0.19902
-0.1999
-0.198455
-0.194097
-0.186974
-0.178503
-0.169876
-0.160913
-0.151282
-0.140933
-0.130103
-0.119492
-0.109784
-0.101274
-0.0939194
-0.0872295
-0.0799342
-0.0703252
-0.0571622
-0.0396123
-0.0176189
0.00692586
0.0302928
0.052484
0.0749732
0.099774
0.128245
0.159627
0.19104
0.217604
0.23634
0.246122
0.246663
0.239264
0.228781
0.217344
0.203831
0.187823
0.170713
0.1547
0.139793
0.125469
0.11144
0.0983481
0.0869656
0.0776415
0.0698365
0.0619915
0.053816
0.0450049
0.0349609
0.0230549
0.00889943
-0.00729547
-0.0242019
-0.038897
-0.0478129
-0.0495565
-0.0446309
-0.034444
-0.0183578
0.00244066
0.0231704
0.038321
0.0445473
0.0390374
0.0207002
-0.00776044
-0.041923
-0.0770813
-0.104118
-0.119024
-0.130744
-0.142146
-0.152143
-0.159994
-0.165052
-0.166182
-0.16337
-0.157742
-0.149398
-0.139817
-0.131331
-0.124209
-0.118297
-0.113208
-0.108142
-0.103583
-0.100678
-0.100524
-0.103689
-0.109507
-0.115699
-0.12027
-0.120879
-0.114549
-0.0984522
-0.0712887
-0.0354029
0.00153968
0.0332842
0.0609089
0.0839568
0.100452
0.109087
0.110139
0.103801
0.0887844
0.0671805
0.0454719
0.0254952
0.00711155
-0.0090989
-0.0221798
-0.0302221
-0.0290918
-0.0149773
0.013249
0.0510891
0.0869075
0.111954
0.124136
0.129077
0.13208
0.13319
0.132941
0.133617
0.135809
0.137959
0.137913
0.133232
0.121653
0.101626
0.0719528
0.032786
-0.0108773
-0.0505802
-0.0908108
-0.13137
-0.168455
-0.198269
-0.220713
-0.23814
-0.249971
-0.25746
-0.263919
-0.264922
-0.254027
-0.225963
-0.178321
-0.116028
-0.0516942
0.0114707
0.0695143
0.116461
0.150173
0.177209
0.206139
0.234602
0.257806
0.27142
0.27396
0.266965
0.247718
0.215733
0.176694
0.139168
0.104817
0.0747315
0.0497362
0.0295304
0.0127421
-0.000391577
-0.0109278
-0.0219695
-0.0329892
-0.0430867
-0.0519955
-0.0599971
-0.0667922
-0.0713674
-0.0727223
-0.0702878
-0.0646068
-0.0575686
-0.049368
-0.0397064
-0.0290517
-0.0190392
-0.0125303
-0.0118349
-0.0178427
-0.0293105
-0.0426224
-0.0568372
-0.0704115
-0.0823962
-0.0930266
-0.102736
-0.112089
-0.120709
-0.12809
-0.133786
-0.136243
-0.134008
-0.12648
-0.113036
-0.0925375
-0.0661168
-0.0378593
-0.00866473
0.0215922
0.051937
0.0809612
0.106367
0.12542
0.138993
0.151369
0.164336
0.176522
0.185385
0.187372
0.179157
0.159193
0.129673
0.0951214
0.0561915
0.0157544
-0.0195849
-0.0460462
-0.0646338
-0.0791885
-0.0915028
-0.101433
-0.109721
-0.115741
-0.11765
-0.114098
-0.101757
-0.0773336
-0.0400864
0.00550341
0.0486082
0.0790603
0.0918611
0.0972177
0.101262
0.10285
0.101554
0.0983189
0.090912
0.0772713
0.0574173
0.0347367
0.0160638
0.00281067
-0.0072199
-0.0145821
-0.0181742
-0.0175707
-0.0141608
-0.0101308
-0.00494668
0.00183038
0.00960111
0.0176728
0.0259348
0.0340129
0.0410343
0.0458849
0.0485889
0.0499078
0.048878
0.043823
0.0336982
0.0188162
0.00226384
-0.0105827
-0.0197531
-0.0253137
-0.0263468
-0.0228692
-0.0167383
-0.0124101
-0.0125274
-0.0145231
-0.0170884
-0.0190258
-0.0195311
-0.0182357
-0.0149067
-0.00977066
-0.00381791
0.00115622
0.00462679
0.00636575
0.00634811
0.00516137
0.00398659
0.0026822
0.000896081
-0.00154423
-0.00451463
-0.00754041
-0.0105313
-0.0135869
-0.0167745
-0.0201533
-0.0237535
-0.027586
-0.0316286
-0.0360235
-0.0410677
-0.0470821
-0.0542633
-0.062434
-0.0709575
-0.0799738
-0.0898643
-0.100641
-0.111678
-0.121463
-0.127558
-0.126902
-0.116702
-0.0944657
-0.0571466
-0.00507878
0.0538797
0.103696
0.134366
0.146888
0.15452
0.161071
0.165477
0.168346
0.170331
0.168183
0.158094
0.137784
0.10758
0.0728998
0.0442155
0.0240067
0.00689566
-0.00793872
-0.0211253
-0.0330667
-0.0426656
-0.0490839
-0.0528543
-0.0557619
-0.0563958
-0.0528155
-0.0438647
-0.0297111
-0.0129874
0.00268221
0.0171213
0.0307929
0.0440213
0.0573454
0.0712485
0.0851408
0.0977571
0.107427
0.112429
0.111285
0.1012
0.0805001
0.0510584
0.0192895
-0.0111281
-0.0400972
-0.0672153
-0.0916304
-0.112315
-0.128599
-0.140829
-0.149075
-0.152144
-0.150474
-0.146875
-0.141769
-0.135002
-0.127709
-0.121643
-0.117062
-0.113776
-0.111094
-0.107706
-0.103458
-0.0984104
-0.0926183
-0.0862817
-0.0798299
-0.0737016
-0.0676546
-0.061201
-0.0537558
-0.0447244
-0.033721
-0.0208649
-0.00716102
0.00600969
0.0185711
0.0306863
0.0425073
0.0542813
0.0661253
0.0775729
0.0878452
0.0960436
0.101392
0.103123
0.0998009
0.0908981
0.0777054
0.0619006
0.0458536
0.031885
0.0205852
0.0122093
0.00635797
0.00145538
-0.00359192
-0.00798891
-0.0106663
-0.0108583
-0.00851714
-0.0046103
0.000514181
0.00717671
0.0151207
0.0233714
0.0319382
0.040756
0.0493125
0.0568792
0.0627594
0.066263
0.0661037
0.0607799
0.0497785
0.0346498
0.0184431
0.00252216
-0.0102774
-0.016889
-0.0225107
-0.0272539
-0.0297719
-0.0294814
-0.0265539
-0.0229738
-0.0226532
-0.0277684
-0.0351171
-0.0415681
-0.0470377
-0.0519394
-0.0566462
-0.0615658
-0.0667681
-0.0717737
-0.075649
-0.0771825
-0.0751293
-0.0687525
-0.0585844
-0.0471193
-0.0367986
-0.0280827
-0.0212695
-0.0167013
-0.0144071
-0.01355
-0.0123523
-0.0109065
-0.00953233
-0.00822914
-0.00669596
-0.00423753
0.000242664
0.00798802
0.0199193
0.0359766
0.0542678
0.0720677
0.089255
0.105982
0.121961
0.136903
0.152712
0.172261
0.195822
0.2212
0.243793
0.258517
0.265063
0.264695
0.257066
0.24412
0.228948
0.209949
0.185642
0.156726
0.126968
0.101129
0.0782242
0.0551388
0.0296159
0.00200042
-0.0261172
-0.0520895
-0.0731129
-0.0888241
-0.100999
-0.112144
-0.121834
-0.129528
-0.135824
-0.142203
-0.148242
-0.153121
-0.156262
-0.15735
-0.156773
-0.155715
-0.154834
-0.154035
-0.153196
-0.152234
-0.151116
-0.149862
-0.148557
-0.147318
-0.146292
-0.145489
-0.144506
-0.142632
-0.138953
-0.132526
-0.122764
-0.109913
-0.095847
-0.0841895
-0.0767436
-0.0723035
-0.0681624
-0.063582
-0.058813
-0.0540618
-0.0494321
-0.0447904
-0.0398553
-0.034427
-0.0283091
-0.0213596
-0.0136876
-0.00577485
0.0020452
0.0100993
0.0188446
0.0287022
0.0399258
0.052382
0.0652808
0.0775472
0.0890688
0.0999294
0.110344
0.120573
0.12949
0.135398
0.136585
0.13187
0.121609
0.107611
0.0920599
0.078762
0.0676241
0.057314
0.0465915
0.0351806
0.0231815
0.0107925
-0.001564
-0.0133414
-0.0238818
-0.0325983
-0.0391375
-0.043742
-0.047534
-0.0513968
-0.0548961
-0.0574041
-0.0584445
-0.0578508
-0.0561463
-0.0545353
-0.0531121
-0.0518074
-0.0506497
-0.0496549
-0.048803
-0.0479626
-0.0468317
-0.0449108
-0.0415219
-0.0359654
-0.0277539
-0.0171827
-0.00537523
0.00821217
0.024059
0.0416011
0.059211
0.0760693
0.0916559
0.105216
0.116217
0.125162
0.133717
0.143126
0.152829
0.161694
0.168338
0.171276
0.169391
0.162652
0.15166
0.135637
0.114963
0.0929759
0.0756057
0.0626764
0.0498607
0.0355817
0.0197975
0.00276389
-0.015716
-0.035921
-0.0577931
-0.0808393
-0.103656
-0.123677
-0.138362
-0.14654
-0.14879
-0.147594
-0.142392
-0.131724
-0.116022
-0.0982037
-0.0795886
-0.0595062
-0.0378735
-0.015748
0.00426791
0.0185819
0.0275445
0.035005
0.042791
0.0502218
0.0565185
0.0613292
0.0650291
0.0687543
0.0725185
0.0756573
0.0773454
0.0766769
0.072944
0.0659974
0.0569912
0.04836
0.0402524
0.0324446
0.0249186
0.0176712
0.010733
0.00403457
-0.00266609
-0.00983896
-0.0180879
-0.0281376
-0.0406579
-0.0558808
-0.0731693
-0.0902556
-0.103557
-0.112881
-0.119791
-0.126006
-0.130691
-0.132573
-0.130939
-0.126116
-0.120086
-0.114558
-0.109215
-0.103438
-0.0966013
-0.0871055
-0.0728934
-0.0522007
-0.0244557
0.00842631
0.0410414
0.0679072
0.0870081
0.0977819
0.10366
0.110205
0.116971
0.122478
0.125796
0.126718
0.126318
0.125465
0.123586
0.120033
0.114574
0.107526
0.100228
0.094845
0.0918372
0.0908203
0.0906741
0.0905008
0.0906756
0.0916694
0.0936608
0.0963387
0.0990648
0.101063
0.101026
0.0972171
0.0878331
0.0720499
0.0503204
0.0204156
-0.0187838
-0.0643457
-0.108971
-0.149172
-0.183198
-0.209101
-0.225824
-0.234663
-0.240788
-0.248282
-0.255617
-0.260371
-0.260668
-0.255427
-0.243905
-0.225297
-0.201276
-0.176391
-0.151482
-0.12563
-0.0983512
-0.0698786
-0.0416781
-0.0164632
0.00295235
0.0152781
0.0209289
0.0212139
0.0176949
0.0115594
0.00205202
-0.0103161
-0.0227975
-0.0332392
-0.0405273
-0.0436158
-0.041869
-0.0346667
-0.0212634
-0.00327215
0.014814
0.0319718
0.0487691
0.0654353
0.0818599
0.0975695
0.111887
0.124122
0.134011
0.142066
0.148733
0.153629
0.156958
0.159721
0.16123
0.159927
0.154389
0.14389
0.129226
0.113638
0.101288
0.0923843
0.0857602
0.0805572
0.0767937
0.0740287
0.0709978
0.0674605
0.0636191
0.0596074
0.0554661
0.0511588
0.0466011
0.0417194
0.0365366
0.0312298
0.025607
0.0186728
0.00917704
-0.00400757
-0.0213885
-0.0421308
-0.0632149
-0.0808402
-0.0947936
-0.106309
-0.116603
-0.124622
-0.128963
-0.128935
-0.125261
-0.119248
-0.109607
-0.0953722
-0.0775098
-0.0590329
-0.040983
-0.0236619
-0.00779464
0.00621345
0.0182616
0.028834
0.038162
0.0455939
0.0507862
0.0545048
0.0585321
0.0627251
0.0665618
0.069653
0.0716536
0.0724352
0.0722481
0.0717655
0.0708613
0.0690046
0.0656932
0.0606734
0.0542434
0.0475165
0.0415941
0.0367598
0.0331121
0.0305596
0.0285391
0.026324
0.0239584
0.0215985
0.0192861
0.0169733
0.0144635
0.0114495
0.00754448
0.00242815
-0.0039905
-0.0112568
-0.0182814
-0.0244827
-0.0300583
-0.0354444
-0.0408029
-0.0459639
-0.0506952
-0.0547875
-0.0581552
-0.0610141
-0.0638671
-0.0664597
-0.0683716
-0.0692575
-0.068947
-0.0676849
-0.0662464
-0.0652042
-0.0648155
-0.0653535
-0.0670435
-0.0698971
-0.0734288
-0.0766662
-0.0795999
-0.0824258
-0.0853278
-0.0885266
-0.0922261
-0.0965394
-0.101411
-0.106829
-0.11275
-0.118803
-0.124168
-0.127546
-0.127361
-0.122025
-0.109776
-0.0900813
-0.065349
-0.0415477
-0.0221513
-0.00695745
0.00568972
0.0185476
0.0318066
0.0452067
0.0587717
0.0727506
0.0877307
0.104503
0.12365
0.144966
0.167096
0.187094
0.200264
0.201891
0.191676
0.173616
0.152084
0.128534
0.107222
0.0941197
0.0838881
0.0749019
0.0662889
0.0556766
0.0411387
0.0222306
-0.00029678
-0.024268
-0.0451543
-0.0594135
-0.0708673
-0.0806801
-0.0881366
-0.0932073
-0.0967444
-0.0997518
-0.10242
-0.105396
-0.109103
-0.112995
-0.115998
-0.116659
-0.113186
-0.103945
-0.0881074
-0.0669788
-0.0445745
-0.0231663
-0.00268325
0.01682
0.034819
0.0504448
0.0628795
0.071761
0.0781677
0.0845418
0.0900518
0.0932736
0.093356
0.0902688
0.0855697
0.0815131
0.0784531
0.0764238
0.0755105
0.0754599
0.075609
0.0754454
0.0752608
0.0754625
0.0764159
0.0783029
0.0809794
0.0837562
0.085323
0.0843369
0.0801554
0.0729768
0.0639824
0.0531238
0.0401787
0.0259452
0.0117402
-0.00239103
-0.0163688
-0.0299304
-0.0425975
-0.0536702
-0.0625504
-0.0688457
-0.0711234
-0.067869
-0.0589073
-0.0462262
-0.0325874
-0.0204639
-0.0103763
-0.00267653
0.00232402
0.00477758
0.00459224
0.00246644
0.000320777
-0.00167976
-0.00419554
-0.00768261
-0.0122619
-0.017432
-0.022161
-0.0262876
-0.029953
-0.0332984
-0.0362004
-0.0385906
-0.0406892
-0.0429823
-0.0455802
-0.0483454
-0.0510486
-0.0534348
-0.0554555
-0.0571868
-0.0588215
-0.0604606
-0.062072
-0.0635854
-0.0648882
-0.065822
-0.0661877
-0.0658247
-0.0646124
-0.0618037
-0.0560766
-0.0462479
-0.0319095
-0.0134818
0.00861618
0.0319137
0.0516269
0.0672094
0.0818543
0.0955834
0.107839
0.118462
0.127138
0.133704
0.137952
0.139348
0.138323
0.136549
0.134174
0.130693
0.125924
0.120138
0.11323
0.104
0.0911973
0.0741498
0.0533675
0.0304809
0.00845571
-0.0081042
-0.0193654
-0.0294188
-0.0382755
-0.0454247
-0.0513379
-0.0573054
-0.0633064
-0.0686291
-0.0726778
-0.075086
-0.0760056
-0.0762558
-0.0765734
-0.0768535
-0.0768527
-0.0763317
-0.075085
-0.0730384
-0.0703923
-0.0673974
-0.0636774
-0.0587854
-0.0525083
-0.0450428
-0.0373777
-0.0312207
-0.0270424
-0.0241693
-0.0213717
-0.0190679
-0.0180911
-0.0191219
-0.0225046
-0.0277005
-0.0330872
-0.0376045
-0.0410374
-0.0432482
-0.044233
-0.0444168
-0.0446924
-0.0450164
-0.0448354
-0.0435754
-0.0408043
-0.0364705
-0.0312366
-0.0266117
-0.0236761
-0.0227434
-0.0236452
-0.0255277
-0.0277261
-0.0305492
-0.0342559
-0.0386116
-0.042866
-0.0466474
-0.0494357
-0.050464
-0.048964
-0.0445559
-0.0375862
-0.0276562
-0.0139392
0.00343158
0.0219608
0.0376632
0.0530327
0.0683329
0.0824671
0.0941259
0.101586
0.103492
0.0995015
0.089589
0.0734009
0.0534558
0.0352941
0.0191891
0.00445318
-0.00857414
-0.01929
-0.0266713
-0.029872
-0.029205
-0.0269561
-0.0249807
-0.0225664
-0.0187638
-0.0130988
-0.00576949
0.00211453
0.00984212
0.0172413
0.0241182
0.0302241
0.035386
0.0393502
0.041749
0.042609
0.0424928
0.0409243
0.0370864
0.0305954
0.022107
0.0134512
0.00522213
-0.00252068
-0.00952663
-0.0154744
-0.0200052
-0.0223097
-0.0215978
-0.0177402
-0.0120325
-0.00729277
-0.0042369
-0.00224469
-0.000324208
0.001899
0.00445377
0.00734849
0.0105668
0.0140826
0.0178234
0.0216617
0.0255947
0.0297309
0.034131
0.0387092
0.0431631
0.0469138
0.0491486
0.0489264
0.0453793
0.0381151
0.0281341
0.0178751
0.00737341
-0.00344628
-0.0139792
-0.0236115
-0.0321572
-0.0395955
-0.0462469
-0.0527354
-0.0579281
-0.0601886
-0.0580659
-0.0508203
-0.0394636
-0.0272625
-0.0164281
-0.00764281
-0.00158808
0.00122857
0.000929911
-0.00108892
-0.00297312
-0.00518981
-0.00846879
-0.0130953
-0.0186663
-0.0240425
-0.0291116
-0.0338992
-0.0383576
-0.0423455
-0.0455506
-0.0477321
-0.0489173
-0.0495374
-0.0496779
-0.0484314
-0.0447088
-0.037681
-0.0273271
-0.014832
-0.000836446
0.0144925
0.0300825
0.0435023
0.0524305
0.0583644
0.0636894
0.0678125
0.0698536
0.0695304
0.067694
0.0663424
0.0654448
0.0645926
0.0634766
0.0617342
0.0590395
0.0551374
0.0500157
0.0440785
0.0379779
0.0318757
0.0260318
0.0209279
0.017007
0.0145082
0.0133404
0.0128023
0.0119406
0.0107348
0.00931484
0.0077408
0.00607436
0.0043473
0.00261346
0.000888911
-0.00115979
-0.00415377
-0.00879969
-0.015737
-0.025063
-0.0362588
-0.0500765
-0.0669589
-0.0859691
-0.104555
-0.120641
-0.133189
-0.141308
-0.143399
-0.137808
-0.124782
-0.107769
-0.0903192
-0.0731843
-0.0571552
-0.0422172
-0.0282783
-0.0153035
-0.00298399
0.00954919
0.0237921
0.0402448
0.0579513
0.0748631
0.0877716
0.0938652
0.095089
0.0961313
0.0968315
0.0962482
0.0939818
0.0903302
0.0864929
0.0825309
0.0779971
0.0725362
0.0660045
0.0586062
0.0510538
0.044335
0.0389605
0.0352362
0.0331298
0.0319112
0.0305277
0.0288718
0.0268943
0.0243654
0.0209683
0.016362
0.0103625
0.00319769
-0.00427337
-0.0113902
-0.0184644
-0.0259934
-0.0344266
-0.0440584
-0.0547699
-0.0656709
-0.0750334
-0.0811574
-0.0834241
-0.0813869
-0.0734894
-0.0590633
-0.0401096
-0.0215514
-0.00512075
0.00897175
0.0203975
0.0290443
0.0355804
0.0416203
0.0467636
0.0496657
0.0493099
0.0455174
0.0398949
0.0356662
0.0325277
0.029254
0.0256314
0.0219663
0.0188699
0.0171281
0.0175497
0.0206108
0.0260583
0.033027
0.0401072
0.0454539
0.0486386
0.0497139
0.0493422
0.0489331
0.0484501
0.0470913
0.0440397
0.038732
0.0312409
0.0227359
0.0148728
0.00776952
0.00121883
-0.00499993
-0.0107763
-0.0156158
-0.0190319
-0.0207599
-0.0211313
-0.0212216
-0.0215181
-0.021731
-0.0215149
-0.0205928
-0.0188379
-0.0163914
-0.0137635
-0.0114256
-0.00942283
-0.00766334
-0.00594447
-0.00392341
-0.00129578
0.00220369
0.00667417
0.0118758
0.0170179
0.0207167
0.0215663
0.018159
0.009569
-0.00380444
-0.019208
-0.0327549
-0.0436558
-0.0516425
-0.0565557
-0.0592453
-0.0614551
-0.0625309
-0.0614946
-0.0579862
-0.0527705
-0.0478121
-0.0430207
-0.0380151
-0.0326459
-0.0269002
-0.020897
-0.014872
-0.00924154
-0.00455779
-0.00140918
-0.000214842
-0.000899188
-0.00259847
-0.00451704
-0.00671781
-0.00915261
-0.0114721
-0.0136399
-0.0157865
-0.0180909
-0.020787
-0.0241552
-0.0284614
-0.0338828
-0.040407
-0.0475652
-0.0542529
-0.0594955
-0.06321
-0.0658703
-0.0683834
-0.0705947
-0.0717333
-0.0709933
-0.0677839
-0.0621409
-0.0552106
-0.0486364
-0.0424382
-0.0364086
-0.0304619
-0.0245321
-0.0185909
-0.0126074
-0.00652529
-0.000264588
0.00605251
0.0122148
0.0179694
0.0230655
0.0273479
0.0309043
0.0341739
0.037636
0.0417855
0.0472784
0.0548132
0.0648455
0.0771804
0.0903696
0.101576
0.109934
0.116839
0.121267
0.121641
0.116969
0.107504
0.0958736
0.0856766
0.0769523
0.0690501
0.0612934
0.0527552
0.0429839
0.0318746
0.0196796
0.00716644
-0.00432956
-0.0138677
-0.0212134
-0.0268659
-0.0320748
-0.0369576
-0.0411066
-0.0442846
-0.0466327
-0.0487952
-0.051097
-0.0534428
-0.0557075
-0.057789
-0.0595939
-0.0610551
-0.0621542
-0.0629575
-0.0636797
-0.0646447
-0.06577
-0.0667828
-0.0672774
-0.0667309
-0.0646076
-0.0605536
-0.0546868
-0.0479667
-0.0416601
-0.0356234
-0.02941
-0.0225916
-0.0147591
-0.00569301
0.00442439
0.0148809
0.0250961
0.0343706
0.0417216
0.0460729
0.0466077
0.0434831
0.0388158
0.0346213
0.030977
0.0279088
0.0257595
0.0250423
0.0262777
0.0296841
0.0346509
0.0395901
0.0440528
0.0480758
0.051533
0.0541669
0.0556675
0.0558435
0.0549333
0.0536677
0.0517768
0.0485111
0.0432909
0.0359629
0.0273177
0.0190323
0.0110733
0.00304932
-0.0053545
-0.0143998
-0.0240476
-0.0339354
-0.0432647
-0.0508384
-0.0554693
-0.0562047
-0.0529396
-0.0469198
-0.0389815
-0.0297979
-0.0211622
-0.0143459
-0.00968505
-0.00721839
-0.0063423
-0.00558459
-0.00425201
-0.00263737
-0.00113964
-0.000106834
0.000224964
-0.000127543
-0.000867644
-0.00199313
-0.00340232
-0.0047392
-0.00538095
-0.00447213
-0.00106699
0.00554123
0.0153792
0.0269938
0.0373978
0.0457535
0.0526804
0.0591474
0.0647571
0.0687363
0.0704862
0.0698492
0.0676687
0.0650852
0.0613519
0.0555196
0.047136
0.0366777
0.0256836
0.01446
0.00349408
-0.00614734
-0.0135359
-0.0185326
-0.0219501
-0.0255607
-0.0298888
-0.0348006
-0.0401275
-0.0455962
-0.0507927
-0.0551397
-0.0581126
-0.0592793
-0.0584915
-0.0562853
-0.0539732
-0.0519373
-0.0501461
-0.0486814
-0.0477261
-0.0475346
-0.0483098
-0.0500424
-0.0522737
-0.0543269
-0.0561306
-0.0576237
-0.0585898
-0.0587385
-0.0577683
-0.0556018
-0.0524407
-0.0477186
-0.0406489
-0.030904
-0.0192077
-0.00749432
0.00352395
0.0136645
0.022634
0.0301581
0.0362488
0.0413173
0.0451825
0.0479734
0.050529
0.0535261
0.0567077
0.0595793
0.061575
0.0620649
0.0605334
0.056802
0.0514868
0.046076
0.0409641
0.0360157
0.031165
0.0264131
0.0218455
0.0175919
0.0137829
0.0104602
0.00745971
0.00436291
0.00098613
-0.00252154
-0.00587472
-0.00866689
-0.0103986
-0.0105834
-0.00894277
-0.00558207
-0.00125899
0.00292227
0.00686628
0.0105262
0.0136469
0.015864
0.0167821
0.0161761
0.0142986
0.0120591
0.00991458
0.00776743
0.00558563
0.00353903
0.00196698
0.000995886
0.00035826
-0.000477612
-0.00161275
-0.00259746
-0.00275116
-0.00128714
0.00251796
0.00898491
0.0176397
0.0265403
0.032486
0.0349297
0.034586
0.0332697
0.0325693
0.0323521
0.0322137
0.0317627
0.0306341
0.028591
0.0256644
0.0222592
0.0187014
0.014817
0.0103811
0.00527319
-0.000411494
-0.00627549
-0.0120154
-0.01746
-0.0223649
-0.02643
-0.0292717
-0.0304967
-0.0300127
-0.0284759
-0.0272629
-0.0263516
-0.0254484
-0.0243494
-0.0228736
-0.0209579
-0.0186862
-0.016371
-0.0145706
-0.013968
-0.0149666
-0.0176457
-0.0213968
-0.0249236
-0.02812
-0.0310627
-0.0337084
-0.0360006
-0.0378743
-0.0393456
-0.0406105
-0.0420601
-0.0436672
-0.0451381
-0.0460832
-0.0460618
-0.0446996
-0.0418553
-0.0379295
-0.0339301
-0.0301794
-0.0266774
-0.0234658
-0.020581
-0.0180003
-0.0155536
-0.0129016
-0.00953154
-0.00477572
0.00204448
0.0112988
0.0226782
0.0353638
0.0481694
0.0586616
0.0634231
0.0618811
0.0561417
0.0471736
0.0349379
0.0211907
0.00967035
0.00106197
-0.00459781
-0.00691758
-0.00625039
-0.00388265
0.000901885
0.00856578
0.017937
0.0261213
0.0317532
0.0357234
0.03848
0.0389645
0.0360196
0.0291846
0.0194237
0.00870686
-0.00197911
-0.0111158
-0.0186259
-0.0250207
-0.0308448
-0.0361165
-0.0410111
-0.0461343
-0.0517125
-0.0575019
-0.063104
-0.0680201
-0.0716649
-0.0733627
-0.0724758
-0.0688117
-0.0632552
-0.0577784
-0.0525665
-0.0476143
-0.0432021
-0.039435
-0.0359802
-0.0321129
-0.0267993
-0.0190719
-0.0082585
0.00572477
0.0217495
0.0368999
0.0461569
0.0475095
0.0465726
0.0439615
0.0397332
0.035667
0.0336075
0.0326872
0.0321122
0.0319039
0.0320538
0.0324476
0.0326882
0.0327506
0.0329626
0.0337189
0.035312
0.0378703
0.0411676
0.0444806
0.0465285
0.046433
0.0440387
0.0400757
0.0360781
0.031934
0.0272808
0.0220422
0.0164752
0.0112386
0.00647673
0.00225212
-0.00146265
-0.00485945
-0.00796831
-0.0106539
-0.0129185
-0.0149838
-0.0169913
-0.0187034
-0.0198279
-0.0201318
-0.0195404
-0.0183128
-0.0170825
-0.0160308
-0.0151152
-0.0142816
-0.0134583
-0.0125416
-0.0113992
-0.00987859
-0.0078505
-0.00526796
-0.00226314
0.000757715
0.00324357
0.00496375
0.00581303
0.0058743
0.00558966
0.00554746
0.00577353
0.00617371
0.00662595
0.00693474
0.00683301
0.00600492
0.00415172
0.00105838
-0.0033785
-0.00877835
-0.0141472
-0.0190155
-0.023639
-0.0283903
-0.0332689
-0.0379597
-0.0419337
-0.0445036
-0.045008
-0.0431041
-0.0387458
-0.0316393
-0.0224368
-0.0131537
-0.00501769
0.00187764
0.00761993
0.0125662
0.0174588
0.0225977
0.0277438
0.0325926
0.0368947
0.0405441
0.0437318
0.0469424
0.0501681
0.0533191
0.0563394
0.0591826
0.0618348
0.0643284
0.0667704
0.0693487
0.0721398
0.0749207
0.0772861
0.0786598
0.0784522
0.0768016
0.0745798
0.0728678
0.0715828
0.070285
0.0683784
0.06508
0.0595839
0.0513474
0.0404546
0.0272277
0.0119669
-0.00379112
-0.0171793
-0.0274699
-0.0354555
-0.0414427
-0.0453737
-0.0480851
-0.0513733
-0.0550063
-0.0583304
-0.060792
-0.0619215
-0.0615425
-0.0600161
-0.0583043
-0.0566736
-0.0550572
-0.0534218
-0.0517736
-0.0501682
-0.0486947
-0.047452
-0.0464954
-0.0457675
-0.0450363
-0.043926
-0.0419017
-0.0383225
-0.03264
-0.0246875
-0.0151951
-0.00591789
0.00238852
0.00942117
0.014833
0.0184218
0.0200405
0.0197595
0.0183353
0.015976
0.0123266
0.00758547
0.00265802
-0.00222885
-0.00668972
-0.00994571
-0.0109967
-0.00890248
-0.00349758
0.00405417
0.0115605
0.0181335
0.0236475
0.0278989
0.0307121
0.0321248
0.0319936
0.0297566
0.0253202
0.0196749
0.0143152
0.00928799
0.00454148
0.000292919
-0.0031363
-0.00533545
-0.00573424
-0.00400489
-0.000633707
0.00296927
0.00643651
0.00980703
0.0128928
0.0152798
0.0163265
0.0153764
0.0119558
0.00523029
-0.00558515
-0.0201811
-0.0359482
-0.0483352
-0.057552
-0.0645645
-0.0695522
-0.0733675
-0.0766263
-0.0781183
-0.0763769
-0.0705262
-0.0609352
-0.0499114
-0.0396798
-0.0304946
-0.02244
-0.0157216
-0.0103247
-0.00587746
-0.00202008
0.00164493
0.00530092
0.00841777
0.0103854
0.0107745
0.00952396
0.00731961
0.00555923
0.00440571
0.00374896
0.00341978
0.00308617
0.00271439
0.00260892
0.00318933
0.00487044
0.00791665
0.0121915
0.0169512
0.0214847
0.0257274
0.029636
0.0330692
0.0358648
0.037912
0.0392983
0.0400658
0.0395008
0.0368106
0.0315562
0.0240766
0.0158722
0.008227
0.00103684
-0.00592286
-0.0127928
-0.0197245
-0.026819
-0.033824
-0.0400686
-0.0446996
-0.046833
-0.0455934
-0.0406802
-0.0331133
-0.0249718
-0.017447
-0.0105928
-0.00407288
0.00253276
0.00935623
0.0153843
0.0191897
0.0210695
0.0223261
0.023062
0.0229369
0.0219492
0.0205904
0.0193447
0.0181759
0.01702
0.0158608
0.014696
0.0135112
0.0122665
0.0109364
0.0094756
0.00780547
0.00584149
0.00352371
0.00090067
-0.00185324
-0.00476688
-0.00793476
-0.0113439
-0.014816
-0.0180197
-0.0205318
-0.0218163
-0.0213844
-0.0189341
-0.014033
-0.006884
0.00118291
0.00895851
0.0164832
0.0238239
0.0307831
0.0369696
0.0416964
0.0438406
0.0423683
0.0369501
0.0287265
0.0197099
0.00983208
-0.00145147
-0.013983
-0.0267058
-0.0379573
-0.0454782
-0.0477967
-0.0451852
-0.0401554
-0.0360514
-0.0328581
-0.030051
-0.0273486
-0.024522
-0.0214803
-0.0181903
-0.0146706
-0.0109466
-0.00705932
-0.00304081
0.00105609
0.00514722
0.00907783
0.0125741
0.0151537
0.0162624
0.0154581
0.0126951
0.00870426
0.00458679
0.000346137
-0.00399519
-0.00826414
-0.0123349
-0.0159072
-0.0185292
-0.019676
-0.0188554
-0.015839
-0.00972096
0.000267623
0.0137964
0.0283617
0.0395338
0.0478804
0.0560655
0.0635287
0.0688314
0.0705399
0.0674477
0.0579754
0.0414911
0.0202736
0.000126224
-0.0159831
-0.0288196
-0.0378828
-0.0427835
-0.0433788
-0.0382524
-0.0272583
-0.0127549
0.00268584
0.0162079
0.0264693
0.0360141
0.0455409
0.0543712
0.0616871
0.0667694
0.0693997
0.0699969
0.069983
0.0696604
0.0679727
0.0637765
0.056294
0.0456556
0.0332371
0.0200129
0.00753289
-0.00181926
-0.00807642
-0.0118326
-0.0126058
-0.0105641
-0.00734401
-0.00482413
-0.00289789
-0.00121634
0.000380174
0.00199516
0.00360799
0.00481864
0.00506938
0.00387147
0.00101151
-0.00306821
-0.00711636
-0.0103122
-0.0125014
-0.0136695
-0.0140472
-0.0142507
-0.0147284
-0.0152313
-0.0153415
-0.0146254
-0.012728
-0.00954266
-0.00547377
-0.00154372
0.00155853
0.00368444
0.0048757
0.00548266
0.00593432
0.00597527
0.00526502
0.00364438
0.00128029
-0.00117532
-0.00310548
-0.0044383
-0.0052702
-0.00589431
-0.0068259
-0.0082042
-0.0100728
-0.0124166
-0.0150425
-0.0175858
-0.0199535
-0.0220854
-0.0238929
-0.0253108
-0.0263365
-0.0271233
-0.0279891
-0.0290163
-0.0301498
-0.0313027
-0.0323448
-0.0331088
-0.0334055
-0.0330749
-0.0320589
-0.0305324
-0.0289564
-0.0275604
-0.0262618
-0.0249167
-0.0233575
-0.0214081
-0.0189379
-0.0159291
-0.0125982
-0.00941479
-0.00668168
-0.00473794
-0.0039573
-0.00457465
-0.00648654
-0.00910227
-0.0116514
-0.0140136
-0.0163518
-0.0187925
-0.0214031
-0.0241571
-0.0269187
-0.0294612
-0.0315604
-0.0330043
-0.033671
-0.0336796
-0.03345
-0.0330466
-0.0321072
-0.0302392
-0.0271813
-0.0230377
-0.0183625
-0.013195
-0.00745988
-0.00138918
0.00433291
0.0085881
0.0105317
0.00970762
0.00631802
0.00167562
-0.00296245
-0.00747545
-0.011787
-0.0159621
-0.020002
-0.0237519
-0.0269694
-0.0293164
-0.0303491
-0.0298593
-0.0280785
-0.0248052
-0.0195186
-0.0122063
-0.00386217
0.00398496
0.0108969
0.0164938
0.0203294
0.0225669
0.0242456
0.0262443
0.0283698
0.030288
0.0317505
0.0326345
0.0330791
0.033476
0.0338252
0.0340706
0.0341975
0.0342112
0.0341514
0.0341012
0.0341688
0.0343215
0.034397
0.0341314
0.0331767
0.0311668
0.0278476
0.0232762
0.018074
0.0130794
0.00820462
0.00319204
-0.00216428
-0.00802213
-0.0143779
-0.021022
-0.0277853
-0.0345475
-0.0410424
-0.046844
-0.0513871
-0.0539996
-0.0540967
-0.0517458
-0.0477537
-0.0415059
-0.0326155
-0.0219262
-0.0116366
-0.00304893
0.00399127
0.0100133
0.014848
0.0181285
0.0199345
0.0210578
0.0221363
0.0228228
0.0227595
0.0218931
0.0205642
0.0191547
0.0177353
0.0164287
0.015471
0.0151558
0.0157521
0.0173758
0.0197577
0.0221973
0.0245714
0.0270296
0.029666
0.032486
0.035347
0.0379648
0.0400988
0.0415149
0.042048
0.0417486
0.0410541
0.0404739
0.0396399
0.0379427
0.0347924
0.0297523
0.0228752
0.0149597
0.00729462
0.00126054
-0.00313747
-0.00653478
-0.00934057
-0.0113035
-0.012217
-0.0123654
-0.0124616
-0.0121904
-0.0110587
-0.00877998
-0.00536687
-0.00139189
0.0023183
0.00558885
0.00836191
0.0105924
0.0124144
0.0141703
0.0160816
0.0181884
0.0205443
0.0232038
0.0261876
0.0294127
0.0326221
0.0353477
0.0372088
0.0380165
0.0378529
0.0370714
0.0354329
0.0327384
0.0292204
0.0255841
0.0221022
0.0184619
0.014259
0.00910166
0.00273193
-0.00480489
-0.0131181
-0.0216831
-0.0294256
-0.035162
-0.0389915
-0.0418302
-0.044267
-0.0457584
-0.0456531
-0.0436279
-0.040032
-0.0360904
-0.0323209
-0.0283414
-0.0236754
-0.017949
-0.0110023
-0.00314881
0.00477618
0.0122941
0.0187826
0.0233824
0.0252609
0.0239283
0.0198957
0.0149369
0.00995592
0.00520599
0.000589193
-0.00389755
-0.00802318
-0.0114123
-0.0137696
-0.0152355
-0.0164384
-0.0179239
-0.0195991
-0.0212918
-0.0228556
-0.0241599
-0.0251105
-0.0256814
-0.02597
-0.0262073
-0.0264415
-0.0266301
-0.0267311
-0.0267166
-0.0265863
-0.0263823
-0.0262076
-0.0262027
-0.0262932
-0.0262246
-0.0256217
-0.0240429
-0.0210984
-0.0166463
-0.0110488
-0.00549096
-0.00209345
-0.00244071
-0.00592562
-0.0103127
-0.0138936
-0.0171945
-0.0207391
-0.0247046
-0.0290431
-0.0333546
-0.0368226
-0.0383523
-0.0375201
-0.0346378
-0.0310058
-0.0277994
-0.024969
-0.0223341
-0.0198023
-0.0173052
-0.0148005
-0.0122243
-0.00949728
-0.0066795
-0.00388197
-0.00122674
0.00115847
0.00317996
0.00481584
0.00620249
0.00762554
0.00910511
0.0106132
0.0121413
0.0136773
0.0152126
0.01673
0.018207
0.0196033
0.0208172
0.0217212
0.0222014
0.0222086
0.0218435
0.0214165
0.0211653
0.0209839
0.0206553
0.0199068
0.0184362
0.0160015
0.0125484
0.00842413
0.00446366
0.00117535
-0.00141691
-0.00349361
-0.00537499
-0.00682581
-0.00749465
-0.00713374
-0.00579096
-0.0038934
-0.00130976
0.00224164
0.00675106
0.0116594
0.0158511
0.0188833
0.0208557
0.022142
0.0226264
0.0220663
0.0205641
0.0187348
0.017142
0.0157315
0.0143895
0.0130441
0.0116384
0.010125
0.00847239
0.00676158
0.00516822
0.00392607
0.00329506
0.00348202
0.00453528
0.00615202
0.00764926
0.00880101
0.00963307
0.0102198
0.010725
0.0112823
0.0119015
0.0125789
0.0133336
0.0142011
0.0152361
0.0164888
0.0179791
0.0196298
0.021269
0.0229239
0.024644
0.0264291
0.0282227
0.0298901
0.0312194
0.0319215
0.0317162
0.0304734
0.0283474
0.0256026
0.0226917
0.0200237
0.0176026
0.0153851
0.0133378
0.0113786
0.00937506
0.00734778
0.00549929
0.004088
0.00336379
0.00347637
0.00433079
0.00546829
0.00647572
0.00737499
0.00824263
0.00913017
0.0100814
0.0111184
0.0122387
0.013421
0.01461
0.0157002
0.0165308
0.0169049
0.0166267
0.0156179
0.013949
0.0113279
0.0073875
0.00211105
-0.00404305
-0.0107886
-0.017379
-0.0228123
-0.0270046
-0.03019
-0.0321756
-0.0329672
-0.0331508
-0.033481
-0.0336646
-0.0332066
-0.0317238
-0.0290167
-0.0253281
-0.0214228
-0.0177572
-0.014334
-0.0111157
-0.00802922
-0.00495059
-0.00184666
0.0011979
0.00407347
0.00666661
0.00891522
0.010815
0.0122144
0.0129287
0.0129558
0.0124724
0.0111009
0.00845092
0.00442772
-0.000472453
-0.00514152
-0.00945636
-0.0134244
-0.0169637
-0.0199936
-0.0222626
-0.0234443
-0.0233957
-0.0224253
-0.0209925
-0.0186988
-0.0151508
-0.0103578
-0.00496504
-0.000426624
0.0020978
0.0029367
0.00323248
0.00341362
0.00311493
0.00193758
-0.000276907
-0.00330237
-0.00615886
-0.0074612
-0.00819333
-0.00913881
-0.0102911
-0.0115826
-0.0129021
-0.0141318
-0.0151404
-0.0158373
-0.0162033
-0.016365
-0.0165186
-0.0167114
-0.016993
-0.0174621
-0.0182318
-0.0194036
-0.0209899
-0.0228529
-0.0248752
-0.0271152
-0.0295666
-0.0320683
-0.034263
-0.035614
-0.0357365
-0.0345868
-0.0326573
-0.0309625
-0.0296163
-0.0285861
-0.0279029
-0.0275553
-0.0274539
-0.0273552
-0.0270256
-0.0263841
-0.0253791
-0.0239893
-0.0223058
-0.020566
-0.0189288
-0.017449
-0.0162031
-0.0152894
-0.0147903
-0.0147176
-0.0149127
-0.0150345
-0.0150469
-0.0150881
-0.0153219
-0.0159134
-0.0169727
-0.0184876
-0.0202161
-0.0216586
-0.0223693
-0.021945
-0.0200603
-0.016745
-0.0125
-0.00744152
-0.00174358
0.00379495
0.00785903
0.0101988
0.0111508
0.0116247
0.0124259
0.0135077
0.0147272
0.0159911
0.0172487
0.0185016
0.0198001
0.0212259
0.0228603
0.0247397
0.0267833
0.0287946
0.0308191
0.0329508
0.0352661
0.0378164
0.0405851
0.0434551
0.0462901
0.0490112
0.0514968
0.0535615
0.0549856
0.0555665
0.055268
0.0542674
0.0521186
0.0477623
0.0402515
0.0293117
0.0158339
0.00109435
-0.0127702
-0.0225775
-0.0285777
-0.0319357
-0.0323403
-0.030266
-0.027482
-0.0245542
-0.0217035
-0.0188662
-0.0156095
-0.0116135
-0.0067671
-0.00128735
0.0041982
0.00860466
0.0109506
0.0109481
0.00917213
0.00707976
0.00493626
0.00245269
-0.000480334
-0.00370752
-0.00666517
-0.00866424
-0.00958578
-0.00972909
-0.00979455
-0.010134
-0.0106179
-0.01106
-0.0112621
-0.0110409
-0.0102655
-0.00892657
-0.00724491
-0.00565605
-0.00412461
-0.00249227
-0.000584845
0.00178612
0.00475139
0.00831002
0.0121689
0.015797
0.0193129
0.0227197
0.0259084
0.0287524
0.0311144
0.0329269
0.0342846
0.0352836
0.0355073
0.0344898
0.0319774
0.028197
0.0240181
0.0199226
0.0159022
0.012003
0.0084237
0.00545731
0.0035191
0.00270869
0.00169798
0.00048156
-0.000562737
-0.00110038
-0.000775474
0.000612114
0.00297426
0.00575396
0.0084537
0.011089
0.0137271
0.016364
0.0189606
0.0214243
0.02365
0.025541
0.0270858
0.0284058
0.0298644
0.031991
0.0348298
0.0380787
0.0411496
0.0436542
0.045136
0.045048
0.0429582
0.0388866
0.0335258
0.0268833
0.0183206
0.00762504
-0.00445189
-0.0162701
-0.0260192
-0.0313944
-0.0328315
-0.0335054
-0.0330686
-0.0307159
-0.0264065
-0.0212159
-0.0174705
-0.0159409
-0.0163139
-0.0175371
-0.0182922
-0.0185881
-0.0186719
-0.0187261
-0.0189041
-0.0192651
-0.0197579
-0.0201987
-0.0203616
-0.0199921
-0.018876
-0.016941
-0.0144609
-0.0120477
-0.00968267
-0.00724581
-0.00469527
-0.0020461
0.00058384
0.00300784
0.00504157
0.00652031
0.00736051
0.00769921
0.00794866
0.00830829
0.0086938
0.00899164
0.00909526
0.00892172
0.00843912
0.00771972
0.00695242
0.00618916
0.00530437
0.00412906
0.00249608
0.000301854
-0.00240346
-0.00530428
-0.00795025
-0.0102124
-0.0120229
-0.0133716
-0.0143544
-0.0149154
-0.0151015
-0.0151774
-0.0153442
-0.0154868
-0.0154234
-0.0149725
-0.0139842
-0.0124038
-0.0103979
-0.00834399
-0.00614782
-0.00363589
-0.00071756
0.00257235
0.00597268
0.00907615
0.0116142
0.0133277
0.0140153
0.013723
0.0128878
0.0118368
0.0103309
0.00814773
0.00531434
0.00219767
-0.000825793
-0.00370368
-0.00638714
-0.00879022
-0.0108526
-0.012591
-0.0140566
-0.0153184
-0.0165812
-0.0179479
-0.0193746
-0.0207939
-0.0221235
-0.0232661
-0.0241196
-0.0246084
-0.0247253
-0.024616
-0.0245731
-0.0246185
-0.0247203
-0.0248571
-0.0249925
-0.0250813
-0.0250609
-0.0248617
-0.0244161
-0.0236907
-0.0227209
-0.0216648
-0.0207079
-0.0197931
-0.0187796
-0.017494
-0.0157397
-0.01336
-0.0103198
-0.00683026
-0.00321225
0.000570268
0.00454473
0.00859652
0.0124119
0.0155519
0.0183294
0.0213997
0.0248546
0.0283915
0.0314666
0.0333184
0.0330679
0.0299904
0.0238892
0.0158199
0.00809278
0.000798832
-0.0062465
-0.0125112
-0.0169721
-0.0184273
-0.0165451
-0.0124854
-0.00873881
-0.00526063
-0.00162741
0.00222649
0.00612052
0.00976181
0.0128483
0.0149938
0.0158841
0.0155231
0.0144031
0.0125944
0.0097585
0.00581694
0.00126049
-0.00313086
-0.00721662
-0.0108862
-0.013939
-0.0161872
-0.0173658
-0.0173726
-0.0165518
-0.015436
-0.0138085
-0.0114731
-0.00859545
-0.00571054
-0.00309995
-0.000949831
0.000503649
0.00108113
0.000800969
7.74548e-05
-0.000499417
-0.000920079
-0.00123673
-0.00142504
-0.00142877
-0.00117214
-0.000616124
0.000169993
0.000958996
0.00158893
0.00198881
0.00207678
0.00177987
0.00111701
0.000233274
-0.00089166
-0.00228904
-0.00383084
-0.00522816
-0.0061397
-0.00612138
-0.00471158
-0.0016215
0.00294141
0.00810387
0.0133041
0.0178058
0.0204997
0.0211393
0.0204985
0.0200589
0.0197656
0.0192572
0.018308
0.0168186
0.0149888
0.0131608
0.0113974
0.00975041
0.00833047
0.00723005
0.00648766
0.00597579
0.00540591
0.00472639
0.00390962
0.00288574
0.00159436
8.73388e-06
-0.00178298
-0.00356405
-0.00523023
-0.0067199
-0.00793822
-0.00879027
-0.00921903
-0.00929718
-0.00926041
-0.00918154
-0.00893348
-0.00839522
-0.00751071
-0.0063647
-0.00519254
-0.00405285
-0.00291545
-0.0017602
-0.000573699
0.000642686
0.001875
0.00309072
0.004244
0.00527903
0.00614855
0.00683341
0.00738552
0.00793362
0.00851273
0.00911151
0.00972571
0.0103554
0.0110074
0.011688
0.0124001
0.0131309
0.0138671
0.0146337
0.0154574
0.0163446
0.0172684
0.0181494
0.0188494
0.019176
0.0189216
0.0179315
0.016244
0.0141671
0.0117965
0.0090069
0.00580171
0.0024559
-0.00044863
-0.00238756
-0.00304574
-0.00232462
-0.000610071
0.00109619
0.00227478
0.0030544
0.00371357
0.00457583
0.00560846
0.00659471
0.00719465
0.00697144
0.00550557
0.00256977
-0.00159352
-0.0060507
-0.0098924
-0.0129426
-0.0151817
-0.0166561
-0.0171755
-0.0165632
-0.0150398
-0.0133416
-0.0118472
-0.0104656
-0.00911472
-0.00778022
-0.0065099
-0.0053965
-0.00454612
-0.00402363
-0.0037722
-0.00356943
-0.00330061
-0.00299238
-0.00267418
-0.00236165
-0.00206436
-0.00178805
-0.00153985
-0.0013295
-0.00117056
-0.00107561
-0.00104982
-0.00107632
-0.00111028
-0.00112379
-0.00111358
-0.00107862
-0.00102193
-0.000955043
-0.0009032
-0.000905738
-0.0010128
-0.00127105
-0.00170094
-0.00226298
-0.00286476
-0.003425
-0.00381311
-0.00384545
-0.00332573
-0.00211673
-0.000245168
0.00194428
0.00373532
0.00464173
0.00457523
0.00371756
0.00261007
0.00171543
0.000992781
0.000308443
-0.000475669
-0.00150836
-0.00291229
-0.00474681
-0.00695161
-0.00946568
-0.0123192
-0.0154354
-0.0185257
-0.0210664
-0.0225346
-0.022713
-0.0217054
-0.0201476
-0.0188629
-0.0177317
-0.0164271
-0.014637
-0.0120705
-0.00858829
-0.00433294
8.92289e-05
0.00389671
0.00701084
0.00959671
0.0116591
0.0128793
0.0129611
0.0118986
0.0101321
0.00794696
0.00492475
0.000690134
-0.00477649
-0.0108791
-0.0162945
-0.0201587
-0.0223484
-0.0233564
-0.0244353
-0.0252219
-0.024941
-0.0229305
-0.0187876
-0.0128122
-0.00629291
-0.00053085
0.00417379
0.00770302
0.0102236
0.0123186
0.0144005
0.0162071
0.0174036
0.0177988
0.0174956
0.0169773
0.016417
0.0155942
0.0142653
0.0122671
0.00960368
0.00657131
0.00364159
0.0010197
-0.00107177
-0.0023605
-0.00265563
-0.00216103
-0.00153826
-0.00111892
-0.000806894
-0.000463462
3.38065e-05
0.000777971
0.00180511
0.00305334
0.00432785
0.00526057
0.00562546
0.005902
0.00625747
0.00663542
0.00697719
0.00721153
0.00728396
0.00716693
0.00690791
0.00662902
0.00635726
0.00606824
0.00574189
0.00536064
0.00491799
0.00442348
0.00390522
0.0033352
0.00262416
0.00166541
0.00037614
-0.00126052
-0.0031936
-0.00525586
-0.00725102
-0.00907096
-0.0105692
-0.0115437
-0.0116342
-0.0104766
-0.00791227
-0.00429919
-0.000589156
0.00290535
0.00613503
0.0089274
0.0111004
0.0126918
0.0139963
0.0153427
0.0165231
0.0172121
0.017157
0.0162489
0.0147264
0.0132008
0.0119057
0.0108444
0.00995482
0.00909916
0.00815742
0.007087
0.00586488
0.00447662
0.00294621
0.00135803
-0.000130162
-0.00139889
-0.00232027
-0.00278354
-0.00275218
-0.0023633
-0.00196469
-0.00174643
-0.00167342
-0.00165697
-0.00155994
-0.00119448
-0.000338039
0.0012117
0.00355025
0.00652426
0.00961986
0.0123001
0.0143526
0.015618
0.0160154
0.0157219
0.0152428
0.0147537
0.0140291
0.012831
0.0110218
0.00870012
0.00621527
0.00355895
0.000743136
-0.00205172
-0.00449518
-0.00629985
-0.00732264
-0.00764591
-0.00759153
-0.00699406
-0.00571872
-0.00394284
-0.00219677
-0.000879572
-0.000154826
-0.000140988
-0.000841153
-0.00195895
-0.00290003
-0.00365842
-0.00434004
-0.00501775
-0.00576365
-0.00662356
-0.00761654
-0.00871265
-0.00982944
-0.010856
-0.0116438
-0.0120196
-0.011838
-0.0110498
-0.00983549
-0.00862557
-0.00750595
-0.00638709
-0.00518883
-0.00385481
-0.0023827
-0.000846367
0.000582421
0.001667
0.00213565
0.0017472
0.000400077
-0.00165745
-0.00378484
-0.0058414
-0.00791656
-0.0100447
-0.012179
-0.0141884
-0.0160159
-0.0176842
-0.0192592
-0.0206056
-0.0215565
-0.0220115
-0.0220038
-0.0218021
-0.0217423
-0.0217312
-0.0215471
-0.0209373
-0.0196288
-0.0174299
-0.0143392
-0.0107628
-0.00751531
-0.00476532
-0.00227634
5.6088e-05
0.00220194
0.00414644
0.00595768
0.00771785
0.00948261
0.0113017
0.0131001
0.0147445
0.0160716
0.0168984
0.0170841
0.016621
0.0155159
0.0133728
0.00987651
0.00510322
-0.000213243
-0.00496365
-0.00874735
-0.011237
-0.0121927
-0.0116337
-0.00925678
-0.00495455
0.000496571
0.00527776
0.00843808
0.0103744
0.0119637
0.0134319
0.014713
0.0158493
0.0170144
0.018045
0.0183852
0.0174054
0.0145792
0.00973118
0.00339749
-0.00289276
-0.00759289
-0.0102582
-0.0117634
-0.0136953
-0.0161081
-0.0186391
-0.0208461
-0.0221421
-0.0219492
-0.0200298
-0.0171736
-0.0145383
-0.0121801
-0.00998336
-0.00790024
-0.00586842
-0.00383572
-0.00171657
0.000565778
0.00287531
0.00494527
0.00643568
0.00697202
0.00627833
0.00435318
0.00172418
-0.000849295
-0.00337143
-0.00590373
-0.00834954
-0.0104882
-0.0119683
-0.0123938
-0.0114605
-0.00918789
-0.00620048
-0.00340133
-0.000810861
0.00164207
0.0039151
0.00591014
0.00751167
0.00888986
0.010388
0.0119923
0.0136255
0.015242
0.0168129
0.0183449
0.0198696
0.0214411
0.0231157
0.0249278
0.0268432
0.0287106
0.0302408
0.0310183
0.0305649
0.0284885
0.0247484
0.0199074
0.0144842
0.00838006
0.00177866
-0.00463842
-0.0103949
-0.0150432
-0.0180781
-0.0191232
-0.0182662
-0.0163925
-0.0141758
-0.0111737
-0.00698299
-0.00170939
0.00392456
0.00927926
0.0139001
0.0171707
0.018426
0.0172362
0.0138599
0.00962353
0.00573594
0.00215538
-0.00122047
-0.00430122
-0.00685835
-0.00857843
-0.00926277
-0.00905879
-0.00850464
-0.00741496
-0.00530925
-0.00192456
0.00256674
0.00728683
0.0109959
0.0131992
0.0136598
0.0124836
0.0105184
0.00890865
0.00768292
0.00669378
0.00587735
0.00516654
0.00450689
0.00379962
0.00295097
0.00197344
0.000915945
-0.000173678
-0.00122743
-0.00216457
-0.00288799
-0.00330865
-0.00337297
-0.00312594
-0.00275528
-0.00243925
-0.00219192
-0.00201852
-0.00193751
-0.00196416
-0.00209057
-0.00226084
-0.00235213
-0.00222912
-0.00176291
-0.000849797
0.000534104
0.00221803
0.00382547
0.00522009
0.00626503
0.00676772
0.00656716
0.00561333
0.00414709
0.00272238
0.00145735
0.000239155
-0.00104724
-0.00251662
-0.0042518
-0.00627392
-0.00851359
-0.010951
-0.0135336
-0.0161094
-0.0183764
-0.0199429
-0.0207352
-0.0210846
-0.0215983
-0.0222137
-0.0226764
-0.0227062
-0.0220001
-0.0203452
-0.0177822
-0.0146847
-0.0110542
-0.00684205
-0.00226744
0.00200557
0.00496179
0.00638913
0.00694694
0.00784686
0.00914036
0.0105944
0.011966
0.0129392
0.0133442
0.0131737
0.0126719
0.012199
0.0118408
0.0116497
0.0117015
0.0120294
0.0125876
0.0131829
0.0134205
0.0127263
0.0107537
0.00765798
0.00402129
-0.000207969
-0.00529194
-0.0112207
-0.0175146
-0.0230219
-0.0264934
-0.0281769
-0.0292245
-0.0304065
-0.031188
-0.0307432
-0.0283353
-0.0235503
-0.0167255
-0.0093993
-0.00366015
6.26706e-05
0.00185977
0.00242861
0.00313553
0.0037824
0.0038633
0.00302832
0.00116972
-0.0013115
-0.00375812
-0.00607317
-0.00816027
-0.00978207
-0.0106771
-0.0106121
-0.0092458
-0.00627532
-0.0018854
0.00298772
0.0074006
0.0111496
0.0140641
0.0159552
0.0167759
0.0168839
0.0170341
0.0170066
0.0164033
0.014975
0.0127004
0.00999272
0.00745741
0.00515215
0.00304315
0.00109368
-0.000775186
-0.00241566
-0.00364098
-0.004322
-0.00447554
-0.00437723
-0.00441923
-0.00462061
-0.00493054
-0.00528908
-0.00559012
-0.00567685
-0.00534703
-0.00438588
-0.00264433
-0.000140569
0.00274669
0.0052962
0.00741692
0.00917675
0.0107104
0.0122681
0.0138686
0.0154045
0.016736
0.0177289
0.0182981
0.0184948
0.0185389
0.0184865
0.0181914
0.0175137
0.0163858
0.0149131
0.0133783
0.0117987
0.0101901
0.00866112
0.00735663
0.00642414
0.00598651
0.0060884
0.00656299
0.00701764
0.00740323
0.00784794
0.00846289
0.00931318
0.0103641
0.0114449
0.0122157
0.0121879
0.0107986
0.00756854
0.00236526
-0.00419687
-0.0104834
-0.0150641
-0.0179639
-0.0195446
-0.0198282
-0.019279
-0.0189377
-0.018953
-0.0189842
-0.0186395
-0.0175119
-0.0152937
-0.0118947
-0.00770388
-0.00357795
0.000368507
0.00410739
0.00749575
0.0103555
0.0125216
0.013916
0.0141758
0.0127633
0.00940994
0.00455661
-0.000462658
-0.00481562
-0.00840353
-0.0113211
-0.0138684
-0.0161951
-0.0180258
-0.0190594
-0.0191682
-0.0186117
-0.0180884
-0.0177441
-0.0174444
-0.0170546
-0.0164398
-0.0154909
-0.0141516
-0.0124895
-0.0107128
-0.00893431
-0.00732798
-0.00616897
-0.0057835
-0.00646045
-0.00829984
-0.0109767
-0.0136178
-0.015577
-0.0165713
-0.0163855
-0.0149675
-0.0127101
-0.0105041
-0.00857628
-0.00682606
-0.00518028
-0.00359008
-0.00204215
-0.000535998
0.000927361
0.00237954
0.00383811
0.00518329
0.00625275
0.0069013
0.00704126
0.00675016
0.00628805
0.00564548
0.00470545
0.00343691
0.0019583
0.000611108
-0.000157621
-0.000161339
0.000630099
0.0019546
0.00324812
0.00459409
0.00617867
0.00808692
0.0102766
0.0124872
0.0143125
0.0154372
0.015581
0.0145865
0.0126624
0.010486
0.00838742
0.00625583
0.00399931
0.00164014
-0.000670319
-0.00280466
-0.00469884
-0.00631671
-0.00770085
-0.0088495
-0.00936205
-0.00875896
-0.00670077
-0.00317794
0.00113209
0.00482779
0.00734829
0.00866822
0.00906107
0.00920094
0.00934646
0.00926949
0.00871855
0.00756123
0.00592322
0.00422471
0.00254214
0.000796429
-0.00105191
-0.00299059
-0.00493878
-0.00674242
-0.00816797
-0.00892614
-0.00876774
-0.00760709
-0.00574318
-0.00389798
-0.00224308
-0.000670407
0.000920354
0.00261957
0.00448339
0.00652157
0.00866826
0.0107645
0.0125533
0.0137512
0.0141216
0.0135741
0.0123231
0.010754
0.00887652
0.00683258
0.00501415
0.00356708
0.00249225
0.0017077
0.00100106
0.000248443
-0.00038898
-0.000684684
-0.000436448
0.000465937
0.00191861
0.00351425
0.00486086
0.00590264
0.00665615
0.00720008
0.00772747
0.00841806
0.00931519
0.0104296
0.0117367
0.0131534
0.0144534
0.0151975
0.0155815
0.0161073
0.016939
0.0180344
0.0192322
0.0202118
0.0205118
0.0198207
0.0180377
0.0154219
0.0126829
0.0101654
0.00773614
0.0051985
0.00236088
-0.000928597
-0.00470537
-0.00880705
-0.0128054
-0.0159573
-0.0175479
-0.0177542
-0.0174549
-0.0173958
-0.0175233
-0.0176547
-0.0176376
-0.0173316
-0.0166677
-0.015676
-0.0144008
-0.012816
-0.0109957
-0.00914369
-0.00733961
-0.00561225
-0.00401484
-0.00261198
-0.00145885
-0.00056256
0.000181026
0.000988525
0.00186633
0.0027819
0.00371074
0.00462039
0.00547204
0.00621727
0.00680311
0.00718466
0.00734873
0.00734964
0.00724961
0.00693619
0.00627933
0.00521795
0.00382727
0.00225829
0.000478643
-0.00149023
-0.00348032
-0.00513719
-0.00596589
-0.00588627
-0.00542279
-0.0050586
-0.00478631
-0.00455728
-0.004383
-0.00431923
-0.00446737
-0.00494021
-0.00581302
-0.00703673
-0.00836666
-0.0095151
-0.0103179
-0.0105848
-0.0101324
-0.00888281
-0.0070542
-0.00517512
-0.00323462
-0.00119477
0.00082027
0.00253488
0.00349187
0.00317461
0.0016672
-0.000149154
-0.00180656
-0.00338838
-0.00498624
-0.00660914
-0.00817788
-0.00951448
-0.0104138
-0.010797
-0.010771
-0.0106687
-0.0106711
-0.010754
-0.0108911
-0.0110692
-0.0112774
-0.0114904
-0.0116563
-0.011683
-0.0114434
-0.0107906
-0.00961182
-0.00789452
-0.00586493
-0.00397799
-0.00225517
-0.000632521
0.000927883
0.00248375
0.00406692
0.00547936
0.00639807
0.00646098
0.00536367
0.00304423
-8.46667e-05
-0.00338846
-0.00693652
-0.0107834
-0.0147312
-0.0182707
-0.0206532
-0.0216877
-0.0216302
-0.0212701
-0.0212726
-0.0215111
-0.0216961
-0.0215081
-0.0206066
-0.0187231
-0.0157786
-0.0120976
-0.00845596
-0.00522556
-0.00259413
-0.000760689
0.000166448
0.000322347
0.00022447
0.000330809
0.000624104
0.00102774
0.00149072
0.00195848
0.00237262
0.00265752
0.00272406
0.00248117
0.00187264
0.000935169
-0.000140277
-0.00110083
-0.00172728
-0.00173847
-0.000822404
0.00123837
0.00438884
0.00806478
0.0114788
0.0146002
0.0175012
0.0202117
0.0227379
0.0247455
0.0257891
0.0254851
0.0237014
0.0208854
0.0181866
0.0161248
0.014366
0.01257
0.0106605
0.00863424
0.00652773
0.00442483
0.00244136
0.000715007
-0.000560077
-0.00122561
-0.00124558
-0.000854881
-0.000541089
-0.000225574
0.000300827
0.00122698
0.00270395
0.00475881
0.00717075
0.0094736
0.0116274
0.0136707
0.0156247
0.0175312
0.0194498
0.0213992
0.0231911
0.0245361
0.0250841
0.0245018
0.0226474
0.0198013
0.0164981
0.0128415
0.00912053
0.00566874
0.00254575
-0.000205389
-0.0025552
-0.0044611
-0.00601624
-0.00746274
-0.00854206
-0.00890135
-0.00830708
-0.00676007
-0.004703
-0.00275679
-0.000894811
0.00100985
0.00302159
0.00518074
0.00745532
0.00973508
0.011811
0.0134051
0.0142129
0.0140203
0.0128404
0.0111613
0.00995872
0.00956069
0.00985415
0.0104862
0.0110033
0.011371
0.0116205
0.0117661
0.0118184
0.0117842
0.0116789
0.0115408
0.0114012
0.0112625
0.0111393
0.0110655
0.0110235
0.0109549
0.0107701
0.010353
0.00957704
0.00834532
0.00664563
0.00464956
0.00273606
0.00102394
-0.000716381
-0.00285502
-0.005834
-0.00991418
-0.0148392
-0.0198519
-0.0244334
-0.0284223
-0.0316776
-0.0339173
-0.034823
-0.0343457
-0.0327482
-0.0304817
-0.02846
-0.0266821
-0.0249889
-0.0233052
-0.0215639
-0.0197308
-0.0177727
-0.015665
-0.0133795
-0.010903
-0.00825846
-0.00553018
-0.00277367
-2.27814e-05
0.00264426
0.00508998
0.00713261
0.0085861
0.00933846
0.00947695
0.0093935
0.00943349
0.00956287
0.00970455
0.00981295
0.00986259
0.00985946
0.00983717
0.00985438
0.00997833
0.0102626
0.0107125
0.0112492
0.0116753
0.0116577
0.010765
0.0087025
0.00550311
0.00169892
-0.0019696
-0.0055135
-0.00903386
-0.0125323
-0.0159395
-0.0190686
-0.0216604
-0.0234538
-0.0243073
-0.0243923
-0.0242919
-0.0242903
-0.0242879
-0.0241791
-0.0239156
-0.0235277
-0.0231227
-0.0227114
-0.0222399
-0.0216287
-0.0207745
-0.0195737
-0.0179616
-0.0159854
-0.0138632
-0.0117849
-0.0097227
-0.0076336
-0.00551041
-0.00338307
-0.00132872
0.00053594
0.00207282
0.00316974
0.00380118
0.00414338
0.00457078
0.00510211
0.0056903
0.00630653
0.00690936
0.00745077
0.00786789
0.00809261
0.00806646
0.0077712
0.00728232
0.0067816
0.00631355
0.00585873
0.00540975
0.00497334
0.00457334
0.00424383
0.0040198
0.00391733
0.00391083
0.00390563
0.00377705
0.00349166
0.00306191
0.00254688
0.00200751
0.00150869
0.00116172
0.00111933
0.0015464
0.002561
0.00414779
0.00603822
0.00763511
0.00844407
0.00851037
0.0082391
0.00831031
0.00888537
0.00997101
0.0114685
0.0130875
0.0146042
0.0158707
0.0166895
0.0168232
0.0160715
0.0144201
0.0121405
0.00925604
0.00557769
0.00117658
-0.00342394
-0.00757946
-0.010862
-0.012805
-0.0129822
-0.0113354
-0.00836803
-0.00452657
-0.000586214
0.00305144
0.006488
0.00981205
0.0130499
0.0161857
0.0191916
0.0220847
0.0249286
0.0274765
0.0293019
0.0299786
0.0292273
0.0271561
0.0244637
0.0217534
0.0188954
0.0156896
0.0120407
0.00802696
0.00404077
0.000713848
-0.00196123
-0.00426705
-0.00614133
-0.00760602
-0.0089166
-0.0102915
-0.0116683
-0.0129576
-0.0141076
-0.015105
-0.015909
-0.0163942
-0.0164497
-0.0160419
-0.0153072
-0.0145697
-0.0139108
-0.0132904
-0.0126746
-0.0120369
-0.0113661
-0.0106667
-0.00996442
-0.00930216
-0.00873531
-0.00831156
-0.0080546
-0.00800622
-0.00820208
-0.00859657
-0.00900457
-0.00909075
-0.00858439
-0.00737523
-0.00554275
-0.0034512
-0.00146247
0.000341858
0.00186531
0.00294833
0.0034281
0.00321
0.0024143
0.00144389
0.000464743
-0.000646282
-0.00198891
-0.00356429
-0.0052113
-0.00661518
-0.0076643
-0.0084244
-0.00909289
-0.00981397
-0.0104977
-0.0110073
-0.0112129
-0.011028
-0.0104686
-0.00972743
-0.00907067
-0.00850604
-0.00798762
-0.00746553
-0.00686742
-0.00610914
-0.00510774
-0.00381193
-0.00224585
-0.000556424
0.000919818
0.0017051
0.00167236
0.000958584
7.30018e-06
-0.000781855
-0.00141461
-0.00195037
-0.00243634
-0.00292349
-0.00346677
-0.00411615
-0.00483698
-0.00553721
-0.00607609
-0.00627486
-0.00595508
-0.00500483
-0.00348786
-0.00173503
-5.23631e-05
0.00155773
0.00310747
0.00456419
0.00587112
0.00696102
0.00779578
0.00841419
0.00899357
0.00976838
0.0107677
0.0119464
0.0132075
0.0144838
0.015743
0.0169146
0.0178803
0.0184825
0.0185608
0.018018
0.0169313
0.0156426
0.0144405
0.0132568
0.0119818
0.0105439
0.00892083
0.00717387
0.00547814
0.00411668
0.00326868
0.00291037
0.00279482
0.00258451
0.00226619
0.00188061
0.0014567
0.00103757
0.000679136
0.000457851
0.000463609
0.000782302
0.00146119
0.00243926
0.00353102
0.00475446
0.00620834
0.00793457
0.00985298
0.0117377
0.0134475
0.0148662
0.0158615
0.0163382
0.0163264
0.0160605
0.0156808
0.014975
0.0136988
0.0117254
0.00913341
0.00640631
0.00435773
0.00296462
0.00183026
0.000552845
-0.000751201
-0.0017909
-0.00224854
-0.00182016
-0.000369226
0.00189751
0.00426168
0.00595354
0.00660957
0.00597385
0.0039694
0.00102999
-0.00184974
-0.00438074
-0.00661955
-0.0085845
-0.0102857
-0.011743
-0.0129525
-0.013706
-0.013816
-0.0132574
-0.012319
-0.0114078
-0.0104087
-0.00913959
-0.00751369
-0.00556067
-0.00350699
-0.00180712
-0.00118877
-0.00243397
-0.00501492
-0.00748097
-0.00971862
-0.0117995
-0.0136463
-0.0151171
-0.0160002
-0.0161151
-0.0154117
-0.0141978
-0.0131349
-0.0122428
-0.0114429
-0.0107283
-0.0101082
-0.00961645
-0.00926433
-0.00901501
-0.00871889
-0.0081291
-0.00718827
-0.00602861
-0.00488647
-0.00374514
-0.00253308
-0.00120364
0.000260286
0.00180204
0.00328404
0.00459075
0.00566491
0.00648199
0.00709846
0.00767299
0.00825825
0.00877339
0.00911975
0.00921359
0.00901613
0.00858733
0.00810539
0.00762592
0.00704671
0.00622972
0.00504029
0.00338899
0.00131885
-0.000949198
-0.00333176
-0.00589795
-0.0086503
-0.0114678
-0.0141707
-0.0164579
-0.0179114
-0.0180603
-0.0165721
-0.0135149
-0.00968983
-0.00624326
-0.00332077
-0.000940936
0.000817667
0.00195283
0.00265543
0.00335117
0.00401477
0.00439408
0.00425661
0.0034788
0.00217048
0.000533452
-0.00162226
-0.00444832
-0.00785191
-0.0113926
-0.0143649
-0.0162275
-0.0164401
-0.0146256
-0.0108625
-0.00620457
-0.00259955
-0.000109923
0.00178786
0.00363471
0.00563672
0.00793935
0.0106546
0.0137056
0.0168848
0.0198813
0.0223477
0.023869
0.0240631
0.0227464
0.0201984
0.0169861
0.0132447
0.00938084
0.00584409
0.00269327
-3.057e-05
-0.00218073
-0.00350477
-0.00385961
-0.003443
-0.00289966
-0.00256194
-0.00235388
-0.00218192
-0.00198395
-0.00171557
-0.00134923
-0.000867685
-0.000266124
0.000446295
0.00122864
0.00201293
0.00280607
0.00362835
0.004484
0.00535469
0.00618395
0.00687518
0.00729551
0.00730641
0.00681132
0.00585206
0.00465684
0.00330918
0.0017303
-8.84742e-05
-0.00202246
-0.00395705
-0.00592235
-0.00794672
-0.0100216
-0.0120967
-0.014075
-0.0158164
-0.0171613
-0.0179694
-0.0181621
-0.0178434
-0.0173867
-0.0170274
-0.0164938
-0.0153748
-0.0132633
-0.00985442
-0.00515669
0.000298461
0.00508688
0.00719571
0.00728739
0.00730993
0.00765668
0.00794498
0.00767759
0.00635067
0.00360344
-0.000561124
-0.0054679
-0.00961152
-0.0119723
-0.0133494
-0.0149225
-0.0166586
-0.0182679
-0.0194458
-0.0198866
-0.0194103
-0.0181187
-0.0165323
-0.0150943
-0.0137053
-0.0121678
-0.0102962
-0.00792797
-0.00499942
-0.00162106
0.00179684
0.00456082
0.00634967
0.00718682
0.00744637
0.00764219
0.00769326
0.00747019
0.00699071
0.00644228
0.00601721
0.00572474
0.00554482
0.00542337
0.00526108
0.00505457
0.00481082
0.00451835
0.0041539
0.00368562
0.00309005
0.00237795
0.00161339
0.000828281
2.19775e-05
-0.000781624
-0.00152
-0.00209568
-0.00239027
-0.00230113
-0.00179504
-0.000996187
-0.000225178
0.00030417
0.000542993
0.000484911
0.000192354
-0.000145404
-0.00016582
0.000436783
0.00126415
0.00160399
0.00157373
0.00158598
0.00170043
0.00191716
0.00222474
0.002583
0.00302701
0.00367227
0.00464804
0.00604672
0.00785877
0.00988536
0.0118395
0.0136972
0.0154489
0.0170124
0.0182822
0.0191651
0.0196352
0.0198298
0.0200602
0.0203357
0.0204915
0.0203327
0.0196668
0.018368
0.0164886
0.0143214
0.0119876
0.00941603
0.00661136
0.00374652
0.00117943
-0.000758433
-0.00186244
-0.00207002
-0.00165118
-0.00125143
-0.00104208
-0.000962648
-0.000973082
-0.00104416
-0.00115691
-0.00127547
-0.00134577
-0.00136235
-0.00134578
-0.00131282
-0.00127647
-0.00124112
-0.00120499
-0.00115833
-0.00109005
-0.000985883
-0.000796135
-0.000436456
0.000171211
0.00106539
0.00218306
0.00334288
0.00447439
0.00554412
0.00648144
0.00718933
0.0075659
0.00755234
0.0072023
0.00674328
0.00637926
0.00610338
0.00587661
0.00566123
0.00540366
0.00503656
0.00447862
0.00365498
0.00252488
0.00114483
-0.000312813
-0.00178998
-0.00325713
-0.00462383
-0.00573858
-0.00640205
-0.00642338
-0.00570371
-0.004389
-0.00294328
-0.00163296
-0.00046084
0.000562068
0.00139408
0.00199179
0.0023476
0.00255862
0.00283158
0.00316426
0.00352394
0.00390111
0.00429558
0.00471657
0.00516829
0.0056337
0.00606458
0.00637504
0.0064474
0.0061526
0.00540058
0.00420318
0.00279271
0.00160406
0.000639603
-0.000214435
-0.000972158
-0.00166423
-0.00236272
-0.00316147
-0.00414382
-0.00539821
-0.00699173
-0.00892019
-0.0110493
-0.0130338
-0.0143335
-0.0147063
-0.0144396
-0.0141798
-0.0141117
-0.0141784
-0.0143078
-0.0144058
-0.0143675
-0.0140829
-0.0134693
-0.0125066
-0.0113109
-0.0101402
-0.00910482
-0.00831966
-0.00793508
-0.0080709
-0.00875345
-0.0097784
-0.0107045
-0.0114087
-0.0117888
-0.0116885
-0.0109847
-0.00965365
-0.00793841
-0.00634217
-0.0048909
-0.00353353
-0.0022697
-0.00110951
-7.81306e-05
0.000820651
0.00163204
0.00240744
0.00304084
0.00340425
0.00341292
0.00306676
0.00253592
0.00214327
0.00189435
0.00169587
0.00141059
0.000837724
-0.000255901
-0.0020752
-0.00469564
-0.00789526
-0.0110929
-0.0139011
-0.0159719
-0.0168794
-0.0162657
-0.0140381
-0.0107411
-0.00762842
-0.00512816
-0.00325091
-0.00199264
-0.00124627
-0.000709875
-3.74257e-05
0.000633215
0.00104962
0.000977666
0.000254637
-0.00106524
-0.00267507
-0.00458313
-0.00689139
-0.00955195
-0.0122718
-0.0145034
-0.0158287
-0.0158661
-0.0143862
-0.0115982
-0.00836894
-0.00549626
-0.00300195
-0.000824832
0.00105991
0.00270636
0.00426126
0.0059528
0.00761811
0.00896695
0.00969761
0.00956122
0.008495
0.00679857
0.00525439
0.00450199
0.00438865
0.00443006
0.00436971
0.00421055
0.00398954
0.00373598
0.00347223
0.00320248
0.00291197
0.00256748
0.00212986
0.00157168
0.000908072
0.00021739
-0.000411493
-0.000885272
-0.0010816
-0.000877391
-0.000202043
0.000867567
0.00205683
0.00320525
0.00429804
0.00528894
0.0060821
0.00654981
0.00657807
0.00612885
0.00536221
0.00464308
0.00400854
0.00346799
0.00309459
0.00298919
0.00325992
0.00396094
0.00500445
0.00611087
0.00714517
0.00815384
0.00918617
0.0102621
0.0113682
0.0124495
0.0134129
0.014139
0.0145146
0.0144819
0.0141214
0.0136916
0.0133317
0.0130216
0.0127342
0.0124519
0.0121614
0.0118503
0.0115044
0.0111056
0.0106327
0.0100674
0.00940515
0.00867661
0.00794958
0.00722682
0.00650677
0.00580434
0.00514852
0.00458177
0.00415078
0.00388931
0.00379194
0.00377928
0.00375101
0.0037513
0.00385567
0.00412797
0.00460547
0.00525354
0.00595316
0.00664923
0.00729933
0.00782382
0.00811567
0.00806339
0.00759876
0.00676977
0.00580456
0.00491212
0.00409354
0.00333248
0.00263258
0.00199998
0.00143524
0.000911082
0.000364033
-0.000248049
-0.000933431
-0.00169075
-0.0024991
-0.00330777
-0.0040525
-0.00465886
-0.00503848
-0.00511306
-0.00485274
-0.00434268
-0.00381159
-0.0033813
-0.00302638
-0.00269338
-0.00231022
-0.00178496
-0.0010158
8.10684e-05
0.00153066
0.00322569
0.00490566
0.00643144
0.00770925
0.00862549
0.0090878
0.00909339
0.00879839
0.00832051
0.00757397
0.00651873
0.0052733
0.00399686
0.00256377
0.000797341
-0.00142566
-0.00413543
-0.00715208
-0.010087
-0.0128
-0.0151673
-0.0170275
-0.0182707
-0.0189032
-0.0192141
-0.0197375
-0.0203709
-0.0208198
-0.0207607
-0.0198531
-0.0178751
-0.0148733
-0.0113802
-0.00821034
-0.00572067
-0.00425649
-0.00416899
-0.00560021
-0.00817062
-0.0108788
-0.0134349
-0.0158244
-0.0178702
-0.019244
-0.019702
-0.0192511
-0.0182536
-0.0171627
-0.0156707
-0.0133776
-0.010072
-0.00590196
-0.00150737
0.00261824
0.00620723
0.00892184
0.0104097
0.0104742
0.00936297
0.00790775
0.00641654
0.00456687
0.00205186
-0.00123007
-0.00505848
-0.008708
-0.0109928
-0.0113448
-0.0103319
-0.00929383
-0.00859491
-0.00811175
-0.00773822
-0.00737844
-0.00696824
-0.00645932
-0.00583019
-0.00507584
-0.00421673
-0.00329695
-0.00236881
-0.00143256
-0.000478663
0.000500784
0.00150207
0.00250549
0.00349197
0.00444792
0.00535439
0.00619441
0.00696084
0.0076742
0.00838774
0.00913
0.00989269
0.0106589
0.0114024
0.0120893
0.0126794
0.0131389
0.0134552
0.0136676
0.0138733
0.0140984
0.0143339
0.0145772
0.014829
0.0150937
0.0153721
0.0156569
0.0159218
0.0161183
0.0161734
0.0160028
0.0155409
0.0147794
0.0136773
0.0121045
0.0100215
0.00760965
0.00534063
0.00368206
0.00277152
0.00257933
0.00282438
0.00314018
0.00366
0.00456881
0.00591348
0.00755021
0.00931962
0.0112261
0.0131898
0.0149824
0.0162341
0.0164824
0.0152919
0.0124568
0.00830689
0.00394972
0.000441458
-0.00204494
-0.00356085
-0.00439745
-0.005208
-0.00636261
-0.00786885
-0.00967087
-0.0116737
-0.0136951
-0.0154699
-0.016815
-0.017577
-0.0176649
-0.0171498
-0.0163785
-0.0157876
-0.0153113
-0.0147601
-0.0139316
-0.0126218
-0.0106971
-0.0081799
-0.00535943
-0.00289635
-0.00156315
-0.00151872
-0.00246409
-0.00363298
-0.00459382
-0.005369
-0.00599192
-0.00646211
-0.00675827
-0.00686651
-0.00681485
-0.00672551
-0.00675588
-0.00690647
-0.00713689
-0.00739028
-0.00757004
-0.00754221
-0.00714077
-0.00620914
-0.00466181
-0.00260459
-0.000395022
0.00174672
0.00378071
0.00562778
0.00715415
0.00820252
0.00865877
0.00854671
0.0081566
0.00788845
0.00772882
0.00759899
0.00745095
0.00724292
0.00695537
0.00658803
0.0061679
0.00570537
0.00519602
0.00464158
0.00406537
0.00351826
0.00308752
0.00288882
0.00304676
0.00364643
0.00465894
0.00586935
0.00707301
0.00825414
0.0093771
0.0103342
0.0109659
0.0110847
0.0105496
0.00936575
0.00782555
0.00633652
0.00485312
0.00327199
0.00155733
-0.000258752
-0.00205245
-0.00375982
-0.00540358
-0.00705512
-0.00879227
-0.0106148
-0.0124821
-0.0143211
-0.0160118
-0.0174008
-0.0183227
-0.0186635
-0.0184433
-0.0179351
-0.0175137
-0.0171702
-0.0168336
-0.0164652
-0.0160365
-0.0155482
-0.0150251
-0.0144983
-0.0139361
-0.0132791
-0.0124463
-0.0113553
-0.00995194
-0.00827475
-0.00648699
-0.00467604
-0.00283953
-0.00101709
0.000683656
0.00208735
0.00297423
0.00314203
0.00250284
0.00126328
-3.75176e-05
-0.00132389
-0.00273436
-0.00435072
-0.00615904
-0.00799599
-0.00953147
-0.0102489
-0.00959388
-0.0075874
-0.0048852
-0.00237698
-7.19969e-05
0.00214753
0.00431165
0.00641452
0.00838955
0.0101449
0.0115872
0.0126967
0.0135762
0.0142543
0.0145029
0.0140994
0.0129482
0.0112322
0.00943916
0.00764589
0.00572476
0.00357632
0.00115977
-0.00144889
-0.00412231
-0.00687923
-0.00972996
-0.0126136
-0.0153955
-0.0178558
-0.0197244
-0.0206978
-0.0204854
-0.019013
-0.0167457
-0.0146706
-0.0128245
-0.0110774
-0.00937575
-0.00766912
-0.00594016
-0.0041722
-0.00235674
-0.000469744
0.00151464
0.00357509
0.00563562
0.00757451
0.00921984
0.0103751
0.0108707
0.0106515
0.00992809
0.00921011
0.00863347
0.00815234
0.00773323
0.00734962
0.00697814
0.00658678
0.00615788
0.00570478
0.00524431
0.00478592
0.00432864
0.00385842
0.00334994
0.00277229
0.00210108
0.00133554
0.000520119
-0.000267901
-0.000977093
-0.00154483
-0.00189944
-0.0019907
-0.00182958
-0.00154246
-0.00130349
-0.00110913
-0.000928627
-0.000744949
-0.0005455
-0.000327881
-9.67579e-05
0.000135554
0.000354048
0.000545175
0.000705035
0.000845862
0.000999049
0.00121914
0.00157994
0.00215884
0.00300715
0.00410617
0.00531361
0.00641889
0.00734762
0.00803943
0.00844165
0.00855591
0.00850597
0.00853652
0.00866405
0.00885715
0.00908666
0.00930409
0.00944411
0.00942324
0.00915401
0.00857188
0.0076765
0.00660081
0.00562273
0.0048665
0.00436562
0.00411879
0.00403725
0.00393688
0.00375879
0.00351011
0.00320163
0.00285653
0.00251536
0.00224551
0.00213972
0.00230822
0.00284739
0.00379468
0.00503969
0.00630497
0.00751671
0.00869107
0.00981485
0.0108457
0.0117147
0.0123218
0.0125042
0.0121375
0.0112334
0.0100537
0.00896751
0.00797181
0.00700858
0.00604896
0.00506949
0.00406108
0.00302001
0.00195011
0.000856327
-0.00025326
-0.00136458
-0.00245856
-0.00351408
-0.00450879
-0.00542618
-0.00626323
-0.00704649
-0.00783606
-0.00865969
-0.00949976
-0.0103222
-0.0110788
-0.0117124
-0.012168
-0.012416
-0.0124863
-0.0124974
-0.0125506
-0.0126302
-0.0126987
-0.0127186
-0.0126514
-0.0124697
-0.0121683
-0.0117915
-0.0114287
-0.0110847
-0.0107462
-0.010405
-0.0100512
-0.00967974
-0.00929042
-0.00889282
-0.00850607
-0.00815913
-0.00788349
-0.00770227
-0.00761077
-0.00757365
-0.00754437
-0.00743098
-0.00708974
-0.00634563
-0.00504271
-0.00312171
-0.00075592
0.00160668
0.00373523
0.00547316
0.00661089
0.00695725
0.00643631
0.00528914
0.00410942
0.00298936
0.00178221
0.000392967
-0.0011867
-0.00282629
-0.00422792
-0.00494391
-0.00467661
-0.00345224
-0.00172687
-0.000123489
0.00139868
0.00297342
0.00465426
0.00642753
0.00818209
0.00974115
0.0108536
0.0112474
0.0107259
0.00931935
0.00746774
0.0057876
0.00427263
0.00281804
0.00135522
-0.000180973
-0.00183254
-0.00361914
-0.00552111
-0.00746751
-0.00932257
-0.0108894
-0.0119311
-0.0122317
-0.0116899
-0.0104838
-0.00914758
-0.00797182
-0.00692184
-0.00594347
-0.00499609
-0.00404187
-0.003039
-0.00195092
-0.000775846
0.000465249
0.001727
0.00293164
0.00397012
0.00471234
0.00503969
0.00489604
0.00437899
0.00378242
0.00326364
0.00280006
0.00236197
0.00193397
0.00151071
0.00109364
0.000685133
0.000280906
-0.000137209
-0.000595628
-0.00110523
-0.00166671
-0.00226232
-0.00284388
-0.00332459
-0.00358264
-0.00347836
-0.00290088
-0.00183016
-0.000456853
0.000819775
0.001955
0.00296178
0.00382848
0.00456126
0.00520137
0.00584777
0.00654325
0.00726707
0.00799199
0.00869824
0.00937592
0.0100312
0.0106884
0.01139
0.0121899
0.013139
0.0142612
0.0155169
0.0167845
0.0179605
0.0189272
0.0195377
0.019656
0.0192215
0.0183603
0.017437
0.0166637
0.016042
0.0155522
0.0151608
0.0147973
0.0143369
0.0135896
0.0123152
0.0103623
0.0080113
0.00584364
0.00398782
0.00248823
0.00137813
0.000589199
-8.78041e-05
-0.000846241
-0.00169983
-0.00264544
-0.00368665
-0.00481586
-0.00599652
-0.00714378
-0.00810905
-0.00868616
-0.00863984
-0.00778618
-0.00609924
-0.00391407
-0.00192912
-0.000287772
0.000944557
0.00166785
0.0018532
0.0016335
0.00137091
0.00124463
0.00120867
0.0012007
0.00117801
0.00111461
0.00100849
0.000879721
0.000771037
0.000739084
0.000844247
0.00112835
0.00158792
0.00213685
0.002658
0.0031634
0.00368841
0.00425746
0.00488442
0.00555672
0.00622762
0.00680641
0.00716459
0.0071538
0.00665427
0.00564399
0.00430475
0.00296646
0.00169527
0.000465463
-0.000718095
-0.00182642
-0.0028081
-0.00361281
-0.00421758
-0.0046781
-0.00514882
-0.00571701
-0.00637346
-0.00708954
-0.0078176
-0.00851997
-0.00919652
-0.00985777
-0.0105177
-0.0111945
-0.0119056
-0.0126618
-0.0134718
-0.0143667
-0.0153623
-0.0164348
-0.017501
-0.0184066
-0.0189304
-0.018821
-0.0178694
-0.0160338
-0.0135992
-0.0113561
-0.0101403
-0.00955288
-0.00890703
-0.00813175
-0.00725224
-0.00629001
-0.00527732
-0.00425112
-0.00325155
-0.0023214
-0.00150357
-0.000838133
-0.000350194
-2.76566e-05
0.000198682
0.000316767
0.000123501
-0.000619562
-0.00208473
-0.0042751
-0.00686881
-0.0091245
-0.0103201
-0.010244
-0.00900662
-0.00719986
-0.00561961
-0.00427522
-0.0030486
-0.00187201
-0.000686279
0.000535231
0.00180209
0.00310462
0.00442647
0.00570593
0.00686414
0.00782756
0.00855847
0.00907909
0.00952063
0.0101073
0.0108704
0.0116837
0.0123143
0.0124211
0.0116003
0.00949327
0.00596279
0.00138221
-0.00322196
-0.00715592
-0.0102258
-0.0123015
-0.0134246
-0.0138758
-0.0134769
-0.0119534
-0.009415
-0.00649435
-0.0035618
-0.000662955
0.00203112
0.00433078
0.00603601
0.0069868
0.00719647
0.0070266
0.0069892
0.00706033
0.0071542
0.00725568
0.0073898
0.00763005
0.00806515
0.00876836
0.00973387
0.0108222
0.0116737
0.0117615
0.0109397
0.00934907
0.007461
0.0056651
0.00384913
0.00184384
-0.000461542
-0.00307679
-0.00585276
-0.00840186
-0.0101577
-0.0109431
-0.0110576
-0.0111385
-0.0111255
-0.010851
-0.010262
-0.0094555
-0.00869633
-0.00795479
-0.00714785
-0.00620042
-0.00504131
-0.00362625
-0.00197454
-0.000202346
0.00156905
0.00330262
0.00494159
0.00639314
0.00754277
0.00829075
0.00860071
0.00860664
0.00860271
0.00849575
0.00811686
0.0073537
0.00618409
0.00476963
0.00335271
0.0019401
0.000521805
-0.00086095
-0.00213512
-0.00319518
-0.00393711
-0.00429757
-0.00432993
-0.0042574
-0.00428242
-0.00439443
-0.00454884
-0.00469429
-0.00476128
-0.00466419
-0.00431378
-0.0036444
-0.00266546
-0.00150886
-0.000313435
0.000883003
0.00200138
0.00288981
0.00334471
0.00315486
0.00219223
0.000539449
-0.00135202
-0.00285715
-0.0038404
-0.00428123
-0.00423706
-0.00397149
-0.0038203
-0.00378929
-0.00382844
-0.00391299
-0.00402275
-0.00415045
-0.00428691
-0.00441518
-0.00449525
-0.00445964
-0.00421387
-0.00365582
-0.00271335
-0.00140544
8.15343e-05
0.00149033
0.00282306
0.00412158
0.00540957
0.00670439
0.00800918
0.0093139
0.0105982
0.0118245
0.0128443
0.0134416
0.0134039
0.0126053
0.011139
0.00942635
0.00784996
0.00640136
0.00502659
0.00369445
0.00237552
0.00104424
-0.000328271
-0.00177783
-0.00333218
-0.00489733
-0.00626996
-0.00717424
-0.00729968
-0.00640201
-0.00443564
-0.00181023
0.000612397
0.00272041
0.00451672
0.00594436
0.00698149
0.00769456
0.00829243
0.00879628
0.00902852
0.00882641
0.0081342
0.00711697
0.0061596
0.00528334
0.00444759
0.00363181
0.0028013
0.00190982
0.000890816
-0.000331295
-0.0018219
-0.00359516
-0.00556175
-0.00756109
-0.00952011
-0.0113196
-0.0127669
-0.0136278
-0.013696
-0.0128985
-0.0114892
-0.010087
-0.00884087
-0.00766918
-0.00650936
-0.00531771
-0.00408055
-0.00280814
-0.00153677
-0.000317233
0.000794949
0.00176224
0.00258865
0.00335181
0.00415688
0.00499648
0.00583384
0.00662377
0.00730732
0.00782325
0.00812578
0.00821272
0.00817438
0.00818979
0.00826835
0.0083798
0.0084898
0.00854568
0.0084835
0.00823341
0.00774346
0.00700714
0.00612097
0.00527997
0.00449384
0.00373474
0.00298151
0.00220533
0.00137615
0.00046155
-0.000564209
-0.00171082
-0.00295192
-0.00421297
-0.00543855
-0.00665747
-0.0079225
-0.00929282
-0.0108213
-0.0125303
-0.0143745
-0.0162213
-0.0179332
-0.0193445
-0.0202552
-0.0204894
-0.0199811
-0.018924
-0.0178302
-0.0169401
-0.0161272
-0.0151843
-0.0138664
-0.0119217
-0.00916735
-0.00560706
-0.00158331
0.00237584
0.00612415
0.00950792
0.0122871
0.014223
0.0151785
0.0153034
0.0151748
0.0152949
0.0156021
0.0159413
0.0161567
0.0160776
0.0155469
0.0144633
0.0128536
0.0109634
0.00912854
0.00735242
0.0055879
0.00381758
0.00204256
0.000296538
-0.00135902
-0.00284528
-0.0040829
-0.00497149
-0.00546963
-0.00569173
-0.0059223
-0.00622882
-0.00656718
-0.00689299
-0.00716002
-0.0073267
-0.00736183
-0.00725904
-0.00705964
-0.00685618
-0.00667454
-0.00650514
-0.00633521
-0.00614851
-0.00592734
-0.00565446
-0.00531873
-0.00492226
-0.00449105
-0.00405177
-0.00356749
-0.00298302
-0.00224963
-0.00134184
-0.000298902
0.00077006
0.00184671
0.00290323
0.00386654
0.00463031
0.00506559
0.00506614
0.00460231
0.00383651
0.00311494
0.00240127
0.00158783
0.000608362
-0.000558111
-0.00184429
-0.00316088
-0.00444636
-0.00560415
-0.00649512
-0.00697121
-0.0069268
-0.00638282
-0.00558946
-0.0048909
-0.00426737
-0.00364088
-0.00296083
-0.00219462
-0.00135017
-0.000482537
0.000295749
0.000826055
0.000927978
0.000461819
-0.000592264
-0.00199009
-0.00321826
-0.00412185
-0.00458753
-0.00448974
-0.00379142
-0.00266535
-0.00153451
-0.000508283
0.000442526
0.0013124
0.0020593
0.00260984
0.00288996
0.00286529
0.00262035
0.00237682
0.00218235
0.00200554
0.0018354
0.00168238
0.00158118
0.00158098
0.00173302
0.00206499
0.00254663
0.00306152
0.00352262
0.00397944
0.00451643
0.00522102
0.00616783
0.00737887
0.00877842
0.0101398
0.0111301
0.0114795
0.0109537
0.00943588
0.00713206
0.00465589
0.0022802
-0.000153299
-0.00281435
-0.00579198
-0.00903909
-0.0123151
-0.0151349
-0.0168251
-0.0169431
-0.0153371
-0.0124798
-0.00956257
-0.0068914
-0.00436049
-0.00193885
0.000329464
0.0023225
0.00388863
0.00491063
0.00541644
0.00570399
0.00617846
0.006793
0.00740506
0.00786549
0.00800438
0.00766797
0.00676879
0.00536897
0.00377816
0.00243172
0.0014689
0.000967238
0.000958594
0.00131613
0.00171906
0.0019979
0.00218595
0.00233674
0.00250381
0.00273936
0.00309099
0.00358961
0.00423761
0.00498028
0.00570851
0.00639138
0.00700857
0.00753166
0.00794178
0.00823891
0.0084725
0.00873487
0.00901062
0.00925409
0.00941832
0.0094556
0.0093372
0.00907567
0.00874763
0.00841102
0.00803286
0.0075679
0.00698688
0.00629006
0.00553229
0.00479091
0.00406727
0.00334962
0.00263018
0.00189926
0.00114889
0.000372785
-0.00042863
-0.00124502
-0.00205121
-0.00280591
-0.00345388
-0.00393656
-0.00421251
-0.00428952
-0.00426483
-0.00427439
-0.00431966
-0.00438236
-0.00445367
-0.00452564
-0.00459254
-0.00464706
-0.00467923
-0.00467523
-0.00461909
-0.00449797
-0.00431013
-0.004081
-0.00386297
-0.0036593
-0.00346489
-0.00327865
-0.00309872
-0.00292257
-0.00274351
-0.0025497
-0.0023228
-0.00204024
-0.00168109
-0.00123643
-0.000728777
-0.000214579
0.000305399
0.000831022
0.00134373
0.00180776
0.00217143
0.00237773
0.00238523
0.00219965
0.00191478
0.00166266
0.00144425
0.00124199
0.00104915
0.000860218
0.00067193
0.000477364
0.000263997
1.04714e-05
-0.00031145
-0.000730435
-0.00126253
-0.00188562
-0.00253335
-0.00319516
-0.00384835
-0.00443277
-0.00485678
-0.00500676
-0.00478407
-0.00415361
-0.00324331
-0.00234735
-0.00147511
-0.000609187
0.000208229
0.000892387
0.00131502
0.00134118
0.000880595
-1.78298e-05
-0.00109121
-0.0020937
-0.00302206
-0.00388129
-0.00464044
-0.00525092
-0.00566629
-0.00587481
-0.00595767
-0.0060903
-0.00627193
-0.00647273
-0.00667908
-0.00688071
-0.00707502
-0.00726062
-0.00743662
-0.00759747
-0.00773222
-0.00782345
-0.00785086
-0.00779796
-0.00766278
-0.007477
-0.00730513
-0.00713392
-0.00689973
-0.00652391
-0.00592572
-0.0050515
-0.00391452
-0.00264889
-0.00143653
-0.000271151
0.000886937
0.00206639
0.00328999
0.0045603
0.00585388
0.00710982
0.00820288
0.00893274
0.00907988
0.00848468
0.00716071
0.0054442
0.00381514
0.00228632
0.000819164
-0.000563979
-0.00181263
-0.00285056
-0.00361838
-0.00411855
-0.00448596
-0.00491339
-0.0054015
-0.00592789
-0.00649225
-0.00709611
-0.00773866
-0.0083983
-0.00903745
-0.00960189
-0.0100121
-0.0101686
-0.00998511
-0.00943088
-0.00861541
-0.0078032
-0.00706126
-0.00635841
-0.00567093
-0.00497923
-0.00427069
-0.00353387
-0.00275953
-0.00193789
-0.00106236
-0.000135207
0.000825676
0.00181519
0.00283663
0.00387648
0.00489255
0.00580983
0.00652515
0.00692652
0.00693354
0.00655909
0.00598832
0.00548089
0.00503796
0.00462342
0.00422193
0.00382229
0.00342124
0.00301403
0.00259182
0.00213553
0.00161644
0.000999836
0.00025874
-0.000607183
-0.00154135
-0.00241845
-0.00312837
-0.00356233
-0.00361763
-0.00324691
-0.00254163
-0.00177353
-0.00108986
-0.000473147
0.000103675
0.000660388
0.00121739
0.00180004
0.00244365
0.00319311
0.00409709
0.00519016
0.00646812
0.00784302
0.00914031
0.0102907
0.0112364
0.011922
0.0123353
0.0125644
0.0128095
0.0131054
0.0134005
0.0136396
0.0137703
0.0137585
0.0136061
0.0133766
0.0131568
0.0129379
0.0126921
0.0123971
0.0120344
0.0116014
0.0111172
0.0106382
0.0102444
0.00993375
0.00965344
0.00930274
0.00872637
0.00773666
0.00615961
0.00391943
0.00115853
-0.00166041
-0.00404946
-0.00579514
-0.006752
-0.00688133
-0.00644774
-0.00604753
-0.00583197
-0.00572764
-0.00567316
-0.00561472
-0.00551634
-0.00535003
-0.00510022
-0.00475713
-0.00432318
-0.00381518
-0.00327818
-0.00275797
-0.00223422
-0.00166531
-0.00100916
-0.000230579
0.000677769
0.00167476
0.0026406
0.00337997
0.00388226
0.00441484
0.00502165
0.00568859
0.00639823
0.00710559
0.00774094
0.00820919
0.00840515
0.00824574
0.00771493
0.00695186
0.00624525
0.0055937
0.00493984
0.00424453
0.00347362
0.0026166
0.00169549
0.000769052
-0.000149444
-0.00104992
-0.00193419
-0.0027627
-0.00354134
-0.00428152
-0.00501475
-0.00574206
-0.00642857
-0.00702919
-0.00750275
-0.00782643
-0.00802624
-0.00818971
-0.00836148
-0.00853035
-0.00868886
-0.00884232
-0.00901156
-0.00923107
-0.00954483
-0.00999215
-0.010589
-0.011296
-0.0120035
-0.0126296
-0.0131375
-0.013493
-0.0136725
-0.0136853
-0.0135974
-0.0135584
-0.0136924
-0.0138253
-0.013624
-0.0126629
-0.0104834
-0.00676686
-0.00154285
0.00442814
0.00966696
0.0137158
0.0163246
0.017338
0.0170468
0.016368
0.0160443
0.0158487
0.0153808
0.0142637
0.0122071
0.00914519
0.00532266
0.00135555
-0.00211182
-0.00480659
-0.00654931
-0.00729906
-0.00739065
-0.00756355
-0.00801585
-0.0086593
-0.0093899
-0.0100731
-0.0105537
-0.0106581
-0.0102342
-0.00920285
-0.00764828
-0.00591912
-0.00472586
-0.00471966
-0.00541751
-0.00604401
-0.00656898
-0.0070667
-0.00756336
-0.00804683
-0.0084402
-0.00860371
-0.00834963
-0.00749761
-0.00595884
-0.00388342
-0.00172975
0.000238925
0.0020242
0.00363515
0.00508502
0.00639365
0.00742178
0.00800941
0.00807593
0.0077153
0.0072821
0.00708883
0.00711757
0.00725322
0.00734457
0.00737804
0.00738161
0.00738483
0.00742127
0.00750985
0.00764472
0.00777929
0.00782134
0.00763712
0.00707548
0.00601813
0.00445123
0.00258301
0.000866899
-0.000479561
-0.00136886
-0.00175689
-0.00172935
-0.00156716
-0.00151414
-0.00155133
-0.00162796
-0.00171024
-0.00177441
-0.00181158
-0.00182492
-0.00182751
-0.00183581
-0.00186293
-0.00190966
-0.00195735
-0.00196205
-0.00185645
-0.00155859
-0.000998036
-0.000150459
0.000892838
0.00192388
0.00293325
0.00393006
0.0048823
0.00573064
0.00638874
0.00677006
0.00682286
0.00659376
0.00627422
0.00603479
0.0058631
0.00571893
0.00556268
0.00534594
0.00501541
0.00451971
0.00382697
0.00295095
0.00198536
0.00105699
0.000171816
-0.000684273
-0.00152007
-0.00234776
-0.00318113
-0.00403763
-0.00493486
-0.00588614
-0.00689377
-0.00793937
-0.00896957
-0.00988619
-0.0105495
-0.0107956
-0.0104863
-0.00957838
-0.00825609
-0.00694854
-0.00572419
-0.00446599
-0.00306423
-0.00143662
0.000428593
0.00243965
0.00435078
0.00578108
0.00647915
0.00636082
0.00560444
0.00473058
0.00405706
0.00363138
0.00350066
0.00371785
0.00429042
0.00509857
0.00587535
0.00655408
0.00715997
0.00770083
0.00816738
0.0085341
0.00877594
0.00888472
0.00891006
0.00894984
0.00892353
0.00869995
0.00815671
0.00721473
0.00589082
0.00421741
0.00231054
0.000445954
-0.00126617
-0.00279484
-0.00409929
-0.00515894
-0.00599876
-0.00675548
-0.00765071
-0.00860252
-0.00941307
-0.0098419
-0.0096225
-0.0085551
-0.00661334
-0.00414357
-0.00189367
-0.00020819
0.000788783
0.00103017
0.000635533
1.16785e-06
-0.000555669
-0.0011386
-0.00189083
-0.00289175
-0.00410303
-0.0053583
-0.00662893
-0.007869
-0.00896843
-0.00978065
-0.0101463
-0.0099589
-0.00924596
-0.00828153
-0.00742452
-0.00661946
-0.00572978
-0.00464042
-0.00325915
-0.00156902
0.000324567
0.00215094
0.00363707
0.00467355
0.00523734
0.0054506
0.00562659
0.00592168
0.00628995
0.00664836
0.00689957
0.00693336
0.00664869
0.00598736
0.00499431
0.00386225
0.00274111
0.00156223
0.000230812
-0.00131357
-0.00307104
-0.00492738
-0.00664958
-0.00811192
-0.00925915
-0.0100822
-0.0106739
-0.0112635
-0.0120139
-0.0128282
-0.0135101
-0.0138029
-0.0134193
-0.0121194
-0.00983758
-0.00685148
-0.00396508
-0.00211647
-0.00121811
-0.000753072
-0.000439071
-0.000190111
0.000140084
0.000567576
0.00103995
0.00152028
0.00198434
0.00242675
0.00285247
0.00327418
0.00370077
0.00412888
0.00453842
0.00492922
0.0053003
0.00564789
0.00596871
0.00626809
0.006557
0.00680528
0.00697026
0.00701474
0.00691944
0.00670764
0.00646244
0.00625891
0.00609765
0.00596398
0.00583551
0.00567646
0.00543903
0.00506916
0.0045227
0.00378905
0.00292933
0.00209454
0.00140338
0.000919491
0.000692321
0.000733872
0.000959932
0.00118054
0.00135065
0.00149437
0.00162699
0.00175395
0.00186746
0.00195063
0.00198127
0.00194303
0.00183784
0.00170313
0.00159
0.00149535
0.00140596
0.00131049
0.00119642
0.00105418
0.000879884
0.000681948
0.000485609
0.000337581
0.000302989
0.000456718
0.000858323
0.00152003
0.00234451
0.00312599
0.00383401
0.00445728
0.00496006
0.00530589
0.00547129
0.0054783
0.00542665
0.00543977
0.00549052
0.00551241
0.00542964
0.00515856
0.00463175
0.0038277
0.00282628
0.00182727
0.000930213
9.70101e-05
-0.000730772
-0.00154507
-0.00230918
-0.00297351
-0.00348285
-0.00379987
-0.00393402
-0.00398012
-0.00406614
-0.00418893
-0.00432166
-0.00444137
-0.00452007
-0.00453034
-0.00444781
-0.00426249
-0.00399257
-0.00369735
-0.00342632
-0.00317414
-0.00292593
-0.00266855
-0.00239049
-0.0020873
-0.00176551
-0.00144746
-0.00117299
-0.000996509
-0.000977048
-0.00115717
-0.00153491
-0.00201637
-0.00241571
-0.00267035
-0.00273343
-0.00256173
-0.00215423
-0.00160521
-0.0011031
-0.000649915
-0.000218961
0.000196381
0.000592475
0.000950054
0.00124154
0.0014382
0.00152619
0.00152858
0.00151599
0.00151761
0.00151171
0.0014715
0.00137465
0.0012083
0.000979997
0.000725124
0.000473689
0.000219486
-4.68423e-05
-0.000329983
-0.000626298
-0.000924253
-0.00122976
-0.00155079
-0.00189052
-0.00224421
-0.00259653
-0.00294238
-0.00328768
-0.00363772
-0.00399282
-0.00434592
-0.00467964
-0.0049661
-0.00516946
-0.00525468
-0.00520186
-0.00502939
-0.00481231
-0.00461741
-0.0044436
-0.00428453
-0.00413988
-0.00401045
-0.00389549
-0.00378773
-0.00366946
-0.00351062
-0.00327142
-0.00291108
-0.00240504
-0.00176954
-0.00109065
-0.000495238
-4.44764e-05
0.000204016
0.000202095
-5.26908e-05
-0.000459525
-0.000814955
-0.00108715
-0.001263
-0.00130738
-0.0011895
-0.000898401
-0.000483187
-6.61303e-05
0.000287535
0.000585669
0.000840048
0.00106182
0.00126614
0.00147668
0.00173093
0.0020718
0.00248254
0.00290438
0.00323109
0.00332094
0.00320359
0.00310052
0.0030377
0.00300083
0.00298569
0.00298201
0.00297815
0.00295559
0.0028917
0.00276049
0.00254104
0.00222938
0.0018525
0.00143837
0.00099421
0.000549333
0.00017439
-2.95299e-05
-2.20713e-05
0.000127967
0.000274976
0.000381574
0.000462522
0.000529194
0.000590271
0.000649526
0.000708184
0.000764704
0.000817748
0.000867062
0.000916765
0.000973217
0.0010293
0.00107097
0.00108026
0.00103623
0.000921629
0.000730901
0.000487151
0.000243742
1.00535e-05
-0.000223088
-0.000457076
-0.00068313
-0.00087927
-0.00101249
-0.0010433
-0.000939196
-0.000691615
-0.000347725
-1.31973e-05
0.000287985
0.000569409
0.000838322
0.00109592
0.00133573
0.00154645
0.001712
0.00181842
0.00186195
0.001863
0.00186631
0.00188156
0.00190021
0.00191262
0.00190694
0.00187041
0.00179108
0.00166243
0.001492
0.00130294
0.00108893
0.000834518
0.000535925
0.000213686
-8.72714e-05
-0.000351325
-0.00056299
-0.00070155
-0.000752302
-0.000715919
-0.000629193
-0.000561358
-0.000514192
-0.000478008
-0.00044831
-0.000420068
-0.000389332
-0.000350689
-0.000298162
-0.000224699
-0.00012497
2.05358e-06
0.000146793
0.000287436
0.000411237
0.000517144
0.000604624
0.000674071
0.000728765
0.000776918
0.000825344
0.000874529
0.00092419
0.000974375
0.00102422
0.00107147
0.00111142
0.00113691
0.00113872
0.00110778
0.00103883
0.000936006
0.000819268
0.000713894
0.00061929
0.000531262
0.000447492
0.000366126
0.000286189
0.000207171
0.000129157
5.26652e-05
-2.14616e-05
-9.2566e-05
-0.000159685
-0.000221377
-0.000275815
-0.000321113
-0.000355971
-0.000380701
-0.000398378
-0.000416595
-0.00044611
-0.000484801
-0.000522068
-0.000555457
-0.000586313
-0.000615706
-0.000643959
-0.000670101
-0.000691589
-0.000704271
-0.000703043
-0.000683217
-0.000642855
-0.000586133
-0.000525734
-0.00047194
-0.000423685
-0.00037884
-0.00033629
-0.000295401
-0.000256198
-0.000219102
-0.000184847
-0.000154128
-0.000127348
-0.000104123
-8.3191e-05
-6.37929e-05
-4.5834e-05
-2.9101e-05
-1.3312e-05
1.78534e-06
1.61974e-05
2.95389e-05
4.08614e-05
4.86605e-05
5.10357e-05
4.61811e-05
3.31863e-05
1.31837e-05
-9.39094e-06
-2.9159e-05
-4.63163e-05
-6.17866e-05
-7.60554e-05
-8.94859e-05
-0.000102233
-0.000114354
-0.000125818
-0.000136568
-0.000146524
-0.000155614
-0.00016375
-0.000170833
-0.000176736
-0.000181331
-0.000184526
-0.000186336
-0.000186985
-0.000187002
-0.000186964
-0.000186823
-0.000186367
-0.000185313
-0.000183305
-0.000179971
-0.000175049
-0.000168548
-0.000161022
-0.000153616
-0.000146862
-0.00014063
-0.00013478
-0.000129224
-0.000123911
-0.000118813
-0.000113928
-0.000109254
-0.00010479
-0.00010053
-9.64705e-05
-9.26093e-05
-8.8965e-05
-8.55767e-05
-8.25144e-05
-7.98626e-05
-7.77063e-05
-7.60799e-05
-7.49275e-05
-7.40091e-05
-7.2952e-05
-7.17737e-05
-7.05551e-05
-6.93405e-05
-6.8164e-05
-6.70262e-05
-6.59025e-05
-6.47315e-05
-6.34298e-05
-6.19013e-05
-6.00725e-05
-5.79285e-05
-5.55687e-05
-5.32498e-05
-5.12602e-05
-4.96152e-05
-4.82941e-05
-4.72702e-05
-4.64757e-05
-4.57785e-05
-4.50459e-05
-4.42908e-05
-4.3543e-05
-4.28167e-05
-4.21214e-05
-4.14579e-05
-4.08248e-05
-4.02181e-05
-3.9637e-05
-3.90826e-05
-3.85612e-05
-3.80809e-05
-3.76502e-05
-3.72719e-05
-3.69393e-05
-3.66275e-05
-3.62994e-05
-3.5953e-05
-3.55996e-05
-3.52457e-05
-3.48946e-05
-3.45454e-05
-3.41961e-05
-3.38433e-05
-3.34867e-05
-3.31304e-05
-3.27865e-05
-3.24755e-05
-3.22159e-05
-3.20029e-05
-3.18308e-05
-3.16957e-05
-3.15951e-05
-3.15268e-05
-3.14894e-05
-3.14818e-05
-3.15029e-05
-3.15521e-05
-3.16293e-05
-3.17347e-05
-3.18687e-05
-3.20299e-05
-3.22168e-05
-3.24278e-05
-3.26621e-05
-3.29186e-05
-3.31966e-05
-3.34956e-05
-3.38154e-05
-3.41558e-05
-3.45167e-05
-3.48977e-05
-3.52989e-05
-3.57201e-05
-3.61611e-05
-3.66219e-05
-3.71024e-05
-3.76026e-05
-3.81223e-05
-3.86612e-05
-3.92191e-05
-3.97955e-05
-4.03901e-05
