0.00987128
0.00983004
0.0100884
0.0106763
0.0115178
0.0124746
0.0134003
0.014112
0.0144513
0.0144513
0.0142706
0.0144108
0.0157461
0.0187319
0.0233474
0.0292243
0.0357781
0.0422769
0.0476477
0.0509543
0.0528476
0.0542195
0.055954
0.0594624
0.064607
0.0698867
0.0732212
0.0723519
0.0667168
0.056674
0.0410699
0.0196628
-0.00552493
-0.0291766
-0.0445794
-0.0482192
-0.0442987
-0.0319256
-0.0119166
0.0115319
0.036892
0.0621702
0.0868405
0.110258
0.131336
0.147608
0.155598
0.153078
0.140207
0.116739
0.0861154
0.0469918
-0.00312146
-0.0603574
-0.114274
-0.157513
-0.187687
-0.205919
-0.212042
-0.206176
-0.189383
-0.166597
-0.149701
-0.141083
-0.14095
-0.1529
-0.17751
-0.210326
-0.243322
-0.260866
-0.245453
-0.184936
-0.080822
0.0484985
0.174949
0.281462
0.357025
0.407236
0.426556
0.403414
0.333071
0.23108
0.125251
0.0261902
-0.0435036
-0.0807652
-0.102229
-0.111484
-0.103782
-0.0785083
-0.0302396
0.0387424
0.110253
0.165692
0.202107
0.212994
0.191191
0.134738
0.0451963
-0.0665039
-0.187261
-0.301554
-0.385723
-0.424154
-0.415258
-0.371514
-0.30159
-0.21264
-0.126553
-0.0515499
0.00286101
0.0261858
0.0287548
0.0163934
-0.0109125
-0.0463684
-0.091151
-0.142397
-0.190078
-0.23424
-0.271164
-0.295474
-0.311534
-0.324911
-0.340569
-0.35917
-0.380336
-0.403321
-0.426648
-0.44769
-0.461978
-0.466281
-0.464409
-0.458615
-0.447953
-0.433184
-0.417037
-0.395979
-0.364608
-0.31876
-0.258027
-0.185692
-0.103106
-0.0166351
0.0593126
0.107853
0.142611
0.178385
0.227246
0.293015
0.374027
0.463
0.543337
0.607159
0.656153
0.686753
0.702167
0.707183
0.69777
0.671107
0.628843
0.581401
0.53398
0.483571
0.427543
0.365632
0.300275
0.236607
0.175785
0.119814
0.0740183
0.0408801
0.0132919
-0.0104868
-0.0298103
-0.0458396
-0.056785
-0.0615864
-0.0610006
-0.0517849
-0.02924
0.00828693
0.0568355
0.112805
0.172191
0.225363
0.264652
0.287266
0.28993
0.27248
0.232441
0.173343
0.111568
0.057701
0.014921
-0.0140489
-0.0266538
-0.0236063
-0.0103386
0.00310339
0.00702302
0.000847433
-0.013033
-0.032169
-0.0507746
-0.0663011
-0.075771
-0.0753501
-0.065101
-0.0522982
-0.0488963
-0.0566489
-0.0690669
-0.0835642
-0.102404
-0.130348
-0.171355
-0.225413
-0.2841
-0.329483
-0.349098
-0.337857
-0.302682
-0.25102
-0.19555
-0.137181
-0.0770457
-0.0202949
0.029006
0.0662721
0.0912877
0.108351
0.12469
0.140702
0.156785
0.175236
0.19868
0.226629
0.255235
0.278471
0.288317
0.275321
0.230549
0.151121
0.0481712
-0.0541336
-0.133398
-0.208138
-0.272929
-0.317165
-0.337622
-0.324175
-0.273178
-0.195836
-0.108689
-0.0192779
0.0640868
0.126468
0.151046
0.140491
0.100671
0.0435173
-0.0111707
-0.0631253
-0.111993
-0.151895
-0.177204
-0.186728
-0.182468
-0.169589
-0.158669
-0.157208
-0.174031
-0.21007
-0.251876
-0.283549
-0.297922
-0.289308
-0.252308
-0.179507
-0.0754159
0.0385965
0.162243
0.283875
0.365186
0.379673
0.339587
0.278631
0.210061
0.157492
0.136574
0.131778
0.135457
0.147153
0.171165
0.20864
0.253216
0.301821
0.349463
0.387212
0.408302
0.409199
0.392458
0.351394
0.283712
0.199889
0.114691
0.0459591
-0.00356796
-0.0481987
-0.0945004
-0.1445
-0.196664
-0.243823
-0.276735
-0.294367
-0.299009
-0.292486
-0.274962
-0.249296
-0.221682
-0.192519
-0.155801
-0.104171
-0.0327154
0.0567933
0.152194
0.237432
0.296762
0.330324
0.342691
0.336238
0.308788
0.263089
0.205739
0.14146
0.0712627
-0.00404405
-0.0816572
-0.158023
-0.225929
-0.27462
-0.302208
-0.315763
-0.318954
-0.316133
-0.314451
-0.325126
-0.341153
-0.345052
-0.327842
-0.288452
-0.233356
-0.173944
-0.115499
-0.055058
0.0115827
0.087353
0.1719
0.254215
0.313922
0.343642
0.349316
0.342785
0.32185
0.28726
0.248462
0.205828
0.158444
0.10563
0.0488107
-0.00733769
-0.0562729
-0.0912257
-0.109313
-0.114425
-0.109074
-0.0983537
-0.0911965
-0.0927681
-0.0965094
-0.0913069
-0.0655459
-0.0223281
0.0233355
0.0622536
0.0867881
0.0921604
0.0850248
0.0674136
0.0402906
0.00194458
-0.0478891
-0.105763
-0.169081
-0.231558
-0.292497
-0.34544
-0.385524
-0.413139
-0.43247
-0.443705
-0.44382
-0.428867
-0.397172
-0.353785
-0.304372
-0.252291
-0.196573
-0.136338
-0.0657313
0.0189096
0.109919
0.188009
0.233381
0.255636
0.271924
0.284985
0.294868
0.299708
0.295705
0.281074
0.257926
0.228025
0.195935
0.167384
0.139444
0.108544
0.0712893
0.030833
-0.00441862
-0.0285071
-0.0445261
-0.0585587
-0.0719767
-0.086766
-0.104883
-0.125934
-0.147617
-0.166476
-0.180472
-0.188091
-0.188324
-0.182273
-0.170593
-0.15106
-0.123395
-0.0906838
-0.0501202
0.000726639
0.0611286
0.123924
0.174296
0.204717
0.218632
0.220287
0.210501
0.187912
0.150138
0.0994786
0.0439697
-0.00987847
-0.0542785
-0.0880727
-0.113724
-0.129878
-0.135458
-0.132431
-0.124144
-0.108187
-0.0836562
-0.0538576
-0.0196833
0.0177549
0.053742
0.0809713
0.100228
0.113053
0.121002
0.130526
0.149011
0.172099
0.189041
0.196613
0.195229
0.188331
0.174834
0.1519
0.119556
0.0824327
0.043887
0.00558937
-0.0269684
-0.0464699
-0.0518029
-0.0517364
-0.0466806
-0.0370347
-0.0242813
-0.0123863
-0.0037146
0.000511895
-0.00237859
-0.0146873
-0.035679
-0.0599604
-0.085134
-0.109192
-0.130986
-0.148784
-0.160045
-0.163423
-0.16175
-0.155701
-0.14576
-0.129404
-0.104751
-0.0732249
-0.0398247
-0.0122304
0.00635419
0.0172988
0.0255712
0.0342494
0.0434887
0.0526946
0.0602281
0.0643645
0.064783
0.0615707
0.0525939
0.0362027
0.0133635
-0.0108451
-0.030764
-0.0443942
-0.0498729
-0.0467721
-0.038648
-0.0274302
-0.0121577
0.00817369
0.0337419
0.0623933
0.0884705
0.106242
0.110649
0.107834
0.101672
0.0909887
0.0762074
0.059172
0.0400929
0.020046
0.000851801
-0.0151369
-0.0289448
-0.0400749
-0.0482119
-0.0546254
-0.0594227
-0.0628216
-0.0650429
-0.067416
-0.0733525
-0.0842806
-0.0973665
-0.106492
-0.1078
-0.0982979
-0.0789462
-0.058753
-0.0402213
-0.0251896
-0.0142321
-0.00598817
-0.000256818
0.0021523
0.00124628
-0.00141599
-0.00447856
-0.00864054
-0.0146392
-0.0224194
-0.0311386
-0.0387197
-0.0419702
-0.0391411
-0.0302608
-0.0168351
-0.00212708
0.00910676
0.0154017
0.0170569
0.0159956
0.01387
0.0136732
0.0172632
0.0253261
0.0372263
0.0505645
0.0661672
0.0850418
0.106801
0.128542
0.144798
0.154379
0.158372
0.155423
0.145488
0.13032
0.114499
0.0992384
0.0862051
0.0776853
0.0700127
0.0602112
0.0468702
0.0317427
0.0190064
0.0113298
0.00866109
0.00973003
0.012123
0.0147707
0.0162064
0.0167083
0.0174001
0.0178438
0.0159255
0.00985218
-0.00102959
-0.0154184
-0.0297941
-0.0406764
-0.0458111
-0.0453752
-0.0408306
-0.0322655
-0.0215629
-0.0122657
-0.00556758
-0.00228246
-0.00294798
-0.00794922
-0.0158846
-0.02397
-0.0314855
-0.0372789
-0.0390043
-0.0339554
-0.0211081
-0.00326892
0.0161865
0.0335098
0.0455177
0.050664
0.0488209
0.0401922
0.0265774
0.0101656
-0.00893616
-0.030414
-0.052463
-0.0711539
-0.0802979
-0.0748276
-0.0562691
-0.0331087
-0.00827255
0.0151005
0.0427825
0.0731497
0.0963531
0.10824
0.111226
0.105201
0.0900445
0.0703265
0.0490457
0.025874
0.00175124
-0.0189867
-0.0309893
-0.0341199
-0.0331535
-0.0289395
-0.0225211
-0.0159545
-0.0108588
-0.00822194
-0.00883058
-0.0130063
-0.0217488
-0.0347571
-0.0484743
-0.0560357
-0.0552678
-0.0472335
-0.0321516
-0.013221
0.00534612
0.019245
0.022711
0.0155096
0.00135306
-0.0184006
-0.0395813
-0.0589202
-0.0753124
-0.0875739
-0.0948832
-0.0975661
-0.0956609
-0.0881589
-0.0740344
-0.0553233
-0.0380892
-0.0245664
-0.0140896
-0.00457915
0.00538201
0.0161139
0.0279523
0.04074
0.0531636
0.062942
0.0684236
0.0720121
0.0766743
0.0830599
0.0910908
0.0996837
0.106719
0.111639
0.114578
0.114971
0.112434
0.107489
0.100115
0.0899196
0.0776316
0.0642824
0.0502457
0.0365937
0.0247888
0.0157591
0.0104187
0.0102523
0.015616
0.0239697
0.0297099
0.0295275
0.0247491
0.0196136
0.0155588
0.00960785
-0.00250717
-0.0196283
-0.0364505
-0.050442
-0.0632591
-0.0768175
-0.0913112
-0.106265
-0.119982
-0.129169
-0.131457
-0.127211
-0.117133
-0.101162
-0.0821056
-0.06531
-0.0547147
-0.0532666
-0.0548379
-0.0540019
-0.0470044
-0.0340377
-0.0189237
-0.0069285
0.000395934
0.00340171
0.00410083
0.0043638
0.0035143
0.00119568
-0.00221424
-0.0053013
-0.00680135
-0.0068999
-0.00676688
-0.00787799
-0.0105482
-0.01433
-0.0179346
-0.0190805
-0.016226
-0.00856846
0.00407068
0.0207134
0.0378515
0.0529385
0.0624839
0.0632609
0.0552249
0.0409603
0.0233658
0.00724079
-0.0040524
-0.00768064
-0.00679484
-0.000915919
0.0103497
0.024788
0.0379321
0.0494432
0.0600459
0.0689864
0.0734034
0.0698375
0.0582699
0.0426917
0.0273108
0.01368
0.00388345
-0.000373334
0.00139291
0.00859491
0.0197698
0.0328765
0.0429234
0.0468515
0.0484286
0.0477681
0.0424697
0.0306557
0.0125924
-0.00909638
-0.0326153
-0.053622
-0.0671687
-0.0721531
-0.066466
-0.0526101
-0.0328477
-0.0127673
-0.0018851
0.00391357
0.00511274
0.00160636
-0.00593718
-0.017587
-0.0310918
-0.0440408
-0.0562098
-0.0675096
-0.0773759
-0.0853973
-0.0913484
-0.0936242
-0.0905559
-0.0819602
-0.0702622
-0.058317
-0.046779
-0.0363801
-0.0267733
-0.0168092
-0.00471565
0.0100883
0.0248394
0.036053
0.0445355
0.0515381
0.0566608
0.05973
0.0603317
0.0585934
0.0558195
0.0525925
0.0501283
0.0503235
0.0518525
0.0506664
0.0449933
0.0342638
0.0196186
0.00414623
-0.00966894
-0.0213516
-0.0309187
-0.0375927
-0.0400699
-0.0374636
-0.0302818
-0.0203879
-0.008523
0.00315553
0.0124737
0.0195435
0.0241119
0.0260916
0.0258877
0.0233374
0.0191118
0.0135133
0.00645487
-0.00145091
-0.0100392
-0.0191049
-0.0279796
-0.0362024
-0.0433134
-0.0489725
-0.0534803
-0.0578364
-0.0619488
-0.0655507
-0.068615
-0.0713779
-0.0742437
-0.0774776
-0.0811041
-0.0848965
-0.0882122
-0.0901318
-0.0889173
-0.0808622
-0.0687812
-0.0550507
-0.0399446
-0.0250016
-0.0132582
-0.0061173
-0.00190032
0.000876104
0.00134021
-0.00123298
-0.00634692
-0.0138495
-0.0235543
-0.0339771
-0.0433802
-0.0495411
-0.0505613
-0.0456882
-0.0369728
-0.0295213
-0.0236177
-0.0180493
-0.0112274
-0.00187792
0.010579
0.0255655
0.0410054
0.0564307
0.0712448
0.0828461
0.0884897
0.0887646
0.0873929
0.0866478
0.0865338
0.0867651
0.0869825
0.0865493
0.0846225
0.0802972
0.0728884
0.0624601
0.0503832
0.03685
0.0208419
0.00426298
-0.00876194
-0.016594
-0.0196371
-0.0198107
-0.0181573
-0.0166578
-0.0149129
-0.0118574
-0.00678892
0.000591614
0.0104781
0.0223783
0.0341568
0.041896
0.0428295
0.0391291
0.0352147
0.0327854
0.0333567
0.0350366
0.0337853
0.0286721
0.0207253
0.0125012
0.00375828
-0.00407344
-0.00908318
-0.0123186
-0.0129647
-0.0101858
-0.00554124
-0.000858892
0.00386924
0.00876558
0.0135163
0.0174438
0.0197805
0.0198753
0.0174109
0.0120216
0.00389989
-0.00713489
-0.0207232
-0.0360556
-0.051667
-0.0654594
-0.0760898
-0.084403
-0.0901683
-0.0917654
-0.0888355
-0.0812998
-0.0714066
-0.0631104
-0.0575307
-0.0551476
-0.0571093
-0.0639205
-0.0744605
-0.0852372
-0.0920274
-0.0924112
-0.0849123
-0.0705571
-0.0537976
-0.034713
-0.0138241
0.00604578
0.0220886
0.0313412
0.0336442
0.0325679
0.0289981
0.0248191
0.0213971
0.0186907
0.0166595
0.0151927
0.0141179
0.0128673
0.0104176
0.00625443
0.000939835
-0.00404669
-0.00759639
-0.00960034
-0.00948365
-0.00692602
-0.00264677
0.00127027
0.00330918
0.00323428
0.0015926
-0.00088745
-0.00381136
-0.00623404
-0.00647123
-0.00302933
0.0046308
0.0153865
0.026633
0.0362813
0.0414203
0.0398465
0.0316306
0.0204579
0.0140341
0.0153318
0.0229427
0.0314862
0.032171
0.0218351
0.00392928
-0.0129032
-0.026762
-0.0372336
-0.0428977
-0.0429243
-0.0371531
-0.0255758
-0.0105104
0.00583408
0.0212836
0.0324564
0.0407408
0.0461722
0.047936
0.0467712
0.0452103
0.0430868
0.0399467
0.0361861
0.0330215
0.0318277
0.0329651
0.0357827
0.0389411
0.0420623
0.0445163
0.0453356
0.0437442
0.0392993
0.0314576
0.0206423
0.00916077
-0.000691626
-0.00734338
-0.0111794
-0.0132019
-0.0126131
-0.00890404
-0.00287135
0.00371441
0.00866305
0.0127585
0.0166225
0.0198925
0.0221355
0.0230261
0.0222686
0.0194982
0.015226
0.0110253
0.00705469
0.00319409
-0.000543336
-0.00420369
-0.00787676
-0.0117151
-0.0154994
-0.0185948
-0.0201272
-0.0191404
-0.0150356
-0.00830955
-0.00131972
0.00266216
0.00333199
0.00192161
-0.000769238
-0.00304787
-0.00378157
-0.00226505
0.00195655
0.00874761
0.0165094
0.0219041
0.0231724
0.0202759
0.014618
0.00720656
0.000119649
-0.00624583
-0.0127729
-0.0204615
-0.0287216
-0.0356433
-0.0383451
-0.0346964
-0.0261313
-0.0176841
-0.0120744
-0.00792085
-0.00237228
0.00500064
0.013346
0.0206837
0.0242709
0.0225155
0.0146149
0.00120605
-0.013501
-0.0233474
-0.02733
-0.02651
-0.0210159
-0.0107684
0.00164868
0.0105521
0.0160112
0.0196002
0.0211064
0.0205257
0.0171497
0.0110724
0.00403818
-0.00242777
-0.00736083
-0.0096137
-0.00828478
-0.00365006
0.00164163
0.00387771
0.00290063
0.000312781
-0.00264403
-0.00502928
-0.00545085
-0.0026207
0.00351996
0.0115541
0.0189243
0.0230678
0.0240387
0.0224895
0.0187411
0.0144377
0.0128761
0.015916
0.0224353
0.0288059
0.0319254
0.0312323
0.0278491
0.0245257
0.0219854
0.0206152
0.0209568
0.0230563
0.0256598
0.027126
0.0282205
0.0306447
0.0341422
0.0368127
0.037255
0.0345877
0.0286168
0.0208188
0.0146372
0.0114288
0.0108477
0.0125861
0.0159344
0.0190365
0.0209707
0.0216016
0.021276
0.021121
0.0227429
0.0251094
0.0255095
0.0230719
0.0210749
0.0201733
0.0184776
0.0135313
0.00764713
0.00607341
0.0103765
0.0187803
0.0276514
0.031509
0.0307264
0.0270519
0.0211407
0.0136812
0.00485059
-0.00441185
-0.0136359
-0.0219409
-0.0287844
-0.0339482
-0.0362805
-0.0348338
-0.0319296
-0.0291452
-0.0264463
-0.0238144
-0.0212731
-0.0186943
-0.0158965
-0.0126672
-0.00891269
-0.00476289
-0.000630209
0.00290562
0.00513666
0.00534606
0.0030948
-0.00113524
-0.00569139
-0.0101621
-0.0148372
-0.0199399
-0.0255557
-0.0314938
-0.0372209
-0.0418086
-0.0445955
-0.0454201
-0.0445206
-0.041943
-0.0384898
-0.0349888
-0.0312991
-0.0272083
-0.0227148
-0.0181031
-0.014002
-0.0108997
-0.00918121
-0.00883732
-0.00920783
-0.00991661
-0.010995
-0.0122309
-0.0130597
-0.012989
-0.0116635
-0.00905079
-0.00566906
-0.00178038
0.0018653
0.00418619
0.00487288
0.00356233
5.08535e-05
-0.00515183
-0.012536
-0.0226879
-0.0350293
-0.0471733
-0.0568082
-0.0637175
-0.0669486
-0.0655172
-0.0593801
-0.0496537
-0.0396983
-0.0302204
-0.0216648
-0.0135696
-0.00487416
0.00468871
0.0143758
0.0226358
0.027452
0.0274906
0.0229037
0.0162861
0.0108498
0.00764204
0.00732688
0.0103277
0.0164864
0.0239326
0.0296497
0.0326709
0.0326313
0.029345
0.0239379
0.0182647
0.0121759
0.00541072
-0.00156194
-0.00832043
-0.0140147
-0.0173892
-0.0171488
-0.0126148
-0.00396007
0.0067613
0.0161701
0.0234386
0.0283783
0.0313199
0.0335084
0.0348279
0.0352199
0.0347484
0.0325146
0.0276719
0.0194424
0.00764009
-0.00614561
-0.0175843
-0.0217141
-0.0186612
-0.00986415
0.000519064
0.0108573
0.020915
0.0303356
0.0384434
0.0441202
0.0462312
0.0442704
0.0392232
0.0319755
0.0247094
0.0200858
0.0169703
0.0143639
0.0123088
0.0105907
0.00885591
0.00718349
0.00565933
0.00412678
0.0022688
-0.000310134
-0.003947
-0.00872488
-0.0141493
-0.0190592
-0.0219012
-0.0223078
-0.0201802
-0.0163568
-0.0129992
-0.0106082
-0.00929533
-0.00909641
-0.00951135
-0.00950764
-0.0086521
-0.00670809
-0.0035854
0.000296217
0.00415549
0.00747879
0.00963768
0.00990039
0.00781025
0.00368594
-0.000924862
-0.00487482
-0.00773438
-0.00916258
-0.00892956
-0.0065588
-0.0021694
0.00310907
0.00902566
0.0149262
0.0199153
0.0235525
0.025627
0.0259629
0.023828
0.0189741
0.012556
0.00656073
0.00137159
-0.00291976
-0.00619482
-0.00841898
-0.00948984
-0.00909756
-0.00726571
-0.0049246
-0.00319708
-0.00329601
-0.00667578
-0.0145437
-0.0265931
-0.0400255
-0.0514059
-0.0589839
-0.0614545
-0.0583592
-0.049095
-0.0348568
-0.0205582
-0.0110034
-0.00614177
-0.00363295
-0.00272968
-0.00446019
-0.00950496
-0.0171128
-0.0256963
-0.0330711
-0.0363469
-0.0375803
-0.0364619
-0.0322714
-0.0257682
-0.0183439
-0.00987165
-0.000374127
0.00983289
0.0207941
0.0320537
0.0424733
0.0503465
0.0541853
0.0532286
0.0488291
0.043693
0.0379103
0.0315435
0.0255248
0.0205776
0.0170046
0.0147087
0.0130941
0.0112913
0.00927126
0.00801296
0.00829386
0.00968178
0.010754
0.010264
0.00763932
0.00283484
-0.00292154
-0.00729537
-0.0110926
-0.0146169
-0.0173891
-0.018629
-0.0174987
-0.0135879
-0.00632479
0.00396896
0.0148996
0.022699
0.0256505
0.0240471
0.0206697
0.0152872
0.00772736
-0.000796046
-0.0099777
-0.0195152
-0.0284049
-0.0349098
-0.0373944
-0.034735
-0.027385
-0.018338
-0.00947069
-0.000881242
0.00714189
0.0138613
0.0182479
0.0190963
0.0155585
0.00813981
-0.00256276
-0.0151571
-0.0262479
-0.0346903
-0.0402213
-0.0429456
-0.0429441
-0.0411473
-0.0368943
-0.0299171
-0.0216
-0.0137091
-0.00719225
-0.0030743
-0.00240745
-0.0056068
-0.011332
-0.015892
-0.0169825
-0.0134712
-0.00587286
0.00310971
0.0116622
0.019386
0.0257393
0.0296505
0.0296078
0.0245943
0.0150942
0.00257131
-0.00943219
-0.0148839
-0.013746
-0.00924887
-0.00241736
0.00569824
0.0132198
0.0196274
0.0244459
0.026978
0.0268658
0.0244977
0.0207318
0.0168445
0.0124708
0.00705295
0.000514082
-0.00689594
-0.0141516
-0.0193611
-0.0208796
-0.018067
-0.0105016
0.00118602
0.0139106
0.0239257
0.0306778
0.0349261
0.0370856
0.0363706
0.0322492
0.0252765
0.0173604
0.0114877
0.00930091
0.0100646
0.0126997
0.0168805
0.0211792
0.0226603
0.0194058
0.0108931
-0.00153539
-0.0153572
-0.0281478
-0.0385864
-0.0458847
-0.0497519
-0.0506518
-0.0482699
-0.0429539
-0.0366981
-0.0300608
-0.0240981
-0.0201853
-0.0174337
-0.0136854
-0.00804985
-0.000716858
0.00734591
0.013699
0.013682
0.00708507
-0.00146164
-0.00885371
-0.0145856
-0.0185172
-0.0202322
-0.0194233
-0.0166625
-0.0131812
-0.0091299
-0.00501347
-0.00185414
-0.000245628
-0.000601302
-0.0028201
-0.00579576
-0.00843909
-0.0108212
-0.0131785
-0.0152866
-0.0164226
-0.0157728
-0.0129557
-0.0084118
-0.00305481
0.00340675
0.0111339
0.0194206
0.0265956
0.0314657
0.0341368
0.035596
0.0353106
0.0320313
0.024789
0.0139117
0.00185514
-0.00955524
-0.0196746
-0.0276347
-0.032128
-0.0322558
-0.0285194
-0.0226511
-0.0155271
-0.00925862
-0.00609194
-0.00625999
-0.00933057
-0.0156978
-0.0244648
-0.0326895
-0.0386194
-0.0402224
-0.0354565
-0.0237918
-0.00772255
0.00810473
0.0214627
0.0308978
0.0349527
0.0341499
0.0312814
0.0267652
0.0201567
0.0123505
0.00565426
0.000158967
-0.00488624
-0.0100094
-0.0152414
-0.0204973
-0.0257805
-0.0308299
-0.0352505
-0.038631
-0.0406466
-0.0404548
-0.0372062
-0.0308974
-0.0229374
-0.0142298
-0.0049828
0.00403048
0.0112225
0.0151994
0.0161036
0.0157528
0.0159615
0.0168216
0.0180307
0.0191674
0.01956
0.0184147
0.0149847
0.00902927
0.00125428
-0.00657377
-0.011246
-0.0110124
-0.00733492
-0.00239551
0.00268461
0.00795415
0.0132951
0.0181167
0.0217582
0.0236924
0.0237762
0.0224558
0.0192929
0.0142428
0.00850319
0.00388018
0.000424479
-0.00243055
-0.00439867
-0.00521354
-0.00495342
-0.00348443
-0.00096823
0.00184804
0.0045838
0.00709171
0.0091085
0.0102276
0.00997088
0.00810433
0.00504002
0.00217203
0.000766309
0.000668912
0.000790888
-0.000752742
-0.00480551
-0.0103121
-0.0156239
-0.019277
-0.0195008
-0.0159227
-0.0099953
-0.0024477
0.00683144
0.0170259
0.0260139
0.0327211
0.0370502
0.0391107
0.0381181
0.0338742
0.0280831
0.0245413
0.0247401
0.0279737
0.0321031
0.0349807
0.0359343
0.0346906
0.0313816
0.0258354
0.0183933
0.0104566
0.00228921
-0.00566983
-0.0129787
-0.0195048
-0.0240716
-0.0250845
-0.02159
-0.0157426
-0.010065
-0.00485442
-0.000306791
0.00321049
0.00566594
0.00739453
0.00868037
0.00978028
0.0107692
0.0111393
0.0102566
0.00763658
0.00336096
-0.00174823
-0.00795995
-0.015361
-0.022251
-0.0263242
-0.0273696
-0.0265477
-0.0225916
-0.017528
-0.00958258
0.000121539
0.00953512
0.0181368
0.0255487
0.0312418
0.0347436
0.0361422
0.0365554
0.0364391
0.0353881
0.0331893
0.030188
0.0267763
0.0228938
0.0185908
0.0142707
0.0106219
0.00786359
0.00584706
0.00393742
0.00124563
-0.00235994
-0.00653322
-0.0105536
-0.0144418
-0.0184365
-0.0227725
-0.027512
-0.0320322
-0.0351561
-0.0358251
-0.0339117
-0.0306012
-0.0284207
-0.0273857
-0.0257297
-0.0229239
-0.0189215
-0.0142228
-0.0100161
-0.00681937
-0.00456046
-0.00283756
-0.00166319
-0.000958041
-0.000635037
-0.000858737
-0.00163949
-0.0026343
-0.00307253
-0.00218232
0.000529234
0.00509386
0.0105429
0.0147821
0.0172644
0.0185145
0.0181227
0.0157494
0.0118268
0.00778147
0.00441519
0.00153176
-0.00128536
-0.00423731
-0.00721859
-0.00994425
-0.0120043
-0.0130225
-0.0127924
-0.0115794
-0.0102346
-0.00909162
-0.0082312
-0.00777408
-0.0078087
-0.0082842
-0.00893516
-0.00972117
-0.0106366
-0.0115105
-0.0120018
-0.0117089
-0.0102233
-0.00731029
-0.00327715
0.000880058
0.00479247
0.00832642
0.0112298
0.013302
0.0144359
0.014709
0.0138712
0.0114548
0.00738532
0.00243776
-0.00210458
-0.00584917
-0.00845144
-0.00950816
-0.00884867
-0.00677732
-0.0041678
-0.00126674
0.00176824
0.00442879
0.00641586
0.00779065
0.00880596
0.00966567
0.0103451
0.0108332
0.0111461
0.0111942
0.0109071
0.0102985
0.00951133
0.00872534
0.00787422
0.00683939
0.00552945
0.0039373
0.00218623
0.000341424
-0.00146621
-0.00292981
-0.00374234
-0.00405256
-0.00424857
-0.00446579
-0.00454214
-0.00427211
-0.00377906
-0.00325762
-0.00267229
-0.00197612
-0.00118297
-0.000378547
0.000354187
0.00100165
0.001533
0.00189376
0.00207438
0.0021056
0.00206235
0.00205234
0.00207269
0.00204523
0.00188287
0.00155708
0.00107968
0.000518888
1.23668e-05
-0.000357251
-0.000640345
-0.000861747
-0.00102696
-0.00115151
-0.00125677
-0.0013421
-0.00140627
-0.00145689
-0.00150701
-0.00156253
-0.00162446
-0.00169124
-0.00175479
-0.00180235
-0.0018333
-0.00185116
-0.00185739
-0.00185184
-0.00183348
-0.00180514
-0.00177104
-0.00173615
-0.00170329
-0.00167207
-0.00164202
-0.00161328
-0.00158656
-0.00156337
-0.00154557
-0.00153385
-0.00152757
-0.00152559
-0.00152699
-0.00153112
-0.00153751
-0.00154588
-0.00155609
-0.00156808
-0.00158187
-0.00159761
-0.00161547
-0.00163558
-0.00165805
-0.00168292
-0.00171023
-0.00173998
0
0
0
