0.00159003
0.00158656
0.00158293
0.00157938
0.00157584
0.00157243
0.00156905
0.00156569
0.00156236
0.0015591
0.00155594
0.00155273
0.00154961
0.00154649
0.00154346
0.00154043
0.00153736
0.00153438
0.00153165
0.00152887
0.00152584
0.00152289
0.00152014
0.00151732
0.00151489
0.00151288
0.00151056
0.0015076
0.00150467
0.00150219
0.00150009
0.00149806
0.00149583
0.00149336
0.00149092
0.00148892
0.00148687
0.00148491
0.00148373
0.00148205
0.00147955
0.00147718
0.0014759
0.00147455
0.00147232
0.00147033
0.00146858
0.00146656
0.00146409
0.00146181
0.00146099
0.0014602
0.00145925
0.00145839
0.00145701
0.00145594
0.00145442
0.00145239
0.00145197
0.00145216
0.00145111
0.00144869
0.00144699
0.00144648
0.00144518
0.0014435
0.00144393
0.00144613
0.00144626
0.00144302
0.00143891
0.00143665
0.00143801
0.00143969
0.0014382
0.0014368
0.00143674
0.00143482
0.00143227
0.00143316
0.00143634
0.00143535
0.00143132
0.00143062
0.0014328
0.00143487
0.00143494
0.00143515
0.00143634
0.00143436
0.00143134
0.00143087
0.00143418
0.00143786
0.00143656
0.00143424
0.0014348
0.00143673
0.00143608
0.00143636
0.00144351
0.00144901
0.00144475
0.00143406
0.00142705
0.00142846
0.00143169
0.00143593
0.00144178
0.00144485
0.00144319
0.0014398
0.00143823
0.00144174
0.00144709
0.00144636
0.0014445
0.00144452
0.00144127
0.00143856
0.00144503
0.00145832
0.00146369
0.00145823
0.00145006
0.00144654
0.00144737
0.00144683
0.0014492
0.00145531
0.00145702
0.00145747
0.00145487
0.00145426
0.00146721
0.00147945
0.00147818
0.00147069
0.00146749
0.00147034
0.001478
0.00148929
0.00149025
0.00147927
0.00147362
0.00147846
0.00147985
0.0014744
0.00147591
0.00148583
0.00149556
0.00149551
0.00148364
0.00147828
0.00148233
0.00148431
0.00149064
0.00150126
0.001506
0.00149571
0.00148498
0.00149652
0.00151467
0.00151813
0.00151067
0.00151082
0.00151595
0.00151529
0.0015157
0.00152415
0.00153531
0.00153029
0.00151508
0.00151061
0.00151712
0.00153177
0.00154498
0.00154166
0.00153257
0.00152541
0.00152247
0.00153645
0.00154954
0.00155709
0.00156406
0.00156198
0.00156141
0.00155555
0.00154642
0.00154912
0.00156301
0.0015773
0.00157355
0.00155885
0.00155016
0.00155727
0.00157456
0.00158224
0.00157832
0.00157312
0.00157361
0.00157156
0.00157154
0.00159024
0.00161322
0.0016159
0.00159326
0.00157346
0.0015706
0.00158369
0.00160673
0.00162311
0.00163832
0.00163922
0.00162013
0.00160817
0.00162064
0.00164123
0.00164036
0.00163101
0.00163005
0.00162641
0.00161945
0.00162498
0.00164322
0.00165023
0.00162594
0.00159424
0.00159836
0.00162758
0.00164066
0.00164242
0.00165899
0.00167745
0.00167018
0.0016514
0.00164448
0.00164965
0.00166699
0.00166999
0.00165
0.00164374
0.00165093
0.00166283
0.00168066
0.00170571
0.00171987
0.00169525
0.00167576
0.00168779
0.0016912
0.00166441
0.00164383
0.00166321
0.00169049
0.00169843
0.00168471
0.0016851
0.00170507
0.00170875
0.00171079
0.00171651
0.0017078
0.00169146
0.00168848
0.00169689
0.0017109
0.00172691
0.00173532
0.00173137
0.00171539
0.0017111
0.00172436
0.00172693
0.00171293
0.00170052
0.00170186
0.00172538
0.00174617
0.00174862
0.00175509
0.00176251
0.00174869
0.00171505
0.00171436
0.00175176
0.00178136
0.00178291
0.00174151
0.0017005
0.00170353
0.00173073
0.00175508
0.00177121
0.00177773
0.00175048
0.00171553
0.00173342
0.00177247
0.00177411
0.00176185
0.00176882
0.00178782
0.00180403
0.0017814
0.00174891
0.00173143
0.00173542
0.0017486
0.00174645
0.00176461
0.00174159
0.00174665
0.00172483
0.00173703
0.00179696
0.00171144
0.00169158
0.00161923
0.00182365
0.00170101
0.00168133
0.00185337
0.000865333
0.000138841
-0.0017095
-0.00234588
-0.00369808
-0.00375623
0.00387736
0.00909511
0.0114215
0.00787396
-0.000535484
-0.00996642
-0.00935972
0.00626805
0.0167703
0.0299469
0.0187695
-0.0118023
-0.0191525
-0.0180811
-0.00559952
0.0200377
0.0336907
0.0167746
0.00498004
-0.00542171
-0.0237129
-0.00538362
0.0127763
-0.00781402
-0.0267833
0.0194972
0.048211
0.00636169
-0.0182031
-0.0288215
-0.0269477
-0.013756
0.031134
0.0658408
0.0128121
-0.0290917
-0.0124702
0.00644992
-0.0113732
-0.0245277
-0.0146867
-0.0110918
0.00920566
0.0243506
0.0485251
0.065197
0.018994
-0.0645057
-0.123112
-0.0876948
0.0163798
0.127985
0.149553
0.039115
-0.0937971
-0.14881
-0.0767712
0.0255025
0.0684644
0.0878411
0.0609087
-0.0252616
-0.0858809
-0.0435492
0.0344998
0.0456079
0.0262067
0.0519659
0.079133
-0.00307475
-0.121199
-0.0907505
0.0179777
0.0503178
0.0622043
0.0710554
0.0131242
-0.0556333
-0.0713987
-0.0646745
-0.0190274
0.0899093
0.0986181
-0.0486765
-0.148619
-0.116737
-0.0132192
0.0705064
0.0838662
0.0902576
0.0415214
-0.0600528
-0.0446838
0.0214781
-0.014155
-0.0685614
-0.0197584
0.0528572
0.0651045
0.111338
0.178977
0.0878364
-0.114316
-0.186778
-0.114016
-0.0099877
0.065939
0.103418
0.110603
0.0512242
-0.0386328
-0.0600436
-0.0338091
-0.0554734
-0.127436
-0.147272
-0.0612814
0.0806244
0.150179
0.0437511
-0.0377075
0.0125212
0.0443488
0.0288606
-0.0119434
-0.0345571
-0.0522343
-0.0683596
-0.0470881
0.0692027
0.140912
0.0166271
-0.0880291
-0.139726
-0.14651
0.00113697
0.230988
0.356852
0.342453
0.243308
0.0218193
-0.214725
-0.376947
-0.191472
0.325484
0.620769
0.565426
0.254981
-0.0694699
-0.253934
-0.270801
0.0327465
0.414692
0.508145
0.252877
0.0287714
-0.0110822
-0.192639
-0.407637
-0.276405
0.188099
0.516108
0.294534
-0.33134
-0.471845
0.186144
0.551851
0.142345
-0.356913
-0.404821
-0.151636
0.0572713
0.145202
0.111358
-0.097998
-0.484068
-0.600401
-0.278574
0.0758596
0.242421
0.141287
-0.115954
-0.248462
-0.126885
0.0650858
0.191839
0.178853
-0.0541749
-0.162319
0.0556062
0.233559
0.0951392
-0.219163
-0.325836
-0.0312391
0.327367
0.469369
0.356039
0.136073
0.176575
0.429446
0.50503
0.379266
0.325269
0.136712
-0.184014
-0.258271
-0.249599
-0.182123
0.0468061
0.233379
0.248924
0.266147
0.339476
0.216593
0.0441314
0.0403167
0.106512
0.203675
0.181693
-0.0511182
-0.247321
-0.162949
0.224721
0.711273
1.06522
1.05162
0.726066
0.449403
0.212299
0.0441266
0.0460581
0.214006
0.48657
0.70569
0.775187
0.357288
-0.202079
-0.500588
-0.613445
-0.146041
0.365749
0.340631
0.251566
0.250722
0.274266
0.398402
0.589792
0.566503
0.260215
-0.13791
-0.453901
-0.278863
0.300968
0.588215
0.557708
0.293753
-0.270774
-0.296146
0.310021
0.46005
-0.0405148
-0.477808
-0.38866
-0.090387
0.25549
0.742504
0.884574
0.210737
-0.850043
-1.22048
-0.925103
-0.538159
-0.138356
0.0747565
0.192849
0.259836
0.310851
0.297468
0.182083
0.17419
0.149478
0.188302
0.0403443
-0.248006
0.0155521
0.589575
0.956632
0.774416
0.124948
-0.271084
-0.273775
0.0121764
0.736095
1.35705
1.31734
0.673937
-0.499014
-1.63271
-1.65733
-0.550496
0.538776
1.26273
1.42171
0.768777
0.238925
0.0261153
0.00999119
0.323633
0.380863
-0.0410655
-0.364453
-0.0334842
0.498635
0.889579
1.11534
0.812074
0.226166
-0.16952
-0.148
0.204332
0.449967
0.220381
-0.21869
-0.179623
0.382412
0.920079
0.977614
0.509903
-0.186484
-0.494485
-0.223574
0.0274064
0.129232
0.27734
0.453876
0.669665
0.845162
0.707183
0.178484
-0.173623
-0.0608047
0.255327
0.621824
0.817881
0.745331
0.415643
-0.185064
-0.708889
-0.835497
-0.674041
-0.449631
-0.312474
-0.116
0.480884
1.10398
1.21739
1.08815
0.667094
-0.0766254
-0.377175
-0.0241359
0.535464
0.938964
1.03495
0.82533
0.0537718
-0.768762
-0.614773
-0.0687563
0.143038
-0.02308
-0.618986
-1.19466
-1.5402
-1.44606
-0.934523
-0.575469
-0.719393
-1.35856
-1.91972
-2.08885
-1.9561
-1.56614
-1.01155
-0.413455
0.0483011
0.301215
0.28441
0.101944
0.212956
0.659917
0.885555
0.867566
0.887739
0.921832
0.966766
0.891391
0.568267
0.0693915
-0.356918
-0.48598
-0.262189
0.331868
1.12021
1.5365
1.05368
-0.0511385
-1.14159
-1.61031
-1.04974
0.163403
1.42497
2.38577
2.98368
3.07237
2.34016
1.29907
0.728097
0.660814
0.773169
0.915983
1.11539
1.14445
0.909151
0.664524
0.434811
0.137039
-0.283931
-0.961589
-1.83482
-2.44211
-2.52428
-2.53792
-2.88898
-3.35677
-3.54186
-3.20457
-2.55891
-2.02587
-1.55464
-1.05067
-0.794122
-1.15083
-1.53032
-1.47629
-1.83721
-2.32988
-2.49776
-2.47834
-2.06963
-1.83463
-1.83726
-1.83585
-1.94808
-2.1214
-2.34588
-2.30197
-2.06567
-1.95864
-1.91131
-1.75385
-1.46064
-1.1896
-0.969519
-0.821322
-0.795762
-0.943019
-1.30679
-1.68609
-1.87519
-1.89491
-1.60637
-0.943957
-0.382817
-0.428704
-0.962779
-1.42174
-1.55401
-1.33783
-0.986236
-0.905244
-0.876324
-0.417328
0.114914
-0.147198
-1.03655
-1.76569
-2.01358
-1.86772
-1.79536
-1.7854
-1.59772
-1.47547
-1.45849
-1.32292
-1.09753
-0.966073
-0.923752
-1.0419
-1.28497
-1.34635
-1.10756
-0.532394
0.31041
1.1803
1.63679
1.39826
0.942371
0.684307
0.641766
0.816059
1.08734
1.46446
1.83485
1.69202
0.74038
-0.408182
-1.12756
-1.5184
-1.43603
-0.794716
0.108618
0.923549
1.10628
0.436123
-0.552282
-1.15464
-1.18236
-0.83724
-0.471782
-0.300918
-0.302081
-0.372419
-0.542303
-0.862221
-0.926307
-0.598448
-0.245224
0.100674
0.584342
0.996218
1.09938
1.0631
1.00265
0.855506
0.577099
0.111353
-0.432091
-0.886297
-1.16247
-1.21229
-1.14502
-1.07848
-0.858666
-0.473845
-0.162502
0.267713
1.03111
1.64544
1.69125
1.54819
1.73899
2.13441
2.3245
2.19994
1.90859
1.75055
2.00262
2.54061
2.85762
2.64133
2.03127
1.38973
0.943194
0.604792
0.315528
0.201448
0.378133
0.787666
1.25036
1.58728
1.56348
1.16463
0.675866
0.309512
0.0618287
-0.15813
-0.301517
-0.327263
-0.208509
0.125047
0.502596
0.694822
0.622255
0.49562
0.670239
1.00473
1.17328
1.30498
1.63979
2.06035
2.30648
2.37469
2.40298
2.42026
2.3952
2.32436
2.26085
2.21089
2.12167
1.93808
1.57664
1.12465
0.780467
0.641926
0.692358
0.853102
1.10621
1.3368
1.36227
1.18185
1.00481
1.02063
1.19945
1.41621
1.49203
1.40175
1.31421
1.24788
1.06578
0.735942
0.391438
0.0541864
-0.299139
-0.512409
-0.439095
-0.111206
0.285867
0.540502
0.533656
0.358889
0.204857
0.0456749
-0.196453
-0.489656
-0.717783
-0.876341
-1.13417
-1.1888
-0.740299
0.0398949
0.983944
1.62826
1.6547
1.30874
0.955799
0.777862
0.647763
0.574063
0.583525
0.49109
0.166673
-0.404783
-0.940323
-1.13489
-1.13376
-1.15607
-1.10223
-0.917028
-0.725006
-0.565714
-0.292032
0.147378
0.30981
-0.00769111
-0.322504
-0.289456
0.0994471
0.624649
0.980667
1.15013
1.0631
0.628946
0.239848
0.182998
0.265872
0.287014
0.284091
0.372824
0.470052
0.428137
0.286887
0.243588
0.317917
0.351158
0.340188
0.333424
0.338167
0.337992
0.331426
0.313711
0.207589
0.0387083
-0.138692
-0.39651
-0.716537
-1.00664
-1.24593
-1.33825
-1.16169
-0.79524
-0.503411
-0.440169
-0.587027
-0.917379
-1.27423
-1.44945
-1.38406
-1.17263
-0.9701
-0.832915
-0.774292
-0.765355
-0.845647
-1.06018
-1.21078
-1.18577
-0.982111
-0.634638
-0.298967
-0.132799
-0.255433
-0.559521
-0.873098
-1.0808
-1.09916
-0.963226
-0.711769
-0.410412
-0.113992
0.0460287
-0.0599289
-0.32108
-0.505274
-0.454941
-0.377868
-0.403524
-0.324701
-0.0797844
0.241167
0.354755
0.123918
-0.499681
-0.873693
-0.0254894
0.616494
0.28132
0.345113
0.349343
-0.0233481
-0.342229
-0.749535
-0.735778
-0.475735
-0.232292
0.0829297
0.11663
0.0657441
0.0508867
0.06077
0.168483
0.208264
0.243454
0.30822
0.390867
0.516646
0.65827
0.857823
1.01854
1.11698
1.17803
1.01472
0.645529
0.283024
-0.0161291
-0.297136
-0.523184
-0.638643
-0.791102
-1.08989
-1.37866
-1.46331
-1.32281
-1.11376
-1.01157
-1.06707
-1.19216
-1.28571
-1.35587
-1.46738
-1.58808
-1.64509
-1.65188
-1.63358
-1.63644
-1.75318
-2.01348
-2.18942
-1.99239
-1.57092
-1.15851
-0.737349
-0.43603
-0.37683
-0.371488
-0.254662
-0.0533563
0.172116
0.355154
0.453022
0.455269
0.399563
0.408913
0.585031
0.916634
1.2812
1.51768
1.4758
1.22205
0.926095
0.503196
-0.00862328
-0.291676
-0.203636
0.0691745
0.36311
0.68338
0.934065
1.07163
1.07488
0.875079
0.633031
0.524996
0.570144
0.577918
0.354331
0.0859999
-0.037074
-0.0725214
-0.0965576
-0.0653317
0.141408
0.401313
0.461482
0.333702
0.21831
0.270875
0.436214
0.61241
0.777525
0.791618
0.606983
0.355078
0.0948515
-0.200679
-0.543175
-0.862124
-1.11619
-1.26589
-1.26601
-1.15725
-0.962722
-0.7525
-0.610982
-0.515019
-0.401834
-0.211085
0.105654
0.539525
0.946535
1.20471
1.31355
1.27661
1.16921
1.13272
1.21174
1.28602
1.21794
1.03808
0.830714
0.619898
0.465179
0.375738
0.2879
0.311045
0.486328
0.538455
0.35155
0.182947
0.193306
0.236037
0.199651
0.0931054
-0.114111
-0.451736
-0.855795
-1.15588
-1.26211
-1.19557
-0.912986
-0.468429
-0.103211
0.00357767
-0.128521
-0.27953
-0.199398
0.183237
0.737993
1.25234
1.57856
1.66876
1.58073
1.3737
1.13618
1.05185
1.12246
1.17905
1.16383
1.16382
1.25758
1.41493
1.61225
1.77753
1.69955
1.38289
1.06704
0.786233
0.464817
0.199436
0.00873677
-0.360163
-0.936182
-1.38999
-1.5377
-1.47973
-1.31133
-0.936308
-0.456633
-0.174586
-0.274049
-0.580155
-0.700283
-0.7386
-0.810541
-0.830646
-0.886462
-0.94154
-1.0102
-1.16128
-1.36541
-1.52799
-1.57304
-1.55786
-1.48316
-1.33363
-1.18451
-1.10021
-0.989896
-0.678953
-0.285071
-0.054683
-0.0103109
-0.0742316
-0.160331
-0.221547
-0.195432
-0.0136443
0.2358
0.334064
0.112594
-0.402737
-1.04097
-1.49429
-1.64011
-1.6767
-1.64124
-1.51588
-1.43112
-1.34752
-1.07805
-0.639067
-0.234947
0.0122285
0.0692445
-0.0534778
-0.219513
-0.24951
-0.1145
0.0113342
-0.0295749
-0.199518
-0.400833
-0.541932
-0.602151
-0.692766
-0.79159
-0.786496
-0.708203
-0.587195
-0.412506
-0.136928
0.215325
0.460118
0.387396
-0.0556439
-0.492934
-0.520081
-0.136132
0.458494
1.02836
1.42771
1.45547
1.09211
0.843391
0.943985
1.09598
1.21781
1.33105
1.30405
1.23698
1.24713
1.17933
1.04926
0.972766
0.875302
0.747065
0.736078
0.921887
1.08127
0.999217
0.792669
0.649938
0.566745
0.367131
0.0109537
-0.327884
-0.516723
-0.567623
-0.586413
-0.63592
-0.615049
-0.510868
-0.436425
-0.349193
-0.242405
-0.221321
-0.265746
-0.198813
-0.00331381
0.157933
0.341135
0.610092
0.770713
0.726883
0.654163
0.6685
0.738812
0.84593
0.920679
0.907303
0.856417
0.835498
0.868767
0.946485
1.08604
1.29851
1.56847
1.94074
2.34252
2.54693
2.42936
2.04952
1.63032
1.34835
1.2235
1.16119
1.07991
1.02195
0.897948
0.607255
0.323754
0.245865
0.377523
0.583629
0.708314
0.636492
0.344741
-0.0911539
-0.55496
-0.869059
-0.967587
-0.925854
-0.686335
-0.260944
0.0843033
0.114337
-0.0796593
-0.197032
-0.109395
0.109007
0.36092
0.587585
0.721699
0.734115
0.650638
0.520887
0.401275
0.312833
0.242764
0.127578
-0.0364231
-0.243212
-0.568263
-1.00906
-1.40872
-1.63944
-1.73875
-1.78354
-1.86308
-2.01767
-2.18303
-2.28602
-2.29641
-2.23649
-2.12769
-1.97353
-1.78795
-1.62729
-1.5755
-1.65419
-1.77297
-1.84963
-1.83428
-1.6243
-1.2322
-0.904557
-0.753808
-0.611421
-0.561064
-0.688944
-0.807593
-0.880209
-0.88673
-0.901387
-0.984557
-1.10874
-1.33607
-1.49038
-1.44665
-1.23647
-0.8856
-0.506113
-0.137149
0.225035
0.57584
0.818396
0.804035
0.506752
0.122446
-0.0544964
-0.0235791
0.0574394
0.158274
0.330709
0.565568
0.719923
0.738629
0.744465
0.814091
0.921876
1.10415
1.31075
1.29311
0.95928
0.508749
0.184048
0.0851291
0.190495
0.379482
0.464686
0.396365
0.27725
0.184834
0.174659
0.307826
0.562461
0.77624
0.779919
0.586272
0.317496
0.102008
0.0604483
0.153337
0.21265
0.174199
0.0687975
-0.065974
-0.197196
-0.282575
-0.281614
-0.214512
-0.100143
0.0165707
0.0718629
0.0974306
0.113765
0.131138
0.187441
0.279903
0.397174
0.501431
0.524356
0.505119
0.529602
0.548674
0.541102
0.559227
0.573239
0.548699
0.529116
0.5601
0.607955
0.672237
0.82447
1.08076
1.34862
1.47664
1.40152
1.14707
0.766255
0.424613
0.347183
0.560295
0.886725
1.21575
1.48752
1.54647
1.34161
1.14541
1.16005
1.2004
1.14611
1.15335
1.26318
1.24724
0.949799
0.4797
0.019041
-0.304476
-0.455411
-0.518529
-0.612508
-0.747117
-0.828685
-0.804498
-0.703865
-0.533219
-0.302761
-0.120124
-0.0596435
-0.149992
-0.362252
-0.588201
-0.778176
-0.871029
-0.917982
-0.947185
-0.700915
-0.115394
0.525745
0.975392
1.18623
1.14588
0.859484
0.445368
-0.0326081
-0.491295
-0.795119
-0.934296
-0.967425
-0.915913
-0.781192
-0.63992
-0.603422
-0.720788
-1.00167
-1.37888
-1.70915
-1.90535
-1.90615
-1.7538
-1.59664
-1.38206
-1.10602
-0.916815
-0.812329
-0.695046
-0.414554
-0.0304684
0.19887
0.172629
-0.122845
-0.50585
-0.61964
-0.343173
0.111215
0.489893
0.740095
0.855632
0.84617
0.784663
0.721841
0.737298
0.810643
0.842359
0.852313
0.86217
0.803097
0.650432
0.485345
0.330907
0.202236
0.199984
0.310812
0.470124
0.680202
0.887974
1.01052
1.04674
1.0901
1.21499
1.3496
1.37808
1.28696
1.07082
0.748317
0.511289
0.515192
0.712376
0.943658
1.02166
0.879459
0.573765
0.220024
-0.0394772
-0.104446
0.0378245
0.264381
0.438839
0.493779
0.413779
0.273426
0.153412
0.10512
0.165397
0.337331
0.578983
0.779965
0.834836
0.701618
0.440821
0.197446
0.0509713
0.0021373
0.0469147
0.167577
0.298024
0.331763
0.197342
-0.0977879
-0.473299
-0.819483
-1.059
-1.1767
-1.22045
-1.2283
-1.22456
-1.2559
-1.32111
-1.40033
-1.52555
-1.70606
-1.85718
-1.9218
-1.95959
-2.00668
-2.02809
-1.99849
-1.95278
-1.95123
-1.97246
-1.96847
-1.95673
-1.95681
-1.94708
-1.91093
-1.88456
-1.90902
-1.94518
-1.90893
-1.77087
-1.57814
-1.3994
-1.26656
-1.16595
-1.09963
-1.07157
-0.985378
-0.727374
-0.344993
0.00798789
0.294921
0.574892
0.786531
0.793699
0.582425
0.319473
0.148985
0.0375252
-0.0847984
-0.25824
-0.428867
-0.4937
-0.468542
-0.373316
-0.197883
0.0126963
0.254362
0.54575
0.803263
0.950675
0.984991
0.895912
0.71433
0.538284
0.454706
0.456286
0.480293
0.466574
0.343322
0.112225
-0.146953
-0.363699
-0.456076
-0.364498
-0.148629
0.0235699
0.0265407
-0.0960598
-0.231492
-0.322851
-0.368103
-0.408123
-0.463227
-0.48384
-0.446565
-0.39804
-0.381239
-0.39363
-0.364713
-0.255036
-0.10381
0.0528385
0.19923
0.356094
0.53709
0.743171
0.947404
1.07771
1.11673
1.11439
1.13517
1.17298
1.17513
1.15085
1.13642
1.12287
1.05367
0.891104
0.627643
0.282456
-0.0386121
-0.199754
-0.14431
0.073009
0.285672
0.351212
0.274302
0.130227
-0.0162539
-0.135696
-0.205332
-0.187231
-0.071333
0.107399
0.261351
0.308297
0.248193
0.156638
0.139772
0.209314
0.331829
0.535663
0.79079
1.01762
1.12294
1.07062
0.97146
0.899209
0.85927
0.832524
0.752582
0.627749
0.505278
0.394287
0.267262
0.100934
-0.016896
-0.0427558
-0.0526162
-0.0997276
-0.245229
-0.512316
-0.796589
-0.937213
-0.861791
-0.653058
-0.43205
-0.267453
-0.187883
-0.183597
-0.211568
-0.22993
-0.241607
-0.259431
-0.240435
-0.144423
0.041862
0.299914
0.551672
0.736065
0.808753
0.75073
0.606172
0.4605
0.399807
0.429099
0.536482
0.715216
0.879284
0.917515
0.798318
0.596637
0.403738
0.303777
0.335212
0.42594
0.514649
0.580501
0.593447
0.549183
0.47432
0.402826
0.343792
0.285388
0.206708
0.100484
-0.00696736
-0.0838477
-0.0813093
0.0602997
0.363798
0.779821
1.16321
1.35959
1.35058
1.20979
1.01198
0.835813
0.70722
0.619252
0.563321
0.502143
0.420392
0.335359
0.255477
0.188385
0.15136
0.137233
0.143439
0.185237
0.224231
0.16966
-0.00799767
-0.222132
-0.375071
-0.429147
-0.379137
-0.248977
-0.130323
-0.104394
-0.141262
-0.187483
-0.245793
-0.336317
-0.43524
-0.49902
-0.523014
-0.509604
-0.442577
-0.3192
-0.175753
-0.0692303
-0.0308342
-0.072889
-0.200449
-0.369481
-0.519214
-0.619956
-0.657095
-0.640574
-0.60385
-0.582492
-0.604832
-0.686337
-0.815178
-0.943501
-1.03463
-1.08816
-1.11079
-1.11121
-1.10095
-1.09529
-1.11155
-1.15668
-1.21527
-1.24486
-1.21892
-1.14297
-1.02408
-0.892608
-0.795478
-0.740575
-0.69201
-0.607721
-0.48363
-0.353521
-0.257709
-0.202311
-0.144217
-0.0526474
0.0802301
0.261966
0.471791
0.667977
0.809307
0.873121
0.87257
0.838146
0.796167
0.77162
0.790024
0.843247
0.883969
0.873483
0.792121
0.635689
0.427899
0.211094
0.0207886
-0.130595
-0.219882
-0.208301
-0.102238
0.0530001
0.226114
0.410638
0.601659
0.770707
0.878722
0.911249
0.885471
0.84627
0.836665
0.841977
0.796248
0.649719
0.425159
0.190843
0.00727354
-0.0968484
-0.140895
-0.15795
-0.172505
-0.206331
-0.278254
-0.387879
-0.48939
-0.536974
-0.516482
-0.435637
-0.338171
-0.273777
-0.254561
-0.258839
-0.263116
-0.254386
-0.214422
-0.135518
-0.0369074
0.0544092
0.129474
0.196807
0.256714
0.292324
0.283406
0.215403
0.0828493
-0.0976309
-0.28704
-0.431099
-0.486199
-0.447827
-0.34078
-0.216159
-0.148295
-0.180385
-0.28074
-0.393705
-0.483703
-0.541618
-0.579381
-0.604459
-0.620852
-0.621471
-0.59575
-0.537807
-0.446714
-0.331685
-0.199983
-0.0657605
0.0487169
0.120444
0.152191
0.175267
0.210847
0.26569
0.326643
0.367057
0.380011
0.374735
0.355199
0.332763
0.324685
0.329786
0.331368
0.320052
0.30342
0.272665
0.202231
0.0944595
-0.0224896
-0.121722
-0.191393
-0.245903
-0.315791
-0.412435
-0.519737
-0.614422
-0.684597
-0.71677
-0.689646
-0.615019
-0.521844
-0.421278
-0.31961
-0.233258
-0.194078
-0.213679
-0.268111
-0.32208
-0.34472
-0.325641
-0.274415
-0.205076
-0.117992
-0.00087814
0.153866
0.332529
0.49148
0.590647
0.623086
0.592726
0.521515
0.459514
0.435035
0.437522
0.435397
0.407947
0.366109
0.330791
0.318313
0.320262
0.325202
0.341349
0.365942
0.396532
0.425383
0.43229
0.421584
0.41216
0.415506
0.43426
0.458725
0.47798
0.489087
0.494955
0.499681
0.494421
0.466966
0.421308
0.366277
0.318301
0.29893
0.310796
0.335033
0.338974
0.295484
0.198222
0.0600151
-0.0985193
-0.256346
-0.386852
-0.473935
-0.522027
-0.542638
-0.541499
-0.524154
-0.512452
-0.521483
-0.542226
-0.56659
-0.600335
-0.64284
-0.673884
-0.677187
-0.658871
-0.632492
-0.599648
-0.555148
-0.493719
-0.409803
-0.310345
-0.212346
-0.12379
-0.0437546
0.0282326
0.0895957
0.125472
0.110204
0.0355966
-0.0792597
-0.21643
-0.369682
-0.530618
-0.690661
-0.847353
-0.989873
-1.08909
-1.11494
-1.05846
-0.933988
-0.763984
-0.599937
-0.494138
-0.445285
-0.443931
-0.477251
-0.50895
-0.500124
-0.434209
-0.341255
-0.266069
-0.224007
-0.195664
-0.162839
-0.132382
-0.109536
-0.0841589
-0.0481878
-0.0073362
0.0231135
0.027525
0.00744595
-0.0225572
-0.0548336
-0.0803914
-0.0917718
-0.0923549
-0.0840908
-0.0692821
-0.0488576
-0.0105903
0.0553234
0.131669
0.198181
0.260234
0.316948
0.352227
0.357557
0.333881
0.28695
0.223841
0.153549
0.0871675
0.0396884
0.0140697
0.00567287
0.0185199
0.0486231
0.0877938
0.127771
0.171356
0.227531
0.279194
0.308531
0.313442
0.295991
0.263122
0.226738
0.212715
0.247666
0.33076
0.431976
0.515647
0.562524
0.572842
0.549639
0.490212
0.400156
0.299512
0.219731
0.188106
0.21334
0.290558
0.406136
0.538585
0.65495
0.724831
0.7381
0.69595
0.606566
0.483581
0.33773
0.180224
0.0310252
-0.0897882
-0.171382
-0.204854
-0.186365
-0.128293
-0.0520963
0.021607
0.067532
0.0629116
0.00821501
-0.0744634
-0.16713
-0.261541
-0.336426
-0.364699
-0.337085
-0.266629
-0.17895
-0.0970883
-0.0332295
0.0173693
0.0610456
0.0866232
0.0752906
0.0225784
-0.0512032
-0.117595
-0.159011
-0.175564
-0.182027
-0.185164
-0.179336
-0.169281
-0.16348
-0.16071
-0.159464
-0.158949
-0.156135
-0.150555
-0.14512
-0.138673
-0.128349
-0.113374
-0.0967307
-0.0892915
-0.094079
-0.103931
-0.114969
-0.121372
-0.115867
-0.0913052
-0.0399299
0.038454
0.140499
0.260357
0.378232
0.466691
0.515911
0.533311
0.518541
0.470273
0.401578
0.331934
0.269841
0.211534
0.162036
0.132981
0.127841
0.131325
0.114413
0.061641
-0.018929
-0.10418
-0.172619
-0.214112
-0.224788
-0.199434
-0.140065
-0.0621109
0.0154616
0.0767917
0.119042
0.140552
0.14112
0.136766
0.144748
0.171158
0.203394
0.226754
0.242288
0.257467
0.279896
0.316413
0.368694
0.424365
0.47348
0.520106
0.56635
0.610991
0.652068
0.687252
0.721355
0.753697
0.773094
0.775574
0.758905
0.722554
0.671437
0.617129
0.57753
0.564041
0.584672
0.634409
0.697172
0.758086
0.797358
0.796559
0.747827
0.666248
0.57915
0.499708
0.433172
0.388206
0.366454
0.351307
0.321084
0.270625
0.208517
0.145186
0.0835273
0.0202
-0.0397487
-0.0921054
-0.137955
-0.174601
-0.194648
-0.185989
-0.143567
-0.0781326
-0.00598344
0.0654755
0.124473
0.162243
0.191836
0.210112
0.202308
0.179205
0.145686
0.0925517
0.027773
-0.0310642
-0.0635741
-0.0609824
-0.0366049
0.0152396
0.105729
0.187382
0.208923
0.200243
0.190309
0.150019
0.094335
0.0693181
0.057445
0.0290922
-0.00677981
-0.0498323
-0.128762
-0.243031
-0.328077
-0.338797
-0.314176
-0.298873
-0.275809
-0.224677
-0.167137
-0.123272
-0.089501
-0.0608684
-0.058066
-0.104266
-0.180193
-0.247565
-0.284086
-0.31137
-0.348384
-0.376438
-0.394814
-0.417127
-0.450204
-0.478777
-0.490481
-0.491732
-0.473513
-0.4417
-0.417334
-0.395435
-0.369193
-0.360179
-0.374836
-0.384947
-0.391592
-0.423575
-0.466044
-0.481141
-0.479792
-0.495184
-0.517604
-0.533243
-0.563295
-0.60851
-0.644615
-0.656091
-0.642338
-0.621485
-0.61118
-0.608932
-0.60426
-0.60019
-0.605437
-0.621728
-0.630544
-0.627957
-0.635623
-0.653317
-0.675563
-0.686834
-0.673116
-0.638797
-0.593748
-0.558728
-0.537306
-0.513807
-0.479018
-0.449065
-0.441473
-0.453867
-0.479819
-0.513959
-0.553895
-0.590778
-0.613159
-0.611503
-0.581535
-0.5382
-0.512688
-0.517906
-0.538164
-0.55701
-0.565816
-0.563384
-0.552763
-0.537967
-0.519295
-0.508744
-0.522755
-0.549977
-0.566817
-0.557345
-0.523554
-0.483277
-0.455145
-0.437554
-0.41332
-0.386668
-0.37055
-0.360599
-0.352903
-0.359331
-0.381182
-0.391606
-0.379907
-0.36095
-0.335278
-0.301751
-0.272895
-0.254305
-0.237996
-0.212135
-0.173798
-0.13589
-0.115132
-0.112466
-0.113419
-0.105579
-0.0761918
-0.00839092
0.0855127
0.169507
0.221839
0.241265
0.239113
0.225134
0.20575
0.178432
0.13811
0.0928254
0.0452577
0.00484581
-0.00580306
0.0158258
0.0614509
0.114976
0.159128
0.206864
0.265812
0.316969
0.351841
0.362853
0.336267
0.292735
0.270293
0.280287
0.316685
0.367144
0.418815
0.463198
0.482406
0.469992
0.456876
0.46546
0.489255
0.526248
0.569226
0.597471
0.60143
0.584158
0.548076
0.503341
0.468649
0.448592
0.433704
0.421172
0.412044
0.400168
0.386182
0.380831
0.382956
0.386319
0.393014
0.397831
0.391039
0.370307
0.343279
0.326689
0.326433
0.325371
0.296185
0.229793
0.156861
0.121468
0.142815
0.216129
0.311676
0.38835
0.429732
0.43945
0.42434
0.392372
0.351209
0.303374
0.246529
0.190555
0.150747
0.125553
0.118584
0.138161
0.163363
0.170203
0.157653
0.141121
0.143032
0.162935
0.185644
0.211562
0.247465
0.302167
0.373882
0.435869
0.464404
0.45961
0.443112
0.434209
0.432653
0.439671
0.461409
0.496413
0.536986
0.568757
0.57417
0.548573
0.509833
0.476917
0.452662
0.43647
0.428165
0.423855
0.420819
0.418186
0.412199
0.40542
0.404673
0.405107
0.398051
0.377297
0.340377
0.289469
0.231444
0.180055
0.147809
0.138024
0.143557
0.157245
0.174773
0.188001
0.192362
0.191141
0.18716
0.18195
0.177259
0.170419
0.159347
0.141101
0.108735
0.0674374
0.0345676
0.0250237
0.0450249
0.0868696
0.137244
0.184676
0.216975
0.223533
0.201081
0.159747
0.114424
0.075839
0.0504895
0.0394634
0.0368545
0.0320349
0.0222893
0.0102717
-0.00752166
-0.0318754
-0.0500083
-0.0472321
-0.022672
0.0120241
0.0443269
0.0693431
0.0793668
0.0623823
0.0189372
-0.0365231
-0.0863542
-0.118232
-0.127195
-0.119467
-0.111702
-0.115356
-0.13486
-0.168955
-0.204495
-0.234524
-0.259965
-0.272432
-0.266871
-0.2535
-0.24627
-0.248986
-0.257457
-0.262448
-0.250642
-0.218673
-0.175916
-0.134026
-0.103186
-0.0903131
-0.0981636
-0.122425
-0.154478
-0.188724
-0.217487
-0.23509
-0.243884
-0.247702
-0.249214
-0.250842
-0.255177
-0.25921
-0.259154
-0.258611
-0.258496
-0.259133
-0.26078
-0.260073
-0.260913
-0.2676
-0.279626
-0.290972
-0.291868
-0.281896
-0.261781
-0.22994
-0.190727
-0.143507
-0.0897717
-0.0444335
-0.0171078
-0.0182738
-0.0441806
-0.0728715
-0.103948
-0.13091
-0.143034
-0.141689
-0.122765
-0.0968209
-0.0753444
-0.0595999
-0.0551867
-0.0691786
-0.101668
-0.135989
-0.155487
-0.159422
-0.156299
-0.152864
-0.149471
-0.148099
-0.152299
-0.164175
-0.184166
-0.206893
-0.22901
-0.252648
-0.281258
-0.318646
-0.359813
-0.395981
-0.419429
-0.421841
-0.408759
-0.389718
-0.365983
-0.340293
-0.315185
-0.292994
-0.273623
-0.255114
-0.239933
-0.22993
-0.22526
-0.225294
-0.229817
-0.239371
-0.252596
-0.266781
-0.280777
-0.295975
-0.310604
-0.317296
-0.309045
-0.286745
-0.255721
-0.222429
-0.196703
-0.184121
-0.181558
-0.182137
-0.185892
-0.197631
-0.216445
-0.239042
-0.261499
-0.28148
-0.297452
-0.310035
-0.31913
-0.31849
-0.308277
-0.291965
-0.276106
-0.26
-0.2463
-0.235374
-0.219087
-0.201807
-0.181001
-0.171104
-0.162358
-0.163116
-0.15118
-0.0986185
-0.00842655
0.0202786
-0.184932
-0.204159
0.00568705
0.016865
0.026313
0.00170146
0.000930812
0.0899055
0.116337
0.197052
0.231354
0.2364
0.25951
0.258354
0.267719
0.249131
0.232687
0.22184
0.211838
0.208247
0.195964
0.176595
0.150756
0.110744
0.0668802
0.0327762
0.0100764
0.00480554
0.00073182
-0.00600318
-0.020068
-0.0282358
-0.0185539
-0.00369111
0.015027
0.0274704
0.0342351
0.0375285
0.0335731
0.0234259
0.00832482
-0.00747861
-0.0212313
-0.0320022
-0.0354325
-0.0300809
-0.0143825
0.0106924
0.0341014
0.048948
0.0554001
0.0605638
0.0692725
0.0780716
0.0797606
0.0734086
0.0654614
0.0635103
0.072281
0.0895914
0.110454
0.126912
0.135832
0.139814
0.140717
0.140723
0.143098
0.14964
0.159686
0.169074
0.174344
0.174945
0.172983
0.173232
0.174559
0.179008
0.192336
0.217113
0.251011
0.288176
0.328917
0.374261
0.419138
0.455162
0.479445
0.491554
0.491659
0.484643
0.477597
0.475579
0.474319
0.472667
0.475375
0.484156
0.498137
0.511441
0.5221
0.531301
0.535688
0.533282
0.527474
0.521235
0.513596
0.504082
0.491198
0.47385
0.455927
0.440656
0.424702
0.405744
0.384843
0.361167
0.336554
0.314481
0.298489
0.289434
0.284837
0.284998
0.289861
0.297909
0.304353
0.306351
0.307853
0.311546
0.318221
0.323658
0.324091
0.317856
0.29801
0.263934
0.22489
0.190449
0.164938
0.149938
0.14492
0.146478
0.153197
0.163947
0.176433
0.188159
0.198917
0.209156
0.212503
0.201275
0.177914
0.152519
0.130233
0.108196
0.0832505
0.0583286
0.0387654
0.0223312
0.00581369
-0.0136766
-0.0437476
-0.0872252
-0.135169
-0.171774
-0.19146
-0.200115
-0.20114
-0.193136
-0.192261
-0.21729
-0.259561
-0.303295
-0.326617
-0.328059
-0.319352
-0.30135
-0.29065
-0.284738
-0.276383
-0.270817
-0.263364
-0.259746
-0.261722
-0.268307
-0.284443
-0.306482
-0.326929
-0.340548
-0.345077
-0.343046
-0.339048
-0.333096
-0.326084
-0.316415
-0.301758
-0.289389
-0.28422
-0.285073
-0.28705
-0.2874
-0.288177
-0.290412
-0.298678
-0.304823
-0.300218
-0.29906
-0.304856
-0.310415
-0.312799
-0.312664
-0.318535
-0.327397
-0.334263
-0.341917
-0.346014
-0.342029
-0.330058
-0.316064
-0.306096
-0.301319
-0.303502
-0.311851
-0.324578
-0.340441
-0.355506
-0.367099
-0.377187
-0.388399
-0.399555
-0.410269
-0.425129
-0.447562
-0.470922
-0.481388
-0.474245
-0.454579
-0.425625
-0.390563
-0.355376
-0.324743
-0.299021
-0.277095
-0.257344
-0.238018
-0.21887
-0.196337
-0.169496
-0.145222
-0.129126
-0.12403
-0.131098
-0.148074
-0.167894
-0.183811
-0.199734
-0.215385
-0.220451
-0.217656
-0.213579
-0.203803
-0.186492
-0.170387
-0.161911
-0.158361
-0.159609
-0.164143
-0.165669
-0.157538
-0.144842
-0.138084
-0.13313
-0.135282
-0.146895
-0.151846
-0.153937
-0.161869
-0.162523
-0.154321
-0.151902
-0.152714
-0.148332
-0.140123
-0.126562
-0.10621
-0.0844403
-0.0621911
-0.0408425
-0.0279115
-0.0174655
0.000519906
0.021308
0.0358749
0.0438892
0.0474387
0.0432994
0.0405921
0.0523795
0.0723385
0.0897282
0.104133
0.113065
0.108666
0.101529
0.104307
0.11019
0.116418
0.122873
0.125832
0.121292
0.10717
0.0878774
0.0649314
0.0397453
0.0205297
0.00742077
-0.0125272
-0.0394537
-0.0611058
-0.0748594
-0.0807785
-0.0816526
-0.0854447
-0.0887405
-0.0883012
-0.0851451
-0.0698246
-0.0456403
-0.0218773
0.0034541
0.0352744
0.070374
0.094833
0.115839
0.141586
0.160024
0.167779
0.176955
0.192707
0.202954
0.211495
0.225376
0.239147
0.252407
0.257788
0.24868
0.229263
0.208629
0.198186
0.202782
0.217284
0.237193
0.260998
0.284263
0.30286
0.315248
0.322967
0.328641
0.333656
0.331084
0.317505
0.297502
0.268306
0.234005
0.198452
0.160439
0.125311
0.0979112
0.0848432
0.0853322
0.0911369
0.0964762
0.0963979
0.0917405
0.0883999
0.0992714
0.127066
0.149516
0.1615
0.176998
0.193455
0.206112
0.217324
0.230685
0.24888
0.266733
0.278863
0.286197
0.290485
0.292715
0.292918
0.289711
0.284744
0.281642
0.279246
0.277119
0.275766
0.272232
0.26745
0.262154
0.255797
0.250133
0.242273
0.227851
0.210237
0.193614
0.172826
0.146297
0.119552
0.09656
0.0828697
0.0827101
0.0966066
0.121237
0.148592
0.170071
0.1818
0.186003
0.183662
0.175521
0.168077
0.166599
0.171328
0.17886
0.18305
0.180108
0.172078
0.162125
0.148764
0.12997
0.1079
0.08813
0.0740305
0.0692196
0.075735
0.0839497
0.0851514
0.0828031
0.0863256
0.0945356
0.102436
0.115109
0.127659
0.132334
0.129234
0.120225
0.109759
0.0961055
0.0790269
0.0594722
0.0383846
0.0248332
0.0175627
0.010455
0.00710511
0.00717738
0.0074993
0.00747885
0.00828186
0.00640386
-0.00591533
-0.0231522
-0.038031
-0.0534002
-0.0700091
-0.0826109
-0.0864517
-0.0845636
-0.0803585
-0.0738719
-0.0654348
-0.0529251
-0.0340266
-0.0102251
0.0146382
0.0368646
0.0547715
0.0665108
0.0711324
0.0707609
0.0653885
0.0597329
0.0588528
0.0570415
0.0486189
0.0380583
0.037323
0.0496128
0.0676968
0.0866943
0.105406
0.122153
0.130943
0.130388
0.128995
0.125928
0.117514
0.11348
0.117007
0.118107
0.111494
0.105138
0.101559
0.0957378
0.092867
0.0936289
0.0905461
0.0839288
0.0798928
0.0794504
0.0747086
0.0665658
0.0634839
0.0587708
0.0454048
0.0258791
0.00459999
-0.0146468
-0.0321144
-0.0467929
-0.0620833
-0.0832341
-0.107899
-0.127447
-0.137835
-0.142059
-0.13819
-0.129545
-0.122494
-0.114443
-0.102973
-0.0931348
-0.092851
-0.102111
-0.115683
-0.126881
-0.127864
-0.117072
-0.100662
-0.0863322
-0.0786387
-0.078603
-0.0860925
-0.0999235
-0.113182
-0.120911
-0.125125
-0.128183
-0.131897
-0.132462
-0.125263
-0.114327
-0.103537
-0.0943089
-0.0906281
-0.0920579
-0.0956043
-0.101709
-0.109158
-0.114964
-0.116371
-0.111845
-0.101091
-0.0858591
-0.0713857
-0.0608898
-0.0538521
-0.0510193
-0.0538202
-0.0587006
-0.0603456
-0.0579841
-0.0505444
-0.037438
-0.0222413
-0.0110126
-0.00788203
-0.00569954
-0.00287506
-0.0073782
-0.0138368
-0.0162206
-0.0187
-0.0227104
-0.0261485
-0.0326188
-0.0445014
-0.0584633
-0.0732367
-0.0857261
-0.0967143
-0.108632
-0.118928
-0.130306
-0.144357
-0.157693
-0.168682
-0.173987
-0.174025
-0.175117
-0.180673
-0.192796
-0.210401
-0.229255
-0.248109
-0.265558
-0.28021
-0.292594
-0.30203
-0.308544
-0.315306
-0.323642
-0.331163
-0.33467
-0.331601
-0.324773
-0.319914
-0.314588
-0.302739
-0.285143
-0.266064
-0.249203
-0.240623
-0.239968
-0.23593
-0.225766
-0.216736
-0.213293
-0.214761
-0.217508
-0.220013
-0.221586
-0.221178
-0.220063
-0.224593
-0.235637
-0.245895
-0.256628
-0.267278
-0.27005
-0.267254
-0.263556
-0.256059
-0.244395
-0.235027
-0.231638
-0.231478
-0.232471
-0.231846
-0.225716
-0.217883
-0.218426
-0.224633
-0.219846
-0.199104
-0.176294
-0.168385
-0.173205
-0.17719
-0.174407
-0.159881
-0.138653
-0.125188
-0.126279
-0.135701
-0.137883
-0.131278
-0.13133
-0.142486
-0.1538
-0.161083
-0.171869
-0.190298
-0.211121
-0.227194
-0.233534
-0.228094
-0.214664
-0.198265
-0.185195
-0.181459
-0.185587
-0.189729
-0.185116
-0.170433
-0.150465
-0.129153
-0.110359
-0.0967574
-0.0840688
-0.0681709
-0.0465668
-0.01491
0.019822
0.0454801
0.0627898
0.0771682
0.0855059
0.0939153
0.111606
0.131021
0.146056
0.153348
0.15147
0.142541
0.12932
0.122085
0.127019
0.140197
0.156784
0.172466
0.183291
0.187152
0.185358
0.184771
0.188439
0.191655
0.193043
0.198713
0.210146
0.215196
0.209209
0.203704
0.203528
0.210016
0.227138
0.247299
0.267478
0.291379
0.311124
0.324502
0.334893
0.339027
0.337064
0.331122
0.324557
0.320838
0.318713
0.316129
0.308388
0.295722
0.281875
0.267684
0.254143
0.24236
0.235234
0.232966
0.236164
0.238499
0.234839
0.231369
0.230308
0.232111
0.234146
0.235771
0.237713
0.237979
0.237836
0.239144
0.239617
0.235537
0.228601
0.219222
0.213026
0.218027
0.230344
0.240204
0.245165
0.244988
0.234317
0.220038
0.21122
0.208462
0.207665
0.204315
0.199391
0.188211
0.169899
0.150976
0.134167
0.116994
0.100017
0.0909951
0.0888353
0.0903412
0.0957691
0.10133
0.110597
0.124542
0.132529
0.132007
0.128853
0.125032
0.116661
0.106784
0.106691
0.112509
0.115195
0.117744
0.122575
0.126918
0.127267
0.124074
0.121217
0.117682
0.110299
0.10351
0.102206
0.103086
0.101166
0.095944
0.0923025
0.0928383
0.0955863
0.0991831
0.100082
0.0927531
0.0758211
0.057864
0.0444261
0.0351866
0.0324117
0.0348271
0.0433661
0.0535167
0.0621877
0.0754007
0.0893446
0.0986694
0.101791
0.10193
0.101276
0.0978108
0.0962608
0.0980275
0.101128
0.107288
0.119205
0.133156
0.140198
0.138549
0.133125
0.128751
0.124243
0.118955
0.117744
0.117642
0.11143
0.10185
0.0934827
0.0864833
0.0812726
0.0772764
0.0725131
0.0665956
0.0639455
0.0642578
0.0591641
0.045263
0.0254417
0.00718726
-0.00189872
-0.00417713
-0.00782613
-0.0136216
-0.0177462
-0.0206061
-0.0217656
-0.0153721
0.00535362
0.0345487
0.0540497
0.0527816
0.0327607
0.00668636
-0.0116043
-0.026321
-0.046449
-0.0644096
-0.074476
-0.0815236
-0.0895913
-0.100532
-0.112067
-0.119462
-0.12352
-0.126942
-0.128565
-0.130884
-0.135485
-0.136206
-0.131857
-0.129175
-0.133868
-0.145179
-0.15753
-0.173855
-0.196918
-0.214067
-0.219027
-0.217094
-0.212535
-0.21141
-0.218024
-0.228396
-0.230683
-0.21924
-0.19921
-0.173919
-0.149301
-0.136664
-0.137795
-0.143217
-0.144488
-0.138789
-0.130421
-0.129748
-0.139112
-0.153718
-0.172061
-0.188713
-0.201954
-0.220336
-0.2438
-0.264285
-0.281994
-0.29989
-0.315325
-0.327773
-0.337947
-0.342945
-0.345168
-0.349312
-0.355293
-0.362967
-0.368864
-0.368611
-0.365259
-0.364756
-0.366261
-0.363455
-0.35408
-0.337633
-0.316442
-0.298014
-0.286219
-0.280531
-0.27919
-0.279424
-0.278165
-0.275465
-0.274368
-0.276149
-0.278615
-0.278357
-0.275065
-0.269665
-0.2647
-0.262181
-0.256059
-0.24207
-0.225203
-0.2114
-0.203008
-0.196462
-0.18991
-0.187933
-0.188895
-0.187647
-0.183517
-0.177844
-0.17132
-0.161788
-0.14928
-0.134099
-0.116172
-0.100834
-0.092864
-0.0925069
-0.0960583
-0.0997344
-0.103534
-0.104886
-0.1013
-0.09568
-0.0877886
-0.0751992
-0.0605254
-0.0491401
-0.0445291
-0.0466335
-0.0517884
-0.0547378
-0.0536792
-0.0473794
-0.0371418
-0.0281214
-0.0199729
-0.00851898
0.01159
0.0426511
0.0776078
0.107498
0.129218
0.141906
0.144814
0.141993
0.140491
0.143562
0.149898
0.159329
0.171989
0.186175
0.201596
0.217136
0.231041
0.243533
0.254613
0.263238
0.270293
0.278377
0.287044
0.291567
0.287131
0.274569
0.260129
0.250011
0.244698
0.241247
0.240238
0.239911
0.238088
0.238469
0.242572
0.252083
0.265098
0.274741
0.281896
0.288476
0.293923
0.299197
0.303714
0.302029
0.290804
0.277125
0.266718
0.261406
0.263413
0.270918
0.278919
0.283054
0.283703
0.282898
0.280732
0.276452
0.268247
0.259172
0.254267
0.251771
0.248905
0.242066
0.230577
0.217351
0.20009
0.180781
0.168158
0.166722
0.168205
0.164455
0.156669
0.142793
0.125702
0.112617
0.105749
0.102359
0.0983762
0.0980994
0.103461
0.10879
0.110377
0.107975
0.100982
0.0901032
0.0791948
0.0712618
0.0719341
0.0792137
0.0834264
0.0817709
0.0755188
0.0681549
0.0630182
0.06462
0.0716297
0.0760053
0.0774717
0.0787921
0.0806723
0.078841
0.0690585
0.0543025
0.0352278
0.013924
-0.00340778
-0.0151186
-0.0228538
-0.0305738
-0.0399063
-0.048361
-0.0558866
-0.0637915
-0.0740011
-0.0859222
-0.0976441
-0.111036
-0.124497
-0.135298
-0.143455
-0.148525
-0.151256
-0.151516
-0.150697
-0.149296
-0.144747
-0.136775
-0.126309
-0.116737
-0.10754
-0.0975986
-0.0895407
-0.0818325
-0.0743202
-0.067141
-0.0616586
-0.0614615
-0.0658992
-0.0724606
-0.078293
-0.0826413
-0.0870519
-0.0920308
-0.0966182
-0.0999026
-0.101648
-0.101461
-0.0989889
-0.0961201
-0.0956388
-0.0978352
-0.102553
-0.108342
-0.110734
-0.106749
-0.0993227
-0.093415
-0.0909541
-0.0910811
-0.0910352
-0.0887067
-0.0852412
-0.086176
-0.093634
-0.104412
-0.116826
-0.128887
-0.138994
-0.144257
-0.144486
-0.145226
-0.146549
-0.146298
-0.145084
-0.142686
-0.138643
-0.132256
-0.123239
-0.113517
-0.104904
-0.0976919
-0.0935416
-0.0907676
-0.0862595
-0.081893
-0.0791518
-0.0769885
-0.0745294
-0.0734138
-0.0750256
-0.0785387
-0.0818565
-0.0827518
-0.08024
-0.0737616
-0.0650432
-0.0553552
-0.0460969
-0.0412402
-0.0413241
-0.0428177
-0.0430116
-0.0404931
-0.0349804
-0.0300837
-0.0279187
-0.026535
-0.0275853
-0.0321083
-0.0371617
-0.0427051
-0.0488829
-0.0525307
-0.0513398
-0.0474948
-0.0436478
-0.0385504
-0.0303209
-0.0177316
-0.00176315
0.0146201
0.0289228
0.0408105
0.0513533
0.0603505
0.0678876
0.0726999
0.0743645
0.0739936
0.0700607
0.0631475
0.0546938
0.0426112
0.0276939
0.0156501
0.00824703
0.00205429
-0.00462472
-0.0110393
-0.0171762
-0.0230819
-0.0264074
-0.0250334
-0.0205925
-0.0161687
-0.010994
-0.00251973
0.008963
0.0204028
0.0287713
0.0342664
0.0380973
0.0414922
0.046524
0.05474
0.0646388
0.075422
0.0874994
0.0972197
0.104526
0.111847
0.116863
0.118195
0.116061
0.111655
0.109121
0.108541
0.107153
0.106194
0.107222
0.1087
0.108468
0.108098
0.106032
0.100688
0.0970986
0.095623
0.0955473
0.0967134
0.0961219
0.0940525
0.092551
0.095623
0.104746
0.117797
0.133128
0.147955
0.162929
0.176636
0.182307
0.180139
0.177501
0.177321
0.179667
0.185939
0.193231
0.194839
0.186898
0.178012
0.176851
0.178988
0.182051
0.184517
0.183702
0.179117
0.171704
0.169414
0.170731
0.16664
0.158403
0.149044
0.138403
0.126623
0.117937
0.110305
0.0978788
0.0865652
0.0788826
0.0705777
0.0632532
0.0569808
0.0493016
0.0419354
0.0351691
0.02353
0.00448735
-0.0174714
-0.0389529
-0.0560853
-0.0691446
-0.08296
-0.0958964
-0.106134
-0.113991
-0.119701
-0.123848
-0.128539
-0.130384
-0.125755
-0.120542
-0.119353
-0.125174
-0.135518
-0.14674
-0.159176
-0.168133
-0.166776
-0.159588
-0.154314
-0.148127
-0.142496
-0.140275
-0.1446
-0.152204
-0.155498
-0.160296
-0.166846
-0.170771
-0.169859
-0.166204
-0.163794
-0.163617
-0.169295
-0.175768
-0.17945
-0.181152
-0.177559
-0.172477
-0.171396
-0.173254
-0.174249
-0.170647
-0.16149
-0.148193
-0.132519
-0.118275
-0.112003
-0.11671
-0.126463
-0.134719
-0.133952
-0.123031
-0.114468
-0.110697
-0.110014
-0.115365
-0.122129
-0.12144
-0.110945
-0.0996691
-0.0913532
-0.0850026
-0.085869
-0.096757
-0.111907
-0.123872
-0.131609
-0.134784
-0.130848
-0.119916
-0.10848
-0.100058
-0.092576
-0.0874453
-0.0857289
-0.0847558
-0.080374
-0.0755775
-0.0735625
-0.0692052
-0.0620682
-0.0533744
-0.0414574
-0.0291647
-0.0200475
-0.0136429
-0.00969863
-0.00832566
-0.00480435
0.00355699
0.0118882
0.0164323
0.0168976
0.0144925
0.011676
0.0102743
0.0104453
0.0121425
0.0155792
0.0183716
0.0192731
0.0198387
0.0204776
0.0196339
0.0168829
0.0168782
0.022892
0.030399
0.0322981
0.0299022
0.0339809
0.0465
0.0579421
0.0668925
0.0769171
0.0801034
0.0699821
0.0605263
0.0633196
0.067782
0.0674325
0.0675414
0.0687878
0.0703099
0.0713004
0.0730023
0.0780789
0.0837329
0.0913206
0.100966
0.104225
0.0997665
0.0936053
0.0904753
0.090938
0.0909427
0.0862792
0.0777824
0.0714403
0.0704673
0.0704769
0.0664662
0.0593291
0.0527165
0.0487751
0.0470925
0.0456503
0.0424059
0.0390339
0.0384446
0.0392208
0.0411149
0.046691
0.0523299
0.0511803
0.0430236
0.0302828
0.0175481
0.0110352
0.0112248
0.0151046
0.0197374
0.0204311
0.0154258
0.0102106
0.00969288
0.0143494
0.0216828
0.0320703
0.0441979
0.0507296
0.0511663
0.0488426
0.0497018
0.0597314
0.0731135
0.0809687
0.0828558
0.0823335
0.078568
0.0735386
0.0755205
0.0819979
0.0824658
0.0785867
0.0753555
0.0696716
0.0631968
0.0628797
0.0668313
0.0682032
0.0658839
0.0614322
0.0579023
0.0582752
0.0634573
0.0702302
0.0704467
0.0632709
0.0538462
0.0471186
0.0483563
0.0553939
0.0616707
0.0607302
0.0506244
0.0436374
0.0466797
0.0508248
0.052111
0.0537436
0.058354
0.061291
0.0600117
0.0582066
0.0518242
0.0423358
0.0368271
0.0359997
0.0351038
0.028363
0.0191619
0.0119506
0.00938867
0.0144438
0.0221778
0.0249024
0.0210138
0.0176196
0.0171516
0.0088308
-0.00712406
-0.0168275
-0.0130921
0.000513228
0.0127458
0.0186531
0.0207241
0.0190586
0.016406
0.0173994
0.0182915
0.013135
0.00430684
-0.00327323
-0.00621673
-0.00321781
0.00629324
0.0180526
0.0282777
0.0379623
0.0467791
0.0550454
0.0599529
0.0620208
0.0599232
0.0511764
0.0385198
0.022173
0.00332697
-0.0178624
-0.0317633
-0.0312738
-0.0261709
-0.022554
-0.0235565
-0.0333583
-0.0482373
-0.0594652
-0.0674164
-0.0759249
-0.0830274
-0.0855687
-0.0787238
-0.064019
-0.0476615
-0.0259015
0.00253052
0.0259458
0.0372929
0.0337439
0.0116904
-0.0239204
-0.0598083
-0.0811466
-0.0840741
-0.0730596
-0.0517815
-0.0242013
0.00317545
0.0192835
0.0189336
0.00505348
-0.0125768
-0.0190694
-0.0107653
0.00429937
0.0152612
0.0174568
0.0152443
0.0120463
0.0101133
0.0122738
0.0186904
0.0257285
0.0298215
0.0321761
0.0353227
0.0397774
0.0430138
0.0373792
0.0248952
0.0227684
0.0333332
0.0400973
0.0333401
0.017541
0.00241644
-0.00836832
-0.016886
-0.0255881
-0.0353519
-0.0470991
-0.0561518
-0.0530812
-0.0430199
-0.0368529
-0.0324334
-0.0265542
-0.0251532
-0.0348612
-0.0534142
-0.0731818
-0.0906124
-0.104641
-0.113652
-0.116456
-0.110029
-0.0948913
-0.0794439
-0.0728211
-0.0765492
-0.0828132
-0.0827238
-0.0751711
-0.0689363
-0.0714219
-0.0816485
-0.0963309
-0.107246
-0.10726
-0.10074
-0.0976425
-0.0994629
-0.0973117
-0.0871824
-0.0716735
-0.0578513
-0.0539339
-0.0601546
-0.0732718
-0.0870448
-0.0957093
-0.101519
-0.107478
-0.113741
-0.119611
-0.125151
-0.132272
-0.140212
-0.145799
-0.147825
-0.144316
-0.135215
-0.126777
-0.119475
-0.109397
-0.100128
-0.0954131
-0.0944544
-0.0955641
-0.102154
-0.117224
-0.133096
-0.141061
-0.139047
-0.128683
-0.111637
-0.0921924
-0.0761529
-0.0615883
-0.047764
-0.0424323
-0.0453126
-0.045223
-0.0373304
-0.0255781
-0.0142986
-0.00461294
0.00385402
0.00830678
0.00901426
0.00957287
0.00663372
0.0013076
0.000735439
0.00273406
0.00470342
0.00637016
0.00348786
-0.00407516
-0.0132673
-0.0216132
-0.0244064
-0.0170541
-0.0050951
-0.00108375
-0.00804084
-0.0238699
-0.042035
-0.0497512
-0.0435411
-0.0298047
-0.0162375
-0.00715197
-0.00741407
-0.018228
-0.0273114
-0.0260201
-0.0188297
-0.0132288
-0.0117477
-0.0117081
-0.0126567
-0.0106684
0.00244875
0.0217794
0.0317802
0.0267043
0.0134768
0.000424064
-0.00623204
-0.00342328
0.00274638
0.00193866
-0.00859607
-0.0233671
-0.033784
-0.0355346
-0.0313488
-0.0265375
-0.025545
-0.0291348
-0.0352368
-0.038275
-0.0347818
-0.028812
-0.0242748
-0.023388
-0.0258885
-0.0309923
-0.0388089
-0.0435944
-0.0396525
-0.0293961
-0.0157674
0.00188153
0.0189979
0.028142
0.0278918
0.0234666
0.021474
0.0250721
0.0341577
0.045324
0.0568326
0.0680797
0.0778964
0.0873407
0.0949392
0.0988567
0.100165
0.102619
0.108848
0.114036
0.114029
0.111526
0.108338
0.103449
0.098504
0.0962952
0.0989715
0.107285
0.118728
0.130144
0.138773
0.143038
0.144418
0.146328
0.148965
0.15066
0.153266
0.15751
0.159703
0.15845
0.157126
0.156788
0.157099
0.159208
0.162671
0.166373
0.168823
0.168369
0.165851
0.163492
0.161514
0.158197
0.152407
0.147688
0.145508
0.141736
0.136662
0.131946
0.128622
0.128993
0.132638
0.136535
0.138354
0.140015
0.1435
0.145151
0.141575
0.136841
0.135239
0.137354
0.142042
0.146953
0.154275
0.162261
0.164727
0.161888
0.154159
0.142712
0.130107
0.117064
0.106376
0.0995625
0.0947873
0.0920043
0.0941599
0.0992293
0.0967526
0.0833406
0.0686593
0.059741
0.0578433
0.0611261
0.0661984
0.0736365
0.0828494
0.0900503
0.093453
0.0930036
0.0880791
0.0793975
0.0686749
0.0607926
0.0567916
0.0509249
0.0490725
0.0507519
0.0435147
0.0335832
0.033522
0.0366248
0.0337752
0.0352311
0.0417666
0.0426123
0.041836
0.0396279
0.033434
0.0303222
0.0311583
0.0288186
0.0234934
0.0197214
0.0168907
0.0143203
0.0128871
0.0133772
0.0157687
0.0190844
0.0192966
0.0130047
0.00171312
-0.00953192
-0.0152913
-0.0161148
-0.0130422
-0.00885718
-0.00795121
-0.00914577
-0.0113361
-0.0166028
-0.0250907
-0.0309129
-0.0335146
-0.0378667
-0.0451331
-0.0552573
-0.0628897
-0.0644155
-0.0685865
-0.0794469
-0.0779666
-0.0580231
-0.0533696
-0.074763
-0.0956909
-0.114397
-0.129977
-0.113663
-0.070617
-0.0421343
-0.0481195
-0.0745559
-0.0942222
-0.0998004
-0.0947688
-0.0820632
-0.0755329
-0.073737
-0.0626208
-0.0466254
-0.0523524
-0.0860484
-0.11498
-0.114487
-0.0900939
-0.0767965
-0.0895555
-0.10358
-0.110355
-0.118939
-0.123055
-0.115281
-0.120481
-0.142368
-0.150724
-0.142168
-0.124885
-0.109097
-0.108805
-0.120039
-0.126261
-0.125175
-0.114574
-0.0937704
-0.0920261
-0.106468
-0.106957
-0.110475
-0.119013
-0.0914926
-0.0533324
-0.0521148
-0.0639278
-0.0791448
-0.103183
-0.115116
-0.0966349
-0.0607022
-0.0454265
-0.0481523
-0.0562362
-0.0755009
-0.0910946
-0.0852716
-0.0718644
-0.0630961
-0.0477756
-0.0398193
-0.0536528
-0.072707
-0.0801667
-0.077803
-0.0671552
-0.0536496
-0.0556958
-0.0686617
-0.0776136
-0.0700156
-0.0524064
-0.0482396
-0.0590464
-0.077743
-0.09625
-0.103336
-0.0991144
-0.100574
-0.107808
-0.102338
-0.0804835
-0.0608932
-0.0663311
-0.0834202
-0.0941501
-0.0956215
-0.0839128
-0.0719222
-0.0681261
-0.0663087
-0.0618236
-0.0608143
-0.0690028
-0.0784472
-0.0885202
-0.0973127
-0.0930985
-0.0775395
-0.0636433
-0.0563983
-0.053399
-0.0595201
-0.0762509
-0.0924427
-0.0972332
-0.0944949
-0.0986101
-0.108763
-0.115521
-0.117516
-0.118538
-0.119291
-0.114903
-0.106987
-0.0990497
-0.0912696
-0.082754
-0.0788748
-0.0813265
-0.076573
-0.0692314
-0.0745989
-0.0938233
-0.118625
-0.1287
-0.112422
-0.0872065
-0.0726826
-0.0672718
-0.064458
-0.0545871
-0.0352855
-0.0209912
-0.0219436
-0.0350025
-0.0423472
-0.0367627
-0.0282402
-0.0230285
-0.023688
-0.0232705
-0.0103787
0.00364551
-0.00768757
-0.0347251
-0.0463595
-0.0392623
-0.0197365
-0.00379181
-0.00852602
-0.016808
-0.00985437
0.00415886
0.00793926
0.00160609
-0.000421968
0.00693565
0.0161171
0.0139305
0.00695316
0.0100164
0.0167514
0.0127668
-0.00471424
-0.0150293
-0.00122327
0.0181169
0.0200884
0.0113151
0.00298079
-0.00468982
-0.00866604
-0.00791045
-0.00331592
0.00584589
0.0158081
0.0178673
0.00984771
0.00224417
0.00486341
0.0189164
0.0364095
0.0485014
0.056411
0.0572106
0.0439608
0.0273423
0.0253482
0.0382347
0.0525195
0.0611024
0.0659969
0.0703668
0.0719918
0.0645539
0.049858
0.0349475
0.0240262
0.0213345
0.0259524
0.0298139
0.0303839
0.0318063
0.0352568
0.0374272
0.0363046
0.0401111
0.0543163
0.0657792
0.0621345
0.0454538
0.0306847
0.0326158
0.0381903
0.0273006
0.0099831
0.00769904
0.0265362
0.0556656
0.0792247
0.0910967
0.0900622
0.0720081
0.0349267
-0.0119957
-0.0352112
-0.00647701
0.0550475
0.102526
0.10432
0.0719536
0.0390364
0.0212993
0.00880902
-0.0140637
-0.0379362
-0.0391908
-0.0108813
0.0213729
0.0350446
0.0378302
0.036118
0.0368145
0.0409072
0.039331
0.0301715
0.0168347
0.00867062
0.011627
0.0238444
0.0344498
0.03766
0.038266
0.0351177
0.0353957
0.0490116
0.0674633
0.0775198
0.0775085
0.0746525
0.0671096
0.0485128
0.0301789
0.0305785
0.0564123
0.0959056
0.124042
0.129569
0.125596
0.121809
0.109514
0.0863092
0.0653539
0.0623949
0.0831187
0.110028
0.124211
0.125903
0.121093
0.11154
0.0960985
0.079205
0.0675895
0.0668774
0.0794788
0.0976275
0.113696
0.125307
0.133662
0.141312
0.147561
0.153763
0.158811
0.157904
0.153906
0.149555
0.142675
0.133285
0.128057
0.138043
0.163406
0.190479
0.203143
0.194457
0.169838
0.145749
0.135398
0.135212
0.140837
0.152758
0.172887
0.198346
0.217495
0.221105
0.209489
0.194727
0.185517
0.177707
0.166705
0.154533
0.147524
0.150843
0.163139
0.178753
0.191956
0.19734
0.196762
0.195794
0.192206
0.179416
0.155786
0.131662
0.123713
0.139638
0.171861
0.201894
0.210539
0.190168
0.151747
0.115959
0.0961882
0.0906077
0.090175
0.0903863
0.088938
0.0833865
0.0761829
0.0723428
0.0716378
0.0725536
0.0763
0.080398
0.0809032
0.0771947
0.0710762
0.0591278
0.0362238
0.00874148
-0.0109211
-0.0162963
-0.0113279
0.000339325
0.0188819
0.0344885
0.0340668
0.0185348
-0.000380852
-0.0137531
-0.0193566
-0.0209116
-0.0253159
-0.0335077
-0.0393899
-0.0403557
-0.0374624
-0.0279797
-0.0147925
-0.00985783
-0.0170751
-0.031055
-0.0477411
-0.0629523
-0.0718808
-0.0725295
-0.0690692
-0.0682133
-0.0682664
-0.0659437
-0.0626932
-0.0585305
-0.0530551
-0.0478824
-0.0465556
-0.0501802
-0.059477
-0.0745971
-0.0894421
-0.0975218
-0.0980759
-0.0988465
-0.104416
-0.111302
-0.118992
-0.127142
-0.135321
-0.143795
-0.149799
-0.151036
-0.149004
-0.14799
-0.152134
-0.158624
-0.159227
-0.153527
-0.148714
-0.15112
-0.159232
-0.167133
-0.17302
-0.17489
-0.172759
-0.168951
-0.162753
-0.156676
-0.157541
-0.165683
-0.175505
-0.186206
-0.197773
-0.207004
-0.212382
-0.214285
-0.215125
-0.218579
-0.225192
-0.233581
-0.242887
-0.24929
-0.249708
-0.246597
-0.243167
-0.240484
-0.23965
-0.241677
-0.243889
-0.240594
-0.231997
-0.225875
-0.22552
-0.225621
-0.222281
-0.217139
-0.212273
-0.211026
-0.213144
-0.211813
-0.204338
-0.192939
-0.18025
-0.17076
-0.169641
-0.175365
-0.181478
-0.184057
-0.181193
-0.171296
-0.155966
-0.14153
-0.131651
-0.126781
-0.126586
-0.125652
-0.118013
-0.10409
-0.0883215
-0.0763711
-0.0726436
-0.0758761
-0.0819744
-0.0864796
-0.0854002
-0.0777956
-0.0661817
-0.056971
-0.0538009
-0.0549951
-0.0583394
-0.0590379
-0.0528104
-0.0412947
-0.02994
-0.0204919
-0.00930371
0.00463122
0.0205327
0.0325742
0.0326727
0.0235891
0.0141859
0.0141796
0.0278459
0.0491971
0.0685774
0.0832775
0.0871513
0.0696189
0.0597773
0.0776609
0.0804321
0.0624071
0.0617437
0.0693264
0.0648946
0.075195
0.105399
0.106506
0.0876449
0.0926245
0.0986781
0.0870704
0.0839233
0.0941508
0.105761
0.120094
0.131857
0.123326
0.0958721
0.087537
0.0964287
0.090324
0.0809047
0.0832109
0.0906243
0.0849018
0.0702154
0.0628939
0.062288
0.0618249
0.0537897
0.0506887
0.0621954
0.0733801
0.0758995
0.0761041
0.0727648
0.0690861
0.0708067
0.0767591
0.0867184
0.0902594
0.0849329
0.0742997
0.0714181
0.0853434
0.0948476
0.0924242
0.0867555
0.0786367
0.0683375
0.0582156
0.0528098
0.0536636
0.059447
0.0671964
0.06949
0.0653837
0.0560372
0.0502075
0.0565522
0.0610486
0.0625309
0.0651661
0.0622794
0.0629842
0.0704562
0.076059
0.0755124
0.0685634
0.0620497
0.0547995
0.0516902
0.0643108
0.0808529
0.0897706
0.0845665
0.0656493
0.0436578
0.0240568
0.0132783
0.0116558
0.0162871
0.0220439
0.0290205
0.0365122
0.0344565
0.0280506
0.022553
0.0165434
0.0128163
0.0142051
0.0158101
0.0115345
0.0115624
0.0207548
0.0312476
0.0348939
0.0232974
0.00394516
-0.00811911
-0.0097291
0.00359413
0.0287822
0.0442143
0.040369
0.0314232
0.0275316
0.0291783
0.0331552
0.0351933
0.0416184
0.0524217
0.0584523
0.0529889
0.0346774
0.014939
0.000566842
-0.00907165
-0.01097
-0.00138337
0.0134288
0.0160995
0.00750503
0.00544951
0.013154
0.0173476
0.011128
-0.000877115
-0.0168975
-0.0320204
-0.0372196
-0.0315844
-0.0256595
-0.0238835
-0.0168928
-0.0116731
-0.0289752
-0.0561166
-0.0584769
-0.0440688
-0.0355139
-0.0320323
-0.0286604
-0.0186721
-0.00858288
-0.00638765
-0.0133673
-0.0252295
-0.0337858
-0.0402679
-0.0385766
-0.0246026
-0.00606813
0.00537546
0.00445227
-0.00283965
-0.0105368
-0.0134968
-0.0168945
-0.0279112
-0.0423353
-0.0514629
-0.0473031
-0.0352298
-0.0244741
-0.0181255
-0.0194546
-0.0319037
-0.0574075
-0.0824569
-0.0935804
-0.0978753
-0.0982518
-0.0843148
-0.0604592
-0.045555
-0.0450246
-0.0551519
-0.069026
-0.0777497
-0.0788669
-0.0771255
-0.0772733
-0.0729782
-0.0627857
-0.0544196
-0.0508145
-0.0519705
-0.0549016
-0.0579045
-0.0654982
-0.0791017
-0.0885602
-0.0832357
-0.0673588
-0.0567176
-0.0543128
-0.0508416
-0.0442678
-0.0316784
-0.0156806
-0.0103297
-0.0184022
-0.0278035
-0.0327032
-0.0341812
-0.0246852
-0.00400046
0.0110543
0.0116773
0.00178598
-0.0145624
-0.026599
-0.0221785
-0.006701
0.00621504
0.0114851
0.00429549
-0.0176193
-0.0430011
-0.0621791
-0.0644739
-0.0390415
-0.00280472
0.0132844
0.00745227
-0.00431741
-0.0157018
-0.0142945
-0.00360397
-0.00457375
-0.00685152
0.0111937
0.0396364
0.0517867
0.0474818
0.0497537
0.0602654
0.0606425
0.0514071
0.0439292
0.0438149
0.0525003
0.0613886
0.0631309
0.0596706
0.0618163
0.0684483
0.0743052
0.0826412
0.080795
0.0643041
0.0478238
0.0454463
0.0520301
0.0551423
0.0651271
0.0760353
0.0684284
0.0573507
0.0620511
0.0780856
0.0941787
0.0959928
0.0802634
0.0602601
0.0487896
0.055101
0.0794327
0.104706
0.10556
0.0852856
0.0695845
0.0676845
0.0792979
0.0942827
0.0974985
0.0819966
0.0472279
0.00693183
-0.0291594
-0.0579036
-0.0676066
-0.06101
-0.0504196
-0.0333338
-0.00313179
0.0358021
0.0644528
0.0678303
0.0531754
0.044304
0.0745829
0.145379
0.203738
0.190739
0.0883378
-0.0568112
-0.17456
-0.213081
-0.148087
-0.0200095
0.101556
0.170631
0.164482
0.0948637
0.0142148
-0.0155174
0.00728452
0.0256086
0.0121905
-0.0128346
-0.0364149
-0.0491201
-0.0220069
0.0533026
0.135429
0.170395
0.147222
0.0957163
0.0455926
0.00513335
-0.0258372
-0.0384935
-0.0281548
-0.000644773
0.0244472
0.0363363
0.0523531
0.0811674
0.11528
0.134932
0.123522
0.0990736
0.0838611
0.0768357
0.074211
0.0828322
0.107392
0.13819
0.15778
0.152652
0.124766
0.0935264
0.0755451
0.0713126
0.0725605
0.0720944
0.0731696
0.0794124
0.0800462
0.0645224
0.035588
0.00640252
-0.00908701
-0.00302257
0.0231513
0.0521413
0.0659257
0.0601175
0.0416923
0.0224723
0.0097822
0.00411771
-0.000150721
9.27117e-05
0.00814619
0.0136003
0.0136224
0.0129634
0.0143616
0.0223565
0.038803
0.054676
0.0588006
0.0506649
0.0387058
0.0294529
0.0227959
0.0177898
0.0144059
0.0177351
0.028319
0.0360291
0.0347149
0.0272035
0.0172535
0.00323842
-0.0114639
-0.0215657
-0.0288891
-0.0366262
-0.0446877
-0.0472188
-0.0426494
-0.0357963
-0.0297551
-0.0260369
-0.022317
-0.0150192
-0.00581614
0.00215842
0.00834978
0.0143032
0.0174478
0.0130212
0.00764319
0.00863958
0.016763
0.0301358
0.0365601
0.0265915
0.00794337
-0.0065949
-0.0131285
-0.0128037
-0.00903539
-0.00916617
-0.0180417
-0.0339531
-0.0474917
-0.0548326
-0.0596659
-0.0563639
-0.0399694
-0.0203505
-0.00991135
-0.0152543
-0.0378252
-0.0613529
-0.0655782
-0.0558193
-0.0510828
-0.0580938
-0.0667912
-0.0669944
-0.0630375
-0.0636586
-0.0682909
-0.0716638
-0.0670823
-0.0559733
-0.0548117
-0.0710567
-0.0935533
-0.1074
-0.106129
-0.0971213
-0.0934894
-0.10069
-0.111632
-0.117054
-0.116024
-0.111591
-0.104369
-0.0952122
-0.0891673
-0.0902737
-0.0980809
-0.110138
-0.12271
-0.131893
-0.135207
-0.13336
-0.122971
-0.100545
-0.0763523
-0.0637175
-0.0678732
-0.0832163
-0.0977388
-0.103769
-0.102979
-0.105995
-0.116671
-0.125755
-0.124436
-0.113665
-0.10053
-0.0866351
-0.0698246
-0.0506694
-0.0330028
-0.0214914
-0.0138832
-0.00883927
-0.0104582
-0.0188781
-0.0296189
-0.0321351
-0.0190422
0.00130789
0.0151064
0.0161923
0.00668938
-0.00863337
-0.0262097
-0.0420517
-0.051207
-0.0522935
-0.0509782
-0.0535096
-0.0603495
-0.0684359
-0.0726141
-0.0701656
-0.067098
-0.0744039
-0.0911751
-0.103174
-0.103516
-0.0919336
-0.0731278
-0.0601201
-0.0608235
-0.0710849
-0.0796937
-0.0827569
-0.0821035
-0.0782542
-0.0741389
-0.0703804
-0.0673405
-0.0672321
-0.0712984
-0.0802104
-0.0909794
-0.0990132
-0.104469
-0.108699
-0.11283
-0.117977
-0.123567
-0.13151
-0.138884
-0.136071
-0.120464
-0.101806
-0.0898062
-0.0829434
-0.0782141
-0.0777246
-0.0829217
-0.0906349
-0.0975273
-0.102565
-0.104749
-0.104958
-0.105383
-0.107347
-0.107679
-0.10504
-0.103588
-0.101248
-0.0936508
-0.0807535
-0.0649927
-0.0542926
-0.055054
-0.0633532
-0.069273
-0.0677916
-0.0624171
-0.0553107
-0.0457363
-0.0360962
-0.0282092
-0.0223021
-0.020091
-0.0206816
-0.0197678
-0.0166279
-0.0144483
-0.0149299
-0.0168349
-0.01841
-0.0202537
-0.023989
-0.0301098
-0.0379702
-0.044587
-0.0474442
-0.0462584
-0.0405633
-0.0329215
-0.0274674
-0.0245617
-0.0220123
-0.0169751
-0.00999676
-0.00461207
-0.00173827
-0.000689778
-0.000878137
-0.00261856
-0.00548613
-0.00638682
-0.00328949
0.0050889
0.0169985
0.0280058
0.0367395
0.043511
0.0478582
0.0478059
0.0462734
0.0448814
0.0400589
0.0364567
0.037246
0.0389639
0.0396916
0.0395995
0.0405469
0.0431189
0.0475338
0.0515526
0.0507676
0.0432422
0.0326819
0.0251382
0.0221933
0.0249828
0.0331132
0.0402986
0.0436081
0.0479867
0.0540307
0.0592421
0.0631755
0.0635238
0.061197
0.0610244
0.0673448
0.0779223
0.0903233
0.1047
0.112943
0.111438
0.109436
0.113033
0.118149
0.122157
0.126265
0.127511
0.127267
0.132911
0.1441
0.153601
0.157361
0.15791
0.156659
0.153097
0.150851
0.151067
0.15339
0.156026
0.158512
0.16757
0.180279
0.187592
0.188603
0.18389
0.174766
0.16644
0.16461
0.169952
0.178385
0.186969
0.195243
0.201326
0.205279
0.208517
0.210798
0.216717
0.227255
0.232559
0.225279
0.212079
0.201134
0.191411
0.186085
0.188125
0.195195
0.206076
0.216566
0.221466
0.218344
0.212142
0.208423
0.202615
0.192359
0.18263
0.17591
0.171216
0.166122
0.158923
0.151245
0.144191
0.139956
0.140112
0.140634
0.13981
0.136983
0.130557
0.12425
0.121243
0.118969
0.116938
0.114595
0.10862
0.101402
0.094576
0.0890827
0.0861336
0.0836433
0.0836107
0.0882116
0.0960956
0.10281
0.103852
0.0978769
0.0865223
0.0734467
0.0626178
0.0555378
0.0484817
0.0403571
0.0330395
0.0275403
0.0226111
0.0171965
0.0127874
0.0101543
0.0104244
0.0115284
0.0102092
0.00759436
0.0069813
0.00676194
0.00256701
-0.00320056
-0.00590332
-0.00917233
-0.0156844
-0.0190047
-0.0195563
-0.0212126
-0.0245196
-0.0292368
-0.0334054
-0.0383902
-0.043308
-0.0485218
-0.0560338
-0.0643159
-0.0716605
-0.0742099
-0.0730338
-0.0710078
-0.0685227
-0.0666647
-0.0644469
-0.0644997
-0.0661319
-0.0647839
-0.0628886
-0.0641287
-0.0687044
-0.075734
-0.0834284
-0.0879337
-0.0923505
-0.0989253
-0.101971
-0.100076
-0.0943079
-0.0896465
-0.0898966
-0.0931098
-0.101027
-0.114206
-0.126634
-0.130845
-0.124886
-0.115099
-0.109092
-0.111367
-0.119808
-0.125512
-0.124981
-0.121906
-0.119487
-0.119009
-0.124322
-0.134768
-0.142672
-0.144197
-0.139162
-0.131773
-0.126846
-0.127147
-0.132221
-0.137503
-0.138294
-0.132647
-0.124659
-0.117654
-0.115069
-0.118402
-0.124061
-0.129344
-0.1318
-0.130077
-0.12583
-0.125873
-0.132354
-0.141107
-0.150171
-0.155256
-0.154387
-0.151135
-0.148677
-0.147277
-0.147883
-0.151836
-0.153525
-0.150104
-0.14573
-0.143717
-0.146325
-0.151602
-0.155813
-0.157808
-0.158659
-0.158665
-0.158081
-0.159376
-0.16121
-0.161429
-0.161023
-0.160376
-0.157898
-0.152544
-0.146589
-0.142014
-0.139579
-0.139757
-0.140545
-0.13896
-0.136413
-0.136466
-0.138216
-0.141594
-0.145285
-0.14296
-0.135319
-0.126901
-0.119725
-0.114777
-0.110052
-0.107926
-0.110851
-0.114506
-0.115103
-0.112433
-0.107854
-0.100482
-0.0926401
-0.0876269
-0.0827593
-0.0747501
-0.064842
-0.0572964
-0.0498418
-0.0453389
-0.0483199
-0.0493827
-0.0483413
-0.0494981
-0.0458153
-0.0342859
-0.0220631
-0.0141517
-0.00663171
-0.000121802
0.00367832
0.00771637
0.0108131
0.0122685
0.0140455
0.0185599
0.0238829
0.0263249
0.0273858
0.0291483
0.0318164
0.0345817
0.0390468
0.0458573
0.0531257
0.0594459
0.0613536
0.0585819
0.0531782
0.0471164
0.0477382
0.0551077
0.058574
0.0548576
0.0487438
0.0449384
0.0447089
0.0462037
0.0474012
0.0460592
0.0387934
0.0299316
0.0291644
0.0350695
0.044438
0.0552872
0.0612238
0.0600295
0.0540987
0.0485732
0.04986
0.0585252
0.0679312
0.0733257
0.0738621
0.0704035
0.0677212
0.0730222
0.0821084
0.0840924
0.0796967
0.0725726
0.0671019
0.065447
0.0663551
0.0704769
0.0725843
0.0667685
0.0576353
0.055161
0.0546663
0.0496863
0.0463186
0.0481307
0.0490249
0.0456871
0.0534871
0.0671316
0.0685043
0.0678931
0.0713514
0.0729143
0.068429
0.0650621
0.0697845
0.071113
0.0687374
0.0711365
0.0729483
0.0726234
0.0768493
0.0842202
0.0913578
0.0981911
0.100563
0.0991697
0.0992798
0.0989675
0.0963121
0.0980044
0.105215
0.10896
0.111344
0.115997
0.117199
0.115698
0.114367
0.112858
0.112229
0.114882
0.120625
0.127328
0.13507
0.142462
0.145027
0.145405
0.147244
0.145015
0.142114
0.144513
0.147874
0.148186
0.146227
0.145749
0.142577
0.135964
0.133374
0.13296
0.13248
0.132593
0.131577
0.128186
0.1225
0.115996
0.108801
0.104181
0.103389
0.0985574
0.0888567
0.0850304
0.0880843
0.0878277
0.083937
0.0828125
0.0834762
0.0809171
0.0783854
0.0782092
0.0756372
0.0737667
0.0733443
0.0713935
0.067663
0.0611504
0.0551561
0.0534627
0.0558804
0.0594338
0.0615532
0.0590942
0.0525237
0.0490897
0.0516602
0.0553154
0.0556671
0.0554249
0.057625
0.058684
0.0561364
0.0551326
0.0595729
0.0648992
0.0671041
0.0650159
0.0619177
0.0613553
0.0586151
0.0566743
0.057664
0.0579909
0.0616623
0.0648485
0.0612568
0.0572901
0.0600333
0.0613155
0.055666
0.0498909
0.0433489
0.0339327
0.0230624
0.0161016
0.0146535
0.0144747
0.0170687
0.0192291
0.0172439
0.0138847
0.00967961
0.00241071
-0.00876084
-0.0196375
-0.02545
-0.0297298
-0.0361121
-0.0413941
-0.0442058
-0.0459918
-0.0477513
-0.0442329
-0.0374042
-0.0368772
-0.0399247
-0.043157
-0.0477139
-0.0576472
-0.0694507
-0.0711362
-0.0652013
-0.0615045
-0.0616494
-0.0625237
-0.0649927
-0.0711705
-0.0803197
-0.0871158
-0.0895255
-0.0912156
-0.0901406
-0.0854127
-0.0793139
-0.0773345
-0.0830998
-0.0913681
-0.0984224
-0.104739
-0.110162
-0.114757
-0.120769
-0.124916
-0.123591
-0.119746
-0.114598
-0.10647
-0.0986116
-0.0988899
-0.105666
-0.11255
-0.118189
-0.122978
-0.126659
-0.128487
-0.129746
-0.131314
-0.13339
-0.134217
-0.133072
-0.1312
-0.128719
-0.129203
-0.13295
-0.138458
-0.146806
-0.154009
-0.156251
-0.154732
-0.15235
-0.151044
-0.151332
-0.151586
-0.150778
-0.150647
-0.150393
-0.148738
-0.145424
-0.142207
-0.142116
-0.144625
-0.149772
-0.154676
-0.155912
-0.156455
-0.157063
-0.155836
-0.154275
-0.152367
-0.149094
-0.148824
-0.151096
-0.152501
-0.154386
-0.154513
-0.150735
-0.145095
-0.14105
-0.139973
-0.141269
-0.142984
-0.142683
-0.141729
-0.139681
-0.13688
-0.135846
-0.136142
-0.137299
-0.136087
-0.129916
-0.122117
-0.118261
-0.121065
-0.12366
-0.120291
-0.115289
-0.109964
-0.104264
-0.100255
-0.0959906
-0.0895035
-0.0827704
-0.0801241
-0.081227
-0.0816649
-0.0801828
-0.0778426
-0.0759635
-0.074451
-0.0707336
-0.0648666
-0.0600618
-0.0575793
-0.0576732
-0.0614765
-0.0669234
-0.0678034
-0.0635921
-0.0555302
-0.0399004
-0.0199197
-0.00543633
-0.00189724
-0.00623915
-0.0133368
-0.0194653
-0.0192979
-0.0132427
-0.00383413
0.00789964
0.0163508
0.0187277
0.0176556
0.017935
0.0211799
0.0280612
0.0417391
0.0560739
0.0648594
0.0691953
0.0715729
0.0759487
0.0795381
0.0786178
0.0766804
0.0767413
0.0798
0.0879588
0.101837
0.11563
0.121799
0.122378
0.124702
0.127261
0.126749
0.127915
0.130436
0.13316
0.137433
0.137214
0.135331
0.138509
0.143962
0.148902
0.153003
0.157212
0.161477
0.163299
0.160411
0.157049
0.157593
0.161334
0.16519
0.165035
0.162874
0.160855
0.159951
0.162564
0.166864
0.167946
0.163859
0.15878
0.155903
0.15836
0.165957
0.17263
0.177075
0.179585
0.178694
0.173865
0.167856
0.163724
0.161143
0.161415
0.162888
0.161055
0.159339
0.159391
0.158525
0.157674
0.155992
0.15187
0.14491
0.142539
0.144761
0.140687
0.13803
0.141687
0.143659
0.144545
0.147748
0.15018
0.147647
0.144674
0.141644
0.136462
0.133908
0.13293
0.134012
0.139521
0.1438
0.141672
0.13525
0.129791
0.124536
0.120274
0.120437
0.118489
0.110874
0.106258
0.1083
0.110077
0.107229
0.100745
0.0959267
0.0972501
0.098288
0.0937414
0.0887794
0.0866056
0.0840001
0.0794538
0.0751518
0.0728115
0.0706534
0.0679371
0.0632252
0.0544266
0.0471217
0.0425861
0.0359667
0.0282627
0.0237445
0.0222817
0.0227668
0.023095
0.019485
0.0122928
9.52554e-05
-0.0139182
-0.0242693
-0.0290989
-0.0279949
-0.0239388
-0.0180031
-0.0133607
-0.011702
-0.0118966
-0.0170423
-0.030314
-0.0457903
-0.0533911
-0.0523321
-0.0469993
-0.0430313
-0.0471275
-0.0561758
-0.0577412
-0.0499474
-0.0439359
-0.0456273
-0.0516144
-0.0611586
-0.0697315
-0.068962
-0.0669092
-0.0709364
-0.0727196
-0.0710445
-0.0732502
-0.0786371
-0.0826383
-0.0840207
-0.0847161
-0.0849772
-0.0865669
-0.0923854
-0.0974681
-0.0999752
-0.10125
-0.101191
-0.101152
-0.105215
-0.11088
-0.109762
-0.108588
-0.109753
-0.110095
-0.113181
-0.11238
-0.109162
-0.112835
-0.1146
-0.108501
-0.106067
-0.110476
-0.113298
-0.114097
-0.112675
-0.102464
-0.0883239
-0.0847879
-0.0949458
-0.107209
-0.112528
-0.109981
-0.102695
-0.0994067
-0.100492
-0.0974959
-0.0904104
-0.0855806
-0.0870996
-0.09307
-0.0999314
-0.103613
-0.0996801
-0.0920666
-0.0910799
-0.095676
-0.0934031
-0.0857308
-0.0793649
-0.0744589
-0.0781347
-0.0916058
-0.102547
-0.101349
-0.0915101
-0.0809274
-0.0726782
-0.067927
-0.0684447
-0.0757506
-0.0859672
-0.0928017
-0.0918813
-0.0817788
-0.0693965
-0.0654047
-0.0690037
-0.0708629
-0.0688443
-0.0660808
-0.0643589
-0.0670854
-0.0734147
-0.0748625
-0.0690449
-0.0605596
-0.0531936
-0.04964
-0.0526226
-0.0588415
-0.0614918
-0.0597907
-0.0549071
-0.0501027
-0.0490659
-0.0546836
-0.0647207
-0.0705341
-0.0677973
-0.0565423
-0.0439435
-0.041264
-0.0495776
-0.0599314
-0.0644649
-0.0621429
-0.0556734
-0.0483978
-0.0469787
-0.0532958
-0.0596833
-0.0584231
-0.047808
-0.0357211
-0.0298378
-0.0323799
-0.0422947
-0.0543933
-0.0620054
-0.0607607
-0.0517899
-0.042498
-0.0425567
-0.0496332
-0.0530148
-0.0493074
-0.0421308
-0.0339706
-0.0311189
-0.0370174
-0.0416925
-0.0400546
-0.0346531
-0.0315701
-0.0326043
-0.0342602
-0.0360522
-0.0364487
-0.0386083
-0.0417839
-0.0405894
-0.0369726
-0.0313327
-0.0217056
-0.0127524
-0.0117495
-0.0206105
-0.0311634
-0.032652
-0.0256449
-0.0166595
-0.012109
-0.0121122
-0.0119177
-0.00966264
-0.00314116
0.00375323
0.00626632
0.00682145
0.00702461
0.00704978
0.00803715
0.00791579
0.00383564
0.000809734
0.00279087
0.00541415
0.00678192
0.00869596
0.0115311
0.0135332
0.0116933
0.00782791
0.00659032
0.00878359
0.0134489
0.0212612
0.0295796
0.032581
0.0296155
0.0234356
0.019526
0.0178827
0.0142905
0.01197
0.0131649
0.0181699
0.0272219
0.0396892
0.0542192
0.0687473
0.0848512
0.101544
0.110718
0.111674
0.108173
0.0936197
0.0629477
0.0216255
-0.0123306
-0.0167347
0.0184653
0.0770185
0.122815
0.139401
0.133908
0.116188
0.0930101
0.0679508
0.0477253
0.0389263
0.0418574
0.0555855
0.0716587
0.0784021
0.0802717
0.0842296
0.0899019
0.094324
0.0937553
0.0862707
0.0717474
0.0593365
0.0583692
0.0662455
0.0743591
0.0774093
0.0765178
0.0753909
0.0786073
0.0857475
0.0900562
0.0849615
0.0715036
0.0601496
0.0570656
0.0620027
0.0746251
0.0874321
0.0887073
0.0800021
0.0731968
0.0733591
0.0794109
0.0845325
0.0821793
0.0740204
0.0652789
0.0617052
0.0637244
0.0680404
0.0701896
0.0696108
0.0698063
0.0717689
0.0749242
0.0727369
0.0645785
0.0600575
0.0613471
0.0629433
0.0604103
0.0552777
0.0555027
0.0669784
0.0844343
0.0969344
0.0998466
0.0957794
0.0873635
0.0764352
0.0642559
0.0516319
0.0463663
0.0560023
0.0752233
0.0930486
0.102878
0.102851
0.0936356
0.0800464
0.0691513
0.0617177
0.0562061
0.0528317
0.0507429
0.0528457
0.0608104
0.0730554
0.085835
0.0910393
0.0866491
0.0774136
0.0689496
0.0629188
0.0579828
0.0562075
0.0577682
0.0620841
0.0657963
0.0623403
0.0530222
0.0441576
0.0400282
0.0402117
0.0437022
0.0500124
0.0558464
0.0571323
0.0516464
0.0428144
0.0338929
0.0255122
0.0186126
0.0133496
0.012252
0.0173498
0.0245418
0.0248825
0.0165392
0.00892671
0.00619347
0.00390862
-0.00145411
-0.00949225
-0.0171162
-0.0224744
-0.0229008
-0.0175652
-0.0113614
-0.00889899
-0.0121158
-0.0196708
-0.028837
-0.0342601
-0.0322382
-0.0308561
-0.0383318
-0.0530885
-0.0661759
-0.069927
-0.0679214
-0.0629395
-0.057104
-0.0581599
-0.0646556
-0.0718591
-0.0789611
-0.0832202
-0.0835212
-0.0817141
-0.0819129
-0.0857641
-0.091473
-0.0978779
-0.103405
-0.106462
-0.106282
-0.103418
-0.100922
-0.100512
-0.0991668
-0.0946047
-0.0897377
-0.0912289
-0.101994
-0.116314
-0.124442
-0.120954
-0.111972
-0.106118
-0.104231
-0.103102
-0.103412
-0.108473
-0.115538
-0.122241
-0.127545
-0.126958
-0.121332
-0.116684
-0.116607
-0.119273
-0.120115
-0.12086
-0.123735
-0.122321
-0.119117
-0.121593
-0.123473
-0.122738
-0.12518
-0.129541
-0.131436
-0.131065
-0.132716
-0.137141
-0.1394
-0.136378
-0.131426
-0.127749
-0.125427
-0.124559
-0.124537
-0.124956
-0.126327
-0.126889
-0.124134
-0.118809
-0.111113
-0.102428
-0.0960124
-0.0937268
-0.0958562
-0.0983108
-0.0980635
-0.0960017
-0.0919449
-0.0870315
-0.0852431
-0.0860944
-0.0864068
-0.0834224
-0.0772023
-0.0730652
-0.0698093
-0.0644604
-0.0595704
-0.0567966
-0.0551244
-0.051845
-0.0472412
-0.0426669
-0.0388601
-0.0383206
-0.0395086
-0.0377182
-0.0322597
-0.0218353
-0.00979732
-0.00470305
-0.00537656
-0.00525344
-0.00215008
0.00135691
0.00750025
0.0167775
0.0215827
0.0219841
0.0224326
0.0255008
0.030307
0.0356776
0.041928
0.0450835
0.0464009
0.0507359
0.0569459
0.0593869
0.0552016
0.0484964
0.0431644
0.0420771
0.046632
0.0530725
0.05956
0.0664169
0.0720141
0.0779612
0.0836744
0.0834339
0.077445
0.072579
0.0717013
0.0736339
0.0798008
0.0845259
0.0821414
0.0801341
0.0803933
0.0785703
0.0770156
0.0794376
0.0813057
0.0819468
0.0862442
0.090761
0.0897125
0.0849884
0.0803065
0.077339
0.0780947
0.0819406
0.086717
0.0913939
0.0941751
0.0941427
0.093795
0.0927914
0.0879652
0.0818364
0.0777027
0.0755418
0.0729889
0.0703622
0.0697337
0.0714725
0.0778376
0.0862704
0.0910194
0.0869912
0.0751369
0.0627528
0.0533605
0.0508726
0.0555711
0.0628787
0.0704538
0.0789882
0.0884127
0.0926128
0.0877791
0.0777363
0.0677406
0.0597737
0.0558547
0.0578535
0.064866
0.074622
0.082451
0.0848735
0.0799675
0.0694081
0.060856
0.0578413
0.0570447
0.0585785
0.063896
0.0672241
0.0648116
0.0615296
0.0600943
0.0574886
0.0555462
0.0575616
0.0593722
0.0570156
0.0516577
0.0482979
0.0503961
0.0545826
0.0567157
0.0556673
0.0525845
0.0502805
0.0473124
0.0412095
0.036868
0.0398104
0.0479127
0.0558937
0.058882
0.0522981
0.0409586
0.03582
0.0362382
0.0345823
0.0307257
0.0263111
0.0206675
0.0181594
0.0212406
0.0250918
0.0268994
0.0269454
0.0237564
0.0174823
0.0100981
0.00294891
-0.000369041
0.00120119
0.00562499
0.00961281
0.00679476
-0.00283186
-0.0145291
-0.0248759
-0.0300741
-0.0303138
-0.028954
-0.0297747
-0.0323555
-0.0333083
-0.0330689
-0.0340256
-0.0385713
-0.0454931
-0.0532295
-0.0579301
-0.0560795
-0.0531579
-0.0497893
-0.0444803
-0.0423816
-0.0472652
-0.0559356
-0.0629663
-0.0661836
-0.0642556
-0.0630756
-0.0661856
-0.0685902
-0.0683864
-0.0668764
-0.0670105
-0.0669541
-0.0635588
-0.0583883
-0.055006
-0.0568689
-0.063334
-0.0719123
-0.076612
-0.072884
-0.065043
-0.056964
-0.0490919
-0.0438241
-0.0435079
-0.0465764
-0.051098
-0.0571896
-0.0621966
-0.0634785
-0.0632211
-0.0613737
-0.0572761
-0.0529538
-0.0482401
-0.0439571
-0.0425232
-0.04502
-0.047408
-0.0466417
-0.0457444
-0.0447958
-0.0442617
-0.0441949
-0.0435805
-0.0443617
-0.0444801
-0.0418847
-0.0372107
-0.0313084
-0.0283979
-0.0302509
-0.0332162
-0.0345991
-0.0325875
-0.0264172
-0.0180976
-0.00972427
-0.00221675
0.00338063
0.00416488
-0.00157153
-0.0107637
-0.0170856
-0.0179654
-0.015031
-0.00855778
-0.000773248
0.0052279
0.00790336
0.00603558
0.00132132
-0.00142036
0.00110211
0.00597987
0.0077098
0.00565108
0.00559246
0.0103987
0.0164132
0.0210633
0.0229807
0.022589
0.021476
0.0215088
0.0241871
0.0256929
0.0246533
0.0236196
0.023354
0.0247463
0.0269558
0.0291276
0.0313224
0.0329446
0.0338746
0.0340048
0.0321639
0.0275187
0.0235487
0.0236865
0.0258567
0.0269254
0.0265609
0.0247785
0.0214137
0.0186488
0.0177449
0.0182235
0.0200243
0.0211089
0.0201415
0.019546
0.0207278
0.0218448
0.0215002
0.0206684
0.02081
0.0205635
0.0176953
0.0134784
0.0109085
0.011607
0.0128415
0.0123879
0.0128466
0.0138014
0.0133154
0.01212
0.0103455
0.00808253
0.00597545
0.00478585
0.00401722
0.0026304
0.00190613
0.00229107
0.00331492
0.00471213
0.00433055
0.00141903
-0.00211162
-0.00343563
-0.00169356
0.000707962
0.00222067
0.00268283
0.00257567
0.00266555
0.00206859
0.000320499
-0.00241592
-0.00515505
-0.00561601
-0.00376958
-0.000712062
0.00178786
0.00320409
0.00449497
0.00478814
0.00434315
0.00367453
0.00175077
-0.00149237
-0.00383674
-0.00409352
-0.00343439
-0.00270539
-0.00201489
-0.00166654
-0.00229252
-0.00328292
-0.00460206
-0.00578869
-0.00567471
-0.00527861
-0.00561838
-0.00649294
-0.00678147
-0.00707163
-0.00825187
-0.00988723
-0.012576
-0.014394
-0.0137465
-0.0127976
-0.0131327
-0.0148707
-0.0167056
-0.0168412
-0.0149708
-0.0128659
-0.0119606
-0.0121416
-0.0129383
-0.012734
-0.0110961
-0.0105358
-0.0122598
-0.0138544
-0.0145192
-0.0153875
-0.0153816
-0.0143038
-0.013562
-0.0135762
-0.0137754
-0.0142428
-0.0155633
-0.0170369
-0.0174011
-0.0158582
-0.0135057
-0.0119906
-0.0117035
-0.0124436
-0.0138263
-0.0163412
-0.018822
-0.0193929
-0.018688
-0.0182663
-0.0188052
-0.0180058
-0.0163142
-0.0161367
-0.0151907
-0.0144713
-0.0162818
-0.0167905
-0.0140973
-0.0117797
-0.0115446
-0.0125557
-0.0138704
-0.013404
-0.010888
-0.0078232
-0.00506664
-0.00358205
-0.00429191
-0.00635538
-0.00816778
-0.0088396
-0.00724092
-0.00339001
-0.000248165
-5.15093e-05
-0.000734993
-0.000370771
0.00124148
0.00314168
0.00393599
0.00435453
0.0053619
0.00670691
0.00708818
0.00707163
0.00804472
0.00788921
0.00574206
0.00543563
0.00743497
0.00811986
0.00781597
0.00859146
0.00980691
0.0102647
0.00990451
0.00831009
0.0074786
0.00850566
0.00865316
0.008338
0.00862447
0.00792707
0.00505616
0.00248613
0.00282922
0.00379137
0.00377621
0.00410749
0.00397361
0.00205936
1.28084e-05
0.000286653
0.00180144
0.0013102
0.000567027
0.000763546
-0.000143656
-0.0019873
-0.00343726
-0.00286858
-0.00125997
-0.000807652
-0.000954778
0.000360718
0.00180953
0.00140036
-2.44496e-06
-0.00266195
-0.00539645
-0.00564544
-0.00336901
-0.000781491
0.000132217
-0.000401047
-0.0016669
-0.0039808
-0.00583262
-0.00548286
-0.00411552
-0.00210377
0.00013335
0.00139774
0.00107339
-0.000239745
-0.000889508
-0.00128728
-0.0019439
-0.00181692
-0.00029203
0.000707187
-0.000425428
-0.00148626
-0.00153755
-0.00143808
-0.00161588
-0.00193514
-0.00110792
-0.0002884
-0.000195016
0.000221834
0.000526558
0.000989647
0.00142483
0.00169838
0.00166214
0.000690368
-8.77386e-05
-0.000454395
-0.000498194
0.00014998
0.00107295
0.00247038
0.00368136
0.0036755
0.00302153
0.00196717
0.000588513
1.02479e-05
0.000731254
0.00181159
0.00297366
0.00424545
0.00465724
0.00404901
0.00299348
0.00231018
0.00228782
0.00270624
0.00389866
0.0048264
0.00434367
0.00354639
0.00335487
0.0033839
0.00375102
0.00437501
0.00403849
0.00312034
0.00360029
0.00520412
0.00627566
0.00629351
0.005819
0.00591714
0.00659398
0.00712576
0.00705312
0.00664533
0.00630835
0.0059937
0.00599941
0.00681153
0.00840766
0.00978886
0.0103127
0.00990856
0.00866622
0.00731665
0.00655643
0.00682228
0.00794385
0.00884562
0.00911501
0.00925376
0.00908385
0.00883203
0.00925349
0.0102207
0.011062
0.0115239
0.0115935
0.0110677
0.0105911
0.0103539
0.00985761
0.00951549
0.00992004
0.0107156
0.0109541
0.0107707
0.0108173
0.0109525
0.010837
0.0105845
0.0101569
0.00922445
0.00823317
0.0082251
0.00916934
0.00972655
0.0093441
0.0087362
0.0087293
0.00929347
0.00956843
0.00922135
0.00857139
0.00808038
0.00775275
0.00684195
0.00565721
0.00520423
0.00546031
0.00579951
0.00579222
0.00558221
0.00499514
0.00456996
0.0047021
0.00425467
0.00348149
0.00316591
0.00298898
0.00256833
0.00216095
0.00205604
0.00215506
0.00258694
0.00277625
0.00241101
0.00195884
0.00151273
0.00129391
0.00121661
0.00108339
0.00105847
0.00114543
0.00109976
0.000884036
0.000903444
0.00142361
0.00231077
0.00292755
0.0031375
0.00300147
0.00227204
0.00129164
0.000552883
0.000517515
0.000795528
0.00111333
0.00144602
0.00136773
0.00128741
0.00103841
0.000587927
0.000406344
0.000332852
0.000225017
5.21182e-05
0.00027625
0.000764938
0.000898436
0.000904308
0.000974747
0.000751503
0.000345337
0.000235376
0.000266546
0.000332572
0.000387669
0.000383707
0.000350645
9.10904e-05
-0.000346595
-0.000574449
-8.70367e-05
0.000785578
0.00110528
0.00070465
0.000269119
7.06992e-05
-5.29029e-05
6.81341e-05
0.000192391
-3.64475e-05
-0.000434306
-0.000506913
-0.000318575
-0.000274655
-0.000273915
-0.000377732
-0.000651424
-0.000923332
-0.00108127
-0.00109548
-0.000940632
-0.000708349
-0.000714725
-0.00106815
-0.00152126
-0.00177454
-0.00191226
-0.00207029
-0.00215719
-0.0021424
-0.00211417
-0.00221612
-0.00238498
-0.00247909
-0.00247288
-0.00245053
-0.00246783
-0.0025382
-0.00288143
-0.0032734
-0.00314248
-0.00273881
-0.00274367
-0.00311788
-0.00330633
-0.00331222
-0.00333804
-0.00318203
-0.00288976
-0.00287374
-0.00331605
-0.00373964
-0.00359512
-0.00307745
-0.00281965
-0.00296416
-0.00310599
-0.00311021
-0.00314859
-0.00321041
-0.00310958
-0.00292181
-0.00285724
-0.00292842
-0.00301504
-0.00294658
-0.00279314
-0.00270424
-0.00267182
-0.00267981
-0.00267452
-0.00261849
-0.00253025
-0.0024593
-0.00242597
-0.0023992
-0.00238652
-0.00235886
-0.00229191
-0.00223023
-0.002212
-0.00222383
-0.00221677
-0.00220008
-0.00215911
-0.00207131
-0.00198968
-0.00193
-0.00188201
-0.00186646
-0.00188962
-0.00190869
-0.00189148
-0.0018457
-0.00178323
-0.00171522
-0.00166087
-0.00163606
-0.00163086
-0.00162642
-0.0016047
-0.00156693
-0.00153654
-0.00151688
-0.00149357
-0.00146458
-0.0014367
-0.00140923
-0.00137835
-0.00134576
-0.00131903
-0.00130275
-0.00129214
-0.00127499
-0.00124371
-0.00120791
-0.00117976
-0.00115424
-0.00112543
-0.00110315
-0.00109114
-0.00108001
-0.00106278
-0.0010399
-0.00101417
-0.000985796
-0.000959562
-0.000940992
-0.000926116
-0.000909267
-0.000891104
-0.000873142
-0.000854125
-0.000834305
-0.000814949
-0.000796797
-0.000779959
-0.000763794
-0.000747505
-0.000730359
-0.000712951
-0.000696109
-0.000679776
-0.000663748
-0.000647764
-0.00063179
-0.000615943
-0.000600092
-0.000584202
-0.000568503
-0.000553188
-0.000538124
-0.000522981
-0.000507728
-0.000492523
-0.000477426
-0.000462419
-0.000447432
-0.000432425
-0.000417442
-0.000402528
-0.000387663
-0.00037281
-0.000357951
-0.000343095
-0.00032825
-0.000313418
-0.000298597
-0.000283784
-0.000268975
-0.000254169
-0.000239368
-0.000224573
-0.000209782
0
0
0
0
