-0.00312092
-0.00366912
-0.00421937
-0.00464747
-0.00475346
-0.0042868
-0.0032035
-0.0017016
-0.000476234
0.000578687
0.00101499
-0.000498767
-0.00438777
-0.00849667
-0.0119374
-0.0149458
-0.0183296
-0.0229135
-0.0288742
-0.0329138
-0.0300024
-0.0195696
-0.00393603
0.0167975
0.037666
0.0515006
0.0558093
0.0551951
0.0533454
0.0453275
0.0321279
0.0152943
0.00233649
-0.0174557
-0.0365496
-0.0431742
-0.0345925
-0.0247065
-0.022838
-0.0204873
-0.0074689
0.0223566
0.0631431
0.101505
0.123016
0.117516
0.0999379
0.0757162
0.0391181
-0.00953031
-0.068467
-0.13195
-0.173657
-0.168859
-0.135509
-0.0986917
-0.0624739
-0.0164932
0.0481084
0.131641
0.189794
0.185637
0.143672
0.0995217
0.0487162
-0.00907622
-0.0556265
-0.0748502
-0.080898
-0.0720924
-0.048172
-0.0167746
0.0110064
0.0327999
0.0472313
0.0525567
0.0483598
0.0462078
0.0406651
0.0316231
0.0253246
0.0226576
0.0255394
0.0325995
0.0373684
0.0274936
0.00616522
-0.0104689
-0.0163453
-0.010278
0.00492509
0.01485
0.00561829
-0.0157724
-0.0300833
-0.0409379
-0.0546249
-0.0716297
-0.0914341
-0.115702
-0.145232
-0.170284
-0.169697
-0.141291
-0.107302
-0.0751254
-0.049923
-0.0260587
-0.00317913
0.0118818
0.0337179
0.0708173
0.108853
0.121548
0.110352
0.0883193
0.0698736
0.0593247
0.0517213
0.0463136
0.0406264
0.0361703
0.0363085
0.0382707
0.039114
0.0383382
0.0328452
0.0150881
-0.0253205
-0.0857513
-0.147006
-0.162168
-0.147234
-0.123872
-0.114915
-0.1073
-0.087155
-0.0481047
0.0103643
0.0755529
0.113981
0.138766
0.162789
0.169644
0.145412
0.092175
0.0353998
-0.0257238
-0.0914186
-0.132961
-0.122403
-0.094954
-0.0608486
-0.055828
-0.0709686
-0.0789798
-0.0705148
-0.0436378
-0.0237231
-0.0248994
-0.0391018
-0.0605779
-0.0748316
-0.0660007
-0.0382456
-3.14344e-05
0.0349209
0.0633047
0.0866104
0.0995686
0.0996866
0.0850779
0.070953
0.0605112
0.0540525
0.047535
0.0402872
0.0328658
0.0238748
0.0100014
-0.0144265
-0.0497306
-0.0851547
-0.121403
-0.149605
-0.150038
-0.121738
-0.0678551
-0.0116566
0.0269674
0.0579275
0.0820409
0.0945718
0.0940726
0.083765
0.0745215
0.0678101
0.0667381
0.068122
0.0641878
0.0530166
0.0343699
0.0116143
-0.00760141
-0.0152474
-0.0105285
0.00336523
0.0202585
0.0317472
0.0180371
-0.0150113
-0.0505317
-0.0723929
-0.0806936
-0.0854618
-0.0859099
-0.0690345
-0.0331652
0.00548764
0.0277502
0.0047672
-0.0183468
-0.0276902
-0.0279896
-0.0231318
-0.010374
0.0137019
0.0472454
0.0882674
0.114428
0.123349
0.107279
0.0587834
-6.94538e-05
-0.0417014
-0.052534
-0.0668309
-0.0808285
-0.0813274
-0.0663464
-0.038182
-0.00378318
0.036444
0.0699139
0.0889772
0.0850949
0.0628377
0.0484276
0.0306605
0.00391447
-0.0144161
-0.0181913
-0.0154432
-0.00247807
0.013242
0.0181404
0.0106939
-0.00706946
-0.0248595
-0.0413703
-0.0464782
-0.0295338
0.00930573
0.0501856
0.0738846
0.0739369
0.0857896
0.10993
0.131432
0.142888
0.125818
0.0651614
-0.00460411
-0.0311196
-0.0498302
-0.0887012
-0.129109
-0.139433
-0.126827
-0.10094
-0.0763232
-0.060872
-0.049121
-0.0385615
-0.0254047
-0.00926618
0.00793498
0.0254897
0.043503
0.0620585
0.0794817
0.091669
0.0993923
0.107847
0.115825
0.119522
0.117617
0.106124
0.0780575
0.0368858
-0.0112809
-0.0458534
-0.0649783
-0.0832475
-0.100392
-0.102332
-0.0911456
-0.0661833
-0.0337874
-0.00642598
0.00437523
-0.0112513
-0.0318738
-0.0580102
-0.0783785
-0.087913
-0.0906706
-0.0837955
-0.0780399
-0.0709273
-0.0651717
-0.060476
-0.0548336
-0.0482328
-0.0414285
-0.0347755
-0.0269983
-0.0161592
-0.000688104
0.0191206
0.0366025
0.0466133
0.053888
0.0607701
0.0668896
0.0734571
0.0764627
0.0715865
0.062274
0.05244
0.0399039
0.0232316
-0.000347743
-0.0280182
-0.058999
-0.0865501
-0.103563
-0.112039
-0.118385
-0.120637
-0.108037
-0.0759445
-0.0198444
0.0496304
0.100315
0.125108
0.125383
0.120491
0.119458
0.117292
0.114755
0.110554
0.104953
0.0981063
0.0837592
0.0540231
0.00233897
-0.0640473
-0.109721
-0.0813318
-0.0125546
0.0534039
0.0855794
0.0772151
0.052869
0.0228305
-0.00408488
-0.0160615
-0.0163548
-0.0109943
-0.0114582
-0.0188152
-0.0334503
-0.0516457
-0.0683953
-0.0721507
-0.0529733
-0.0211822
0.0116805
0.029795
0.0261085
0.00622621
-0.011088
-0.0160465
-0.0152607
-0.0149062
-0.0180662
-0.0232202
-0.0287907
-0.0322919
-0.0297085
-0.0175672
0.00106747
0.0123789
0.0158515
0.0208829
0.0345215
0.0531964
0.065564
0.0642694
0.0476917
0.0204857
0.00260613
-0.00957943
-0.0313438
-0.051798
-0.0692786
-0.0776008
-0.0717869
-0.0605887
-0.0529654
-0.0504849
-0.0490326
-0.0486438
-0.0496044
-0.0484105
-0.0422117
-0.0283177
-0.00714097
0.0168919
0.0416439
0.0580277
0.072532
0.0902357
0.104242
0.111501
0.112336
0.100145
0.074688
0.0457271
0.0137584
-0.0283989
-0.0743847
-0.104261
-0.128981
-0.143881
-0.148129
-0.144502
-0.135425
-0.120305
-0.1104
-0.101232
-0.0843508
-0.0551677
-0.0152092
0.0263044
0.0654354
0.0964718
0.11851
0.132154
0.138497
0.128798
0.0997639
0.0754399
0.0513277
0.0239481
-0.00220238
-0.0160262
-0.0123587
-0.0160058
-0.0240146
-0.029464
-0.0326705
-0.0350791
-0.035725
-0.0330666
-0.0274581
-0.0219307
-0.0162196
-0.00904336
-0.00144324
0.00545018
0.0165336
0.0378569
0.0673782
0.0893943
0.0960193
0.0980006
0.0840329
0.0642601
0.0472997
0.0322248
0.0278272
0.0340252
0.0317148
0.0188672
-0.00195756
-0.0262154
-0.0576603
-0.0974448
-0.13656
-0.171208
-0.188223
-0.174376
-0.1455
-0.110879
-0.0772514
-0.0418256
-0.0137987
0.0144851
0.044712
0.0664603
0.0839301
0.0937267
0.0984206
0.0982925
0.0919004
0.0809811
0.0685241
0.0545662
0.0311008
0.00202939
-0.0137461
-0.00994912
-0.00919868
-0.0160202
-0.0336423
-0.0578537
-0.0815907
-0.0995924
-0.102777
-0.0926957
-0.0743228
-0.0558975
-0.0361731
-0.012224
0.00756983
0.015339
0.00376963
-0.0118626
-0.0302013
-0.0490005
-0.0518774
-0.0434385
-0.032413
-0.0193483
-0.00425613
0.00891006
0.0281268
0.0613097
0.0992303
0.128637
0.133327
0.12651
0.112406
0.095659
0.0845124
0.0750713
0.0675519
0.0593207
0.0424424
0.0209647
-0.00229739
-0.0284488
-0.053544
-0.0650011
-0.060629
-0.0503055
-0.041888
-0.0403277
-0.0377372
-0.0288949
-0.0137645
0.00123025
0.00830634
0.00392147
-0.00121568
-0.00606141
-0.0124405
-0.0157359
-0.0140878
-0.00578044
0.00684029
0.0182091
0.033877
0.0560224
0.0792481
0.092653
0.0879772
0.0718407
0.0556637
0.041966
0.0242513
0.00296408
-0.012653
-0.0108064
-0.0104916
-0.0164448
-0.0237619
-0.031011
-0.0370788
-0.0409907
-0.0415618
-0.0440072
-0.0495919
-0.0576551
-0.0649345
-0.0684135
-0.0648245
-0.0536616
-0.0371833
-0.0184935
0.000251935
0.0215319
0.0453655
0.0649204
0.0690081
0.0509571
0.0416647
0.0383146
0.0331996
0.0270362
0.0206495
0.0137089
0.00402103
-0.0090936
-0.024202
-0.0359161
-0.0392528
-0.0330442
-0.0280077
-0.0217477
-0.0142144
-0.0128644
-0.0112319
-0.0086511
-0.00615989
-0.00312743
-0.000881931
-0.00266203
-0.010196
-0.0193799
-0.0183679
-0.00259965
0.0236379
0.0493444
0.0622403
0.055858
0.0407391
0.0237791
0.0153325
0.0101111
0.00208135
-0.0103171
-0.0264175
-0.0401919
-0.0400288
-0.0296443
-0.0204643
-0.0153571
-0.00921339
0.00126527
0.0147916
0.026082
0.0325715
0.0342625
0.0312026
0.0237446
0.0096136
-0.00786504
-0.0237689
-0.0329598
-0.0330625
-0.0314782
-0.025052
-0.0144722
-0.00306504
0.0107324
0.0273918
0.0433254
0.0525402
0.0576642
0.0603518
0.0614707
0.0620111
0.0594107
0.0542384
0.0463456
0.0310942
0.00653961
-0.0328728
-0.0801536
-0.107699
-0.11552
-0.103802
-0.0875182
-0.0678693
-0.0513756
-0.036152
-0.0253411
-0.0269504
-0.0437922
-0.0618438
-0.0615146
-0.040009
-0.00548961
0.0162956
0.025471
0.0317055
0.0288218
0.0161338
0.00892866
0.00783931
0.0146272
0.0244703
0.0267495
0.0227654
0.0159733
0.00488043
-0.00969495
-0.0188041
-0.0184163
-0.00807651
0.00419502
0.0118095
0.0119823
0.00724405
-0.00155162
-0.00927411
-0.0134866
-0.0161156
-0.0178285
-0.0193843
-0.0227203
-0.0264187
-0.0283072
-0.0270706
-0.0220756
-0.0150671
-0.0102753
-0.00840872
-0.00936356
-0.0104243
-0.00365136
0.0157767
0.0415239
0.0596635
0.0676654
0.063778
0.0493605
0.0301487
0.0170989
0.00711095
-0.00164291
-0.00853695
-0.0157093
-0.0235604
-0.0274669
-0.0243952
-0.0184722
-0.0100955
0.00347237
0.0193471
0.0344813
0.0531059
0.076801
0.0989659
0.103853
0.0832103
0.0481008
0.0092348
-0.0104323
-0.014843
-0.0248779
-0.0312633
-0.0249777
-0.00802015
0.00940574
0.0161504
0.0194769
0.017627
0.00348049
-0.0153606
-0.0209516
-0.0129284
0.00463532
0.0184336
0.00905861
-0.00390869
-0.0085798
-0.00298186
0.00736629
0.0171011
0.0252599
0.0323286
0.0361027
0.0361737
0.0349139
0.0337128
0.0304384
0.0255024
0.0202155
0.016046
0.0126229
0.00895271
0.0058816
0.00450142
0.00668172
0.0147111
0.0254779
0.0306317
0.0270433
0.0143716
-0.000887348
-0.00765639
-0.0106383
-0.0163782
-0.0278596
-0.046704
-0.0653139
-0.0703858
-0.0784469
-0.0878744
-0.0892145
-0.0796076
-0.0654433
-0.0555413
-0.049581
-0.0449822
-0.039758
-0.0352871
-0.0374413
-0.0475815
-0.0566661
-0.0614085
-0.0599639
-0.0513858
-0.0390647
-0.0234166
-0.0126594
-0.00933236
-0.00978684
-0.010508
-0.00727542
0.00537403
0.027665
0.0496094
0.0602673
0.0602038
0.055531
0.0499178
0.0471544
0.0459075
0.0424855
0.035116
0.0223272
0.0049395
-0.00986224
-0.0174769
-0.0180294
-0.00653586
0.00960572
0.0213156
0.0331214
0.0463138
0.0526007
0.0423627
0.0330525
0.0235759
0.0157072
0.0207178
0.026418
0.02783
0.0207533
0.00517904
-0.012199
-0.0216309
-0.0262892
-0.0322154
-0.0421018
-0.0581647
-0.0744326
-0.0793314
-0.0762804
-0.0710576
-0.0606708
-0.0471382
-0.0295697
-0.00618857
0.0152348
0.0304992
0.0398134
0.0406051
0.0286659
0.010541
-0.00014332
0.00250613
0.00462511
0.00295337
0.00212669
0.00382092
0.0052982
0.00795222
0.012809
0.018249
0.0240796
0.0294868
0.0324777
0.0290091
0.0128804
-0.0135366
-0.0312099
-0.0320612
-0.0200965
0.000332091
0.0146046
0.0230166
0.0326625
0.0477019
0.065938
0.0751054
0.072447
0.0610695
0.0452282
0.0283726
0.0169788
0.000726214
-0.0199461
-0.0330607
-0.0454166
-0.0628554
-0.0800203
-0.0881976
-0.087613
-0.0791641
-0.0679666
-0.0562948
-0.0471851
-0.0392061
-0.0321819
-0.028774
-0.032072
-0.0400376
-0.0492672
-0.0499055
-0.0362293
-0.0115325
0.0143358
0.0372145
0.0562295
0.0623486
0.0531392
0.0484795
0.0509308
0.0549968
0.0592035
0.0637963
0.0681949
0.0694164
0.0668334
0.060641
0.0503297
0.0351074
0.0228726
0.0239248
0.0271406
0.025474
0.0213056
0.0161473
0.010287
0.00357014
-0.00450929
-0.0135795
-0.0214746
-0.026567
-0.0311848
-0.0367713
-0.042185
-0.046762
-0.0506936
-0.0526801
-0.0519996
-0.0506113
-0.0507062
-0.0505235
-0.0470996
-0.0384626
-0.0236347
-0.00180759
0.0190729
0.0288122
0.028367
0.0249487
0.0252488
0.0374796
0.0636584
0.0959567
0.108646
0.0885409
0.0719967
0.0573175
0.0406146
0.0333297
0.0281194
0.00988392
-0.0191142
-0.0457198
-0.0641836
-0.0715169
-0.0817508
-0.0980224
-0.11185
-0.113815
-0.0985552
-0.0662402
-0.0344047
-0.0164743
-0.0126358
-0.00721522
0.00289625
0.0162299
0.0291312
0.0384315
0.0430552
0.040633
0.0317703
0.0242551
0.0183675
0.0147794
0.0159981
0.0250049
0.0402703
0.0494354
0.0507547
0.0451564
0.0352835
0.0240929
0.0121366
0.00154283
-0.00681916
-0.0132598
-0.0266178
-0.0494739
-0.072206
-0.0925188
-0.108569
-0.115192
-0.111215
-0.096752
-0.0740144
-0.046646
-0.013982
0.0151531
0.0284814
0.0251497
0.0162484
0.00525327
-0.00173795
-0.00312164
-0.00352711
-0.00253425
0.000916714
0.00753801
0.0255768
0.0560881
0.0860444
0.0965466
0.0990735
0.0986805
0.0952885
0.0925338
0.0886317
0.0821571
0.0711613
0.05704
0.0406214
0.0184038
-0.0112636
-0.0434592
-0.0651282
-0.0878582
-0.110005
-0.129506
-0.133944
-0.117457
-0.0981527
-0.0709499
-0.0395378
-0.0127105
0.00159955
0.0105155
0.0182974
0.0247706
0.0341516
0.0458007
0.0599437
0.0759407
0.0887929
0.0916172
0.0815561
0.0745358
0.0717955
0.0665835
0.0552423
0.03992
0.029473
0.0225176
0.0144847
0.00322984
-0.0105503
-0.0234127
-0.0310526
-0.0316405
-0.0327417
-0.0343706
-0.0326683
-0.0272429
-0.0220751
-0.0172995
-0.0140944
-0.0129793
-0.0111593
-0.00829892
-0.00412637
0.00144651
0.0073243
0.0117429
0.0115356
0.0092685
0.00799044
0.00622796
0.00320157
-0.000100157
-0.00459916
-0.00998975
-0.0137751
-0.0158134
-0.0171026
-0.0183598
-0.0190043
-0.0185968
-0.0177642
-0.0171247
-0.0165111
-0.0157804
-0.0148723
-0.0137544
-0.0123016
-0.0103897
-0.00820566
-0.00636057
-0.00487935
-0.00354742
-0.00239901
-0.00149445
-0.000942938
-0.000764181
-0.000703748
-0.000316962
0.000180345
0.000553223
0.000890593
0.00126802
0.00165621
0.00197917
0.0021385
0.00207073
0.00196043
0.00187692
0.00180776
0.00175098
0.0017223
0.00174299
0.00179773
0.00187488
0.00197094
0.00207596
0.00218169
0.00228506
0.00238495
0.00248032
0.00257041
0.00265476
0
0
