0.000792621
0.000974205
0.00113557
0.0012596
0.00132494
0.001314
0.0012174
0.00104002
0.000787095
0.000460549
6.38408e-05
-0.000394662
-0.000904612
-0.00145257
-0.00202793
-0.0026257
-0.0032603
-0.00396746
-0.00473449
-0.00542563
-0.00585257
-0.00579198
-0.00501202
-0.00329987
-0.000521669
0.00333485
0.00801547
0.0125969
0.0156242
0.0161331
0.0145297
0.0120554
0.0100374
0.00841596
0.00688431
0.00516778
0.00298311
9.89936e-05
-0.00363978
-0.0082532
-0.0135869
-0.0192663
-0.0246806
-0.0289883
-0.0311742
-0.030157
-0.0249672
-0.0149942
-0.000307211
0.0179698
0.0372032
0.0531291
0.0623026
0.0641533
0.0592317
0.049452
0.0384872
0.0289491
0.0202984
0.0117362
0.00278488
-0.00672258
-0.0165607
-0.0260831
-0.0342555
-0.0397238
-0.0410182
-0.0367761
-0.0261643
-0.00925325
0.0123266
0.0350007
0.0522039
0.0559819
0.0473272
0.0335252
0.0219344
0.0126994
0.00491795
-0.00191013
-0.00813336
-0.0137662
-0.018538
-0.0218748
-0.0229912
-0.0210326
-0.0152693
-0.00540791
0.00813534
0.0237651
0.0384952
0.0471889
0.0442057
0.0323651
0.0178497
0.00490081
-0.00667733
-0.0175373
-0.0279258
-0.0378016
-0.0467266
-0.0539253
-0.0583406
-0.058807
-0.0542858
-0.044191
-0.0287791
-0.00957648
0.0101857
0.0251346
0.0279354
0.0136062
-0.0170693
-0.0600367
-0.107302
-0.146435
-0.167975
-0.170777
-0.156059
-0.127077
-0.0911516
-0.0586781
-0.032429
-0.0120822
0.00227249
0.0102006
0.0111083
0.00463175
-0.00883449
-0.0275777
-0.0475932
-0.06305
-0.0720427
-0.0742527
-0.0692543
-0.0568191
-0.0373331
-0.0124869
0.0144136
0.0410978
0.0680939
0.095584
0.122672
0.147364
0.167574
0.181905
0.189055
0.188022
0.178823
0.163022
0.145003
0.130846
0.119921
0.110708
0.102207
0.0935933
0.0843364
0.0740879
0.0627012
0.0501677
0.0366122
0.0222579
0.00741892
-0.00751619
-0.0220903
-0.035797
-0.0481138
-0.0585543
-0.066766
-0.0726436
-0.0765511
-0.0792913
-0.0808494
-0.0805055
-0.0777249
-0.072381
-0.0649486
-0.0566421
-0.0497359
-0.0470372
-0.0487005
-0.054107
-0.0620495
-0.0704324
-0.0758767
-0.0743526
-0.064979
-0.0479362
-0.0243063
0.00310109
0.0298872
0.0537469
0.0743585
0.0912033
0.103414
0.109969
0.109979
0.103072
0.0899097
0.0728547
0.0562089
0.0427864
0.031632
0.0214997
0.0114654
0.000822823
-0.0108686
-0.0237907
-0.0378487
-0.0526678
-0.067605
-0.0817692
-0.0940886
-0.103397
-0.108612
-0.108922
-0.104131
-0.0949492
-0.0835966
-0.0734169
-0.0649151
-0.0574649
-0.0506041
-0.044038
-0.0376377
-0.0313876
-0.0253428
-0.0195597
-0.0140037
-0.00851877
-0.00316202
0.00186222
0.00648013
0.0108203
0.0152477
0.020365
0.026986
0.0360456
0.0484692
0.0649555
0.0857345
0.110223
0.136752
0.1621
0.181936
0.19398
0.196202
0.186827
0.165064
0.131964
0.0913634
0.0508641
0.0184483
-0.00490127
-0.0189121
-0.0230482
-0.0172748
-0.00269498
0.017721
0.0379165
0.0496375
0.0510744
0.0434708
0.028727
0.00989068
-0.00869687
-0.024194
-0.0371292
-0.0484656
-0.0590301
-0.0695305
-0.0804347
-0.091922
-0.103804
-0.115519
-0.126118
-0.134362
-0.138822
-0.138136
-0.131274
-0.118012
-0.099321
-0.0782453
-0.0591284
-0.0417143
-0.0253168
-0.00981536
0.00457655
0.0172781
0.0274804
0.0342964
0.0369876
0.0352997
0.0297877
0.022427
0.0162647
0.0115778
0.00757214
0.00368213
-0.000398869
-0.00468332
-0.0089181
-0.012597
-0.0150338
-0.01545
-0.0131311
-0.00761369
0.0010597
0.0120316
0.0234845
0.034055
0.0437521
0.0525001
0.0598788
0.0652382
0.0677532
0.0666178
0.0612219
0.0515113
0.0382536
0.0236959
0.0109597
-0.000426923
-0.0113808
-0.0224883
-0.0341481
-0.0464716
-0.0592997
-0.0721683
-0.0843344
-0.0948168
-0.102492
-0.106247
-0.105196
-0.0989894
-0.0881564
-0.0746508
-0.0617222
-0.0505728
-0.0404522
-0.0305875
-0.0204243
-0.00960569
0.0019997
0.0142866
0.0268952
0.0392228
0.0504433
0.0595795
0.0656012
0.0676056
0.0650299
0.0579785
0.0475593
0.0362737
0.0266153
0.0180819
0.00986635
0.00144051
-0.00753998
-0.0171654
-0.0272701
-0.0374123
-0.0468853
-0.0547639
-0.0599848
-0.0615076
-0.0585037
-0.050684
-0.0385938
-0.0242044
-0.0105733
0.00184309
0.0135561
0.0247938
0.0354869
0.0452597
0.0535081
0.0594808
0.0624512
0.0619104
0.0578658
0.0511406
0.0437181
0.0377233
0.0332016
0.030119
0.0287513
0.0295087
0.0328439
0.0390548
0.0480676
0.0591738
0.0707237
0.0800461
0.0849263
0.0847016
0.0790155
0.0679113
0.0522091
0.0341469
0.0170457
0.00127314
-0.013901
-0.0288849
-0.0436782
-0.0578152
-0.0703853
-0.0800974
-0.085434
-0.0849105
-0.0774213
-0.0627375
-0.042027
-0.018651
0.00201694
0.0172802
0.027107
0.0316495
0.0312058
0.0266107
0.0196871
0.013425
0.0097678
0.00814815
0.00776637
0.00800198
0.00834459
0.00842348
0.0079863
0.00689977
0.0051307
0.00273969
-0.000134323
-0.00327915
-0.00642307
-0.00924208
-0.0113849
-0.0124967
-0.0122749
-0.0105228
-0.00725573
-0.00277914
0.00212207
0.00635262
0.00974508
0.0122125
0.013563
0.0136038
0.0121816
0.00930892
0.0052493
0.000740183
-0.00319642
-0.00669177
-0.0100004
-0.0132426
-0.0164469
-0.019524
-0.0222828
-0.0244454
-0.0256864
-0.0256944
-0.0242517
-0.0213505
-0.0173142
-0.0129363
-0.00905909
-0.00565804
-0.00267715
-0.000202631
0.0015946
0.00247711
0.00220816
0.000625985
-0.00224575
-0.00606158
-0.0100872
-0.0138237
-0.0174069
-0.0209349
-0.0243314
-0.0273616
-0.0296314
-0.0306293
-0.0297904
-0.0266069
-0.0207776
-0.0124017
-0.00222936
0.00823141
0.0178308
0.026519
0.0341886
0.0404946
0.0449469
0.0469945
0.046172
0.0423002
0.0357128
0.0276031
0.0199773
0.013723
0.00867214
0.0047066
0.00186094
0.00024297
-3.6192e-05
0.00102773
0.00322177
0.00597122
0.00821811
0.00831649
0.00484574
-0.0017259
-0.0102169
-0.0187166
-0.0248208
-0.0278587
-0.0274619
-0.0233791
-0.0157037
-0.00511531
0.00691825
0.0177277
0.0238875
0.0244646
0.0199747
0.0115868
0.00167046
-0.00671156
-0.0134575
-0.0188396
-0.0228613
-0.0254227
-0.0262869
-0.0252016
-0.0219799
-0.0166926
-0.0098419
-0.00259377
0.00387976
0.00981692
0.0155294
0.0210921
0.0263911
0.031104
0.0347466
0.036731
0.0364766
0.0335524
0.0278665
0.0198814
0.0108759
0.00301787
-0.00198206
-0.00381472
-0.00240711
0.00214454
0.00929193
0.0178489
0.0256182
0.0297102
0.029223
0.0243076
0.0155549
0.0042945
-0.00728407
-0.0175443
-0.0263428
-0.0335469
-0.0387838
-0.0415502
-0.0412816
-0.0375352
-0.0301681
-0.0196501
-0.00728997
0.00424762
0.0115312
0.0143464
0.0131465
0.00865197
0.00218291
-0.0039815
-0.00700922
-0.00660369
-0.00298096
0.00350326
0.0120962
0.0215404
0.0298471
0.0344485
0.0338758
0.0279193
0.0170534
0.00265657
-0.0126002
-0.0259099
-0.0368292
-0.0450457
-0.0499523
-0.0508872
-0.0472766
-0.0389581
-0.0264903
-0.0116874
0.0024452
0.0144969
0.0245489
0.0325286
0.0380666
0.0406197
0.0396351
0.0347903
0.0263039
0.0153446
0.00420885
-0.00551235
-0.0141387
-0.0219618
-0.0288981
-0.03457
-0.0383489
-0.0394778
-0.037249
-0.0312374
-0.0216178
-0.0094984
0.00272733
0.0125031
0.0195725
0.0238484
0.0250716
0.0230589
0.0179122
0.010269
0.00171885
-0.00540756
-0.0105614
-0.0138766
-0.0153553
-0.0149244
-0.0125092
-0.00819814
-0.00238149
0.003971
0.00944124
0.0137418
0.0170092
0.0192802
0.0205039
0.0205839
0.019446
0.0171447
0.0139569
0.0105825
0.00797446
0.00600537
0.00440884
0.00300181
0.00163326
0.000197722
-0.00138252
-0.00315937
-0.00516831
-0.00743161
-0.00995831
-0.0127404
-0.015743
-0.0188939
-0.0220695
-0.0250869
-0.0276982
-0.0296034
-0.0304704
-0.0299888
-0.0279305
-0.0242603
-0.0192325
-0.0135843
-0.00842945
-0.00411409
-0.000704159
0.00165268
0.00277234
0.00248621
0.000753664
-0.00224222
-0.00589655
-0.00927506
-0.0122361
-0.0149123
-0.0173124
-0.0193108
-0.0206489
-0.0209713
-0.0198819
-0.0170323
-0.0122501
-0.00568398
0.00197799
0.00951589
0.0162663
0.0220754
0.0266615
0.0295762
0.0302905
0.0283112
0.0233557
0.0155695
0.00582229
-0.00417562
-0.0132186
-0.0215015
-0.0291989
-0.0362194
-0.0422596
-0.0468392
-0.049382
-0.0493472
-0.0463912
-0.0406074
-0.0327701
-0.0246131
-0.0178677
-0.0122114
-0.00709627
-0.00213366
0.00300046
0.0085372
0.0146388
0.0213835
0.0287688
0.0366928
0.044948
0.0532036
0.0610073
0.0677914
0.0729145
0.0757199
0.0756541
0.0724039
0.0661169
0.0576222
0.0486921
0.0410846
0.0345226
0.0284873
0.0225993
0.0165284
0.0100315
0.00293701
-0.00482692
-0.0132269
-0.0220961
-0.0311216
-0.0398299
-0.0475953
-0.0536719
-0.057261
-0.0576338
-0.0542964
-0.0472418
-0.0372279
-0.0260985
-0.0157452
-0.00585033
0.00400589
0.0138723
0.0234823
0.032223
0.0391807
0.0432369
0.0432204
0.0381665
0.0276145
0.0120487
-0.00668553
-0.0249045
-0.0387531
-0.0477121
-0.0517028
-0.0506203
-0.0448494
-0.0354945
-0.0251024
-0.0170391
-0.0109474
-0.00597157
-0.00156282
0.00267917
0.00691612
0.0111193
0.0150639
0.0183907
0.0206661
0.0214864
0.0206072
0.0180924
0.0145372
0.0110388
0.0079508
0.00494028
0.00174019
-0.00174374
-0.00542249
-0.00901367
-0.0120422
-0.0138757
-0.0137788
-0.011033
-0.00507307
0.00426778
0.016552
0.0302825
0.0432598
0.0554871
0.0670776
0.0777556
0.0869675
0.0939046
0.0976154
0.0971929
0.0919897
0.082002
0.0681657
0.0530671
0.04026
0.029315
0.0192612
0.00941084
-0.000834043
-0.0118893
-0.0240267
-0.0373158
-0.0516187
-0.0665426
-0.0814346
-0.0953682
-0.107191
-0.115598
-0.119304
-0.117263
-0.109031
-0.0951453
-0.0777717
-0.0605913
-0.0451513
-0.0310019
-0.0178463
-0.0057941
0.00471237
0.0129659
0.0181467
0.019517
0.0167244
0.0101215
0.00127874
-0.00707838
-0.0137854
-0.0191398
-0.023293
-0.0260984
-0.0271877
-0.02609
-0.0223717
-0.0158765
-0.00694229
0.0031887
0.0125538
0.0207391
0.0278584
0.0337817
0.0381666
0.0405068
0.0402751
0.0370697
0.0308674
0.022246
0.0127977
0.00489776
-0.000829177
-0.00444445
-0.00593967
-0.00531555
-0.00273285
0.00133959
0.0058267
0.00927953
0.0117921
0.0136226
0.0148563
0.0154806
0.0153711
0.0143521
0.0122453
0.00897174
0.00464714
-0.000255674
-0.00492047
-0.00896936
-0.0124341
-0.0152889
-0.0174149
-0.0186377
-0.0187829
-0.0177491
-0.0156077
-0.0127283
-0.00983192
-0.00738998
-0.00523206
-0.00317266
-0.00113265
0.00087736
0.00274599
0.00427716
0.00520563
0.00524131
0.00411997
0.0016927
-0.00198469
-0.00649322
-0.0110746
-0.015482
-0.0199365
-0.0245885
-0.0294369
-0.0343069
-0.0388431
-0.0425092
-0.0446333
-0.0444723
-0.0413469
-0.0348008
-0.024854
-0.0122623
0.00117709
0.0135688
0.024955
0.0354562
0.0448739
0.0528162
0.0587205
0.0620009
0.0621803
0.0591503
0.0533856
0.0463952
0.040448
0.0357596
0.0317178
0.0278298
0.023733
0.0192249
0.0142488
0.00891073
0.00346075
-0.0017103
-0.00611573
-0.00921056
-0.0104878
-0.00956542
-0.00635938
-0.00121164
0.00479271
0.0101179
0.0149357
0.019602
0.0242815
0.0290196
0.0337012
0.0380743
0.0417573
0.0442862
0.0451793
0.0440363
0.0406771
0.0352982
0.0287196
0.0223366
0.0166444
0.0112923
0.00594739
0.000411176
-0.00538481
-0.0113612
-0.0172929
-0.022811
-0.0274381
-0.0306288
-0.0318653
-0.0307543
-0.0272117
-0.0216054
-0.0150952
-0.00932826
-0.00413455
0.000841046
0.00574175
0.0105747
0.0151783
0.0192515
0.0223797
0.0240941
0.0239622
0.0217019
0.0173493
0.0114314
0.00516454
-0.000241469
-0.00506472
-0.00973659
-0.0145481
-0.0197021
-0.0252718
-0.0312034
-0.0372939
-0.0431987
-0.0484349
-0.0524247
-0.0545484
-0.0542535
-0.0511802
-0.0453629
-0.0374327
-0.0288615
-0.0211368
-0.0140029
-0.00706206
-0.000128751
0.00683276
0.0136739
0.0200887
0.0256322
0.0297788
0.0320078
0.0319175
0.029399
0.0247989
0.0192333
0.014385
0.0104138
0.00686109
0.0033352
-0.000470758
-0.00475957
-0.00961982
-0.0150065
-0.0207236
-0.0264177
-0.031576
-0.0355594
-0.0376484
-0.0371523
-0.0335299
-0.0266122
-0.0167948
-0.0054333
0.00536929
0.0150897
0.0237614
0.0311867
0.0369768
0.0405867
0.041467
0.0391899
0.0337262
0.0256444
0.0166156
0.00895906
0.00227512
-0.00416496
-0.0108194
-0.0179728
-0.025648
-0.0336121
-0.0413488
-0.0480868
-0.0528511
-0.054573
-0.0522654
-0.0452562
-0.0335255
-0.0180742
-0.00133443
0.0141274
0.0284484
0.0418627
0.0541583
0.0648088
0.0730109
0.0778261
0.0783841
0.0741458
0.0652854
0.0530844
0.0403768
0.0299915
0.0214274
0.0138109
0.00651468
-0.000999149
-0.00913363
-0.0181971
-0.0283756
-0.0397337
-0.0521708
-0.0653988
-0.0788917
-0.0918742
-0.103303
-0.111931
-0.116386
-0.115393
-0.108009
-0.0940794
-0.0746131
-0.0526495
-0.0325054
-0.0139797
0.00352506
0.0199983
0.0350408
0.0478341
0.0572962
0.0622685
0.0617981
0.0555641
0.0442907
0.0305151
0.0181823
0.00801349
-0.00044971
-0.00729564
-0.0122796
-0.0148711
-0.0144506
-0.0104811
-0.00285562
0.00783552
0.0196961
0.0300026
0.0390079
0.0472137
0.0547088
0.0613141
0.066564
0.0698123
0.0703521
0.0675985
0.0613556
0.0520765
0.0413468
0.0316044
0.0230597
0.0150537
0.00708931
-0.00114045
-0.00972683
-0.0185526
-0.0272958
-0.0354572
-0.042411
-0.0474821
-0.0500695
-0.049794
-0.046713
-0.0415417
-0.0359023
-0.0314179
-0.0277808
-0.0244735
-0.0211313
-0.0174686
-0.013314
-0.00860815
-0.00342212
0.00203194
0.00739793
0.0121769
0.0157628
0.017485
0.016716
0.0129817
0.00618134
-0.00324318
-0.0138825
-0.0237416
-0.0331032
-0.0424787
-0.0520837
-0.0619105
-0.0716502
-0.0807099
-0.0882171
-0.0931031
-0.0942255
-0.0905836
-0.0816045
-0.0675228
-0.0498741
-0.0316866
-0.0149985
0.000777282
0.0162868
0.031754
0.0470465
0.0616431
0.0746932
0.0850957
0.0916627
0.0933495
0.08958
0.0806462
0.0682382
0.0556281
0.0449845
0.0355895
0.0265638
0.017359
0.00767555
-0.00249311
-0.0128847
-0.0229734
-0.0320297
-0.0391909
-0.0435966
-0.0445502
-0.0417643
-0.0356109
-0.0275302
-0.0199332
-0.013761
-0.00853999
-0.00377503
0.000903787
0.00577926
0.0110568
0.0168759
0.0233121
0.030378
0.0380121
0.0460675
0.0542932
0.0623243
0.0696757
0.0757591
0.0799211
0.0815264
0.0800721
0.0753729
0.0677625
0.0584345
0.0493656
0.0412338
0.0334988
0.0256311
0.0172901
0.00833978
-0.00110759
-0.0106717
-0.0196936
-0.0272723
-0.0323329
-0.0337744
-0.0306623
-0.0225275
-0.00969151
0.00624848
0.0223324
0.0361492
0.0465317
0.0529728
0.0549464
0.0520045
0.0441587
0.0322014
0.0183525
0.00592342
-0.00450812
-0.0133923
-0.0209094
-0.0269736
-0.0312638
-0.0333445
-0.0328066
-0.029483
-0.0236959
-0.0165774
-0.0101887
-0.00607142
-0.00425986
-0.00468771
-0.00735687
-0.0121451
-0.0186672
-0.0260091
-0.0327697
-0.0384825
-0.0435542
-0.0483975
-0.0533119
-0.0584701
-0.0638993
-0.0694677
-0.074888
-0.0797288
-0.0834586
-0.085504
-0.0853564
-0.0826932
-0.0775665
-0.0705904
-0.0631611
-0.0566752
-0.0508746
-0.0453272
-0.0397499
-0.0339398
-0.0278119
-0.0213831
-0.014788
-0.00826386
-0.00214454
0.00317625
0.0072873
0.00983532
0.0106173
0.0097067
0.00761091
0.00533257
0.00356661
0.00217172
0.000988199
-1.6128e-05
-0.000778017
-0.00114164
-0.000889154
0.000219059
0.00238606
0.00569247
0.0100106
0.0148483
0.0194319
0.0236888
0.0278056
0.0318973
0.035993
0.0400315
0.0438669
0.0472847
0.0500247
0.0518298
0.0524975
0.0519704
0.050413
0.0483687
0.0466605
0.0453922
0.0443771
0.0434679
0.0425538
0.0415642
0.0404571
0.0392194
0.0378562
0.0363893
0.0348487
0.0332693
0.0316834
0.0301185
0.0285899
0.0270995
0.0256294
0.0241438
0.0225872
0.0208908
0.0189783
0.0167859
0.014277
0.0114811
0.0084897
0.00532551
0.00202339
-0.00129535
-0.00441753
-0.00702952
-0.00874515
-0.00913453
-0.00780756
-0.00449431
0.000797636
0.00766593
0.0150493
0.0214319
0.0263993
0.0295795
0.0304236
0.0283941
0.0230707
0.0144234
0.00300703
-0.00955611
-0.0209675
-0.0312748
-0.0407135
-0.0491808
-0.0563702
-0.0617702
-0.0647867
-0.0648662
-0.061712
-0.0555244
-0.0473465
-0.0391768
-0.0323092
-0.0262211
-0.0202927
-0.0141153
-0.00746188
-0.000315258
0.00712395
0.0144457
0.0210471
0.0261993
0.0291219
0.0291373
0.0258204
0.0192681
0.0102939
0.000882428
-0.00625713
-0.010825
-0.0128518
-0.0122793
-0.00925261
-0.00423117
0.00166497
0.00683855
0.0111196
0.0148977
0.0184415
0.0218651
0.0250961
0.0278805
0.0297989
0.0303144
0.0288645
0.0249765
0.0184595
0.00958258
-0.000579798
-0.0103299
-0.0194146
-0.0280983
-0.0364486
-0.0443324
-0.0514104
-0.0571966
-0.0611178
-0.0626437
-0.0614284
-0.0575351
-0.0516573
-0.0453775
-0.0402894
-0.0361253
-0.0324305
-0.0289144
-0.0253615
-0.0216479
-0.0177078
-0.0135243
-0.00910498
-0.00446882
0.000369987
0.00540962
0.0106626
0.0161502
0.0218879
0.0278673
0.0340292
0.0402398
0.0462665
0.0517675
0.0562946
0.0593238
0.0603134
0.0588051
0.0545638
0.0477631
0.0392308
0.0305381
0.022716
0.0154129
0.0082042
0.000840732
-0.00678015
-0.0145798
-0.0223067
-0.0295347
-0.0357074
-0.0401866
-0.0423679
-0.0417968
-0.0383882
-0.0325932
-0.0257987
-0.0199676
-0.0149584
-0.0104092
-0.00619005
-0.00229312
0.00114271
0.0038902
0.00567327
0.00624887
0.00550439
0.00357197
0.000997415
-0.00128959
-0.00296418
-0.00427588
-0.00547659
-0.00675461
-0.00824266
-0.010016
-0.0120891
-0.0144146
-0.0168788
-0.0193044
-0.0214535
-0.0230453
-0.0237769
-0.0233704
-0.0216246
-0.018505
-0.0142227
-0.00940084
-0.00495983
-0.00100484
0.00269746
0.00635187
0.0101284
0.0141487
0.0184834
0.0231347
0.0280284
0.0329992
0.03779
0.0420527
0.0453733
0.0473087
0.0474623
0.0455726
0.0416591
0.0361701
0.0301619
0.0247155
0.0196899
0.0148661
0.0102045
0.00579371
0.00187003
-0.00122439
-0.00307524
-0.00328418
-0.00156486
0.00209901
0.0072946
0.0129891
0.018124
0.0228967
0.0275718
0.0322109
0.0367158
0.040805
0.0440471
0.0458965
0.0457812
0.0432119
0.0379572
0.0302273
0.0209786
0.0118618
0.00350369
-0.00442361
-0.012185
-0.019851
-0.0273147
-0.0342946
-0.0403747
-0.0450521
-0.0478405
-0.0483738
-0.0466001
-0.0429246
-0.0385594
-0.0351952
-0.032616
-0.0303637
-0.0281409
-0.0257181
-0.0229771
-0.0198878
-0.0165258
-0.013055
-0.00972852
-0.00685823
-0.00479096
-0.00384882
-0.00427211
-0.00611637
-0.00916738
-0.0127714
-0.0159322
-0.0183247
-0.0198704
-0.0204222
-0.0198083
-0.0178822
-0.0146213
-0.0102164
-0.0052356
-0.000583803
0.00343237
0.00707894
0.0106401
0.0143505
0.0183864
0.0228518
0.027755
0.032993
0.0383296
0.0433926
0.0476747
0.0505719
0.0514363
0.0496877
0.0449475
0.0372491
0.0272575
0.0165272
0.00667422
-0.00241109
-0.0109315
-0.0188345
-0.0259003
-0.0317502
-0.0359317
-0.0380145
-0.0377454
-0.03523
-0.0311827
-0.0270197
-0.0237127
-0.0210244
-0.0187036
-0.0166909
-0.0150732
-0.0140657
-0.013962
-0.0150592
-0.0175641
-0.0214621
-0.0263843
-0.0314594
-0.0357084
-0.0389142
-0.0408571
-0.041185
-0.0395409
-0.0356491
-0.029507
-0.0215307
-0.0128831
-0.00522252
0.00131402
0.00668409
0.0106209
0.01276
0.0127041
0.0101688
0.00516913
-0.00176088
-0.00932496
-0.0161702
-0.0224464
-0.028337
-0.033732
-0.0382933
-0.0414592
-0.042533
-0.0407947
-0.0356829
-0.027025
-0.015315
-0.00206054
0.0101112
0.0191913
0.0250023
0.0275944
0.0271247
0.0241146
0.0197507
0.0158629
0.0131882
0.0114598
0.0104501
0.0101054
0.0105238
0.0119297
0.0146144
0.0188467
0.0247486
0.0321468
0.0403843
0.0482458
0.0547323
0.059603
0.0626121
0.0634536
0.0618887
0.0579148
0.0519337
0.0450735
0.0390001
0.0338666
0.0292211
0.0247019
0.0200592
0.0151797
0.0100846
0.00493539
2.1245e-05
-0.00426739
-0.00748135
-0.00918832
-0.00905693
-0.00700272
-0.00330562
0.00112038
0.00496949
0.00838461
0.0116553
0.0149026
0.0181394
0.0212442
0.0239825
0.0260269
0.0269987
0.0265402
0.0243926
0.0205363
0.0152944
0.00958626
0.0046809
0.000441179
-0.0034617
-0.00725755
-0.0111535
-0.0153038
-0.019828
-0.0247908
-0.0302026
-0.0359965
-0.042022
-0.0480249
-0.0536507
-0.0584467
-0.0619
-0.063486
-0.0627698
-0.0595198
-0.0538894
-0.0465944
-0.0391216
-0.0329899
-0.0281875
-0.0245262
-0.0218994
-0.0201505
-0.0190378
-0.018101
-0.0167275
-0.014835
-0.0125623
-0.0100259
-0.00731591
-0.0044896
-0.00158307
0.00138247
0.00438268
0.0073759
0.0102826
0.0129756
0.0152696
0.0169311
0.0176929
0.0173012
0.015566
0.0124621
0.00820821
0.0034568
-0.000868927
-0.00482464
-0.00855665
-0.0120854
-0.0153541
-0.018219
-0.0204815
-0.0219202
-0.0223469
-0.0216812
-0.0200342
-0.0178387
-0.0158245
-0.0142682
-0.0130148
-0.0119115
-0.0108534
-0.0097712
-0.00862372
-0.00738966
-0.00605588
-0.00460936
-0.00302794
-0.00127531
0.000701448
0.00296788
0.00559185
0.00862652
0.0120822
0.0158978
0.0198799
0.023755
0.0276068
0.0315546
0.0356704
0.0399747
0.0444191
0.0488706
0.053107
0.0568136
0.0596094
0.061075
0.0608294
0.0586046
0.0543961
0.0485725
0.0421559
0.0365492
0.0315783
0.0268581
0.0221259
0.0171724
0.0118847
0.00623768
0.000318974
-0.00567408
-0.0114277
-0.0165334
-0.0205138
-0.0228883
-0.0232523
-0.0214117
-0.0175194
-0.0123127
-0.00707417
-0.00233877
0.0020557
0.00618464
0.00994672
0.0130766
0.0151787
0.0157765
0.0144129
0.0107675
0.00484189
-0.0028537
-0.0110785
-0.018515
-0.0251811
-0.0311382
-0.0362129
-0.0400951
-0.0423586
-0.0425827
-0.0404518
-0.0359656
-0.0295882
-0.0226215
-0.0168573
-0.0120612
-0.0077272
-0.00350303
0.000910328
0.00571299
0.0110276
0.0168749
0.0231774
0.0297426
0.0362659
0.0423296
0.0474284
0.0510049
0.0525259
0.051577
0.0480164
0.0421352
0.0349274
0.0280234
0.0220301
0.016579
0.0112832
0.00585685
0.00010496
-0.00605871
-0.0126062
-0.0193798
-0.0260986
-0.0323586
-0.0376687
-0.0414886
-0.0433212
-0.0428038
-0.0398865
-0.0349645
-0.0292096
-0.0242596
-0.0199493
-0.0159038
-0.0119266
-0.00791753
-0.00391044
-4.60755e-05
0.00343263
0.00621986
0.00799184
0.00847848
0.00755717
0.00535828
0.00242648
-0.000312106
-0.00252096
-0.00442395
-0.00624749
-0.0081527
-0.0102452
-0.0125694
-0.0151092
-0.0177842
-0.020455
-0.0229261
-0.0249648
-0.0263199
-0.0267656
-0.0261431
-0.0244412
-0.0218559
-0.018936
-0.016441
-0.0143141
-0.0123933
-0.0105775
-0.00878262
-0.00695227
-0.00504332
-0.00302614
-0.000877408
0.00141959
0.00387595
0.00649294
0.00925622
0.0121273
0.0150339
0.0178623
0.0204526
0.0226023
0.0240779
0.0246446
0.024108
0.0223819
0.019563
0.016058
0.012562
0.00933625
0.00624061
0.00316854
0.000106638
-0.00286647
-0.00558097
-0.00779105
-0.00920344
-0.00952681
-0.00853856
-0.00617873
-0.00265132
0.00142621
0.00504824
0.00767932
0.00924483
0.00968326
0.00893598
0.00704569
0.00422907
0.00104721
-0.00172365
-0.00414445
-0.00634531
-0.00832958
-0.0100063
-0.0111757
-0.0115586
-0.0108308
-0.00869262
-0.00495912
0.000317704
0.00669174
0.0132558
0.0193791
0.0251905
0.0308043
0.036178
0.0411396
0.0453952
0.0485697
0.0502686
0.0501655
0.0481313
0.0443716
0.0396492
0.0352357
0.0315941
0.0284151
0.0253814
0.0222549
0.01887
0.0151366
0.0110469
0.00667607
0.00218626
-0.00218061
-0.00611256
-0.00925824
-0.0112643
-0.0118438
-0.0108516
-0.00840066
-0.00497263
-0.00154461
0.000858216
0.00211274
0.00219796
0.00106355
-0.00125489
-0.00457138
-0.00840576
-0.0120117
-0.0151358
-0.0179867
-0.020771
-0.0236269
-0.0266156
-0.029708
-0.0327781
-0.0356035
-0.0378821
-0.0392597
-0.0393866
-0.0379844
-0.0349591
-0.0305033
-0.0252967
-0.0203949
-0.0160061
-0.0120291
-0.00846045
-0.00538712
-0.00297316
-0.00141271
-0.000881082
-0.00145066
-0.00300743
-0.00511141
-0.00702077
-0.00846611
-0.00962446
-0.0106635
-0.0116884
-0.0127501
-0.0138486
-0.0149404
-0.0159512
-0.0167899
-0.0173705
-0.0176339
-0.0175795
-0.0172886
-0.0169755
-0.0169295
-0.0171202
-0.0174557
-0.0178324
-0.0181137
-0.0181284
-0.0176737
-0.0165274
-0.0144805
-0.0113757
-0.00718058
-0.00204985
0.00353585
0.00887711
0.0139246
0.0186546
0.0229185
0.0264885
0.0290688
0.0303552
0.0300982
0.0282131
0.0248897
0.0207781
0.0169466
0.0138053
0.0111317
0.00869549
0.00632195
0.00387949
0.0012724
-0.00156297
-0.00466468
-0.00804428
-0.0116885
-0.0155518
-0.0195543
-0.0235711
-0.0274326
-0.03092
-0.0337813
-0.0357469
-0.036577
-0.0361073
-0.0343439
-0.031532
-0.0283331
-0.0256545
-0.0234227
-0.0214364
-0.0195694
-0.0177195
-0.0158236
-0.0138404
-0.0117514
-0.00954949
-0.00723675
-0.00481614
-0.00229094
0.000336679
0.00306312
0.00587894
0.00876103
0.0116657
0.0145205
0.0172209
0.0196287
0.021581
0.0229055
0.0234522
0.0231309
0.0219735
0.0201967
0.0182765
0.0166843
0.0153266
0.0140504
0.0127537
0.0113655
0.00985993
0.00825393
0.00661291
0.00504681
0.00370578
0.00276556
0.00240681
0.00278201
0.00397165
0.00592803
0.00840116
0.0109139
0.0131565
0.0152473
0.0173332
0.019514
0.0218492
0.024345
0.0269499
0.0295483
0.031961
0.0339537
0.0352567
0.0355985
0.0347566
0.0326271
0.0293115
0.0252312
0.0211639
0.0176323
0.0144973
0.0115618
0.00867342
0.00569973
0.00253537
-0.000900129
-0.00465315
-0.0087296
-0.0130807
-0.0175916
-0.0220682
-0.026234
-0.0297342
-0.0321589
-0.0330876
-0.0321616
-0.0291885
-0.0242763
-0.0180156
-0.0115468
-0.00565974
-0.000196166
0.00501713
0.0100028
0.0146627
0.018783
0.0220675
0.0241898
0.0248663
0.0239664
0.0216294
0.0184538
0.0154636
0.0130254
0.0108863
0.00881356
0.00667292
0.00442459
0.00212361
-8.44783e-05
-0.00198161
-0.00330021
-0.00377021
-0.00316995
-0.00141289
0.00137641
0.00471405
0.00783563
0.0105739
0.0129737
0.0149982
0.0165402
0.0174355
0.0175086
0.0166153
0.0147252
0.0119893
0.00888383
0.00612161
0.00375311
0.00156002
-0.000639732
-0.00298309
-0.00554764
-0.00834763
-0.0113215
-0.0143297
-0.0171522
-0.019501
-0.0210404
-0.0214317
-0.0203909
-0.0177821
-0.0137172
-0.00872175
-0.00370996
0.00093382
0.00531715
0.0094855
0.0133572
0.0167341
0.0193247
0.0207819
0.0207739
0.0190719
0.015684
0.0109959
0.00593327
0.00143599
-0.00267739
-0.0066657
-0.0106339
-0.0145711
-0.0183324
-0.0216596
-0.0242047
-0.025583
-0.0254454
-0.0235835
-0.0200576
-0.0153668
-0.0105151
-0.00621436
-0.00235612
0.0011668
0.00431707
0.00695465
0.00885139
0.00974551
0.0094006
0.00770618
0.004778
0.00112847
-0.00236328
-0.00539304
-0.00819614
-0.0109812
-0.0138583
-0.0168355
-0.0198175
-0.0226053
-0.0249162
-0.0264086
-0.0267394
-0.0256264
-0.0229594
-0.0188987
-0.0140729
-0.00946926
-0.0052238
-0.00116197
0.00278563
0.0065746
0.0100398
0.0129188
0.0148777
0.0155705
0.01471
0.0121817
0.00815943
0.00329897
-0.00130643
-0.00526181
-0.00883952
-0.0123185
-0.015906
-0.019743
-0.0238969
-0.0283558
-0.0330221
-0.0377112
-0.0421548
-0.0460177
-0.0489245
-0.0505112
-0.0504914
-0.0487583
-0.0454919
-0.0413383
-0.0373654
-0.0339936
-0.0310216
-0.0282435
-0.0255151
-0.0227397
-0.0198621
-0.0168613
-0.01374
-0.0105158
-0.0072112
-0.0038451
-0.000425768
0.00305268
0.00661086
0.0102791
0.0140903
0.0180671
0.0222052
0.0264573
0.0307161
0.0348045
0.0384706
0.0414025
0.0432527
0.043697
0.042501
0.0396403
0.0354008
0.0305965
0.0263916
0.0228848
0.0201029
0.0182178
0.0174631
0.0180886
0.0202743
0.0240072
0.0289696
0.0343109
0.0388313
0.0424508
0.0451804
0.046895
0.0474271
0.0466059
0.0443583
0.0408146
0.0364616
0.0321971
0.0285861
0.0253691
0.0222326
0.018956
0.0154001
0.0115324
0.00743149
0.00329816
-0.000553087
-0.00371045
-0.00570795
-0.00608647
-0.00448969
-0.000783611
0.00479113
0.0114351
0.0177256
0.0225644
0.0258218
0.0274586
0.0274276
0.0258226
0.0229693
0.0196385
0.0169235
0.0149604
0.0134904
0.0122937
0.0111941
0.0100686
0.00883565
0.00745578
0.00591921
0.00424072
0.00244658
0.000568357
-0.00136677
-0.00333913
-0.00534185
-0.00737867
-0.00946253
-0.0116081
-0.0138253
-0.0161081
-0.0184258
-0.0207122
-0.0228627
-0.0247324
-0.0261463
-0.026917
-0.0268785
-0.0259329
-0.0241128
-0.0216628
-0.0190765
-0.0167185
-0.01458
-0.0126709
-0.0110915
-0.0100057
-0.00962811
-0.0101761
-0.0118234
-0.014608
-0.0183596
-0.0225333
-0.026342
-0.0298094
-0.0330165
-0.0359206
-0.0383997
-0.0402557
-0.0412536
-0.0411712
-0.0398685
-0.0373846
-0.0340409
-0.0305553
-0.027647
-0.0251918
-0.0229755
-0.0208524
-0.0187037
-0.0164476
-0.014024
-0.0113977
-0.00855033
-0.00548508
-0.00222586
0.00117518
0.00463435
0.00802858
0.0111955
0.0139344
0.0160225
0.0172368
0.0173974
0.0164225
0.0144043
0.0117073
0.00900247
0.00672533
0.00472027
0.00278281
0.000761348
-0.00145563
-0.00392105
-0.00662426
-0.00947649
-0.0123091
-0.0148704
-0.0168422
-0.0178632
-0.0175836
-0.0157271
-0.0122028
-0.00720462
-0.00141243
0.00411732
0.00915401
0.0137599
0.017884
0.0213709
0.0239761
0.0254229
0.0254632
0.023986
0.0211263
0.0174489
0.0139208
0.010897
0.0081632
0.00554027
0.002962
0.000466178
-0.00180945
-0.00364809
-0.00478526
-0.00496287
-0.00399267
-0.00185193
0.00122919
0.00461383
0.00735017
0.00914846
0.00998281
0.00981284
0.0086299
0.00652819
0.00379002
0.00097621
-0.00137111
-0.00337619
-0.00523156
-0.00706356
-0.00894976
-0.0109009
-0.0128635
-0.0147173
-0.0162877
-0.0173621
-0.0177229
-0.0171894
-0.0156808
-0.0132826
-0.0103552
-0.00751101
-0.00497517
-0.00260543
-0.000266139
0.00212589
0.00460479
0.00715231
0.00969959
0.012131
0.0142961
0.0160251
0.0171596
0.0175838
0.0172816
0.0163795
0.0152496
0.0144111
0.0138151
0.0133413
0.0129151
0.0124778
0.0119952
0.0114479
0.0108321
0.0101528
0.00942217
0.00865481
0.00786559
0.00706641
0.00626478
0.0054624
0.00465552
0.00383551
0.00299116
0.00211166
0.00119063
0.000230736
-0.000751706
-0.00172225
-0.00262591
-0.00338675
-0.00391239
-0.00410233
-0.00386506
-0.00313979
-0.00193093
-0.000344808
0.00136684
0.00295141
0.00446596
0.00598861
0.00755207
0.00914977
0.0107267
0.0121807
0.0133667
0.0141097
0.0142304
0.0135787
0.0120896
0.00983737
0.00713822
0.00450016
0.00201454
-0.000366719
-0.00261874
-0.00464158
-0.00626292
-0.00726311
-0.00740538
-0.00649212
-0.00442683
-0.00130839
0.00248889
0.00616973
0.00863829
0.00956704
0.00900805
0.00714372
0.00437535
0.00142676
-0.0010082
-0.00303633
-0.00485421
-0.00658705
-0.00830951
-0.0100229
-0.0116599
-0.013083
-0.0141037
-0.0145047
-0.0140869
-0.0127198
-0.010421
-0.0074321
-0.00430864
-0.001652
0.00046657
0.00199889
0.00282384
0.00280998
0.00184727
-7.18665e-05
-0.00279053
-0.00585079
-0.00857577
-0.0109105
-0.0130526
-0.0151649
-0.0173681
-0.0197278
-0.0222544
-0.0248944
-0.0275338
-0.0299983
-0.0320692
-0.0335017
-0.0340645
-0.0335825
-0.0320125
-0.029507
-0.026548
-0.0238598
-0.0215419
-0.0194404
-0.0174337
-0.0154306
-0.0133744
-0.0112322
-0.0089952
-0.00667007
-0.00427621
-0.00183696
0.000623084
0.00308561
0.00554012
0.00798969
0.0104494
0.0129468
0.0155164
0.0181943
0.021007
0.023961
0.027027
0.0301294
0.0331334
0.0358429
0.038003
0.0393203
0.0394964
0.038285
0.03557
0.0314671
0.0264573
0.0214323
0.0169723
0.0128687
0.00885029
0.00471799
0.000328559
-0.00438283
-0.00939631
-0.0145893
-0.0197347
-0.0244983
-0.0284617
-0.0311522
-0.032116
-0.0309986
-0.0276921
-0.0224638
-0.0162227
-0.0103625
-0.00510254
-0.000217935
0.00439839
0.00873383
0.0126512
0.0159257
0.0182749
0.019432
0.0192197
0.0176714
0.015147
0.0124706
0.0104651
0.008962
0.00768638
0.00644477
0.00508072
0.00349169
0.00161831
-0.000546679
-0.00296076
-0.00552454
-0.00808424
-0.0104312
-0.0123155
-0.0134627
-0.013614
-0.0125704
-0.0102741
-0.00688087
-0.00290692
0.000855629
0.00425104
0.00735809
0.0101847
0.0126705
0.0146948
0.0161067
0.0167606
0.0165731
0.0155895
0.0140743
0.0125457
0.0113598
0.0104329
0.00967447
0.00906197
0.00862228
0.00842735
0.00857323
0.0091566
0.0102376
0.011797
0.0136777
0.0155638
0.017257
0.0188611
0.0204907
0.0222161
0.024065
0.0260133
0.0279811
0.0298323
0.031379
0.0323982
0.0326543
0.0319441
0.0301458
0.0272994
0.0236838
0.019911
0.0165896
0.0136166
0.0108066
0.00802653
0.00516329
0.00213827
-0.00109834
-0.00455737
-0.0082105
-0.0119809
-0.0157434
-0.019321
-0.0224958
-0.0250225
-0.0266612
-0.0272185
-0.0266161
-0.0249617
-0.02267
-0.0204384
-0.018558
-0.0169365
-0.0155036
-0.0142566
-0.0132484
-0.0125751
-0.0123545
-0.0126938
-0.0136449
-0.015154
-0.0169828
-0.0187204
-0.0202323
-0.0216414
-0.0230617
-0.02456
-0.026156
-0.0278162
-0.0294539
-0.0309302
-0.0320657
-0.0326566
-0.0325083
-0.0314718
-0.0295086
-0.0267469
-0.0235981
-0.0206805
-0.0180578
-0.0155682
-0.0130804
-0.0104986
-0.00777246
-0.00489815
-0.0019264
0.00103841
0.00383685
0.00626756
0.00810144
0.00911747
0.00914154
0.00811773
0.00617
0.00373326
0.00147278
-0.000546809
-0.00249336
-0.00447966
-0.00655309
-0.00867971
-0.0107473
-0.0125615
-0.0138662
-0.0143638
-0.013769
-0.0118644
-0.00860288
-0.00418977
0.000728445
0.00522621
0.00934868
0.0132263
0.0168647
0.0201935
0.0230647
0.0252846
0.0266547
0.0270246
0.0263784
0.0249044
0.023155
0.0218995
0.0210348
0.0203477
0.0196967
0.0189714
0.0181097
0.0170866
0.0159209
0.0146682
0.0134202
0.0122952
0.0114293
0.0109554
0.0109832
0.011562
0.0126467
0.0140338
0.0153914
0.0166298
0.0177328
0.0186306
0.0192028
0.0192878
0.0187076
0.017303
0.0149856
0.0118029
0.00802668
0.00418581
0.000633952
-0.00273509
-0.0060404
-0.00933003
-0.0125938
-0.0157577
-0.0186944
-0.0212358
-0.0232001
-0.0244276
-0.0248318
-0.0244601
-0.0235756
-0.0226834
-0.0221244
-0.0218022
-0.0215923
-0.0214108
-0.0211973
-0.0209163
-0.0205503
-0.0200975
-0.0195662
-0.0189718
-0.0183327
-0.0176682
-0.0169951
-0.0163274
-0.0156745
-0.0150407
-0.0144253
-0.0138219
-0.0132204
-0.0126182
-0.0120138
-0.0114064
-0.0107964
-0.0101861
-0.00957895
-0.0089801
-0.0083949
-0.00782832
-0.00728295
-0.00675761
-0.00624502
-0.00573049
-0.005191
-0.00459482
-0.00390327
-0.00307408
-0.00206816
-0.000858024
0.000558874
0.00214733
0.00380929
0.00540119
0.00690616
0.00836068
0.00979914
0.0112527
0.0127486
0.0143085
0.0159462
0.0176636
0.019447
0.0212632
0.0230558
0.0247441
0.026226
0.0273845
0.0281018
0.028281
0.0278764
0.026932
0.0256331
0.0243235
0.0232356
0.0223101
0.0214665
0.0206494
0.0198177
0.0189462
0.0180211
0.0170397
0.016006
0.01493
0.0138241
0.0127012
0.0115733
0.0104497
0.0093359
0.00823357
0.00713957
0.00604686
0.00494515
0.00382275
0.00266854
0.00147506
0.000241891
-0.00102048
-0.00228751
-0.00351821
-0.00465421
-0.00562262
-0.00634161
-0.0067328
-0.00673645
-0.00633783
-0.00559171
-0.00467098
-0.00383679
-0.00312432
-0.00248025
-0.00186796
-0.00126878
-0.0006834
-0.00012823
0.000367409
0.000768178
0.00104061
0.0011647
0.00114663
0.00103531
0.000928583
0.000899957
0.000948758
0.00107113
0.00126795
0.00153619
0.00186177
0.0022113
0.00252465
0.00271011
0.00264359
0.00217537
0.00114515
-0.000590798
-0.00312005
-0.00642052
-0.0102883
-0.0143071
-0.0181898
-0.0219999
-0.0257864
-0.0295103
-0.0330533
-0.0362139
-0.0387284
-0.0402947
-0.0406322
-0.0395408
-0.0370143
-0.0333254
-0.0292327
-0.0257815
-0.0228612
-0.0202072
-0.0176387
-0.0150016
-0.0121897
-0.00913161
-0.00580001
-0.00220996
0.00157462
0.00543991
0.009221
0.0127051
0.0156461
0.0177844
0.0188895
0.0188051
0.0175339
0.0153024
0.0127197
0.0106211
0.00894442
0.00750759
0.00619287
0.00489773
0.00354936
0.00208886
0.000475331
-0.00132142
-0.00331611
-0.00550872
-0.00787593
-0.0103665
-0.0128913
-0.015319
-0.0174724
-0.0191364
-0.0200718
-0.020049
-0.0188906
-0.0165424
-0.0131465
-0.00916482
-0.005349
-0.0019996
0.00101699
0.00384409
0.0065906
0.00934341
0.0121717
0.0151332
0.0182768
0.0216428
0.0252592
0.0291344
0.0332455
0.0375247
0.0418437
0.0460035
0.0497298
0.0526822
0.0544795
0.0547506
0.0532066
0.0497523
0.0446075
0.0385045
0.032644
0.0275011
0.0228588
0.0184893
0.0142303
0.0099629
0.00560686
0.00110567
-0.00357954
-0.00848185
-0.0136287
-0.0190464
-0.024749
-0.0307313
-0.0369461
-0.0432913
-0.0495843
-0.0555567
-0.0608437
-0.065011
-0.0675834
-0.0681312
-0.0663546
-0.0622574
-0.0562741
-0.0495944
-0.0438513
-0.0388784
-0.0342739
-0.0297793
-0.0251918
-0.0204016
-0.0153684
-0.0101339
-0.00480457
0.000451339
0.00542838
0.00990074
0.0136645
0.0165725
0.0186044
0.019913
0.0209499
0.0223326
0.0239362
0.0255188
0.0268761
0.0278114
0.0281692
0.0278448
0.0268309
0.0252432
0.0234026
0.0217497
0.0202685
0.0188827
0.0175495
0.0162338
0.0149149
0.0135763
0.0122069
0.0107955
0.00932957
0.0077936
0.00617103
0.00444654
0.00261216
0.000674297
-0.00133716
-0.00336002
-0.00529286
-0.00699183
-0.00827516
-0.00893564
-0.00876856
-0.00760987
-0.00539842
-0.00224217
0.0014686
0.00508717
0.00838476
0.0115274
0.0146764
0.017935
0.0213448
0.0248774
0.0284281
0.0318173
0.0347989
0.0370824
0.0383692
0.0384082
0.0370718
0.03445
0.0309754
0.0274646
0.024472
0.0218594
0.0194415
0.0170945
0.0147285
0.0122892
0.00974654
0.00708918
0.00431611
0.00143105
-0.00156208
-0.00466188
-0.00786829
-0.0111794
-0.0145837
-0.0180541
-0.0215373
-0.0249472
-0.0281599
-0.031017
-0.0333348
-0.0349273
-0.0356399
-0.0354005
-0.0342826
-0.0325901
-0.0308861
-0.0295502
-0.0284844
-0.0275563
-0.0266748
-0.0257724
-0.0248072
-0.0237567
-0.0226146
-0.0213861
-0.0200836
-0.0187232
-0.0173225
-0.0158971
-0.0144604
-0.0130227
-0.0115916
-0.0101724
-0.00876905
-0.00738413
-0.0060202
-0.00467872
-0.00336003
-0.00206235
-0.000780563
0.000494809
0.00177871
0.00309049
0.00444673
0.00586123
0.00734278
0.00889
0.010486
0.0120925
0.0136464
0.0150576
0.0162125
0.0169826
0.0172421
0.016892
0.0158987
0.0143344
0.0124449
0.0106336
0.00906069
0.00765266
0.00633444
0.00505293
0.00377147
0.00246576
0.00112093
-0.00027391
-0.00172746
-0.00325068
-0.00485572
-0.00655632
-0.00836216
-0.0102748
-0.0122776
-0.0143292
-0.0163529
-0.0182344
-0.0198178
-0.0209174
-0.0213306
-0.0208755
-0.0194268
-0.0169911
-0.0137606
-0.010252
-0.00717015
-0.00443265
-0.00184831
0.00071814
0.00338251
0.00622058
0.00927286
0.0125319
0.015941
0.0193853
0.0226952
0.0256488
0.0279907
0.0294558
0.0298179
0.0289446
0.0268839
0.0239514
0.0208332
0.0182136
0.0159902
0.0139703
0.0120191
0.010023
0.00790125
0.00559703
0.00308373
0.000362581
-0.00253136
-0.00552838
-0.00851946
-0.0113588
-0.0138671
-0.0158459
-0.0170985
-0.0174662
-0.0168764
-0.0154045
-0.0133566
-0.0112964
-0.0096035
-0.0081799
-0.00688958
-0.00563405
-0.00433598
-0.00294266
-0.00142276
0.000232904
0.00201235
0.00388206
0.0057872
0.00765337
0.00938924
0.0108937
0.0120652
0.0128192
0.0131085
0.0129544
0.0124783
0.0119388
0.011593
0.0114036
0.011297
0.0112155
0.0111045
0.0109146
0.0106005
0.0101226
0.00945141
0.00857235
0.00749684
0.00626994
0.00499297
0.00379815
0.00267749
0.0015997
0.00053831
-0.000535116
-0.00164657
-0.00281988
-0.00407171
-0.00540836
-0.00681973
-0.00827522
-0.00971872
-0.0110676
-0.0122136
-0.0130319
-0.0133941
-0.0131934
-0.0123763
-0.0109851
-0.00921103
-0.00741688
-0.00588746
-0.00466324
-0.00378761
-0.00334102
-0.00340974
-0.00406199
-0.00530116
-0.00702535
-0.00894914
-0.0106435
-0.0119929
-0.0129972
-0.0136254
-0.0138281
-0.0135557
-0.0127918
-0.0115904
-0.0101274
-0.00871923
-0.00757265
-0.00661782
-0.00576336
-0.00494079
-0.00409548
-0.00318927
-0.00219716
-0.00110848
7.44038e-05
0.00133515
0.0026437
0.00395536
0.00521184
0.00634266
0.00727081
0.00792048
0.00823058
0.0081727
0.00777492
0.00715281
0.00652002
0.0060214
0.00562201
0.00527371
0.00494392
0.00460881
0.00425434
0.00387343
0.00346512
0.00303212
0.00257919
0.00211098
0.00163084
0.00113958
0.000635292
0.000113563
-0.000431081
-0.00100329
-0.00160409
-0.00222798
-0.00285973
-0.00347218
-0.00402484
-0.00446539
-0.00473323
-0.00476784
-0.00452017
-0.00397097
-0.00315011
-0.00216819
-0.00121223
-0.000376201
0.000333849
0.000901637
0.00129384
0.00146915
0.00139047
0.00104141
0.000447439
-0.000297068
-0.001019
-0.0016031
-0.00208284
-0.00250374
-0.00290003
-0.00330089
-0.00372977
-0.00420637
-0.00474615
-0.00536019
-0.00605291
-0.00681966
-0.00764258
-0.00848701
-0.00929774
-0.00999781
-0.0104897
-0.0106626
-0.0104042
-0.00962174
-0.00827057
-0.00639268
-0.00416657
-0.00192484
0.000117467
0.00204066
0.00394701
0.00590807
0.00797013
0.0101444
0.0124048
0.0146819
0.0168642
0.0187999
0.020311
0.0212105
0.0213373
0.0205956
0.0190174
0.0168256
0.0145072
0.0125435
0.0108372
0.00922352
0.00758028
0.00580796
0.00384365
0.00166342
-0.000707432
-0.00318841
-0.00563983
-0.00786376
-0.00961525
-0.010623
-0.010629
-0.00943905
-0.00700118
-0.00348628
0.000583184
0.00435833
0.00738884
0.00961586
0.010974
0.0113835
0.0108057
0.00931874
0.00719646
0.00500099
0.00327946
0.00191238
0.000709408
-0.000458504
-0.00168073
-0.00299152
-0.00437407
-0.00575811
-0.00702756
-0.00803163
-0.00860416
-0.00859291
-0.00789567
-0.00651267
-0.00460087
-0.00253612
-0.000697061
0.000995384
0.00266126
0.00436881
0.00615019
0.00798951
0.00982636
0.0115536
0.0130275
0.0140788
0.0145405
0.0142776
0.0132408
0.0115152
0.00941718
0.00743844
0.00563289
0.00389079
0.00214781
0.000394016
-0.00132177
-0.00289461
-0.00417345
-0.00497722
-0.00512757
-0.00448612
-0.00301704
-0.000842077
0.00165424
0.0038807
0.00565357
0.00693605
0.00764411
0.00767369
0.00692914
0.00538746
0.00315012
0.000555178
-0.00187854
-0.00408271
-0.00615101
-0.0081123
-0.00992727
-0.0114819
-0.0126076
-0.0130972
-0.0127531
-0.0114315
-0.00912783
-0.00604008
-0.00271321
8.34199e-05
0.00226964
0.0038273
0.00466187
0.00467688
0.00379852
0.00206013
-0.000345931
-0.00292732
-0.00501892
-0.00670474
-0.00817211
-0.00955414
-0.0109658
-0.0124881
-0.0141761
-0.016053
-0.0181112
-0.0203087
-0.0225682
-0.0247777
-0.0267927
-0.0284461
-0.0295613
-0.0299816
-0.0295996
-0.0284149
-0.0265772
-0.0244941
-0.0227254
-0.0212262
-0.0198716
-0.0185832
-0.017296
-0.0159698
-0.0145782
-0.0131113
-0.0115681
-0.00995688
-0.00828993
-0.00658287
-0.00485077
-0.00310936
-0.00137132
0.000352108
0.00205341
0.00372748
0.00537402
0.00699634
0.00860348
0.0102084
0.0118298
0.0134885
0.0152067
0.0170019
0.0188835
0.0208442
0.0228551
0.0248569
0.0267587
0.0284356
0.0297379
0.0305015
0.0305784
0.0298658
0.0283652
0.0262253
0.0238519
0.0218024
0.020033
0.0184215
0.0168914
0.0153792
0.0138435
0.0122537
0.0105898
0.00883639
0.00698228
0.00501803
0.00293914
0.000747911
-0.00153921
-0.0038858
-0.00622717
-0.00846633
-0.0104705
-0.0120776
-0.0131075
-0.0133896
-0.0127955
-0.0112993
-0.00903039
-0.00638464
-0.00395364
-0.00179765
0.000236542
0.00227017
0.00438489
0.00661224
0.00893295
0.0112716
0.0134998
0.0154431
0.0168975
0.0176577
0.0175551
0.0165154
0.0146206
0.0122095
0.00985767
0.00778686
0.00588512
0.00405211
0.00224051
0.000450262
-0.00127322
-0.00284765
-0.00416552
-0.0051155
-0.00560699
-0.00560933
-0.00518666
-0.00456497
-0.00409156
-0.00380807
-0.00363443
-0.00350808
-0.00338319
-0.00323062
-0.00303266
-0.00278146
-0.00247516
-0.00211603
-0.00170815
-0.00125673
-0.000767769
-0.000249012
0.00028861
0.000829179
0.00134985
0.00181992
0.00220101
0.00244952
0.00252149
0.00238097
0.00201167
0.00143227
0.000716307
-7.57806e-07
-0.000626735
-0.00118254
-0.0016977
-0.00219245
-0.00268285
-0.00318032
-0.00369444
-0.00423306
-0.00480398
-0.00541438
-0.00607091
-0.00677733
-0.00753271
-0.00832723
-0.00913958
-0.00993277
-0.0106532
-0.0112301
-0.0115805
-0.011617
-0.0112637
-0.010475
-0.00926674
-0.0077476
-0.00615632
-0.00472862
-0.00341525
-0.00213636
-0.000837686
0.000518856
0.0019474
0.00343836
0.00495447
0.00643229
0.00778356
0.0089035
0.00968128
0.0100202
0.00986115
0.00921822
0.00821527
0.0071279
0.00623375
0.00549447
0.00483825
0.00421908
0.00360109
0.00296174
0.00228603
0.00156595
0.000796692
-2.41258e-05
-0.000898257
-0.00182607
-0.00280604
-0.00383197
-0.00489022
-0.00595612
-0.00699133
-0.00794217
-0.00874064
-0.00930897
-0.00956887
-0.00945621
-0.00894199
-0.00805902
-0.00693737
-0.00581632
-0.00485704
-0.00401779
-0.00324062
-0.00248348
-0.00171245
-0.000903331
-3.93293e-05
0.000888313
0.00188111
0.00293215
0.00402598
0.00513719
0.00623029
0.0072596
0.00817186
0.00890993
0.00942092
0.00966624
0.00963789
0.00937489
0.00899111
0.00866687
0.00847441
0.00837983
0.00834003
0.00831114
0.00824461
0.008086
0.00777573
0.00725218
0.00645893
0.00535526
0.00393308
0.00223576
0.00038911
-0.00140724
-0.00308173
-0.00468535
-0.00627557
-0.00790115
-0.00960129
-0.011401
-0.0133064
-0.015299
-0.0173304
-0.0193186
-0.0211473
-0.0226715
-0.0237281
-0.024158
-0.0238364
-0.02272
-0.0208966
-0.0186689
-0.0165346
-0.0146792
-0.0129904
-0.0113522
-0.00968037
-0.00792005
-0.00604895
-0.00407877
-0.00205658
-6.34499e-05
0.00178954
0.00337112
0.00454421
0.0051899
0.00523587
0.00469953
0.00373153
0.00266612
0.00183807
0.00119423
0.000638258
0.000103348
-0.00046518
-0.00110363
-0.00183391
-0.00266037
-0.00357079
-0.00453438
-0.00550247
-0.00640877
-0.00717353
-0.00770912
-0.00793191
-0.00777678
-0.00722066
-0.00630702
-0.00518666
-0.00410797
-0.00316944
-0.00232594
-0.00153083
-0.000751483
3.4368e-05
0.000839646
0.00167056
0.00252845
0.00341213
0.00431993
0.0052514
0.00620833
0.0071947
0.00821565
0.00927554
0.0103749
0.0115065
0.0126516
0.0137765
0.0148305
0.0157462
0.0164438
0.0168392
0.0168592
0.0164605
0.0156592
0.0145613
0.0133986
0.0124013
0.0115285
0.0107092
0.00989534
0.00904993
0.00815299
0.00719914
0.00619991
0.00518207
0.00418768
0.00326975
0.00248831
0.0019016
0.00155606
0.00147011
0.00161806
0.00190271
0.00216208
0.00233237
0.00244407
0.00252818
0.00260625
0.00269252
0.00279489
0.00291611
0.00305527
0.00320912
0.00337371
0.00354567
0.00372339
0.00390773
0.0041022
0.00431248
0.00454526
0.0048062
0.00509737
0.0054142
0.0057423
0.00605479
0.00631078
0.00645572
0.00642495
0.00615063
0.00557369
0.00466119
0.00342875
0.0019712
0.000474024
-0.000939871
-0.00231092
-0.00368236
-0.0050693
-0.00646027
-0.00781442
-0.00906262
-0.0101132
-0.0108605
-0.0112041
-0.0110688
-0.0104427
-0.00940637
-0.00820298
-0.00717382
-0.00627968
-0.00543812
-0.00460539
-0.0037597
-0.00290938
-0.00208749
-0.00135071
-0.000770959
-0.000425059
-0.000378794
-0.000664959
-0.00125915
-0.00204141
-0.00280314
-0.00346755
-0.00408186
-0.00468672
-0.00530026
-0.00591877
-0.00651733
-0.0070516
-0.00746328
-0.0076873
-0.00766491
-0.00735839
-0.00677346
-0.00598191
-0.00514674
-0.00443257
-0.00381417
-0.00324631
-0.00269905
-0.00214821
-0.00157723
-0.00097385
-0.000330192
0.00035878
0.00109464
0.0018755
0.00269436
0.00353799
0.00438469
0.00520339
0.00595301
0.00658452
0.00704415
0.00728182
0.00726063
0.00697448
0.00646335
0.00584551
0.00529666
0.00484095
0.00444097
0.00406692
0.00369639
0.00331543
0.0029161
0.00249636
0.00205775
0.00160455
0.00114149
0.000672856
0.000200543
-0.000276166
-0.000761494
-0.00126212
-0.00178667
-0.00234299
-0.00293595
-0.00356338
-0.00421316
-0.00485917
-0.00545981
-0.00595672
-0.00627852
-0.0063458
-0.00608441
-0.00543983
-0.004404
-0.00303822
-0.0015219
-0.000119821
0.00114055
0.00233014
0.00351098
0.00473422
0.00603547
0.00743381
0.00892651
0.0104865
0.0120587
0.0135601
0.0148811
0.0158941
0.0164663
0.0164831
0.0158763
0.0146683
0.0130158
0.0112623
0.00975274
0.00844074
0.00723761
0.0060855
0.00493796
0.0037648
0.00254392
0.00126179
-9.13191e-05
-0.00152103
-0.00303098
-0.00462031
-0.0062825
-0.00800031
-0.00974294
-0.0114607
-0.0130838
-0.0145215
-0.0156687
-0.0164149
-0.0166652
-0.0163637
-0.015533
-0.0143133
-0.0130083
-0.011922
-0.0110085
-0.0101841
-0.00939374
-0.00859454
-0.00776043
-0.00687681
-0.0059404
-0.00495544
-0.00393184
-0.00288209
-0.00181916
-0.000754282
0.000304973
0.00135582
0.00240079
0.00344767
0.00450848
0.00559759
0.00672862
0.00791053
0.00914291
0.0104112
0.0116815
0.0128982
0.0139819
0.0148342
0.0153443
0.0154064
0.0149401
0.0139265
0.012441
0.010721
0.00912293
0.0076836
0.00631261
0.0049409
0.00352564
0.00205592
0.000553203
-0.00092708
-0.00229879
-0.00345218
-0.0042664
-0.00463034
-0.00446919
-0.00378331
-0.00268917
-0.00146642
-0.000403951
0.000532147
0.0013963
0.00219855
0.00291922
0.00350764
0.00389308
0.00399681
0.00375154
0.00312775
0.00216281
0.0010065
-8.778e-05
-0.00102441
-0.00185802
-0.00264256
-0.00341496
-0.00419952
-0.00500986
-0.00585184
-0.00672654
-0.00763306
-0.00857077
-0.00954107
-0.0105478
-0.0115967
-0.0126931
-0.013839
-0.0150281
-0.0162419
-0.0174448
-0.0185816
-0.0195763
-0.020337
-0.0207628
-0.0207617
-0.0202692
-0.019285
-0.0179003
-0.0163667
-0.0150305
-0.0138619
-0.0127827
-0.0117454
-0.0107122
-0.0096623
-0.00858352
-0.00747315
-0.00633236
-0.0051644
-0.00397063
-0.00274926
-0.00149354
-0.000193081
0.00116435
0.00258822
0.00408009
0.00562663
0.00719288
0.00871638
0.0101044
0.0112359
0.0119692
0.0121601
0.011688
0.0104975
0.0086448
0.00637321
0.00410319
0.0020143
6.38321e-05
-0.00176186
-0.00341769
-0.00480701
-0.00579295
-0.00621977
-0.00594621
-0.004892
-0.00309686
-0.000798795
0.00153685
0.00360334
0.00550781
0.00737251
0.00926169
0.0111907
0.01312
0.0149601
0.0165781
0.0178131
0.0185015
0.0185094
0.0177811
0.0163903
0.0146209
0.0129497
0.0115622
0.010365
0.00926188
0.00818375
0.00707969
0.00591468
0.00466533
0.00331794
0.00186585
0.000309857
-0.00134174
-0.00306966
-0.00484193
-0.00660896
-0.00830285
-0.00983542
-0.0111045
-0.0120003
-0.0124253
-0.0123128
-0.0116671
-0.0105916
-0.00936275
-0.00835861
-0.00754627
-0.00683768
-0.00617453
-0.00550711
-0.00480152
-0.00403356
-0.00319102
-0.00227087
-0.00128065
-0.000237304
0.000831573
0.00188852
0.00288632
0.00377091
0.00448491
0.00497606
0.00520669
0.00517068
0.00490842
0.00453811
0.00423497
0.00402404
0.00386921
0.00374105
0.003617
0.00348206
0.00332685
0.00314747
0.00294398
0.0027196
0.00247937
0.00222923
0.0019749
0.00172111
0.00147089
0.00122517
0.00098254
0.000739359
0.000490312
0.000229172
-4.97684e-05
-0.000350205
-0.000671543
-0.00100706
-0.00134166
-0.00165093
-0.00190049
-0.00204823
-0.00204752
-0.00185529
-0.00144133
-0.000804468
1.12913e-05
0.00089626
0.00173645
0.00254525
0.00333963
0.00411087
0.00482942
0.00544248
0.00588033
0.00606268
0.00591449
0.0053837
0.00447079
0.00325886
0.00195001
0.000747128
-0.0003997
-0.00155751
-0.00275553
-0.00399055
-0.00521851
-0.00635567
-0.00728027
-0.00784342
-0.00788669
-0.00727119
-0.00591753
-0.00385757
-0.0013031
0.00132833
0.00375692
0.00606678
0.00835022
0.0106414
0.0129239
0.0151264
0.0171287
0.0187734
0.0198854
0.0203062
0.0199343
0.0187866
0.0170605
0.0152052
0.0136736
0.0123928
0.0112364
0.0101241
0.00899556
0.00781703
0.0065713
0.00525706
0.00388104
0.00245527
0.000991312
-0.000501896
-0.00202164
-0.00357116
-0.00515938
-0.00679739
-0.00849459
-0.0102522
-0.012057
-0.013874
-0.0156418
-0.01727
-0.018641
-0.0196187
-0.0200656
-0.0198684
-0.018975
-0.0174417
-0.0154945
-0.0135502
-0.0118885
-0.0104337
-0.00908127
-0.00775388
-0.0063881
-0.00493845
-0.00337413
-0.00168165
0.000134605
0.00204958
0.00401568
0.00596103
0.00778994
0.00938685
0.0106251
0.0113831
0.0115669
0.0111451
0.0101858
0.00891902
0.00772173
0.00674291
0.00591315
0.00516052
0.00443362
0.00369673
0.00292728
0.0021134
0.00125052
0.000338773
-0.000620056
-0.00162406
-0.00267233
-0.00376446
-0.00489923
-0.00607177
-0.00727036
-0.00847243
-0.00964189
-0.0107271
-0.011662
-0.0123701
-0.0127742
-0.0128104
-0.0124492
-0.0117222
-0.0107573
-0.00979067
-0.00897898
-0.00827471
-0.00761446
-0.00695212
-0.00625297
-0.00549677
-0.00467723
-0.00380362
-0.00290088
-0.0020093
-0.00118269
-0.000484204
1.99921e-05
0.000271701
0.000234064
-8.81663e-05
-0.000627708
-0.00123041
-0.00173932
-0.00217418
-0.00256991
-0.00294189
-0.00329413
-0.00361749
-0.00389432
-0.00410122
-0.00421602
-0.00422443
-0.00413042
-0.00396594
-0.00380177
-0.0037094
-0.00367987
-0.00369346
-0.00373245
-0.00377527
-0.0037952
-0.00375847
-0.00362373
-0.00334425
-0.00287209
-0.00216671
-0.00120584
-2.68638e-06
0.00137589
0.00278818
0.00409651
0.00533389
0.00655401
0.00779804
0.00909896
0.0104758
0.0119308
0.013445
0.0149747
0.0164505
0.017777
0.0188404
0.0195175
0.0196974
0.0193034
0.0183362
0.0169049
0.0153064
0.0139479
0.012793
0.0117457
0.0107421
0.00972719
0.00866318
0.0075228
0.00629285
0.00497139
0.00357081
0.00211676
0.000650352
-0.000773429
-0.00208594
-0.0032107
-0.00406974
-0.00459746
-0.00475624
-0.00456178
-0.00410837
-0.00359876
-0.00323544
-0.0029907
-0.00281074
-0.00265836
-0.0025023
-0.00231996
-0.00209448
-0.00181537
-0.00147769
-0.00108286
-0.00063937
-0.000163911
0.000317198
0.000767714
0.00114127
0.00138448
0.00144088
0.00126043
0.000809508
9.03673e-05
-0.000844354
-0.00185545
-0.00275263
-0.00354957
-0.00428724
-0.00499277
-0.00569027
-0.00639804
-0.00713198
-0.00790492
-0.00872772
-0.00960799
-0.0105488
-0.0115464
-0.012587
-0.0136435
-0.0146728
-0.0156149
-0.0163937
-0.0169226
-0.0171144
-0.0168978
-0.0162396
-0.0151744
-0.0138437
-0.0125083
-0.011342
-0.0102947
-0.0092992
-0.00830705
-0.00728225
-0.00620342
-0.00506344
-0.00386976
-0.00264436
-0.00142243
-0.000250931
0.000816099
0.00172268
0.0024207
0.00288062
0.00310862
0.00316321
0.00317518
0.00327597
0.00344741
0.00365521
0.00387728
0.00409641
0.00430222
0.0044885
0.00465346
0.0047978
0.00492453
0.00503748
0.00514107
0.00523926
0.00533561
0.00543268
0.0055323
0.00563516
0.00574144
0.00585056
0.00596163
0.00607345
0.00618489
0.00629487
0.0064028
0.00650839
0.00661214
0.00671509
0.00681909
0.00692639
0.0070396
0.00716107
0.00729245
0.00743369
0.00758246
0.00773316
0.00787647
0.00799898
0.00808388
0.00811208
0.00806494
0.00792782
0.00769573
0.00737937
0.00701516
0.00666289
0.00634589
0.00605252
0.00577077
0.00549212
0.00521058
0.00492251
0.00462625
0.00432169
0.00400972
0.00369183
0.0033697
0.00304491
0.00271862
0.0023914
0.00206336
0.00173416
0.0014032
0.00106998
0.000734459
0.000397462
6.09059e-05
-0.000271903
-0.000596152
-0.000905882
-0.00119445
-0.00145574
-0.00168537
-0.00188305
-0.00205443
-0.00221538
-0.0023881
-0.00257332
-0.0027694
-0.00297672
-0.00319571
-0.00342642
-0.00366701
-0.00391276
-0.0041546
-0.00437864
-0.00456558
-0.00469212
-0.00473249
-0.0046632
-0.00446765
-0.00414559
-0.00372016
-0.00325541
-0.00283996
-0.00246815
-0.00212293
-0.00179588
-0.0014818
-0.00118006
-0.000891825
-0.000619357
-0.000362711
-0.000118187
0.000126531
0.000388614
0.000663442
0.000943604
0.00122396
0.00150042
0.00177077
0.0020341
0.00229129
0.00254442
0.00279699
0.00305317
0.0033175
0.00359388
0.0038848
0.0041899
0.00450501
0.00482072
0.00512199
0.00538767
0.00559188
0.00570586
0.00570265
0.00556236
0.00528166
0.00488206
0.00442701
0.00401074
0.00364596
0.00331219
0.00299238
0.00267306
0.00234466
0.00200073
0.00163795
0.00125571
0.000856204
0.000444217
2.70988e-05
-0.000385472
-0.000781792
-0.0011488
-0.00147352
-0.00174502
-0.00195698
-0.00211158
-0.0022237
-0.00232555
-0.0024495
-0.00259128
-0.00274274
-0.00289862
-0.00305487
-0.00320899
-0.00335954
-0.00350598
-0.0036483
-0.0037867
-0.00392145
-0.00405269
-0.00418036
-0.00430423
-0.00442409
-0.00454004
-0.00465275
-0.00476374
-0.00487566
-0.00499227
-0.00511819
-0.00525838
-0.00541709
-0.00559664
-0.00579562
-0.00600732
-0.00621787
-0.00640549
-0.00653998
-0.00658455
-0.00649855
-0.00624419
-0.00579401
-0.00514446
-0.00432764
-0.00343583
-0.00260495
-0.00185168
-0.00114314
-0.000450274
0.000251851
0.00098258
0.00175603
0.00257926
0.00345111
0.00436027
0.00528376
0.00618605
0.00701914
0.00772522
0.00824119
0.00850825
0.00848318
0.00815805
0.00757782
0.00687632
0.00625265
0.0057346
0.00528023
0.00485561
0.00443472
0.00400027
0.00354132
0.00305315
0.00253536
0.00199129
0.00142628
0.000847055
0.000260421
-0.000327134
-0.000910477
-0.001486
-0.00205234
-0.00261019
-0.00316292
-0.00371603
-0.00427695
-0.00485395
-0.00545499
-0.00608569
-0.0067472
-0.00743336
-0.00812856
-0.00880548
-0.00942418
-0.00993329
-0.0102737
-0.0103852
-0.0102182
-0.00974941
-0.00900149
-0.00807075
-0.00713589
-0.00631375
-0.00556357
-0.00483261
-0.0040826
-0.00328669
-0.00243331
-0.00152704
-0.00059172
0.000329557
0.00117448
0.00186624
0.00231944
0.00245411
0.00221064
0.00157779
0.000614944
-0.000494746
-0.00149223
-0.00240501
-0.0032899
-0.00416995
-0.00504552
-0.00588857
-0.00664626
-0.00724518
-0.00759985
-0.00762873
-0.00727162
-0.00652109
-0.00544663
-0.0042528
-0.00322375
-0.00232232
-0.00147014
-0.000615944
0.000279536
0.00123496
0.00225181
0.00331034
0.00437206
0.00537926
0.00626105
0.00693854
0.00733807
0.0074043
0.00712446
0.00654835
0.00583049
0.00520235
0.00469814
0.00427187
0.00388639
0.0035125
0.00312911
0.00271992
0.00227302
0.0017791
0.00123156
0.000626502
-3.55863e-05
-0.000747976
-0.00149461
-0.00224748
-0.00296432
-0.00358786
-0.00404787
-0.00426635
-0.00416821
-0.00369611
-0.00283323
-0.00162808
-0.000234964
0.00109592
0.00226664
0.00332536
0.00432542
0.00530957
0.00631421
0.00736909
0.00849788
0.00971657
0.0110319
0.0124378
0.0139115
0.0154096
0.0168652
0.0181869
0.0192622
0.0199658
0.0201763
0.0197991
0.0188027
0.0172577
0.0154002
0.0136174
0.0120618
0.0106615
0.00934205
0.00805043
0.00674943
0.00541546
0.0040351
0.00260212
0.00111443
-0.000428444
-0.00202694
-0.00368192
-0.00539337
-0.0071579
-0.00896537
-0.0107949
-0.0126101
-0.0143572
-0.0159636
-0.0173426
-0.0183995
-0.0190487
-0.0192314
-0.01895
-0.0182941
-0.0175047
-0.0169125
-0.0164883
-0.016155
-0.0158618
-0.015565
-0.0152341
-0.0148459
-0.0143857
-0.0138445
-0.0132201
-0.0125167
-0.011747
-0.0109349
-0.0101163
-0.0093161
-0.00853338
-0.00776329
-0.00700181
-0.00624501
-0.00548989
-0.00473387
-0.00397533
-0.00321337
-0.00244803
-0.00167957
-0.000908753
-0.000136205
0.000637245
0.00141131
0.00218584
0.00296113
0.00373748
0.00451547
0.0052954
0.00607742
0.00686069
0.0076441
0.00842563
0.00920278
0.00997262
0.0107326
0.0114809
0.0122175
0.0129449
0.0136686
0.0143973
0.0151429
0.0159188
0.0167379
0.01761
0.0185368
0.0195078
0.0204956
0.0214519
0.0223063
0.0229675
0.0233302
0.0232873
0.02275
0.0216761
0.0201057
0.018209
0.016302
0.0145983
0.013042
0.0115587
0.0100973
0.00862157
0.00710984
0.0055525
0.00394962
0.00230843
0.000639776
-0.00104439
-0.00273428
-0.00442371
-0.00611282
-0.00780778
-0.00952102
-0.0112686
-0.0130677
-0.0149313
-0.0168631
-0.0188494
-0.0208546
-0.0228149
-0.0246368
-0.0261986
-0.0273605
-0.0279804
-0.0279414
-0.027189
-0.0257793
-0.0239418
-0.0221014
-0.0205422
-0.0191854
-0.0179232
-0.0166773
-0.0153865
-0.0140099
-0.0125252
-0.0109304
-0.00924297
-0.00750133
-0.00576326
-0.00410512
-0.00261631
-0.00139233
-0.000520676
-6.50955e-05
-3.75788e-05
-0.000374048
-0.000883538
-0.00128261
-0.00153339
-0.00169866
-0.00183107
-0.00197264
-0.0021525
-0.00238871
-0.00268634
-0.00303827
-0.00342387
-0.00381021
-0.0041523
-0.00439707
-0.004487
-0.00436966
-0.00400671
-0.00339202
-0.00256551
-0.00164674
-0.000803527
-1.83142e-05
0.000747018
0.00151076
0.00227898
0.00304138
0.00377356
0.00443815
0.00498952
0.00538056
0.00557249
0.00554897
0.00533126
0.00500236
0.00470183
0.00448333
0.00431826
0.00417785
0.00404212
0.00389763
0.00373681
0.00355658
0.00335727
0.00314133
0.00291218
0.00267318
0.00242691
0.00217468
0.00191646
0.00165119
0.00137743
0.00109428
0.000802692
0.000506553
0.000214014
-6.1964e-05
-0.000303193
-0.000487539
-0.000590606
-0.000590114
-0.000470503
-0.000231763
0.00010378
0.00047504
0.000797886
0.00108001
0.00134084
0.00159284
0.001846
0.00210642
0.00237774
0.0026611
0.00295596
0.00326052
0.00357227
0.00388854
0.00420688
0.00452543
0.00484306
0.00515959
0.00547575
0.00579309
0.00611357
0.00643938
0.0067722
0.00711269
0.00745965
0.00780948
0.00815551
0.00848785
0.00879348
0.00905735
0.009264
0.00940054
0.00946057
0.00944944
0.00939118
0.00933071
0.00929769
0.00928304
0.00927496
0.00926565
0.00925011
0.00922673
0.00919686
0.00916467
0.00913636
0.00911938
0.00912046
0.00914395
0.00918957
0.00925031
0.00931007
0.00934277
0.00931212
0.00917312
0.00887581
0.0083734
0.00763159
0.00664503
0.005452
0.00416455
0.00294848
0.00182123
0.000739092
-0.000336157
-0.00143575
-0.00258152
-0.00378515
-0.00504532
-0.00634596
-0.0076545
-0.00892169
-0.0100826
-0.0110616
-0.0117798
-0.0121693
-0.0121895
-0.011853
-0.0112525
-0.0105906
-0.0100711
-0.00966452
-0.00931664
-0.00899188
-0.00866263
-0.00831186
-0.00792952
-0.00751235
-0.00706142
-0.00658117
-0.00607756
-0.00555722
-0.00502634
-0.0044904
-0.00395358
-0.00341899
-0.00288868
-0.00236388
-0.00184519
-0.00133274
-0.000826198
-0.000324892
0.000172586
0.000668412
0.00116565
0.00166828
0.00218093
0.00270836
0.00325449
0.00382114
0.00440646
0.00500345
0.00559806
0.00616874
0.00668581
0.00711369
0.00741343
0.00754977
0.00749812
0.00725871
0.00686685
0.00641915
0.00604838
0.00574287
0.00547202
0.00521653
0.00496066
0.00469483
0.00441303
0.00411337
0.00379622
0.00346415
0.00312046
0.00276912
0.00241359
0.00205688
0.00170088
0.00134666
0.000994065
0.00064225
0.000289513
-6.59596e-05
-0.000426196
-0.000792564
-0.00116566
-0.00154444
-0.00192603
-0.00230532
-0.00267846
-0.00304455
-0.0034038
-0.00375696
-0.00410618
-0.00445496
-0.00480852
-0.00517326
-0.00555633
-0.00596396
-0.00640013
-0.00686401
-0.0073479
-0.00783455
-0.00829599
-0.00869255
-0.0089749
-0.00908757
-0.00897704
-0.00860214
-0.00795073
-0.00705702
-0.00603077
-0.00504975
-0.00418257
-0.00343525
-0.00268066
-0.00192857
-0.00115074
-0.000324574
0.000566027
0.00152915
0.00256225
0.00364966
0.00475956
0.00584236
0.00682986
0.00763846
0.00817501
0.00834966
0.00809245
0.00738031
0.00626491
0.00491993
0.00362947
0.00250679
0.00150116
0.000560445
-0.000352356
-0.00126282
-0.00218824
-0.00313962
-0.0041252
-0.00515192
-0.00622794
-0.00736205
-0.00856338
-0.00983741
-0.0111827
-0.0125841
-0.0140078
-0.0153945
-0.0166581
-0.017685
-0.0183419
-0.0184888
-0.0180046
-0.0168186
-0.0149595
-0.0126059
-0.0101455
-0.00796063
-0.0059774
-0.00407257
-0.00216246
-0.000185565
0.00188635
0.00405068
0.00626901
0.00847029
0.0105514
0.0123874
0.0138423
0.0147932
0.0151537
0.0149183
0.0141952
0.0132871
0.012611
0.0121308
0.0117526
0.0114184
0.0110822
0.0107172
0.0103069
0.00984695
0.00933876
0.00878902
0.00820549
0.00759613
0.00696679
0.00632138
0.00566137
0.00498754
0.00430096
0.00360577
0.00291074
0.00223181
0.00159269
0.00102533
0.000567321
0.000258301
0.00013215
0.000208028
0.000475878
0.000882197
0.00131343
0.00165702
0.00192973
0.00216265
0.00237741
0.00259233
0.00282102
0.00307423
0.00335934
0.00368079
0.00403923
0.0044307
0.00484522
0.00526546
0.00566566
0.00601136
0.00626074
0.00636769
0.00628802
0.00598803
0.00545777
0.00472534
0.00388013
0.00306679
0.00234119
0.00167539
0.00104077
0.000417342
-0.000208415
-0.00084386
-0.0014919
-0.00215188
-0.00282111
-0.00349604
-0.0041738
-0.00485294
-0.00553418
-0.00622025
-0.00691568
-0.00762549
-0.00835357
-0.00910027
-0.00985994
-0.0106187
-0.0113526
-0.0120264
-0.0125953
-0.0130074
-0.0132108
-0.0131636
-0.0128476
-0.0122863
-0.0115676
-0.0108513
-0.010242
-0.00970658
-0.00920193
-0.00869723
-0.00816979
-0.00760732
-0.00700732
-0.00637821
-0.0057392
-0.00511967
-0.00455778
-0.00409698
-0.00378124
-0.00364748
-0.00371597
-0.00397685
-0.00437593
-0.00479925
-0.00513524
-0.00540374
-0.00563953
-0.00586847
-0.00611291
-0.00638914
-0.00670765
-0.00707156
-0.00747496
-0.00790147
-0.00832299
-0.00869941
-0.00897958
-0.00910564
-0.00901843
-0.00866868
-0.00803001
-0.00711859
-0.00601273
-0.00487587
-0.00386845
-0.00296651
-0.00212541
-0.00131447
-0.000507678
0.0003137
0.00116373
0.00205102
0.00297921
0.00394571
0.00494139
0.00594877
0.00694122
0.00788233
0.00872698
0.00942417
0.00992231
0.0101782
0.0101688
0.0099084
0.00946624
0.00898646
0.00861064
0.00831661
0.00806533
0.00783135
0.00759544
0.00734631
0.00707813
0.00679019
0.00648509
0.00616768
0.00584352
0.00551781
0.00519426
0.00487443
0.00455736
0.00423964
0.00391597
0.00358028
0.00322731
0.00285466
0.00246499
0.0020683
0.00168372
0.00134035
0.00107669
0.000937818
0.000970023
0.00121208
0.00168335
0.00236836
0.00319715
0.00403803
0.00479398
0.00546422
0.00604479
0.0065129
0.00683457
0.00697037
0.00688659
0.00656886
0.00603965
0.0053802
0.00473727
0.00420678
0.00375906
0.00335689
0.00297516
0.00259577
0.0022076
0.00180421
0.00138273
0.000942293
0.000482974
5.1934e-06
-0.000490296
-0.00100182
-0.00152577
-0.00205504
-0.00257756
-0.00307487
-0.00352176
-0.00388673
-0.00413448
-0.00423034
-0.00414712
-0.00387489
-0.00343309
-0.0028862
-0.00234785
-0.00189116
-0.00149128
-0.00111662
-0.000744527
-0.000358514
5.04017e-05
0.000483396
0.000933446
0.00138514
0.00181518
0.00219346
0.00248588
0.00265802
0.00268155
0.00254152
0.00224722
0.0018429
0.00141961
0.00106632
0.000769855
0.00050671
0.000261525
2.22253e-05
-0.000219411
-0.00046931
-0.000731375
-0.00100817
-0.00130106
-0.00160999
-0.00193312
-0.00226581
-0.00259999
-0.00292298
-0.00321738
-0.0034608
-0.00362773
-0.00369151
-0.00362957
-0.00342834
-0.00309298
-0.00265437
-0.00218672
-0.00178746
-0.00144528
-0.00113513
-0.000840006
-0.000545902
-0.000243528
7.27136e-05
0.000403984
0.000747286
0.00109508
0.00143549
0.00175254
0.00202708
0.00223847
0.00236713
0.00239825
0.00232683
0.0021637
0.00194333
0.00172548
0.00154899
0.00140311
0.00127399
0.00115238
0.00103166
0.000907949
0.000779374
0.000645746
0.000508007
0.000367814
0.000227114
8.78229e-05
-4.84428e-05
-0.000180536
-0.000307878
-0.00043045
-0.000548713
-0.000663477
-0.000775692
-0.000886171
-0.000995315
-0.0011028
-0.00120732
-0.00130639
-0.00139626
-0.00147205
-0.00152822
-0.00155918
-0.00156046
-0.00153011
-0.00147064
-0.00139095
-0.00130852
-0.00123985
-0.00118202
-0.00113025
-0.00108145
-0.00103336
-0.000984621
-0.000934536
-0.00088297
-0.000830117
-0.000776421
-0.000722414
-0.000668663
-0.000615668
-0.000563855
-0.000513552
-0.000465011
-0.000418399
-0.000373837
-0.000331404
-0.000291134
-0.000253009
-0.000216942
-0.000182746
-0.000150121
-0.000118637
-8.77461e-05
-5.68363e-05
-2.53135e-05
7.25441e-06
4.10008e-05
7.55325e-05
0.000109787
0.00014185
0.000168945
0.000187437
0.000193192
0.000181945
0.000150225
9.61717e-05
2.1209e-05
-6.89562e-05
-0.0001614
-0.000239737
-0.000306773
-0.000367525
-0.000425218
-0.00048216
-0.000539237
-0.000596112
-0.000650998
-0.000700861
-0.000741487
-0.000767937
-0.000775044
-0.000758407
-0.000715374
-0.000646712
-0.000557914
-0.00046191
-0.000376347
-0.000302655
-0.000236295
-0.00017395
-0.000113542
-5.42942e-05
3.43839e-06
5.82559e-05
0.000107942
0.000149794
0.000180963
0.000199106
0.000202925
0.000193161
0.00017316
0.000150487
0.000134662
0.000124089
0.000115978
0.000108583
0.000100641
9.15779e-05
8.13579e-05
7.0546e-05
6.02194e-05
5.1928e-05
4.75418e-05
4.90673e-05
5.83491e-05
7.66904e-05
0.000104406
0.000140214
0.000180693
0.000219742
0.00025188
0.000278345
0.000300946
0.000320898
0.000339149
0.000356342
0.000372903
0.000389048
0.000404802
0.00042
0.000434265
0.000447018
0.000457461
0.000464617
0.000467383
0.00046466
0.000455521
0.000439466
0.000416717
0.000388577
0.000357851
0.000328801
0.00030392
0.000282236
0.000262652
0.000244451
0.000227137
0.000210433
0.000194207
0.000178445
0.000163198
0.000148558
0.000134625
0.00012149
0.000109222
9.78609e-05
8.74191e-05
7.78847e-05
6.92253e-05
6.13979e-05
5.43512e-05
4.80337e-05
4.23951e-05
3.73901e-05
3.29763e-05
2.91137e-05
2.57641e-05
2.28894e-05
2.04478e-05
1.8395e-05
1.66831e-05
1.52647e-05
1.40937e-05
1.31321e-05
1.23567e-05
1.17659e-05
1.13829e-05
1.12601e-05
1.14742e-05
1.21241e-05
1.3312e-05
1.51281e-05
1.76194e-05
2.07653e-05
2.44314e-05
2.83494e-05
3.20534e-05
3.49997e-05
3.71943e-05
3.88237e-05
4.00234e-05
4.08898e-05
4.14826e-05
4.18389e-05
4.19758e-05
4.19014e-05
4.16173e-05
4.1124e-05
4.04215e-05
3.9514e-05
3.8408e-05
3.71147e-05
3.56475e-05
3.40228e-05
3.22578e-05
3.03707e-05
2.83791e-05
2.63006e-05
2.41513e-05
2.19465e-05
1.96992e-05
1.74214e-05
1.51231e-05
1.28128e-05
1.04974e-05
8.18283e-06
5.87401e-06
3.57572e-06
1.29275e-06
-9.68702e-07
-3.20091e-06
-5.39378e-06
-7.53442e-06
-9.60744e-06
-1.15943e-05
-1.34793e-05
-1.52698e-05
-1.69734e-05
-1.85944e-05
-2.01358e-05
-2.15991e-05
-2.29849e-05
-2.42937e-05
-2.55256e-05
-2.66811e-05
-2.77604e-05
-2.87642e-05
-2.96933e-05
-3.05486e-05
-3.13312e-05
-3.20422e-05
-3.26829e-05
-3.32544e-05
-3.37581e-05
-3.41952e-05
-3.45668e-05
-3.48741e-05
-3.51185e-05
-3.5301e-05
-3.54231e-05
-3.54861e-05
-3.54914e-05
-3.54406e-05
-3.53352e-05
-3.51771e-05
-3.49678e-05
-3.47094e-05
-3.44035e-05
0
0
0
0
