-0.00891506
-0.00908484
-0.00903161
-0.00873961
-0.00856549
-0.00836614
-0.00848629
-0.00955019
-0.0119619
-0.0147796
-0.0154511
-0.014541
-0.012022
-0.00910043
-0.00943896
-0.0102129
-0.0106637
-0.0108439
-0.0104256
-0.00931365
-0.00815524
-0.00876383
-0.0136315
-0.0236182
-0.0334805
-0.0311924
-0.0202063
-0.00389742
0.00832263
0.0149747
0.000770912
-0.0283448
-0.0578365
-0.0783466
-0.0768484
-0.0496651
-0.0169599
0.00762007
0.0143817
-0.00650899
-0.0479119
-0.101605
-0.142015
-0.150952
-0.129407
-0.0878654
-0.0456091
-0.0245662
-0.0280077
-0.0546721
-0.0890346
-0.112469
-0.11093
-0.0751524
-0.0200846
0.029177
0.0594042
0.0664209
0.0430439
-0.00631585
-0.0542845
-0.0799219
-0.0790617
-0.0509257
-0.0102419
0.0233723
0.032884
0.0162343
-0.016153
-0.042328
-0.0498947
-0.0496452
-0.0427601
-0.0335808
-0.0330714
-0.0375609
-0.0502458
-0.0734647
-0.0956805
-0.100679
-0.0853809
-0.0545693
-0.0184076
0.00225206
0.00146872
-0.0181345
-0.0539128
-0.0874049
-0.105856
-0.105311
-0.0935602
-0.0723258
-0.0640284
-0.0690005
-0.0727728
-0.0734663
-0.0683379
-0.0554714
-0.0362388
-0.0197769
-0.0126253
-0.016667
-0.0186983
-0.0123465
0.00706984
0.0363104
0.0620263
0.0755856
0.0635537
-0.00040917
-0.0997782
-0.197821
-0.238865
-0.204934
-0.11048
0.00453884
0.0719371
0.0548934
0.0142284
-0.00644509
0.0273096
0.0975154
0.177138
0.237831
0.277875
0.287781
0.275935
0.26019
0.250058
0.24181
0.241999
0.246968
0.251456
0.250397
0.229393
0.175982
0.0945207
-0.00336209
-0.0948165
-0.152492
-0.182424
-0.19481
-0.181072
-0.138175
-0.0902096
-0.0668513
-0.0767881
-0.114278
-0.165402
-0.208497
-0.225711
-0.215476
-0.188615
-0.157592
-0.120456
-0.0614475
0.0136155
0.079015
0.124587
0.134848
0.114978
0.0710254
0.0416867
0.0280341
0.0363922
0.0702807
0.102127
0.125065
0.127465
0.111775
0.0853525
0.0585631
0.0329164
0.00767169
-0.0164113
-0.0383156
-0.0589657
-0.0787418
-0.101407
-0.116744
-0.112779
-0.0969368
-0.0829139
-0.0699555
-0.0612096
-0.0618968
-0.0742117
-0.0973363
-0.119382
-0.134357
-0.144527
-0.145346
-0.128454
-0.0999861
-0.0670553
-0.0267749
0.0176922
0.0573201
0.0898717
0.102776
0.100212
0.0826385
0.0402074
-0.0185693
-0.0807274
-0.137996
-0.173783
-0.166637
-0.11523
-0.0422416
0.002866
0.012356
0.00823872
0.00738545
0.0123545
0.0205747
0.0292545
0.0323901
0.02303
0.015313
0.0153825
0.0199374
0.0305192
0.0440378
0.0487188
0.0412288
0.0221076
-0.00888618
-0.0501911
-0.101561
-0.147653
-0.164531
-0.14538
-0.104315
-0.0570644
-0.0149859
0.00832963
0.0103066
-0.000606631
-0.0117023
-0.0161793
-0.0153823
-0.0117189
-0.00542451
-0.00511493
-0.0100391
-0.0219434
-0.0406035
-0.0560782
-0.073563
-0.076679
-0.0625366
-0.0256434
0.00175469
0.0261886
0.02323
0.000572181
-0.0417048
-0.0951282
-0.135013
-0.149866
-0.140751
-0.113475
-0.071348
-0.0379924
-0.0192019
-0.0227972
-0.0372645
-0.0461203
-0.0531561
-0.0626723
-0.0734255
-0.0862768
-0.0925551
-0.0914597
-0.0849894
-0.0714996
-0.0538259
-0.0337273
-0.012179
-0.000645537
0.00110312
-0.00506238
-0.0113475
-0.00434753
0.0111164
0.0292119
0.0484537
0.0691052
0.0770554
0.0724862
0.0702685
0.0771555
0.101104
0.142733
0.189575
0.231905
0.264608
0.253358
0.189258
0.0624565
-0.0850943
-0.199899
-0.242343
-0.245766
-0.232864
-0.201198
-0.148523
-0.0789578
-0.0246916
0.0139297
0.0508272
0.0767564
0.0967707
0.122132
0.163412
0.20804
0.250684
0.283725
0.301511
0.301362
0.280724
0.241799
0.198578
0.158975
0.131032
0.121608
0.130629
0.149841
0.172348
0.195871
0.219183
0.242237
0.264035
0.288317
0.322156
0.360571
0.391026
0.416149
0.429684
0.425442
0.409732
0.38642
0.349577
0.308823
0.28001
0.274538
0.289355
0.323045
0.36751
0.395956
0.386247
0.333514
0.248205
0.145742
0.0327827
-0.0699801
-0.152713
-0.229861
-0.298422
-0.347115
-0.388327
-0.429719
-0.471979
-0.500933
-0.500473
-0.46732
-0.409968
-0.33707
-0.238852
-0.122735
-0.0149496
0.0864127
0.163356
0.223229
0.265476
0.293352
0.308079
0.301306
0.279231
0.257443
0.247791
0.250294
0.260169
0.280754
0.307362
0.320597
0.310299
0.273511
0.211799
0.121665
-0.00254121
-0.132547
-0.242062
-0.327045
-0.391303
-0.4522
-0.50712
-0.545638
-0.592629
-0.642984
-0.666482
-0.651588
-0.584024
-0.476883
-0.325531
-0.15713
0.0272369
0.183034
0.279841
0.363807
0.440007
0.501467
0.544727
0.555975
0.536937
0.498738
0.456354
0.417794
0.369993
0.321649
0.268422
0.20086
0.1411
0.0772245
0.00614022
-0.0597265
-0.11269
-0.1483
-0.160933
-0.160571
-0.159753
-0.158364
-0.159326
-0.171314
-0.202975
-0.246966
-0.272044
-0.279794
-0.270454
-0.251461
-0.229916
-0.222345
-0.228408
-0.227086
-0.208255
-0.166662
-0.110801
-0.0442079
0.0433554
0.149082
0.238137
0.297316
0.307026
0.293743
0.26681
0.224664
0.177729
0.132963
0.116801
0.106849
0.094874
0.100598
0.116791
0.139127
0.180489
0.219344
0.228572
0.210521
0.171207
0.113042
0.0336132
-0.0365496
-0.0818082
-0.118775
-0.157264
-0.187501
-0.213691
-0.235002
-0.24986
-0.25705
-0.241578
-0.207934
-0.160334
-0.0976576
-0.029926
0.0316009
0.075804
0.110755
0.146746
0.196677
0.256839
0.315266
0.378117
0.434647
0.478759
0.524462
0.567841
0.601153
0.627021
0.644997
0.672152
0.701483
0.732204
0.768871
0.813101
0.86347
0.920317
0.981058
1.04609
1.11306
1.17957
1.25842
1.34317
1.42188
1.51021
1.59576
1.6751
1.76432
1.84707
1.91621
1.98768
2.0554
2.11845
2.16492
2.19327
2.21593
2.23417
2.24891
2.25597
2.24949
2.23763
2.22864
2.22324
2.21446
2.20682
2.19964
2.1808
2.1513
2.1145
2.0661
2.00758
1.94367
1.87324
1.79235
1.69447
1.58088
1.44345
1.27023
1.09042
0.906346
0.699563
0.496533
0.286755
0.0640621
-0.145228
-0.341716
-0.51199
-0.662422
-0.799353
-0.917274
-1.0208
-1.10733
-1.16159
-1.2057
-1.25397
-1.30189
-1.35374
-1.39983
-1.4387
-1.48225
-1.52998
-1.58868
-1.64834
-1.69964
-1.762
-1.82879
-1.88464
-1.9417
-2.01326
-2.10615
-2.21437
-2.33129
-2.46771
-2.63538
-2.78803
-2.93184
-3.0894
-3.25438
-3.40261
-3.52395
-3.62896
-3.71306
-3.78165
-3.82344
-3.82423
-3.79915
-3.77019
-3.73143
-3.67952
-3.62639
-3.57259
-3.51544
-3.45382
-3.38852
-3.32436
-3.25901
-3.19065
-3.10247
-2.99967
-2.90346
-2.81541
-2.74378
-2.67946
-2.61888
-2.57063
-2.52104
-2.46579
-2.41967
-2.3812
-2.36464
-2.39474
-2.4673
-2.57665
-2.71359
-2.86722
-3.00136
-3.12997
-3.25702
-3.37655
-3.47637
-3.54044
-3.56418
-3.53118
-3.44136
-3.30948
-3.12883
-2.87862
-2.56345
-2.21424
-1.78854
-1.30834
-0.865476
-0.452428
-0.0340632
0.340889
0.626614
0.788509
0.844565
0.841312
0.807003
0.784978
0.818682
0.947986
1.17903
1.50658
1.89148
2.36712
2.93137
3.49657
4.10023
4.65822
5.17217
5.62574
5.86998
6.03345
6.11247
6.06585
5.93123
5.73908
5.53293
5.34927
5.17258
5.03608
4.93916
4.89312
4.85077
4.78445
4.69579
4.55876
4.3564
4.06177
3.59569
2.94941
2.24065
1.59087
1.08245
0.625565
0.27295
0.065538
-0.0162622
0.0418165
0.238179
0.493711
0.717759
0.883403
0.972493
0.973789
0.90753
0.78815
0.641826
0.499901
0.396865
0.344722
0.333945
0.355894
0.391812
0.413892
0.409678
0.380526
0.320848
0.220185
0.0665987
-0.122995
-0.324693
-0.518838
-0.715315
-0.905976
-1.06491
-1.20308
-1.3388
-1.47016
-1.61522
-1.78899
-1.9677
-2.1356
-2.27499
-2.35035
-2.37588
-2.36377
-2.32425
-2.26651
-2.19692
-2.09514
-1.9575
-1.80198
-1.63163
-1.4561
-1.28926
-1.10607
-0.890526
-0.615502
-0.306913
-0.0648502
0.135983
0.310279
0.446199
0.604098
0.771504
0.912898
1.02203
1.0919
1.13883
1.16719
1.17385
1.17738
1.16978
1.1378
1.0804
0.994254
0.898247
0.793325
0.685575
0.574488
0.478186
0.426467
0.39666
0.382506
0.380912
0.381636
0.384351
0.383539
0.369877
0.340367
0.28769
0.224261
0.158974
0.0738602
-0.0213753
-0.119974
-0.236091
-0.358665
-0.465483
-0.568587
-0.661073
-0.739273
-0.80695
-0.857921
-0.901008
-0.930023
-0.940934
-0.944961
-0.945486
-0.932363
-0.896674
-0.844877
-0.787095
-0.72978
-0.680611
-0.629921
-0.585006
-0.556042
-0.534529
-0.52648
-0.535417
-0.559467
-0.595804
-0.63842
-0.68304
-0.729597
-0.766598
-0.779921
-0.771172
-0.730025
-0.638111
-0.491938
-0.300232
-0.0932596
0.114933
0.301739
0.455376
0.583766
0.672989
0.724375
0.750507
0.756941
0.75161
0.741918
0.739632
0.749513
0.774438
0.819064
0.88797
0.976292
1.08023
1.17542
1.22712
1.2483
1.23346
1.16793
1.07823
0.988961
0.908313
0.85138
0.833805
0.840266
0.863581
0.902149
0.958596
1.02466
1.07784
1.10694
1.11799
1.10407
1.06318
1.00434
0.940382
0.884779
0.854618
0.844602
0.856006
0.885672
0.920243
0.948281
0.951801
0.933382
0.881701
0.788396
0.665075
0.540408
0.389388
0.224473
0.0790601
-0.0552061
-0.174479
-0.257697
-0.316429
-0.363348
-0.420744
-0.493275
-0.584715
-0.700182
-0.842867
-1.00113
-1.19094
-1.39868
-1.5731
-1.71432
-1.80274
-1.84763
-1.85357
-1.81088
-1.72494
-1.61196
-1.50632
-1.40806
-1.31272
-1.24101
-1.17547
-1.11342
-1.04513
-0.961771
-0.865247
-0.747477
-0.610423
-0.481619
-0.353483
-0.234559
-0.157657
-0.104542
-0.0599489
-0.0379745
-0.0289025
-0.015234
0.003092
0.0164236
0.0309032
0.0464374
0.0718725
0.102835
0.133044
0.15839
0.170526
0.16419
0.14513
0.117399
0.0713055
0.0220705
-0.0273422
-0.0831625
-0.128308
-0.168907
-0.198158
-0.213585
-0.21429
-0.202803
-0.180176
-0.152208
-0.12031
-0.0827421
-0.0468369
-0.0271327
-0.016534
-0.00139076
0.0125801
0.0298054
0.0459495
0.0674278
0.0888244
0.109842
0.136428
0.166859
0.192588
0.23021
0.27322
0.319486
0.366129
0.412195
0.470495
0.538291
0.602967
0.669569
0.743386
0.812237
0.871204
0.931928
0.983947
1.01874
1.04531
1.06394
1.07033
1.06891
1.06319
1.05409
1.04867
1.05095
1.05444
1.05124
1.04434
1.03289
1.01421
0.996212
0.978873
0.948267
0.904433
0.858724
0.810323
0.765015
0.731325
0.70487
0.685958
0.681608
0.692049
0.716962
0.751865
0.79068
0.826831
0.863646
0.900173
0.919584
0.917737
0.896905
0.862924
0.818888
0.764796
0.70125
0.628548
0.546565
0.456154
0.362667
0.273025
0.187134
0.0949929
0.00414299
-0.0823364
-0.171731
-0.259337
-0.356678
-0.462942
-0.577184
-0.709565
-0.848519
-0.991144
-1.14123
-1.27803
-1.38451
-1.46117
-1.50862
-1.53909
-1.55027
-1.54322
-1.51786
-1.47585
-1.42815
-1.37731
-1.3248
-1.27004
-1.20281
-1.1327
-1.05838
-0.968929
-0.863715
-0.744247
-0.63142
-0.547132
-0.483838
-0.439209
-0.413362
-0.401079
-0.408703
-0.435809
-0.478122
-0.525972
-0.589513
-0.66225
-0.742977
-0.843366
-0.9477
-1.04053
-1.12545
-1.20786
-1.26979
-1.31027
-1.3391
-1.358
-1.35828
-1.34082
-1.31546
-1.27381
-1.21775
-1.1325
-1.02711
-0.916109
-0.793471
-0.668593
-0.532315
-0.398482
-0.292903
-0.19994
-0.121344
-0.083312
-0.0706555
-0.0689102
-0.0690743
-0.0714503
-0.0725858
-0.0623126
-0.0445123
-0.026702
-0.0101199
0.0141933
0.0287217
0.024479
0.0079276
-0.0241402
-0.0637027
-0.10815
-0.148046
-0.187661
-0.212494
-0.225674
-0.224847
-0.212631
-0.184294
-0.141134
-0.0801055
-0.0101323
0.058975
0.101509
0.13354
0.166094
0.209299
0.267585
0.328965
0.389465
0.446001
0.496142
0.560312
0.632255
0.690768
0.736031
0.764769
0.776864
0.766062
0.737149
0.700931
0.663222
0.633772
0.606705
0.580683
0.563548
0.559731
0.564489
0.578452
0.600414
0.614699
0.616493
0.614988
0.611447
0.602184
0.58976
0.584882
0.588917
0.598614
0.613709
0.626746
0.637787
0.643355
0.643759
0.639706
0.625015
0.597307
0.565618
0.521686
0.46832
0.414934
0.359514
0.307625
0.258625
0.203939
0.152499
0.100699
0.0475323
0.00120843
-0.039688
-0.079421
-0.114293
-0.142506
-0.165412
-0.17948
-0.18428
-0.178988
-0.166272
-0.154919
-0.140747
-0.120502
-0.0913129
-0.0612097
-0.0349978
-0.0167441
-0.00963066
-0.00888459
-0.00899719
-0.0137281
-0.0267254
-0.0446817
-0.0651829
-0.0846442
-0.0900472
-0.0823371
-0.069356
-0.0551862
-0.0389874
-0.01777
-0.00298603
0.00694268
0.0179552
0.0248956
0.036988
0.0502938
0.0575178
0.0688071
0.085051
0.111131
0.147558
0.183926
0.231866
0.281184
0.325394
0.372464
0.428344
0.478749
0.516748
0.545533
0.573375
0.597571
0.613237
0.623569
0.634179
0.641521
0.655706
0.672113
0.670913
0.654892
0.618827
0.565071
0.49399
0.421092
0.331678
0.233804
0.136739
0.0263471
-0.0808642
-0.146666
-0.183745
-0.205499
-0.218193
-0.226132
-0.244574
-0.275797
-0.307067
-0.340059
-0.375834
-0.406915
-0.419188
-0.426297
-0.412585
-0.384549
-0.355432
-0.322855
-0.288472
-0.2632
-0.263061
-0.268678
-0.282149
-0.307215
-0.332365
-0.358615
-0.383379
-0.401908
-0.413552
-0.423892
-0.426607
-0.430954
-0.445462
-0.468217
-0.487524
-0.50228
-0.523117
-0.542056
-0.557902
-0.579776
-0.598616
-0.611068
-0.626191
-0.639102
-0.654367
-0.667889
-0.683519
-0.69658
-0.710527
-0.720726
-0.731688
-0.740556
-0.742992
-0.743224
-0.739753
-0.729648
-0.714249
-0.702829
-0.690313
-0.680289
-0.665767
-0.648957
-0.63675
-0.63285
-0.630264
-0.622059
-0.610553
-0.603037
-0.592901
-0.570735
-0.541655
-0.507409
-0.46413
-0.411567
-0.34405
-0.269759
-0.196552
-0.134342
-0.0911625
-0.0531376
-0.01682
0.00924616
0.024985
0.0350911
0.032544
0.0197626
0.0100079
0.000897007
-0.0101754
-0.0206109
-0.0310568
-0.0358941
-0.0387952
-0.0476904
-0.0612338
-0.0712952
-0.0810327
-0.0938664
-0.108189
-0.122972
-0.126205
-0.111214
-0.0786157
-0.0365893
0.00306036
0.0438954
0.0871327
0.13425
0.179898
0.21842
0.25835
0.29839
0.333387
0.370813
0.409607
0.45268
0.504311
0.555705
0.61257
0.681101
0.744969
0.798148
0.846822
0.891074
0.933363
0.970269
0.992737
1.0011
0.995594
0.977272
0.946689
0.913161
0.88391
0.858682
0.837208
0.818707
0.8085
0.801002
0.788471
0.777505
0.769867
0.758348
0.748754
0.74358
0.736114
0.732384
0.738813
0.748516
0.758867
0.77843
0.798549
0.805908
0.80327
0.796392
0.783717
0.767563
0.747811
0.722658
0.700428
0.680787
0.657303
0.631595
0.602843
0.560482
0.517045
0.478619
0.442204
0.407404
0.367294
0.328268
0.294024
0.260553
0.235178
0.21693
0.1989
0.189182
0.181089
0.165353
0.148436
0.135732
0.128071
0.129256
0.134188
0.143108
0.154197
0.164325
0.176194
0.188775
0.200854
0.216756
0.23579
0.259438
0.275465
0.285502
0.294924
0.301722
0.313451
0.324196
0.325097
0.325136
0.324653
0.320121
0.309538
0.294763
0.277948
0.249367
0.213489
0.1695
0.12059
0.0769455
0.0316981
-0.0240088
-0.0796406
-0.132066
-0.182367
-0.233142
-0.282507
-0.316935
-0.354985
-0.394945
-0.429386
-0.469082
-0.511207
-0.54936
-0.588785
-0.616344
-0.642121
-0.670994
-0.704324
-0.744097
-0.786292
-0.821299
-0.859908
-0.896705
-0.914127
-0.924599
-0.937457
-0.939982
-0.941585
-0.943338
-0.940492
-0.930117
-0.912923
-0.89689
-0.871169
-0.846823
-0.825334
-0.803209
-0.78712
-0.760037
-0.731846
-0.705341
-0.677125
-0.644449
-0.604087
-0.561565
-0.535577
-0.515251
-0.497614
-0.484718
-0.468161
-0.453576
-0.436664
-0.423178
-0.411588
-0.409096
-0.409668
-0.408858
-0.407967
-0.407591
-0.408409
-0.409521
-0.409014
-0.403882
-0.392858
-0.380678
-0.379418
-0.382074
-0.382511
-0.378442
-0.367323
-0.351257
-0.338782
-0.324537
-0.311849
-0.297017
-0.285253
-0.273507
-0.265831
-0.258321
-0.246728
-0.238558
-0.227883
-0.208303
-0.187915
-0.170714
-0.147823
-0.123466
-0.106009
-0.0937363
-0.075531
-0.048983
-0.0142696
0.0159019
0.0390477
0.0665293
0.104348
0.152708
0.203316
0.24625
0.284892
0.319635
0.347659
0.37563
0.403588
0.430754
0.458471
0.486545
0.514391
0.544438
0.573198
0.594482
0.603575
0.602957
0.603591
0.606135
0.608587
0.60881
0.604073
0.592919
0.579763
0.575142
0.565826
0.552898
0.548194
0.538089
0.524146
0.518178
0.507851
0.496316
0.4971
0.497438
0.492723
0.482795
0.470873
0.465428
0.454117
0.431972
0.409017
0.383458
0.347607
0.318121
0.291107
0.258391
0.219651
0.179779
0.151033
0.126224
0.0991062
0.0707256
0.0423204
0.0138553
-0.0150284
-0.0448693
-0.0746951
-0.100711
-0.117032
-0.121466
-0.121889
-0.124202
-0.126579
-0.125903
-0.119364
-0.107979
-0.0999775
-0.105583
-0.123964
-0.145008
-0.16379
-0.189639
-0.221817
-0.242924
-0.253694
-0.265364
-0.278515
-0.297143
-0.31743
-0.343429
-0.364641
-0.380055
-0.398571
-0.428021
-0.458343
-0.484158
-0.503781
-0.516846
-0.532647
-0.562446
-0.599102
-0.634732
-0.658015
-0.656265
-0.654209
-0.655777
-0.657725
-0.659489
-0.660245
-0.660379
-0.660045
-0.659637
-0.659236
-0.659154
-0.659658
-0.660863
-0.661791
-0.659876
-0.651223
-0.635329
-0.616566
-0.585588
-0.549085
-0.516541
-0.479136
-0.429436
-0.373998
-0.317344
-0.256657
-0.190806
-0.125448
-0.0742742
-0.0353474
0.00467186
0.0466371
0.0945707
0.145731
0.188825
0.228174
0.266752
0.303374
0.341461
0.370724
0.38753
0.406307
0.427526
0.442254
0.456136
0.472777
0.483969
0.492613
0.494662
0.501342
0.514453
0.525046
0.524918
0.523366
0.522934
0.523043
0.525227
0.530149
0.537626
0.541875
0.53552
0.53953
0.551751
0.55124
0.550312
0.554522
0.565085
0.577622
0.582
0.59112
0.603895
0.60722
0.606248
0.602206
0.591691
0.576117
0.563983
0.550066
0.53814
0.522644
0.505981
0.481677
0.45462
0.427616
0.399989
0.372172
0.342884
0.311978
0.279633
0.248604
0.223505
0.200843
0.180024
0.162656
0.141521
0.120658
0.105862
0.0935823
0.0848112
0.0833917
0.0834422
0.0857824
0.0929905
0.103576
0.116585
0.135483
0.156495
0.169988
0.179665
0.188072
0.194629
0.206305
0.216749
0.217292
0.217533
0.218589
0.217613
0.212129
0.20129
0.190389
0.184943
0.175097
0.164106
0.158285
0.14632
0.13129
0.12066
0.10906
0.105903
0.099095
0.0875646
0.0818199
0.0788666
0.0683599
0.0500964
0.0338056
0.0106296
-0.00571604
-0.0147478
-0.0270566
-0.0334519
-0.0444644
-0.0562828
-0.055055
-0.0539992
-0.0588197
-0.0698178
-0.082799
-0.0859679
-0.0846669
-0.0809296
-0.0708714
-0.0552158
-0.0418923
-0.0262295
-0.013113
-0.00171083
0.000909288
0.000442612
0.00159543
0.00312283
0.00524652
0.00684306
0.00696444
0.00378606
-0.00376977
-0.0144061
-0.0216078
-0.031815
-0.0516543
-0.0717837
-0.0871524
-0.105595
-0.123871
-0.138782
-0.156963
-0.179177
-0.201298
-0.226383
-0.250314
-0.268687
-0.288111
-0.302551
-0.316556
-0.334265
-0.352798
-0.370731
-0.380133
-0.38949
-0.408207
-0.427405
-0.436366
-0.442091
-0.453339
-0.463031
-0.462544
-0.462466
-0.464721
-0.46734
-0.467104
-0.458606
-0.43837
-0.411599
-0.391185
-0.377693
-0.362454
-0.335271
-0.304677
-0.277569
-0.256966
-0.245913
-0.24065
-0.240292
-0.23929
-0.237655
-0.236596
-0.236618
-0.237506
-0.237961
-0.235171
-0.225058
-0.207779
-0.191024
-0.170223
-0.154643
-0.147479
-0.137176
-0.124113
-0.107763
-0.086157
-0.072228
-0.0679114
-0.0590022
-0.0426371
-0.028409
-0.0163939
-0.0109569
-0.0104567
-0.0100349
-0.0121968
-0.0204673
-0.03454
-0.0474409
-0.0611239
-0.0762507
-0.0958958
-0.117774
-0.138537
-0.164059
-0.186231
-0.204184
-0.222859
-0.235077
-0.246945
-0.264874
-0.283193
-0.297805
-0.309987
-0.321534
-0.331324
-0.343619
-0.35563
-0.367573
-0.375453
-0.376186
-0.376752
-0.376093
-0.370357
-0.3582
-0.344226
-0.334958
-0.323592
-0.309938
-0.282534
-0.250037
-0.22968
-0.202956
-0.160195
-0.113212
-0.0540421
0.00734167
0.0581285
0.117545
0.168512
0.225793
0.284976
0.324294
0.362278
0.391848
0.42518
0.46608
0.507999
0.540609
0.576632
0.615899
0.64557
0.669597
0.688604
0.703075
0.718365
0.724408
0.720957
0.704482
0.670531
0.630842
0.594352
0.548894
0.493548
0.446335
0.393649
0.339706
0.292325
0.251312
0.211622
0.18176
0.157974
0.136877
0.121549
0.109519
0.105157
0.105677
0.103082
0.0936105
0.0772646
0.0599027
0.03946
0.0195729
0.00608181
-0.00548709
-0.0106543
-0.0106865
-0.0110586
-0.0115818
-0.0117003
-0.0114254
-0.0115849
-0.0147683
-0.0232082
-0.034745
-0.0403574
-0.0396156
-0.0396478
-0.0407534
-0.0409235
-0.038213
-0.031727
-0.024827
-0.0261192
-0.0349182
-0.0407693
-0.0493716
-0.0677371
-0.0888968
-0.104986
-0.122349
-0.143073
-0.160024
-0.178443
-0.198868
-0.212717
-0.225367
-0.24184
-0.259964
-0.28159
-0.297626
-0.314661
-0.337325
-0.352981
-0.363462
-0.374582
-0.381448
-0.392747
-0.403533
-0.404232
-0.404795
-0.405982
-0.404597
-0.397894
-0.385749
-0.375496
-0.37555
-0.376615
-0.376641
-0.377097
-0.377648
-0.377008
-0.372145
-0.360702
-0.345565
-0.336052
-0.321447
-0.304396
-0.272676
-0.234341
-0.195328
-0.159753
-0.110568
-0.0478948
0.00796593
0.0749621
0.132632
0.187548
0.241014
0.287411
0.326637
0.363381
0.385493
0.40717
0.438561
0.459669
0.490443
0.518838
0.540771
0.557376
0.570247
0.582657
0.583656
0.576515
0.557917
0.52992
0.504774
0.485227
0.469341
0.450494
0.422296
0.397272
0.378662
0.361605
0.338893
0.310819
0.283012
0.254722
0.224438
0.191398
0.157729
0.130772
0.113477
0.0910425
0.0734726
0.061677
0.0514115
0.0503803
0.0497007
0.0490696
0.0523759
0.0627715
0.080133
0.103963
0.142964
0.183977
0.218447
0.255586
0.287178
0.302335
0.314741
0.332137
0.3459
0.357036
0.358761
0.358842
0.35759
0.352117
0.342326
0.331941
0.324856
0.308464
0.286259
0.271216
0.259334
0.242037
0.223868
0.202303
0.187752
0.177074
0.160273
0.140056
0.110653
0.0831269
0.0618742
0.0462443
0.0311502
0.00968547
-0.0102923
-0.0354563
-0.0736366
-0.107186
-0.128127
-0.153993
-0.189195
-0.220683
-0.250898
-0.273
-0.297295
-0.321803
-0.342124
-0.36802
-0.39261
-0.415755
-0.442211
-0.464856
-0.47575
-0.48118
-0.481379
-0.484921
-0.494901
-0.507907
-0.515132
-0.515684
-0.515975
-0.51334
-0.502842
-0.482867
-0.461032
-0.438509
-0.406419
-0.371413
-0.332243
-0.280078
-0.222353
-0.166952
-0.116879
-0.0721956
-0.0220543
0.0261951
0.0682239
0.110205
0.142437
0.167066
0.182927
0.188852
0.193591
0.195954
0.188028
0.175453
0.159659
0.148331
0.132266
0.11802
0.0977164
0.080186
0.0594804
0.0193702
-0.0227925
-0.0520077
-0.0796081
-0.103749
-0.116837
-0.117687
-0.116189
-0.111186
-0.100765
-0.0918013
-0.0913718
-0.0898816
-0.08656
-0.0867416
-0.0911619
-0.0917825
-0.092633
-0.0945839
-0.0933636
-0.0843499
-0.064263
-0.0404733
-0.0260704
-0.0163541
-0.00921813
-0.00820036
-0.00756977
-0.00938265
-0.016549
-0.027709
-0.0342554
-0.0332643
-0.0326722
-0.0339293
-0.0355886
-0.0360597
-0.0324703
-0.0232755
-0.0113289
-0.00669273
-0.00757089
-0.00805935
-0.00798767
-0.00817859
-0.00824921
-0.00684974
-0.00147456
0.00874325
0.0205114
0.0331843
0.0495769
0.0630535
0.0744344
0.0767365
0.0761103
0.0768505
0.0779083
0.0787919
0.0787438
0.0778422
0.0767553
0.0775638
0.082756
0.0936584
0.105142
0.10585
0.107359
0.110558
0.107558
0.0893893
0.0515475
0.00730166
-0.0331347
-0.0659424
-0.0910116
-0.118625
-0.146791
-0.167583
-0.194935
-0.217732
-0.231768
-0.244036
-0.262194
-0.282314
-0.306497
-0.3228
-0.33196
-0.340014
-0.347826
-0.363558
-0.381235
-0.394437
-0.400083
-0.392762
-0.377789
-0.359896
-0.338938
-0.314605
-0.293007
-0.269315
-0.234973
-0.200128
-0.165451
-0.123293
-0.0759421
-0.0196687
0.0406967
0.0927204
0.137411
0.181966
0.236719
0.292119
0.339392
0.379033
0.417223
0.448185
0.4796
0.517216
0.557139
0.587818
0.598627
0.609016
0.610269
0.611348
0.614844
0.616861
0.614276
0.601654
0.578789
0.552167
0.514285
0.472577
0.4164
0.344063
0.268084
0.177574
0.0771889
-0.0366491
-0.176692
-0.319079
-0.429907
-0.520424
-0.591247
-0.653725
-0.703151
-0.733436
-0.758491
-0.779601
-0.789111
-0.791492
-0.794703
-0.795513
-0.786192
-0.760053
-0.719344
-0.672216
-0.612957
-0.534171
-0.441201
-0.328414
-0.196938
-0.0741555
0.0349553
0.136961
0.225996
0.299039
0.351504
0.383789
0.403109
0.411534
0.413457
0.410194
0.398896
0.381666
0.362585
0.345519
0.327953
0.306817
0.284271
0.25634
0.235373
0.207705
0.177235
0.15291
0.127064
0.105116
0.0921548
0.085576
0.0837367
0.0821075
0.0797755
0.0793369
0.0835859
0.0941104
0.106258
0.108561
0.106967
0.105918
0.105202
0.106347
0.111459
0.122583
0.135784
0.141178
0.15148
0.164024
0.164101
0.16343
0.164076
0.164494
0.164315
0.163726
0.164294
0.168584
0.178664
0.191631
0.199133
0.215802
0.23912
0.254638
0.264324
0.274357
0.281043
0.29441
0.311305
0.322427
0.332612
0.33818
0.348613
0.36078
0.368037
0.380247
0.391757
0.392274
0.389309
0.382212
0.370512
0.361926
0.363204
0.365077
0.365261
0.363829
0.359015
0.3502
0.339349
0.327598
0.308729
0.281804
0.251984
0.216229
0.17126
0.121584
0.0704513
0.00902549
-0.060969
-0.128592
-0.195303
-0.260984
-0.328014
-0.383195
-0.417121
-0.440975
-0.463019
-0.483663
-0.499653
-0.501119
-0.486834
-0.468973
-0.446738
-0.41992
-0.393662
-0.368023
-0.341401
-0.310614
-0.272073
-0.226983
-0.185157
-0.149433
-0.124936
-0.107657
-0.0857032
-0.0672007
-0.0622864
-0.0636024
-0.063157
-0.0584509
-0.0480066
-0.0348232
-0.0290545
-0.0297249
-0.0324699
-0.0400474
-0.0537414
-0.0694358
-0.0916892
-0.119608
-0.147773
-0.176131
-0.203668
-0.228113
-0.247572
-0.263771
-0.284287
-0.305424
-0.322534
-0.343067
-0.362874
-0.375782
-0.387777
-0.397711
-0.40778
-0.418286
-0.4158
-0.400953
-0.384651
-0.36301
-0.336107
-0.30822
-0.277874
-0.245669
-0.21585
-0.191881
-0.178007
-0.175621
-0.174203
-0.170885
-0.169038
-0.173414
-0.187756
-0.208997
-0.222425
-0.226659
-0.23624
-0.253688
-0.268294
-0.281416
-0.284355
-0.280376
-0.270692
-0.254986
-0.240093
-0.219319
-0.198994
-0.179042
-0.151595
-0.127845
-0.0923848
-0.0509544
-0.0207549
0.00532602
0.0321917
0.0601189
0.0899851
0.123426
0.160759
0.196561
0.220756
0.246832
0.286163
0.318422
0.342829
0.361648
0.374716
0.387916
0.392407
0.392203
0.38901
0.380255
0.368899
0.363401
0.354432
0.338872
0.326154
0.311134
0.297912
0.282572
0.270441
0.258362
0.250787
0.240601
0.227741
0.224962
0.22565
0.225607
0.225154
0.22461
0.224112
0.223743
0.223633
0.224072
0.225175
0.226374
0.225874
0.221105
0.210622
0.198787
0.196782
0.198171
0.198381
0.198071
0.197503
0.197106
0.196768
0.196551
0.196483
0.196939
0.198036
0.199256
0.19872
0.19379
0.182938
0.170699
0.168622
0.170053
0.170229
0.169878
0.169287
0.168968
0.168766
0.16865
0.168418
0.16835
0.168785
0.170021
0.171245
0.170155
0.163139
0.148424
0.130279
0.114178
0.100832
0.0797613
0.0543865
0.0242787
-0.014126
-0.0593045
-0.102689
-0.140707
-0.17143
-0.195906
-0.215395
-0.230269
-0.246897
-0.262093
-0.274404
-0.279844
-0.280904
-0.282626
-0.282027
-0.272798
-0.250655
-0.219451
-0.180767
-0.134114
-0.0897088
-0.0538918
-0.0282598
-0.0130004
-0.00521679
0.0051451
0.022263
0.0374181
0.0498786
0.0581439
0.0660468
0.0770534
0.0824918
0.0858533
0.0949286
0.107105
0.112255
0.112167
0.11279
0.113352
0.111244
0.104243
0.0933314
0.0853396
0.0805269
0.0689551
0.0510376
0.0241367
-0.0166216
-0.0614437
-0.110563
-0.16722
-0.221915
-0.26892
-0.304287
-0.330444
-0.352507
-0.368646
-0.381087
-0.390082
-0.394168
-0.401173
-0.408829
-0.40763
-0.399036
-0.394272
-0.387891
-0.37167
-0.350188
-0.33369
-0.315813
-0.287504
-0.260044
-0.237878
-0.220784
-0.20398
-0.183082
-0.170466
-0.163814
-0.151869
-0.141334
-0.141209
-0.141736
-0.140581
-0.139031
-0.137938
-0.139784
-0.146462
-0.15777
-0.166759
-0.167364
-0.171737
-0.18304
-0.194826
-0.200938
-0.211618
-0.223271
-0.221638
-0.219263
-0.220858
-0.228445
-0.242402
-0.254762
-0.249404
-0.235618
-0.21975
-0.210393
-0.197022
-0.182303
-0.155223
-0.122592
-0.0843894
-0.0390602
0.00493896
0.0589967
0.1114
0.158313
0.204765
0.256219
0.294177
0.328289
0.358682
0.373887
0.389156
0.403608
0.421156
0.436231
0.449563
0.452554
0.448161
0.438104
0.422669
0.410033
0.39399
0.379109
0.36184
0.337045
0.30733
0.283107
0.258388
0.224435
0.199631
0.177851
0.14897
0.129071
0.107792
0.0899646
0.0784809
0.063256
0.0478528
0.0260142
0.00464034
-0.00878212
-0.0191964
-0.0235529
-0.0238992
-0.0261796
-0.0301678
-0.0329041
-0.0303645
-0.0276225
-0.0250415
-0.0173232
-0.00539855
0.00334134
0.0121536
0.0237894
0.0279795
0.0261843
0.0258189
0.0293206
0.0378097
0.048865
0.0534056
0.0460384
0.0340378
0.0297108
0.0285725
0.0208105
0.00654663
-0.00661675
-0.0203517
-0.0348796
-0.0492111
-0.0622519
-0.0747642
-0.0833695
-0.0834875
-0.0802116
-0.0724472
-0.0612472
-0.0553492
-0.0571652
-0.0567804
-0.0501748
-0.0367949
-0.0199812
0.00102031
0.0298461
0.0586394
0.0838686
0.103366
0.11687
0.130477
0.146512
0.162305
0.178085
0.190036
0.19688
0.197118
0.197944
0.199681
0.198784
0.192095
0.178286
0.162667
0.146772
0.128313
0.112205
0.0927672
0.060672
0.027986
0.00157719
-0.0162748
-0.0229529
-0.0235771
-0.0249367
-0.0246027
-0.0185644
-0.00623321
0.00689278
0.0190798
0.0348418
0.0560487
0.0850162
0.113951
0.13997
0.161227
0.17592
0.187767
0.19607
0.19744
0.197738
0.196326
0.190519
0.181086
0.172644
0.162083
0.136824
0.101949
0.0651312
0.0298965
0.00275326
-0.021396
-0.0423431
-0.0597038
-0.0795662
-0.101655
-0.11759
-0.131611
-0.146474
-0.157528
-0.164126
-0.166023
-0.173518
-0.18804
-0.202946
-0.215851
-0.229902
-0.244265
-0.259772
-0.272672
-0.280563
-0.279253
-0.272663
-0.26026
-0.244267
-0.224265
-0.19712
-0.170094
-0.143923
-0.116822
-0.0863113
-0.0501145
-0.0101591
0.0253691
0.0536571
0.082215
0.110206
0.133038
0.146782
0.151706
0.147481
0.137462
0.130101
0.120414
0.115172
0.11739
0.115903
0.105793
0.0863172
0.0648608
0.0488706
0.0316676
0.0106497
-0.00706984
-0.0261832
-0.04578
-0.0544479
-0.0552829
-0.0551584
-0.0506519
-0.0383468
-0.0212328
-0.00731653
-0.00266359
-0.00432681
-0.00166289
0.00820188
0.0223026
0.0304424
0.027225
0.0188549
0.00750414
-0.0010253
-0.0065961
-0.0183643
-0.0324207
-0.0464723
-0.0637856
-0.0834198
-0.104315
-0.11819
-0.128939
-0.139806
-0.149046
-0.160069
-0.162521
-0.152265
-0.142633
-0.140693
-0.14229
-0.140637
-0.133405
-0.12223
-0.113533
-0.107212
-0.0936121
-0.0760118
-0.0570973
-0.0371383
-0.0235117
-0.010334
0.00739221
0.0269942
0.0458034
0.0547385
0.0609591
0.0744702
0.0901866
0.104871
0.120341
0.132993
0.140554
0.138944
0.132322
0.120168
0.104674
0.0849876
0.0572713
0.0284323
-0.0003443
-0.0294126
-0.0579681
-0.0911118
-0.131645
-0.165468
-0.186169
-0.202487
-0.221239
-0.241121
-0.252378
-0.260514
-0.27285
-0.280988
-0.280912
-0.280578
-0.281094
-0.281748
-0.282401
-0.282774
-0.282667
-0.281946
-0.280919
-0.280801
-0.283647
-0.291326
-0.302332
-0.309225
-0.311159
-0.318448
-0.330574
-0.338064
-0.337507
-0.336588
-0.33681
-0.337791
-0.339561
-0.340989
-0.339742
-0.332532
-0.318233
-0.302502
-0.292858
-0.286099
-0.279065
-0.261735
-0.238038
-0.220714
-0.205316
-0.184852
-0.168137
-0.150247
-0.121997
-0.0932465
-0.0654676
-0.0380248
-0.0107731
0.016446
0.0431533
0.0666533
0.0808579
0.0877695
0.100386
0.113627
0.126276
0.138915
0.13873
0.136671
0.136251
0.137397
0.142597
0.152578
0.163895
0.166698
0.170546
0.181009
0.192581
0.193381
0.19172
0.196243
0.210668
0.233404
0.251627
0.264709
0.283858
0.303038
0.318902
0.33869
0.359022
0.375497
0.395503
0.415725
0.431769
0.451401
0.47151
0.48713
0.50489
0.521016
0.5308
0.532955
0.526396
0.513669
0.498524
0.47975
0.4532
0.42386
0.390355
0.350327
0.30713
0.260288
0.207583
0.155039
0.106386
0.0685639
0.0405537
0.0130647
-0.011339
-0.0286808
-0.0405025
-0.0499084
-0.0499962
-0.049876
-0.0513633
-0.0532943
-0.0547676
-0.0532306
-0.0454484
-0.0314089
-0.0199921
-0.0268877
-0.0412613
-0.0531143
-0.0481194
-0.0353807
-0.021725
-0.0161909
-0.0226157
-0.0343899
-0.0457998
-0.0460601
-0.0435697
-0.0435399
-0.0448971
-0.0457902
-0.0423036
-0.0312752
-0.014704
-0.00156563
0.0125827
0.0237293
0.0371731
0.0500483
0.0641247
0.0815936
0.106363
0.135575
0.160704
0.17925
0.193441
0.212116
0.231905
0.242744
0.250922
0.263945
0.273338
0.274418
0.273042
0.267578
0.255656
0.240706
0.224187
0.20263
0.185757
0.170096
0.149398
0.133541
0.116892
0.0901671
0.0619784
0.0342724
0.0108684
-0.00453297
-0.015302
-0.0318536
-0.0450225
-0.0616102
-0.0745043
-0.0903707
-0.101971
-0.113894
-0.118107
-0.119135
-0.120097
-0.117143
-0.120936
-0.127843
-0.12954
-0.11835
-0.113592
-0.114673
-0.11914
-0.128765
-0.140559
-0.144706
-0.143487
-0.142984
-0.142945
-0.14245
-0.142129
-0.143975
-0.151276
-0.164811
-0.17949
-0.192686
-0.206513
-0.219182
-0.232539
-0.24573
-0.261729
-0.280476
-0.301829
-0.311864
-0.311243
-0.312063
-0.315436
-0.318798
-0.318267
-0.313458
-0.313564
-0.315136
-0.316175
-0.315449
-0.310273
-0.299281
-0.286705
-0.282705
-0.273085
-0.257597
-0.247108
-0.230472
-0.213352
-0.193301
-0.179825
-0.175533
-0.165774
-0.147546
-0.129515
-0.108747
-0.0949996
-0.0901089
-0.0783566
-0.0567314
-0.0371569
-0.0241847
-0.0104096
0.00387694
0.0195192
0.0331727
0.0439031
0.0488325
0.0524829
0.062507
0.0757528
0.0810122
0.0794568
0.0776965
0.0774646
0.0808383
0.0898791
0.102788
0.110183
0.107119
0.099259
0.0881048
0.0787574
0.0718323
0.0607655
0.0532821
0.0535468
0.0538762
0.0534475
0.0531072
0.0527208
0.0520928
0.0509768
0.0501148
0.0514911
0.0579334
0.0703842
0.0835697
0.0909823
0.100782
0.110871
0.123309
0.140805
0.158214
0.180148
0.197496
0.21384
0.235802
0.25154
0.262583
0.27471
0.276237
0.277774
0.281457
0.282399
0.277884
0.278885
0.28004
0.275647
0.26376
0.246251
0.233843
0.217995
0.207981
0.198119
0.196578
0.196542
0.191496
0.181339
0.169446
0.165183
0.158074
0.142813
0.126312
0.113797
0.107915
0.0959293
0.0742497
0.0543531
0.0354048
0.0063314
-0.0244386
-0.0594342
-0.0934082
-0.121069
-0.145709
-0.165212
-0.179582
-0.194859
-0.20876
-0.220831
-0.229591
-0.238732
-0.251386
-0.25761
-0.258291
-0.257973
-0.254609
-0.245952
-0.234852
-0.23081
-0.233469
-0.232186
-0.221808
-0.201476
-0.179526
-0.16553
-0.155318
-0.146169
-0.139099
-0.128341
-0.120391
-0.117107
-0.108931
-0.0969232
-0.0906567
-0.0923249
-0.0912594
-0.0826646
-0.0668302
-0.0507206
-0.0397819
-0.034415
-0.035729
-0.034404
-0.0273587
-0.0157202
-0.00548705
-0.00233151
0.00533333
0.0177545
0.0286647
0.0398843
0.0513919
0.0577586
0.0679111
0.0775752
0.0793936
0.0857441
0.0979656
0.107945
0.107639
0.106441
0.106635
0.107386
0.108793
0.109835
0.108918
0.103445
0.0922247
0.0789505
0.0676943
0.0502302
0.0336573
0.0116074
-0.00201523
-0.00641756
-0.0175289
-0.0301642
-0.0306718
-0.0295045
-0.0301556
-0.0316234
-0.0348391
-0.038184
-0.0385213
-0.0317059
-0.0309344
-0.0314471
-0.0315283
-0.0320319
-0.0331259
-0.0341665
-0.033241
-0.0274074
-0.015599
-0.00336218
-0.00371899
-0.00585501
-0.00760622
-0.0100834
-0.0109008
-0.00682505
-0.00519506
-0.00217625
0.00778113
0.0229947
0.0353264
0.0506548
0.0663589
0.0873348
0.106205
0.121779
0.143782
0.162991
0.177253
0.195297
0.209806
0.221396
0.23337
0.245721
0.248661
0.248059
0.248534
0.249179
0.249873
0.250063
0.249973
0.249698
0.249844
0.250635
0.251856
0.25187
0.247995
0.237603
0.222818
0.212043
0.198544
0.182872
0.159178
0.132133
0.105662
0.0789872
0.0521007
0.0231905
-0.0089433
-0.0446096
-0.0788653
-0.102093
-0.121075
-0.144017
-0.164406
-0.179192
-0.194781
-0.209225
-0.221103
-0.226704
-0.227314
-0.227498
-0.225008
-0.217534
-0.20649
-0.19938
-0.191618
-0.177795
-0.164293
-0.149449
-0.132665
-0.112083
-0.0922527
-0.0794814
-0.067825
-0.0588249
-0.0494482
-0.0376001
-0.0330559
-0.0333856
-0.0298072
-0.0203689
-0.00821448
-0.00313611
-0.00308675
-0.00228161
-0.00190321
-0.00530962
-0.0147056
-0.0271389
-0.0316001
-0.0278232
-0.019971
-0.00947768
-0.002075
0.00517632
0.0195469
0.0342386
0.0459406
0.0526796
0.0519711
0.0516364
0.0532483
0.0556906
0.0574275
0.0548426
0.0441897
0.0251623
0.00723962
-0.000989761
-0.00889897
-0.0275378
-0.0493655
-0.0646496
-0.077954
-0.0921752
-0.104076
-0.114371
-0.122345
-0.133231
-0.13976
-0.139226
-0.141823
-0.150701
-0.163328
-0.170759
-0.169673
-0.168683
-0.169501
-0.171745
-0.174782
-0.176157
-0.172735
-0.170584
-0.171709
-0.171874
-0.168471
-0.159908
-0.148417
-0.141807
-0.134857
-0.120225
-0.102808
-0.0815727
-0.0616148
-0.0491254
-0.0380472
-0.0296477
-0.0205744
-0.00798958
-0.00157741
-0.000761778
-0.000987961
-0.00444687
-0.0132448
-0.0245827
-0.0286054
-0.0271651
-0.0266793
-0.027775
-0.0296488
-0.0307203
-0.0280978
-0.0188553
-0.0037513
0.00938065
0.0205994
0.0283809
0.0369542
0.0497646
0.0581558
0.0682718
0.0806707
0.083571
0.0836355
0.0847875
0.0849237
0.0812794
0.0718833
0.0600941
0.0554091
0.0492066
0.0381248
0.0304084
0.0285706
0.0270005
0.0240831
0.0230728
0.0273095
0.0280398
0.0265071
0.026739
0.0306614
0.0401316
0.0520239
0.0581637
0.0683409
0.0853412
0.0979692
0.108212
0.109561
0.109474
0.114412
0.124809
0.136637
0.140037
0.144681
0.156546
0.169231
0.169434
0.168217
0.16857
0.168821
0.169353
0.169754
0.170611
0.171451
0.171471
0.168366
0.160505
0.14935
0.142597
0.137701
0.126787
0.115012
0.115573
0.115278
0.109197
0.0981769
0.0870331
0.0807643
0.0682644
0.0527314
0.0428005
0.0331473
0.0255422
0.00808848
-0.0160694
-0.0333981
-0.0465218
-0.0603111
-0.0721781
-0.0822616
-0.0901059
-0.101065
-0.108789
-0.111266
-0.118895
-0.131028
-0.138641
-0.138387
-0.137886
-0.137914
-0.137466
-0.136737
-0.137086
-0.141033
-0.150448
-0.162339
-0.166788
-0.165849
-0.16617
-0.167492
-0.167681
-0.164026
-0.154943
-0.14368
-0.139643
-0.137094
-0.128181
-0.115421
-0.107838
-0.0978719
-0.0855398
-0.0830527
-0.0838687
-0.083681
-0.0830888
-0.0824722
-0.0821522
-0.0820467
-0.0820134
-0.0818439
-0.0815936
-0.0815365
-0.082106
-0.083293
-0.0840053
-0.0816454
-0.0730811
-0.0583191
-0.0441994
-0.0315289
-0.0203852
-0.0108009
-0.000854125
0.00574452
0.0195765
0.0375694
0.0498063
0.058595
0.0574278
0.0556417
0.0566117
0.0608381
0.069319
0.0785819
0.0791589
0.0661494
0.058307
0.0604913
0.0623509
0.0603339
0.0527497
0.0405853
0.0308057
0.0242509
0.0131435
0.00269827
-0.00512571
-0.0166455
-0.025166
-0.0333844
-0.0450576
-0.0519176
-0.0578386
-0.068561
-0.0775308
-0.0797197
-0.079064
-0.0792358
-0.080373
-0.0818063
-0.0821536
-0.0793069
-0.0716118
-0.060902
-0.0548264
-0.0537338
-0.0494274
-0.0384197
-0.0255343
-0.0212268
-0.0113633
0.00478269
0.0168549
0.0347859
0.0519366
0.0750235
0.0917449
0.108678
0.136911
0.166227
0.194817
0.222723
0.249286
0.273003
0.292959
0.311859
0.330961
0.340919
0.346937
0.356079
0.361054
0.355049
0.345784
0.343397
0.34451
0.341704
0.333152
0.321949
0.316877
0.314106
0.305767
0.294194
0.288703
0.285602
0.27684
0.264783
0.258102
0.248281
0.231477
0.216754
0.200139
0.188205
0.180325
0.163606
0.134278
0.10205
0.0739083
0.0461582
0.0183912
-0.00972071
-0.0385466
-0.0687021
-0.0989907
-0.127563
-0.151545
-0.168952
-0.182087
-0.200983
-0.220884
-0.242507
-0.252675
-0.251655
-0.251822
-0.253634
-0.255035
-0.253328
-0.246235
-0.234531
-0.225111
-0.218695
-0.207306
-0.195274
-0.184376
-0.168819
-0.151264
-0.132518
-0.108758
-0.0801874
-0.0545854
-0.0360503
-0.0244409
-0.0136546
-0.00503396
0.00434906
0.0169551
0.0230324
0.0234172
0.0226615
0.0184708
0.0083163
-0.00502431
-0.0122564
-0.0201305
-0.0300576
-0.0449013
-0.0709166
-0.0990754
-0.124269
-0.145758
-0.163599
-0.181203
-0.205365
-0.223677
-0.233425
-0.241902
-0.252943
-0.269218
-0.279775
-0.289114
-0.287714
-0.284946
-0.283833
-0.282427
-0.281287
-0.279958
-0.27903
-0.277595
-0.274369
-0.266783
-0.254387
-0.241538
-0.233538
-0.221473
-0.210636
-0.209496
-0.2091
-0.206681
-0.201529
-0.191921
-0.179752
-0.171672
-0.168737
-0.161313
-0.149045
-0.138218
-0.130084
-0.118639
-0.109214
-0.103062
-0.0927594
-0.0809128
-0.0698743
-0.0566055
-0.0441453
-0.0305195
-0.0157641
0.002609
0.0216702
0.0378714
0.0564247
0.0726176
0.0832249
0.0961674
0.10729
0.120027
0.130465
0.142314
0.152496
0.164383
0.174509
0.185988
0.194997
0.204022
0.20946
0.21632
0.223658
0.221096
0.219429
0.222696
0.230798
0.238845
0.236434
0.232799
0.230465
0.228491
0.227204
0.22605
0.224402
0.220446
0.212591
0.201046
0.191502
0.189806
0.188529
0.186043
0.183443
0.180788
0.178455
0.176081
0.173498
0.17045
0.167572
0.166103
0.167778
0.17263
0.176931
0.176429
0.172951
0.169451
0.166177
0.16354
0.162981
0.16579
0.170916
0.172635
0.169178
0.16597
0.163087
0.158479
0.150657
0.140131
0.131355
0.122793
0.110532
0.0994944
0.090208
0.0832474
0.0756051
0.0640165
0.0529798
0.0419666
0.0315839
0.0210829
0.0117595
0.00346541
-0.00272904
-0.00884143
-0.0166552
-0.0211042
-0.0243531
-0.0307768
-0.0382009
-0.0406347
-0.0432472
-0.0493586
-0.0562187
-0.0580635
-0.0597982
-0.0650691
-0.0718482
-0.075362
-0.0799285
-0.0864174
-0.0894305
-0.0934341
-0.0990009
-0.101475
-0.106034
-0.114299
-0.121536
-0.132146
-0.13932
-0.142144
-0.145473
-0.144566
-0.145807
-0.150169
-0.153613
-0.15645
-0.159061
-0.156068
-0.152781
-0.150608
-0.148241
-0.144929
-0.139312
-0.131517
-0.123923
-0.119125
-0.112347
-0.104922
-0.0995425
-0.0925653
-0.0863882
-0.0844739
-0.0825053
-0.0798743
-0.0774277
-0.0761293
-0.0769517
-0.0798052
-0.0814694
-0.0782236
-0.0729394
-0.0665951
-0.0613326
-0.0598817
-0.0584683
-0.0564743
-0.054335
-0.0522359
-0.0502961
-0.0484723
-0.0465971
-0.0445529
-0.0423696
-0.0404716
-0.0395331
-0.0401576
-0.0417393
-0.0417616
-0.0393604
-0.0369202
-0.0348609
-0.0332417
-0.0322765
-0.0318761
-0.0310322
-0.0278709
-0.0234288
-0.0200062
-0.0160459
-0.0124821
-0.00944616
-0.00514256
-0.000738266
0.00307973
0.00687281
0.0103371
0.013792
0.0169558
0.0201295
0.0229688
0.0255858
0.0275326
0.0289941
0.0300771
0.0317769
0.0331056
0.0340762
0.0353747
0.0355269
0.0348059
0.0341586
0.0336007
0.03304
0.03246
0.031887
0.0313589
0.0308562
0.0302396
0.029273
0.0277665
0.0259801
0.0247783
0.0236961
0.0222037
0.0211126
0.0201535
0.0190143
0.0184726
0.0181577
0.0173437
0.0163309
0.0159889
0.0161266
0.0162204
0.0162705
0.0162765
0.016263
0.0162277
0.0161933
0.0162053
0.0164245
0.0169648
0.0177247
0.0182189
0.0187251
0.019022
0.0193654
0.0195859
0.0198975
0.0201418
0.0204276
0.0203902
0.0199735
0.0197356
0.0196909
0.0194595
0.0190944
0.01843
0.0177174
0.0171513
0.0167161
0.0163441
0.0158222
0.015136
0.0144609
0.0138931
0.0134386
0.0130517
0.0125626
0.0119278
0.0112422
0.0105702
0.00997679
0.00943676
0.00897183
0.00851972
0.0080346
0.00751822
0.00700723
0.00659699
0.00619878
0.0057937
0.00544983
0.00508929
0.00469726
0.00436126
0.0040761
0.00378618
0.00353892
0.0033435
0.00315409
0.00299384
0.00284344
0.00271442
0.00261025
0.00250728
0.00239583
0.00227715
0.00216295
0.00207272
0.00198574
0.00189102
0.00179371
0.00170563
0.00162782
0.00155023
0.0014696
0.00138617
0.00130245
0.00122358
0.00114937
0.00107567
0.00100148
0.000927176
0.000852937
0.000779069
0.000705754
0.00063314
0.000561473
0.00049071
0.000420291
0.000349585
0.00027968
0.000211017
0.000143546
7.73151e-05
1.23538e-05
-5.13186e-05
-0.000113732
-0.000174892
-0.00023463
-0.000292891
-0.000349684
-0.000405005
-0.000458844
-0.000511178
-0.000562001
-0.000611313
-0.000659115
-0.000705407
