0.00190258
0.00192558
0.00195654
0.0020058
0.00207847
0.00217835
0.00229863
0.00243624
0.00258321
0.00273793
0.00289858
0.00307337
0.00324242
0.00335489
0.00333712
0.00312954
0.00270641
0.0020423
0.00117362
0.000268928
-0.000532302
-0.00110975
-0.0013448
-0.00119111
-0.000568787
0.000558876
0.0021626
0.00390877
0.00530734
0.00603995
0.0059455
0.00512708
0.00382351
0.00189607
-0.00050449
-0.00274067
-0.00441682
-0.00518554
-0.00544023
-0.00518946
-0.00456892
-0.00357134
-0.00201958
-0.000107003
0.00152542
0.00254026
0.00263037
0.00158045
-0.000405898
-0.0024848
-0.00415547
-0.00542646
-0.00622872
-0.00630881
-0.0055714
-0.00393666
-0.000752811
0.00440696
0.0109868
0.0173506
0.0231208
0.0279558
0.031884
0.0353163
0.0376778
0.0379845
0.0351989
0.0291012
0.0200735
0.00943739
-0.000995914
-0.00868958
-0.0143125
-0.0186849
-0.0215156
-0.0228976
-0.023638
-0.0236784
-0.023507
-0.0230216
-0.0212661
-0.01754
-0.0117636
-0.00413363
0.00513562
0.014673
0.0217442
0.0252894
0.0265684
0.0251159
0.0202232
0.0126869
0.00328295
-0.00648742
-0.0134682
-0.0175642
-0.019675
-0.0212653
-0.0223965
-0.0226535
-0.0215767
-0.018998
-0.0159625
-0.0136255
-0.0121358
-0.0115245
-0.0117691
-0.0128588
-0.0149269
-0.0173357
-0.0186141
-0.0186859
-0.017829
-0.0155849
-0.010435
-0.000964026
0.0128446
0.0289334
0.0457831
0.060625
0.0689459
0.0711019
0.0701274
0.0658333
0.0579849
0.0487655
0.0398502
0.033636
0.0309319
0.0311126
0.0326777
0.0346551
0.0355771
0.0345737
0.0307901
0.0230887
0.0107863
-0.00454312
-0.0188255
-0.0310278
-0.0413187
-0.047789
-0.0496882
-0.049947
-0.0482456
-0.0444214
-0.0377486
-0.0290736
-0.0221403
-0.0204505
-0.0241352
-0.0322682
-0.0448546
-0.0593518
-0.0712024
-0.0785237
-0.080688
-0.0772681
-0.0680857
-0.0548451
-0.0373802
-0.0169643
0.00160138
0.018037
0.03411
0.0493507
0.060929
0.06535
0.0614146
0.0507644
0.0323077
0.00875871
-0.0106858
-0.021861
-0.0309529
-0.0378413
-0.0404721
-0.0379657
-0.0306675
-0.0198773
-0.0103517
-0.007218
-0.0134543
-0.0247921
-0.0386545
-0.0548093
-0.0701796
-0.0807783
-0.0878184
-0.0900371
-0.0854517
-0.0741622
-0.0529187
-0.0215144
0.0146002
0.053044
0.0894577
0.114988
0.12735
0.127849
0.122066
0.117324
0.110903
0.100518
0.0875145
0.0720752
0.0558842
0.043282
0.0348493
0.0276219
0.0216631
0.0167093
0.0122251
0.00823111
0.00390174
-0.000810488
-0.00564501
-0.0105328
-0.0154523
-0.0203917
-0.0257345
-0.0319973
-0.0394536
-0.0478251
-0.0559972
-0.0627938
-0.067761
-0.0708254
-0.0722421
-0.0707659
-0.0648538
-0.0543899
-0.041699
-0.029328
-0.0179427
-0.00910135
-0.00457533
-0.00289879
-0.000676128
0.0025626
0.00596941
0.00895255
0.0113498
0.0129
0.0127494
0.0102365
0.00540889
-0.000568169
-0.00667597
-0.0130957
-0.0197208
-0.0255206
-0.0290094
-0.0306047
-0.0301
-0.0276286
-0.0232174
-0.0172445
-0.0113886
-0.00577506
-6.57133e-06
0.00609577
0.0125853
0.0191612
0.0251994
0.0297851
0.0319291
0.0308588
0.0267084
0.0210926
0.0144383
0.00602328
-0.00374751
-0.0130083
-0.0213719
-0.0289338
-0.0354993
-0.0399576
-0.0411606
-0.0394375
-0.0369215
-0.0337679
-0.0296208
-0.0253487
-0.0228965
-0.0224422
-0.0233931
-0.024197
-0.0222533
-0.016756
-0.00784518
0.00349348
0.0175253
0.0332709
0.0476815
0.0594983
0.0681504
0.0730828
0.0739754
0.0718138
0.0693086
0.0646916
0.0560839
0.0437507
0.0307015
0.0201484
0.0126406
0.00840309
0.00748406
0.00951918
0.0147868
0.0216866
0.0274307
0.0322254
0.0361725
0.0385547
0.0383766
0.0349081
0.0287777
0.0222272
0.0148193
0.00663993
-0.000605385
-0.00516126
-0.00569849
-0.00132248
0.00751924
0.018149
0.0294487
0.0396368
0.044566
0.040906
0.0298061
0.0140189
-0.0069816
-0.030525
-0.0494772
-0.0623686
-0.0680869
-0.0660238
-0.059463
-0.0483679
-0.0346103
-0.0191728
-0.00218061
0.0125372
0.0187927
0.0198701
0.0169195
0.00862
-0.00415472
-0.0212956
-0.0398129
-0.0527667
-0.0594966
-0.0610003
-0.0569597
-0.0468167
-0.0299581
-0.00990859
0.00672462
0.0163255
0.0149869
0.00480037
-0.00672151
-0.0143418
-0.0176204
-0.0160471
-0.00959898
0.000461255
0.0138619
0.0321936
0.0552138
0.0778217
0.0908018
0.0936053
0.0888453
0.0797744
0.0681581
0.0509803
0.0274506
0.00112454
-0.0250559
-0.0468947
-0.0608826
-0.066475
-0.0649519
-0.0587179
-0.0534238
-0.0473076
-0.038489
-0.0277254
-0.0152974
-0.00136405
0.0130087
0.0257084
0.0338218
0.0373811
0.0390464
0.0392754
0.0395222
0.0407752
0.0433004
0.0477329
0.0540556
0.0612773
0.0682549
0.0741355
0.0773895
0.0766733
0.0715194
0.0614201
0.0460763
0.0276426
0.00749671
-0.0161867
-0.0419411
-0.0648962
-0.0823168
-0.091603
-0.0942426
-0.0959871
-0.0977491
-0.0991565
-0.10118
-0.102438
-0.101506
-0.0978866
-0.092006
-0.0832746
-0.0702382
-0.0524028
-0.0318356
-0.01326
0.00241735
0.0145761
0.0222258
0.0263419
0.0295628
0.0296713
0.0242846
0.0132046
-0.00194733
-0.017645
-0.0315586
-0.0394436
-0.0392369
-0.0348856
-0.0277242
-0.0186547
-0.00768464
0.00382541
0.0119571
0.0167003
0.0203686
0.0230558
0.0250402
0.0276497
0.0327828
0.0425129
0.0578938
0.0782582
0.100495
0.122211
0.140172
0.152824
0.159618
0.159275
0.150658
0.132982
0.109498
0.0827884
0.0534597
0.0257179
0.00357585
-0.0129682
-0.0266108
-0.0396761
-0.0546808
-0.0713833
-0.0891719
-0.105732
-0.11817
-0.125489
-0.128118
-0.12751
-0.124518
-0.11979
-0.113442
-0.103955
-0.0908172
-0.0746622
-0.0552606
-0.03342
-0.0101565
0.0108207
0.0245992
0.0368918
0.0503994
0.0619752
0.0676079
0.0649028
0.0547314
0.0418493
0.0278863
0.0142892
0.00228153
-0.00737504
-0.0133364
-0.0162915
-0.0159232
-0.0110656
-0.000915021
0.016529
0.0405995
0.0680055
0.0935803
0.107216
0.10463
0.0969858
0.083354
0.0624929
0.0394898
0.0219739
0.0118178
0.00794564
0.00989322
0.0159635
0.0243085
0.0343221
0.0460908
0.0602767
0.076074
0.0889177
0.0918565
0.0849971
0.0698423
0.0464468
0.0150836
-0.0192779
-0.0543532
-0.0862836
-0.109222
-0.131331
-0.152189
-0.168759
-0.179169
-0.179915
-0.172854
-0.165055
-0.154944
-0.141212
-0.126102
-0.11157
-0.0966025
-0.0801169
-0.0621049
-0.0436591
-0.0268554
-0.012533
0.000418922
0.0135131
0.026072
0.0371984
0.0464925
0.0538188
0.0594578
0.0647755
0.0704029
0.0760214
0.0814485
0.0867838
0.0920285
0.0967593
0.100393
0.102319
0.102175
0.100944
0.100159
0.0989967
0.096069
0.0901472
0.080715
0.0683609
0.0520705
0.0310741
0.00589419
-0.0207111
-0.0431673
-0.0611436
-0.0754025
-0.0859099
-0.0940186
-0.100664
-0.104879
-0.105345
-0.100767
-0.0911709
-0.0772651
-0.0632133
-0.0550419
-0.0539137
-0.0588876
-0.0677671
-0.0781974
-0.0849501
-0.0842825
-0.0752082
-0.0584331
-0.0372121
-0.0112536
0.0189944
0.048991
0.0746956
0.0911916
0.0970631
0.0953159
0.0875159
0.0727357
0.0536454
0.0326184
0.0120115
-0.00512079
-0.01763
-0.0246568
-0.0268878
-0.0276051
-0.0269536
-0.0250189
-0.0241862
-0.0254778
-0.0295902
-0.0375101
-0.0496207
-0.0654378
-0.0824807
-0.0956599
-0.104818
-0.109721
-0.110685
-0.109317
-0.102529
-0.0856355
-0.056453
-0.0179698
0.0232203
0.0597525
0.0883182
0.109403
0.121041
0.12426
0.12659
0.125567
0.118302
0.102924
0.080022
0.0557158
0.0335786
0.013823
-0.00267075
-0.0143077
-0.0203865
-0.0226051
-0.0225149
-0.0196205
-0.013973
-0.00417503
0.00893436
0.0215994
0.0341818
0.0470776
0.0594398
0.0696797
0.0761172
0.0775256
0.0725365
0.0601047
0.0422874
0.0234544
0.00809437
-9.47277e-05
0.000822031
0.00342476
0.00643277
0.00888231
0.00899238
0.00628478
-0.000235825
-0.0114058
-0.0271414
-0.0443869
-0.0574667
-0.0662733
-0.0699289
-0.0700418
-0.0688407
-0.0670327
-0.0639475
-0.0579629
-0.0489593
-0.0387024
-0.0276522
-0.0173569
-0.0112146
-0.00993622
-0.00911933
-0.00911658
-0.0109162
-0.0138421
-0.0156514
-0.0145574
-0.0100859
-0.00227795
0.00885019
0.0236144
0.0399967
0.053307
0.0623674
0.0683212
0.07235
0.0744092
0.0747672
0.0718697
0.0638791
0.0512651
0.0373454
0.0234123
0.00967808
-0.00353023
-0.0152318
-0.0239123
-0.0287123
-0.0295048
-0.0272053
-0.0246466
-0.0219371
-0.0196175
-0.0183121
-0.0171102
-0.0148264
-0.0101326
-0.00215159
0.00913712
0.0228642
0.0372117
0.047874
0.0491932
0.0436221
0.0360886
0.0271921
0.0185658
0.0114604
0.00631
0.00266622
-0.00117008
-0.00703893
-0.0150746
-0.0247521
-0.0355545
-0.0471287
-0.0588755
-0.0703667
-0.0807197
-0.0892008
-0.0942614
-0.0940117
-0.0871122
-0.0742778
-0.0580633
-0.0396965
-0.0200218
0.000900688
0.0218775
0.0449886
0.0708834
0.0952087
0.111741
0.122156
0.128288
0.131671
0.130732
0.124788
0.113137
0.0961861
0.0777613
0.0578057
0.0357079
0.0151755
0.00152813
-0.0104646
-0.021987
-0.0333867
-0.044956
-0.0558904
-0.0642508
-0.068509
-0.0705396
-0.0722235
-0.0725861
-0.0706517
-0.0666162
-0.0620234
-0.057732
-0.0537047
-0.0501777
-0.0473851
-0.0452902
-0.0436598
-0.0428666
-0.0430935
-0.0438399
-0.0442308
-0.0440924
-0.0433153
-0.0418186
-0.0396519
-0.037196
-0.035191
-0.0333855
-0.0309294
-0.0268389
-0.0202552
-0.0107999
0.000678599
0.0116015
0.0197639
0.0256314
0.0305124
0.0342438
0.0368686
0.0391128
0.0418907
0.0471471
0.057483
0.0731965
0.0913482
0.105906
0.114527
0.119719
0.122671
0.123163
0.12164
0.11707
0.107349
0.0923449
0.0748889
0.0560212
0.0359032
0.0183181
0.00701093
-0.00153634
-0.00933211
-0.0156601
-0.0207266
-0.0262571
-0.0330755
-0.0406991
-0.048641
-0.0563386
-0.0630609
-0.0684054
-0.0729713
-0.0778288
-0.08336
-0.0894776
-0.0958815
-0.101937
-0.106741
-0.109683
-0.110585
-0.110071
-0.109596
-0.108547
-0.105238
-0.0981406
-0.0866521
-0.0720326
-0.0559455
-0.0379985
-0.0180514
0.00194695
0.0181186
0.0297262
0.0386195
0.0465012
0.053916
0.062132
0.0708819
0.077925
0.080677
0.0774538
0.0687601
0.0556342
0.0390167
0.0224689
0.0086277
-0.00159299
-0.00840612
-0.0120745
-0.0117887
-0.008433
-0.00556698
-0.0051767
-0.0071758
-0.0111984
-0.0163467
-0.020524
-0.0207597
-0.0174723
-0.0113097
-0.00182351
0.0102253
0.0222262
0.0333965
0.0450392
0.0577047
0.0706657
0.0826916
0.0917818
0.096586
0.0971427
0.0925614
0.0820134
0.06725
0.0498835
0.0293649
0.00679077
-0.0134949
-0.0257977
-0.0295275
-0.0269913
-0.0211345
-0.0173894
-0.0171108
-0.019623
-0.0232812
-0.0278906
-0.0340844
-0.0418592
-0.0501864
-0.0585078
-0.0659067
-0.0710058
-0.0722116
-0.0700146
-0.0671425
-0.0652192
-0.06358
-0.0607505
-0.0555327
-0.0474857
-0.0371829
-0.0268328
-0.0200387
-0.0160287
-0.0131571
-0.0104599
-0.00766475
-0.00595029
-0.00583066
-0.00663206
-0.00723295
-0.00783302
-0.00861064
-0.00930104
-0.00939555
-0.0081382
-0.00471719
0.00192469
0.0128824
0.0278242
0.0439545
0.058929
0.0735096
0.0885132
0.103099
0.114406
0.121027
0.124235
0.126166
0.129052
0.131777
0.13295
0.131748
0.126606
0.116869
0.103788
0.0890047
0.0733663
0.0592779
0.0492191
0.0435858
0.0403929
0.035535
0.0294183
0.0233665
0.018019
0.0130151
0.00719951
0.000428862
-0.00703954
-0.0145338
-0.0216997
-0.0292837
-0.0381
-0.0477741
-0.0567814
-0.0630899
-0.0681953
-0.0740548
-0.0808774
-0.087456
-0.0919328
-0.0930096
-0.0922642
-0.0921304
-0.0923777
-0.0924307
-0.0919458
-0.0908005
-0.0891751
-0.0867703
-0.0822416
-0.0741656
-0.0617478
-0.0448283
-0.0251666
-0.00729531
0.00601579
0.0129388
0.0145601
0.0139289
0.010321
0.00397547
-0.00199197
-0.00475343
-0.00470323
-0.00298055
-0.000334295
0.00298004
0.00588461
0.00687194
0.00633186
0.00515821
0.00373618
0.00153364
-0.00198855
-0.00675475
-0.0118219
-0.0162963
-0.0190188
-0.020113
-0.0208432
-0.0208067
-0.0194488
-0.0163938
-0.0108487
-0.0029135
0.00572084
0.0133247
0.0196064
0.0242699
0.0274461
0.0295369
0.0304444
0.0301095
0.0278574
0.023763
0.0193762
0.0161595
0.0140778
0.0128101
0.0120064
0.0119493
0.0128261
0.0141849
0.0153003
0.0162999
0.0172821
0.0180504
0.0184014
0.0181995
0.0175213
0.016725
0.0160188
0.015672
0.0161022
0.0175164
0.019892
0.0226865
0.0246522
0.0248189
0.0236291
0.0221379
0.0202971
0.0168993
0.0108079
0.00148586
-0.0114794
-0.0270924
-0.0415223
-0.0496305
-0.0497877
-0.0421141
-0.0286039
-0.0125328
0.00358805
0.020626
0.0380815
0.0531133
0.0622115
0.0638122
0.0608931
0.0542298
0.0447187
0.0316229
0.0154958
0.000150268
-0.0130219
-0.0232836
-0.0297078
-0.03334
-0.0353711
-0.0378561
-0.0406042
-0.0426209
-0.0436832
-0.0445113
-0.0458862
-0.0476476
-0.0492887
-0.0498944
-0.0481529
-0.043221
-0.0350888
-0.0242349
-0.0108958
0.00497555
0.0215439
0.034316
0.0400338
0.0402534
0.0375575
0.0350497
0.0328128
0.0316854
0.034052
0.0399497
0.0483749
0.0588954
0.0708169
0.0816613
0.0894253
0.0930819
0.0918355
0.0848612
0.0712653
0.053387
0.0375932
0.0247667
0.0127651
0.00175333
-0.00622526
-0.0102744
-0.0102745
-0.00847908
-0.00490557
0.000697263
0.00675078
0.0131001
0.019606
0.0250667
0.0281468
0.0287006
0.0273587
0.0233809
0.0161129
0.00674236
-0.00242535
-0.0106423
-0.0169746
-0.0228266
-0.0287584
-0.0341111
-0.0386654
-0.0425773
-0.04582
-0.0487906
-0.0517201
-0.0545879
-0.0575787
-0.060485
-0.0628539
-0.0643262
-0.0647576
-0.0643702
-0.0637305
-0.0623632
-0.0596972
-0.0556173
-0.0506343
-0.0451735
-0.0394892
-0.0331424
-0.0258879
-0.0180613
-0.0107806
-0.00582551
-0.00355783
-0.00343931
-0.0047349
-0.00660176
-0.00956575
-0.0136908
-0.0177313
-0.0199152
-0.0201009
-0.0188479
-0.0170159
-0.0151334
-0.0133095
-0.0108439
-0.00709258
-0.00198056
0.00386043
0.00989444
0.015744
0.0214327
0.0278429
0.0350275
0.0421436
0.0477496
0.0511387
0.0527191
0.0524399
0.0500543
0.0462918
0.0417252
0.0357514
0.0284066
0.0210013
0.0147598
0.00952467
0.00445769
-0.00165078
-0.00855367
-0.0144964
-0.0196172
-0.0246869
-0.0284387
-0.0291853
-0.0271631
-0.0235484
-0.0180302
-0.011075
-0.00395112
0.0030941
0.00937688
0.015047
0.0207181
0.0261179
0.0304588
0.0329921
0.0334585
0.0314934
0.0270765
0.0215807
0.0164775
0.0119768
0.00724475
0.000474219
-0.00831217
-0.0176408
-0.0255897
-0.0316308
-0.0359485
-0.0404427
-0.0457706
-0.05027
-0.0528131
-0.0532592
-0.0507003
-0.0444709
-0.0353887
-0.0247917
-0.0137471
-0.00355861
0.00468329
0.00957534
0.0119898
0.0133246
0.0126768
0.00953875
0.0042471
-0.00176736
-0.00521679
-0.00577113
-0.00658642
-0.00819452
-0.0104936
-0.0133386
-0.0163771
-0.0191899
-0.021291
-0.022179
-0.0213161
-0.0184321
-0.0141523
-0.0100334
-0.00591186
-0.00156801
0.00262221
0.00583455
0.00745597
0.00709194
0.00494226
0.0022828
0.000299734
0.000200799
0.00347405
0.009332
0.016101
0.0233556
0.029666
0.0325558
0.032311
0.0292307
0.0225798
0.0129494
0.00319628
-0.00502145
-0.0126274
-0.0182085
-0.0199051
-0.0171646
-0.0110035
-0.00436096
0.00166582
0.00590676
0.00855414
0.0100365
0.0106371
0.010923
0.0114169
0.011341
0.00988999
0.0067922
0.00200939
-0.00362604
-0.0095601
-0.0149661
-0.0186448
-0.0194197
-0.0186542
-0.0177199
-0.0161994
-0.0138901
-0.0114923
-0.0101966
-0.0103878
-0.0122041
-0.0154687
-0.0199376
-0.0245043
-0.0270305
-0.0275512
-0.0267704
-0.0246377
-0.0206683
-0.0150154
-0.00851986
-0.00155524
0.00584997
0.0136518
0.0212551
0.0275431
0.03166
0.0334259
0.0333947
0.0324226
0.0297615
0.0251989
0.019867
0.0148856
0.0110086
0.00743916
0.0043049
0.00211734
0.00119575
0.00134591
0.00162445
0.00178347
0.0023614
0.00379884
0.00615744
0.00898643
0.0118501
0.0148157
0.0178811
0.0209128
0.0244072
0.029221
0.036184
0.0451334
0.053129
0.056564
0.0555137
0.0519031
0.0463382
0.0385735
0.0297004
0.0210082
0.0126851
0.00566512
0.00114241
-0.00145823
-0.0028529
-0.00315404
-0.00247662
-0.00142174
-0.000604477
9.95525e-05
0.000539626
0.000145856
-0.00147899
-0.00450327
-0.00839885
-0.0118966
-0.0150983
-0.0182354
-0.0213096
-0.0245921
-0.0286261
-0.0340446
-0.0414672
-0.0511749
-0.0625555
-0.0741989
-0.0839807
-0.0895555
-0.0912914
-0.0911051
-0.0898561
-0.0882349
-0.0846957
-0.0777506
-0.0674877
-0.0557333
-0.0430013
-0.0306815
-0.0194923
-0.00885104
0.00193998
0.0120264
0.0198815
0.0267064
0.0336816
0.0416214
0.0510879
0.0606664
0.0674977
0.0686542
0.0664653
0.0625759
0.0573522
0.0493178
0.0375497
0.0234441
0.0108946
0.0023731
-0.000872633
0.000189145
0.00236461
0.00423641
0.00609056
0.00772983
0.00878298
0.0093965
0.0098126
0.0103035
0.0111784
0.0121071
0.0126181
0.0123931
0.011346
0.00942958
0.00678915
0.00409653
0.00187017
0.000386499
-5.86346e-05
0.000721141
0.00245822
0.00416563
0.00477712
0.00385932
0.0010774
-0.00354285
-0.00928585
-0.0156121
-0.022098
-0.0284744
-0.0342216
-0.039059
-0.0426564
-0.044699
-0.0449514
-0.0436094
-0.0411452
-0.0381216
-0.035271
-0.0317391
-0.0265488
-0.0191694
-0.00926123
0.00234428
0.0133463
0.0226392
0.0308848
0.0390271
0.0461633
0.0508827
0.0529816
0.052724
0.0489674
0.041566
0.0326272
0.0240471
0.0154224
0.00670806
-0.00126513
-0.0073422
-0.0101333
-0.0101705
-0.00940043
-0.0071164
-0.00294037
0.00194492
0.00657685
0.0115601
0.0172327
0.0229289
0.0273101
0.0300933
0.0324707
0.0347682
0.0363122
0.0362352
0.033766
0.0288642
0.0230858
0.0195597
0.0192198
0.0212372
0.023772
0.0260093
0.0282829
0.0306415
0.0325516
0.0332888
0.032448
0.0297948
0.0255871
0.0212282
0.0182104
0.0153145
0.012079
0.00858552
0.00517045
0.00239789
-4.0871e-05
-0.00318516
-0.00782479
-0.0135444
-0.019384
-0.025793
-0.0331577
-0.0403157
-0.0457868
-0.0498013
-0.0533327
-0.0572413
-0.0598709
-0.058909
-0.0544415
-0.0483125
-0.0421106
-0.0377766
-0.0344556
-0.0304584
-0.0248846
-0.0177499
-0.00980377
-0.00206434
0.00412233
0.00756218
0.00894856
0.0103414
0.0129087
0.0168187
0.0216211
0.0263812
0.0298304
0.0321478
0.0340695
0.0355037
0.036333
0.0367006
0.0366524
0.0359124
0.034423
0.0326421
0.0311897
0.029833
0.0281058
0.0254666
0.0213068
0.0153131
0.00766265
-0.00192078
-0.0132595
-0.024865
-0.0348551
-0.0416319
-0.0444644
-0.0445958
-0.043289
-0.040331
-0.035896
-0.0301819
-0.024748
-0.0210972
-0.0188824
-0.0171761
-0.0151152
-0.0130789
-0.0116159
-0.0110032
-0.0115116
-0.0134901
-0.0165953
-0.0195848
-0.0219799
-0.0235534
-0.0239274
-0.0227287
-0.0197804
-0.0154899
-0.00997493
-0.00383328
0.0022752
0.00835748
0.0140307
0.0183603
0.0201363
0.0188066
0.0150366
0.0106443
0.00718712
0.00444361
0.00220815
0.000245571
-0.00211633
-0.00498839
-0.0078358
-0.0101822
-0.0116056
-0.0117983
-0.0102835
-0.00693099
-0.00204096
0.00428804
0.011415
0.0183603
0.0233387
0.0258482
0.0266617
0.0274701
0.0290417
0.0310186
0.0330178
0.034797
0.0362576
0.0371493
0.0370548
0.035623
0.0327438
0.0281027
0.0209724
0.0113708
9.10592e-05
-0.0121748
-0.0236128
-0.0336189
-0.0422384
-0.0494334
-0.0543962
-0.0558671
-0.054486
-0.0526604
-0.048921
-0.0416278
-0.0308284
-0.0178836
-0.00418973
0.00703924
0.0131303
0.0151643
0.0150892
0.0128978
0.00931003
0.00378031
-0.00294951
-0.008223
-0.0119313
-0.0142962
-0.0159411
-0.0180555
-0.0208886
-0.0236512
-0.0253324
-0.0250584
-0.0231645
-0.0209566
-0.018389
-0.0148854
-0.0102475
-0.00491841
0.000268601
0.0043139
0.00592413
0.0053736
0.00416098
0.00345941
0.00298709
0.00243582
0.00190334
0.00183753
0.00263535
0.00455054
0.00754102
0.0109013
0.013664
0.0159683
0.0181248
0.0203763
0.0228875
0.0255146
0.0279477
0.0298409
0.0309576
0.0313023
0.0311681
0.030292
0.028294
0.0251697
0.0215308
0.0184737
0.0154311
0.0109976
0.00529702
-0.000182991
-0.00439802
-0.00791266
-0.0101474
-0.00936775
-0.00602828
-0.00228623
0.00058829
0.00237407
0.00332885
0.00377129
0.00410682
0.00444834
0.00429414
0.00316778
0.00089863
-0.00280047
-0.00807221
-0.0141364
-0.018959
-0.0207457
-0.0197876
-0.017387
-0.0143137
-0.0109345
-0.00824324
-0.00613189
-0.00445369
-0.00334634
-0.00313514
-0.00408183
-0.00601622
-0.00865527
-0.0112394
-0.0122774
-0.011369
-0.00915874
-0.00694483
-0.00493517
-0.00291257
-0.000986834
0.000336112
0.000704263
0.000399278
-0.0010369
-0.00426746
-0.00946219
-0.015546
-0.0202727
-0.0238152
-0.026365
-0.0272923
-0.0262931
-0.0235839
-0.0188132
-0.0113697
-0.0020947
0.0064254
0.0134665
0.019205
0.023865
0.0279269
0.0314362
0.0335995
0.0337169
0.031588
0.0283025
0.0256134
0.0233727
0.0213456
0.0196262
0.0183103
0.0173685
0.0165165
0.0153751
0.0140518
0.0126912
0.0113513
0.010027
0.00865704
0.00715888
0.00547751
0.00363294
0.00178428
0.000129586
-0.00138082
-0.00289526
-0.00460379
-0.00660006
-0.00879524
-0.0109364
-0.0127064
-0.013865
-0.0142141
-0.0135948
-0.011794
-0.00854491
-0.00421385
-0.000165929
0.00247536
0.00414343
0.00564774
0.00642917
0.00562666
0.00268188
-0.0022635
-0.00754633
-0.0101706
-0.0100101
-0.00818091
-0.00663486
-0.00647402
-0.00760354
-0.00968396
-0.0120788
-0.0137351
-0.0134758
-0.0110024
-0.00670352
-0.00215992
-1.53458e-05
-0.000591453
-0.00313786
-0.00611373
-0.00888381
-0.0118704
-0.0153081
-0.0188792
-0.0216557
-0.0230712
-0.0228707
-0.0213192
-0.0195907
-0.0186437
-0.0181909
-0.0177651
-0.0169455
-0.0153456
-0.0127416
-0.00917339
-0.0051987
-0.00188485
0.000460417
0.00211368
0.00362307
0.00510256
0.00651677
0.00800631
0.0099441
0.0128275
0.0169084
0.0220476
0.0276003
0.033371
0.0387281
0.0424721
0.0441643
0.0442734
0.0440121
0.0432597
0.041466
0.0386151
0.0357067
0.0346176
0.0353569
0.0369873
0.0379116
0.0374867
0.0356301
0.0324074
0.0284112
0.0247309
0.0211531
0.0172727
0.0129075
0.00830576
0.0044747
0.00101544
-0.00300028
-0.00785217
-0.0129847
-0.0174514
-0.0210411
-0.0241369
-0.0272749
-0.0309852
-0.035925
-0.0423015
-0.0494204
-0.0557423
-0.0602563
-0.0628344
-0.0633499
-0.0608429
-0.0550409
-0.0469875
-0.0366076
-0.0254625
-0.0170484
-0.0108653
-0.00523078
0.000577888
0.00558519
0.0091895
0.0119341
0.0141389
0.0151304
0.0145471
0.0129927
0.0114598
0.00971318
0.00748334
0.00496383
0.00265519
0.000385098
-0.0022216
-0.00545452
-0.00901615
-0.0119881
-0.0130384
-0.0110876
-0.00633519
-0.00024316
0.00654552
0.0128864
0.0167491
0.0195907
0.0234947
0.0284893
0.0339365
0.0386821
0.0412996
0.0418735
0.0409985
0.0383469
0.0343586
0.0305255
0.0265749
0.0222223
0.0175376
0.0127367
0.00841258
0.00531326
0.00423205
0.00511134
0.00654626
0.00732634
0.00770618
0.00798431
0.00819614
0.0081276
0.00695746
0.00372501
-0.00190819
-0.00913421
-0.0157354
-0.0205138
-0.0237345
-0.0258718
-0.0273381
-0.0284098
-0.0282083
-0.0258902
-0.0215765
-0.0164903
-0.010677
-0.0047721
-0.000582603
0.000133428
-0.00371039
-0.0108963
-0.0180274
-0.023425
-0.0254995
-0.0249047
-0.0245486
-0.0250351
-0.0256535
-0.025754
-0.024948
-0.023281
-0.0206813
-0.017147
-0.0131807
-0.00878846
-0.00423753
-0.000425901
0.0013912
0.00154323
0.00128607
0.000768019
-0.000102892
-0.00100477
-0.001854
-0.00251272
-0.00252643
-0.00126371
0.00117507
0.00361346
0.00511195
0.00598996
0.00693347
0.00883339
0.0124563
0.0175155
0.0228199
0.0271902
0.0302373
0.0317435
0.0321965
0.0328479
0.0337605
0.0337215
0.032009
0.0287414
0.0248984
0.0210575
0.0173297
0.0141448
0.0116861
0.00939126
0.00708115
0.00477528
0.00249459
0.000233682
-0.00220419
-0.00515144
-0.00863777
-0.0124303
-0.0160481
-0.0193043
-0.022433
-0.0257259
-0.0290908
-0.0321736
-0.0345699
-0.0367074
-0.0388839
-0.0403758
-0.0401882
-0.0375207
-0.0321688
-0.0253386
-0.0196078
-0.0147863
-0.0101695
-0.00517884
0.000708369
0.00726699
0.0136921
0.0188336
0.022622
0.025778
0.0295871
0.0340937
0.0389896
0.0438322
0.0479183
0.0504305
0.0506315
0.048199
0.0439596
0.039952
0.0362571
0.032882
0.0296058
0.0260663
0.0220463
0.0173823
0.0120672
0.00633768
0.000565964
-0.00515977
-0.010709
-0.0158691
-0.0204366
-0.0246034
-0.0289605
-0.0338605
-0.038891
-0.0433015
-0.0465866
-0.0489056
-0.0506114
-0.0521519
-0.05328
-0.0538169
-0.0538551
-0.0529969
-0.0509792
-0.0481265
-0.0453015
-0.0422602
-0.0386211
-0.0343395
-0.0296171
-0.0239016
-0.016663
-0.00790297
0.00174933
0.0103526
0.0151036
0.0167497
0.0169984
0.0157439
0.0134858
0.0109206
0.00822307
0.0063134
0.0061778
0.00786304
0.0106439
0.0130697
0.0152953
0.0175312
0.0194635
0.02044
0.0198505
0.0172333
0.0127596
0.00758089
0.00274832
5.52307e-05
-0.000639655
-0.00108241
-0.00110931
-0.000303849
0.00123449
0.00270583
0.00327724
0.00284657
0.00149726
-0.000484712
-0.00295798
-0.0055068
-0.00704154
-0.00632765
-0.00360752
2.10498e-06
0.00430774
0.00904682
0.0132331
0.0165559
0.018969
0.0204393
0.0210312
0.020078
0.0171758
0.0126139
0.0076698
0.004697
0.00322614
0.00232497
0.0012268
9.05354e-06
-0.00111244
-0.002104
-0.00274214
-0.00300345
-0.00314061
-0.00323063
-0.00310689
-0.00264674
-0.00183621
-0.000868106
-0.000133552
0.000158334
-0.000152271
-0.0011319
-0.0025573
-0.00378647
-0.00416491
-0.00347817
-0.00176785
0.000643975
0.00385462
0.00759358
0.0108693
0.0128229
0.0136555
0.013912
0.0131678
0.0110218
0.00775481
0.00446283
0.00151422
-0.00085373
-0.00211452
-0.00230137
-0.00209383
-0.002313
-0.00275507
-0.00305752
-0.00297493
-0.00242321
-0.0015712
-0.000481515
0.00117584
0.00370269
0.00704965
0.0105982
0.0134476
0.0153422
0.0161852
0.0161239
0.0157384
0.0152258
0.0144327
0.0134563
0.012855
0.0133262
0.0148571
0.0168668
0.0182849
0.0189575
0.0192998
0.0196265
0.0195875
0.0185998
0.0161533
0.0121192
0.00711891
0.00214127
-0.00134151
-0.00259689
-0.00267021
-0.00120218
0.00213228
0.00659086
0.010956
0.0152762
0.0193592
0.0222308
0.023251
0.0235059
0.0233093
0.0231155
0.0228965
0.0219912
0.0199242
0.0167229
0.0130722
0.00926417
0.00566068
0.0030002
0.00179916
0.00160004
0.00121959
-1.94609e-06
-0.00203137
-0.004703
-0.00763057
-0.0102022
-0.0123488
-0.0141204
-0.0155755
-0.0168368
-0.0179213
-0.0188724
-0.0198857
-0.021013
-0.0214679
-0.0207188
-0.0188767
-0.0167049
-0.0151128
-0.0138809
-0.0127593
-0.0115522
-0.0100236
-0.00809029
-0.00598531
-0.00416153
-0.00281257
-0.0020356
-0.00183747
-0.00244697
-0.00421882
-0.00711665
-0.0105178
-0.0139561
-0.0168124
-0.0189343
-0.0205024
-0.0218238
-0.0229959
-0.0242397
-0.0257227
-0.0272795
-0.0287007
-0.0297772
-0.0302383
-0.0298495
-0.0286137
-0.0268901
-0.0247522
-0.0220491
-0.0189443
-0.0162153
-0.0151015
-0.0155919
-0.0169253
-0.0185213
-0.0205095
-0.022705
-0.0243554
-0.0250542
-0.0244538
-0.0223326
-0.0190147
-0.0156045
-0.0126303
-0.00995206
-0.00755071
-0.00544419
-0.0035927
-0.00185837
3.71948e-05
0.00209641
0.00420557
0.00627491
0.00824213
0.0100846
0.0118351
0.0135531
0.0151173
0.0163384
0.0170444
0.017152
0.0168483
0.0165929
0.0162792
0.0157569
0.0150128
0.0139749
0.0125624
0.0108446
0.00897061
0.0068383
0.00441876
0.00182888
-0.00104926
-0.00425957
-0.00763867
-0.0109892
-0.0140462
-0.01641
-0.0180094
-0.0192315
-0.0200943
-0.0202472
-0.0195486
-0.0182798
-0.0167448
-0.0152969
-0.0142059
-0.0136228
-0.0137265
-0.0145863
-0.0159903
-0.0177321
-0.0194687
-0.0205939
-0.0206932
-0.0193632
-0.0163487
-0.01209
-0.00778523
-0.00331644
0.00136536
0.00560207
0.0083086
0.00952878
0.0101831
0.0117891
0.0143471
0.0174027
0.0204094
0.0229737
0.0249773
0.026401
0.0273437
0.0275185
0.0265736
0.0244383
0.021725
0.0197666
0.0189295
0.0189588
0.0192637
0.0188641
0.0173169
0.0145588
0.0108837
0.00712751
0.00419521
0.00255691
0.00261656
0.00426338
0.00673026
0.00944483
0.0120095
0.0143781
0.0168204
0.0194431
0.0221092
0.024582
0.0265947
0.0278571
0.0281523
0.0276335
0.0269606
0.0262766
0.025138
0.0231685
0.0202703
0.0165303
0.0123731
0.00825118
0.00425311
0.000632989
-0.0021493
-0.00366124
-0.00368567
-0.00235155
-0.000225219
0.00132993
0.00211041
0.0025308
0.00289341
0.0030898
0.00288411
0.00213002
0.000757154
-0.00140175
-0.00411072
-0.00654299
-0.00817149
-0.008967
-0.00905609
-0.00854366
-0.00782643
-0.00706485
-0.00618234
-0.00533
-0.00493646
-0.00514656
-0.00563583
-0.00572011
-0.00472089
-0.00291984
-0.00116366
-0.000217364
-0.000269285
-0.00124133
-0.00297527
-0.00561468
-0.00893503
-0.0121289
-0.0148846
-0.0169991
-0.0181436
-0.0186472
-0.019333
-0.0200106
-0.0203057
-0.0200336
-0.019215
-0.0177279
-0.0155439
-0.0126365
-0.00914088
-0.00559714
-0.0020518
0.00132439
0.00415109
0.00647399
0.00863117
0.011162
0.0140353
0.0170457
0.0199141
0.0222991
0.0242072
0.0257097
0.0268732
0.0279369
0.028988
0.0299311
0.0307413
0.0314871
0.0321006
0.0324486
0.0324582
0.0321157
0.0311994
0.0294512
0.0268715
0.0238352
0.0204767
0.0167039
0.0124491
0.0076278
0.00256458
-0.00194997
-0.00561218
-0.00846346
-0.0104563
-0.0114014
-0.0112701
-0.0100424
-0.00841522
-0.00743179
-0.00689385
-0.00666561
-0.00711307
-0.00867825
-0.0114809
-0.0147214
-0.0168328
-0.017735
-0.0178023
-0.0176011
-0.017416
-0.0172068
-0.0168347
-0.0159977
-0.0145432
-0.0126908
-0.0110566
-0.00981221
-0.0088746
-0.00807754
-0.00727648
-0.00669068
-0.00659293
-0.00715515
-0.00825711
-0.00945017
-0.0107611
-0.0121516
-0.0132813
-0.01361
-0.0129495
-0.0116269
-0.0103652
-0.0090632
-0.00757609
-0.00605417
-0.00488746
-0.00429144
-0.00429931
-0.00472752
-0.00506216
-0.0049819
-0.00442122
-0.00336395
-0.00189776
-0.000362758
0.000568361
0.000206178
-0.00173843
-0.0051021
-0.00900975
-0.01255
-0.01555
-0.018036
-0.019927
-0.0211395
-0.0218209
-0.0223954
-0.0227346
-0.0228356
-0.0230072
-0.0231916
-0.0231757
-0.0227975
-0.0219766
-0.0207982
-0.0195119
-0.0180571
-0.0162467
-0.0139002
-0.0107712
-0.00683543
-0.00260413
0.000894204
0.00342797
0.00501709
0.00583129
0.00570595
0.00426567
0.00169781
-0.000973212
-0.00310089
-0.00453529
-0.00497703
-0.00405196
-0.00185891
0.000897362
0.00419666
0.00797913
0.0115563
0.0145346
0.0169399
0.0188556
0.0204218
0.0216552
0.0226984
0.0232225
0.0227683
0.0212242
0.0188338
0.0159958
0.0136631
0.0125088
0.012939
0.0144956
0.0165092
0.019056
0.0218072
0.0237474
0.0243413
0.023859
0.0225917
0.0199784
0.0156853
0.0102061
0.00431755
-0.00134466
-0.00532291
-0.00630929
-0.00560593
-0.00414408
-0.00238452
-0.00148872
-0.00157415
-0.00225743
-0.00357402
-0.00569112
-0.00852264
-0.0114521
-0.0137867
-0.0151869
-0.0152766
-0.0141571
-0.0125435
-0.0113363
-0.0104113
-0.00953881
-0.00867902
-0.00780032
-0.00659666
-0.00467801
-0.00184269
0.00173668
0.005503
0.00931365
0.0128501
0.0154953
0.0168741
0.0169289
0.0161879
0.0158559
0.0162554
0.0172677
0.0187277
0.0203203
0.0214727
0.0214942
0.0200822
0.0173044
0.01373
0.00973478
0.00564522
0.00227608
-0.00017995
-0.00216714
-0.00381056
-0.00530363
-0.00674678
-0.00792173
-0.00867592
-0.00875851
-0.00816888
-0.00730238
-0.00630012
-0.00502674
-0.00349195
-0.00200377
-0.00113294
-0.0010511
-0.001724
-0.00273394
-0.00332077
-0.00407065
-0.0058981
-0.00899818
-0.0127143
-0.0156592
-0.0175765
-0.0189062
-0.0196882
-0.0196114
-0.0185183
-0.0168067
-0.0154677
-0.0145126
-0.0134219
-0.0116494
-0.00871074
-0.004461
0.000656607
0.00533657
0.00798401
0.00832437
0.00700531
0.00544381
0.00374446
0.0021485
0.000976262
5.26294e-05
-0.000737822
-0.00142797
-0.00191645
-0.00180121
-0.000706004
0.00145788
0.0041405
0.00616466
0.00751431
0.00844818
0.00933308
0.0107277
0.0128788
0.0157579
0.0191039
0.0226918
0.0261115
0.0285567
0.0291582
0.0277816
0.0252243
0.0231174
0.0212646
0.0192267
0.0168979
0.0143627
0.012104
0.0108379
0.0105558
0.0106069
0.00987076
0.00825746
0.00601181
0.00358188
0.00178965
0.00129202
0.00204778
0.00348027
0.00495258
0.00613226
0.00689703
0.00708993
0.00650482
0.00497445
0.00237182
-0.00114117
-0.00464511
-0.00694405
-0.0081694
-0.00886435
-0.00916375
-0.00896538
-0.0083036
-0.00689775
-0.004782
-0.00253396
-0.000229448
0.00214476
0.00433118
0.0058866
0.00649806
0.00604836
0.00486949
0.0035962
0.00238508
0.00167068
0.00222217
0.00414235
0.00695486
0.0095192
0.0110802
0.0114428
0.0105114
0.00825334
0.00455385
6.04753e-06
-0.00389085
-0.0067735
-0.00887015
-0.0106784
-0.0127313
-0.0149304
-0.017039
-0.0188751
-0.0203501
-0.0212988
-0.0215314
-0.0211457
-0.0205683
-0.0196282
-0.0179238
-0.015246
-0.011867
-0.00857255
-0.0053606
-0.00222299
0.000588151
0.00268162
0.00389289
0.0043797
0.00468315
0.00489768
0.00462834
0.00360792
0.0018979
-0.000453432
-0.0036676
-0.00761573
-0.0115672
-0.0148086
-0.0172505
-0.0189897
-0.0204062
-0.0220116
-0.0236702
-0.0251661
-0.02636
-0.026994
-0.0268144
-0.0252876
-0.0219785
-0.0170473
-0.0117304
-0.00767805
-0.00477815
-0.00246605
-0.000545442
0.000597368
0.000589457
-0.000390313
-0.0015538
-0.00296869
-0.00451078
-0.00542604
-0.00483365
-0.00279219
-0.000148478
0.00200652
0.00364768
0.00483246
0.00541037
0.00520292
0.00427971
0.00310495
0.00198261
0.00064554
-0.00111022
-0.00315267
-0.00514529
-0.00693257
-0.00827246
-0.00886361
-0.00852704
-0.00740134
-0.0057565
-0.0032403
0.000271209
0.00414292
0.00702858
0.0086471
0.00900811
0.00847866
0.00790526
0.00705303
0.00572471
0.00415106
0.00234495
0.000141155
-0.00240139
-0.00482307
-0.00636078
-0.00680098
-0.00656916
-0.00663486
-0.00751883
-0.00906189
-0.0109393
-0.013213
-0.0159075
-0.0187401
-0.0210456
-0.0222783
-0.0225901
-0.0222834
-0.0212484
-0.0196701
-0.0181908
-0.0166327
-0.014459
-0.011288
-0.00708405
-0.00238352
0.0017136
0.00464456
0.00617988
0.00639145
0.00585967
0.00470403
0.00273953
0.000267033
-0.00246938
-0.00522837
-0.00724015
-0.0075218
-0.00587021
-0.00287198
0.000431767
0.00370537
0.00610183
0.0064915
0.00492217
0.00234622
0.000533631
-0.000178156
-0.000273611
-0.000346327
-0.000711125
-0.00147417
-0.00264732
-0.00410187
-0.00557937
-0.0066473
-0.00681342
-0.00571129
-0.00325504
5.01635e-05
0.00342961
0.00704722
0.0109422
0.0146272
0.0173623
0.018851
0.0191317
0.0186743
0.0176514
0.0160528
0.014466
0.0138337
0.0143649
0.0160347
0.0184186
0.0205262
0.0220865
0.0231011
0.0234727
0.0230736
0.0217242
0.0192751
0.0161397
0.0134245
0.0115453
0.011001
0.0116968
0.0123156
0.0126328
0.0130029
0.0136943
0.0147859
0.0159859
0.0166783
0.0167057
0.0161172
0.015183
0.0142052
0.0133324
0.0128355
0.0124524
0.0115815
0.00993866
0.00755994
0.00484773
0.00243147
0.000642791
-0.000191411
-6.32848e-05
0.000542763
0.00100413
0.0014747
0.00213885
0.00298564
0.00414631
0.00569475
0.00751565
0.0092521
0.010263
0.00986631
0.00772128
0.00405787
0.000110884
-0.00243861
-0.00341078
-0.00305238
-0.0020029
-0.00105499
1.90239e-05
0.00143243
0.00295154
0.00390529
0.00389592
0.00257987
-0.0002079
-0.00431806
-0.00861471
-0.0109785
-0.0115775
-0.0118525
-0.0117951
-0.0112652
-0.0104445
-0.00931091
-0.00776782
-0.00607227
-0.004522
-0.00308741
-0.00175952
-0.000581262
0.00043911
0.00136693
0.00219411
0.00293777
0.00375891
0.00491663
0.00635066
0.00779122
0.00879742
0.00898529
0.00808025
0.00605238
0.00335047
0.000524671
-0.00203686
-0.00368961
-0.00452838
-0.00529784
-0.00681464
-0.00909129
-0.0118008
-0.0142979
-0.0156677
-0.015651
-0.0145193
-0.0130194
-0.0111419
-0.00907353
-0.00749952
-0.0065537
-0.00573274
-0.00492137
-0.00425187
-0.00384302
-0.00369802
-0.00363487
-0.00370194
-0.00417647
-0.00526539
-0.00693754
-0.00880326
-0.0103319
-0.0110927
-0.0105707
-0.00853491
-0.00588885
-0.00386072
-0.00226286
-0.000659154
0.0012442
0.0032155
0.00462085
0.00461679
0.00288182
-6.39065e-05
-0.00398316
-0.00813125
-0.0109855
-0.012677
-0.0136348
-0.0138421
-0.0135135
-0.0134126
-0.0143861
-0.0158906
-0.0168576
-0.0165492
-0.0152446
-0.0137728
-0.0121083
-0.0102033
-0.00830775
-0.00694798
-0.00657332
-0.00733102
-0.00907179
-0.0114086
-0.0133839
-0.014479
-0.0148132
-0.014716
-0.0146949
-0.0147926
-0.0148293
-0.014684
-0.0143236
-0.0134733
-0.0118094
-0.00920408
-0.00595756
-0.0028951
-0.000454438
0.00147825
0.00318494
0.00514225
0.0078178
0.0110677
0.0143946
0.0173339
0.0197328
0.0215611
0.0228404
0.0235412
0.0238964
0.0245211
0.025766
0.0275837
0.0297283
0.0316707
0.0325525
0.0317114
0.0289486
0.0248122
0.0206878
0.0167188
0.0125708
0.00817511
0.00340961
-0.00163522
-0.0065279
-0.0108569
-0.0140922
-0.0157735
-0.0162975
-0.0162221
-0.014942
-0.012105
-0.00809791
-0.00318509
0.00155779
0.00510414
0.00760165
0.00950926
0.0111751
0.0131333
0.0149541
0.0160174
0.0159343
0.0147607
0.0132352
0.0121027
0.0115015
0.0115445
0.0121947
0.0128728
0.0126529
0.0114705
0.00963186
0.00781305
0.00708023
0.00761241
0.00888303
0.00962198
0.00813531
0.00488459
0.00185072
0.00161526
0.00297495
0.00438917
0.00427059
0.00179371
-0.00241491
-0.00675645
-0.00994432
-0.0117808
-0.0129601
-0.0141564
-0.0155128
-0.0170743
-0.0186426
-0.0199596
-0.0207926
-0.0210164
-0.0204521
-0.0188383
-0.0162095
-0.0127471
-0.00862231
-0.00472609
-0.00262444
-0.00210207
-0.00168919
-0.00125375
-0.00129683
-0.0021839
-0.00391502
-0.00629987
-0.00871296
-0.00992548
-0.00957205
-0.00794812
-0.00573437
-0.00376949
-0.00173029
0.000779416
0.00383501
0.00726156
0.0103333
0.0120508
0.0133604
0.0153559
0.018177
0.0214699
0.0244819
0.0261977
0.0265105
0.0258175
0.0240297
0.0215347
0.0193948
0.0175898
0.0155787
0.0132182
0.0107724
0.00874529
0.00689947
0.00445891
0.00098658
-0.00341652
-0.00812164
-0.0120062
-0.0142542
-0.014385
-0.0139833
-0.0141273
-0.0146508
-0.0153301
-0.016046
-0.0167702
-0.0172589
-0.0171257
-0.0160696
-0.0142666
-0.0123838
-0.0112104
-0.010653
-0.0102657
-0.00941365
-0.00798119
-0.00648386
-0.00517423
-0.00414739
-0.00347627
-0.00313181
-0.00294224
-0.00283118
-0.00281393
-0.00279646
-0.00253055
-0.00174248
-0.000299018
0.00175974
0.00410996
0.00623459
0.00777632
0.00962096
0.0127167
0.017115
0.0221148
0.026362
0.029562
0.0316462
0.0323952
0.0315141
0.0293388
0.0269515
0.023851
0.0195628
0.0144686
0.00974275
0.00564286
0.00241889
0.000431155
-0.000675194
-0.00188817
-0.00364605
-0.0057086
-0.00781387
-0.00979746
-0.011557
-0.012988
-0.0139617
-0.0143987
-0.0143749
-0.0142014
-0.0140909
-0.0138608
-0.0133076
-0.012368
-0.0111527
-0.00965819
-0.00793924
-0.00628835
-0.00512553
-0.00463066
-0.00483378
-0.00545496
-0.00585435
-0.00586562
-0.00531959
-0.0039477
-0.0015658
0.00174872
0.00526252
0.00767161
0.00920461
0.0106239
0.0123536
0.0140982
0.0152744
0.0153659
0.0143053
0.0127221
0.0118443
0.0116515
0.0117738
0.0117238
0.010922
0.00914055
0.00638203
0.00306235
0.000150128
-0.00157756
-0.00235057
-0.0028413
-0.00331524
-0.00362161
-0.00368368
-0.00364237
-0.00362241
-0.00351919
-0.00326928
-0.00292315
-0.00257735
-0.00221065
-0.00177541
-0.00122492
-0.00052081
0.000397825
0.00161543
0.00312603
0.00472607
0.0059896
0.00655692
0.00614563
0.00463546
0.00234013
0.000214609
-0.000927776
-0.00120001
-0.00104857
-0.0011939
-0.0021208
-0.00352952
-0.00475389
-0.00513643
-0.00435698
-0.00240102
0.000169866
0.0021459
0.00296422
0.00245737
0.000677547
-0.00175574
-0.00352673
-0.00394705
-0.00323874
-0.00208496
-0.00163807
-0.00253233
-0.00436029
-0.00614738
-0.00728286
-0.00828172
-0.00985955
-0.0121085
-0.0147832
-0.0176661
-0.0204772
-0.0227122
-0.0241606
-0.0247837
-0.0246981
-0.0242481
-0.0241451
-0.024347
-0.0246913
-0.0250879
-0.0254365
-0.0256247
-0.0254894
-0.024836
-0.0234895
-0.0214215
-0.0189282
-0.0164395
-0.0138198
-0.0109716
-0.00804606
-0.00527249
-0.00281048
-0.000834931
0.000521386
0.00131221
0.00199006
0.00341195
0.00576895
0.00873363
0.0115698
0.0134473
0.0143879
0.0148541
0.0155896
0.0166659
0.017713
0.0182434
0.0178225
0.0162355
0.0136711
0.0108012
0.00868363
0.00792019
0.00838981
0.00945584
0.0102895
0.0108423
0.0110646
0.0108348
0.0101506
0.00910886
0.00794941
0.00662677
0.00506781
0.00339849
0.00175485
0.000285357
-0.000716221
-0.000915702
-0.000511392
-0.000153639
-0.00025123
-0.00089477
-0.00219662
-0.00437537
-0.00745563
-0.0110172
-0.0138465
-0.0141789
-0.0126258
-0.0108997
-0.00894754
-0.00667899
-0.00452526
-0.00289512
-0.00173665
-0.000877903
6.34747e-05
0.00149714
0.00332157
0.0052181
0.00680365
0.00825989
0.00984597
0.0114809
0.012935
0.0138886
0.0141349
0.0137039
0.0128888
0.0116541
0.00995902
0.00789101
0.00559892
0.00364096
0.00289431
0.00336287
0.00441952
0.00477129
0.00362875
0.00170824
-0.000756563
-0.00374483
-0.00682329
-0.00916185
-0.0106593
-0.01141
-0.0112824
-0.0101635
-0.00827268
-0.00593762
-0.00402898
-0.00307155
-0.0030089
-0.00354372
-0.00407754
-0.00438003
-0.00460831
-0.00488257
-0.0051599
-0.00523801
-0.005014
-0.00461135
-0.00427312
-0.00392373
-0.00331771
-0.00223286
-0.000549924
0.00157708
0.00368647
0.00565712
0.00749777
0.00913545
0.0104586
0.0114277
0.0120973
0.012455
0.0125433
0.0121665
0.0111299
0.00955143
0.00795848
0.00668871
0.00580013
0.00534883
0.00537434
0.00586763
0.00651308
0.00668365
0.00639564
0.00585305
0.00532444
0.00487544
0.00405186
0.00234062
-0.000171323
-0.00271672
-0.00405516
-0.00404667
-0.00231956
0.0013129
0.00607051
0.0101413
0.0129814
0.0147246
0.015514
0.0152488
0.0139766
0.0123592
0.0109369
0.00953653
0.00808591
0.00658657
0.00522485
0.00428513
0.00394902
0.00420997
0.00463673
0.0044539
0.0039263
0.00371592
0.00451385
0.00607988
0.00757849
0.00843388
0.00812837
0.00644447
0.00405337
0.00228768
0.00087661
-0.00104816
-0.00333018
-0.00530846
-0.00661944
-0.00710628
-0.00678152
-0.00567984
-0.00424124
-0.00349964
-0.00398347
-0.00539032
-0.00700642
-0.00852369
-0.0100508
-0.0115909
-0.0129979
-0.0141474
-0.0148151
-0.0147112
-0.0136293
-0.011737
-0.00970066
-0.00775889
-0.00606078
-0.00457039
-0.00329371
-0.00238541
-0.00209135
-0.0025681
-0.00361787
-0.00458368
-0.00523012
-0.00588542
-0.0068824
-0.00777464
-0.00777109
-0.00692206
-0.00601301
-0.00572833
-0.00605785
-0.00678601
-0.00749174
-0.00753866
-0.00676151
-0.00540862
-0.00385024
-0.00212571
-0.000387645
0.0011452
0.00266832
0.00443694
0.00638483
0.00810649
0.00933523
0.00982699
0.00933564
0.00775142
0.00545957
0.00301768
9.85002e-07
-0.00396503
-0.00874567
-0.0138148
-0.0179385
-0.019477
-0.0190069
-0.0177092
-0.0168973
-0.01629
-0.0154355
-0.0142757
-0.0131557
-0.012705
-0.0131958
-0.014655
-0.0167763
-0.0194887
-0.0222886
-0.0245215
-0.0258519
-0.0260082
-0.0253384
-0.024617
-0.0234285
-0.0212626
-0.0180601
-0.0141871
-0.0102895
-0.00752098
-0.00598187
-0.00527329
-0.00482017
-0.00425177
-0.00313234
-0.00135371
0.00116702
0.00457841
0.00877387
0.0131336
0.016687
0.01896
0.0195104
0.0185536
0.0174031
0.0161784
0.0145496
0.0125169
0.0101045
0.00742986
0.00513906
0.00408523
0.00337846
0.00284428
0.00234314
0.00141033
8.60025e-05
-0.00114743
-0.0019995
-0.00224219
-0.00172755
-0.000495005
0.00149384
0.0040413
0.00639966
0.00755429
0.00722715
0.00550909
0.00314702
0.00158852
0.000983924
0.0012393
0.00223894
0.00358066
0.00481567
0.00612142
0.00768193
0.00953443
0.0115977
0.013463
0.0143627
0.0134815
0.0107126
0.00683346
0.00330504
0.00115287
0.000878136
0.00167724
0.00242888
0.00302747
0.00342131
0.00401825
0.00524613
0.00728248
0.00986075
0.0122272
0.0140781
0.0150944
0.014928
0.0135394
0.0114011
0.00897957
0.00686375
0.00577171
0.00538914
0.00505393
0.00476355
0.00481216
0.00542714
0.00663235
0.00801947
0.00873892
0.00879996
0.00880926
0.0091302
0.00943597
0.0091589
0.00791088
0.00569806
0.00303278
0.000341807
-0.00252799
-0.00560575
-0.0084744
-0.0103989
-0.0110844
-0.0107761
-0.0103033
-0.010353
-0.0107648
-0.0112579
-0.0115719
-0.0114445
-0.0106617
-0.00912787
-0.0070351
-0.00490877
-0.00290718
-0.00106758
0.000458194
0.0014325
0.00168916
0.00124518
0.000555326
0.00058735
0.00142249
0.00249318
0.00284852
0.00147857
-0.00182519
-0.00643336
-0.010852
-0.0145259
-0.0172797
-0.0189139
-0.0193369
-0.0183306
-0.0160703
-0.0135777
-0.0117321
-0.0103206
-0.00906398
-0.00781548
-0.00648033
-0.00499256
-0.00335415
-0.00168679
-0.00013955
0.00114675
0.00208556
0.00268908
0.00292031
0.00258901
0.00166241
0.000399411
-0.000859949
-0.00158377
-0.00161178
-0.00108831
-0.000373652
0.000356145
0.00145275
0.00327544
0.0059294
0.00925829
0.013079
0.0166838
0.0190703
0.0198867
0.018876
0.0158661
0.0116775
0.00830656
0.00638265
0.00580494
0.00638186
0.0080735
0.0104814
0.0124517
0.0132643
0.0127996
0.01109
0.00845903
0.00523628
0.00156652
-0.00185863
-0.00419048
-0.00498609
-0.00392429
-0.00114401
0.00206003
0.00396121
0.00455709
0.00423016
0.00352749
0.00341041
0.00442977
0.00590994
0.00745162
0.0086469
0.00895882
0.00827742
0.00683636
0.0054402
0.00537781
0.00693687
0.00985965
0.0132256
0.0157728
0.0173541
0.0180874
0.0181905
0.0177919
0.0167788
0.0153266
0.0141241
0.0136033
0.0131582
0.0119327
0.0102189
0.00881057
0.00795491
0.00750129
0.00717452
0.0068466
0.00627336
0.0050916
0.00308097
0.000174867
-0.00325057
-0.00607121
-0.00773323
-0.00809587
-0.00724378
-0.00582992
-0.00519004
-0.00589921
-0.00744754
-0.00878386
-0.0088823
-0.00808904
-0.00744392
-0.00780481
-0.00922851
-0.0112215
-0.0128869
-0.0142095
-0.0154061
-0.0165143
-0.0166722
-0.0160199
-0.0154952
-0.0148212
-0.0135089
-0.0112408
-0.00806029
-0.0045621
-0.00139076
0.000812115
0.00163764
0.00149974
0.0015087
0.00249655
0.00415061
0.00592465
0.00757339
0.00882322
0.00932026
0.00871898
0.00685536
0.00408304
0.00133023
-0.00127665
-0.00347809
-0.0047076
-0.0049406
-0.00454601
-0.00430841
-0.00452363
-0.00488782
-0.00500383
-0.0044942
-0.0030885
-0.000812695
0.00190455
0.00478333
0.00737089
0.00885765
0.00874185
0.00720467
0.00516164
0.00342129
0.00195632
0.000820667
0.000372213
0.00111225
0.0031925
0.00592027
0.00787768
0.0088413
0.00877972
0.00766127
0.00578714
0.00395873
0.00280233
0.0020799
0.00137572
0.000300804
-0.00132917
-0.00352697
-0.00604919
-0.00836927
-0.0101838
-0.0113164
-0.0115779
-0.0109087
-0.00972373
-0.00895315
-0.00883128
-0.00952939
-0.011244
-0.0139328
-0.0171509
-0.0198694
-0.0204162
-0.0184975
-0.0156799
-0.0128307
-0.00997925
-0.00750247
-0.00591992
-0.00482655
-0.00372965
-0.00277718
-0.00221506
-0.00222162
-0.00283193
-0.00359703
-0.00362299
-0.00289027
-0.00173566
-0.000676925
0.000226308
0.00115797
0.00225515
0.00356838
0.00498931
0.00623113
0.0070723
0.00747044
0.00751312
0.00722625
0.00644007
0.00514541
0.00369355
0.00258247
0.00176332
0.0010705
0.000306007
-0.000812678
-0.00249908
-0.00454935
-0.00642998
-0.00750129
-0.00756704
-0.00672687
-0.00558555
-0.00523281
-0.00575257
-0.00688099
-0.00813354
-0.00907506
-0.00967864
-0.00993065
-0.00957611
-0.00831702
-0.00601635
-0.00296549
4.88562e-05
0.0026393
0.00479466
0.00643271
0.00741866
0.00769846
0.00721426
0.00594121
0.00431836
0.00273431
0.00101988
-0.000883662
-0.00275029
-0.00419963
-0.00454004
-0.0033875
-0.00266258
-0.00277886
-0.00380105
-0.00581536
-0.00776845
-0.00804539
-0.00645974
-0.0036974
-0.00109312
0.000915786
0.00233517
0.00309505
0.00315238
0.00261806
0.0019052
0.00116456
0.000349515
-0.000433765
-0.00117414
-0.00175637
-0.00192201
-0.001459
-0.000280023
0.00138896
0.00280425
0.00317221
0.00301332
0.00309141
0.00341688
0.00381044
0.00403216
0.00379136
0.00284088
0.00100007
-0.00166854
-0.00472686
-0.00822413
-0.0119787
-0.0152864
-0.0175103
-0.0186326
-0.0188482
-0.0181739
-0.0172252
-0.0170995
-0.0170036
-0.0166335
-0.0160543
-0.0150601
-0.0134196
-0.0110162
-0.00802255
-0.00503745
-0.002845
-0.00155401
-0.00099291
-0.000648472
0.000115358
0.00125415
0.00256639
0.00382792
0.00482288
0.00544557
0.00565653
0.00556409
0.00542146
0.00518837
0.004687
0.00382695
0.00264553
0.00109047
-0.00070308
-0.00229604
-0.00331815
-0.0035633
-0.00296313
-0.00173071
-0.000124637
0.0016879
0.00325593
0.00456288
0.00559117
0.00622342
0.00636214
0.00607409
0.00570493
0.00543734
0.00528179
0.00536212
0.00592777
0.00727512
0.00957699
0.0126718
0.0157168
0.0172391
0.0169575
0.0156477
0.0143091
0.0128989
0.0114405
0.0103228
0.00954793
0.00913113
0.0091259
0.0094632
0.009882
0.0104237
0.0111751
0.0120119
0.0125266
0.0122018
0.0109152
0.00890117
0.00693235
0.00597452
0.00602968
0.00668174
0.00718767
0.00703972
0.00608805
0.00429375
0.00185488
-0.00064461
-0.00264821
-0.00403662
-0.00476053
-0.0048178
-0.00413647
-0.00294779
-0.00190986
-0.00119574
-0.000796244
-0.000755431
-0.000961051
-0.00109356
-0.000640598
0.000788598
0.00341177
0.00712991
0.0112277
0.0141833
0.0146641
0.0126019
0.00904914
0.00615698
0.00453017
0.00398644
0.00439135
0.00551756
0.00674027
0.00700362
0.00607409
0.00398314
0.00101071
-0.00196018
-0.0034729
-0.00303407
-0.0010244
0.00143573
0.00334796
0.00465989
0.00534704
0.00525497
0.00415938
0.00198182
-0.000832058
-0.00314557
-0.00431245
-0.00440274
-0.00379419
-0.00320847
-0.00297053
-0.00295893
-0.00306278
-0.00326519
-0.00363721
-0.00430818
-0.00538427
-0.00684485
-0.00836557
-0.00934668
-0.00984477
-0.0101416
-0.0103701
-0.0105592
-0.0108267
-0.0113776
-0.0120215
-0.0124071
-0.0122973
-0.0116375
-0.0106054
-0.00962478
-0.00882162
-0.00818653
-0.00773162
-0.00745869
-0.00730906
-0.0071155
-0.0067033
-0.00590418
-0.00453167
-0.00249327
0.00011499
0.00331629
0.00692757
0.0102736
0.0126061
0.0135803
0.0130672
0.0114315
0.00983124
0.00900732
0.00812467
0.00605074
0.00262491
-0.00155231
-0.00497534
-0.00606564
-0.00566907
-0.0057354
-0.00636852
-0.00736469
-0.00856129
-0.0097274
-0.0106278
-0.0110723
-0.0109706
-0.0103909
-0.00959122
-0.00865977
-0.00778129
-0.00697576
-0.00620479
-0.00549573
-0.00493453
-0.00464112
-0.00471265
-0.00521773
-0.00603281
-0.00677889
-0.0073261
-0.0076399
-0.00764384
-0.00726213
-0.00648308
-0.0055092
-0.00480621
-0.00464292
-0.00496749
-0.00556178
-0.00592518
-0.00535497
-0.00388915
-0.00203617
-0.00041452
0.00095321
0.0021338
0.00313188
0.00395513
0.00458224
0.00493868
0.00502217
0.00504448
0.00542661
0.00628893
0.00751019
0.00877699
0.00967386
0.0100451
0.00980783
0.00897658
0.00785822
0.0070299
0.00637574
0.00562407
0.0045406
0.0029502
0.000851864
-0.00150013
-0.00352608
-0.00461328
-0.00446452
-0.00311536
-0.00104055
0.00156631
0.00427962
0.00642579
0.00804405
0.00928563
0.0103216
0.0112142
0.0117941
0.011983
0.0119801
0.0120854
0.0121162
0.0118398
0.0111309
0.0100274
0.00881265
0.00777916
0.0070056
0.00654588
0.00640729
0.00649426
0.00678363
0.00718599
0.00737021
0.00683634
0.00566923
0.00433554
0.00338886
0.00286947
0.00267438
0.00262616
0.00238173
0.00160074
0.000377902
-0.00095304
-0.00224313
-0.00353337
-0.00485289
-0.00615492
-0.00733328
-0.00827782
-0.00887502
-0.00905439
-0.00892061
-0.00878315
-0.00864245
-0.00838086
-0.0079739
-0.00753406
-0.00727138
-0.00723837
-0.00765569
-0.00843094
-0.00935497
-0.0102791
-0.0111119
-0.011624
-0.0114813
-0.010565
-0.00922581
-0.0081859
-0.00752227
-0.00721315
-0.00726655
-0.00760407
-0.00797424
-0.00790855
-0.0070877
-0.00532876
-0.00264335
0.000484115
0.00303598
0.00461492
0.00518829
0.00491975
0.00433766
0.00378814
0.00299416
0.00172978
-1.24558e-06
-0.00209527
-0.00398612
-0.00473131
-0.00421859
-0.00293754
-0.00180349
-0.000563292
0.00119336
0.00356546
0.00627337
0.00894944
0.011486
0.0136207
0.0149274
0.0150802
0.0140602
0.0124469
0.0110284
0.00946669
0.00736188
0.00464558
0.00169092
-0.000570284
-0.0013062
-0.000453704
0.00126213
0.00243037
0.00314479
0.00373959
0.00437022
0.00508379
0.00567538
0.00578614
0.00500828
0.00309929
0.000240285
-0.00264145
-0.00427459
-0.00439392
-0.00308709
-0.000984097
0.000683274
0.00213093
0.00377496
0.00579448
0.00807218
0.0101272
0.011583
0.0121304
0.011588
0.0101771
0.00874642
0.00804555
0.00801577
0.00841093
0.00886295
0.00907432
0.00903595
0.00876363
0.00825739
0.0075332
0.00668266
0.0058972
0.00524298
0.00473794
0.00441229
0.00428089
0.00429103
0.00422558
0.00369223
0.00227952
-7.69714e-05
-0.00301445
-0.00567498
-0.00753052
-0.00853868
-0.00880403
-0.00861259
-0.00821899
-0.00768927
-0.00727201
-0.00701952
-0.00672263
-0.00616901
-0.0051955
-0.00375001
-0.00186391
0.000475452
0.00306406
0.00532009
0.00655181
0.0067106
0.00614398
0.00517661
0.00390944
0.00278833
0.002417
0.00266706
0.00312206
0.00335512
0.00337748
0.00327692
0.00309578
0.00284559
0.00249613
0.00201968
0.0014052
0.000518379
-0.000776962
-0.00246278
-0.00425776
-0.00552641
-0.00562005
-0.00481258
-0.00390693
-0.00318965
-0.00282423
-0.00313534
-0.00433141
-0.00614222
-0.00788512
-0.00917272
-0.00996386
-0.0102245
-0.00993961
-0.00927226
-0.00860318
-0.00790599
-0.00701266
-0.00590353
-0.0047795
-0.00413448
-0.00431221
-0.00466355
-0.00479064
-0.00474918
-0.00460452
-0.00439827
-0.00415023
-0.00388574
-0.00365166
-0.00354172
-0.00369163
-0.00425531
-0.00532969
-0.00684876
-0.00844589
-0.0096002
-0.0101555
-0.0100229
-0.00926839
-0.00847088
-0.00796548
-0.00766106
-0.00744471
-0.00724556
-0.007016
-0.00673375
-0.0064476
-0.00624397
-0.00619795
-0.00633758
-0.00659175
-0.00676072
-0.00663106
-0.00611356
-0.00519527
-0.00403457
-0.00298044
-0.00205982
-0.00114784
-0.000143333
0.00100864
0.00227745
0.00347549
0.00429441
0.00458426
0.0043935
0.00396297
0.00333529
0.00237237
0.00111416
-0.00017827
-0.00154193
-0.00296218
-0.0042284
-0.00500805
-0.0052302
-0.00503462
-0.00480451
-0.0048285
-0.00496614
-0.00499802
-0.00470292
-0.00389561
-0.00250259
-0.000715575
0.000999058
0.00257441
0.00392593
0.00483869
0.00504876
0.00436616
0.00306138
0.0018879
0.00131335
0.00142488
0.00225173
0.00369178
0.00529646
0.00622877
0.00615615
0.00550085
0.00497992
0.00464015
0.004411
0.00428673
0.00426595
0.00429628
0.00429978
0.0041851
0.00383382
0.0031651
0.00224587
0.00132671
0.000801731
0.00076231
0.00116411
0.00178981
0.00220979
0.00225117
0.00187384
0.00109827
7.86956e-05
-0.000775247
-0.000852384
-0.000259337
0.000406957
0.00103159
0.00170438
0.00244917
0.00316477
0.00367901
0.0039459
0.00395405
0.00375743
0.00353769
0.00345034
0.00349167
0.00365054
0.00392462
0.00428318
0.00463412
0.00485854
0.00494354
0.0048952
0.0047345
0.00453085
0.00436316
0.0042039
0.00401779
0.00379883
0.0035673
0.00331805
0.00304001
0.00273841
0.0024404
0.00219246
0.00201605
0.00190925
0.0018433
0.00175285
0.00158524
0.0013457
0.00106846
0.000811465
0.000592493
0.000383117
0.000146492
-0.000151278
-0.000528797
-0.000968139
-0.00140325
-0.00178457
-0.00208303
-0.00225898
-0.00227475
-0.00212478
-0.00187519
-0.00163882
-0.00145966
-0.00137236
-0.00141609
-0.0016267
-0.0020073
-0.002473
-0.00283181
-0.00297464
-0.00290565
-0.00267458
-0.00234182
-0.00189024
-0.00136109
-0.000907404
-0.000656019
-0.000589054
-0.000630333
-0.000655131
-0.000600423
-0.000471689
-0.000275714
-2.15548e-05
0.000264413
0.000525062
0.000717368
0.00084917
0.000936826
0.00099881
0.00104176
0.00105028
0.00101416
0.000946473
0.000882792
0.000812486
0.000725408
0.000626992
0.000539126
0.00049548
0.000503397
0.000551337
0.000602367
0.000604429
0.000530315
0.000359871
8.99042e-05
-0.000254387
-0.00060149
-0.000814369
-0.000827117
-0.000754198
-0.000686984
-0.000603269
-0.000480964
-0.00032909
-0.000202505
-0.0001956
-0.000334785
-0.000542331
-0.000685245
-0.000736191
-0.000719734
-0.000670558
-0.000635324
-0.000635155
-0.00066494
-0.000710521
-0.000750292
-0.000754316
-0.000695094
-0.000569742
-0.000400747
-0.000244667
-0.000166721
-0.00017096
-0.000241851
-0.000339191
-0.00039995
-0.000428534
-0.000438544
-0.000437054
-0.000429909
-0.00042043
-0.000404722
-0.000378746
-0.000344501
-0.00030957
-0.000273902
-0.000239327
-0.000204811
-0.000168983
-0.000133667
-0.000103492
-8.59925e-05
-8.86297e-05
-0.000109705
-0.000138711
-0.000161558
-0.000171608
-0.000170057
-0.000158185
-0.000137681
-0.000113369
-9.27994e-05
-7.42304e-05
-5.58678e-05
-3.84743e-05
-2.26044e-05
-7.28359e-06
7.9848e-06
2.27722e-05
3.59432e-05
4.61107e-05
5.21851e-05
5.34719e-05
5.02324e-05
4.45592e-05
4.03985e-05
3.93988e-05
4.10316e-05
4.46624e-05
4.94537e-05
5.3947e-05
5.67962e-05
5.84458e-05
5.94543e-05
6.01341e-05
6.06886e-05
6.12235e-05
6.18165e-05
6.25703e-05
6.35645e-05
6.47167e-05
6.56495e-05
6.57057e-05
6.46842e-05
6.27546e-05
6.00805e-05
5.68367e-05
5.33059e-05
4.98646e-05
4.65935e-05
4.33558e-05
4.00512e-05
3.66316e-05
3.30984e-05
2.94945e-05
2.59118e-05
2.24599e-05
1.91386e-05
1.59134e-05
1.27622e-05
9.66697e-06
6.61166e-06
3.57545e-06
5.34051e-07
-2.53041e-06
-5.61186e-06
-8.70274e-06
-1.17944e-05
-1.48766e-05
-1.79396e-05
-2.099e-05
-2.40482e-05
-2.71311e-05
-3.02481e-05
-3.33971e-05
-3.65681e-05
-3.97552e-05
-4.29563e-05
-4.61724e-05
-4.94044e-05
-5.26528e-05
-5.59174e-05
-5.91974e-05
-6.2492e-05
-6.58002e-05
-6.91215e-05
0
0
