0.00190705
0.00190463
0.00190214
0.00189968
0.0018973
0.00189482
0.0018924
0.00189001
0.00188747
0.00188506
0.00188264
0.00188013
0.00187768
0.00187523
0.0018728
0.00187033
0.00186765
0.00186507
0.00186243
0.00185998
0.00185753
0.00185528
0.00185302
0.00185054
0.0018478
0.00184457
0.00184226
0.00184002
0.00183764
0.00183484
0.00183237
0.00183095
0.00182762
0.00182399
0.00182215
0.00181986
0.00181706
0.0018146
0.00181267
0.00181011
0.00180725
0.00180481
0.00180222
0.00179894
0.00179546
0.0017928
0.00179106
0.00179022
0.00178779
0.00178412
0.00178055
0.00177768
0.00177535
0.00177256
0.00177059
0.00176769
0.0017667
0.0017652
0.00176095
0.00175808
0.0017546
0.00175146
0.00174663
0.00174419
0.00174724
0.00174554
0.00174116
0.0017382
0.00173522
0.00172807
0.00172063
0.00172368
0.00172703
0.00172466
0.00172025
0.00171555
0.00171524
0.0017097
0.00170217
0.00170289
0.00170217
0.00169725
0.00169382
0.00169435
0.00169548
0.00169142
0.00168586
0.00168227
0.00167904
0.00167586
0.00167269
0.00167137
0.0016722
0.00166724
0.00166003
0.00165946
0.00166075
0.00165711
0.00165296
0.00165252
0.00165028
0.00164424
0.00163953
0.00163552
0.0016324
0.00163353
0.00163291
0.00163332
0.00163221
0.001622
0.00161601
0.00161298
0.00161323
0.00161718
0.00160968
0.00160086
0.00160333
0.00160919
0.00160263
0.0015933
0.0015989
0.00159067
0.00156885
0.00156841
0.00158296
0.00159255
0.00158713
0.00157838
0.00156961
0.00156214
0.00155721
0.00155058
0.00156655
0.00157385
0.00155602
0.00154218
0.0015363
0.00154567
0.00154085
0.0015338
0.00154407
0.00154353
0.00154332
0.00152955
0.0015101
0.00151444
0.00152122
0.00151851
0.00151443
0.001522
0.00151892
0.00149595
0.00149083
0.00150143
0.00150733
0.00149826
0.00148537
0.00149338
0.00149118
0.00147417
0.00147641
0.00147968
0.00147709
0.00147032
0.00146675
0.0014782
0.00147948
0.00146843
0.0014483
0.00144047
0.00144601
0.00144436
0.00145603
0.00146704
0.00145412
0.00141726
0.0014143
0.00144725
0.00144016
0.00143521
0.00143516
0.00141262
0.00140337
0.00140351
0.00141272
0.00142112
0.00141709
0.00141082
0.0014068
0.00139734
0.00138625
0.0014012
0.00140968
0.0013822
0.00137164
0.00138054
0.00137013
0.00135831
0.00137379
0.00140395
0.00140081
0.00137517
0.00136699
0.0013445
0.00132338
0.00133108
0.00133764
0.00135569
0.00137216
0.00137609
0.00136583
0.00133113
0.00131967
0.00132856
0.00132076
0.00130103
0.00131316
0.00134273
0.00132393
0.001317
0.00133251
0.00131878
0.00129441
0.00128938
0.00131133
0.00129599
0.00128587
0.0013057
0.00129461
0.00128277
0.00126471
0.00128026
0.00131897
0.00129882
0.00126644
0.00128337
0.00129274
0.00124113
0.00122593
0.00125675
0.0012768
0.00127487
0.00126962
0.00127483
0.00123046
0.00122119
0.0012457
0.00123059
0.00125233
0.00126429
0.0012564
0.00122005
0.00116885
0.00120911
0.00124405
0.00123386
0.00122626
0.00123965
0.00124406
0.00118226
0.00116049
0.00117443
0.0011872
0.00119897
0.00120371
0.00124706
0.00122575
0.00117915
0.00117992
0.00115746
0.0011366
0.00113844
0.00119458
0.00123572
0.00121057
0.00119124
0.00114746
0.00110298
0.00109585
0.0011514
0.00121745
0.001192
0.00117867
0.0011644
0.00110022
0.00105955
0.00108346
0.00117417
0.00120691
0.00117846
0.00116393
0.00110662
0.0010595
0.00109832
0.0011358
0.00114248
0.00113373
0.0011093
0.00111506
0.00109242
0.00107769
0.00112062
0.0011253
0.00110427
0.00110178
0.00112794
0.00111768
0.00105761
0.00106186
0.00108452
0.00103771
0.00103909
0.00113628
0.00116094
0.0010799
0.00103485
0.00107606
0.00107325
0.00099677
0.0010245
0.00109873
0.00107618
0.00104181
0.00106994
0.00108743
0.00102722
0.0010051
0.00103897
0.0010492
0.00103971
0.0010351
0.00107206
0.00101704
0.000970696
0.00106936
0.00108016
0.00100609
0.000970528
0.00101013
0.00103881
0.000971942
0.00100135
0.00108345
0.00103553
0.000949863
0.000951529
0.00102764
0.0010303
0.000982534
0.00100265
0.00102237
0.000973361
0.000928877
0.00100642
0.00103155
0.000960473
0.000978142
0.000985469
0.000982698
0.000966737
0.000931818
0.000955804
0.000953267
0.000978947
0.00102406
0.000992898
0.000951481
0.000933808
0.000919083
0.000891202
0.00094093
0.00101816
0.000966704
0.000931224
0.000942787
0.000944304
0.00094244
0.000914453
0.000943137
0.000938785
0.00090116
0.000934399
0.000958591
0.000938945
0.000875622
0.000856913
0.000897601
0.000933377
0.00099093
0.00101907
0.000972838
0.000865251
0.000781019
0.000810128
0.000833833
0.000883969
0.0010304
0.00104541
0.000940963
0.000838913
0.000810564
0.000854606
0.000841048
0.000871646
0.00092846
0.00093579
0.000877055
0.000822362
0.000894599
0.000900931
0.000871836
0.000895044
0.000894425
0.000849598
0.000796486
0.000863363
0.000874394
0.000821471
0.000868772
0.000878827
0.000859653
0.000843657
0.000854323
0.000896357
0.000849028
0.000810296
0.00083779
0.000819749
0.000789995
0.000805401
0.000868981
0.000904864
0.000839492
0.000823498
0.000871387
0.00082925
0.000792943
0.000834672
0.000843309
0.000771919
0.000750688
0.000830198
0.000866504
0.000856172
0.000831972
0.000842595
0.000830382
0.000719365
0.00073644
0.000823591
0.00084879
0.000847741
0.000822295
0.000833856
0.000737994
0.000671832
0.000773593
0.000814802
0.000825606
0.000833875
0.000830876
0.000776485
0.000718478
0.000775151
0.000795617
0.000765593
0.000720549
0.000724276
0.000780192
0.000765733
0.000783353
0.0008295
0.000809505
0.000757036
0.000722258
0.000696109
0.000686081
0.000724117
0.000758521
0.000787813
0.000808735
0.000797365
0.000767139
0.000701516
0.000670658
0.000721874
0.00072325
0.000699178
0.000751711
0.000793614
0.000759212
0.000702789
0.000740093
0.00075262
0.000673528
0.000674305
0.000728951
0.000761175
0.000731978
0.000718691
0.000735607
0.000682129
0.000649477
0.00069765
0.000773836
0.000760686
0.000702786
0.000700556
0.000670006
0.000652557
0.000670956
0.000708013
0.00074101
0.000697488
0.000690442
0.000719008
0.00067185
0.000655063
0.00069968
0.000703022
0.000665631
0.000659696
0.00069408
0.000690068
0.000617138
0.000613151
0.000712973
0.000699498
0.000638246
0.000691334
0.000710708
0.000658762
0.000604592
0.000616287
0.000659419
0.000635576
0.00063691
0.000684892
0.000715132
0.000664721
0.000588686
0.000586568
0.000615937
0.000661875
0.000689557
0.000674776
0.00064946
0.000615118
0.000558259
0.000616461
0.000717374
0.000715661
0.000593233
0.000442092
0.000500065
0.000688551
0.00148893
0.00282372
0.00435693
0.00568348
0.00418979
-0.00410029
-0.0193412
-0.0344232
-0.0413213
-0.0309545
0.000111693
0.0454587
0.0840427
0.0830687
0.0412961
-0.0233218
-0.089488
-0.12728
-0.116958
-0.0451556
0.0602456
0.144385
0.175247
0.133081
0.023733
-0.0978434
-0.18206
-0.209126
-0.14425
0.00876417
0.172625
0.241412
0.195545
0.0741577
-0.0970127
-0.212604
-0.227096
-0.137797
0.0389321
0.181558
0.233558
0.157844
-0.0057419
-0.13563
-0.184446
-0.126164
0.000794959
0.13615
0.207805
0.141076
-0.00285663
-0.130394
-0.195865
-0.167058
-0.0649064
0.0720264
0.187262
0.206197
0.118626
-0.0140634
-0.123288
-0.199439
-0.208592
-0.127666
0.0126443
0.176414
0.251931
0.21159
0.0888962
-0.0796669
-0.175888
-0.177205
-0.102553
0.0284411
0.13376
0.144013
0.0313197
-0.12557
-0.197316
-0.149419
0.0028281
0.196935
0.279587
0.199775
0.00321556
-0.211464
-0.305183
-0.26409
-0.0784144
0.145827
0.254076
0.27331
0.183666
0.0329453
-0.122346
-0.266575
-0.279451
-0.178217
-0.00024575
0.188759
0.241342
0.193522
0.113268
0.0216148
-0.0822334
-0.182107
-0.172912
-0.0612926
0.0517103
0.123581
0.130686
0.0474603
-0.0576469
-0.124326
-0.157445
-0.102114
0.018354
0.121973
0.140566
0.0596475
-0.0230087
-0.0802154
-0.115546
-0.078761
0.0182843
0.107426
0.146082
0.0971183
-0.00901631
-0.0796032
-0.101116
-0.083331
-0.0433729
0.0250505
0.101749
0.0836421
-0.0149053
-0.103875
-0.146093
-0.138322
-0.106588
-0.0806826
-0.0325571
0.0537104
0.0785349
0.00833609
-0.0904845
-0.144194
-0.073344
0.0792034
0.236481
0.32449
0.240076
0.0151608
-0.231764
-0.352363
-0.271828
-0.0487261
0.223589
0.426871
0.474269
0.300027
-0.0315097
-0.305401
-0.394438
-0.362947
-0.316766
-0.211664
-0.0488856
0.103871
0.269927
0.441546
0.472893
0.244002
-0.0554778
-0.248945
-0.33712
-0.26748
-0.0559648
0.193175
0.323267
0.284774
0.157976
0.0282767
0.0272347
0.119923
0.105095
-0.0859829
-0.361181
-0.590657
-0.624668
-0.410795
-0.038273
0.358228
0.645575
0.671915
0.356315
-0.111166
-0.509059
-0.635626
-0.473317
-0.152004
0.332436
0.630773
0.63678
0.53676
0.20157
-0.0996591
-0.293722
-0.573988
-0.699285
-0.561337
-0.0856686
0.466092
0.768856
0.851599
0.528229
0.0517515
-0.355559
-0.671477
-0.685056
-0.470305
0.013325
0.486323
0.658148
0.586403
0.291367
0.0473525
-0.0808228
-0.126463
-0.0684774
-0.0239723
-0.0690769
-0.0899063
-0.0187886
-0.0822745
-0.106882
0.113957
0.40615
0.61729
0.466281
0.00122775
-0.300541
-0.362105
-0.493753
-0.615119
-0.480533
-0.103812
0.293646
0.399777
0.274338
0.0694974
-0.13273
-0.227595
-0.159768
0.0501329
0.279497
0.379797
0.134417
-0.272068
-0.575109
-0.660704
-0.451309
0.0254416
0.78436
1.41823
1.35114
0.448335
-0.426238
-0.69137
-0.743705
-0.522516
-0.168965
0.0756106
0.366682
0.747207
0.818441
0.442772
0.37764
0.354784
-0.151265
-0.701528
-1.04445
-0.866922
-0.31583
0.27871
0.947054
1.02002
0.617609
0.548386
0.398688
-0.0579895
-0.553795
-0.799085
-0.73489
-0.483466
0.0277515
0.41561
0.767082
1.05904
0.986559
0.491251
-0.443654
-1.07399
-1.35697
-1.38106
-0.915006
-0.269944
0.398831
0.868813
1.05851
0.802929
0.456683
0.0724007
-0.679614
-1.03917
-1.13072
-0.773043
0.0208944
0.510948
1.06458
1.07265
0.717172
0.476907
-0.225353
-0.712572
-0.893519
-1.08234
-0.714776
0.12446
0.825007
1.28124
1.52521
1.40822
0.654678
-0.522044
-1.51861
-2.10556
-2.05885
-1.25956
0.373306
1.82747
2.15215
1.97123
1.26166
0.0573914
-0.837973
-1.46216
-2.08428
-2.13302
-1.60945
-0.587648
0.990805
1.8475
1.91878
1.72612
0.878709
-0.090711
-0.931774
-1.69817
-2.06545
-1.8585
-0.611743
0.713095
1.18074
1.78482
2.14233
1.87743
1.71073
1.28021
0.317353
-0.746156
-0.958772
-0.434069
-0.339546
-0.192466
0.213094
0.386575
0.88889
1.2651
1.21858
0.850815
-0.27922
-1.24648
-1.7589
-1.91744
-1.57167
-1.01543
-0.043294
0.856256
1.28867
1.13093
0.353939
-0.602122
-1.26145
-1.23662
-0.928603
-0.285915
0.587074
1.27285
1.80849
1.73636
1.3799
0.988181
0.28731
-0.231406
-0.269744
-0.104859
-0.103331
-0.026933
0.212442
0.488191
0.761511
0.633428
0.44615
0.436084
0.256479
-0.26114
-0.77999
-1.04015
-1.17472
-0.862929
-0.763809
-0.754615
-0.210935
0.0606436
0.196298
0.0856919
-0.00657994
0.255091
-0.0833401
-0.705673
-1.03645
-0.975781
-0.5932
-0.214959
0.166827
0.452218
0.572022
0.596057
0.547832
0.19845
-0.327484
-0.519297
-0.407925
-0.0389989
0.320594
0.501035
0.710334
0.668347
0.537206
0.452026
0.206675
-0.135637
-0.505726
-0.51415
-0.501538
-0.650018
-0.557995
-0.53923
-0.565699
-0.473627
-0.404993
-0.630837
-1.00868
-1.15721
-1.19785
-1.27019
-1.37418
-1.2657
-1.28691
-1.68984
-2.15747
-2.52069
-2.5053
-2.39218
-2.29704
-2.14948
-2.04432
-1.97479
-2.16613
-2.43161
-2.58741
-2.48243
-1.92736
-1.20073
-0.61984
-0.206226
0.107638
0.024504
-0.48898
-1.14287
-1.73644
-2.04704
-2.02228
-1.64776
-1.14046
-0.749254
-0.304588
0.190024
0.285835
0.0142562
-0.353561
-0.845674
-1.21107
-1.33463
-1.14294
-0.643259
-0.131259
0.378812
0.860755
1.25655
1.60879
1.8146
1.76762
1.76022
1.83026
1.88091
2.14558
2.33829
2.4322
2.60191
2.71317
2.70175
2.51944
2.43002
2.2972
2.09118
2.12644
2.29146
2.50242
2.6723
2.90822
3.03752
2.82077
2.4611
2.04656
1.82502
1.64199
1.29213
1.10871
1.18955
1.46808
1.88161
2.35145
2.68802
2.78432
2.63155
2.27396
1.74757
0.994204
0.427783
0.110234
-0.11906
-0.0591412
0.044347
0.107006
0.143206
0.0601663
-0.226182
-0.8077
-1.40897
-2.10048
-2.78009
-3.28661
-3.89277
-4.25075
-4.31332
-4.21161
-3.73596
-3.13833
-2.48844
-1.89547
-1.3984
-0.797715
-0.370611
-0.180363
-0.20052
-0.541075
-0.962065
-1.35269
-1.77114
-2.08531
-2.25927
-2.1925
-1.87716
-1.68466
-1.40786
-0.889312
-0.567993
-0.307552
0.0392095
0.371327
0.732346
0.922721
1.01764
1.02
0.674475
0.221025
-0.251808
-0.729207
-0.879581
-0.612538
-0.0761736
0.578951
1.11122
1.49902
1.80164
1.78691
1.57592
1.1917
0.740413
0.312081
-0.245494
-0.334949
-0.444861
-0.859716
-0.563752
0.031357
0.570512
1.06374
1.26104
1.69951
2.22787
2.29254
2.3728
2.74165
2.89339
2.73728
2.54968
2.20695
1.89626
1.75038
1.61998
1.7387
1.83017
1.88782
2.16554
2.34757
2.45523
2.49106
2.45578
2.18013
1.70964
1.43095
0.863247
0.0927216
-0.408204
-0.948348
-1.55059
-2.0344
-2.31262
-2.49868
-2.75501
-2.79919
-2.43519
-2.04063
-1.84109
-1.65779
-1.74676
-2.18123
-2.74007
-3.32496
-3.52505
-3.58671
-3.84178
-3.79825
-3.48066
-3.19873
-3.01331
-3.00543
-2.93049
-2.75517
-2.6629
-2.48385
-2.09892
-1.56011
-1.11258
-0.965427
-1.13045
-1.40254
-1.4796
-1.47029
-1.36776
-0.994262
-0.50307
-0.00873437
0.477712
0.900692
1.17369
1.19535
1.07737
1.1465
1.3498
1.3568
1.43983
1.7327
1.85358
1.92561
1.9301
1.88973
2.05388
2.06875
2.10545
2.4021
2.6437
2.79533
2.84401
3.0113
3.35255
3.55827
3.70898
3.77352
3.6281
3.28562
2.53676
1.56829
0.764031
0.0594387
-0.708692
-1.49959
-1.83555
-1.44183
-0.692638
0.284583
1.31571
1.73703
1.58369
1.1515
0.292523
-0.896183
-2.06747
-2.92574
-3.46585
-3.52034
-3.22998
-2.67871
-1.64293
-0.727891
0.244265
1.29634
1.93435
2.35116
2.14868
1.54897
0.83987
-0.137952
-1.11856
-1.82534
-1.93954
-1.8222
-1.46075
-0.57322
0.523127
1.42732
1.86596
2.26701
2.4264
2.05419
1.68677
1.3622
0.973556
0.482139
0.115879
0.0927975
0.0505683
-0.182496
-0.203576
0.00937756
0.28793
0.635812
0.414853
-0.0705177
-0.422246
-0.861044
-1.10808
-1.44373
-1.52599
-1.41123
-1.54729
-1.71236
-2.16176
-2.4615
-2.61334
-2.50136
-1.91814
-1.64808
-1.18707
-0.609
-0.327392
0.0931325
0.227843
0.142123
-0.142201
-0.58054
-0.326688
0.0780857
0.156382
0.422823
0.800987
1.32826
1.72314
1.85905
2.1989
2.36639
2.19792
1.92221
1.69514
1.759
1.95811
2.024
1.9533
1.9519
1.85223
1.65407
1.53528
1.34882
1.12577
0.778887
0.34847
-0.100196
-0.411358
-0.460879
-0.635128
-0.723322
-0.654306
-0.642927
-0.499101
-0.540234
-0.672456
-0.849077
-1.3398
-1.5852
-1.76168
-1.91962
-1.71309
-1.5489
-1.18383
-0.820428
-0.826655
-0.894418
-1.17387
-1.4181
-1.43717
-1.36911
-1.05974
-0.633249
-0.294826
-0.00456843
0.252338
0.380198
0.462012
0.521034
0.48586
0.368237
0.106836
-0.224341
-0.469111
-0.506668
-0.457261
-0.351408
-0.0109435
0.405335
0.836253
1.1931
1.27671
1.22545
1.15264
0.896804
0.418642
-0.127796
-0.758339
-1.30421
-1.59646
-1.64236
-1.35889
-0.932358
-0.478075
0.0462911
0.312177
0.210596
-0.00693844
-0.475355
-1.01863
-1.37892
-1.75388
-1.93496
-1.85509
-1.69378
-1.50968
-1.21428
-0.646194
-0.0367942
0.502
0.888595
1.08322
1.21638
1.09903
0.902682
0.811754
0.681028
0.564922
0.460075
0.556254
0.814495
1.09521
1.37291
1.48136
1.74992
1.9301
1.68357
1.33488
0.909219
0.595432
0.299207
0.098053
0.205625
0.275258
0.452877
0.620781
0.65659
0.71348
0.569817
0.312567
0.0226082
-0.167747
-0.246226
-0.217807
0.0863572
0.374437
0.579752
0.683264
0.701364
0.800011
0.754145
0.66116
0.627445
0.569424
0.611952
0.707807
0.908061
1.13115
1.17284
1.19657
1.22616
1.15067
0.904625
0.468866
0.0157473
-0.381763
-0.804715
-1.04129
-0.92093
-0.626983
-0.209714
0.109164
0.339824
0.685957
0.901853
1.06091
1.0618
0.718296
0.376047
0.188814
0.124882
0.0758589
0.000254426
-0.0372126
0.0050271
0.103202
0.104689
0.154012
0.259279
0.318812
0.401994
0.199823
-0.227422
-0.676138
-1.1081
-1.39981
-1.69872
-1.6681
-1.30727
-1.03421
-0.766923
-0.579077
-0.487458
-0.61048
-0.83379
-0.973652
-1.21687
-1.25572
-1.03379
-0.714135
-0.300546
0.0383618
0.259134
0.330103
0.28415
0.114143
-0.116369
-0.421254
-0.785852
-0.947958
-1.03253
-1.08524
-1.13744
-1.28033
-1.43206
-1.54008
-1.46571
-1.50591
-1.50417
-1.37699
-1.64782
-1.91152
-2.16298
-2.45238
-2.61402
-3.00681
-3.26839
-3.44049
-3.353
-2.33708
-0.926902
0.319512
1.19806
1.79972
2.07717
1.77242
1.27195
0.702823
0.055738
-0.572214
-0.638161
0.0901834
0.701539
1.35932
2.16198
2.61275
2.89182
2.66438
2.18524
1.83614
1.26294
1.01361
1.06904
1.01887
1.20727
1.33343
1.29238
1.23665
1.11458
1.03627
0.699553
0.174757
-0.0414985
-0.183542
-0.387929
-0.374619
-0.520727
-0.703021
-0.793293
-1.12719
-1.25511
-1.31104
-1.45276
-1.56256
-1.68064
-1.58648
-1.40336
-1.09582
-0.870942
-0.684037
-0.299079
-0.170661
-0.0315357
0.165599
0.17259
0.366852
0.355282
0.160022
0.146287
-0.0924927
-0.226552
-0.268235
-0.331444
-0.039498
0.0663348
0.0475165
0.247317
0.375956
0.380231
0.450796
0.690597
0.811436
0.810531
0.812259
0.859427
0.837759
0.519756
0.280139
0.251279
0.314031
0.453883
0.529955
0.73309
1.07428
1.17073
1.00545
0.684488
0.319327
0.157567
-0.000628044
-0.234494
-0.271855
-0.200999
-0.257438
-0.459171
-0.603657
-0.662208
-0.79803
-1.00894
-1.10677
-1.08216
-1.07111
-1.07341
-0.97935
-0.657392
-0.312343
-0.030083
0.295631
0.50387
0.517485
0.395505
0.247251
0.152407
-0.0247334
-0.237607
-0.277006
-0.352442
-0.310705
-0.00842051
0.278909
0.642863
0.976259
1.21205
1.34394
1.36575
1.27618
1.08293
0.930484
0.599302
0.217643
-0.0482345
-0.215548
-0.230172
-0.144339
0.128116
0.430763
0.566218
0.55962
0.425053
0.129734
-0.148946
-0.407045
-0.718549
-0.84513
-0.76944
-0.514141
-0.297364
-0.168262
0.0660225
0.227813
0.333544
0.442228
0.567237
0.661103
0.590178
0.497519
0.481965
0.500006
0.412797
0.0973488
-0.335625
-0.621877
-0.800971
-0.988878
-0.946765
-0.648733
-0.198669
0.245843
0.460914
0.553317
0.66534
0.627496
0.359395
0.0433432
-0.201518
-0.276481
-0.382271
-0.497542
-0.450643
-0.438498
-0.301363
-0.0864799
0.145191
0.451074
0.569945
0.521929
0.379813
0.16251
-0.152457
-0.486871
-0.705867
-0.75377
-0.530558
-0.23037
0.0449384
0.326019
0.547661
0.712834
0.63514
0.299144
-0.0576238
-0.468043
-0.912547
-1.17329
-1.2034
-1.01092
-0.681927
-0.392574
-0.0679283
0.249555
0.405617
0.573317
0.68422
0.606776
0.582351
0.553981
0.468845
0.413331
0.204152
-0.0271801
-0.19562
-0.382217
-0.35872
-0.10754
0.214337
0.606345
1.04153
1.32576
1.48598
1.56142
1.41727
1.10324
0.632367
0.254451
0.124686
0.0951311
0.164082
0.259701
0.327971
0.379255
0.487876
0.559703
0.521662
0.42769
0.131201
-0.225857
-0.536844
-0.86455
-1.05371
-1.04151
-0.910436
-0.624401
-0.23824
-0.00700644
0.277264
0.506792
0.461143
0.383243
-0.0367467
-0.645578
-1.12536
-1.44087
-1.38681
-1.11501
-0.720637
-0.29687
0.214955
0.640032
0.781553
0.759128
0.546226
0.434279
0.372344
0.127106
-0.0411814
0.13848
0.383828
0.361742
0.186348
0.0224521
0.0694338
0.107404
0.122406
0.39447
0.623687
0.626165
0.484011
0.174285
-0.159094
-0.356907
-0.520602
-0.685631
-0.771822
-0.61556
-0.457002
-0.565439
-0.706851
-0.931126
-0.971817
-0.860463
-1.03108
-1.07388
-0.947391
-0.757289
-0.470941
-0.38786
-0.277739
0.0583852
0.342324
0.499624
0.541211
0.44247
0.302226
-0.0643204
-0.640603
-0.985129
-1.12564
-1.06136
-0.667478
-0.170845
0.369286
0.942097
1.22838
1.1261
1.0181
0.933201
0.722194
0.670317
0.71341
0.84353
1.02674
0.914851
0.742248
0.538086
0.307165
0.406931
0.837927
1.16619
1.12991
1.14585
0.981143
0.252814
-0.485746
-1.05893
-1.44715
-1.43321
-1.20181
-0.819925
-0.419153
-0.255279
-0.29717
-0.441664
-0.57667
-0.764826
-0.848724
-0.983805
-1.38706
-1.3541
-1.07639
-1.04916
-0.915229
-0.809137
-0.724034
-0.437722
-0.166028
-0.111232
-0.210284
-0.43392
-0.883234
-1.28363
-1.52795
-1.34531
-0.747714
-0.305148
0.227296
0.689015
0.986372
1.18944
0.997197
0.892919
0.687877
0.289151
0.182491
0.175052
0.228753
0.168508
0.0184676
-0.0712931
-0.24717
-0.407321
-0.584698
-0.510713
-0.408582
-0.573868
-0.403868
-0.328736
-0.393728
-0.33445
-0.608703
-0.555878
-0.23813
-0.198569
-0.0610435
0.353675
0.99443
1.33271
1.22095
1.03443
0.879889
0.666279
0.310293
0.208902
0.372327
0.385734
0.461277
0.464242
0.0930492
-0.0671136
0.0471915
0.0272326
-0.070058
-0.128018
-0.1289
-0.189203
-0.16538
-0.0824222
-0.0719268
-0.0609822
-0.0311707
0.26542
0.611377
0.702349
0.761106
0.815083
0.669874
0.48455
0.28986
-0.0502304
0.0235316
0.243595
0.227074
0.310871
0.148382
0.0605543
0.118847
-0.0500259
-0.152504
-0.405863
-0.418339
-0.0316884
0.127149
0.366852
0.708061
1.00452
1.3944
1.5658
1.58929
1.52113
1.12199
0.852304
0.865772
0.82948
0.833586
0.892968
1.037
0.994438
0.66806
0.458493
0.191072
-0.168637
-0.539598
-0.817399
-0.912427
-1.05519
-1.01878
-0.935799
-0.949676
-0.789248
-0.579815
-0.327292
-0.181318
-0.25051
-0.352956
-0.394529
-0.267262
0.0180663
0.416117
0.683639
0.716581
0.677147
0.552
0.295711
-0.0833659
-0.38131
-0.531779
-0.627671
-0.62381
-0.500809
-0.363137
-0.332931
-0.307094
-0.295778
-0.285516
-0.207687
-0.174696
-0.0864218
-0.0192898
-0.00295321
0.144035
0.227218
0.224416
0.209169
0.126535
0.00626171
-0.276064
-0.567328
-0.785122
-0.969706
-1.04914
-1.1876
-1.07906
-0.966359
-1.0518
-0.856056
-0.78727
-0.747387
-0.669264
-0.595248
-0.257349
-0.102431
0.0073625
0.100999
0.139978
0.325674
0.566305
0.765692
0.704782
0.671072
0.675871
0.62418
0.54318
0.446446
0.580078
0.623451
0.635782
0.813393
0.898409
0.848846
0.784637
0.784279
0.877464
0.952048
0.761387
0.520132
0.265985
-0.0134427
-0.214214
-0.557477
-0.766688
-0.732587
-0.570463
-0.288376
-0.100757
0.111151
0.267301
0.190036
0.0369874
-0.251401
-0.570005
-0.81001
-0.997127
-0.900057
-0.787212
-0.947558
-1.10279
-1.18171
-1.17415
-1.15053
-1.18243
-1.07855
-0.856959
-0.631105
-0.527113
-0.499387
-0.411326
-0.286446
-0.117093
-0.0898613
0.0778998
0.457446
0.614846
0.682094
0.53136
0.343794
0.16406
-0.128124
-0.0610913
0.0681909
0.250709
0.529865
0.678912
0.851298
0.793424
0.507067
0.18268
-0.176905
-0.447259
-0.454599
-0.348874
-0.148111
0.173691
0.258303
0.32532
0.412958
0.388428
0.515186
0.530531
0.406433
0.398352
0.300378
0.158226
-0.00795986
-0.261938
-0.451638
-0.738599
-1.00835
-1.07719
-1.06163
-1.00484
-0.970142
-0.858973
-0.722596
-0.687487
-0.638049
-0.449064
-0.0977664
0.213502
0.398903
0.694333
1.00902
1.10436
1.09646
1.00373
0.909976
0.953647
1.02292
1.15754
1.38224
1.55621
1.61468
1.54281
1.37301
1.0533
0.523492
0.101213
-0.0986982
-0.320386
-0.291429
-0.0365587
0.0847628
0.32252
0.500733
0.386917
0.208566
-0.122077
-0.472367
-0.725787
-1.00829
-1.18001
-1.27017
-1.31146
-1.10169
-0.816875
-0.579017
-0.222552
-0.0480176
-0.0603182
0.0048551
-0.0690959
-0.2185
-0.341633
-0.407455
-0.347407
-0.374542
-0.352509
-0.132007
0.0594962
0.168151
0.262176
0.36796
0.475527
0.482108
0.382771
0.34384
0.309845
0.156071
-0.00425364
-0.120839
-0.226413
-0.316648
-0.363337
-0.317633
-0.176026
0.00377888
0.182801
0.321505
0.395599
0.411796
0.293128
0.138902
0.088545
0.0866612
0.126624
0.160173
0.23777
0.381593
0.414642
0.408057
0.466951
0.466107
0.349814
0.169823
-0.0356612
-0.198587
-0.330833
-0.469807
-0.521773
-0.550355
-0.564492
-0.532505
-0.604608
-0.665442
-0.699421
-0.782937
-0.821643
-0.852632
-0.815041
-0.743778
-0.670161
-0.527093
-0.395536
-0.2976
-0.261672
-0.222377
-0.190021
-0.22298
-0.282794
-0.345786
-0.296194
-0.219618
-0.124863
0.034285
0.166272
0.272869
0.274108
0.214332
0.103617
-0.0785225
-0.22433
-0.30922
-0.305255
-0.249043
-0.138822
-0.0187708
0.0725799
0.154067
0.164621
0.20581
0.274723
0.344298
0.469619
0.559629
0.584715
0.570643
0.521739
0.39403
0.270779
0.221199
0.203984
0.250561
0.324736
0.44909
0.549424
0.545541
0.525096
0.49624
0.454546
0.378355
0.289173
0.264942
0.274938
0.222113
0.19301
0.180271
0.10788
0.0784662
0.0144912
-0.0463479
-0.0764844
-0.135356
-0.150601
-0.184813
-0.208198
-0.214314
-0.237278
-0.238455
-0.22091
-0.150986
-0.056322
0.0546569
0.214529
0.37759
0.465247
0.452279
0.373878
0.256043
0.0494707
-0.227157
-0.401763
-0.522001
-0.63154
-0.654549
-0.684657
-0.625055
-0.53406
-0.50685
-0.328994
-0.155302
-0.130611
-0.138071
-0.163218
-0.225363
-0.292311
-0.334097
-0.354975
-0.350033
-0.340598
-0.269491
-0.201062
-0.147044
-0.0539623
0.00482202
0.0361029
-0.0196352
-0.00404115
0.113655
0.198782
0.357282
0.577863
0.846945
1.02892
1.10618
1.22775
1.2746
1.23622
1.23735
1.26926
1.31567
1.37923
1.39226
1.4159
1.49206
1.4341
1.26215
1.07812
0.775544
0.394991
0.0383056
-0.245732
-0.380874
-0.43449
-0.464706
-0.462092
-0.460019
-0.48285
-0.550192
-0.652792
-0.717139
-0.785326
-0.870789
-0.94975
-1.11518
-1.14221
-1.06074
-1.02769
-0.862562
-0.761185
-0.743834
-0.786532
-0.929457
-0.960194
-0.998777
-1.01888
-0.858761
-0.569469
-0.222308
0.123351
0.441373
0.659674
0.766777
0.775981
0.722419
0.634633
0.54923
0.500969
0.474499
0.553796
0.657889
0.728221
0.815375
0.764189
0.60361
0.42062
0.164721
-0.0896037
-0.286248
-0.443231
-0.539058
-0.508457
-0.40887
-0.276652
-0.139864
-0.0728927
0.0582741
0.138666
0.175739
0.339498
0.346651
0.289058
0.289547
0.193826
0.132971
0.0790222
-0.0333206
-0.126182
-0.199101
-0.26864
-0.2744
-0.257863
-0.319486
-0.326257
-0.287638
-0.330672
-0.452815
-0.622983
-0.72517
-0.729875
-0.775862
-0.768496
-0.603563
-0.531888
-0.437097
-0.272634
-0.205803
-0.120855
-0.125663
-0.0940662
-0.0190945
-0.0282289
-0.00138984
-0.0203379
-0.0230496
-0.0917054
-0.154928
-0.100582
-0.137172
-0.131582
-0.0935663
-0.1273
-0.1799
-0.266948
-0.360829
-0.460724
-0.50155
-0.485319
-0.42217
-0.292597
-0.172213
-0.00254082
0.103432
0.123793
0.23577
0.300344
0.323959
0.339624
0.306614
0.348181
0.415117
0.4529
0.527657
0.635767
0.691146
0.685273
0.640471
0.543583
0.448565
0.322148
0.196992
0.166083
0.16151
0.165289
0.184569
0.209326
0.210983
0.176401
0.141828
0.0497187
-0.0749123
-0.185167
-0.29924
-0.364165
-0.404253
-0.431624
-0.368341
-0.307221
-0.272858
-0.218579
-0.300287
-0.373097
-0.346321
-0.381102
-0.387411
-0.406465
-0.448153
-0.449408
-0.457837
-0.406085
-0.31142
-0.229267
-0.156262
-0.0911919
-0.0317189
-0.0293673
-0.094553
-0.157751
-0.197759
-0.232929
-0.239834
-0.173971
-0.0321652
0.126991
0.249649
0.3205
0.351514
0.330508
0.265532
0.184779
0.0783118
0.0184288
0.00871347
-0.0267691
-0.0379171
-0.0105781
0.0281877
0.0650331
0.0615997
0.0349689
-0.00819093
-0.0791427
-0.136256
-0.160226
-0.134321
-0.059302
0.0166499
0.0948954
0.176937
0.237851
0.265181
0.281914
0.287083
0.243201
0.184957
0.113287
0.010085
-0.0825236
-0.117645
-0.077288
0.00238366
0.0966265
0.181152
0.202565
0.163085
0.106471
0.0380206
-0.0215352
-0.0566428
-0.0752158
-0.0829329
-0.0841271
-0.0361202
0.0232947
0.0552201
0.104163
0.165619
0.240607
0.293207
0.30295
0.324927
0.336063
0.325534
0.33273
0.357104
0.408484
0.460253
0.483727
0.474095
0.373349
0.207998
0.0429454
-0.109062
-0.194563
-0.194605
-0.128043
-0.0109674
0.137979
0.280726
0.351395
0.376168
0.378147
0.340404
0.302546
0.282701
0.328612
0.379642
0.36782
0.385218
0.36774
0.320556
0.295923
0.244331
0.232447
0.219785
0.179296
0.140796
0.0668193
-0.00167644
-0.0584947
-0.124904
-0.148286
-0.0857058
0.0163406
0.138671
0.274095
0.360313
0.399901
0.378581
0.31593
0.284766
0.247203
0.199188
0.207089
0.249611
0.29145
0.323946
0.323464
0.303739
0.250807
0.17245
0.0927696
0.00991403
-0.0256085
-0.0268928
-0.00600787
0.0238448
0.0649128
0.112582
0.110797
0.103513
0.0586352
0.0130026
-0.00407297
-0.0667727
-0.113544
-0.147198
-0.170215
-0.185061
-0.193812
-0.185473
-0.184563
-0.19235
-0.266055
-0.347982
-0.421979
-0.504802
-0.538758
-0.603427
-0.666503
-0.669894
-0.66158
-0.624208
-0.573425
-0.510731
-0.416319
-0.309034
-0.182753
-0.0630044
0.0227667
0.0597127
0.0255606
-0.0501989
-0.155992
-0.300129
-0.446836
-0.532104
-0.552074
-0.526331
-0.464803
-0.408441
-0.363161
-0.364995
-0.408206
-0.476852
-0.590225
-0.663281
-0.684155
-0.697632
-0.699169
-0.691029
-0.649584
-0.565894
-0.462907
-0.335664
-0.19393
-0.0662711
0.0507136
0.126863
0.153329
0.137063
0.0814543
0.0243108
-0.0201116
0.00611273
0.0966314
0.180567
0.266011
0.327085
0.346617
0.364355
0.371954
0.369861
0.386511
0.396614
0.393756
0.365904
0.303757
0.250561
0.181867
0.11111
0.0965599
0.106063
0.142697
0.217157
0.274801
0.322951
0.344445
0.316362
0.27701
0.215572
0.154243
0.112313
0.081022
0.0531185
0.0297493
0.011653
-0.0239639
-0.0581471
-0.106183
-0.16212
-0.202727
-0.215005
-0.225654
-0.260115
-0.265718
-0.289247
-0.311873
-0.332937
-0.373278
-0.346424
-0.304552
-0.27889
-0.269361
-0.251278
-0.187898
-0.128565
-0.0909305
-0.0995476
-0.116737
-0.146735
-0.210558
-0.247014
-0.29014
-0.317248
-0.320517
-0.343203
-0.32549
-0.27395
-0.200176
-0.11619
-0.0458872
0.00891172
0.0211974
0.0511295
0.0757189
0.0907411
0.150897
0.184381
0.206835
0.233895
0.258532
0.278494
0.262164
0.217958
0.153442
0.0868318
-0.00103891
-0.0573657
-0.0881268
-0.139783
-0.149185
-0.166331
-0.188882
-0.207515
-0.249004
-0.267514
-0.266701
-0.2508
-0.206047
-0.0974458
-0.00230744
0.0488045
0.11615
0.150884
0.188048
0.222084
0.227828
0.238868
0.219405
0.218317
0.270232
0.301667
0.32559
0.373596
0.379039
0.35604
0.32997
0.281051
0.269344
0.281734
0.285049
0.305133
0.319979
0.32204
0.294002
0.225749
0.178316
0.131486
0.0865179
0.111374
0.138033
0.146473
0.165007
0.141485
0.108629
0.0568505
-0.00749523
0.00935852
0.0178558
0.056382
0.165622
0.184038
0.186901
0.189417
0.189382
0.247669
0.282255
0.348105
0.416641
0.441527
0.502789
0.546726
0.539842
0.510203
0.449561
0.384392
0.289135
0.167644
0.145526
0.14327
0.10739
0.138614
0.194158
0.206582
0.14203
0.0615083
-0.00502313
-0.0563517
-0.0800572
-0.092755
-0.061875
-0.0437897
-0.00710977
0.0266966
0.0420906
0.0996795
0.106472
0.137513
0.132125
0.0405556
-0.0171363
-0.0696077
-0.0841442
-0.0984469
-0.0622957
0.00224886
-0.000772249
0.0176115
0.0383798
0.0518404
0.00430554
-0.0525824
-0.0708959
-0.144264
-0.199081
-0.223611
-0.212765
-0.164823
-0.129293
-0.0685141
0.0122232
0.061612
0.0943177
0.122577
0.114629
0.109255
0.101821
0.0890623
0.0872312
0.0531172
0.0387047
0.0437913
0.0319781
0.0492497
0.0793001
0.11708
0.166932
0.20995
0.263286
0.284722
0.257256
0.239264
0.213945
0.147472
0.0736623
-0.00413715
-0.0835642
-0.144724
-0.207757
-0.229641
-0.243184
-0.29
-0.29996
-0.332483
-0.392696
-0.447575
-0.525167
-0.580949
-0.614551
-0.617047
-0.568387
-0.48667
-0.414315
-0.380296
-0.364135
-0.358938
-0.357354
-0.37122
-0.387184
-0.395455
-0.379003
-0.321349
-0.288672
-0.276081
-0.256811
-0.227231
-0.207402
-0.228082
-0.219939
-0.186229
-0.167938
-0.143517
-0.122917
-0.0910583
-0.0606089
-0.0443073
-0.00301335
0.0269793
0.0227487
0.0124813
-0.0027611
-0.0300729
-0.0517863
-0.0415884
-0.0194131
0.0134634
0.0497938
0.0738704
0.0929125
0.0753689
0.0480825
0.0353354
0.00605491
-0.0132331
-0.0014564
0.0291634
0.058817
0.0882012
0.135611
0.181176
0.20574
0.212001
0.212763
0.200602
0.171455
0.157228
0.152632
0.142318
0.134651
0.137213
0.136076
0.115324
0.102296
0.102991
0.104859
0.112159
0.126307
0.13846
0.12773
0.0925411
0.0523161
0.0186196
-0.027052
-0.0688477
-0.0754756
-0.0621681
-0.0309755
0.000982588
0.0321861
0.0685296
0.0797559
0.0651058
0.0265984
-0.0156494
-0.0466067
-0.0699061
-0.0812706
-0.0953823
-0.106874
-0.118061
-0.119726
-0.120082
-0.138942
-0.132208
-0.126843
-0.128067
-0.105987
-0.0945524
-0.0634593
-0.0154933
0.015721
0.0372018
0.047313
0.0495024
0.0388735
0.022928
0.00107731
-0.0168304
-0.0326611
-0.061634
-0.0763133
-0.0790259
-0.0670458
-0.0394539
-0.0137468
0.0132048
0.015124
-0.00834969
-0.0385144
-0.0712443
-0.0858039
-0.0847098
-0.0720847
-0.0501376
-0.0318596
-0.0158508
-0.0103966
-0.0243053
-0.0393838
-0.0450908
-0.0550702
-0.0744996
-0.104279
-0.125983
-0.129018
-0.133683
-0.132503
-0.114808
-0.0707043
-0.0112297
0.0342579
0.0740387
0.10671
0.121908
0.117791
0.104002
0.0974918
0.102288
0.122312
0.149554
0.178077
0.204178
0.211038
0.191828
0.146356
0.0843324
0.0269815
-0.0233255
-0.0585551
-0.0578916
-0.0223963
0.0444578
0.11877
0.180007
0.231467
0.245867
0.227234
0.198751
0.165732
0.152908
0.150764
0.141643
0.108325
0.0268133
-0.0702358
-0.156392
-0.225608
-0.257543
-0.251333
-0.22067
-0.199223
-0.195015
-0.19447
-0.221482
-0.257344
-0.272368
-0.261845
-0.202289
-0.113286
-0.0329861
0.0204631
0.0504443
0.0761649
0.0920624
0.0735561
0.0346058
0.020911
0.0193863
0.0333208
0.0730913
0.103423
0.137688
0.142172
0.107346
0.0987334
0.10058
0.118524
0.150371
0.170229
0.194155
0.189359
0.160157
0.12354
0.0758117
0.0499606
0.0346018
0.0164166
0.00251498
-0.0135514
-0.0360364
-0.0678174
-0.102467
-0.122567
-0.117688
-0.0969547
-0.0693115
-0.037511
0.00478085
0.0379273
0.0427055
0.0380656
0.0278923
0.0201696
0.0250341
0.0277563
0.0208899
0.0120957
-0.0103226
-0.0392214
-0.0675533
-0.111111
-0.139083
-0.157063
-0.177184
-0.191461
-0.220414
-0.245841
-0.274902
-0.31495
-0.33712
-0.357403
-0.38563
-0.413009
-0.424358
-0.414621
-0.410053
-0.391834
-0.381043
-0.396522
-0.376558
-0.332216
-0.281304
-0.240122
-0.209347
-0.162899
-0.140955
-0.130851
-0.122475
-0.115276
-0.0783843
-0.0423183
0.000917231
0.0621722
0.11306
0.154072
0.17607
0.182127
0.171568
0.150292
0.137805
0.123493
0.127795
0.140669
0.143289
0.158029
0.170596
0.186883
0.201868
0.200074
0.204011
0.209771
0.197474
0.1723
0.141026
0.0944521
0.0394471
-0.023669
-0.0779678
-0.0960695
-0.0837705
-0.0364438
0.0577175
0.173517
0.262118
0.33151
0.358578
0.317456
0.254397
0.177288
0.125637
0.111476
0.117315
0.176363
0.247078
0.284283
0.310085
0.306365
0.254235
0.220473
0.206768
0.188134
0.189467
0.176257
0.165484
0.145396
0.0804297
0.0383786
0.0156389
-0.00557575
-0.00780465
-0.00658874
0.0192602
0.0457936
0.028424
0.00909758
-0.0143688
-0.0492544
-0.0685603
-0.0887431
-0.0937166
-0.0718645
-0.0444596
-0.0316316
-0.0391029
-0.0301966
-0.0101543
-0.0215281
-0.0131714
0.0119472
-0.00449002
0.00210386
0.016119
0.043052
0.0902964
0.0807909
0.0954605
0.11134
0.0984376
0.106295
0.0900108
0.122397
0.184608
0.213956
0.268572
0.305195
0.331137
0.358649
0.34553
0.337549
0.319782
0.266532
0.201484
0.131994
0.0735533
0.03127
0.00231593
-0.00263266
0.0290531
0.0668052
0.101917
0.127938
0.132102
0.130328
0.090968
0.0299944
-0.0147714
-0.051921
-0.0722642
-0.0672718
-0.0467644
-0.0134284
0.0191107
0.0152141
-0.0165137
-0.0563942
-0.0887734
-0.114692
-0.121465
-0.108846
-0.137471
-0.169952
-0.178508
-0.181392
-0.179869
-0.190452
-0.179201
-0.160093
-0.141819
-0.105968
-0.0936054
-0.0927224
-0.0769051
-0.0773448
-0.0885248
-0.0720743
-0.0390004
-0.0052784
0.0138566
0.0167541
0.0359845
0.0386771
0.0113589
-0.00472634
-0.015972
-0.019575
-0.0148475
-0.0118581
0.0051846
0.0132909
-0.00103211
-0.00614065
-0.00498916
0.00558814
0.0273087
0.0289379
0.0226051
0.0089947
-0.0240025
-0.0577876
-0.101604
-0.138778
-0.15815
-0.177788
-0.174753
-0.161337
-0.155107
-0.144535
-0.153862
-0.176831
-0.191984
-0.213472
-0.218131
-0.199054
-0.177854
-0.14533
-0.128361
-0.120491
-0.0923124
-0.0648257
-0.0403048
-0.0218918
-0.00284652
0.0228812
0.0538358
0.089118
0.114451
0.132624
0.136791
0.135631
0.136751
0.140258
0.152291
0.160289
0.171364
0.173618
0.159958
0.141908
0.111681
0.0865293
0.0676682
0.0448238
0.0430109
0.062367
0.0889433
0.121503
0.137226
0.136255
0.123869
0.0876601
0.0461386
0.00512582
-0.0398246
-0.0745758
-0.0842274
-0.0825689
-0.089711
-0.0876787
-0.0903792
-0.107723
-0.117385
-0.125767
-0.126486
-0.125197
-0.124347
-0.108122
-0.0886371
-0.0617336
-0.0343233
-0.0116526
0.0164258
0.0360451
0.0531594
0.0748928
0.100765
0.12151
0.127888
0.121788
0.0911005
0.053929
0.015596
-0.0344045
-0.0654841
-0.0707673
-0.064838
-0.0434079
-0.0127723
0.00960434
0.0334679
0.0506657
0.0261552
-0.0134118
-0.0523564
-0.111418
-0.162502
-0.177545
-0.170407
-0.165522
-0.149801
-0.132781
-0.138981
-0.144771
-0.137977
-0.11321
-0.086234
-0.0573656
-0.0216727
0.00595815
0.0394575
0.0631401
0.0711827
0.0697329
0.0540659
0.0367697
0.03329
0.0443088
0.0482084
0.064118
0.0837308
0.0723902
0.0667951
0.0644627
0.0472593
0.0537541
0.0747235
0.0947828
0.120755
0.137809
0.147977
0.147475
0.148965
0.168635
0.195101
0.217575
0.218671
0.207695
0.184702
0.138896
0.0892916
0.0365313
-0.0152233
-0.047576
-0.0643094
-0.0701295
-0.0641713
-0.043429
-0.0297562
-0.0499521
-0.0763767
-0.109763
-0.160478
-0.195339
-0.210491
-0.21103
-0.200989
-0.184593
-0.168135
-0.160297
-0.149894
-0.149586
-0.16026
-0.163076
-0.168064
-0.163835
-0.153139
-0.152723
-0.139568
-0.120924
-0.100143
-0.0776498
-0.0645297
-0.0318543
-0.00143474
0.0114133
0.0215412
0.0103502
-0.00722534
-0.0280965
-0.0538497
-0.0635402
-0.0572741
-0.0353934
-0.00592839
0.0249759
0.0603249
0.0863204
0.0887572
0.0705732
0.0401781
0.00485802
-0.0320701
-0.0667263
-0.089338
-0.0971576
-0.0907006
-0.0743518
-0.0619221
-0.0520785
-0.0409246
-0.0417686
-0.0441781
-0.0362956
-0.0241026
-0.00469787
0.00900171
0.0192993
0.03545
0.0455127
0.0580158
0.0777
0.0975044
0.119228
0.138798
0.151253
0.156375
0.154202
0.152195
0.146134
0.132835
0.129336
0.130726
0.131823
0.137249
0.139327
0.142065
0.142311
0.131329
0.117465
0.0988736
0.0738932
0.0476248
0.0165311
-0.00425393
-0.00379419
0.00318373
0.00932475
0.011867
0.00532519
-0.00845146
-0.0182116
-0.0161336
-0.00721664
0.00234618
0.0110104
0.0200629
0.0305431
0.0355309
0.0351811
0.0344691
0.0315482
0.0343486
0.0399675
0.0393859
0.034956
0.0232375
0.00559872
-0.0101121
-0.0148942
-0.0143642
-0.0173348
-0.0184377
-0.0204224
-0.0249662
-0.0332215
-0.0430914
-0.0523632
-0.0626445
-0.0661441
-0.0651526
-0.0654517
-0.0716652
-0.0844348
-0.0981031
-0.111463
-0.115984
-0.110098
-0.100261
-0.0888849
-0.0776672
-0.0648098
-0.0550026
-0.0493077
-0.0382607
-0.0260813
-0.0254362
-0.0360366
-0.0574894
-0.0930556
-0.130186
-0.155241
-0.162756
-0.153958
-0.140665
-0.125441
-0.11424
-0.116267
-0.121597
-0.122586
-0.115562
-0.0939488
-0.0570154
-0.00809995
0.0411013
0.0808007
0.110801
0.123874
0.119206
0.104517
0.0857583
0.0774227
0.0880199
0.119117
0.157064
0.1855
0.208331
0.214098
0.194758
0.169856
0.149756
0.133734
0.127677
0.122238
0.102193
0.0755469
0.0469128
0.0159283
-0.0136263
-0.0263667
-0.0164745
-0.00835356
0.00832201
0.0248593
0.0164661
0.00652054
-0.020375
-0.055544
-0.0757672
-0.0965816
-0.0974919
-0.0737859
-0.0357106
0.00195295
0.0364898
0.081837
0.114483
0.135807
0.147327
0.131182
0.107091
0.0788794
0.0429697
0.00657059
-0.0351927
-0.0647335
-0.083601
-0.0971525
-0.0872134
-0.0757197
-0.0634444
-0.0484762
-0.044175
-0.036953
-0.0523896
-0.0802092
-0.0944166
-0.10565
-0.113533
-0.111883
-0.0749053
-0.0410174
-0.0226273
-0.00697278
-0.0181672
-0.0329079
-0.0425683
-0.0298014
-0.026029
-0.0296847
-0.00837626
-0.0150248
-0.0239376
-0.0263007
-0.0189441
0.0115571
0.0120278
0.0136777
0.0403014
0.0502093
0.0395363
0.0273457
0.0196805
0.0117454
0.0022036
-0.00730432
-0.00249601
0.0126138
0.019634
0.0166375
0.0107694
0.00590082
-0.0087332
-0.030324
-0.0643803
-0.0915526
-0.0930524
-0.104071
-0.106482
-0.095175
-0.0871793
-0.0756105
-0.073477
-0.0702459
-0.069418
-0.0762867
-0.084169
-0.0869365
-0.0772805
-0.0550186
-0.020317
0.00644103
0.0442153
0.081009
0.0926036
0.100997
0.0918066
0.0828717
0.0694129
0.0509039
0.0565112
0.0459758
0.0278049
0.0182059
-0.00521557
-0.0299441
-0.0427079
-0.0411605
-0.0382298
-0.0331479
-0.0348112
-0.0531932
-0.0683633
-0.0963769
-0.126068
-0.133329
-0.131881
-0.119644
-0.10356
-0.0909646
-0.0927432
-0.110516
-0.118213
-0.121347
-0.126885
-0.110455
-0.0860336
-0.0771791
-0.069667
-0.0723564
-0.0832658
-0.0835195
-0.0890364
-0.106871
-0.11435
-0.0997492
-0.079539
-0.0692748
-0.0695508
-0.0659088
-0.0662514
-0.0787556
-0.0821654
-0.07651
-0.0640518
-0.0552173
-0.0558783
-0.0523151
-0.0460613
-0.0373218
-0.0341913
-0.0361462
-0.0311795
-0.0266398
-0.0238863
-0.0197872
-0.0148704
-0.00323203
0.0073983
0.0174692
0.0328485
0.0442504
0.0525746
0.0470352
0.0366495
0.0341447
0.0232682
0.0163377
0.0177122
0.020759
0.0288504
0.0383855
0.044783
0.0464816
0.0486583
0.0498014
0.0486043
0.0481996
0.0544755
0.0635776
0.0708618
0.0758124
0.06545
0.0538995
0.0521954
0.0550611
0.0672252
0.0770671
0.0876732
0.0956221
0.0826353
0.0649268
0.0499965
0.0337295
0.0216963
0.0184098
0.0293296
0.0385245
0.0360582
0.0282985
0.0145321
0.00459528
0.000549878
0.00261194
0.0145644
0.0250984
0.032606
0.0401145
0.0470842
0.0572537
0.0685486
0.0761628
0.0812421
0.084528
0.0876942
0.0930707
0.0977674
0.108262
0.123039
0.133981
0.143798
0.147035
0.146706
0.143408
0.132305
0.123833
0.11875
0.114689
0.111309
0.107657
0.104975
0.100445
0.0952643
0.0858523
0.0729755
0.0693587
0.0773714
0.093245
0.117664
0.147358
0.174272
0.19429
0.204194
0.204697
0.199035
0.185878
0.169508
0.154199
0.143703
0.141486
0.139774
0.138262
0.140578
0.137277
0.127341
0.113901
0.097547
0.0873511
0.080314
0.0674678
0.0519009
0.0418031
0.0353098
0.0258467
0.0223631
0.0210915
0.0170061
0.0211488
0.0292725
0.0375623
0.0484859
0.0607901
0.070972
0.0748784
0.0733237
0.0672332
0.0620688
0.0634522
0.0724487
0.092234
0.120807
0.144818
0.153614
0.14995
0.137103
0.118381
0.0975077
0.0797028
0.0720386
0.0661292
0.0584564
0.052009
0.0430138
0.038854
0.0393351
0.0367589
0.0314169
0.0205857
0.00318347
-0.023607
-0.0565693
-0.081243
-0.0960575
-0.10813
-0.118928
-0.124715
-0.123585
-0.121506
-0.124356
-0.129349
-0.131815
-0.135702
-0.141069
-0.144781
-0.14607
-0.146186
-0.153929
-0.16791
-0.180951
-0.1878
-0.187776
-0.188894
-0.190455
-0.194122
-0.203097
-0.215225
-0.232751
-0.247794
-0.252865
-0.254864
-0.254815
-0.248022
-0.237478
-0.229458
-0.224836
-0.219168
-0.211004
-0.203914
-0.19618
-0.17907
-0.151646
-0.118544
-0.084192
-0.0552036
-0.0353416
-0.0280687
-0.0287074
-0.0316004
-0.0367813
-0.035019
-0.0199242
0.0031526
0.0261862
0.0426034
0.0459672
0.0405854
0.0290578
0.0108953
-0.00299049
-0.0154683
-0.0260993
-0.0330087
-0.0423851
-0.0540412
-0.0707187
-0.0871503
-0.101273
-0.107399
-0.100121
-0.0837099
-0.0639294
-0.0546772
-0.0549365
-0.0642022
-0.0800032
-0.091903
-0.0942484
-0.0798415
-0.0571193
-0.0317151
-0.00719663
0.00884909
0.0145944
0.00513714
-0.0156045
-0.0372922
-0.0572967
-0.0705058
-0.0696072
-0.0603256
-0.0401637
-0.0202765
-0.0173084
-0.0172678
-0.0237242
-0.0338569
-0.0356313
-0.0316727
-0.0163614
0.00524087
0.0260589
0.0403279
0.0453062
0.0424715
0.032745
0.0246915
0.0190782
0.0198576
0.0293853
0.0338412
0.027352
0.022322
0.0173317
0.010622
0.0164252
0.0243996
0.0362253
0.0552771
0.0688679
0.075352
0.0684788
0.0607438
0.0528542
0.0432228
0.0436415
0.0491054
0.0601384
0.0672842
0.0647089
0.0549431
0.041765
0.0303225
0.0206681
0.0196008
0.0266314
0.0383597
0.0444139
0.0475089
0.0522799
0.0505387
0.0501463
0.0475319
0.0483498
0.0558561
0.0591052
0.0628557
0.0595441
0.048012
0.0324215
0.0128545
-0.00104677
-0.00255892
0.0095413
0.0278728
0.0467718
0.0608098
0.0702128
0.0728314
0.0636941
0.0544025
0.0466696
0.0469466
0.0576313
0.0705639
0.0897982
0.101563
0.103664
0.102212
0.0902625
0.0804278
0.0752394
0.0719235
0.0782086
0.0810566
0.0768927
0.0729541
0.0635492
0.0558345
0.0528771
0.0555361
0.0665831
0.0708646
0.0728247
0.0785098
0.0736541
0.0646386
0.0624446
0.0642615
0.068284
0.0702588
0.0705917
0.0693141
0.0614659
0.0573257
0.057269
0.0531585
0.0518182
0.049462
0.0442262
0.0396362
0.0343367
0.0317894
0.0256283
0.0158164
0.0122927
0.00989357
0.00797219
0.0141494
0.0237548
0.0339791
0.0459335
0.0575275
0.0695557
0.076002
0.0769285
0.0787699
0.0807261
0.0835485
0.0809641
0.0733028
0.0669216
0.0610976
0.064503
0.0754734
0.0854464
0.0921251
0.0883935
0.0786814
0.0646058
0.0499061
0.0478313
0.0486569
0.0485567
0.0484284
0.0327903
0.0068918
-0.0165978
-0.0350344
-0.0401106
-0.0362924
-0.0286947
-0.0135979
-0.0102788
-0.0292392
-0.0569776
-0.0815075
-0.0958947
-0.105047
-0.104487
-0.0895104
-0.0695719
-0.0514734
-0.045718
-0.0568124
-0.078137
-0.100828
-0.113917
-0.108825
-0.0883336
-0.0625087
-0.0440427
-0.0420947
-0.0487721
-0.0604993
-0.0760291
-0.084354
-0.0824475
-0.0694686
-0.0540196
-0.0489926
-0.0512911
-0.0604129
-0.0799119
-0.101899
-0.113111
-0.108554
-0.0932363
-0.0700654
-0.0430649
-0.0268299
-0.0312987
-0.0529833
-0.0844271
-0.112811
-0.127028
-0.12719
-0.118579
-0.10773
-0.0976106
-0.0938794
-0.105145
-0.128431
-0.149529
-0.152422
-0.137814
-0.122938
-0.116336
-0.117801
-0.124544
-0.129842
-0.136174
-0.14593
-0.14795
-0.13646
-0.116959
-0.100952
-0.0964945
-0.100656
-0.108781
-0.115445
-0.121849
-0.126739
-0.116816
-0.0965229
-0.0799558
-0.067752
-0.0594717
-0.0559402
-0.0574613
-0.0626615
-0.0667138
-0.0700744
-0.0707248
-0.0667873
-0.0648988
-0.0622112
-0.0605545
-0.0688384
-0.08071
-0.0864609
-0.0794842
-0.0645445
-0.0497161
-0.0364831
-0.030167
-0.0277116
-0.0257071
-0.021899
-0.0139499
-0.00463016
0.0141593
0.039109
0.0597677
0.077007
0.0881198
0.0920098
0.0860256
0.0738289
0.0683396
0.0717414
0.0771365
0.079069
0.0802173
0.0779467
0.0592931
0.0278215
2.16278e-05
-0.0155177
-0.0106467
0.0113233
0.0340668
0.0501762
0.0504891
0.0333025
0.012969
-0.00240276
-0.00552038
0.00487301
0.0203548
0.0396729
0.0495123
0.0397703
0.024714
0.00797988
-0.00182225
0.0043513
0.0152208
0.0321421
0.0538785
0.0726127
0.0797046
0.0668061
0.0482515
0.0295982
0.0137315
0.0170973
0.0323513
0.0473421
0.0588943
0.0609999
0.0583888
0.0536721
0.0481421
0.0412164
0.0256842
0.0129112
0.00736956
0.00420721
0.00782511
0.0116294
0.0155526
0.022511
0.0270249
0.0277185
0.0221597
0.0124372
0.000898728
-0.00754791
-0.00611995
0.00153018
0.0160135
0.0361007
0.0523648
0.0604966
0.0555942
0.0319322
-0.00123921
-0.0258925
-0.032034
-0.0120227
0.0278188
0.0631253
0.0788138
0.0681549
0.0325568
-0.00844665
-0.0396395
-0.0542072
-0.0458439
-0.0251952
-0.00343987
0.0137924
0.0168549
0.0100122
0.000561489
-0.00498726
0.00250343
0.0201889
0.0414945
0.0630221
0.0802633
0.0875978
0.0839542
0.0725503
0.0597602
0.0563394
0.0668324
0.0900924
0.11902
0.137505
0.133326
0.104465
0.0593452
0.0115347
-0.0259064
-0.0464618
-0.0508757
-0.0349083
-0.000514207
0.0388883
0.0741204
0.100801
0.112815
0.102135
0.0689985
0.025297
-0.0115962
-0.0309554
-0.0269496
-0.00323663
0.0225301
0.0471476
0.0593601
0.0478151
0.0341038
0.0254143
0.0230313
0.0350122
0.0530551
0.0709668
0.0817341
0.0812264
0.0726704
0.0608765
0.062313
0.0810739
0.105409
0.130433
0.151033
0.159793
0.155315
0.140394
0.119835
0.0935856
0.0594457
0.038749
0.041165
0.0489841
0.0599835
0.0663915
0.0619867
0.0511544
0.0286742
0.00668725
-0.00332028
-0.00162817
0.0153915
0.0322209
0.0382936
0.0384362
0.0275755
0.00846107
-0.00919693
-0.0211778
-0.0301066
-0.0426214
-0.0557267
-0.0678415
-0.0828445
-0.0966731
-0.106135
-0.10442
-0.086855
-0.0690123
-0.0579761
-0.0529895
-0.0554331
-0.0592152
-0.0696332
-0.0869741
-0.0983949
-0.0979479
-0.0828145
-0.060704
-0.0424786
-0.0273081
-0.0199993
-0.0253152
-0.0330768
-0.0358805
-0.0345512
-0.0310055
-0.0305906
-0.036859
-0.0444057
-0.0508581
-0.0533267
-0.0445509
-0.033048
-0.0296013
-0.0341844
-0.0390601
-0.0391623
-0.0372747
-0.0274451
-0.0131565
-0.00797465
-0.0146157
-0.0312837
-0.0544148
-0.0767118
-0.08429
-0.0727106
-0.0527605
-0.0357322
-0.0313174
-0.0391673
-0.0554873
-0.0767872
-0.0909225
-0.0931795
-0.0869494
-0.0753801
-0.0626551
-0.0566492
-0.0637586
-0.0776296
-0.0936866
-0.105338
-0.106198
-0.100752
-0.088208
-0.0743319
-0.0637902
-0.052725
-0.048708
-0.0517636
-0.0539848
-0.0571172
-0.0576825
-0.0524577
-0.0447923
-0.0367603
-0.0348175
-0.0350316
-0.0353905
-0.0400052
-0.0412428
-0.0431903
-0.04485
-0.0428648
-0.0415105
-0.0330391
-0.0234344
-0.016774
-0.0111113
-0.0125943
-0.0170603
-0.0262355
-0.0367005
-0.0385441
-0.035026
-0.024621
-0.0132216
-0.00721884
0.000571964
0.00766216
0.0163767
0.0301878
0.0416104
0.0499553
0.0533062
0.0487191
0.0430481
0.039769
0.0340461
0.0265555
0.0190681
0.014249
0.0129737
0.0113933
0.015549
0.0238107
0.0325562
0.0430878
0.0478054
0.045798
0.0392834
0.030348
0.0244284
0.027808
0.0396155
0.0522444
0.0644676
0.0724215
0.073437
0.0719473
0.0711717
0.0711329
0.0726213
0.076286
0.0788208
0.0809171
0.0819816
0.0814131
0.0824873
0.0843516
0.0902259
0.100918
0.1072
0.104922
0.0965969
0.0842642
0.0706822
0.0599048
0.0539796
0.0531104
0.0529488
0.048987
0.0456049
0.0412837
0.0331924
0.0273521
0.0245826
0.022479
0.0183082
0.0140661
0.0126008
0.00902243
0.00430399
0.00382523
0.00540788
0.00578797
0.00620969
0.00619081
0.00525509
0.00382767
0.00302446
0.00303809
-0.000226967
-0.00616211
-0.0127191
-0.0190589
-0.0210861
-0.0149611
-0.00165521
0.0094933
0.0124353
0.0102677
0.00271642
-0.00949914
-0.0181859
-0.0203807
-0.0149615
-4.9964e-05
0.0180429
0.0348581
0.0473369
0.0477716
0.0363022
0.0208321
0.00587063
-0.00519851
-0.0100316
-0.0104424
-0.00801094
-0.00447038
-0.00226586
-0.00212192
-0.00474392
-0.00964052
-0.0125713
-0.014348
-0.0172753
-0.018177
-0.019307
-0.0213685
-0.0203549
-0.0156339
-0.00695165
0.00293647
0.0102661
0.0141974
0.0123744
0.00371822
-0.00558417
-0.0109504
-0.0151065
-0.0178098
-0.0145151
-0.00359345
0.0126083
0.0290794
0.0434811
0.0545447
0.0590648
0.0584517
0.0522828
0.0444226
0.043097
0.0470721
0.0561849
0.0661906
0.0729703
0.0787222
0.0780103
0.0719295
0.0682265
0.0661104
0.0643963
0.0611117
0.0525159
0.0403859
0.0244787
0.00814672
0.00130922
0.00535013
0.016397
0.0294099
0.0388031
0.0410248
0.0341804
0.0210336
0.00684392
-0.00397634
-0.00721751
-0.000888309
0.0127965
0.0268604
0.0365623
0.0426928
0.042899
0.0378256
0.0288224
0.0154509
0.00269936
-0.00891803
-0.0185093
-0.0245471
-0.028376
-0.0277588
-0.0242028
-0.0212074
-0.0188591
-0.0167752
-0.0159864
-0.0185484
-0.023696
-0.0262571
-0.0244126
-0.0198244
-0.0123608
-0.00388634
0.00347311
0.00793505
0.00961594
0.0101039
0.00737332
-0.000115938
-0.0105406
-0.0189808
-0.0220074
-0.0188033
-0.0103841
0.00110707
0.0164222
0.0305423
0.0370752
0.0372672
0.0316262
0.0201374
0.00350976
-0.01494
-0.0296009
-0.0383603
-0.0412246
-0.0395881
-0.0344501
-0.0268069
-0.0196912
-0.0150173
-0.0131973
-0.0157243
-0.0231646
-0.0327558
-0.0389931
-0.0381572
-0.0304093
-0.0148626
0.00364887
0.0164066
0.0212492
0.0178047
0.00631947
-0.0104822
-0.0265402
-0.0372432
-0.0419898
-0.0402032
-0.0340829
-0.0268178
-0.0201819
-0.0173339
-0.0208444
-0.0302224
-0.0424895
-0.0525508
-0.0608715
-0.0701069
-0.0742317
-0.0692241
-0.0574716
-0.0426339
-0.0279985
-0.0158731
-0.00974544
-0.0111025
-0.0177159
-0.0236783
-0.0254422
-0.0253782
-0.0246705
-0.0221711
-0.0164872
-0.0113572
-0.0115879
-0.0133537
-0.0137435
-0.0150338
-0.0162636
-0.0153336
-0.0146144
-0.0181459
-0.0270862
-0.0386873
-0.0496314
-0.0585324
-0.0624122
-0.0583131
-0.048482
-0.0377651
-0.0303864
-0.0312955
-0.0401686
-0.0522745
-0.0689525
-0.0867536
-0.0973139
-0.0999102
-0.0945556
-0.0827357
-0.0671939
-0.0483672
-0.0317081
-0.022776
-0.0196212
-0.0213942
-0.0294953
-0.0367887
-0.0366764
-0.033274
-0.0271294
-0.0139409
0.00216693
0.0146433
0.0203309
0.018525
0.0108383
-0.00522096
-0.0243996
-0.0349013
-0.0389165
-0.0391963
-0.0346957
-0.0304071
-0.0285569
-0.0310962
-0.0399172
-0.0513762
-0.0628794
-0.0696598
-0.0663343
-0.0587027
-0.0548025
-0.0542623
-0.0552435
-0.0566295
-0.0561753
-0.0515936
-0.0391315
-0.0215443
-0.00744701
-0.000532202
-0.00152278
-0.00802331
-0.0186999
-0.0320496
-0.0395807
-0.0377408
-0.0297287
-0.0188838
-0.0101331
-0.00605773
-0.00602701
-0.00847565
-0.00952529
-0.00665235
-0.00065784
0.0086957
0.020669
0.0293193
0.030497
0.0296252
0.0320914
0.0342363
0.0346669
0.0379255
0.0429124
0.0439265
0.0377947
0.0276736
0.0201596
0.0145516
0.0115762
0.0203278
0.039645
0.0573637
0.0684364
0.0781134
0.0874012
0.0872022
0.077666
0.0672104
0.0587699
0.0568055
0.0583391
0.055912
0.0517115
0.0443927
0.0329504
0.0173981
-0.00858728
-0.0376188
-0.0566904
-0.0685347
-0.0742404
-0.0687907
-0.0549646
-0.0396813
-0.0309185
-0.0344165
-0.0500647
-0.0719665
-0.087774
-0.088565
-0.0743434
-0.046959
-0.0102335
0.0247521
0.045339
0.0419899
0.017339
-0.00837818
-0.0196916
-0.0151628
0.00165198
0.0222479
0.0367041
0.0427087
0.0412999
0.0328939
0.0234305
0.0192926
0.021089
0.029846
0.046229
0.0572215
0.0554418
0.0490968
0.0393417
0.0340024
0.0389578
0.0430225
0.0493657
0.0646089
0.0715014
0.0576493
0.0349913
0.0161662
0.00283333
-0.00394748
0.000627056
0.0106976
0.0149981
0.013884
0.00223424
-0.0155567
-0.0195029
-0.0141128
-0.00299457
0.0210722
0.0441412
0.0573921
0.0620466
0.0540227
0.0349851
0.01233
-0.00348132
-0.00883222
-0.0043016
0.0117806
0.0345355
0.0575991
0.0723456
0.0680734
0.0430761
0.00784689
-0.0209423
-0.0323502
-0.0252537
-0.00462656
0.0176514
0.0302399
0.0360711
0.0357266
0.0237724
0.00872315
-0.00124573
-0.00485998
0.00188872
0.0166678
0.0307472
0.0419435
0.0501272
0.0508141
0.0499935
0.0545594
0.0610662
0.0740038
0.0864133
0.0830765
0.0708543
0.0557291
0.0428305
0.0383707
0.0369053
0.0398538
0.0485103
0.0546915
0.0537965
0.0488872
0.0419999
0.0292172
0.0119637
-0.00389152
-0.0140202
-0.0160451
-0.0134178
-0.00732413
0.00630765
0.0245155
0.0363059
0.0363954
0.0295581
0.0227618
0.0220161
0.0282951
0.0373191
0.0453661
0.0479655
0.0428798
0.0361744
0.0340967
0.0345891
0.0365709
0.0398413
0.0354618
0.0193826
-0.000438096
-0.016784
-0.0256952
-0.0282268
-0.0285044
-0.0232333
-0.0127584
-0.00502029
0.00388051
0.0163081
0.020838
0.0159109
0.0031083
-0.0186559
-0.0359617
-0.0401091
-0.0360651
-0.0251975
-0.00616285
0.0177562
0.0384824
0.0490215
0.0473506
0.0352205
0.0168146
-0.000412507
-0.00782669
-0.0022191
0.00965401
0.0207597
0.0282972
0.0276913
0.0218769
0.0151455
0.00558303
-0.00148175
0.000550521
0.00581568
0.00629604
0.000730846
-0.00925275
-0.0178412
-0.0229933
-0.0252467
-0.0263063
-0.0308388
-0.0372347
-0.0430659
-0.0428364
-0.0370195
-0.0313507
-0.021669
-0.00918673
0.00128257
0.0055868
-0.00041445
-0.00722005
-0.00294556
0.00969387
0.0283705
0.0521667
0.071275
0.0793591
0.071854
0.0512665
0.0306149
0.0172586
0.0171478
0.031646
0.0506744
0.0654644
0.0742396
0.0764991
0.0660282
0.0426991
0.0193097
-7.02436e-05
-0.0163161
-0.0255884
-0.0280589
-0.0251586
-0.0183587
-0.0123815
-0.0125124
-0.0177728
-0.0272652
-0.0385486
-0.0458573
-0.0518639
-0.0577894
-0.062541
-0.0664362
-0.067274
-0.0645935
-0.0589019
-0.0551531
-0.0559695
-0.0539344
-0.049532
-0.0490593
-0.0530062
-0.0638958
-0.0763525
-0.0847161
-0.092352
-0.0927844
-0.0809026
-0.0589867
-0.0307708
-0.00888673
-0.00385887
-0.0181818
-0.0508122
-0.0899747
-0.118677
-0.124131
-0.102286
-0.0645293
-0.0260629
-0.00336914
-0.00900499
-0.0357581
-0.072475
-0.108268
-0.128843
-0.126916
-0.0992016
-0.0526152
-0.00212619
0.0402765
0.0610618
0.0576815
0.0412319
0.0218651
0.0110838
0.0178683
0.0339697
0.0432914
0.0394464
0.0139832
-0.0325557
-0.0802882
-0.111729
-0.111692
-0.0767011
-0.0162756
0.0476976
0.0850071
0.0878318
0.05371
-0.0119415
-0.0830909
-0.142355
-0.171674
-0.166899
-0.146968
-0.115497
-0.0879753
-0.0835939
-0.0921417
-0.116486
-0.150613
-0.174978
-0.191541
-0.197219
-0.19023
-0.17604
-0.156538
-0.131689
-0.10836
-0.0859755
-0.0587126
-0.0405222
-0.0265892
-0.0221711
-0.031839
-0.0384321
-0.053853
-0.0644931
-0.0678472
-0.0736822
-0.0598549
-0.0397785
-0.019165
0.00103809
0.00631657
0.00749217
0.00604394
0.00784729
0.018757
0.0272155
0.0374327
0.0512973
0.0623995
0.0703906
0.070172
0.0602931
0.0484907
0.0407109
0.039324
0.0452788
0.0581614
0.0732263
0.0759637
0.0654202
0.058401
0.0548155
0.0505988
0.0512889
0.0604478
0.0782024
0.0962126
0.106551
0.106492
0.0921049
0.067894
0.041675
0.0141455
-0.00272919
-4.81451e-05
0.0178644
0.0452466
0.070406
0.0916152
0.101287
0.0916744
0.0757505
0.0574903
0.0419869
0.0378139
0.0404072
0.0491133
0.0592126
0.0570528
0.0452105
0.0274922
0.00901368
0.00336811
0.00480904
0.0114554
0.0212276
0.0268047
0.0310475
0.0216879
0.00282863
-0.0128341
-0.0288141
-0.033889
-0.0271677
-0.0183796
-0.00949287
-0.0037047
0.00428677
0.0100493
0.00221987
-0.011067
-0.0197208
-0.0205297
-0.0162955
-0.0128359
-0.0046532
0.00392321
-0.00580297
-0.0233209
-0.0305893
-0.0345876
-0.0217403
0.0214565
0.0617927
0.0713769
0.0533629
0.0088887
-0.0543585
-0.103217
-0.1062
-0.0595317
0.00948545
0.0618733
0.0791511
0.0632447
0.0253693
-0.0103187
-0.0234454
-0.0222384
-0.0156033
0.00315824
0.0213607
0.0222746
0.0140986
0.0152711
0.0380428
0.0668645
0.0744311
0.0627361
0.0473116
0.0284893
0.0046128
-0.0162922
-0.0305289
-0.0306313
-0.0140951
0.00820549
0.0340349
0.0539331
0.0598892
0.0537599
0.0353054
0.0120784
-0.0030303
0.00229812
0.0237621
0.0551112
0.0919829
0.112124
0.107335
0.0924492
0.0816385
0.0776939
0.0789512
0.0886168
0.097515
0.0939424
0.0812117
0.0613823
0.0447845
0.045632
0.0580401
0.0677888
0.0620652
0.0444774
0.0289601
0.0162947
0.0142276
0.0245738
0.0302121
0.027823
0.0196771
0.00547595
-0.00787861
-0.0141109
-0.0085394
0.0163824
0.0528627
0.0724529
0.071232
0.0646264
0.0515099
0.0292073
0.00194285
-0.0179112
-0.0187173
0.00220853
0.0401506
0.0749097
0.0926568
0.0949307
0.0817156
0.0530958
0.0142552
-0.0179978
-0.024187
-0.00755011
0.0150354
0.0398337
0.0632721
0.072699
0.0627098
0.0399732
0.0177336
0.00763338
0.0129802
0.0243674
0.0347072
0.0417744
0.0428895
0.0413624
0.033644
0.0156148
-0.00856498
-0.0252246
-0.0224154
-0.00862885
0.00898433
0.0201512
0.0179671
0.0187701
0.0192272
0.00784402
-0.0057273
-0.0212046
-0.0362487
-0.0435391
-0.0436191
-0.0300195
-0.00766027
0.0143479
0.0276119
0.014057
-0.0174172
-0.044924
-0.0597682
-0.0589797
-0.0531674
-0.0486421
-0.0408449
-0.0317319
-0.0243189
-0.0243596
-0.0321246
-0.0360209
-0.0397088
-0.0465519
-0.0469814
-0.0418831
-0.0282333
-0.00510386
0.0127439
0.0177911
0.00871151
-0.0130483
-0.0329635
-0.044116
-0.0489543
-0.0396535
-0.0211175
-0.00989889
-0.0113141
-0.0218177
-0.0343717
-0.042293
-0.0356632
-0.0135136
0.00909934
0.0190204
0.0144334
-0.00353655
-0.0298033
-0.0543337
-0.0679053
-0.0563184
-0.0165666
0.0387915
0.0904358
0.109917
0.084364
0.033187
-0.0251144
-0.0726261
-0.0800957
-0.0523996
0.00401148
0.0797496
0.131688
0.143332
0.101827
0.0101548
-0.0906619
-0.16866
-0.193068
-0.161932
-0.104184
-0.0436225
0.00439226
0.0373251
0.054067
0.0589733
0.0566346
0.0430301
0.0207515
-0.00140333
-0.0211906
-0.0480753
-0.0791927
-0.106902
-0.130008
-0.131526
-0.102096
-0.050414
0.0103873
0.0609801
0.0773357
0.0448665
-0.0290266
-0.123746
-0.209481
-0.255998
-0.237383
-0.142338
0.0108565
0.171484
0.284997
0.332491
0.304341
0.202002
0.0495143
-0.113379
-0.230771
-0.270097
-0.22775
-0.120241
0.0188478
0.141392
0.205899
0.199449
0.125472
0.0196137
-0.0680228
-0.0928344
-0.043427
0.0234626
0.0823247
0.111822
0.0480325
-0.0635815
-0.172284
-0.274047
-0.290286
-0.214585
-0.091409
0.068402
0.173753
0.201613
0.18121
0.0610911
-0.0895491
-0.212116
-0.272835
-0.245013
-0.217959
-0.134486
-0.0145641
0.0579098
0.113747
0.109209
0.0785535
0.0720353
0.0840569
0.0860321
0.0495519
0.03254
0.042444
0.0256407
-0.00681183
-0.0134848
-0.00819893
0.00211968
0.0087916
-0.00114054
0.00696146
0.00941908
-0.00992841
-0.0117199
-0.0175891
-0.0450546
-0.0673806
-0.0785333
-0.0771512
-0.0672699
-0.063098
-0.047937
-0.011899
0.0202148
0.0546251
0.0718956
0.0379767
0.0016041
-0.0411104
-0.0902825
-0.102601
-0.111602
-0.0986899
-0.0729697
-0.074678
-0.0621818
-0.0506282
-0.0424969
-0.0103739
0.0326106
0.088689
0.126521
0.119953
0.0987179
0.0615156
-0.00134418
-0.0603017
-0.0976676
-0.108587
-0.0734698
0.00273387
0.0807309
0.121526
0.121891
0.121418
0.110464
0.0762098
0.0501845
0.0341873
0.0463913
0.0822237
0.116062
0.128495
0.0923785
0.035393
-0.0193117
-0.0636049
-0.0833776
-0.0778512
-0.0552943
-0.0275586
0.00294888
0.0187985
0.0113156
-0.017318
-0.0536726
-0.0703436
-0.0644784
-0.0428196
-0.00749555
0.0438688
0.0959564
0.128436
0.1388
0.120829
0.0845184
0.0479573
0.0190416
0.00078132
-0.0114673
-0.0118894
0.000506062
0.0123124
0.0157112
0.00638756
-0.0158793
-0.0413055
-0.0614
-0.0791373
-0.0807531
-0.0596557
-0.0252173
0.0311155
0.0837659
0.104191
0.0993274
0.075715
0.0374051
-0.0102285
-0.0417418
-0.0515085
-0.0480948
-0.0265167
0.0106859
0.0568846
0.0815656
0.072988
0.0494623
0.0135253
-0.029911
-0.0600923
-0.071008
-0.0713084
-0.0455086
0.00733851
0.0645001
0.107988
0.129386
0.133843
0.109472
0.0650917
0.0341674
0.0186902
0.013238
0.0173403
0.0142661
0.000168119
-0.0185665
-0.0484788
-0.067228
-0.0700419
-0.0665721
-0.0440921
-0.0252676
-0.00716487
0.00728071
-0.0102274
-0.0268971
-0.0429089
-0.0670195
-0.0619624
-0.0418297
-0.0210258
0.00504346
0.0207626
0.0391356
0.0524085
0.0396511
0.018468
-0.0147709
-0.0486399
-0.0524308
-0.0438059
-0.0274048
0.000329029
0.0178483
0.0298195
0.0352901
0.0296442
0.0219989
0.00534434
-0.0197607
-0.0395084
-0.0458127
-0.0485598
-0.0499768
-0.0382336
-0.0170431
0.00110254
0.00989465
0.0115316
0.00144904
-0.0220266
-0.0480098
-0.0639061
-0.0630796
-0.0493432
-0.0177967
0.0278741
0.0622182
0.077084
0.0732063
0.0493037
0.0173161
-0.00644916
-0.0173414
-0.0185702
-0.00377883
0.0153743
0.0263558
0.0239295
0.00153474
-0.0165053
-0.0311604
-0.0397883
-0.0281184
-0.0192012
-0.0111816
-0.00576487
-0.00708816
-0.00503756
-0.0133882
-0.0246992
-0.0257986
-0.0264626
-0.0231084
-0.0119775
-0.00352432
0.00396944
0.00984316
0.00640459
0.00427531
-0.000315182
-0.0125995
-0.0177753
-0.0141976
-0.00133894
0.0150984
0.0262808
0.0372315
0.0455654
0.0436034
0.0335939
0.0222819
0.00839279
-0.00609129
-0.0158329
-0.0198417
-0.0181707
-0.00970578
0.00635564
0.0153683
0.0104388
-0.000616836
-0.0182023
-0.0427881
-0.0649487
-0.0717963
-0.0680053
-0.059217
-0.0414349
-0.0210697
-0.00662434
-0.00233739
-0.00755499
-0.024626
-0.0517398
-0.074595
-0.0892811
-0.095876
-0.091357
-0.0738357
-0.0474578
-0.0245331
-0.00947265
-0.00333864
-0.00295385
-0.00801948
-0.0227241
-0.0399983
-0.0512897
-0.0501119
-0.0401514
-0.0275992
-0.0128769
-0.00240382
0.00121288
-0.000390847
-0.00873349
-0.0214925
-0.0331642
-0.0392624
-0.0326403
-0.0181441
-0.00510771
0.00822852
0.0164508
0.0210729
0.0301862
0.0386247
0.0456656
0.05286
0.0555743
0.0541368
0.0491071
0.0430268
0.0405852
0.0366265
0.0317254
0.0298177
0.0279203
0.0273805
0.0259298
0.0250334
0.0309666
0.0404747
0.0486832
0.0511652
0.0483438
0.0447633
0.040877
0.0360613
0.0309471
0.0293619
0.0328179
0.0358821
0.036433
0.0377233
0.0357351
0.0281527
0.0189841
0.0081458
0.000169865
-0.00270316
0.000461276
0.0123221
0.0271518
0.040515
0.0453369
0.0369303
0.0215198
0.00644835
-0.00478796
-0.0120182
-0.0125145
-0.00512155
0.00816214
0.0235617
0.0372242
0.0450643
0.0418993
0.0308315
0.017625
0.00583556
-0.00280048
-0.00783713
-0.00755536
-0.00434929
-0.000549846
0.00295842
0.00529326
0.00565189
0.00271139
-0.00169061
-0.00646308
-0.0101591
-0.0112293
-0.0113582
-0.00828429
0.000126534
0.0075183
0.0081264
0.00176201
-0.00919939
-0.0196761
-0.0259824
-0.0248156
-0.0141043
0.00234839
0.0163357
0.0201618
0.0136616
-0.000732232
-0.0189926
-0.0338734
-0.0398947
-0.0321852
-0.0143337
0.00521456
0.0234002
0.0352132
0.0355926
0.0234614
0.0039518
-0.0139617
-0.02651
-0.0288251
-0.0179638
0.000586485
0.0180817
0.025655
0.0208856
0.00556342
-0.0158385
-0.0372222
-0.0533294
-0.0562014
-0.044426
-0.0249147
-0.004973
0.00888066
0.0129281
0.00544041
-0.0117572
-0.0281346
-0.0330239
-0.0269642
-0.0138566
0.00383508
0.0202065
0.0274189
0.0212074
0.00586987
-0.0122145
-0.0282576
-0.0334957
-0.0240406
-0.00722013
0.00790166
0.0157064
0.0131259
-0.000200775
-0.0192445
-0.0351921
-0.0423955
-0.0392235
-0.0267233
-0.0102065
0.00173485
0.00254258
-0.00751448
-0.0237002
-0.039936
-0.0499338
-0.0505568
-0.0424824
-0.0302751
-0.0192046
-0.0120961
-0.0131175
-0.0220747
-0.0296241
-0.0300259
-0.0254287
-0.0171778
-0.00549573
0.0076308
0.0164868
0.0156579
0.00773473
-0.00295711
-0.0131033
-0.0167957
-0.0103837
0.0030306
0.0150216
0.0181273
0.00918904
-0.0106641
-0.0357706
-0.0562435
-0.0630933
-0.0550576
-0.0376125
-0.0180063
-0.00108966
0.00919766
0.0101647
0.003852
-0.00526549
-0.0119762
-0.0128487
-0.00667861
0.00521459
0.0177344
0.0276467
0.030459
0.0221548
0.00897191
-0.00274239
-0.0114467
-0.0142415
-0.00883181
0.000461889
0.00451182
0.00238017
-0.00294416
-0.0104551
-0.0156616
-0.0154904
-0.00890777
0.00233112
0.0128027
0.0183528
0.0158752
0.00550721
-0.00726908
-0.0177506
-0.0233431
-0.0194286
-0.00659352
0.00966088
0.0229796
0.0265531
0.0202615
0.00594288
-0.0109909
-0.0232142
-0.0279379
-0.022794
-0.0121841
-0.00243972
0.0034146
0.0030655
-0.00145299
-0.00561716
-0.00640178
-0.00304998
0.0031297
0.00749276
0.00916896
0.00751136
-0.000418725
-0.00961757
-0.0159013
-0.0164361
-0.00854539
0.00414957
0.019001
0.032548
0.0401465
0.0411633
0.035833
0.0270007
0.01822
0.0110521
0.0094666
0.0136163
0.0193389
0.0243027
0.0246946
0.0197773
0.0133612
0.00746566
0.00363208
0.00171364
-0.000653813
-0.00511405
-0.0125367
-0.020602
-0.025309
-0.0244067
-0.0180748
-0.00969353
-0.00188491
0.00467606
0.00856601
0.00809391
0.00259757
-0.00497061
-0.0100135
-0.0118615
-0.0104908
-0.00580047
-0.000468272
0.00362004
0.00547261
0.00631329
0.0080328
0.010102
0.0133224
0.017435
0.0205963
0.0216639
0.018914
0.0122741
0.00488436
-0.000129586
-0.00175283
-8.71112e-06
0.00334185
0.00549478
0.00273415
-0.00620388
-0.0158585
-0.0213484
-0.0211963
-0.015813
-0.00841437
-0.00121381
0.00593239
0.0127195
0.0162335
0.0153587
0.0132027
0.0116006
0.0110047
0.0131549
0.0188496
0.0255627
0.0302595
0.0318297
0.0310257
0.0283481
0.0228138
0.0161835
0.01145
0.0111103
0.016209
0.0238422
0.0310051
0.0347818
0.0337904
0.0294639
0.0231535
0.0169395
0.0120321
0.0076197
0.00353531
0.000329316
-0.00170497
-0.00241619
-0.00355807
-0.00560641
-0.00696919
-0.0080774
-0.00837067
-0.00790586
-0.00736412
-0.00636594
-0.00682948
-0.00854446
-0.00895994
-0.00816475
-0.0072476
-0.0047723
0.00115077
0.00771765
0.0109159
0.0108693
0.00926593
0.00588873
0.00242074
0.00342065
0.00838309
0.0136234
0.0167358
0.0164438
0.0149643
0.013829
0.013274
0.0146016
0.0177721
0.0224874
0.0280963
0.0316202
0.0300185
0.0247591
0.0186767
0.0117793
0.00612738
0.00499509
0.00798893
0.0128671
0.0168043
0.0182387
0.0179225
0.0158727
0.0120862
0.00767561
0.00357779
0.000255122
-0.0018153
-0.00191696
-0.00035933
0.000649966
-0.000723092
-0.00404101
-0.00920143
-0.0153544
-0.020633
-0.0256287
-0.0298619
-0.0310427
-0.0295113
-0.0284227
-0.0295081
-0.0319912
-0.0362077
-0.0413631
-0.044171
-0.0428856
-0.038028
-0.0311557
-0.0234041
-0.0156818
-0.00894847
-0.00343589
0.000280515
0.00233818
0.00379924
0.00586763
0.00985984
0.015572
0.0221488
0.0278828
0.0318627
0.0350978
0.0369888
0.0377165
0.0391594
0.0427669
0.0491915
0.0572312
0.0652554
0.0719026
0.0758874
0.0770185
0.0762393
0.0746563
0.0739991
0.0756604
0.0779621
0.0791844
0.0788602
0.0757071
0.0703795
0.0649944
0.0601766
0.0558239
0.051798
0.0481311
0.0449639
0.0417765
0.0381415
0.0356803
0.0348296
0.0325835
0.0285065
0.0246143
0.0216582
0.0199634
0.0190564
0.0192001
0.0212927
0.0245249
0.0264038
0.025499
0.0230101
0.0191828
0.0152402
0.0139402
0.0154787
0.0191447
0.0234873
0.027088
0.0298162
0.0307859
0.0290126
0.0258246
0.0239812
0.0241053
0.0245271
0.0250937
0.0266313
0.0269683
0.0251517
0.0236757
0.0235435
0.0238492
0.0225015
0.0184449
0.0131982
0.00838421
0.00415646
0.000370574
-0.00171286
-0.00186656
-0.00210971
-0.00443377
-0.00906157
-0.0150364
-0.021862
-0.027996
-0.0306965
-0.0291592
-0.0250276
-0.0201971
-0.0169228
-0.0174299
-0.0218132
-0.0284638
-0.0353978
-0.0421811
-0.0474506
-0.0477311
-0.043503
-0.0387826
-0.0370151
-0.0391771
-0.0437466
-0.0510081
-0.0614753
-0.0711586
-0.077437
-0.0815417
-0.0822067
-0.0793615
-0.0757061
-0.0705897
-0.0643325
-0.0596282
-0.0565435
-0.0557321
-0.0574876
-0.0580589
-0.0559459
-0.0509432
-0.0417332
-0.03216
-0.0251232
-0.0198289
-0.0189787
-0.0228889
-0.0275296
-0.0304639
-0.0295746
-0.0251151
-0.0214139
-0.0196179
-0.0178218
-0.0185104
-0.0235864
-0.0281285
-0.0288606
-0.0276958
-0.0244758
-0.0185989
-0.0125248
-0.00900636
-0.0104766
-0.0153731
-0.0207206
-0.0267777
-0.0303596
-0.0281565
-0.0227329
-0.0172043
-0.013406
-0.013889
-0.0194692
-0.0274285
-0.034946
-0.0399939
-0.0420441
-0.0425671
-0.0422312
-0.0422094
-0.0451683
-0.0515349
-0.0584058
-0.0636331
-0.0670764
-0.0684804
-0.068624
-0.0692801
-0.0708504
-0.0733001
-0.0770706
-0.0807101
-0.0813955
-0.0768936
-0.06557
-0.0502306
-0.0365408
-0.026692
-0.0225069
-0.0245781
-0.0280394
-0.0292989
-0.0272722
-0.0188957
-0.00621033
0.00445815
0.0121128
0.0158565
0.01417
0.010969
0.00864033
0.0074133
0.00978742
0.0139804
0.0172294
0.0201857
0.0213448
0.0209415
0.0214423
0.0223162
0.0222169
0.0232571
0.0269468
0.0291311
0.0290557
0.0288649
0.0265474
0.0233639
0.0224167
0.0218569
0.0211442
0.021312
0.0202429
0.0186763
0.0182413
0.0178251
0.0186895
0.0195998
0.0165204
0.0093752
-0.000280333
-0.00980483
-0.0153299
-0.0157139
-0.0120019
-0.00603543
-0.000838342
0.00208779
0.0019005
-0.00371844
-0.0143678
-0.0259614
-0.0336598
-0.035027
-0.0310874
-0.0226601
-0.0118899
-0.00388423
-0.00152639
-0.00384737
-0.00905451
-0.0156041
-0.0202655
-0.0197528
-0.014452
-0.00662375
-0.000243576
-9.39678e-05
-0.00531232
-0.0118034
-0.0165877
-0.0170075
-0.0129088
-0.00692546
-0.00236185
-0.000101884
-0.000271764
-0.00412671
-0.00858864
-0.0090924
-0.00639382
-0.00333274
-0.00141657
-0.00217778
-0.00513689
-0.00817933
-0.0110545
-0.0129018
-0.0135419
-0.013956
-0.0127004
-0.0110423
-0.012143
-0.0133565
-0.0111212
-0.00716383
-0.004299
-0.00373571
-0.00596959
-0.008746
-0.00971456
-0.00880785
-0.00449599
0.00278373
0.00909933
0.0128796
0.0141985
0.0128339
0.00993571
0.00669983
0.00399557
0.00302476
0.0026669
0.00275754
0.00632719
0.0119199
0.0149762
0.0149564
0.0120422
0.00719148
0.00331638
0.000144661
-0.001677
0.000918307
0.00666548
0.0122925
0.0152771
0.0143064
0.0127778
0.0137835
0.0163733
0.0188634
0.0179498
0.0149796
0.0147289
0.0163151
0.0195965
0.0233665
0.0221141
0.0147728
0.00450163
-0.00461168
-0.00732141
-0.00165791
0.00882777
0.0201417
0.0268609
0.0242482
0.0141485
0.00188686
-0.00548091
-0.00643994
-0.00366884
0.00441112
0.0151779
0.0233244
0.0258832
0.0208794
0.0128029
0.00603053
0.000921334
0.00249019
0.0118285
0.0221627
0.0303909
0.0339296
0.0325762
0.0291151
0.0235183
0.0204452
0.0226075
0.027506
0.03299
0.0360292
0.0376895
0.0387953
0.0366194
0.0301731
0.0228978
0.0197114
0.0192539
0.0181945
0.0177359
0.0173894
0.0155413
0.0144357
0.0124796
0.00768986
0.00425581
0.00427937
0.00741057
0.0126857
0.0176581
0.0211521
0.0235502
0.0228098
0.0178164
0.0133891
0.0105166
0.00643491
0.00335986
0.00285465
0.00242862
0.00110981
0.000272356
-0.000699553
-0.00311949
-0.0046868
-0.00426997
-0.00455429
-0.00488597
-0.0041212
-0.00381524
-0.00366738
-0.00346456
-0.000972913
0.00650193
0.0166451
0.0278924
0.0392366
0.045984
0.0437305
0.0340228
0.0238564
0.0171404
0.0157927
0.0213472
0.0280867
0.0296787
0.0247908
0.0175433
0.0134103
0.0134087
0.0196982
0.030851
0.0410431
0.0473879
0.0480051
0.0429956
0.0360157
0.0306812
0.0293454
0.0338317
0.0412805
0.0499391
0.0605924
0.068656
0.0700017
0.0632193
0.0488326
0.0326728
0.0209783
0.0157983
0.0197831
0.0315437
0.0436146
0.0520527
0.052558
0.0436648
0.0325679
0.0260201
0.0275616
0.0365217
0.0459747
0.0500445
0.0481499
0.0410719
0.031536
0.0255264
0.027747
0.0373454
0.0499997
0.0593174
0.0592626
0.0518654
0.0416138
0.0314604
0.0262712
0.0252727
0.0260517
0.0290476
0.0332792
0.0383533
0.039953
0.0357865
0.0309598
0.0271782
0.0233714
0.0201347
0.0177891
0.0159765
0.0138842
0.0116772
0.0117827
0.0125072
0.0120384
0.012465
0.0120357
0.0103046
0.00697976
0.00262524
7.50625e-05
-0.00223807
-0.00397822
-0.00517935
-0.00767565
-0.0110044
-0.0161125
-0.0218659
-0.0222391
-0.0161338
-0.00914395
-0.00379892
-0.00228571
-0.00656534
-0.0136583
-0.0186793
-0.0164674
-0.00742431
0.0032668
0.0122166
0.0154986
0.0124515
0.00657376
-0.000255381
-0.00661119
-0.0126465
-0.0164636
-0.0147966
-0.0114691
-0.0105986
-0.010966
-0.0117029
-0.0155703
-0.0240896
-0.0339699
-0.0428678
-0.0503465
-0.0561568
-0.060232
-0.0597752
-0.0548146
-0.0504531
-0.0471128
-0.0429867
-0.0402036
-0.0396977
-0.0419913
-0.0484217
-0.0566543
-0.0635431
-0.0667041
-0.0642912
-0.0580724
-0.0509192
-0.0445397
-0.040554
-0.0387569
-0.0359932
-0.0298594
-0.0209905
-0.0128347
-0.00969315
-0.0120286
-0.0181129
-0.0249101
-0.0286351
-0.0285689
-0.0257068
-0.022441
-0.0202303
-0.0210027
-0.026049
-0.0297848
-0.0298514
-0.0300628
-0.0312143
-0.0318941
-0.033159
-0.0375682
-0.0438048
-0.0480606
-0.0493049
-0.0489344
-0.0478009
-0.0470448
-0.0469686
-0.0461548
-0.0458313
-0.0474623
-0.0504733
-0.0545541
-0.0595361
-0.0634154
-0.0641751
-0.0629238
-0.0604669
-0.0582588
-0.058601
-0.0620991
-0.0686067
-0.0739408
-0.0726981
-0.0661579
-0.0587771
-0.0521835
-0.0496894
-0.0534761
-0.0601483
-0.0675364
-0.0709726
-0.0649819
-0.0529229
-0.0413913
-0.0355572
-0.037884
-0.0447801
-0.050352
-0.0511876
-0.0454344
-0.0335014
-0.018643
-0.00540242
0.000447116
-0.00198958
-0.00811528
-0.0153538
-0.0200183
-0.017333
-0.00893625
0.00060377
0.00910994
0.0144708
0.0170988
0.0189906
0.0179033
0.0133476
0.00837136
0.00472401
0.00529709
0.0114219
0.0182653
0.022319
0.0234777
0.0212768
0.0165141
0.00919262
0.000834566
-0.00723402
-0.0151617
-0.0189183
-0.0161528
-0.00718166
0.00618021
0.0180153
0.0235828
0.0225289
0.0141287
2.27978e-05
-0.0118255
-0.0176216
-0.0154912
-0.00434494
0.00938725
0.0203483
0.0252861
0.0239077
0.020563
0.0182229
0.0185524
0.0208934
0.0227217
0.0215013
0.0177135
0.0157347
0.0174209
0.0226098
0.0294341
0.0341722
0.0372375
0.0402265
0.0410145
0.0404069
0.0401047
0.0361594
0.0299137
0.0255367
0.0212336
0.0185006
0.020892
0.0283388
0.0391908
0.0494664
0.0541229
0.0516848
0.0432532
0.0324084
0.0240656
0.0192942
0.0184613
0.0197783
0.0212044
0.0246327
0.0294212
0.0347611
0.0410884
0.0465376
0.0469327
0.0394505
0.0275965
0.0169427
0.0098393
0.00674831
0.00747303
0.0110064
0.0166671
0.0217735
0.0237985
0.0229753
0.0177238
0.00882593
-0.00134976
-0.0111558
-0.0171198
-0.0201133
-0.0215416
-0.019576
-0.0149166
-0.0100745
-0.00735454
-0.00739362
-0.00833622
-0.0072145
-0.00533163
-0.00785138
-0.0125601
-0.0139247
-0.0116454
-0.00519119
0.00414362
0.0132128
0.0215361
0.0250335
0.023249
0.0204966
0.0184436
0.017148
0.0182247
0.0211705
0.0240207
0.0254168
0.0266747
0.0285225
0.0284302
0.026079
0.0228785
0.0182572
0.0133825
0.0102376
0.00767137
0.00556975
0.00521259
0.00623805
0.00821521
0.00937588
0.00688948
0.00141055
-0.00433567
-0.00938557
-0.0126948
-0.0123455
-0.00917617
-0.00646337
-0.00506137
-0.00491132
-0.00758787
-0.011202
-0.0125981
-0.0119991
-0.00945039
-0.00442109
0.00261106
0.00911337
0.01183
0.0105481
0.00763708
0.00519335
0.00363105
0.0039551
0.00685932
0.0107973
0.0138884
0.0145129
0.0127101
0.00824672
0.00133167
-0.00517238
-0.00984362
-0.0126902
-0.0141541
-0.0139543
-0.0114159
-0.00840908
-0.0059436
-0.00341109
-0.00260789
-0.004843
-0.00847288
-0.0121415
-0.0142419
-0.0142785
-0.0137409
-0.0115446
-0.00752676
-0.00526374
-0.00651222
-0.0112353
-0.0186536
-0.0269111
-0.0359782
-0.0435639
-0.0454438
-0.0426524
-0.0374769
-0.0309928
-0.0266804
-0.027545
-0.0342604
-0.0454457
-0.0549793
-0.0580668
-0.0556218
-0.0492043
-0.0421165
-0.037726
-0.0362637
-0.0384715
-0.0437258
-0.0470285
-0.0452795
-0.0398559
-0.0328442
-0.0281023
-0.027823
-0.0308013
-0.0373826
-0.0461079
-0.0518182
-0.050841
-0.0430905
-0.0302589
-0.0155172
-0.00299853
0.00462336
0.00601058
0.00165913
-0.00537007
-0.0109063
-0.0122744
-0.00927663
-0.00364137
0.00143286
0.00439103
0.0047704
0.00296809
0.00235177
0.00473649
0.00955252
0.0159276
0.0208138
0.0225348
0.0219762
0.0183133
0.0130176
0.00933898
0.00677795
0.00506177
0.00500284
0.00611047
0.00737773
0.00831586
0.00956096
0.0110579
0.0122265
0.0143847
0.0183225
0.0222247
0.0250211
0.0264437
0.0253667
0.0206829
0.0142691
0.0105133
0.0100676
0.0121922
0.0174641
0.0234091
0.026918
0.026771
0.0223369
0.0158187
0.0109065
0.00938591
0.0116061
0.0164296
0.021933
0.0259844
0.0274838
0.026464
0.0226772
0.0182087
0.016181
0.0163802
0.0185165
0.0229056
0.0255219
0.024141
0.020215
0.013448
0.00634826
0.00180271
-0.000107713
0.00146255
0.005293
0.00829558
0.0101371
0.0114543
0.0107627
0.00827134
0.00671091
0.00696022
0.00846909
0.0103091
0.0107234
0.00975529
0.00843854
0.00589296
0.00372269
0.00490771
0.00778218
0.0105846
0.0131235
0.0141923
0.0143843
0.0137445
0.0105857
0.00629705
0.00338389
0.00255313
0.00479078
0.0116869
0.0226795
0.0340579
0.042214
0.044979
0.0415017
0.0343452
0.026826
0.0206617
0.018612
0.0214709
0.0266583
0.0326804
0.0379955
0.040439
0.0402104
0.0379017
0.0331803
0.027476
0.0226667
0.0194954
0.0189118
0.0209611
0.0239321
0.0256948
0.0259431
0.0258608
0.0257292
0.0252352
0.0238023
0.0215092
0.0184015
0.0137347
0.00889623
0.00564727
0.0049409
0.00783413
0.0121688
0.014782
0.0149928
0.0114449
0.00396766
-0.00390008
-0.0100741
-0.0137705
-0.0144208
-0.0138707
-0.011989
-0.00791937
-0.00417676
-0.00175466
-0.00049851
-0.0022635
-0.00662013
-0.0103876
-0.0123064
-0.012157
-0.0100681
-0.00898788
-0.0104187
-0.0127297
-0.0160099
-0.0189344
-0.0174394
-0.0115179
-0.0043345
0.000748189
0.000539396
-0.00383375
-0.0100587
-0.0174695
-0.0228095
-0.0242464
-0.0231355
-0.0198506
-0.01474
-0.00960996
-0.00673165
-0.00644973
-0.00828761
-0.0126661
-0.0185658
-0.0239379
-0.0269909
-0.0263255
-0.0223009
-0.0160873
-0.00940924
-0.00481967
-0.00358185
-0.00566309
-0.00947694
-0.0125607
-0.0135569
-0.0116979
-0.00760878
-0.00322126
8.47536e-05
0.00160318
0.00116457
-0.000181991
-0.00110684
-0.000947824
0.000738266
0.00357452
0.00713649
0.0104503
0.0110774
0.00781188
0.00186661
-0.00425813
-0.00772743
-0.00654641
-0.001397
0.00463108
0.0079798
0.00620852
-0.000402002
-0.00932027
-0.0174374
-0.0217896
-0.0209696
-0.0161532
-0.0090976
-0.0020312
0.00131747
-0.00116705
-0.00795712
-0.0158
-0.0220114
-0.0249653
-0.0242371
-0.0204996
-0.0149253
-0.00964856
-0.00714067
-0.00801203
-0.0105418
-0.0128934
-0.013762
-0.0119873
-0.00823141
-0.00413071
-0.000643418
0.000969353
0.000356899
-0.00120891
-0.00299754
-0.00408735
-0.00331122
-0.00140422
0.000492912
0.00193982
0.00208807
0.000500026
-0.00213824
-0.00501427
-0.00731249
-0.00785249
-0.00605194
-0.00245655
0.00191389
0.00577949
0.00794941
0.00786062
0.00565333
0.0022794
-0.00162746
-0.00529516
-0.00675227
-0.00580865
-0.00372945
-0.000973146
0.00108665
0.00102633
-0.000859907
-0.0040493
-0.00802261
-0.0110767
-0.0120961
-0.0120459
-0.0117865
-0.0116007
-0.0119817
-0.0127033
-0.0132653
-0.0135297
-0.0131621
-0.0124687
-0.0122262
-0.012729
-0.0140572
-0.0151855
-0.0155826
-0.0158717
-0.0154334
-0.0141953
-0.0125793
-0.0103743
-0.00853373
-0.00787786
-0.00828192
-0.00947976
-0.0106118
-0.0110141
-0.010872
-0.0103738
-0.00953519
-0.00848742
-0.00749877
-0.00669775
-0.0054337
-0.00310546
-0.000405016
0.00135874
0.00167466
0.000883608
-0.000923023
-0.00324622
-0.00460238
-0.00392209
-0.000976639
0.00331423
0.00711387
0.0090716
0.00870777
0.00638751
0.00304346
9.86929e-05
-0.00128965
-0.000920796
0.00122519
0.00415171
0.00623222
0.00686965
0.00600933
0.00415456
0.00203586
0.000210837
-0.000429422
0.000205837
0.000988256
0.00117203
0.00077956
-8.56768e-05
-0.00135203
-0.00272497
-0.00385538
-0.00450802
-0.00439036
-0.00349439
-0.00208731
-0.000680181
4.20584e-05
3.3814e-05
-0.000442635
-0.00141258
-0.00256321
-0.00325338
-0.00331786
-0.00271189
-0.00133099
0.000260516
0.00128452
0.00165893
0.00137488
-5.03298e-05
-0.00226142
-0.00421346
-0.00527813
-0.00524896
-0.00455053
-0.00340444
-0.00183997
-0.00064925
-0.000504747
-0.00121783
-0.00237876
-0.00366105
-0.00445617
-0.00443998
-0.00380367
-0.00269232
-0.00137853
-0.000161031
0.000801842
0.00110465
0.000471166
-0.000778218
-0.00219074
-0.00319172
-0.00330488
-0.00265031
-0.00152932
-0.000309382
0.00051421
0.000581033
-5.40793e-05
-0.000945302
-0.00153072
-0.00153175
-0.00121165
-0.000744163
-0.000177867
0.000218263
0.000476589
0.000937883
0.00171183
0.00264667
0.00357519
0.00427967
0.00458143
0.00434702
0.00351712
0.00257065
0.00218034
0.00236628
0.00279384
0.00343854
0.00416705
0.00463212
0.0047136
0.00440746
0.00386115
0.0031927
0.00240962
0.00190202
0.00212174
0.00288146
0.00375219
0.00445166
0.00470718
0.00453435
0.00414945
0.00371237
0.00336007
0.00329078
0.00366996
0.00433419
0.00500002
0.00532198
0.00510274
0.00459074
0.00413633
0.00418967
0.0050641
0.00641454
0.00768798
0.00859444
0.0088702
0.00843828
0.00757877
0.00662939
0.00595043
0.00585684
0.00642225
0.00742808
0.00840987
0.00887164
0.00863204
0.00784895
0.00682926
0.00600024
0.00559685
0.00558072
0.00595741
0.00662967
0.00722027
0.00740466
0.00725194
0.00699359
0.00675659
0.00664623
0.00669873
0.00689347
0.00716727
0.00731257
0.00722409
0.00705354
0.00685695
0.00656559
0.00633661
0.00631449
0.00635004
0.00625817
0.00599651
0.00564122
0.00523944
0.00481568
0.00447569
0.00424374
0.00403589
0.00385426
0.00375922
0.00373674
0.00375296
0.00375889
0.00363476
0.00328648
0.00280088
0.00238696
0.0021799
0.00223736
0.00252078
0.00294739
0.00346694
0.00383012
0.0037693
0.00342874
0.00302402
0.00261095
0.0023167
0.00216962
0.00212774
0.00223629
0.00244283
0.00259503
0.00262225
0.00260556
0.00257239
0.00248286
0.00235714
0.00218817
0.0020068
0.00185881
0.00175619
0.00172011
0.00169428
0.00162774
0.00154206
0.00144356
0.00135981
0.00132267
0.00129716
0.00126138
0.00118724
0.00102708
0.000840656
0.000697198
0.000593199
0.000513736
0.000443483
0.000424111
0.000473632
0.000529242
0.000566969
0.000594154
0.000606035
0.000571982
0.000445984
0.000277378
0.000163774
0.000107359
8.8212e-05
0.000110727
0.000150068
0.00017831
0.000174994
0.000129038
4.52669e-05
-4.90251e-05
-0.000105835
-0.000105622
-7.3577e-05
-3.73365e-05
1.75977e-06
3.45561e-05
2.79289e-05
-3.31433e-05
-0.000129121
-0.000231086
-0.000315622
-0.000359872
-0.000350358
-0.000309326
-0.000282566
-0.000279886
-0.000292906
-0.000339378
-0.00042193
-0.00051472
-0.00059114
-0.00063316
-0.000642505
-0.000632189
-0.000606281
-0.000578684
-0.000570818
-0.000577742
-0.000592892
-0.000619519
-0.000641709
-0.000644946
-0.000637629
-0.000628887
-0.000621878
-0.000622219
-0.000627666
-0.000632297
-0.000633951
-0.000629281
-0.000620852
-0.000610881
-0.000599727
-0.000594653
-0.000600178
-0.000615389
-0.000634495
-0.000649486
-0.000658466
-0.000659993
-0.000654525
-0.000649662
-0.00064857
-0.000650361
-0.000657346
-0.000666903
-0.00067401
-0.000677763
-0.000676716
-0.000672853
-0.000672239
-0.000675734
-0.000681513
-0.000689585
-0.00069663
-0.000699479
-0.000699805
-0.000698424
-0.000696568
-0.00069705
-0.000699515
-0.000703244
-0.000708585
-0.000714526
-0.0007205
-0.000726157
-0.000730642
-0.000734461
-0.000738575
-0.000743268
-0.000748449
-0.00075402
-0.000760114
-0.000766365
-0.000772071
-0.000777297
-0.000782614
-0.000788196
-0.000794038
-0.000800098
-0.000806293
-0.000812808
-0.000819531
-0.000826074
-0.000832426
-0.000838641
-0.000844749
-0.000850979
-0.000857476
-0.000864176
-0.000870926
-0.000877576
-0.000884138
-0.000890721
-0.000897309
-0.000903865
-0.000910393
-0.000916897
-0.000923389
-0.000929863
-0.000936316
-0.00094276
-0.000949191
-0.000955605
-0.000961999
-0.000968367
-0.000974713
-0.000981039
-0.000987343
-0.000993628
-0.000999892
-0.00100614
-0.00101236
-0.00101856
-0.00102473
-0.00103088
-0.00103701
-0.00104311
-0.00104918
-0.00105522
-0.00106124
0
0
0
0
