-0.054462
-0.0546783
-0.055031
-0.0553615
-0.0549827
-0.0540971
-0.0527554
-0.0514852
-0.0503146
-0.0483293
-0.0445647
-0.0396622
-0.0354397
-0.0343977
-0.0379797
-0.0455548
-0.0532348
-0.0582211
-0.058807
-0.05498
-0.0544623
-0.0656829
-0.0918702
-0.130732
-0.172666
-0.205126
-0.220756
-0.217623
-0.200117
-0.17146
-0.130002
-0.0719423
0.00125793
0.0740025
0.145395
0.189024
0.202278
0.192821
0.160335
0.101915
0.02684
-0.0573296
-0.133335
-0.19076
-0.229242
-0.238179
-0.232979
-0.230386
-0.238372
-0.24202
-0.214447
-0.172237
-0.13029
-0.0982467
-0.077503
-0.0710744
-0.0496198
0.00751474
0.0918793
0.176807
0.236306
0.265161
0.267111
0.25601
0.224992
0.177142
0.123438
0.0762534
0.0338386
-0.0415924
-0.13699
-0.230733
-0.310366
-0.350362
-0.335245
-0.26082
-0.176199
-0.130881
-0.125071
-0.15583
-0.222565
-0.295021
-0.302727
-0.183141
0.0622358
0.341402
0.560452
0.632128
0.553088
0.374678
0.164992
-0.0243944
-0.163883
-0.255902
-0.334401
-0.429736
-0.557322
-0.683619
-0.770129
-0.803438
-0.774207
-0.668632
-0.496178
-0.276789
-0.036304
0.169569
0.283955
0.279508
0.144257
-0.0915325
-0.34919
-0.565784
-0.687491
-0.704418
-0.623379
-0.473747
-0.31039
-0.182214
-0.0866597
0.00701504
0.139786
0.327869
0.555763
0.76757
0.888583
0.860141
0.697093
0.47528
0.246553
0.0316913
-0.178668
-0.422491
-0.695028
-0.957753
-1.14089
-1.17228
-1.04382
-0.835801
-0.663686
-0.608487
-0.614142
-0.566988
-0.395571
-0.122652
0.182505
0.421715
0.551887
0.554527
0.444382
0.292736
0.164245
0.0571343
-0.0740842
-0.25818
-0.480067
-0.67664
-0.828834
-0.930029
-0.992408
-1.01615
-0.976987
-0.85904
-0.664064
-0.42009
-0.208376
-0.0789182
-0.0578068
-0.171087
-0.401107
-0.698542
-1.01477
-1.29757
-1.54106
-1.77825
-1.99337
-2.15948
-2.25942
-2.29418
-2.2429
-2.11547
-1.94012
-1.74291
-1.58513
-1.50208
-1.46874
-1.46407
-1.49902
-1.54571
-1.57592
-1.59609
-1.60411
-1.60698
-1.62058
-1.64466
-1.67814
-1.72144
-1.77654
-1.83932
-1.90862
-1.96451
-1.98386
-1.94633
-1.85343
-1.70552
-1.51642
-1.31455
-1.09321
-0.845522
-0.557752
-0.22979
0.104014
0.427441
0.764005
1.08026
1.37237
1.68533
2.02373
2.3578
2.68758
3.01549
3.30146
3.54932
3.7848
4.00581
4.19202
4.34666
4.45644
4.51125
4.50149
4.44199
4.38339
4.33896
4.31242
4.29718
4.31173
4.35499
4.40447
4.4742
4.55865
4.6211
4.65932
4.69851
4.73401
4.69213
4.58306
4.36831
4.0164
3.58975
3.16137
2.67508
2.13894
1.63786
1.22315
0.827619
0.442989
0.0962536
-0.19069
-0.363559
-0.433513
-0.422015
-0.301678
-0.0675151
0.275042
0.716162
1.18718
1.6108
1.96695
2.24889
2.52173
2.80756
3.07641
3.29509
3.48715
3.66385
3.88697
4.18428
4.54653
4.85497
5.05095
5.18171
5.25464
5.22306
5.09949
4.89737
4.64907
4.39814
4.16657
3.78158
3.29603
2.70182
2.06102
1.40491
0.693675
-0.0967349
-0.940445
-1.78563
-2.51011
-3.15958
-3.80232
-4.33717
-4.86557
-5.46251
-6.09572
-6.6018
-6.9015
-6.89628
-6.57421
-6.0761
-5.53509
-5.00302
-4.55584
-4.2451
-4.05431
-3.96768
-3.93776
-3.97145
-4.07414
-4.25232
-4.52138
-4.8552
-5.20575
-5.55031
-5.86454
-6.09183
-6.16324
-6.01383
-5.61312
-5.01131
-4.28379
-3.59315
-3.0473
-2.565
-2.0606
-1.53126
-0.977583
-0.405895
0.132692
0.556894
0.940819
1.28665
1.53402
1.7558
1.96624
2.11987
2.20294
2.16966
2.00449
1.75774
1.52193
1.39863
1.53573
1.83063
2.23496
2.73856
3.20914
3.66705
4.01781
4.21825
4.26201
4.15377
3.92737
3.62523
3.28019
2.88802
2.45387
2.01422
1.54761
1.07755
0.642901
0.234222
-0.198132
-0.586989
-0.933977
-1.26355
-1.57933
-1.92202
-2.19855
-2.32884
-2.35758
-2.3033
-2.17517
-1.98869
-1.68812
-1.23902
-0.723773
-0.232194
0.196493
0.511831
0.700206
0.785459
0.76797
0.638871
0.429012
0.203172
0.0418275
-0.00988245
0.000631477
-0.00424071
-0.0937989
-0.292324
-0.589554
-0.938891
-1.26799
-1.54252
-1.76809
-1.94072
-2.07231
-2.16393
-2.2551
-2.3805
-2.52333
-2.65776
-2.75385
-2.80317
-2.79783
-2.73339
-2.62514
-2.48797
-2.3568
-2.25483
-2.16087
-2.05075
-1.91318
-1.74729
-1.55892
-1.35634
-1.16438
-0.998025
-0.883211
-0.826079
-0.790255
-0.766824
-0.761111
-0.807647
-0.915525
-1.08328
-1.28676
-1.49442
-1.69196
-1.8406
-1.94851
-1.99747
-2.00721
-1.97962
-1.90102
-1.76929
-1.59762
-1.3773
-1.10572
-0.837866
-0.580576
-0.390997
-0.305036
-0.252199
-0.234654
-0.242918
-0.246225
-0.248023
-0.250055
-0.252962
-0.258452
-0.243801
-0.211086
-0.166274
-0.119261
-0.0737468
-0.0296453
0.0205537
0.07065
0.110155
0.130406
0.137348
0.158662
0.204484
0.255177
0.26959
0.245368
0.206542
0.161921
0.117421
0.103831
0.148314
0.243797
0.381581
0.540288
0.676525
0.782543
0.885068
0.983523
1.08358
1.18832
1.28579
1.37236
1.44341
1.50712
1.58306
1.66442
1.74866
1.84491
1.95599
2.08502
2.21218
2.34199
2.42261
2.4248
2.33415
2.16027
1.98087
1.71013
1.37404
1.03789
0.666236
0.262328
-0.038684
-0.241158
-0.332448
-0.361492
-0.394652
-0.395174
-0.305812
-0.127639
0.0954213
0.336022
0.546673
0.761627
0.954212
1.13533
1.31281
1.46644
1.59111
1.67243
1.71086
1.69923
1.62008
1.4863
1.30673
1.11903
0.945859
0.80553
0.697085
0.606022
0.51743
0.433238
0.357353
0.285529
0.203873
0.0996985
-0.0258073
-0.169989
-0.294335
-0.371355
-0.402363
-0.39267
-0.358777
-0.338437
-0.329886
-0.328614
-0.329398
-0.339657
-0.350908
-0.379999
-0.439849
-0.520148
-0.597021
-0.68898
-0.814597
-0.944103
-1.0642
-1.16411
-1.2598
-1.38443
-1.52274
-1.65745
-1.77499
-1.85527
-1.88662
-1.87583
-1.82922
-1.76012
-1.67914
-1.59983
-1.53556
-1.49825
-1.47614
-1.43535
-1.35964
-1.2677
-1.17144
-1.07097
-0.976904
-0.89604
-0.81539
-0.719288
-0.615102
-0.508405
-0.403056
-0.301491
-0.199193
-0.104212
-0.0191974
0.0558717
0.129575
0.207535
0.287322
0.382719
0.489476
0.584639
0.651295
0.678522
0.662908
0.598234
0.492938
0.358994
0.209655
0.056221
-0.102436
-0.262358
-0.429161
-0.598448
-0.767518
-0.924876
-1.04611
-1.12897
-1.17047
-1.14947
-1.05484
-0.893765
-0.669547
-0.423494
-0.178402
0.0672407
0.312138
0.55722
0.759621
0.928077
1.06605
1.16695
1.2329
1.27523
1.28469
1.26514
1.21644
1.15307
1.07535
1.02021
0.984317
0.971451
0.974028
0.981047
1.00378
1.04888
1.10214
1.15585
1.21656
1.26345
1.30443
1.35507
1.39381
1.40666
1.40052
1.38581
1.35634
1.3033
1.23494
1.15269
1.04644
0.936419
0.835586
0.739868
0.643816
0.542463
0.440907
0.361614
0.311459
0.293826
0.317086
0.387417
0.505876
0.65827
0.826547
0.998259
1.15744
1.28983
1.39869
1.48347
1.53699
1.56785
1.56222
1.52263
1.46042
1.3684
1.25845
1.15149
1.0726
1.0178
0.983229
0.949102
0.928021
0.918909
0.896427
0.875906
0.870808
0.869471
0.856864
0.852766
0.850144
0.840474
0.807286
0.741691
0.650969
0.556765
0.454633
0.345878
0.230961
0.106021
-0.0399725
-0.186949
-0.319105
-0.479141
-0.655842
-0.835801
-0.996916
-1.14472
-1.27809
-1.3819
-1.44802
-1.47064
-1.46851
-1.46874
-1.46249
-1.44383
-1.37992
-1.28625
-1.17753
-1.0637
-0.945872
-0.828497
-0.71817
-0.61029
-0.511362
-0.422573
-0.331086
-0.216508
-0.0901479
0.0438905
0.182189
0.324785
0.46251
0.584176
0.671919
0.774693
0.835367
0.877997
0.936536
0.996059
1.05748
1.10367
1.12592
1.1327
1.12813
1.12109
1.11259
1.08529
1.03452
0.967655
0.88963
0.801184
0.70225
0.593422
0.499308
0.40294
0.303294
0.238984
0.186326
0.149779
0.129793
0.139051
0.178333
0.225853
0.256213
0.274147
0.309403
0.337062
0.362526
0.381561
0.38243
0.365074
0.334072
0.285281
0.219324
0.138773
0.0602016
-0.00101869
-0.0608478
-0.125429
-0.213626
-0.313587
-0.398863
-0.477763
-0.556992
-0.60848
-0.639515
-0.657039
-0.656522
-0.637562
-0.621413
-0.608503
-0.592774
-0.578151
-0.570739
-0.569231
-0.573716
-0.564213
-0.554781
-0.565225
-0.601174
-0.650127
-0.707238
-0.770833
-0.851426
-0.946815
-1.04252
-1.13855
-1.19723
-1.23003
-1.24376
-1.25298
-1.258
-1.25136
-1.25214
-1.25162
-1.24877
-1.22023
-1.16325
-1.09498
-1.04069
-0.994696
-0.970721
-0.953489
-0.929229
-0.899918
-0.891612
-0.893966
-0.886364
-0.880907
-0.879419
-0.872175
-0.867842
-0.868912
-0.87415
-0.882799
-0.8708
-0.827322
-0.765326
-0.671902
-0.577458
-0.477815
-0.371801
-0.268516
-0.160947
-0.0417093
0.0693438
0.161541
0.25063
0.329268
0.389977
0.428489
0.45861
0.482189
0.500449
0.500523
0.495901
0.494267
0.481035
0.44949
0.429398
0.440641
0.466578
0.493311
0.523989
0.514591
0.498678
0.484657
0.471766
0.430579
0.356169
0.25452
0.160741
0.0966443
0.0589699
0.0487914
0.0381716
0.0351635
0.0328013
0.0286736
0.0440544
0.0811237
0.135167
0.18588
0.213797
0.218973
0.21152
0.20825
0.211797
0.204341
0.195649
0.160252
0.0950724
0.0227842
-0.0518576
-0.135674
-0.218586
-0.292985
-0.369909
-0.434208
-0.487037
-0.521321
-0.538989
-0.558653
-0.585878
-0.611046
-0.635409
-0.664327
-0.673618
-0.690354
-0.715482
-0.756559
-0.797596
-0.858418
-0.929417
-1.0071
-1.09127
-1.19201
-1.28571
-1.36035
-1.41996
-1.46513
-1.52705
-1.56091
-1.57081
-1.58148
-1.58546
-1.57077
-1.53705
-1.48718
-1.40898
-1.28833
-1.16082
-1.02228
-0.868805
-0.725721
-0.594593
-0.464103
-0.332526
-0.21134
-0.101648
-0.000265686
0.0924982
0.184154
0.278988
0.368678
0.451911
0.539331
0.621414
0.69732
0.756749
0.807587
0.847228
0.866163
0.870585
0.865461
0.855073
0.850519
0.823631
0.781272
0.72038
0.65188
0.58799
0.533559
0.472567
0.406167
0.337267
0.27315
0.219888
0.17242
0.129837
0.0912751
0.0748723
0.0664322
0.0608266
0.0620734
0.0681761
0.0934774
0.129502
0.157688
0.179538
0.184002
0.177547
0.170049
0.160262
0.134587
0.0946038
0.0697272
0.0568832
0.0451041
0.035566
0.0188716
0.0020758
-0.00521579
-0.0118995
-0.0148867
-0.000655199
0.0137835
0.0165132
0.00979138
0.00656607
0.0172671
0.0321684
0.0470299
0.0532893
0.0570555
0.0451943
0.0411345
0.0461023
0.0510259
0.0539825
0.0511523
0.0528864
0.0539758
0.0596633
0.0615984
0.0609747
0.065275
0.0924367
0.139285
0.204214
0.265222
0.30356
0.327953
0.357443
0.394321
0.426363
0.451466
0.466321
0.472228
0.483276
0.515226
0.563985
0.614574
0.678157
0.763665
0.842293
0.913139
0.993527
1.08514
1.1724
1.23915
1.29162
1.36102
1.43036
1.47725
1.50765
1.51833
1.52019
1.51702
1.50894
1.49492
1.4641
1.42438
1.39546
1.36598
1.32487
1.28596
1.24349
1.19796
1.15222
1.10649
1.05052
0.99438
0.9474
0.908219
0.871523
0.844403
0.801921
0.740134
0.690459
0.642256
0.596382
0.540102
0.480109
0.428433
0.390606
0.364387
0.331514
0.285761
0.234354
0.195886
0.158655
0.131632
0.0975765
0.0677651
0.0394832
0.00511356
-0.0191879
-0.0325841
-0.0409356
-0.0476092
-0.0706299
-0.115092
-0.161024
-0.204423
-0.253357
-0.314686
-0.385339
-0.461708
-0.542703
-0.609616
-0.680469
-0.763635
-0.834433
-0.888195
-0.935089
-0.970536
-0.993641
-1.01831
-1.02916
-1.03532
-1.03974
-1.04599
-1.04714
-1.02946
-1.00432
-0.986003
-0.94746
-0.896133
-0.844974
-0.800313
-0.773653
-0.751242
-0.732431
-0.711283
-0.691673
-0.672173
-0.649603
-0.611443
-0.557188
-0.495563
-0.417495
-0.335992
-0.280934
-0.247417
-0.229567
-0.223007
-0.222318
-0.226557
-0.225434
-0.23582
-0.249183
-0.254233
-0.261164
-0.262567
-0.251028
-0.241983
-0.23504
-0.224905
-0.195853
-0.163207
-0.140743
-0.120855
-0.109982
-0.103677
-0.0873975
-0.058812
-0.0367215
-0.018272
-0.002892
0.0238817
0.0573444
0.0839473
0.110696
0.145292
0.192146
0.247428
0.298155
0.336402
0.367906
0.404563
0.447784
0.483255
0.502167
0.521431
0.556673
0.602091
0.646335
0.680527
0.699022
0.708713
0.713158
0.723284
0.733092
0.714446
0.670739
0.620433
0.573526
0.522508
0.461925
0.404439
0.350569
0.293858
0.230915
0.161867
0.0934451
0.0292534
-0.0333643
-0.08847
-0.132691
-0.177174
-0.218345
-0.24599
-0.251924
-0.261012
-0.291265
-0.326073
-0.374005
-0.434328
-0.485291
-0.516171
-0.541963
-0.572367
-0.59131
-0.608447
-0.630396
-0.634611
-0.628655
-0.627556
-0.610948
-0.5906
-0.582705
-0.579042
-0.56934
-0.554684
-0.535518
-0.509498
-0.492784
-0.47463
-0.441955
-0.381618
-0.318026
-0.269364
-0.239301
-0.210028
-0.179745
-0.152098
-0.146393
-0.151831
-0.163948
-0.175776
-0.1973
-0.20653
-0.230008
-0.261151
-0.295729
-0.315082
-0.325899
-0.353432
-0.402428
-0.449584
-0.49006
-0.530968
-0.575722
-0.625065
-0.658608
-0.68391
-0.703688
-0.727074
-0.75044
-0.770858
-0.778919
-0.775914
-0.781528
-0.777868
-0.768119
-0.767202
-0.772555
-0.767871
-0.754001
-0.741375
-0.73008
-0.71528
-0.702809
-0.685154
-0.664364
-0.636054
-0.611422
-0.583861
-0.537932
-0.49611
-0.462245
-0.430873
-0.408363
-0.392624
-0.378189
-0.367436
-0.348234
-0.31098
-0.281611
-0.254394
-0.225107
-0.183358
-0.136815
-0.107632
-0.0789505
-0.0419504
-0.0178566
-0.0206753
-0.0486812
-0.0643216
-0.0667166
-0.0698974
-0.072745
-0.0953279
-0.131812
-0.16487
-0.186717
-0.207408
-0.223769
-0.235423
-0.251938
-0.264705
-0.275819
-0.290054
-0.292752
-0.271926
-0.23043
-0.18326
-0.127646
-0.0704465
-0.0150047
0.0399474
0.0924454
0.141406
0.20124
0.260466
0.317186
0.375395
0.435583
0.495825
0.550716
0.608066
0.666904
0.7258
0.777762
0.820001
0.860838
0.905494
0.962088
1.01388
1.04457
1.05099
1.04672
1.05133
1.05787
1.05791
1.06077
1.06647
1.06303
1.03925
1.00422
0.986063
0.963418
0.928364
0.903799
0.879464
0.833696
0.787936
0.75596
0.723739
0.676157
0.622933
0.595882
0.569906
0.529844
0.499127
0.479681
0.462978
0.452527
0.448503
0.445498
0.445624
0.447945
0.45944
0.489713
0.522043
0.546556
0.570644
0.601275
0.638643
0.673244
0.69014
0.689115
0.684893
0.688301
0.71449
0.747456
0.767982
0.778698
0.78016
0.78009
0.781605
0.786602
0.796353
0.803207
0.805826
0.80452
0.804317
0.805616
0.805121
0.798164
0.780635
0.754517
0.719326
0.669918
0.613675
0.556262
0.498649
0.442542
0.379406
0.30862
0.247431
0.206634
0.167528
0.12825
0.0916345
0.0517775
0.0237166
0.0109298
-0.00197547
-0.0290301
-0.0606869
-0.0805384
-0.0969545
-0.126001
-0.150057
-0.17326
-0.19945
-0.216708
-0.225702
-0.223098
-0.22278
-0.235886
-0.244381
-0.243029
-0.238765
-0.242977
-0.247006
-0.238516
-0.228015
-0.222027
-0.214696
-0.206668
-0.21009
-0.219669
-0.22986
-0.241658
-0.256521
-0.268489
-0.269098
-0.270475
-0.288383
-0.325887
-0.378052
-0.426841
-0.463717
-0.501261
-0.534249
-0.56961
-0.623259
-0.689296
-0.749621
-0.796041
-0.819693
-0.835382
-0.847667
-0.855805
-0.872023
-0.904027
-0.932656
-0.942513
-0.940171
-0.931219
-0.91358
-0.885731
-0.848052
-0.797242
-0.735717
-0.673613
-0.610997
-0.546917
-0.492983
-0.457319
-0.439909
-0.42608
-0.395993
-0.353359
-0.302914
-0.257088
-0.225951
-0.19536
-0.156695
-0.128119
-0.10759
-0.0884993
-0.0719609
-0.0560657
-0.0508613
-0.0542941
-0.058106
-0.0589128
-0.0637798
-0.0669866
-0.0634234
-0.0615149
-0.0626813
-0.0702118
-0.0747146
-0.0725919
-0.0700736
-0.07018
-0.0760499
-0.0892801
-0.105549
-0.117264
-0.121222
-0.117247
-0.104547
-0.0863605
-0.0675793
-0.0446526
-0.0214957
0.00214111
0.0322125
0.0710137
0.105285
0.138261
0.168447
0.188894
0.206641
0.217271
0.227421
0.250714
0.279954
0.297574
0.30492
0.305498
0.313392
0.329278
0.336632
0.337338
0.335718
0.324058
0.307069
0.286722
0.260523
0.232496
0.208784
0.189069
0.167233
0.130661
0.0731899
0.015225
-0.0298985
-0.0783871
-0.129173
-0.174817
-0.217305
-0.250738
-0.262954
-0.264701
-0.273088
-0.29105
-0.312564
-0.327239
-0.324307
-0.320123
-0.334654
-0.364744
-0.396147
-0.421342
-0.453016
-0.495095
-0.540847
-0.584088
-0.61579
-0.632228
-0.634389
-0.639535
-0.647446
-0.642668
-0.624021
-0.60774
-0.588192
-0.555445
-0.512218
-0.457949
-0.393556
-0.32437
-0.259747
-0.199652
-0.140732
-0.0889271
-0.0409804
0.00429301
0.0476254
0.0896942
0.135826
0.144408
0.145093
0.158109
0.168807
0.162651
0.148989
0.141974
0.152987
0.147416
0.13037
0.11164
0.0875187
0.0641286
0.053323
0.0396661
0.0248604
0.0236297
0.0220619
0.0209666
0.0259855
0.031647
0.0352862
0.0395549
0.0434869
0.0502855
0.0620123
0.0768649
0.0743647
0.0926658
0.136567
0.17358
0.210934
0.252054
0.288243
0.305816
0.32459
0.361317
0.408642
0.439058
0.462481
0.492015
0.525747
0.54332
0.547914
0.553269
0.5603
0.558067
0.561449
0.554609
0.533883
0.503841
0.459804
0.419779
0.398578
0.371529
0.336112
0.297096
0.24374
0.187952
0.133001
0.0768268
0.0314394
-0.000506466
-0.0350604
-0.0729477
-0.107045
-0.137744
-0.160224
-0.165757
-0.166863
-0.169315
-0.169744
-0.177089
-0.189075
-0.185319
-0.17338
-0.162873
-0.150542
-0.135857
-0.122689
-0.104073
-0.0741874
-0.0366561
0.00236418
0.0384994
0.065784
0.0841718
0.104165
0.130638
0.15598
0.172446
0.183822
0.201716
0.227964
0.250238
0.255063
0.250282
0.244505
0.239489
0.236059
0.230079
0.217162
0.198724
0.182419
0.167629
0.153021
0.140984
0.128632
0.110128
0.0889282
0.0788849
0.0709454
0.061937
0.0475832
0.0266246
0.00495347
-0.010966
-0.0252238
-0.0337506
-0.041681
-0.0495813
-0.0624332
-0.0758438
-0.0885813
-0.0984758
-0.0985574
-0.0994591
-0.10181
-0.103952
-0.10421
-0.105469
-0.107418
-0.107526
-0.105542
-0.102663
-0.101017
-0.100288
-0.098722
-0.0985072
-0.0975158
-0.0939491
-0.090441
-0.0885792
-0.0865291
-0.0851128
-0.0823044
-0.079036
-0.0759482
-0.0731807
-0.0712716
-0.0691893
-0.0665576
-0.0642195
-0.0616591
-0.0594413
-0.0572874
-0.0549969
-0.0528259
-0.0509299
-0.0490649
-0.0475377
-0.0455994
-0.0435515
-0.0416337
-0.0398478
-0.0382911
-0.0366492
-0.0349756
-0.0331784
-0.0314681
-0.029697
-0.0279929
-0.0262535
-0.0245207
-0.0228402
-0.021199
-0.0196294
-0.01805
-0.0164598
-0.0149031
-0.0133603
-0.0118393
-0.0103102
-0.00876755
-0.00721554
-0.00565885
-0.00409514
-0.00252734
-0.000955325
0.000621144
0.00220022
0.00377962
0.00535906
0.00693767
0.00851472
0.0100894
0
0
0
0
