-0.000733476
-0.000784843
-0.000836974
-0.000889873
-0.000943654
-0.000998264
-0.0010539
-0.00111001
-0.00116639
-0.00122222
-0.00127666
-0.00133177
-0.00139159
-0.00144982
-0.00150438
-0.00151003
-0.00146956
-0.00141424
-0.00138129
-0.00139248
-0.00135295
-0.00131327
-0.00141535
-0.00216072
-0.00294782
-0.00306064
-0.00337813
-0.00325173
-0.00222391
-0.00159336
-0.000770719
0.000177006
0.000962121
0.00178076
0.00238451
0.00272766
0.00179813
0.000558619
-0.00236405
-0.00540899
-0.00705696
-0.00892948
-0.00897206
-0.00863956
-0.00691285
-0.00458326
-0.00200404
0.00134514
0.00468
0.00825087
0.00921826
0.00578726
0.00395536
0.00149077
-0.00209735
-0.00554883
-0.00659355
-0.0058571
-0.00664596
-0.00692512
-0.00653212
-0.00373056
-0.00104055
-0.00232081
-0.0022454
-0.00158361
-0.00173529
0.000513287
0.00340193
0.00337355
0.00294029
0.00362648
0.0036407
0.00354497
0.00369805
0.00373221
0.00285601
0.000982614
-0.000331912
-0.00204614
-0.00483307
-0.00955055
-0.00667742
0.00203234
0.00518268
0.0099849
0.0147016
0.0148822
0.0185019
0.0263204
0.0321108
0.0387071
0.0398888
0.027984
0.0138186
-0.00189003
-0.012006
-0.0214831
-0.0183072
-0.0149763
-0.0163704
-0.0107509
-0.00330722
-0.00418852
-0.00536663
0.00326279
0.00754278
0.00441293
0.00505787
0.00536615
0.000255144
-0.00819007
-0.0149256
-0.0202922
-0.0169228
-0.0124304
-0.00352676
0.007423
0.0230252
0.0325437
0.0256525
0.0169215
0.0019445
-0.0079462
-0.0136797
-0.022511
-0.0217045
-0.0180369
-0.0139112
-0.00923787
-0.00354488
0.00377274
0.00818894
0.00399149
-0.000536794
-0.00642051
-0.00842398
-0.00636774
-0.00559147
-0.00333199
-0.00119934
-0.00127764
-0.00135119
0.00162153
0.00115237
-0.00599395
-0.00791533
-0.00765321
-0.00237663
0.0044401
0.00667552
0.0105815
0.0144935
0.0155553
0.0167823
0.01667
0.0160513
0.0119796
0.0073243
-0.000865855
-0.0095416
-0.0131483
-0.0171231
-0.00987488
0.00189271
0.00744035
0.00802429
0.00734825
0.00376314
-0.00680223
-0.0137598
-0.0176048
-0.00868641
-0.00178209
-0.00158051
0.00196754
-0.00103139
-0.00908223
-0.0103509
-0.0113575
-0.016512
-0.0197093
-0.00919029
0.00380982
0.0108211
0.0158881
0.0209902
0.0190308
0.015555
0.0137884
0.00972913
0.00522443
0.000196011
-0.00411245
-0.00639682
-0.00889518
-0.0112102
-0.0102035
-0.00500946
-0.00292155
-0.00236178
-0.00342266
-0.00748359
-0.00894575
-0.00393465
-0.000372528
-0.00054637
0.00092481
0.00298702
0.00421728
0.00540116
0.00482021
0.00425888
0.00445554
0.00443475
0.00425897
0.00301976
0.000829548
0.000238735
0.00831227
0.0185322
0.0234531
0.0234592
0.0247136
0.0217408
0.0148392
0.00849211
-0.00174673
-0.0052138
-0.00664998
-0.0113067
-0.0138847
-0.0190897
-0.0283058
-0.0330386
-0.0356147
-0.035561
-0.0275738
-0.0226648
-0.0160658
-0.00751305
-0.00461936
-0.0023892
0.00249688
0.00635584
0.0070421
0.00622082
0.00588309
0.00328131
0.000870113
-0.00244202
-0.00543873
-0.00179189
0.00325511
0.00617114
0.0161078
0.0273941
0.0276015
0.0230973
0.0241312
0.0229054
0.0203874
0.0156684
0.00791243
0.00308838
0.000225798
-0.00349324
-0.00506829
-0.0064178
-0.00848941
-0.0100276
-0.0111387
-0.0112433
-0.00421611
0.00845668
0.0166182
0.0175963
0.00988981
0.00399667
-0.00558231
-0.00945027
-0.00987585
-0.00628937
-0.00386328
-0.00573707
-0.00755185
-0.00807349
-0.00976082
-0.0114362
-0.0118615
-0.0114514
-0.0110061
-0.00831852
-0.00597756
-0.00278939
0.00446999
0.0104944
0.0137242
0.0168751
0.0191216
0.0181448
0.0136752
0.00229185
-0.0045269
-0.00828131
-0.0130607
-0.0122697
-0.0118566
-0.010692
-0.00715386
-0.00518614
-0.00415731
-0.00248473
-0.00162438
-0.00211954
-0.000641107
0.00213486
0.00192599
0.000811542
0.00118429
0.00127915
-0.000202023
-0.00675016
-0.0112607
-0.00614318
-0.00307014
-0.00158748
0.00287109
0.00647318
0.009021
0.0107917
0.0102223
0.0044844
0.000538279
-0.00302913
-0.00546907
-0.00470482
-0.00557824
-0.00585231
-0.00576718
-0.00653246
-0.00198142
0.00959892
0.0123197
0.0130776
0.0155512
0.0122
0.00751199
-0.000588308
-0.00485492
-0.00322771
-0.00145904
0.00392636
0.00843113
0.0137823
0.018863
0.0193422
0.0195169
0.0157093
0.0106543
0.000272748
-0.0102605
-0.0158214
-0.0227616
-0.0252506
-0.0238633
-0.0254076
-0.0255784
-0.025393
-0.0261241
-0.020637
-0.0106441
-0.00453321
0.00408214
0.0169116
0.0279471
0.0359264
0.0372414
0.0399496
0.0397438
0.035497
0.0264714
0.0111625
0.000501926
-0.00815412
-0.0186646
-0.0218983
-0.0110315
-0.00658085
-0.00596154
-0.00133337
0.00270827
0.00730784
0.011911
0.00658128
-0.000948368
-0.00448867
-0.010976
-0.0179032
-0.0242197
-0.0318116
-0.0367646
-0.0320964
-0.0290734
-0.0221341
-0.00813376
0.00161969
0.0124022
0.0246889
0.0298518
0.0284239
0.0287396
0.0144742
0.00386807
0.00515556
0.000915612
-0.000772275
0.000724198
-0.000141202
-0.000345183
0.000837274
0.00280104
0.004104
0.00509323
0.0063091
0.00653618
0.00619058
0.00639213
0.00575352
-0.00141202
-0.01015
-0.0148336
-0.0173613
-0.0211939
-0.0248452
-0.0277756
-0.0310596
-0.0333077
-0.0311487
-0.0297809
-0.0275632
-0.0194147
-0.0128151
-0.00929801
-0.0086271
-0.00657829
-0.00283633
0.000903905
0.00413645
0.00971873
0.0174865
0.0222772
0.0238657
0.0269328
0.0289848
0.0279558
0.0277928
0.0247693
0.0208023
0.0153868
0.00608475
-0.00120493
-0.00904256
-0.0174406
-0.0187652
-0.0152033
-0.0158919
-0.0157283
-0.0154014
-0.0155843
-0.0124176
-0.00469678
0.000521128
0.00495354
0.00764388
0.0104881
0.0119734
0.0109178
0.012415
0.0165763
0.0195055
0.0234585
0.0284066
0.0311208
0.0300744
0.0298548
0.0282566
0.0259242
0.0239799
0.0194123
0.00865031
0.000843474
-0.00480737
-0.0124018
-0.0131131
-0.011664
-0.0137935
-0.0155395
-0.0165544
-0.0172113
-0.0169122
-0.0169151
-0.0150284
-0.0132045
-0.0135333
-0.0134664
-0.0102688
-0.00739374
-0.00596236
-0.00818834
-0.0102009
-0.0120541
-0.0154206
-0.0179718
-0.0150254
-0.00814803
-0.00459559
-0.00137294
0.00105918
0.00385815
0.00497678
0.00406303
0.00453529
0.00455943
0.0039104
0.00370713
0.00408133
0.00692819
0.00942518
0.0116862
0.0174084
0.0232225
0.0275423
0.0316145
0.0359662
0.0403757
0.0448638
0.0477003
0.0385669
0.0304244
0.0254464
0.0158669
0.00650804
0.00190876
-0.000843633
-0.0033966
-0.00321783
-0.00501616
-0.00728425
-0.0135171
-0.0275573
-0.0371799
-0.0421398
-0.0481314
-0.0495735
-0.0505106
-0.0520578
-0.0513828
-0.0516896
-0.0524894
-0.0525693
-0.0524502
-0.0525087
-0.0520684
-0.0402166
-0.0196404
-0.00664029
0.00493398
0.0174294
0.0297398
0.039488
0.047811
0.0539388
0.0332566
0.0143767
0.00984456
0.00793073
0.00165814
-0.000836813
0.000858824
0.000196543
-0.000842357
-0.000851393
-0.000678331
-0.000720231
-0.000460117
0.00342141
0.0090031
0.0127504
0.013712
0.0109533
0.010595
0.00947376
0.00729652
0.00596631
0.00581555
0.00611984
0.00589775
0.00565474
0.00503254
0.00379133
0.00222083
0.000277318
-0.00449317
-0.0088694
-0.0114557
-0.0131099
-0.0153565
-0.0167337
-0.0179458
-0.0187372
-0.0182399
-0.0182563
-0.0169386
-0.014131
-0.00873969
-0.000301388
0.00626981
0.0143259
0.0229628
0.0293156
0.0297621
0.0313434
0.0340992
0.0352507
0.0360989
0.0316421
0.0264711
0.0232862
0.0164284
0.00339641
-0.00764434
-0.0194728
-0.0332502
-0.0437798
-0.0325558
-0.01585
-0.0081464
0.00496
0.0190623
0.0310236
0.039463
0.041531
0.0466729
0.0499519
0.0497111
0.0516305
0.0528675
0.0523422
0.0525783
0.052906
0.0528389
0.0518365
0.0478674
0.0444842
0.037649
0.0270213
0.0173873
-0.00561515
-0.0279392
-0.042651
-0.0612176
-0.0784187
-0.0656144
-0.0397172
-0.0297303
-0.0161899
0.000811448
0.0100554
0.0109549
-0.00493577
-0.0188526
-0.028793
-0.0402694
-0.0506325
-0.0584086
-0.042924
-0.0254386
-0.0166671
-0.00659509
0.00393519
0.00312162
-0.0189172
-0.0326189
-0.0452043
-0.062892
-0.0764397
-0.0890528
-0.094992
-0.0771994
-0.0654778
-0.0566748
-0.0392844
-0.0240496
-0.0102419
8.64589e-05
0.00406002
0.0120987
0.0253326
0.0416433
0.0524642
0.0591506
0.0638795
0.0485711
0.0354368
0.0271634
0.0140054
0.00176647
-0.00500473
-0.00755601
-0.0134302
-0.0181798
-0.0208455
-0.0241104
-0.0234655
-0.0199816
-0.00948696
0.00909794
0.0217578
0.0232597
0.0167837
0.0171173
0.0162275
0.0135625
0.0121456
0.0106604
0.0065335
-0.0148092
-0.0347735
-0.0443125
-0.0521854
-0.0638789
-0.0648098
-0.0417665
-0.0259977
-0.0127366
0.00774019
0.0259717
0.0400799
0.0508562
0.0636427
0.0756568
0.0825463
0.0888191
0.0924514
0.0621439
0.0343498
0.0163457
-0.00240068
-0.0134861
-0.0277458
-0.034443
-0.00901129
0.0103442
0.0231481
0.0437016
0.0624755
0.079869
0.0865605
0.0603704
0.0428287
0.0298373
0.0079377
-0.0113466
-0.0293877
-0.0488325
-0.0676074
-0.0861749
-0.104442
-0.122672
-0.140973
-0.135967
-0.104807
-0.0918914
-0.073128
-0.0370082
-0.00617259
0.0219259
0.0478685
0.0677698
0.089394
0.092891
0.0904205
0.0963006
0.098129
0.09546
0.0695888
0.0450588
0.0275679
0.00413204
-0.0180393
-0.0332403
-0.0465773
-0.0330553
-0.0156076
-0.0078755
0.00942041
0.0268868
0.035657
0.0340959
0.0197933
-0.00283402
-0.0192159
-0.0402468
-0.0637765
-0.0703571
-0.0389273
-0.0185227
-0.00299657
0.0220842
0.0350222
0.0396212
0.05171
0.0560214
0.037006
0.0233338
0.0140998
0.00287739
-0.00486957
-0.0136969
-0.0174183
-0.014532
-0.0159917
-0.0141686
-0.00904222
0.00113232
0.0267164
0.0471687
0.0626918
0.0723216
0.0831784
0.085652
0.0680752
0.0580864
0.0493702
0.0325035
0.0128121
-0.00395548
-0.0217785
-0.0367388
-0.0439533
-0.0540873
-0.0652089
-0.0780474
-0.0933619
-0.113287
-0.132374
-0.141835
-0.13949
-0.133858
-0.113001
-0.0960725
-0.0731922
-0.0462883
-0.0403486
-0.0579765
-0.0616542
-0.067296
-0.0748447
-0.0461191
-0.0150123
0.00268904
0.0248063
0.0477735
0.0689479
0.0781051
0.073536
0.0784363
0.0824016
0.0856903
0.0902926
0.0944283
0.097307
0.0814392
0.0561263
0.0406142
0.0207762
0.0141804
0.0270653
0.0267817
0.0253886
0.0286251
0.0298184
0.0156946
-0.0141536
-0.0327755
-0.0541349
-0.0784564
-0.0998943
-0.122013
-0.133414
-0.098499
-0.0715158
-0.0550951
-0.0295574
-0.00603541
0.0110009
-0.00657038
-0.021634
-0.0269927
-0.0419064
-0.0554364
-0.0666705
-0.0482861
0.00578446
0.0355936
0.0708808
0.111862
0.136899
0.164485
0.195523
0.196445
0.168423
0.161822
0.149276
0.12676
0.109064
0.0916539
0.0747559
0.0689767
0.0615334
0.0515849
0.040034
0.015727
-0.005825
-0.0195693
-0.0256944
-0.0352343
-0.0421392
-0.0358325
-0.0320944
-0.0282996
-0.0205164
-0.0145767
-0.0086109
-0.0176119
-0.0446858
-0.0594365
-0.0769778
-0.101314
-0.125712
-0.148411
-0.164571
-0.159944
-0.160382
-0.158328
-0.146536
-0.138912
-0.118004
-0.0888444
-0.0675139
-0.0434461
-0.0256319
-0.0157311
-0.000282712
0.0137732
0.0352779
0.0683772
0.0940753
0.12119
0.148182
0.135492
0.104339
0.0932385
0.0727841
0.0458968
0.0231041
0.0242602
0.0516917
0.0605804
0.0714761
0.0865441
0.0884131
0.0625074
0.0447928
0.030514
0.00906861
-0.00930446
-0.0233242
-0.0391557
-0.050488
-0.0514649
-0.0564878
-0.0620969
-0.0651966
-0.071045
-0.0795952
-0.0863696
-0.0902702
-0.0861563
-0.0839805
-0.0821312
-0.0713399
-0.0616769
-0.054211
-0.0445272
-0.0424385
-0.0549057
-0.0614692
-0.0665855
-0.0687542
-0.0689039
-0.0710452
-0.0713965
-0.0685916
-0.060641
-0.0279674
0.00125376
0.0271281
0.0826887
0.143136
0.19023
0.22714
0.262547
0.248049
0.202606
0.159665
0.0935567
0.0501998
0.0197328
-0.0154193
-0.00477584
0.00192391
-0.00334329
0.00134932
0.00442905
0.00536452
0.00177373
-0.0187801
-0.0351206
-0.0489413
-0.0672777
-0.0843219
-0.100686
-0.103868
-0.0795972
-0.0658577
-0.0541682
-0.0389193
-0.0319994
-0.0405365
-0.044467
-0.042065
-0.00982244
0.020977
0.0426012
0.0679858
0.0900607
0.112517
0.123043
0.11483
0.116423
0.117278
0.109874
0.0655045
0.0106692
-0.0264685
-0.0538817
-0.078146
-0.097504
-0.0889
-0.0863746
-0.0856835
-0.0663708
-0.0508344
-0.0359602
-0.00882593
0.0151486
0.0372677
0.0612709
0.0614363
0.0434131
0.0405275
0.034512
0.0406686
0.0516688
0.056299
0.0578865
0.0504799
0.0467452
0.0391412
0.00842359
-0.0466012
-0.0759583
-0.099142
-0.102
-0.059486
-0.0298179
0.00503962
0.0271867
0.0474258
0.068068
0.062247
0.0413648
0.0299753
0.0162154
-0.00922987
-0.0208772
-0.0184807
-0.0178284
-0.013599
-0.013157
-0.0100678
-0.00173257
-0.00464135
-0.0131085
-0.0174776
-0.0246503
-0.0332272
-0.0353665
-0.0218101
-0.00291398
0.0104208
0.025206
0.0346033
0.0166248
0.00662532
-0.00321078
-0.0189331
-0.0314706
-0.0475112
-0.0544263
-0.0595546
-0.0582809
-0.039998
-0.0250575
-0.0147143
0.00545207
0.0229606
0.0270434
-0.010829
-0.0253905
-0.0465277
-0.0852998
-0.113076
-0.13241
-0.129842
-0.103198
-0.0710633
-0.0312728
0.0236516
0.0471911
0.06363
0.0856107
0.118571
0.150402
0.176987
0.20791
0.231321
0.215506
0.172826
0.135086
0.0933965
0.0332577
-0.0172403
-0.0464868
-0.0709057
-0.0886242
-0.101499
-0.116871
-0.120433
-0.0975104
-0.078962
-0.0787108
-0.0782395
-0.0689799
-0.0727915
-0.0775421
-0.085536
-0.0975021
-0.10646
-0.112648
-0.109077
-0.0989681
-0.0951108
-0.089546
-0.083637
-0.0812366
-0.0792906
-0.0725114
-0.0383328
0.009445
0.0634467
0.126701
0.15166
0.170475
0.171997
0.150952
0.146041
0.144059
0.146463
0.158148
0.169498
0.130728
0.0853781
0.0530831
-0.0120949
-0.0852409
-0.111789
-0.134679
-0.106745
-0.0777424
-0.064581
-0.0496156
-0.0187864
0.00616789
0.0116832
0.000561044
-0.0247178
-0.0587533
-0.0950947
-0.124417
-0.132518
-0.13442
-0.113663
-0.0838331
-0.0430282
-0.0107863
0.0187771
0.0815654
0.122404
0.132971
0.157087
0.172222
0.177639
0.189454
0.183569
0.169562
0.15383
0.123931
0.086697
0.0521877
0.0180619
0.0052866
-0.0155531
-0.047629
-0.0597451
-0.0570833
-0.0354774
-0.0106697
0.00456952
0.0257568
0.0503261
0.0533353
0.0611076
0.0564373
0.0237024
0.0118295
-0.00575047
-0.0424137
-0.0778082
-0.0857432
-0.0947917
-0.0919798
-0.083005
-0.0729525
-0.065147
-0.0850639
-0.0927912
-0.0957981
-0.108295
-0.0817838
-0.0566025
-0.022768
0.0324273
0.0636555
0.0634967
0.0351841
0.00262442
-0.0272295
-0.0643839
-0.0964725
-0.117347
-0.119118
-0.103099
-0.0879869
-0.0789282
-0.0546122
-0.0220167
-0.0255125
-0.0217986
-0.00520947
-0.000309194
-0.00860034
-0.00721117
-0.00803966
-0.00498724
0.0119518
0.0226513
0.0284745
0.0348501
0.0449299
0.0487644
0.0509547
0.0597984
0.0620747
0.0594521
0.0647254
0.0653398
0.0632337
0.0643576
0.066165
0.0695635
0.0726154
0.0861342
0.0971104
0.0815576
0.060769
0.0493448
0.0232928
-0.00299269
-0.0117981
-0.0418469
-0.0580998
-0.0664552
-0.0861112
-0.096568
-0.0788985
-0.0414295
-0.0330647
0.00560953
0.0459361
0.0380208
0.0479019
0.0564475
0.0540301
0.0550102
0.051451
0.0483227
0.0493169
0.0430725
0.0394252
0.0388982
0.0315036
0.030619
0.00670154
-0.0352764
-0.0739292
-0.100804
-0.120579
-0.139513
-0.12562
-0.105004
-0.0836657
-0.0514393
-0.0370101
-0.0361789
-0.0364802
-0.0488676
-0.0642691
-0.0766682
-0.079318
-0.0812921
-0.0716884
-0.0527107
-0.0332579
-0.019659
-0.00156375
0.0278654
0.0417622
0.0370859
0.0328653
0.0414886
0.0477558
0.0374586
0.0401535
0.0438752
0.0626489
0.0841253
0.101279
0.120676
0.113965
0.0873772
0.0813152
0.0623186
0.0355011
0.0184898
-0.0141485
-0.0509968
-0.0574644
-0.0562634
-0.0643098
-0.0299684
0.0138009
0.0396345
0.0845407
0.105064
0.0936782
0.086701
0.0646892
0.0349805
0.0181227
-0.00594481
-0.0152847
-0.0245024
-0.0358985
-0.0208472
-0.00943133
-0.00943752
0.000881036
0.0154413
0.0254036
0.0363867
0.0473091
0.0466881
0.0453764
0.0479052
0.0462684
0.0381099
0.0157933
-0.0113434
-0.0407541
-0.0606448
-0.0884897
-0.123485
-0.130985
-0.152665
-0.151941
-0.119008
-0.0750949
-0.0517457
-0.0246594
0.0028359
0.0110472
0.0128759
0.0120176
0.0109179
0.0248571
0.034715
0.039887
0.0473603
0.0407465
0.031021
0.0266352
0.0218612
0.0177298
0.0132816
0.00341979
-0.0119813
-0.0248204
-0.0280546
-0.0340773
-0.0402158
-0.0509638
-0.0571411
-0.0530186
-0.0572227
-0.0553525
-0.0434392
-0.0311762
-0.00867308
-0.00801015
-0.010492
-0.00339676
-0.00252466
-0.00118471
0.00128555
-0.00253104
-0.00316724
-0.0027651
-0.00651627
-0.00599042
0.000485659
0.0101549
0.0130157
0.0178984
0.0225738
0.0183007
0.0174816
0.0188613
0.0156728
0.0125951
0.0057984
0.00166651
0.0020581
0.000865156
0.00360496
0.00959027
0.0179635
0.0240289
0.029388
0.0340323
0.0356689
0.0445615
0.0568671
0.0505775
0.0383294
0.0287722
0.0228096
0.0288547
0.0366043
0.0500692
0.0634676
0.0642378
0.0709804
0.0843144
0.101299
0.103205
0.0959612
0.102341
0.107645
0.105346
0.0923724
0.0657052
0.0100743
-0.0216577
-0.0604798
-0.100194
-0.0974242
-0.108324
-0.122939
-0.125427
-0.134242
-0.142128
-0.128089
-0.11705
-0.103857
-0.0947062
-0.0959547
-0.108509
-0.113818
-0.118277
-0.122687
-0.122689
-0.096564
-0.0789238
-0.0825396
-0.0603525
-0.0288174
-0.0149592
0.00522249
0.0354081
0.05843
0.0777025
0.0864235
0.10772
0.14012
0.129168
0.112762
0.106915
0.0903233
0.0713377
0.0781882
0.0792099
0.0644048
0.0628503
0.0602157
0.0430396
0.0326993
0.0299305
0.0292346
0.032426
0.0369552
0.0408745
0.0465137
0.0531829
0.061389
0.0714171
0.0741475
0.0582204
0.0455
0.0341093
0.013134
-0.00840908
-0.0222636
-0.0286934
-0.0373291
-0.046286
-0.0572479
-0.0688997
-0.0710163
-0.0703819
-0.0642742
-0.0625308
-0.0746195
-0.0794771
-0.082382
-0.0887046
-0.0982189
-0.107246
-0.113603
-0.115205
-0.109736
-0.100601
-0.0851338
-0.0593106
-0.0410775
-0.0239484
-0.00836687
0.00397247
0.0139383
0.0176739
0.0213804
0.0258311
0.0286268
0.029989
0.0313789
0.0314819
0.0277011
0.0214353
0.0152773
0.0171576
0.0200634
0.0265181
0.0355321
0.0599464
0.0643052
0.0531567
0.0495084
0.0347653
0.0165195
0.000481421
-0.010768
-0.0114735
0.00712529
0.0113166
0.0102675
0.016463
0.0191206
0.0186643
0.0185557
0.0184451
0.0114981
-0.0122298
-0.0297364
-0.0354724
-0.04127
-0.0111222
0.011241
0.0194662
0.0279682
0.0399788
0.05924
0.0707683
0.0644348
0.0541569
0.0497511
0.03325
0.0217806
0.0167376
0.00826921
0.000597466
-0.00290847
-0.00156827
-0.00230213
-0.00315096
-0.00273629
-0.000872523
0.00588449
0.0109886
-0.0054891
-0.0111558
-0.0174821
-0.0342341
-0.0362315
-0.0331923
-0.0162018
0.00142659
0.00826111
0.0116151
0.0196461
0.0116935
-0.0027892
-0.0361871
-0.0557578
-0.0700312
-0.101043
-0.114042
-0.126091
-0.11984
-0.0820273
-0.0613805
-0.0289036
0.0233401
0.0607981
0.0599883
0.0473206
0.0490469
0.0376283
0.0308331
0.0302243
0.0271346
0.0311405
0.0463672
0.0593317
0.0763298
0.0907377
0.0959554
0.100097
0.0808656
0.0517283
0.0294536
0.0169201
-0.00304051
-0.0227208
-0.0377234
-0.0408043
-0.0374195
-0.0466273
-0.0554041
-0.0572712
-0.0628364
-0.0733636
-0.0855035
-0.0981321
-0.102883
-0.0848388
-0.0668841
-0.0523775
-0.040711
-0.0227692
0.00507321
0.0165695
0.0293797
0.0473616
0.0591919
0.0684191
0.0751334
0.0770486
0.0734756
0.0568453
0.0386813
0.0109348
-0.013256
-0.0100682
-0.0182662
-0.0073618
0.0110039
0.0120097
0.012011
0.0176753
0.0208298
0.0252721
0.0286221
0.0287052
0.0259382
0.0250845
0.0253038
0.0249398
0.0255028
0.0305529
0.0337665
0.0319629
0.0311401
0.0280273
0.0231894
0.0166565
-0.0079396
-0.025002
-0.0318728
-0.0480778
-0.062851
-0.0735913
-0.0804935
-0.0647065
-0.0651096
-0.0797195
-0.067059
-0.0548391
-0.0498317
-0.0368009
-0.0176434
0.0258666
0.0416426
0.0458595
0.0677824
0.0656741
0.0416094
0.0238635
0.00608845
-0.0125895
-0.0388264
-0.05122
-0.0537375
-0.051701
-0.0472008
-0.0439394
-0.0391395
-0.0347354
-0.0338424
-0.0312566
-0.0229129
-0.0123809
0.0017065
0.0139786
0.0259328
0.0342698
0.03552
0.0437061
0.0557343
0.0636287
0.0743031
0.08418
0.0815977
0.0805111
0.0812616
0.0767424
0.0724539
0.0633744
0.0543499
0.0472277
0.0411156
0.0387263
0.0335145
0.022727
0.0157779
0.011847
0.00212476
-0.00975612
-0.0173162
-0.0251485
-0.0373389
-0.0509126
-0.0692104
-0.0774035
-0.0764785
-0.0916215
-0.105344
-0.0875259
-0.070184
-0.0473596
-0.0354955
-0.0239259
-0.00874518
-0.00194778
-0.00428474
-0.0299204
-0.0487542
-0.0640215
-0.0794582
-0.0802226
-0.0793107
-0.0642068
-0.0432744
-0.027808
-0.0189719
-0.00452236
0.0103461
0.0181994
0.0252976
0.0353428
0.0460132
0.063834
0.0727557
0.0754109
0.07711
0.0845546
0.0915494
0.0830447
0.0741995
0.0451753
0.028503
0.0240567
0.00941997
0.00436691
-0.00502252
-0.0100601
0.012078
0.023977
0.0215039
0.0326432
0.0497622
0.0395518
0.0313661
0.0317806
0.0214091
0.00652204
-0.00915744
-0.0469877
-0.0585195
-0.0653753
-0.0705305
-0.0770708
-0.0938938
-0.099073
-0.085778
-0.0614209
-0.0246304
-0.0151776
0.000297741
0.01748
0.0291582
0.0380272
0.0336816
0.0233583
0.0174939
0.00600309
-0.00502176
-0.0138542
-0.0222711
-0.0287361
-0.0368857
-0.0418933
-0.0397064
-0.0404672
-0.0413994
-0.0354167
-0.0261959
-0.0253245
-0.0230811
0.0064696
0.02386
0.0309641
0.0512917
0.0618135
0.0622795
0.0665809
0.0629926
0.0516504
0.0370743
0.0155118
-0.00310744
-0.0242244
-0.0348608
-0.0181135
-0.0144688
-0.0157249
-0.00893729
-0.00431823
0.000128733
0.000967425
0.00258764
0.00920291
0.00861373
0.000118138
-0.00792842
-0.0197671
-0.0279676
-0.0354959
-0.0429596
-0.0343439
-0.00498644
0.00146703
0.00872404
0.0273299
0.0357781
0.0386574
0.0517736
0.0620953
0.0671126
0.0776077
0.0763817
0.0570549
0.0461665
0.0304667
0.00943063
-0.0106602
-0.0306179
-0.0423978
-0.0560374
-0.065927
-0.0518791
-0.0267196
-0.00178039
0.0129807
0.027049
0.0378221
0.0412652
0.0435194
0.0432936
0.040116
0.0412985
0.0446073
0.0452118
0.0463311
0.0452003
0.0354202
0.0283765
0.0238675
0.00870356
-0.0200151
-0.0203579
-0.0220443
-0.0285033
-0.026625
-0.0212082
-0.0217018
-0.0252093
-0.0252674
-0.0284104
-0.0350205
-0.0391121
-0.042381
-0.0418812
-0.0343948
-0.0148048
-0.0117294
-0.0157187
-0.014735
-0.0197441
-0.0169067
-0.0120259
-0.0060201
-0.00186887
-0.000863514
0.00263907
0.000976892
-0.00823989
-0.0100805
-0.00995763
-0.0156586
-0.0215821
-0.0281846
-0.0377262
-0.0473941
-0.0382236
-0.0282826
-0.0279072
-0.021434
-0.0101193
-0.00236296
0.00391939
0.011347
0.0166951
0.0211133
0.0274792
0.033948
0.038272
0.0423823
0.0477931
0.0516129
0.052965
0.0580286
0.0642617
0.0500062
0.0329848
0.0275515
0.0177545
0.0103673
0.0158804
0.0213081
0.0231432
0.0219376
0.0147244
5.78763e-05
-0.0184018
-0.0365657
-0.0575017
-0.0734055
-0.0912317
-0.112748
-0.116197
-0.113832
-0.112302
-0.102984
-0.0854986
-0.0710383
-0.0560191
-0.0421907
-0.0333974
-0.0192871
-0.00312749
0.0063404
0.00899725
0.00366159
0.00473669
0.0056238
0.00371065
0.00139074
-0.0049687
-0.00957197
-0.0121812
-0.00438913
0.00579544
0.00619254
0.0103833
0.017448
0.0214361
0.0229254
0.027353
0.0376501
0.0458172
0.0541931
0.0625228
0.0662991
0.0641533
0.0616671
0.0593682
0.0554768
0.0498989
0.0432502
0.0368815
0.0308373
0.0284183
0.0253501
0.0185311
0.01138
0.0128023
0.00996664
-0.00697034
-0.0163106
-0.0171585
-0.0247228
-0.0322456
-0.0384155
-0.0417092
-0.0294315
-0.0239616
-0.0215524
-0.0123443
-0.00512692
9.51503e-05
0.00659941
0.0141073
0.0204908
0.0214181
0.0222164
0.0249536
0.0264134
0.0261257
0.025029
0.0250383
0.0253555
0.024556
0.0236604
0.0268669
0.0321379
0.031585
0.0322435
0.0352893
0.0362435
0.0342735
0.0290472
0.0193838
0.0169841
0.0205417
0.0144391
0.00626364
0.00954677
-0.00720814
-0.0227001
-0.0301197
-0.0289969
-0.0292406
-0.0330472
-0.0372083
-0.038348
-0.0380694
-0.0410937
-0.0378197
-0.0378102
-0.0377119
-0.0365975
-0.0363743
-0.0326664
-0.0189283
-0.00727589
0.00881826
0.0292629
0.0306574
0.0291503
0.0353238
0.0286774
0.0215329
0.0161353
0.0032533
-0.00668643
-0.0137939
-0.0242836
-0.029385
-0.0294682
-0.0320559
-0.0322097
-0.0262812
-0.0234296
-0.022329
-0.0162327
-0.0118946
-0.0143634
-0.0175153
-0.0215556
-0.0266325
-0.0289719
-0.0281788
-0.0314573
-0.0286893
-0.0254566
-0.0213845
-0.0185625
-0.0195514
-0.0137947
-0.0106341
-0.00526994
0.00189153
0.00503434
0.00456416
0.00691366
0.0105817
0.0128946
0.0158471
0.0193201
0.0260762
0.0275283
0.0311284
0.0314815
0.0173744
0.0126707
0.00889943
0.00435782
0.00544958
0.00972274
0.0103886
0.010624
0.0105869
0.0128373
0.0170755
0.0228456
0.0212586
0.0222169
0.0292838
0.0266753
0.023819
0.0288621
0.0309198
0.0324132
0.0358265
0.0369941
0.0355813
0.0362278
0.0368569
0.0366384
0.0350687
0.0299626
0.0267371
0.0184267
-0.00432655
-0.0217002
-0.0232712
-0.0296565
-0.0377859
-0.0421001
-0.0481255
-0.0550717
-0.0611624
-0.0665268
-0.0722164
-0.0689291
-0.0553079
-0.0319242
-0.0247573
-0.0253701
-0.0128659
-0.00142226
0.00696809
0.0173861
0.026125
0.0240564
0.0239635
0.0205039
0.00604617
-0.00347372
-0.0126721
-0.0224952
-0.033412
-0.0535127
-0.0381373
-0.0246498
-0.0138788
-0.00395861
0.000910523
0.00292994
0.00275382
0.0060905
0.00815418
0.00930954
0.0117285
0.0160759
0.0197402
0.0206013
0.022198
0.0263702
0.0319411
0.0350082
0.0381864
0.0389486
0.0382372
0.0400712
0.0434734
0.0457287
0.0400834
0.0225012
0.00971705
0.00215625
-0.00379761
-0.0116687
-0.0182742
-0.020527
-0.0188031
-0.0200156
-0.0198022
-0.0119936
-0.0056715
-0.00698857
-0.00328032
0.00614863
0.00907757
0.00749598
0.0103504
0.0080973
-0.00225574
-0.0048538
-0.00585724
-0.0102308
-0.0129217
-0.0146807
-0.0167922
-0.0184506
-0.0197061
-0.0211528
-0.0213586
-0.0211867
-0.0215713
-0.0216562
-0.0216745
-0.0213472
-0.0169179
-0.0131697
-0.0149587
-0.0148832
-0.0115732
-0.00787948
-0.00604146
-0.00500835
-0.00288198
0.00271645
0.00865715
0.00945764
0.0101478
0.0127902
0.0151036
0.0147378
0.011756
0.00959506
0.00214748
-0.00495423
-0.00921712
-0.014729
-0.0202548
-0.0225972
-0.024981
-0.0266172
-0.0228333
-0.0188351
-0.0149433
-0.0100816
-0.00156337
0.00819827
0.0168785
0.0142834
0.0108672
0.0114707
0.00948984
0.00768828
0.00680455
0.0108636
0.0149735
0.0096821
0.00830987
0.00449487
-0.0018327
-0.00996588
-0.0230677
-0.0231469
-0.00733281
0.00323404
0.0141148
0.0239079
0.0302883
0.0331386
0.0367418
0.0443136
0.0471593
0.0398151
0.0353597
0.0287263
0.0200114
0.0128934
0.00521654
-0.00372142
-0.0207281
-0.021663
-0.0133121
-0.015336
-0.0124513
-0.00744804
-0.0049589
-0.000207459
0.00383846
0.00209866
0.00210631
0.00294087
0.0023301
0.00216138
0.00218725
0.00196191
0.0017109
0.000298266
-0.00147474
-0.00293118
-0.00619973
-0.00940797
-0.0108546
-0.0103953
-0.010817
-0.011247
-0.0110886
-0.0092953
-0.00608543
-0.00388158
-5.60134e-05
0.00424081
0.00355805
0.00291078
0.00383808
0.00350037
0.00321451
0.00328313
0.00313165
0.00300148
0.00293224
0.00291767
0.00389111
0.00513614
0.00596237
0.0074023
0.00942746
0.0102874
0.00969348
0.010629
0.0137193
0.0158484
0.0172569
0.0147777
0.0121037
0.00819471
0.00336156
0.000251989
-0.00141327
-0.00390254
-0.0062453
-0.00674145
-0.00767252
-0.0110693
-0.0130197
-0.0147033
-0.0146905
-0.0145393
-0.0150171
-0.0149696
-0.0141181
-0.0118149
-0.0108658
-0.0116086
-0.0113474
-0.0111439
-0.0113724
-0.01137
-0.0109708
-0.00902943
-0.0074568
-0.00767566
-0.00793801
-0.00959727
-0.0131884
-0.0153169
-0.0153434
-0.0151407
-0.0156426
-0.0152798
-0.012164
-0.00902028
-0.00765462
-0.0081342
-0.00793942
-0.00749976
-0.00639184
-0.00450085
-0.00288717
-0.000306713
0.00222529
0.00458805
0.00775682
0.0108473
0.0127884
0.0135562
0.0150257
0.0161155
0.0157876
0.0158559
0.0164644
0.0168057
0.016553
0.014136
0.0120644
0.0104689
0.00765369
0.00373432
0.00132694
0.00264313
0.0031458
0.00445694
0.00749705
0.00952818
0.0109734
0.0112635
0.011698
0.0118457
0.0118311
0.0104395
0.00489054
-0.000743129
-0.00808009
-0.0135711
-0.0131583
-0.0146562
-0.0166799
-0.016421
-0.0162763
-0.0126992
-0.00902328
-0.00812527
-0.00749371
-0.00589602
-0.00421526
-0.00185894
0.00018253
0.00189556
0.00280581
0.00389219
0.00600382
0.0103064
0.0140068
0.0158487
0.0152427
0.0156556
0.0188029
0.0242793
0.0277203
0.029328
0.0308743
0.0316996
0.0295319
0.0260695
0.0185308
0.0121223
0.00714804
0.00108221
-0.00213837
-0.00182988
-0.00392166
-0.0065144
-0.00947377
-0.0112262
-0.0104574
-0.0105392
-0.0124489
-0.0159499
-0.0182262
-0.0181212
-0.0177659
-0.018681
-0.0201736
-0.0212883
-0.022292
-0.0197213
-0.014315
-0.0138724
-0.01393
-0.0119926
-0.0107996
-0.00658852
-0.00226845
0.000526039
0.00420504
0.00758792
0.00736878
0.00706436
0.00794051
0.0093385
0.0118656
0.0137386
0.0152243
0.0159357
0.0168743
0.017841
0.0179632
0.0180981
0.0196124
0.0207695
0.0216457
0.0176603
0.00770617
0.00178575
-0.00505524
-0.0115431
-0.0117899
-0.0135011
-0.0162574
-0.017416
-0.0177892
-0.0168558
-0.0159022
-0.015196
-0.0141924
-0.0136902
-0.0139666
-0.013825
-0.014198
-0.0188063
-0.0226265
-0.0206462
-0.0176242
-0.0174075
-0.0176879
-0.0109325
-0.00847116
-0.011245
-0.00909469
-0.00839456
-0.00908799
-0.00620805
-0.00450169
-0.00563303
-0.0056853
-0.00991212
-0.0122498
-0.00220853
0.00916567
0.0164215
0.0217618
0.0275662
0.0262601
0.0260288
0.0270004
0.025226
0.023994
0.022873
0.0203483
0.0182797
0.0163554
0.0134656
0.00995018
0.0067382
0.00156529
-0.00361154
-0.0081695
-0.01292
-0.0155954
-0.0187557
-0.0203669
-0.0184397
-0.0182346
-0.0179069
-0.0145955
-0.0099693
-0.00528097
0.000587253
0.00477178
0.00934109
0.0114872
0.00206655
-0.0085828
-0.00660352
-0.0100882
-0.0153255
-0.0179862
-0.0190017
-0.00957383
0.00411743
0.0285569
0.0288146
0.0203645
0.0251663
0.023931
0.020766
0.0204753
0.0142714
0.0038781
-0.00026467
-0.00681777
-0.0143757
-0.0184906
-0.0183863
-0.0152126
-0.0132936
-0.0133119
-0.0165951
-0.0186713
-0.0200804
-0.0188689
-0.0175932
-0.0172064
-0.0158255
-0.0142287
-0.0127712
-0.00811195
-0.00190228
0.00221724
0.00247337
0.00183264
0.00305131
0.00641523
0.0104458
0.0128
0.00950163
0.00584968
0.00439916
0.00198964
-0.0006415
-0.00230682
0.000489124
0.00359566
0.00474527
0.00316666
0.00129305
0.000190618
-0.00395454
-0.00870485
-0.0113456
-0.00786893
-0.00503865
-0.00362134
0.00123889
0.00597808
0.0087163
0.00940465
0.0106748
0.0103177
0.00847244
0.00777437
0.00894887
0.0130815
0.0150938
0.0115404
0.00828403
0.00690862
0.0067823
0.00698012
0.00628895
0.00468697
0.00336158
0.00364092
0.00577618
0.00685559
0.00807961
0.00976773
0.00869316
0.00481471
0.00305405
0.00264655
0.00304365
0.00293826
0.00482952
0.00706744
0.0085358
0.0100063
0.00952891
0.00922337
0.0103709
0.0207681
0.0329962
0.0293637
0.0226432
0.0328028
0.0385195
0.0269977
0.0266921
0.0285585
0.017325
0.007946
0.00528124
-0.00126404
-0.00147414
0.00939923
0.0153294
0.0217797
0.0189463
0.0159995
0.0124326
1.99257e-05
-0.0176678
-0.0149805
-0.0195054
-0.0245369
-0.0221609
-0.0230771
-0.0288491
-0.032316
-0.0308272
-0.0313164
-0.0332923
-0.0393903
-0.0418583
-0.0402449
-0.0400008
-0.0379909
-0.0383006
-0.0373541
-0.0346863
-0.0320534
-0.0284204
-0.0239986
-0.0186892
-0.0149029
-0.00798667
0.00566659
0.00769352
0.00757193
0.0123748
0.011973
0.0106141
0.0127247
0.0144428
0.022089
0.0374357
0.0373813
0.0333483
0.0333123
0.0270509
0.0192768
0.012128
0.0107336
0.0119093
0.0100906
0.00957853
0.00903873
0.00332473
-0.00133733
-0.00336104
-0.00745065
-0.014593
-0.021756
-0.0313349
-0.0401979
-0.0386354
-0.038471
-0.0405628
-0.0388118
-0.0302526
-0.0191272
-0.0115845
-0.00542402
0.00121571
0.00476788
0.00529075
0.0049299
0.00982517
0.0200907
0.0269467
0.0229241
0.00734947
0.00248854
0.000526225
-0.00610187
-0.0105519
-0.0102757
-0.0101104
-0.00869227
-0.00706444
-0.0100558
-0.0110322
-0.00536003
-0.00236639
-0.00410877
-0.00381615
0.00102689
0.00883293
0.0115194
0.015895
0.020732
0.0196268
0.0183876
0.01634
0.0135424
0.0119271
0.0124208
0.0142336
0.016264
0.0155946
0.0153858
0.0159111
0.0154533
0.013466
0.0117727
0.0104001
0.00859871
0.00559792
0.00259113
0.00452781
0.00621058
0.00750012
0.00717351
0.00574896
0.00330478
-0.00176188
-0.00937847
-0.0147045
-0.0190314
-0.0227206
-0.0237902
-0.0207766
-0.0199352
-0.0214942
-0.0207957
-0.0206187
-0.0210162
-0.0196181
-0.0168114
-0.0150417
-0.0132045
-0.0131163
-0.0107524
-0.0088359
-0.0097414
-0.00187084
0.00835274
0.00929691
0.0157924
0.0226244
0.0236599
0.0233101
0.0178619
0.012824
0.00902208
0.00483958
0.00136779
0.00186418
0.00159134
-0.00169543
0.00479599
0.010482
0.00779509
0.0087681
0.00839003
0.00542022
0.00628002
0.0102821
0.0120174
0.0165552
0.0200692
0.0116042
0.0117497
0.0145638
0.0124325
0.0124539
0.0130424
0.0126558
0.0126607
0.00986369
0.00285498
-0.00198834
-0.0128381
-0.022894
-0.0287906
-0.0257056
-0.0192988
-0.0170103
-0.0155235
-0.0180202
-0.0189679
-0.018447
-0.0186034
-0.0188714
-0.0187476
-0.0187364
-0.01826
-0.0163377
-0.014797
-0.0132238
-0.0111033
-0.00765298
-0.00315722
-0.00182609
-0.00132953
0.000610221
0.0031145
0.00733971
0.00989368
0.0105045
0.0122931
0.0131375
0.0125194
0.0116465
0.00927249
0.00872561
0.00951397
0.00903151
0.00894447
0.00917025
0.0091137
0.00912381
0.00918435
0.00919399
0.00921815
0.00925032
0.00927328
0.00929913
0.00932616
0.00935142
0.00937711
0.00940272
0.00942779
0.00945273
0.00947731
0.0095014
0.00952525
0.00954677
0.00867825
0.00607922
0.004156
0.00238487
0.00163949
0.00219836
0.00186048
0.0017554
0.00193352
0.0018922
0.0018891
0.003248
0.00712527
0.00975172
0.00957918
0.00944157
0.0113051
0.012722
0.0127164
0.0123486
0.0109848
0.00908924
0.0121308
0.0144716
-0.00084678
-0.00219106
-0.00539447
-0.0278155
-0.0205675
-0.0148848
-0.0198358
-0.0180475
-0.0181469
-0.0233275
-0.0261587
-0.0200174
-0.0114028
-0.0144179
-0.0186736
-0.013722
-0.0107861
-0.0107636
-0.00623995
-0.00180595
-0.00166616
-0.000793598
0.000589252
1.06441e-05
0.000152137
0.00204671
0.00320911
0.00260287
0.00275835
0.00478303
0.00637272
0.00556266
0.00369909
0.00253577
-0.00112869
-0.00462459
-0.00611167
-0.00756934
-0.00968279
-0.0114656
-0.0132747
-0.0159076
-0.018554
-0.0209581
-0.0235509
-0.0173144
-0.00498745
-0.010266
-0.0110193
-0.00930485
-0.0170919
-0.0197258
-0.0189003
-0.0215873
-0.0204838
-0.0188674
-0.0187398
-0.0195025
-0.0237742
-0.0257918
-0.0173906
-0.00910137
-0.00566529
-0.00282861
0.00118259
0.00467654
0.00823369
0.011691
0.011289
0.0106575
0.0113287
0.0110972
0.0123019
0.0145883
0.0177846
0.0227334
0.0261022
0.0250705
0.0247772
0.025499
0.0250397
0.0259313
0.0279416
0.0306145
0.0378871
0.0408563
0.0381066
0.0391283
0.0386641
0.0349724
0.0336131
0.0328604
0.0289031
0.0199498
0.0126361
0.00585424
-0.0022355
-0.00967686
-0.0169705
-0.0213273
-0.019269
-0.020151
-0.0251616
-0.0281685
-0.0282373
-0.0274862
-0.0267521
-0.0230458
-0.0201384
-0.0209279
-0.0233104
-0.0177393
-0.00919635
-0.0119422
-0.0125299
-0.0117389
-0.0142351
-0.0145575
-0.0135063
-0.0131772
-0.0075162
-0.00859057
-0.0184891
-0.0144705
-0.00642439
-0.00766472
-0.00651424
-0.00279605
-0.000515245
0.00796967
0.0195702
0.0224713
0.0223164
0.0234984
0.0202997
0.0172623
0.0157804
0.0133159
0.0143539
0.0154452
0.0153734
0.0129595
0.00677873
0.00292572
-0.00136485
-0.00641772
-0.0106174
-0.0149484
-0.0179891
-0.016861
-0.0168537
-0.0172413
-0.0138903
-0.00953567
-0.00671445
-0.00545513
-0.00858768
-0.0102603
-0.00858692
-1.35859e-05
0.00678574
0.0117195
0.0095491
0.00445716
0.00295041
0.00111361
-4.74205e-05
-0.00110479
-3.22143e-05
0.00139898
0.00207213
0.00464383
0.00830384
0.0106091
0.0100813
0.00893578
0.00881717
0.00664327
0.00370067
0.00198447
0.000553347
0.000801082
0.005092
0.00798184
0.0112005
0.0158941
0.0198097
0.0216401
0.0196059
0.0190282
0.0191804
0.0203714
0.0215256
0.0211196
0.0204873
0.0197441
0.0126079
0.00491548
-0.00126888
-0.00736459
-0.00371387
-0.0012806
-0.00123772
-0.000712961
-0.00639112
-0.0109766
-0.0125344
-0.0143175
-0.0168692
-0.0187682
-0.0206987
-0.022811
-0.0244716
-0.0214868
-0.0162341
-0.0133707
-0.0105756
-0.00952973
-0.00818066
-0.00745262
-0.00900203
-0.00972126
-0.00995224
-0.00839996
-0.00682325
-0.00594024
-0.00478903
-0.00360459
-0.00248856
-0.000521469
0.00209459
0.00406957
0.00368356
0.00147757
0.000630443
-0.00207036
-0.00553522
-0.0062548
-0.00526374
-0.00475129
-0.00317181
-0.00175731
-0.000809051
-0.000625791
-0.000248059
0.000428853
0.0022915
0.00410265
0.00536643
0.00618287
0.00691592
0.00585849
0.00415374
0.00314383
0.00058913
-0.00216907
-0.00487672
-0.00936478
-0.0134146
-0.015367
-0.0163777
-0.0179727
-0.017327
-0.016755
-0.0163031
-0.0132161
-0.0105463
-0.00874793
-0.00848516
-0.00817484
-0.0062939
-0.00276775
-2.16119e-05
0.00302992
0.00877451
0.014135
0.0187215
0.0206597
0.0199041
0.0213639
0.0247208
0.0281381
0.0309909
0.0341446
0.0354195
0.036387
0.0377441
0.033773
0.0273908
0.0236755
0.0184935
0.0124303
0.00719547
0.00444907
0.00549615
0.00460326
0.00407053
0.00636227
0.00830884
0.00959885
0.0112659
0.0107833
0.0103197
0.0105294
0.00555
-0.00456172
-0.00852186
-0.0107531
-0.0173994
-0.0242551
-0.0289821
-0.0284792
-0.0264748
-0.0267312
-0.0259267
-0.0271232
-0.0286904
-0.0295895
-0.0330656
-0.0368952
-0.0349859
-0.0300398
-0.0278278
-0.023432
-0.0185962
-0.0145989
-0.00962949
-0.00422391
-0.000137485
0.00253979
0.00593122
0.00758199
0.00692745
0.00779496
0.00676243
0.00342833
0.00171435
0.00701329
0.0201009
0.020576
0.0142361
0.0153958
0.0146854
0.0129171
0.0123114
0.0130761
0.0169229
0.0196871
0.0192071
0.0151229
0.0130556
0.0103033
0.00631692
0.00356922
0.00415229
0.00420323
0.00269164
0.00149872
0.000636189
-0.000412124
-0.000744616
-0.00119359
-0.0038279
-0.00780428
-0.0104528
-0.0133145
-0.0159799
-0.0135026
-0.0106593
-0.009557
-0.00724581
-0.00575702
-0.00460437
-0.00300109
-0.00182484
-0.000834642
0.000371241
0.00149123
0.00267337
0.00404526
0.00532336
0.00651137
0.00680875
0.00683471
0.00725036
0.00670716
0.00310611
0.00010655
-0.0022962
-0.00592288
-0.0099756
-0.013559
-0.0146643
-0.012895
-0.0131033
-0.0129724
-0.0123577
-0.0120414
-0.0109178
-0.00966991
-0.00874363
-0.00766268
-0.00715965
-0.00688539
-0.00632559
-0.00570095
-0.00330493
-0.00070361
0.00124868
0.00325579
0.00175272
-0.000133505
-0.000146076
-0.00079659
-0.00178429
-0.00144861
0.000517491
0.00173406
0.00293004
0.00483466
0.0068842
0.00868042
0.0106011
0.0125588
0.0135156
0.0119374
0.0110588
0.0106599
0.011013
0.0119349
0.0123492
0.0122676
0.0092915
0.00669531
0.00486383
0.00317063
0.0018637
0.000326591
-0.000981272
-0.00117843
-0.00152576
-0.00214482
-0.00163799
0.000434578
0.00181199
0.00315066
0.00406052
0.00319399
0.00293099
0.00282159
0.00296669
0.00461528
0.00577839
0.00616955
0.00622425
0.00621309
0.0024378
-0.00171439
-0.00364954
-0.00289787
-0.00278842
-0.0017255
0.00222468
0.00476551
0.00635007
0.00850192
0.0106522
0.0123665
0.0123582
0.0119946
0.0140114
0.016408
0.0178549
0.0155705
0.00854717
0.00486876
0.00213135
-0.0015679
-0.00329127
-0.00210179
-0.00246269
-0.00239798
-0.000852659
9.8319e-05
0.000941123
0.00135462
-0.000403093
-0.0016333
-0.00399357
-0.00856309
-0.0118724
-0.015996
-0.0209008
-0.0245389
-0.0266246
-0.0292418
-0.0308119
-0.0313954
-0.0311313
-0.0282979
-0.026374
-0.0230422
-0.0187167
-0.0146433
-0.00759131
-0.000818681
0.00149095
0.000391764
0.00208099
0.0028784
0.00284067
0.00364887
0.0065084
0.0103092
0.0128027
0.013217
0.0136371
0.0143702
0.0138976
0.0135232
0.0110019
0.00707288
0.00453876
0.00265154
0.000784262
-0.000970457
-6.93041e-06
0.00116287
0.00131572
0.00144369
0.00163653
0.00138949
-0.0033587
-0.00922604
-0.0123695
-0.0159679
-0.0191159
-0.0184025
-0.017735
-0.0152878
-0.0125412
-0.010811
-0.00943112
-0.00774178
-0.006044
-0.00432061
-0.00284548
-0.00397192
-0.00577149
-0.00636789
-0.00739933
-0.00863321
-0.00931886
-0.00883463
-0.00859066
-0.00720208
-0.00395989
-0.00185703
0.000481925
0.00327039
0.00576052
0.00714753
0.00551987
0.00468044
0.00442641
0.00537976
0.00754591
0.00911172
0.013696
0.01816
0.0171097
0.0171687
0.0180683
0.0144151
0.011304
0.00939909
0.00646773
0.00414894
0.00623412
0.00846318
0.00843333
0.00717203
0.00653616
0.00599573
0.00595962
0.0063387
0.00636556
0.00655379
0.00658592
0.00589208
0.0054039
0.00502123
0.00442966
0.00385144
0.00332675
0.00285105
0.0029629
0.003042
0.00297998
0.00330125
0.0036662
0.00390459
0.00419476
0.00423429
0.00427166
0.00455225
0.00606945
0.00769698
0.00890066
0.00991875
0.0101887
0.0107198
0.0109122
0.0105462
0.00676754
0.00194942
0.00122407
0.00254983
0.00108838
3.12557e-05
0.000122891
0.000314296
0.00483335
0.0144421
0.00719639
-0.0129464
-0.00911214
-0.00763468
-0.0132094
-0.0118889
-0.0114367
-0.0132276
-0.0146943
-0.0158791
-0.0172577
-0.0184558
-0.0196065
-0.0192479
-0.0176465
-0.0170312
-0.0145514
-0.00545466
0.00232889
0.00596901
0.00813311
0.010197
0.00346831
-0.00164422
-0.00425563
-0.00723728
-0.00359262
-0.00104377
0.000832133
0.00710518
0.0125381
0.0149457
0.0125562
0.0115241
0.0110564
0.00882606
0.00674989
0.00290353
-0.000707356
0.000684023
0.00271542
0.00292887
0.00379348
0.0032132
0.00263421
0.00248254
0.00218107
0.00402253
0.00612128
0.00620457
0.00505582
0.00487997
0.00482222
0.00838878
0.0132347
0.0128063
0.00928417
0.00875894
0.00623774
0.00223635
-0.000525226
-0.00443758
-0.00901544
-0.0126638
-0.0138699
-0.0144875
-0.0158663
-0.010915
-0.00144653
0.00356561
0.00749182
0.012809
0.0155707
0.0154672
0.0136248
0.00714161
0.00267761
-0.00242086
-0.00471343
-0.00235179
-0.00295636
-0.00344593
-0.00657352
-0.0106883
-0.00712811
0.00166583
-0.00421815
-0.00935702
-0.00935792
-0.0125303
-0.0157187
-0.0161793
-0.0158564
-0.0164122
-0.0135583
-0.00909812
-0.00796128
-0.00836881
-0.00740305
-0.0110975
-0.0180161
-0.0162059
-0.0125218
-0.012421
-0.0100873
-0.00697809
-0.00430113
-0.00154693
-0.00283578
-0.0102709
-0.0127385
-0.0107606
-0.011542
-0.0117233
-0.0094556
-0.00813949
-0.00773804
-0.00786767
-0.00727089
-0.00143904
0.00755049
0.0182206
0.0177775
0.0131739
0.0176531
0.0175474
0.0138061
0.0100492
0.00705873
0.00152663
-0.00550888
-0.00775005
-0.00551588
-0.00584595
-0.00149072
0.00507437
0.00885181
0.0111476
0.011836
0.0109715
0.0112074
0.0125676
0.0134941
0.013816
0.0132506
0.012914
0.0123402
0.0109773
0.0099695
0.00908302
0.008108
0.00714171
0.00458922
-0.00110998
-0.00558635
-0.00925716
-0.0127947
-0.0163183
-0.0151483
-0.0103457
-0.00852569
-0.00641843
-0.00428998
-0.0024137
-0.00260438
-0.00446446
-0.00500862
-0.00622976
-0.00794284
-0.00911198
-0.0102985
-0.0115879
-0.0121175
-0.0126956
-0.0134746
-0.0133248
-0.0123659
-0.0120257
-0.00902746
-0.00304395
0.00082981
0.00258675
0.00121049
0.00135885
0.00269371
0.00509836
0.00693387
0.00914248
0.0117987
0.0145492
0.0202009
0.0200075
0.0145239
0.0134997
0.0112419
0.0079186
0.00554068
0.00221751
-0.00172588
-0.00364744
-0.00508811
-0.00738021
-0.00838737
-0.00230542
0.00410731
0.00772303
0.0119072
0.0163944
0.0166601
0.0125951
0.0116324
0.0105784
0.0103349
0.0103896
0.0108138
0.0118959
0.0125897
0.0129409
0.00761001
-0.00064207
-0.00544847
-0.0109699
-0.0167702
-0.0155343
-0.0127244
-0.0135345
-0.0138363
-0.0132315
-0.0132503
-0.011422
-0.00799765
-0.00557973
0.000222544
0.00628749
0.00451247
0.00405792
0.00563978
0.00533805
0.00530898
0.00570878
0.00567127
0.00551981
0.00552792
0.00540168
0.00506337
0.00481188
0.00457783
0.00420507
0.00309448
0.00193965
0.0010473
-3.00637e-05
-0.00109762
-0.00209346
-0.00280292
-0.000865929
0.00126946
0.00247805
0.00311318
0.00234678
0.00235337
0.00158635
-0.00515135
-0.0117921
-0.0127142
-0.0133108
-0.0143738
-0.0113661
-0.00893927
-0.00546372
-0.00140136
0.00199376
0.00390686
0.00330577
0.0039299
0.00438628
0.00317874
0.00201552
0.00131935
0.000186566
-0.001018
-0.00200028
-0.00210532
-0.00150044
-0.00146286
-0.00129487
-0.00118908
-0.00118201
-0.00157305
-0.00327189
-0.00475962
-0.00714099
-0.00972803
-0.00982579
-0.00786916
-0.00747304
-0.00550253
-0.00253705
-0.000565214
0.00168455
0.00360103
0.00484739
0.004942
0.00380687
0.00351809
0.00345403
0.00495661
0.00632847
0.00689807
0.00692633
0.00715379
0.00740936
0.00719608
0.00488662
0.00280883
0.00296598
0.00493358
0.00568156
0.00503872
0.00306294
0.00208731
0.0012385
0.000499988
-0.000212616
-0.00022508
-2.23799e-05
-0.000188139
-0.00045762
-0.000690207
-0.00165816
-0.00300597
-0.00370156
-0.00428663
-0.00512118
-0.00719859
-0.0118978
-0.0153929
-0.0159717
-0.0151428
-0.0157425
-0.0149085
-0.0128466
-0.0117931
-0.0105163
-0.00952573
-0.00934046
-0.00849402
-0.00587872
-0.0033437
-0.00127142
0.00138037
0.00386407
0.00617292
0.00825459
0.00908536
0.0100699
0.0113583
0.0123933
0.0134052
0.013373
0.0120959
0.0116286
0.00969138
0.00681713
0.00713896
0.0069852
0.00591049
0.00362972
-0.000217328
-0.0016087
-0.00227773
-0.00371776
-0.00150894
0.00104756
0.00224918
0.00415921
0.00584835
0.00713478
0.0070258
0.00675136
0.00696358
0.006277
0.0049962
0.00427266
0.00340921
0.00230393
0.000372619
-0.00106095
0.00106787
0.00313918
0.00387347
0.00283522
0.00051725
-0.000482339
-0.00177471
-0.00154236
0.00103567
0.00169993
0.00192708
0.00291072
0.00354556
0.00383891
0.00351265
0.00327082
0.00301213
0.00124732
-0.000517244
-0.00165056
-0.00211394
-0.00207352
-0.0024257
-0.00257629
-0.00256904
-0.00269394
-0.00294328
-0.00316209
-0.00334842
-0.00383542
-0.00450019
-0.00466276
-0.00433379
-0.004269
-0.00418933
-0.00398851
-0.00385177
-0.00365784
-0.00336247
-0.00343422
-0.00469309
-0.00575598
-0.00672362
-0.0073461
-0.00689489
-0.00681793
-0.00659805
-0.00573346
-0.00515687
-0.00464755
-0.00411795
-0.00380082
-0.00343446
-0.00309988
-0.00286628
-0.00259961
-0.00243543
-0.00242555
-0.00232749
-0.00192434
-0.00123664
-0.000865882
-0.0005455
-0.000134268
0.00028675
0.00158304
0.0027504
0.00232323
0.00233703
0.0027184
0.00272739
0.00278815
0.00299138
0.00311273
0.00329381
0.00354742
0.00364227
0.00363749
0.00337561
0.00302277
0.00235756
0.00088589
0.000739751
0.00133055
0.00112531
0.00115441
0.00130683
0.00130834
0.00132915
0.00129631
0.00124618
0.00116936
0.000884272
0.000658825
0.000552249
0.000502987
0.000429848
0.000368437
0.000368072
0.000416853
0.000428665
0.000465855
0.00060128
0.000679771
0.000619956
0.000596683
0.000543832
0.000409739
0.000334705
0.000299852
0.000302416
0.00028274
0.000224854
0.000162878
0.000124739
9.06939e-05
5.80645e-05
3.46755e-05
9.44704e-05
0.000201904
0.000212239
0.000198388
0.000219382
0.000217292
0.000195629
0.00022689
0.000256369
0.000228251
0.000149769
9.1232e-05
4.67866e-05
1.44311e-05
-3.80122e-06
-2.60858e-05
-4.3007e-05
-5.50727e-05
-6.70354e-05
-7.36188e-05
-6.62762e-05
-6.31524e-05
-6.34946e-05
-5.91154e-05
-5.10349e-05
-4.75514e-05
-4.68098e-05
-5.08363e-05
-5.51845e-05
-5.93124e-05
-6.68967e-05
-7.33109e-05
-7.99701e-05
-8.80105e-05
-9.36735e-05
-9.94988e-05
-0.000106238
-0.000109568
-0.000110147
-0.00011183
-0.000114044
-0.000114996
-0.000115347
-0.000114812
-0.000113265
-0.000112175
-0.00011084
-0.000108926
-0.000107164
-0.000105559
-0.000103968
-0.000102333
-0.000100638
-9.8929e-05
-9.72324e-05
-9.54247e-05
-9.3528e-05
-9.15817e-05
-8.95779e-05
-8.75352e-05
-8.54365e-05
-8.32943e-05
-8.11105e-05
-7.89095e-05
-7.67181e-05
-7.45434e-05
-7.23651e-05
-7.01944e-05
-6.80466e-05
-6.59198e-05
-6.38245e-05
-6.17776e-05
-5.97788e-05
-5.78321e-05
-5.59401e-05
-5.4108e-05
-5.23391e-05
-5.06359e-05
-4.90029e-05
-4.74439e-05
-4.59613e-05
-4.45573e-05
-4.32337e-05
-4.19923e-05
-4.08346e-05
-3.97616e-05
-3.87742e-05
-3.78733e-05
-3.70591e-05
-3.6332e-05
0
0
0
0
