-0.0293285
-0.0296854
-0.0300449
-0.0304195
-0.0308144
-0.0312746
-0.0318441
-0.0324212
-0.0325802
-0.0316054
-0.0306564
-0.0299149
-0.0291046
-0.0290163
-0.0305826
-0.0322201
-0.0314152
-0.0304377
-0.0324542
-0.0398968
-0.0449842
-0.0550183
-0.0748742
-0.0701778
-0.0472183
-0.0450204
-0.0358551
-0.0135672
0.00946253
0.0481963
0.0736012
0.0620433
0.0131692
-0.0583936
-0.0421208
-0.00257706
0.00216971
0.0182679
-0.0280579
-0.161783
-0.227723
-0.248063
-0.288242
-0.229941
-0.143476
-0.0283382
0.0349365
0.0156323
-0.0689137
-0.128553
-0.0371555
0.0995022
0.10986
0.0202881
-0.0762725
-0.160754
-0.157409
-0.171674
-0.1744
-0.132509
-0.0717614
0.00522205
0.0972722
0.258469
0.299123
0.244991
0.117135
-0.109438
-0.145659
-0.093809
-0.183591
-0.200578
-0.108825
0.0684697
0.256399
0.315277
0.21335
-0.152626
-0.492074
-0.377253
-0.284312
-0.330278
-0.261271
-0.275347
-0.296416
-0.285357
-0.217781
-0.108898
-0.0808042
-0.10072
-0.107874
-0.0781316
0.0847991
0.354735
0.536683
0.490292
0.247056
0.0949707
-0.0347969
0.0945573
0.229267
0.319234
0.654989
0.930403
0.976868
1.09374
1.07362
1.03891
0.862233
0.479653
0.288786
0.120998
0.0215603
0.0929466
0.251154
0.504762
0.850314
0.878065
0.800459
0.699275
0.33829
-0.0238842
0.045478
0.0874967
0.121773
0.33218
0.447599
0.529108
0.703638
0.890115
0.890664
0.906044
0.969014
0.922659
0.798087
0.568606
0.0477355
-0.401205
-1.23891
-1.60019
-1.52393
-1.64717
-1.63551
-1.48914
-1.38363
-1.32943
-1.29393
-1.29183
-1.25933
-1.18102
-1.14365
-1.18634
-1.17835
-1.0581
-0.952493
-0.784966
-0.305441
0.133789
0.87129
1.25403
1.37823
1.52842
1.14843
-0.0596679
-0.229821
0.258529
0.241261
0.566244
0.825115
0.841317
0.807021
0.766688
0.64536
0.466877
0.303398
-0.0204917
-0.463473
-0.68936
-0.817062
-1.04033
-1.19063
-1.26696
-1.30234
-1.33446
-1.32228
-1.2631
-1.21207
-1.08992
-0.828808
-0.575878
-0.456213
-0.172864
0.195434
0.265615
0.378926
0.429217
0.391634
0.505844
0.762228
1.10171
1.42337
1.65485
1.83625
1.94888
1.76421
1.10456
0.258839
-0.43835
-1.48583
-1.46583
-1.08645
-0.572657
-0.00911328
0.255217
0.537231
0.636199
0.814597
1.11237
1.21182
1.18732
1.04055
0.649016
0.217998
-0.0565627
-0.355046
-0.572216
-0.533485
-0.452491
-0.329411
0.0517175
0.584284
0.750676
0.618613
0.310714
0.292277
0.463753
0.413522
0.406671
0.307946
-0.186487
-0.719676
-1.23145
-1.59879
-1.62675
-1.65835
-1.64179
-1.50328
-1.37903
-1.29985
-1.23492
-1.32081
-1.49295
-1.70554
-1.7723
-1.46165
-1.22935
-0.710892
0.0373248
0.690335
1.34712
2.31614
3.05478
3.1407
3.07234
2.80863
2.47639
2.02588
1.43012
1.14816
0.968456
0.578915
0.303915
0.183329
0.0421963
-0.0165576
0.0012671
-0.218173
-0.810395
-1.47282
-1.60423
-1.72306
-1.87487
-1.61505
-1.29572
-1.18385
-1.06051
-0.790857
-0.648266
-0.509517
-0.551474
-0.745402
-0.805647
-0.868985
-0.745505
-0.482032
-0.18495
0.0138811
0.11742
0.245059
0.369558
0.436789
0.460468
0.423147
0.534642
0.837229
0.953273
0.975075
1.00318
1.03969
1.122
1.19232
1.12688
0.852709
0.434912
-0.0359202
-0.117639
-0.112481
-0.176942
-0.197318
-0.189222
-0.179626
-0.139141
-0.363946
-0.671156
-0.92389
-1.26919
-1.19712
-1.02794
-0.782767
-0.401858
-0.1372
0.150514
0.508087
0.786902
0.875936
0.870509
0.890516
0.903082
1.21027
1.48685
1.46446
1.50864
1.43531
0.998903
0.450822
-0.144295
-0.193201
-0.371477
-0.578117
-0.500262
-0.394779
-0.376177
-0.404875
-0.409267
-0.35762
-0.246013
0.000751425
0.197342
0.255275
0.209844
0.149213
-0.0486971
-0.363701
-0.511037
-0.624706
-0.78095
-0.722148
-0.542397
-0.547545
-0.54832
-0.49966
-0.421208
-0.196046
0.0858776
0.196735
0.271511
0.353633
0.362395
0.373943
0.323216
0.125839
-0.240406
-0.514229
-0.520506
-0.656472
-0.814372
-0.850531
-0.935667
-0.975286
-0.858851
-0.635627
-0.319195
-0.223007
-0.236351
-0.252021
-0.409213
-0.450941
-0.384832
-0.207668
0.0675173
0.331753
0.530617
0.700527
0.857197
0.961253
0.96077
0.855444
0.683871
0.489357
0.399239
0.25874
0.0570255
-0.137579
-0.356584
-0.485811
-0.60505
-0.712008
-0.768312
-0.72252
-0.64474
-0.439776
-0.138629
0.21341
0.589052
0.944592
1.26537
1.61618
1.8426
1.96724
2.06593
2.03374
1.92315
1.28795
-0.36442
-0.768105
-0.76489
-1.20924
-1.34786
-1.1844
-1.01238
-0.559729
-0.181104
0.0354876
0.103649
0.161219
0.0217802
-0.256834
-0.520749
-0.712117
-0.677975
-0.768495
-0.65685
-0.458222
-0.152206
0.24958
0.287471
0.302102
0.399668
0.361755
0.27978
0.15716
0.0385831
-0.0863341
-0.19156
-0.342132
-0.495564
-0.703282
-0.805142
-0.615995
-0.440154
-0.224376
0.334253
0.427439
0.336314
0.467016
0.410517
0.335281
0.306719
0.0966716
-0.0446562
-0.0980666
-0.25146
-0.400827
-0.373439
-0.234096
-0.117246
0.09811
0.320265
0.513506
0.619962
0.565736
0.380987
-0.280174
-0.527902
-0.770694
-1.05749
-0.977278
-0.967234
-0.96322
-0.842358
-0.271656
0.025844
0.174719
0.535665
0.740697
0.781444
0.818742
0.797154
0.617133
0.459109
0.349221
0.251595
0.152225
0.0524269
-0.0981568
-0.306138
-0.379467
-0.477513
-0.547793
-0.401907
-0.240373
0.0213374
0.174705
0.18602
0.156307
0.0644889
-0.0877277
-0.164975
-0.197595
-0.131012
0.0281268
0.226483
0.325334
0.424127
0.470074
0.436799
0.423438
0.429167
0.409811
0.392735
0.37815
0.358262
0.358397
0.402883
0.444661
0.458458
0.437158
0.378713
0.292369
0.236246
0.0821791
-0.148799
-0.257465
-0.359901
-0.347046
-0.191939
-0.0484513
0.0452964
0.121961
0.127366
0.0583051
0.0483299
0.0849836
0.110381
0.136778
0.132306
0.0326925
-0.231069
-0.41726
-0.600645
-0.821672
-0.783208
-0.679676
-0.570229
-0.363945
-0.204899
-0.0687981
-0.0390646
-0.0330013
0.028603
0.0665275
0.059976
0.0599124
0.0711326
0.0334763
0.0155929
0.0290581
0.0240456
0.000964735
-0.056413
-0.13292
-0.280842
-0.329022
-0.335381
-0.331483
-0.288745
-0.214213
-0.0890021
0.00705236
0.11166
0.243303
0.388178
0.481656
0.477605
0.518435
0.480885
0.386941
0.313243
0.150879
-0.0106993
-0.253079
-0.464903
-0.558327
-0.63792
-0.673215
-0.599823
-0.53008
-0.401468
-0.302921
-0.207736
-0.147429
-0.148549
-0.179982
-0.190445
-0.225423
-0.201006
-0.0357813
0.0648339
0.247719
0.381486
0.520822
0.656009
0.650697
0.550339
0.375684
0.181523
0.066824
0.0577297
0.0825901
0.116851
0.211999
0.339211
0.386878
0.393217
0.362622
0.25497
0.06277
-0.152801
-0.184844
-0.256508
-0.179358
-0.153547
-0.162484
-0.149279
-0.131368
-0.108817
-0.0752467
-0.0507361
-0.0189412
0.00854174
0.00719818
-0.0202703
-0.0799785
-0.133138
-0.186459
-0.235862
-0.235367
-0.225409
-0.0633188
0.115928
0.221202
0.285161
0.338492
0.324744
0.265209
0.217142
0.0724388
-0.20566
-0.415557
-0.4076
-0.387093
-0.279928
-0.154522
-0.0655906
0.0396496
0.130958
0.123237
0.0320701
0.00887256
-0.0743814
-0.230589
-0.192198
-0.0743406
0.0700158
0.262871
0.361756
0.473323
0.579356
0.585901
0.612402
0.648745
0.621943
0.470697
0.161861
-0.0969631
-0.240997
-0.301576
-0.401784
-0.418454
-0.283076
-0.127352
-0.184485
-0.155406
-0.103751
-0.145897
-0.155041
-0.033366
0.0748257
0.127466
0.202293
0.183256
0.0554544
0.0372027
0.096943
0.0939596
0.0907867
0.006799
-0.269059
-0.363034
-0.512385
-0.61497
-0.507577
-0.297276
-0.117594
0.034068
0.0791508
0.105833
0.125276
0.16707
0.231177
0.298969
0.381035
0.357705
0.267456
0.218463
0.0929653
0.0131116
-0.0397506
-0.122126
-0.222984
-0.284205
-0.325936
-0.338451
-0.252912
-0.233335
-0.23151
-0.193646
-0.20923
-0.2459
-0.260319
-0.116176
-0.0192831
0.0260587
0.119801
0.175484
0.197927
0.227727
0.181516
0.0751105
-0.105683
-0.249541
-0.306071
-0.226953
-0.0802302
0.131059
0.468905
0.527628
0.601661
0.714908
0.71178
0.740387
0.605147
0.397127
0.216632
-0.0762684
-0.17923
-0.196445
-0.258881
-0.272635
-0.14872
-0.112857
-0.135825
-0.104113
-0.120737
-0.141201
-0.145497
-0.176288
-0.22287
-0.265418
-0.43097
-0.598047
-0.69261
-0.766613
-0.800058
-0.808144
-0.750624
-0.718948
-0.577897
-0.411399
-0.237233
-0.0832417
0.0543777
0.197372
0.20671
0.242423
0.305586
0.268499
0.25037
0.267412
0.2528
0.240904
0.221693
0.187172
0.117759
0.0461138
0.0418902
0.0292414
-0.0108195
-0.0576943
-0.0976558
-0.11782
-0.133442
-0.153951
-0.116549
-0.0788403
-0.0262401
0.0439069
0.0705423
0.106725
0.140365
0.10453
0.0903149
0.0910821
0.101173
0.119563
0.131561
0.158325
0.183127
0.205633
0.231906
0.255565
0.269341
0.287409
0.322715
0.359296
0.388216
0.393791
0.365386
0.361936
0.350486
0.320496
0.293245
0.222129
0.144931
0.0570464
0.04405
0.0420099
0.0607141
0.205203
0.323571
0.426387
0.422603
0.442515
0.332316
0.103285
-0.0721506
-0.165895
-0.260634
-0.326695
-0.245647
-0.209604
-0.212793
-0.164365
-0.132097
-0.150858
-0.15853
-0.177961
-0.204912
-0.196518
-0.203357
-0.214943
-0.217711
-0.223678
-0.22448
-0.146829
-0.0468422
-0.00290396
0.0507235
0.112657
0.15313
0.182492
0.16494
0.0906411
0.0651052
0.0309706
-0.0673252
-0.151982
-0.128919
-0.0743146
-0.0621938
0.103367
0.181158
0.11866
0.0733209
0.0483977
-0.184107
-0.414345
-0.476517
-0.566668
-0.629134
-0.604696
-0.520077
-0.433548
-0.364183
-0.27904
-0.197005
-0.119195
-0.048332
0.0212164
0.0601474
0.0940307
0.14098
0.169212
0.198456
0.169468
0.071141
0.0746148
0.0707153
0.175837
0.250023
0.253322
0.229692
0.139537
0.0419272
-0.0532376
-0.0241327
0.0359527
0.0457215
0.0766066
0.0958785
0.108722
0.124351
0.0867045
0.0520119
0.021464
-0.0328593
-0.124468
-0.202667
-0.247737
-0.289535
-0.299792
-0.324557
-0.344633
-0.352654
-0.333259
-0.229565
-0.143035
0.005973
0.157377
0.260573
0.283233
0.339024
0.397162
0.313889
0.205389
0.157044
0.133429
0.142636
0.118449
0.109556
0.0721843
-0.00373554
-0.0054392
-0.00734776
0.0377906
0.116218
0.203393
0.288307
0.313474
0.313396
0.253331
0.133818
0.0463896
-0.0310717
-0.10231
-0.101878
-0.0201139
0.00848333
0.0512607
0.0626411
0.0022074
-0.0395871
-0.0691406
-0.118263
-0.130392
-0.135874
-0.144514
-0.117525
-0.103592
-0.0685796
0.0157111
0.07242
0.108103
0.131386
0.168017
0.196254
0.209284
0.157527
0.108186
0.0568704
-0.0135365
-0.0485081
-0.0714278
-0.113573
-0.137075
-0.110351
-0.00795053
0.0517785
0.143375
0.267247
0.364133
0.475179
0.593825
0.632181
0.581924
0.394798
0.043171
-0.0918763
-0.115003
-0.431878
-0.484534
-0.528158
-0.619178
-0.616177
-0.563772
-0.518956
-0.554045
-0.548477
-0.554224
-0.567695
-0.401371
-0.146221
-0.0634814
0.145722
0.397439
0.348092
0.432232
0.500098
0.463958
0.329413
0.200221
0.0239224
-0.172605
-0.157089
-0.148163
-0.219231
-0.212739
-0.193317
-0.168689
-0.123782
-0.0510939
0.0861532
0.275555
0.341679
0.345766
0.425487
0.393244
0.291629
0.24283
0.147323
0.0414482
0.0199174
-0.0324104
-0.110294
-0.157023
-0.151397
-0.120578
-0.122583
-0.102446
-0.0811236
-0.0952083
-0.0932172
-0.0493046
0.00789889
0.111639
0.16484
0.200689
0.189429
0.0947707
-0.0833122
-0.21614
-0.250076
-0.329663
-0.423541
-0.499433
-0.532691
-0.551984
-0.508651
-0.46492
-0.378176
-0.21979
-0.157767
-0.0847217
-0.043881
-0.0473316
0.002605
0.039683
0.13131
0.245835
0.342438
0.361175
0.373058
0.228284
0.0396616
-0.0695473
-0.19797
-0.251255
-0.314948
-0.338874
-0.316039
-0.270639
-0.206371
-0.102401
-0.0394256
0.0256233
0.0904965
0.0993151
0.128107
0.164491
0.185737
0.211639
0.240574
0.265205
0.236374
0.178273
0.151769
0.0863938
0.0347376
0.0912772
0.129366
0.25207
0.346274
0.320511
0.352258
0.303978
0.24135
0.213026
0.160547
0.144335
0.146402
0.131205
0.184047
0.233443
0.240862
0.233619
0.107902
0.0284286
0.0316215
0.00970562
0.0252441
0.0515956
0.0263216
-0.0225376
-0.06631
-0.0909806
-0.102273
-0.0839354
-0.0737419
-0.0401445
-0.000258797
0.0946823
0.19836
0.234847
0.26086
0.266067
0.188136
0.0990583
-0.0734942
-0.220441
-0.212168
-0.243868
-0.284803
-0.251205
-0.196672
-0.143902
-0.069756
-0.00323153
0.0670967
0.125852
0.15952
0.172707
0.167536
0.124567
0.0724106
0.0148082
-0.0654634
-0.145651
-0.186343
-0.233891
-0.275359
-0.215892
-0.123905
-0.0688387
-0.0121931
0.0123239
-0.0263157
-0.0317326
-0.0307121
-0.0499241
-0.0627081
-0.076998
-0.129418
-0.180705
-0.211052
-0.222064
-0.233016
-0.236157
-0.238229
-0.220986
-0.206886
-0.198047
-0.165191
-0.117929
-0.09842
-0.144213
-0.167533
-0.175928
-0.205266
-0.229298
-0.221749
-0.202248
-0.195032
-0.119185
-0.0349878
0.0408765
0.189078
0.250582
0.224089
0.229523
0.157976
0.134667
0.134915
0.0959782
0.0755376
0.0529682
0.00299677
-0.0346239
-0.0686431
-0.0689069
-0.0168265
-0.00227334
0.0208067
0.0622596
0.0938226
0.124578
0.111942
0.0564773
0.0406768
-0.0117806
-0.0762505
-0.108974
-0.151614
-0.126771
-0.0731647
-0.0571541
0.017224
0.094866
0.146152
0.16955
0.182279
0.142527
0.085519
0.084739
0.0905766
0.0679855
0.0882053
0.134987
0.175503
0.283311
0.37192
0.431979
0.436939
0.390638
0.358925
0.337089
0.302482
0.265131
0.228339
0.132166
-0.0640881
-0.206412
-0.334019
-0.368241
-0.41396
-0.431996
-0.432147
-0.428881
-0.383266
-0.355534
-0.306527
-0.206472
-0.134835
-0.0716623
-0.00260352
0.0677702
0.134859
0.204471
0.27509
0.334219
0.388759
0.444921
0.454812
0.466679
0.484584
0.486742
0.491892
0.468688
0.428752
0.336597
0.215972
0.154776
0.0732428
-0.093175
-0.216091
-0.295535
-0.403793
-0.425567
-0.312288
-0.279145
-0.278352
-0.235024
-0.229948
-0.251703
-0.325268
-0.371048
-0.412083
-0.459688
-0.46908
-0.420759
-0.339559
-0.261667
-0.148088
-0.150229
-0.123754
-0.0813211
-0.0771031
-0.0478525
0.0103014
0.0580928
0.19013
0.326874
0.339049
0.372137
0.316702
0.227541
0.0994383
-0.00190691
-0.00616509
-0.0194096
0.026509
0.111105
0.175703
0.210518
0.232918
0.217311
0.120906
0.0437138
-0.0161081
-0.115044
-0.220686
-0.305413
-0.344302
-0.337132
-0.381314
-0.420037
-0.427606
-0.436755
-0.440525
-0.307572
-0.182868
-0.0958458
0.0593126
0.187445
0.25257
0.320247
0.301081
0.243811
0.214064
0.184085
0.171507
0.170253
0.169678
0.190358
0.200319
0.181146
0.130477
0.0456908
-0.116276
-0.227874
-0.315023
-0.310942
-0.327316
-0.307894
-0.250369
-0.220049
-0.118446
0.00734587
0.0924856
0.197866
0.282248
0.339987
0.377318
0.382482
0.381893
0.169738
-0.0607058
-0.152292
-0.155387
-0.263896
-0.273688
-0.259457
-0.231346
-0.188954
-0.086807
0.0300523
0.111709
0.200191
0.292075
0.333414
0.378291
0.439261
0.420028
0.295336
0.233677
0.130611
0.015389
0.00251062
-0.0413999
-0.0694737
-0.0220866
-0.017128
-0.00998457
0.0169182
0.0598998
0.117318
0.194858
0.36284
0.427855
0.409698
0.371138
0.303825
0.181914
-0.0267312
-0.179325
-0.233691
-0.301487
-0.336874
-0.334077
-0.330038
-0.330753
-0.307756
-0.293691
-0.292632
-0.282496
-0.272608
-0.266538
-0.225645
-0.155924
-0.111916
-0.0258749
0.0648147
0.137262
0.198425
0.246834
0.307794
0.358939
0.3671
0.375426
0.395196
0.341096
0.269008
0.234115
0.164201
0.0597995
-0.0171851
-0.0514183
-0.0920343
-0.0853461
-0.0101341
0.010272
0.0646628
0.164818
0.226953
0.237702
0.261839
0.209309
0.088319
0.000252574
-0.131177
-0.24383
-0.343302
-0.445961
-0.528836
-0.536818
-0.537091
-0.539718
-0.47505
-0.411365
-0.357164
-0.287413
-0.216815
-0.166952
-0.140716
-0.0985182
-0.0584117
0.00556197
0.111167
0.180542
0.201287
0.23912
0.274126
0.189121
0.118023
0.0832046
-0.0126469
-0.125137
-0.217088
-0.332684
-0.367446
-0.373653
-0.428932
-0.408111
-0.321826
-0.292531
-0.215456
-0.00232852
0.135668
0.210062
0.274928
0.347979
0.372878
0.34535
0.270042
0.123049
-0.0674939
-0.249239
-0.391403
-0.453416
-0.477001
-0.425532
-0.369394
-0.279039
-0.165416
-0.0773696
-0.00380411
0.0786205
0.133685
0.179697
0.233551
0.274994
0.271884
0.228536
0.224585
0.179799
0.106101
0.114318
0.0942043
0.0328386
0.000872567
-0.0629252
-0.177691
-0.314874
-0.282447
-0.264583
-0.17193
-0.0342817
0.0625294
0.259024
0.440684
0.5619
0.587319
0.643351
0.669487
0.538528
0.434187
0.324741
0.228556
0.171323
0.120096
0.0630807
0.036282
0.0146065
-0.0126676
0.0251704
0.0582914
0.0912823
0.180001
0.244383
0.290448
0.349531
0.364843
0.335514
0.347348
0.326459
0.265602
0.0843888
-0.0977037
-0.131854
-0.224102
-0.266671
-0.313329
-0.350314
-0.369748
-0.348011
-0.257375
-0.199682
-0.127127
-0.0650078
-0.0119313
0.0513707
0.0913373
0.124262
0.165943
0.184127
0.142165
0.095147
0.0421671
-0.00791428
-0.0556237
-0.1163
-0.198912
-0.26797
-0.312343
-0.33561
-0.373279
-0.362411
-0.349613
-0.367561
-0.374201
-0.408672
-0.454644
-0.49004
-0.450816
-0.414379
-0.349297
-0.233794
-0.12644
-0.144197
-0.128331
-0.0804672
-0.0760992
-0.0610425
-0.0103632
0.0483153
0.0901345
0.142538
0.187693
0.220123
0.245217
0.246369
0.260844
0.270111
0.264134
0.266913
0.279233
0.286726
0.272352
0.211845
0.13046
-0.0059953
-0.117086
-0.158049
-0.215425
-0.248034
-0.25633
-0.241673
-0.180477
-0.128167
-0.0619442
0.0222068
0.0888949
0.125893
0.131237
0.161429
0.160875
0.111288
0.0910265
0.0678937
0.0335604
0.0132715
0.0426696
0.0654695
0.0806988
0.13719
0.158613
0.174048
0.19233
0.171782
0.143948
0.0990538
0.0813754
0.0756912
0.0507968
0.0536617
0.070735
0.0697902
0.0755299
0.0849947
0.090533
0.0830116
0.0427245
0.0171553
-0.00937426
-0.054646
-0.0967003
-0.142556
-0.18713
-0.211029
-0.230185
-0.254972
-0.20656
-0.137057
-0.0911087
0.0156078
0.0892314
0.115779
0.179183
0.237102
0.261884
0.273177
0.242972
0.186583
0.129222
-0.0150933
-0.100394
-0.0557356
-0.0773591
-0.0804421
0.00945784
0.0733812
0.1357
0.192523
0.237663
0.252957
0.24109
0.254941
0.259781
0.274429
0.297012
0.310729
0.328775
0.348245
0.285012
0.148353
0.0530867
-0.0584212
-0.11343
-0.129692
-0.166152
-0.191739
-0.194121
-0.208251
-0.22238
-0.216719
-0.200993
-0.180384
-0.138514
-0.108634
-0.0698471
-0.0266209
0.00343319
0.00724967
0.0150891
-0.0391259
-0.156569
-0.218577
-0.178899
-0.198469
-0.193447
-0.168837
-0.160878
-0.162949
-0.167543
-0.171464
-0.196153
-0.18079
-0.143052
-0.137862
-0.11338
-0.0750088
-0.0491
-0.0303433
-0.0756074
-0.106192
-0.128168
-0.190701
-0.246406
-0.311143
-0.332088
-0.293043
-0.300982
-0.2985
-0.28086
-0.275906
-0.252024
-0.187458
-0.143011
-0.0655869
0.107552
0.217105
0.184932
0.216079
0.267935
0.270325
0.257147
0.233049
0.182327
0.0795443
0.0350443
-0.0125937
-0.0724341
-0.0660495
-0.0746371
-0.0763732
-0.0567024
-0.037462
-0.00750228
0.0171602
0.0535043
0.109786
0.153973
0.17467
0.179801
0.200217
0.169772
0.122338
0.114106
0.0964
0.069912
0.0607219
0.0472925
0.0139711
-0.0344346
-0.05892
-0.0887427
-0.103886
-0.0743184
-0.0672194
-0.045918
-0.00761842
0.0188099
0.0743546
0.137675
0.146407
0.152878
0.130844
0.0130939
-0.0990265
-0.181693
-0.25599
-0.297703
-0.335873
-0.344457
-0.270548
-0.233802
-0.149305
-0.0365118
0.0471315
0.129538
0.207752
0.26412
0.274097
0.308514
0.310624
0.246276
0.222968
0.217482
0.188463
0.166189
0.155843
0.138612
0.112994
0.0323401
-0.0349244
-0.0820851
-0.0975129
-0.111915
-0.0906292
-0.0284288
0.00790831
0.0897387
0.147001
0.152929
0.19408
0.231447
0.25441
0.280943
0.2638
0.240698
0.237721
0.22207
0.219042
0.19779
0.0256436
-0.02936
-0.00610763
-0.0815444
-0.0665673
-0.0449097
-0.0591435
-0.0534738
-0.0469963
-0.0481122
-0.0607815
-0.0776895
-0.0853049
-0.0676229
-0.0422892
-0.0336834
-0.0240337
-0.00940726
0.00272713
-0.00313909
-0.0698718
-0.115298
-0.16688
-0.264826
-0.29657
-0.252837
-0.264932
-0.257994
-0.189426
-0.148786
-0.118162
-0.0722487
-0.0581959
-0.0493274
-0.0320203
-0.0831516
-0.140021
-0.166954
-0.205936
-0.248448
-0.274385
-0.286604
-0.304705
-0.312498
-0.314006
-0.256891
-0.203456
-0.172668
-0.123299
-0.0737117
-0.0446892
-0.0300714
-0.00185974
0.0220258
0.0366339
0.0369506
0.0428724
0.0508781
0.0536692
0.0580504
0.0806722
0.117719
0.139605
0.166488
0.191062
0.213504
0.238341
0.261697
0.284853
0.311811
0.360117
0.402836
0.436088
0.441721
0.449247
0.466769
0.469936
0.443943
0.423621
0.409147
0.365077
0.320768
0.287039
0.23901
0.1857
0.140137
0.0911526
0.0382152
-0.046807
-0.142352
-0.167381
-0.157959
-0.192758
-0.148141
-0.0760347
-0.0535986
-0.0232896
0.0198724
0.017776
-0.0289619
-0.049835
-0.0861001
-0.125007
-0.14874
-0.178666
-0.210328
-0.195809
-0.14619
-0.134
-0.115544
-0.0948801
-0.0759519
-0.0575746
-0.0649547
-0.102362
-0.11225
-0.101255
-0.105849
-0.110855
-0.111809
-0.126437
-0.136869
-0.130234
-0.109631
-0.101747
-0.0899232
-0.0736603
-0.0620651
-0.0507949
-0.0377901
-0.0246724
-0.00969845
0.0044664
0.0185305
0.0314828
0.0221301
0.00615524
0.00327348
0.011616
0.0302529
0.0543811
0.0847889
0.110985
0.101115
0.0283928
-0.00540256
-0.0241736
-0.0609126
-0.0955787
-0.115355
-0.0720072
-0.0353905
-0.0188491
0.0208419
0.0579466
0.0757655
0.0749796
0.0872111
0.0974476
0.101473
0.108813
0.103983
0.0874986
0.0823462
0.0708261
0.0265471
-0.0238224
-0.0548347
-0.0684281
-0.0866234
-0.107598
-0.098818
-0.0893329
-0.0909374
-0.0838454
-0.0771779
-0.0866424
-0.102134
-0.108231
-0.119272
-0.126447
-0.124646
-0.128834
-0.13201
-0.132847
-0.135154
-0.141145
-0.153022
-0.161403
-0.17004
-0.18051
-0.178294
-0.132678
-0.102515
-0.0790878
-0.0413837
-0.00904495
0.0134918
0.0404982
0.0685077
0.0935964
0.1196
0.100571
0.0414331
0.023525
0.0148058
0.012218
0.0289605
0.0487981
0.0619175
0.0815031
0.0902603
0.0842313
0.0893176
0.0918953
0.0891604
0.0602576
0.0149697
-0.0134143
-0.0607231
-0.10634
-0.111157
-0.110439
-0.128414
-0.123142
-0.0912846
-0.0755101
-0.0593002
-0.0387872
-0.0476702
-0.0502906
-0.0455403
-0.0498047
-0.0475702
-0.0421689
-0.0400718
-0.015518
0.0210856
0.0387389
0.0501511
0.0693816
0.0870295
0.101415
0.115645
0.126665
0.139079
0.161289
0.190889
0.204874
0.150422
0.0921943
0.0655201
0.0371118
0.00554277
-0.0197355
0.00517717
0.0247177
0.0273649
0.0371936
0.0405999
0.0218767
0.0102818
0.0162662
0.0325022
0.0374445
0.0462927
0.0516976
0.049487
0.0375176
0.0152058
0.0020389
-0.0149034
-0.0345676
-0.0517993
-0.0695678
-0.0878041
-0.10347
-0.0916228
-0.0716205
-0.06368
-0.0256382
0.00917858
0.0349836
0.0650678
0.0926227
0.120628
0.148654
0.146891
0.110593
0.1014
0.0853111
0.0559123
0.0314759
0.00854632
-0.0146583
-0.0134639
-0.00996674
-0.0170569
-0.0160399
-0.014533
-0.0156548
-0.0154045
-0.0146973
-0.0115108
-0.00881314
-0.0068145
-0.00390506
-0.00254657
-0.0145642
-0.0275006
-0.0348181
-0.0465881
-0.0531455
-0.0453647
-0.0442939
-0.0440963
-0.0395317
-0.0366798
-0.0354401
-0.036439
-0.0363865
-0.0361706
-0.0367684
-0.0350651
-0.0198462
-0.00820684
0.000334743
0.0134355
0.0264763
0.0461337
0.065852
0.0828861
0.0703768
0.0299103
0.0169372
-0.00610388
-0.0348628
-0.0562758
-0.0802129
-0.0842888
-0.062566
-0.060416
-0.0536923
-0.037695
-0.0233425
-0.0103871
0.00392539
0.0145125
0.0184239
0.0263171
0.0339238
0.039535
0.0461571
0.0528196
0.0589845
0.0632047
0.0667888
0.0714981
0.0755317
0.079397
0.0823775
0.0838491
0.0863908
0.0887186
0.0906235
0.0928063
0.0936898
0.0649024
0.0197023
-0.00477775
-0.0391318
-0.0687583
-0.0781996
-0.0982782
-0.118289
-0.114615
-0.0835078
-0.070635
-0.0554629
-0.0318538
-0.012888
0.00615803
0.0197928
0.00758351
0.00417221
0.00497587
-0.0026112
-0.00779106
-0.0107963
0.00660703
0.0236424
0.0177287
0.0283867
0.0380017
0.0378261
0.0103265
-0.0142927
-0.0404782
-0.101567
-0.14406
-0.14166
-0.159411
-0.183468
-0.192628
-0.206419
-0.192959
-0.142212
-0.120673
-0.105051
-0.0798961
-0.0564391
-0.0490602
-0.0512317
-0.0421548
-0.0341093
-0.0199968
-0.00717957
0.00431232
0.0193893
0.0454524
0.072065
0.0941426
0.119967
0.132588
0.132353
0.136481
0.106537
0.0836017
0.0686703
0.0450343
0.0232474
0.00448039
-0.00379755
-0.00992059
0.00346934
0.0182771
0.0283761
0.0746711
0.123281
0.154414
0.191782
0.232518
0.268408
0.278586
0.272734
0.267226
0.247518
0.217556
0.193457
0.172698
0.15692
0.138103
0.124098
0.142334
0.151899
0.154243
0.158729
0.129713
0.109693
0.0964349
0.0546085
-0.00580451
-0.0443284
-0.0547515
-0.0680022
-0.0914314
-0.104221
-0.117262
-0.122649
-0.101224
-0.0914836
-0.0839302
-0.0749514
-0.0750815
-0.0703181
-0.0695255
-0.0706346
-0.0693895
-0.070446
-0.0724228
-0.0738908
-0.0822721
-0.0902266
-0.095255
-0.0969485
-0.0980172
-0.100898
-0.10229
-0.10353
-0.105271
-0.106051
-0.101995
-0.0992604
-0.0976106
-0.0943314
-0.0914227
-0.0888007
-0.0858896
-0.0806691
-0.0734101
-0.0682045
-0.0622282
-0.0579312
-0.0714991
-0.0832082
-0.0892026
-0.104859
-0.1261
-0.141452
-0.151028
-0.161743
-0.163706
-0.145884
-0.138754
-0.131366
-0.119889
-0.115095
-0.108684
-0.101805
-0.0985386
-0.0939203
-0.0737185
-0.036267
-0.000766482
0.05239
0.0996253
0.115645
0.0998474
0.109136
0.0992537
0.078651
0.0728928
0.0911634
0.110321
0.124156
0.147607
0.161481
0.172028
0.188411
0.196209
0.160635
0.130661
0.11429
0.0907794
0.0729125
0.0533276
0.0337195
0.0151873
-0.00550347
-0.0257569
-0.0454767
-0.0459701
-0.0134729
-0.000584111
0.0136878
0.0287168
0.0275707
0.0348597
0.0401279
0.0260046
0.0128167
0.00620525
-0.00304074
-0.000367435
-0.000190015
-0.00285254
0.00983044
0.0316026
0.0425998
0.0580834
0.0745493
0.0536071
0.0140115
-0.000638731
-0.0257126
-0.0556481
-0.0770191
-0.0783972
-0.0860004
-0.0977375
-0.102516
-0.0930624
-0.0708591
-0.0615004
-0.0471974
-0.0293343
-0.0150595
-0.00274284
0.0104219
0.0231084
0.0171813
0.00148674
-0.00157999
-0.00956909
-0.00502315
0.00714012
0.00995607
0.0171727
0.0225455
0.0245704
0.0293421
0.033175
0.0363187
0.0370528
0.026366
0.0194905
0.0145486
0.018023
0.0331706
0.038135
0.0464953
0.0579159
0.0640712
0.0355821
-0.00286587
-0.0223681
-0.0515463
-0.0643574
-0.0708648
-0.0874464
-0.0980073
-0.107351
-0.10026
-0.075666
-0.0663795
-0.0493111
-0.0308861
-0.0327661
-0.0315184
-0.0245261
-0.0243094
-0.0245348
-0.0227747
-0.0220063
-0.0214483
-0.0204734
-0.0194115
-0.0184385
-0.0174545
-0.0145923
0.000516066
0.0124691
0.0215711
0.0471698
0.0826535
0.106493
0.135133
0.155074
0.158601
0.173474
0.186184
0.194452
0.205473
0.19067
0.152776
0.137955
0.113283
0.0739363
0.0424728
0.0346147
0.0502541
0.0462555
0.0476576
0.0562085
0.0598112
0.0647459
0.0762562
0.0863252
0.0947991
0.105271
0.106915
0.0940889
0.0900478
0.0852804
0.0761325
0.0659853
0.0520663
0.0401074
0.0256077
0.0102022
-0.00386031
-0.0186844
-0.035201
-0.0571866
-0.0772926
-0.0964981
-0.11755
-0.138061
-0.153675
-0.138514
-0.131222
-0.131202
-0.122739
-0.118956
-0.115207
-0.110101
-0.106166
-0.102063
-0.0976854
-0.0935262
-0.0893309
-0.0863417
-0.0952946
-0.105193
-0.0998108
-0.0815973
-0.0737357
-0.0692354
-0.102423
-0.133545
-0.14098
-0.156385
-0.177878
-0.192502
-0.196573
-0.17497
-0.164763
-0.155787
-0.137426
-0.122897
-0.109003
-0.0934105
-0.0883361
-0.099462
-0.100598
-0.0985526
-0.0740875
-0.0541106
-0.0427622
-0.040588
-0.0381991
-0.031794
-0.0289582
-0.0225935
-0.0161999
-0.0110808
-0.00480271
0.00135707
0.00722433
0.0134321
0.0199275
0.0262271
0.0325364
0.035901
0.0280214
0.0240476
0.0214989
0.0103617
-0.00116266
-0.00946429
-0.0200475
-0.0320249
-0.047789
-0.0623162
-0.05699
-0.0363121
-0.0321523
-0.0214168
-0.00743633
0.00125896
0.011917
0.0230276
0.03306
0.0440794
0.0593327
0.0739823
0.0873731
0.102176
0.116817
0.131117
0.137087
0.135529
0.141479
0.144624
0.145048
0.140646
0.135262
0.132413
0.127655
0.122663
0.117944
0.112688
0.107688
0.102671
0.0975368
0.0924706
0.0874053
0.0824275
0.0784819
0.0746202
0.0703197
0.0663658
0.0624342
0.059297
0.0595487
0.0586403
0.0571842
0.0568372
0.056179
0.0575214
0.0641932
0.0684326
0.0723045
0.0778512
0.0827622
0.0875245
0.0925741
0.0974895
0.0976619
0.0804803
0.0693493
0.0609916
0.0469062
0.033131
0.017933
0.00308655
-0.0115292
-0.0267084
-0.0417186
-0.0566481
-0.0716728
-0.086657
-0.101614
-0.111193
-0.078832
-0.0506776
-0.0394771
-0.0170491
0.00701419
0.0264935
0.0476015
0.0660967
0.0637017
0.0667919
0.0746668
0.0756027
0.0780971
0.0818123
0.0760191
0.0632954
0.0580894
0.0499054
0.0398414
0.0316638
0.0242442
0.0172091
0.00964419
0.00239123
-0.00493607
-0.0172888
-0.0323076
-0.0438884
-0.0572278
-0.072257
-0.086514
-0.1006
-0.110281
-0.087324
-0.0726499
-0.0671084
-0.0615798
-0.0573482
-0.0531319
-0.0533548
-0.0521379
-0.0461571
-0.0254896
-0.0099416
0.00310528
0.0187774
0.0316897
0.0455543
0.0594615
0.063724
0.0350856
0.0180557
0.00654991
-0.0114423
-0.0249329
-0.029307
-0.025325
-0.0292114
-0.0301473
-0.0288213
-0.0291076
-0.0239252
-0.0168812
-0.0129638
-0.0043602
0.0116059
0.023614
0.0321737
0.0209917
0.0144801
0.0130048
0.00445896
-0.00865985
-0.0304105
-0.047128
-0.0575628
-0.0672587
-0.0801537
-0.0907756
-0.100927
-0.111947
-0.12259
-0.123256
-0.107655
-0.101842
-0.0952706
-0.0855088
-0.0955383
-0.107089
-0.110384
-0.119794
-0.127908
-0.133887
-0.141595
-0.135701
-0.118024
-0.112245
-0.102021
-0.0886718
-0.0782187
-0.067068
-0.0554152
-0.0446689
-0.0426599
-0.0455235
-0.0422501
-0.0402024
-0.0331503
-0.0267766
-0.0218801
-0.0151062
-0.00906235
-0.0126409
-0.0210298
-0.0230231
-0.0281634
-0.034613
-0.0394795
-0.0448307
-0.0413123
-0.0159081
-0.000571643
0.0132745
0.0340592
0.0493418
0.0592661
0.0732218
0.086449
0.0981458
0.109211
0.118339
0.128672
0.138788
0.132815
0.113612
0.108083
0.0973072
0.0884762
0.0878349
0.0814979
0.0764179
0.0731964
0.0685978
0.0642119
0.06013
0.0557937
0.05151
0.0472758
0.0429993
0.0406286
0.0452536
0.0474322
0.0484982
0.0518706
0.0545599
0.0502116
0.0403985
0.0363731
0.0311014
0.0323685
0.0342534
0.0331589
0.0303532
-0.00052106
-0.0249373
-0.042332
-0.0692243
-0.0884151
-0.0921082
-0.0956728
-0.0699227
-0.0499327
-0.0366528
-0.0104971
0.0165263
0.0379166
0.0501164
0.0591077
0.0737074
0.0847602
0.091793
0.0928468
0.0967656
0.101058
0.10322
0.103456
0.0827821
0.0638573
0.0519287
0.0316681
0.00743651
-0.0134304
-0.034784
-0.0574751
-0.0754444
-0.0868167
-0.102359
-0.112153
-0.084302
-0.0666395
-0.0569833
-0.0260487
0.00698106
0.0254968
0.0265924
0.0362795
0.0470606
0.0453727
0.0454297
0.0487398
0.0489484
0.0488304
0.0488799
0.0489704
0.0493459
0.0536802
0.0583846
0.0613624
0.065678
0.0700486
0.0640148
0.0344493
0.0158408
-0.000728446
-0.0131043
-0.0160665
-0.0265869
-0.0344744
-0.0400685
-0.0464943
-0.048387
-0.0513451
-0.0553158
-0.058345
-0.0651171
-0.0712706
-0.0753964
-0.0680766
-0.0567768
-0.0522164
-0.0437972
-0.0383403
-0.0368069
-0.0318171
-0.0273564
-0.0226938
-0.0185157
-0.0195324
-0.0198517
-0.0185545
-0.0190095
-0.0192726
-0.0191237
-0.0192726
-0.0184085
-0.0158766
-0.0143615
-0.0127267
-0.0102623
-0.00802791
-0.00594242
-0.00366207
-0.00157853
-0.00153781
-0.00206173
-0.00148595
-0.00158852
-0.00183934
-0.0018245
-0.00593256
-0.013564
-0.0176095
-0.0230187
-0.0336047
-0.0470089
-0.0568912
-0.0683201
-0.075908
-0.0653954
-0.061134
-0.0597637
-0.0595359
-0.0670941
-0.0693174
-0.0728394
-0.0744229
-0.0483572
-0.0292055
-0.0163651
0.0100083
0.0368418
0.0589319
0.0814098
0.0694205
0.0460802
0.042425
0.0271755
0.0091707
-0.00397673
-0.0104898
0.00305296
0.00801768
0.011217
0.020673
0.0263076
0.0316683
0.0384904
0.0443577
0.0502515
0.0560508
0.0528793
0.0448256
0.0429809
0.0381656
0.0320521
0.0274593
0.0223471
0.0170492
0.0120293
0.00689859
0.00174181
-0.00336612
-0.00848614
-0.00939488
-0.00661629
-0.00755643
-0.00709514
-0.00564135
-0.00437645
0.0019731
0.00723478
0.0111891
0.0168362
0.0224606
0.0307269
0.039531
0.0469036
0.0545845
0.0554037
0.0487061
0.034458
0.0203271
0.00927449
-0.00884473
-0.0194886
-0.0464022
-0.0683875
-0.0781146
-0.0820103
-0.080031
-0.0923966
-0.0979014
-0.102137
-0.111388
-0.107572
-0.102594
-0.0919626
-0.0755269
-0.0651311
-0.0528847
-0.0386781
-0.0313186
-0.0117189
-0.00510173
-0.0206564
-0.0264986
-0.0176134
-0.0133646
-0.00160758
0.0194472
0.0305664
0.0191679
0.0147432
0.0178339
0.0205294
0.0289402
0.0549313
0.087924
0.0926022
0.0888598
0.090008
0.0743573
0.0513407
0.0296476
0.0121563
0.0145716
0.0334797
0.0430202
0.0551506
0.0596761
0.0780531
0.0935429
0.0818926
0.0698471
0.0723305
0.0651713
0.0536191
0.0483115
0.0393362
0.0316591
0.0158003
-0.00153719
-0.0146726
-0.00645239
0.0074198
0.017584
0.0220108
0.0214001
0.0186621
0.00736888
-0.0033379
-0.0236836
-0.0321613
-0.0227805
-0.0160212
0.00673814
0.0162525
0.0245399
0.0489694
0.0664396
0.0766488
0.0860426
0.0895111
0.0803326
0.0736441
0.0695142
0.0540304
0.0428617
0.0346265
0.0246717
0.00955654
-0.00552768
-0.0173283
-0.0328179
-0.0467536
-0.0419923
-0.0172287
-0.0165266
-0.0225974
-0.024058
-0.0311179
-0.0349502
-0.0247707
-0.0102367
0.0166599
0.0263703
0.0206836
0.0258161
0.0169402
0.0124586
0.00680488
-0.00710785
-0.0180031
-0.028588
-0.0463988
-0.0615129
-0.061876
-0.0613856
-0.0623031
-0.0566309
-0.046749
-0.035986
-0.0222491
-0.00475654
0.000143532
0.00571465
0.00622736
-0.00159218
-0.0101606
-0.0149249
-0.0290785
-0.0386179
-0.0429565
-0.0472554
-0.0510465
-0.0549729
-0.0662218
-0.0767563
-0.0828084
-0.0888928
-0.0761575
-0.0544877
-0.0440238
-0.0397127
-0.0404047
-0.0461469
-0.0510299
-0.0622317
-0.0573078
-0.0484593
-0.0426169
-0.0401749
-0.0529829
-0.0502286
-0.0346615
-0.0256353
-0.0165489
-0.00917499
-0.00656792
-0.00749384
0.00112991
0.0256807
0.0475117
0.0497384
0.0198993
0.0188653
0.00137258
-0.0348164
-0.0464935
-0.0502833
-0.0398765
-0.0354787
-0.0238286
-0.000497982
0.0159933
0.0171766
0.0213378
0.0289653
0.031606
0.0310106
0.0414316
0.0446198
0.0438407
0.0377709
0.0303246
0.0260889
-0.00178756
-0.00848501
-0.0127629
-0.0227561
-0.0121523
0.00405531
0.0171864
0.0225811
0.0222775
0.00469326
0.00564801
0.0150674
0.0369168
0.0528093
0.0612586
0.0670658
0.0452325
0.0154071
-0.000370958
-0.0288304
-0.0331315
-0.0406584
-0.0561896
-0.0259891
0.0067987
0.0184982
0.034202
0.0522127
0.0455437
0.0374282
0.0341668
0.0247744
0.0193061
0.0118064
0.0025405
-0.0148637
-0.0241262
-0.019226
-0.0293377
-0.0158304
-0.010204
0.00548444
0.0239624
0.0290418
0.0589412
0.0874547
0.0940628
0.111002
0.118402
0.10563
0.100338
0.0986348
0.088202
0.0718699
0.0551408
0.0505683
0.0459422
0.0360366
0.0299568
0.0125724
-0.0190287
-0.0382898
-0.051531
-0.0439769
-0.055078
-0.0637486
-0.0554973
-0.0430641
-0.0316551
-0.0272466
-0.0316773
-0.037936
-0.0505879
-0.0529469
-0.0465532
-0.0465061
-0.0393377
-0.017201
-0.00378476
-0.00274781
0.00711976
0.0136294
0.014896
0.0094139
0.013195
0.0299809
0.0343312
0.0369176
0.0360379
0.0255927
0.018724
0.0127077
-0.00147
-0.0191929
-0.0348375
-0.0534093
-0.0619805
-0.0595499
-0.0518914
-0.0454666
-0.0353247
-0.0160339
-0.0147024
-0.0159973
0.00799573
0.0203778
0.0183712
0.0219095
0.0127274
-0.00243754
-0.00241552
-0.00629823
-0.0177905
-0.0115507
0.00237516
0.0162797
0.0201456
0.0353562
0.049087
0.0482608
0.0480563
0.0456635
0.0377313
0.0377404
0.040726
0.043757
0.0426832
0.0402445
0.0145945
-0.00626077
-0.0156408
-0.0440728
-0.0615141
-0.0553368
-0.0578296
-0.0591995
-0.0475718
-0.0328789
-0.0377462
-0.0419774
-0.0448427
-0.0439872
-0.0297876
-0.0112581
0.00287672
0.0147209
0.0284901
0.0439605
0.0375615
0.0331316
0.0351125
0.0229921
0.0124868
-0.000502616
-0.0221387
-0.0235806
-0.0172819
-0.0180253
-0.00798458
0.011159
0.0181214
0.0231502
0.0266808
0.0149261
0.00291485
-0.000717549
-0.0199144
-0.0469499
-0.0543482
-0.0637242
-0.0694557
-0.0598558
-0.050284
-0.0385395
-0.0321134
-0.03186
-0.027513
-0.0142458
-0.00548953
0.0018721
0.00561178
-0.0062597
-0.0106129
-0.00666304
-0.00372242
-0.00355182
-0.0170445
-0.0292757
-0.0481123
-0.0656588
-0.0817921
-0.0935416
-0.112089
-0.113459
-0.10998
-0.106175
-0.087771
-0.0573183
-0.0166257
0.0185706
0.0280579
0.041641
0.0414892
0.028669
0.0135541
-0.00666805
-0.0199937
-0.0381104
-0.0596104
-0.078913
-0.084439
-0.0773143
-0.0697762
-0.0407005
-0.0137795
0.0180397
0.0291821
0.0350817
0.0469153
0.0407729
0.0403036
0.0452445
0.0492071
0.0545105
0.0558494
0.0407304
0.0372761
0.044541
0.0462103
0.0478091
0.0559648
0.0562967
0.0495734
0.0414059
0.0269347
0.0157399
0.0225444
0.0382093
0.0479716
0.0417294
0.0416139
0.0359544
0.0368818
0.0595393
0.0689748
0.078013
0.0855132
0.0699317
0.0663793
0.0644009
0.0539381
0.047415
0.0431827
0.0412419
0.0452666
0.0413907
0.0345956
0.0362651
0.0427673
0.0614517
0.0686529
0.0784146
0.0919867
0.0993391
0.105253
0.106358
0.0984446
0.0918869
0.0796507
0.0656643
0.0569181
0.036543
0.00973603
-0.00984721
-0.0235477
-0.0397678
-0.0597967
-0.0641833
-0.0793505
-0.0833474
-0.0766519
-0.0716801
-0.0638864
-0.049486
-0.029447
-0.019012
-0.00326312
0.00501409
0.0269039
0.0330296
0.0332476
0.0386914
0.0289455
0.019795
0.0115936
0.00185368
-0.0126061
-0.0306474
-0.0348414
-0.0377979
-0.0400685
-0.0394155
-0.0420828
-0.0524476
-0.0514215
-0.0444849
-0.0397047
-0.0351278
-0.0316273
-0.0318295
-0.044453
-0.0622398
-0.0791975
-0.10391
-0.10822
-0.0835323
-0.0715769
-0.0525933
-0.0264771
-0.0222547
-0.00622148
0.0081783
0.0029343
-0.00515586
-0.00480868
-0.000784883
0.014109
0.0202575
0.023408
0.0335695
0.0259501
0.0181942
0.012587
-0.010749
-0.021404
-0.030121
-0.0460569
-0.0516789
-0.0423061
-0.0285751
-0.0118223
-0.00136703
0.00161049
0.00766137
0.0041242
0.00165482
-0.00201405
-0.0166933
-0.0202467
-0.0125126
-0.021219
-0.0312458
-0.0423374
-0.0443134
-0.0391652
-0.0287035
-0.00100294
0.0265057
0.0455675
0.0520015
0.0577297
0.0527209
0.0379924
0.0293034
0.0218653
0.0137483
0.0156452
0.0209308
0.0350097
0.044489
0.0563463
0.0684525
0.0636032
0.0550488
0.0475333
0.0385435
0.0291483
0.0200022
0.00892932
-0.00548772
-0.0169694
-0.0322231
-0.0466357
-0.0470871
-0.0381963
-0.0245713
-0.0221626
-0.0183057
-0.0141753
-0.0202712
-0.0235535
-0.0181733
-0.00892556
-0.00304666
-0.0103555
-0.0179953
-0.0219627
-0.0283973
-0.0398971
-0.0475186
-0.0392545
-0.0274494
-0.0148188
-0.00193501
-0.00126846
-0.00325046
0.00325719
0.0120313
0.0348615
0.0418287
0.0555639
0.0657233
0.0655661
0.0510082
0.0219425
0.00181328
-0.0327632
-0.0614894
-0.085031
-0.0961646
-0.0871782
-0.0791408
-0.0727075
-0.0493563
-0.0234068
-0.0197564
-0.0188936
-0.0113026
0.000642421
0.019196
0.0386234
0.0508514
0.0733877
0.0750752
0.0722267
0.0616031
0.04134
0.0195368
-0.0184481
-0.0557684
-0.0815376
-0.124021
-0.135723
-0.116425
-0.0731573
-0.0380479
-0.031421
0.0128219
0.0359722
0.0205935
-0.00505575
-0.00583639
-0.0190403
-0.00744812
0.0203397
0.0342943
0.0436503
0.0490792
0.0242474
-0.0109114
-0.0414441
-0.0369351
0.0151086
0.058633
0.0778668
0.114349
0.144153
0.116591
0.0603423
0.064032
0.0261556
-0.0222435
-0.0219123
-0.015691
-0.011316
-0.00554966
0.0027972
-0.0158859
-0.0530672
-0.077457
-0.0828004
-0.0746939
-0.0729867
-0.0472296
-0.0113893
-1.58536e-05
0.0162318
0.0600095
0.0847597
0.101282
0.101414
0.077826
0.0467082
0.0180087
-0.0134926
-0.0139837
-0.0235726
-0.0550487
-0.0649409
-0.0802024
-0.0959098
-0.0860372
-0.0398592
-0.00609576
0.012445
0.042798
0.0729401
0.0960669
0.100879
0.0731953
0.0322436
0.00313497
-0.0378085
-0.0921552
-0.111809
-0.134024
-0.149592
-0.154674
-0.149954
-0.140675
-0.122178
-0.0954151
-0.0708062
-0.0408856
-0.00381444
0.0327939
0.0531404
0.0628777
0.0288777
-0.0123818
-0.0173794
-0.0229661
0.00181527
0.0435378
0.0640106
0.0979836
0.123495
0.139527
0.131854
0.100173
0.0814839
0.0738129
0.0514896
0.0292846
0.014378
0.015292
0.0160298
0.029639
0.0444853
0.0471188
0.0513689
0.0310262
-0.00473009
-0.015912
-0.0421389
-0.056345
-0.0267966
0.00411119
0.015202
0.0498181
0.0817212
0.0931337
0.108312
0.12047
0.120796
0.115804
0.111851
0.119826
0.130476
0.121838
0.104413
0.0923132
0.0745039
0.0481863
0.0330464
0.0135655
-0.000241587
0.0015583
0.0324864
0.0567652
0.0614392
0.0621425
0.0411207
0.0220427
0.0083538
-0.0153745
-0.0404256
-0.0496189
-0.0630314
-0.0698227
-0.0598552
-0.0481406
-0.0489902
-0.065004
-0.0755738
-0.0734897
-0.0623986
-0.0520572
-0.0160248
0.00708227
0.015059
0.0232631
0.0219645
-0.00982209
-0.0340216
-0.0402004
-0.0615859
-0.0787211
-0.0815623
-0.0906757
-0.0981985
-0.0914003
-0.084199
-0.0742252
-0.0647658
-0.0526162
-0.0404923
-0.027858
0.0164072
0.0549176
0.0765292
0.104927
0.12408
0.123704
0.101493
0.0853968
0.0713426
0.0403442
0.0104709
-0.0135555
-0.0227659
-0.0383887
-0.0520045
-0.0496117
-0.0548517
-0.060607
-0.0615198
-0.0643165
-0.0685014
-0.0714636
-0.0702367
-0.0669484
-0.0643529
-0.0567407
-0.0491319
-0.0430752
-0.0375283
-0.0321556
-0.0196813
-0.0100572
-0.00326874
0.00356334
0.00858955
0.00926852
0.010791
0.00796938
-0.00513679
-0.0135757
-0.0243675
-0.037097
-0.0512629
-0.0703083
-0.0797964
-0.0947048
-0.111195
-0.122308
-0.129534
-0.1293
-0.120249
-0.107896
-0.0742757
-0.0351717
-0.026939
-0.0162515
0.00896191
0.0197384
0.0189145
0.0195508
0.0212258
0.0173788
0.00670847
-0.00877726
-0.0107841
-0.00468441
-0.000411075
0.010741
0.0193914
0.0284873
0.0371993
0.0326205
0.0212293
0.00703959
-0.00982061
-0.0305321
-0.0534609
-0.0812073
-0.102059
-0.106717
-0.107648
-0.103635
-0.0865783
-0.0665297
-0.0381091
-0.0196223
-0.00305899
0.0176056
0.035305
0.0670203
0.0911361
0.0995317
0.109291
0.104109
0.0654071
0.0395252
0.0115663
-0.00671612
-0.0141505
-0.0297689
-0.031458
-0.0155228
-0.0140951
-0.00401011
0.0293415
0.0580128
0.0812443
0.109612
0.127525
0.134584
0.127203
0.122828
0.0996958
0.0554827
0.0342801
0.0122733
-0.0133398
-0.036912
-0.0577698
-0.0727199
-0.0758798
-0.0806253
-0.0671269
-0.0257219
-0.017659
-0.0043195
0.0273853
0.0615753
0.0885627
0.111904
0.129569
0.134411
0.138673
0.134928
0.120354
0.0935694
0.0786389
0.0606858
0.0421613
0.0274826
0.00212756
-0.019099
-0.0275186
-0.0448534
-0.0489542
-0.0462282
-0.04269
-0.029556
-0.0174735
-0.00384212
0.00226224
0.00736013
0.00733483
-0.00821922
-0.0226071
-0.0305051
-0.0377786
-0.0297057
-0.0164436
0.00299508
0.0135352
0.0150052
0.0336501
0.0462848
0.056756
0.0695702
0.0825218
0.0987183
0.103331
0.107194
0.121114
0.133453
0.123392
0.105312
0.0872055
0.0693866
0.0305705
0.00176042
-0.0253615
-0.0542853
-0.0712469
-0.0657473
-0.0414396
-0.029577
-0.0208035
-0.00744696
0.0187338
0.0444444
0.0558112
0.0751355
0.0925526
0.098543
0.0992153
0.091684
0.0755312
0.0548119
0.0270797
-0.0103222
-0.0378214
-0.0652292
-0.101079
-0.119403
-0.130979
-0.135638
-0.129888
-0.125949
-0.110926
-0.0835208
-0.0519262
-0.0250149
-0.00650763
0.0259986
0.0535015
0.074996
0.0886912
0.0756439
0.0463631
0.0163345
-0.00763435
-0.0289642
-0.0493537
-0.054803
-0.057594
-0.0514564
-0.0392863
-0.0310673
-0.0218061
-0.0218721
-0.0199218
-0.0165603
-0.0159782
-0.0207041
-0.0350254
-0.0329637
-0.0210887
-0.0133798
0.00240786
0.0148688
0.0119139
0.013571
0.00886693
-0.00796503
-0.0232274
-0.0382955
-0.0648341
-0.086592
-0.0969402
-0.101613
-0.0994056
-0.0839663
-0.0818475
-0.0856272
-0.0802747
-0.0779932
-0.0771464
-0.0683674
-0.052812
-0.0461392
-0.0305592
-0.0113295
-0.00760545
-0.00238241
-0.0102232
-0.0331724
-0.0491924
-0.0704406
-0.0902745
-0.0779525
-0.0795273
-0.0809327
-0.0645063
-0.0503016
-0.0154574
-0.00712014
-0.0115468
-0.00313137
-0.020351
-0.0341583
-0.0311464
-0.0323804
-0.027795
-0.00542982
0.00827474
0.00491404
0.000467737
-0.0214876
-0.0432218
-0.0504577
-0.0434568
-0.0435858
-0.0310854
-0.0181034
-0.020376
-0.0122603
0.00097884
0.0080776
0.0222625
0.0366552
0.0615902
0.101015
0.105421
0.108299
0.107367
0.0994626
0.0886597
0.0717038
0.0501627
0.038485
0.0301558
0.0178164
0.0171125
0.0332532
0.0474872
0.0551322
0.0535396
0.0527568
0.0460888
0.0429359
0.0400779
0.0278616
0.0355629
0.0485418
0.0563461
0.062184
0.0659649
0.0508667
0.0357868
0.0236926
0.00369031
-0.00521718
-0.0160297
-0.0327451
-0.0223107
0.0126248
0.0190693
0.0257744
0.0266889
0.0110363
0.0074337
0.00235641
0.00744367
0.0117236
0.00986048
0.0112741
0.00185352
-0.00837347
-0.0146858
-0.0176636
-0.0123921
-0.00981537
-0.00390446
0.00170633
0.00461831
0.00982904
0.0222968
0.0321115
0.0318766
0.0197521
0.0180405
0.0198922
0.016593
0.0149471
0.0195605
0.0246306
0.0278368
0.0378292
0.0475013
0.0472596
0.0398174
0.0352604
0.0233272
0.0244741
0.025755
0.0344612
0.0462961
0.0508171
0.0540012
0.057811
0.0589896
0.0495237
0.0345576
0.00643275
-0.0126855
-0.0274773
-0.0492903
-0.0683545
-0.0831544
-0.0883473
-0.0924692
-0.0803316
-0.0560329
-0.0341081
-0.0156951
0.00292854
0.00670882
-0.00652925
-0.00732759
-0.00960852
-0.0158686
-0.0199853
-0.0227853
-0.0270343
-0.0389297
-0.0504653
-0.0494888
-0.0519125
-0.0483517
-0.0437231
-0.0372877
-0.0216286
-0.0111167
-0.0084636
-0.00303606
0.00590259
0.0101975
0.00420281
-0.00187136
-0.00397356
-0.00915624
-0.0129425
-0.0134363
-0.0113218
-0.00143819
0.00735132
0.0194677
0.0355006
0.039495
0.0398884
0.0437462
0.0394816
0.0308015
0.018347
0.00492815
-0.0108248
-0.0309458
-0.0394917
-0.028774
-0.0309283
-0.0272273
-0.019635
-0.0159596
-0.010594
-0.00274755
0.00359128
0.00480398
0.00616666
0.00751567
0.00700365
0.00939151
0.0140915
0.0144872
0.0131037
0.0129825
0.00690105
0.00191359
-0.00969439
-0.0305197
-0.0480795
-0.0673242
-0.0742105
-0.0760276
-0.0741104
-0.06399
-0.0474603
-0.0226008
-0.0047574
0.0112469
0.026109
0.0392871
0.0347075
0.0218046
0.00277577
-0.0112869
-0.0271006
-0.0321916
-0.0197497
-6.87404e-05
0.0117399
0.0269798
0.0377382
0.034058
0.0378003
0.0366544
0.0282779
0.0197104
0.00804337
-0.00173613
-0.0115544
-0.0182083
-0.0175454
-0.0188506
-0.016678
-0.0143441
-0.0115137
-0.00265427
0.00429306
0.0139991
0.028833
0.0301487
0.0168896
0.015535
0.0120074
-0.000627669
-0.0153806
-0.0258811
-0.035028
-0.0445393
-0.0359569
-0.0212349
-0.016771
-0.00555264
0.0123902
0.0266241
0.0407401
0.0564031
0.0711807
0.0748025
0.0652019
0.0626114
0.0521105
0.037758
0.0227854
0.0158989
0.00776586
-0.0021703
0.00104624
0.00485975
0.00354004
0.00870048
0.0161702
0.0190383
0.0220327
0.0266711
0.0269169
0.0189877
0.015222
0.0126582
0.00744762
0.010279
0.0222566
0.0252886
0.0184578
0.0171894
0.0121978
-0.00061372
-0.00996544
-0.0228382
-0.0354409
-0.0432145
-0.0496271
-0.056984
-0.0514597
-0.0484135
-0.0484105
-0.0432836
-0.0394289
-0.0374305
-0.0341491
-0.0309306
-0.0289432
-0.031776
-0.0329961
-0.0258484
-0.0163265
-0.0124242
-0.0118774
-0.00898351
-0.00584546
-0.00511631
-0.00570107
-0.00235284
0.0115324
0.021191
0.024422
0.0268313
0.0325163
0.0309658
0.016713
0.0107041
0.00617228
-0.00354969
-0.00322608
0.00447397
0.0042938
0.00712086
0.011856
0.0147214
0.0179133
0.0177423
0.0151962
0.015317
0.0127123
0.00765542
0.00469776
0.00408648
0.00762841
0.00877651
0.010056
0.00804226
0.00131171
-0.0013568
-0.00456476
-0.00375032
-0.00326911
-0.00422134
-0.00384198
-0.00552872
-0.00739508
-0.00838224
-0.0100463
-0.012542
-0.0212867
-0.0277954
-0.0189206
-0.0135199
-0.01304
-0.0150781
-0.0185168
-0.0197762
-0.0225227
-0.0230839
-0.0222594
-0.0230843
-0.0231139
-0.0224454
-0.0170519
-0.00970802
-0.00136236
0.00975634
0.0171549
0.022685
0.0306679
0.033747
0.0215565
0.0150514
0.0107373
0.00150328
-0.00628487
-0.0136152
-0.018612
-0.0118199
-0.00900213
-0.00814067
-0.0033929
0.00122743
0.005819
0.00680093
-0.0053782
-0.0128471
-0.0103657
0.000805418
0.00540047
0.004139
-0.0106996
-0.0195248
-0.0256152
-0.033901
-0.0420503
-0.0501155
-0.0589671
-0.0638352
-0.0559574
-0.0375372
-0.0296931
-0.0161633
0.00148251
0.0146436
0.0218459
0.0286753
0.0449279
0.056377
0.0579949
0.0633701
0.0700687
0.0680196
0.0650509
0.0632728
0.0533584
0.0488179
0.0526817
0.0510013
0.0489383
0.0473713
0.0397219
0.0191538
0.0118444
0.0176842
0.0122437
0.0139584
0.0226076
0.024654
0.0172802
0.00503554
-0.000271159
-0.00771443
-0.0170512
-0.0217675
-0.0191696
-0.0203356
-0.0199094
-0.00472626
0.00613385
0.0124593
0.0235179
0.0286724
0.0200195
0.0179938
0.0167041
0.008949
-0.00250142
-0.0111473
-0.0201466
-0.0305303
-0.0349398
-0.0330175
-0.0362289
-0.0376578
-0.0268267
-0.011459
-0.00376081
0.00576302
0.0158139
0.0103954
0.00378921
0.00280764
-0.00390994
-0.00309165
-0.00234918
-0.00467117
-0.0102962
-0.0212267
-0.0250018
-0.0239109
-0.0266225
-0.0213554
-0.0121173
-0.0076587
0.00150802
0.0117173
0.0193871
0.0252053
0.0299847
0.0251605
0.0221248
0.0202043
0.00579313
-0.00431024
-0.00271412
-0.00708814
-0.0126679
-0.0144713
-0.017932
-0.0245098
-0.0306497
-0.0329612
-0.0293017
-0.0288852
-0.0300605
-0.0295857
-0.0291871
-0.0320629
-0.0378566
-0.0370681
-0.032096
-0.0317924
-0.0301924
-0.0281969
-0.0269737
-0.0275687
-0.0304917
-0.0227643
-0.0105874
-0.00529885
0.00324868
0.0126603
0.0180713
0.0237818
0.0272806
0.0215183
0.0195789
0.0169077
0.0100616
0.00306355
-0.0102512
-0.0201067
-0.0254334
-0.0335158
-0.029869
-0.021421
-0.0196683
-0.00932417
0.00355195
0.0120815
0.0188132
0.0212596
0.0265528
0.032111
0.0365825
0.0413685
0.0375877
0.0259543
0.0190944
0.00575497
-0.00255095
0.000693575
-0.00231427
-0.00465623
0.00433062
0.0110164
0.01496
0.0207646
0.0227839
0.0256297
0.0240176
0.0150092
0.011139
0.00627885
0.00235773
0.00323224
0.00125995
-0.000375344
-0.000165433
4.0151e-05
0.00329735
0.011175
0.0157977
0.0194789
0.0184401
0.018677
0.0194648
0.0124472
0.00782063
0.00904319
0.00521034
0.00314274
0.00464867
0.00411911
0.00160356
-0.00331092
-0.00667782
-0.00653327
-0.0028448
0.00074006
0.0077107
0.0132569
0.0151232
0.0113691
0.0101502
0.00285822
-0.00619739
-0.0149276
-0.0187308
-0.0208891
-0.0203604
-0.0128524
-0.00994455
-0.00508183
0.00126692
0.0067327
0.0145073
0.0218483
0.0255554
0.0260274
0.0225086
0.0144329
0.00859709
-0.00434027
-0.0153583
-0.0205213
-0.0287503
-0.0283913
-0.0213583
-0.0212753
-0.0178237
-0.0110065
-0.00955525
-0.00962464
-0.00781482
-0.0181414
-0.0291215
-0.0286627
-0.0315238
-0.0353361
-0.0334452
-0.0338698
-0.0333798
-0.0310018
-0.0301989
-0.0305657
-0.0301199
-0.0231268
-0.0130362
-0.00723046
0.0013969
0.0105656
0.0158082
0.0223039
0.0299232
0.036512
0.0381764
0.0341563
0.0340911
0.0278488
0.0194975
0.0127354
0.00281979
-0.00436149
-0.0112245
-0.0187491
-0.0236337
-0.0263788
-0.01892
-0.0144514
-0.0119372
-0.00622315
-0.00134012
0.00276254
0.00723249
0.0117288
0.0138013
0.000741335
-0.00759209
-0.00600034
-0.0101582
-0.0102776
-0.00137741
0.000663305
0.00163969
0.00598753
0.00289608
-0.0059031
-0.00840271
-0.00846306
-0.0086051
-0.0099121
-0.00968717
-0.00184814
0.00944867
0.0132101
0.0194516
0.0210354
0.0169049
0.0177254
0.0159524
0.0128617
0.0131004
0.0137639
0.0129535
0.00857367
0.000442916
-0.00504542
-0.017565
-0.0199931
-0.0171896
-0.0219789
-0.0194061
-0.010913
-0.00765462
-0.000865947
0.00819335
0.00523701
-0.00203096
-0.00123723
-0.00207082
0.00409816
0.0127475
0.0127956
0.0125078
0.00877467
0.00292672
0.00295519
0.000595856
0.0086099
0.0162844
0.0187668
0.0260351
0.0395166
0.0536019
0.0647884
0.0773157
0.0736655
0.0599579
0.0569292
0.0477335
0.0350941
0.0188198
0.00835538
0.00139089
-0.00835933
-0.0149735
-0.0197802
-0.02176
-0.0218893
-0.0218966
-0.0188231
-0.01312
-0.00954848
-0.00210167
0.00568242
0.0119074
0.0159399
0.012066
0.01123
0.00502436
-0.00630651
-0.00619084
-0.00847451
-0.0111696
-0.00697595
-0.00432378
0.00231465
0.00868432
0.00963443
0.00148105
-0.00273033
-0.0113359
-0.0210311
-0.0162348
-0.0140054
-0.0206159
-0.0216623
-0.0188442
-0.0203103
-0.0151802
-0.00869047
-0.00171675
0.0104447
0.0175438
0.0216913
0.0290075
0.034155
0.0360248
0.0264283
0.0195958
0.0154029
0.00683805
0.000219982
-0.00338902
-0.00845623
-0.00983438
-0.0100745
-0.0122844
-0.0128755
-0.012262
-0.0119605
-0.00737792
-0.0032298
0.00195082
0.00723547
0.00310999
-0.00315295
-0.0146975
-0.0227193
-0.0231113
-0.0226898
-0.00844336
-0.00118198
-0.0073346
-0.00528888
-0.00425003
-0.00824517
-0.00529019
-0.000335146
0.00137407
0.00704558
0.0114618
0.00424931
-0.00283143
-0.00616294
-0.0142708
-0.0203591
-0.0201679
-0.0217941
-0.0205621
-0.0186336
-0.0145444
-0.00653956
-0.00142833
0.0052322
0.0112889
0.0141413
0.018726
0.0189963
0.00810258
0.00111853
-0.0135301
-0.0203308
-0.0129526
-0.0138884
-0.00279656
0.00789629
0.00620321
0.00735612
0.00650433
-0.00933988
-0.034335
-0.0326218
-0.0277295
-0.0178713
-0.00498543
0.00436903
0.0143916
0.0126021
0.00997841
0.00464497
-0.0142827
-0.0391479
-0.0450263
-0.0303915
-0.0150879
0.00349285
0.0260586
0.0350075
0.0340617
0.0349347
0.0148256
0.00308326
-0.0050782
-0.0118481
-0.0185841
-0.0281342
-0.0356944
-0.0446501
-0.0564023
-0.0685895
-0.0824857
-0.0785361
-0.0724289
-0.0707389
-0.053219
-0.0380131
-0.0220071
-0.00746509
0.0041309
0.00479432
0.00769998
0.00788375
-0.00493867
-0.0118043
-0.0181318
-0.0153833
-0.00430413
-0.00259283
0.00128861
0.00461266
-0.0189945
-0.0480452
-0.0531137
-0.0473444
-0.0350383
-0.0232136
-0.018347
-0.00711943
-0.00661376
-0.0139323
-0.0127447
-0.0138217
-0.0166492
-0.0133511
-0.00238529
0.00397016
0.0109585
0.0210488
0.0268929
0.0361593
0.0479714
0.0642497
0.0664268
0.0659259
0.0413631
0.0224374
0.0143828
0.013187
0.0109668
0.0154734
0.0229908
0.0190872
0.00443699
-0.00698068
-0.0149793
-0.0132427
-0.0137034
0.00196319
0.0136011
0.0210347
0.0320993
0.0424325
0.0461711
0.0466269
0.0335964
0.0236239
0.0243304
0.0193358
0.0240719
0.0371625
0.059783
0.0674747
0.0724019
0.0700642
0.0672685
0.0548226
0.042994
0.0396716
0.0317841
0.0227821
0.015881
0.00932615
0.00336321
0.00763161
0.0127709
0.0115686
0.00943988
0.00141767
0.00410506
0.0142613
0.0183269
0.0333539
0.0418954
0.0431847
0.0487632
0.032612
0.0198408
0.0150876
0.00709616
0.010974
0.0136978
0.01998
0.0287475
0.0178897
0.000783094
0.000779181
-0.0150483
-0.0290066
-0.0310588
-0.0380376
-0.0393383
-0.0402463
-0.0368194
-0.0261635
-0.0202365
-0.011754
-0.00139179
0.00817201
0.017693
0.0276091
0.031962
0.0308759
0.0259119
0.0164406
0.00946453
0.00234657
-0.00287567
-0.00889908
-0.0144447
-0.0145741
-0.00382662
-0.0106284
-0.0249859
-0.0349446
-0.0538182
-0.0560481
-0.0541473
-0.0486942
-0.0403141
-0.0248619
-0.00910837
0.00210392
0.0129864
0.0130918
0.0105537
0.00297694
-0.00935944
-0.0200381
-0.028712
-0.0232441
-0.0224645
-0.0244198
-0.0218063
-0.0203225
-0.021706
-0.0257784
-0.0280069
-0.0307291
-0.0344296
-0.0343659
-0.0291401
-0.0271177
-0.0237226
-0.0186583
-0.0151606
-0.0133561
-0.0107463
-0.00784458
-0.00452596
-0.000706991
7.81971e-05
-0.00110725
-0.000287582
-0.0049938
-0.0116088
-0.0145723
-0.0118216
-0.00730632
-0.00614798
-0.00344239
-0.00260697
-0.00182944
-0.00032006
6.01486e-05
-0.00345781
-0.00712281
-0.00954279
-0.0145084
-0.0190893
-0.0230897
-0.0282165
-0.0335006
-0.0378573
-0.0417505
-0.0461215
-0.0419753
-0.0303407
-0.0262012
-0.0180488
0.000252985
0.0140203
0.0184495
0.0237221
0.0338713
0.041413
0.0480617
0.0536534
0.0530374
0.0549125
0.0562534
0.0466177
0.0385699
0.0332433
0.0205686
0.00798786
-0.00131131
-0.00484203
-0.00770054
-0.00656004
0.00488504
0.0102236
0.00935972
0.00284125
0.00127207
-0.000397117
-0.00164807
-0.00299299
-0.00425421
-0.00422654
-0.00454573
-0.00410183
-0.0023925
-0.00162245
0.000137797
0.0025694
0.00791204
0.016312
0.0285903
0.0403682
0.048934
0.0446546
0.0317937
0.031551
0.0282118
0.0224262
0.0242177
0.0237635
0.0229463
0.0249407
0.0256389
0.0227869
0.0108684
0.0146941
0.0164949
0.00948728
-0.00514049
-0.0281407
-0.0288771
-0.0314831
-0.023109
-0.00517202
0.00351001
0.00410097
0.00275543
0.00363852
-0.00489121
-0.00767139
-0.00431003
-0.00459593
0.0115346
0.0240632
0.0283618
0.0417319
0.0577596
0.0481877
0.0188211
-0.00606101
-0.0261277
-0.0450208
-0.0517833
-0.0379924
-0.0129348
0.00986898
0.0200221
0.0235135
0.00955752
-0.00556579
-0.0225794
-0.0422538
-0.0524251
-0.0528215
-0.041606
-0.0339851
-0.0428646
-0.0395028
-0.0406023
-0.0459592
-0.0273655
-0.00627232
-0.00170859
0.0109472
0.0221513
0.0214406
0.0227268
0.0180232
0.00199459
-0.022919
-0.033302
-0.0319682
-0.0127816
-0.00266995
0.00215042
0.00266853
0.00272044
-0.00431001
-0.00868742
-0.00333961
0.00119523
0.0107699
0.0284644
0.0402558
0.0402209
0.0349097
0.0416116
0.0436669
0.0461976
0.0598561
0.0623454
0.0617314
0.0655442
0.04972
0.0375559
0.0328308
0.013227
-0.00798498
-0.0128606
-0.0253632
-0.035126
-0.0301497
-0.0315832
-0.0341141
-0.0310635
-0.0260107
-0.0229589
-0.0184451
-0.0107091
-0.00520346
-0.00604638
-0.00650184
-0.00416143
-0.00207979
-0.000627685
0.00106134
0.00302665
0.00334778
0.00117825
0.000537633
-0.00182858
-0.010802
-0.0173299
-0.0155969
-0.00381184
-0.00407749
-0.0124718
-0.0137578
-0.0222919
-0.0229122
-0.0194459
-0.0172542
-0.0116639
-0.00760013
-0.0106253
-0.0171149
-0.0177312
-0.0119503
-0.00803774
-0.00600184
-0.00218041
0.00222103
0.013153
0.0246018
0.0280517
0.0309869
0.035675
0.0230206
0.0114972
0.00565294
-0.00596128
-0.0179067
-0.0292934
-0.0403882
-0.0507787
-0.0538242
-0.043613
-0.0403723
-0.034152
-0.0246821
-0.0154218
-0.00424114
0.00295537
-0.000319878
0.000762441
0.00446957
0.00455369
0.00516557
0.00258911
-0.00279837
-0.00337639
-0.00413197
-0.00540203
0.000225013
0.00219896
-0.00373615
-0.00478903
-0.00523015
-0.0131972
-0.0225802
-0.0246645
-0.0149379
-0.0112812
-0.0117968
-0.00684438
-0.000836023
0.00355018
0.00788716
0.00904499
0.00960792
0.0117699
0.00953817
0.00333491
0.00033458
-0.00801086
-0.0114489
-0.000811094
0.00118337
0.0108867
0.0234252
0.0281733
0.0349657
0.0436523
0.0478965
0.0438964
0.0433133
0.0416271
0.0321472
0.0258845
0.0219566
0.0199095
0.0168204
0.0134513
0.0102398
0.00648877
-0.00334747
-0.0147544
-0.0182644
-0.0224503
-0.0235008
-0.0149023
-0.0119607
-0.00825908
-0.0013045
0.00442052
0.00594203
-0.0010082
-0.000946621
0.00463324
0.00752966
0.0168783
0.0248916
0.0274747
0.0155106
0.00790998
-0.000369516
-0.00690983
0.00215994
0.00245098
-0.00238239
-0.000258554
-0.00353728
-0.0213226
-0.0331955
-0.0312336
-0.0193499
-0.0171533
-0.0106065
-5.12738e-05
0.00715905
0.0145155
0.0226353
0.0238904
0.0194823
0.0208638
0.0157957
0.00414985
-0.00213786
-0.00820698
-0.0103664
-0.0132448
-0.0163007
-0.0107685
-0.0062524
-0.00432787
0.000144212
0.00435658
0.00795584
0.00989429
0.00831339
0.00871191
0.00902212
0.00445531
-0.0029157
-0.00689182
-0.0113895
-0.0104684
-0.0103138
-0.0112892
-0.00596444
-0.00138998
-0.000299882
-0.00349886
-0.00477572
-0.00550719
-0.0075948
-0.00592762
-0.00378289
-0.00318219
-0.00118436
0.000776508
0.00234498
0.00279926
-0.00604568
-0.0143759
-0.0244509
-0.0329141
-0.0401857
-0.0490994
-0.0492624
-0.0447488
-0.0439077
-0.0349132
-0.0271889
-0.0213618
-0.0135957
-0.00619927
-0.0043595
-0.00672146
-0.00473342
-0.00768016
-0.0135407
-0.0165292
-0.0242949
-0.0268053
-0.0168434
-0.0114827
-0.00707587
0.00412067
0.0184576
0.0202532
0.000645436
0.00216915
0.00975693
0.00548044
0.00423625
-0.00989243
-0.0126452
-0.00431582
-0.00512109
0.00242404
0.0125303
0.0111863
0.0047012
-0.0075265
-0.0129996
-0.0167401
-0.013246
-0.0063711
0.00402657
0.00725529
0.00642444
0.00601107
0.0187467
0.0393837
0.0337918
0.0259805
0.0103228
0.0014079
-0.00593557
-0.00818871
0.0112546
0.0191075
0.0246114
0.0336873
0.0368562
0.0391138
0.0401767
0.0338898
0.0338025
0.0387388
0.0369858
0.0335029
0.0370111
0.041305
0.0411109
0.0339724
0.0328142
0.0359506
0.0290923
0.0254789
0.0318814
0.0367424
0.0394462
0.0339352
0.0220129
0.0133195
0.00689832
0.00111623
0.00191086
0.00808793
0.00697543
0.00534589
0.00712381
0.00806166
0.0150117
0.0198204
0.0197123
0.0204474
0.0193774
0.018775
0.0391952
0.0446047
0.0374679
0.0335718
0.0229105
0.000840012
-0.00213822
0.00609697
0.0106426
0.0187039
0.0230761
0.0267746
0.0220653
0.0183195
0.00920671
-0.00907132
-0.0106373
-0.00980145
-0.000938131
0.0119302
0.00441353
0.00407127
0.00363731
-0.00712068
-0.0125495
-0.0182389
-0.0187354
-0.0157313
-0.0126882
-0.0175261
-0.0246396
-0.02721
-0.0362357
-0.040387
-0.0384351
-0.0410884
-0.0336631
-0.0261274
-0.0189696
-0.00841539
0.00625112
0.0144986
0.0179636
0.0230908
0.022704
0.0244878
0.0225764
0.0150764
0.0116373
0.00763099
0.00252352
-0.00238592
-0.0118989
-0.0210296
-0.0276947
-0.0329004
-0.0389763
-0.0423198
-0.0347746
-0.0311484
-0.0311183
-0.0286915
-0.0259719
-0.0256381
-0.0279979
-0.0284654
-0.0260803
-0.0248861
-0.0246532
-0.0249841
-0.0249986
-0.0226721
-0.0180266
-0.0148808
-0.0105916
-0.00609827
-0.00457427
-0.005855
-0.00476864
-0.00342515
-0.00182481
-0.000506641
0.000926006
0.0014497
-0.00534916
-0.00891887
-0.00188213
0.000387511
0.00129536
0.00821773
0.0147782
0.0182226
0.0220277
0.0232489
0.0151115
0.0109431
0.00852105
0.00927727
0.00917367
0.00343878
-0.00237676
-0.010054
-0.020427
-0.0290222
-0.0376391
-0.0364724
-0.0316843
-0.0307565
-0.0267013
-0.0215501
-0.0176878
-0.0143805
-0.00998342
-0.00514849
-0.00855308
-0.00964421
-0.0028766
0.00466282
0.00975946
0.00510646
0.00210909
-0.00343229
-0.0174057
-0.0236545
-0.0257547
-0.0255624
-0.0186875
-0.0159009
-0.00987869
-0.00164392
0.00728178
0.00883735
0.00300594
0.00190861
-0.00221594
-0.0147876
-0.0200441
-0.0187698
-0.0139733
-0.00598197
-0.00228624
-0.00376667
-0.00620014
-0.00926619
-0.0146417
-0.0231739
-0.0183553
-0.0108052
-0.00968051
-0.0028316
0.00503378
0.0102782
0.0128068
0.0152248
0.0182051
0.0148788
0.0114002
0.0130965
0.0131697
0.01296
0.0142926
0.0141141
0.00844389
0.00487226
0.00486547
0.00392467
0.00373491
0.00358391
0.00363479
0.00511582
0.00620058
0.00727173
0.00887026
0.0101655
0.00997776
0.00636288
0.00435869
0.00259866
-0.00040782
-0.00280573
-0.00430476
-0.00620192
-0.00515113
0.00108759
0.0041839
0.00844437
0.0150557
0.0203865
0.0263124
0.0283906
0.0288978
0.0279683
0.026907
0.0252721
0.0194621
0.01615
0.0218851
0.0254143
0.0235522
0.0210725
0.0199503
0.0139712
0.00890493
0.00637477
0.00293226
-0.000709815
-0.00206111
-0.00367386
-0.00468771
-0.00310977
-0.00279978
-0.00242221
-0.000512275
0.000831269
-0.000259875
-0.00452391
-0.00668071
-0.00722606
-0.00665709
-0.00760697
-0.00875753
-0.0090657
-0.00951545
-0.00863987
-0.00775774
-0.00709244
-0.00184545
0.0045134
0.0103804
0.0193085
0.0202584
0.0157543
0.0175671
0.0133003
0.00511591
0.00703325
0.00778806
0.00515288
0.00424825
0.00258241
0.000320764
-0.00423846
-0.0080608
-0.011821
-0.0173874
-0.0208873
-0.0159174
-0.0136269
-0.013096
-0.00971971
-0.00711502
-0.00537265
-0.00437683
-0.00312682
-0.00171015
-7.03348e-06
0.0013744
0.00147162
0.00209746
0.00239573
0.00115805
0.000595713
-0.000343747
-0.00509806
-0.00832008
-0.00713691
-0.00690192
-0.00704949
-0.00286361
-0.000366682
-0.000155055
0.00172453
0.00345939
0.00401423
0.00118367
-0.00118804
-0.00240816
-0.00460408
-0.00649656
-0.00816445
-0.00815228
-0.00655085
-0.00651271
-0.00593617
-0.0051528
-0.00486079
-0.00436448
-0.00377031
-0.00244868
-0.00120888
-0.000237318
0.00192374
0.0045152
0.00587843
0.00719775
0.00893571
0.0102965
0.0100822
0.00869245
0.00857684
0.007977
0.00707616
0.00578139
0.00361485
0.00213427
3.16713e-05
-0.0040244
-0.00321614
-0.00100225
3.71212e-05
0.00447187
0.00753865
0.00792758
0.00711272
0.00773515
0.00528129
0.0023767
0.000920051
-0.00191556
-0.00504068
-0.00689891
-0.00587348
-0.00530095
-0.00558958
-0.0046766
-0.00364807
-0.00365488
-0.00411586
-0.0039916
-0.00398204
-0.00348776
-0.00356649
-0.00502052
-0.00565675
-0.00535509
-0.00475306
-0.0047995
-0.00479206
-0.00457489
-0.00421453
-0.00369067
-0.00336708
-0.00268787
-0.00150052
-0.00072109
-0.00115075
-0.00244927
-0.00324331
-0.00459422
-0.00534266
-0.00601736
-0.00638806
-0.00611638
-0.00585959
-0.00481609
-0.00414395
-0.00401707
-0.00371243
-0.00376816
-0.00450155
-0.00465444
-0.00415154
-0.00391477
-0.00355579
-0.00259084
-0.00197484
-0.00152402
-0.00197086
-0.00252927
-0.00262909
-0.00251706
-0.00167513
2.27397e-05
9.94228e-05
-0.000509807
2.43329e-05
-0.000550507
-0.00165198
-0.000986645
-0.000510954
-0.000269571
1.28519e-05
-0.000278376
-0.000232635
-0.000367583
-0.00101695
-0.00149455
-0.00190138
-0.00152112
-0.00131234
-0.000754948
-0.000159182
3.28946e-05
-0.000170585
-0.000307786
-0.000712633
-0.00193152
-0.00179981
-0.00119092
-0.000980061
-0.000548553
3.57651e-05
0.000155396
0.000391373
0.000704071
0.000894668
0.00119601
0.00146731
0.00157246
0.0014771
0.00133768
0.000885559
0.000252038
-0.000278751
-0.000769793
-0.000828944
-0.000750151
-0.000455423
6.80638e-05
0.000168004
0.000113033
-8.9585e-05
-0.000369955
-0.000290398
-0.000145046
-0.000174184
9.93038e-06
0.00016968
0.00029246
0.000512889
0.000612994
0.000605498
0.000549692
0.000535993
0.000408623
0.000250904
0.000169504
0.000164959
0.000128054
5.04215e-05
1.69657e-05
-1.09324e-05
-7.53676e-05
-7.61291e-05
4.23451e-05
8.14868e-05
0.000174531
0.00031187
0.000366137
0.000393155
0.000340876
0.00031615
0.000244225
0.000109178
2.85512e-05
2.92628e-05
6.28923e-05
7.66498e-05
0.000142923
0.000201946
0.000241694
0.000289755
0.000326165
0.000312757
0.000306117
0.000311034
0.000304938
0.000303431
0.000307433
0.000308033
0.000299683
0.000298969
0.000309188
0.000317043
0.000325082
0.000346038
0.000363773
0.000378393
0.000395995
0.000410515
0.000422909
0.000430567
0.000438379
0.00044476
0.000449795
0.00045732
0.000464863
0.000473092
0.000484571
0.000495154
0.000505175
0.000515671
0.000525882
0.000536493
0.000547232
0.000557859
0.000568644
0.00057972
0.000590991
0.000602062
0.000613197
0.00062427
0.000635186
0.000646359
0.00065763
0.000668954
0.000680404
0.00069195
0.000703613
0.000715389
0.000727276
0.000739324
0.000751442
0.000763624
0.000775913
0.000788283
0.000800743
0.000813299
0.000825948
0.000838691
0.000851529
0.000864448
0.000877469
0.000890599
0.000903825
0.000917145
0.000930562
0.000944074
0.000957676
0.00097137
0.000985154
0.000999027
0.00101299
0.00102704
0.00104117
0.00105539
0.0010697
0.00108409
0.00109857
0.00111312
0.00112776
0.00114247
0.00115727
0.00117214
0.00118708
0.0012021
0.0012172
0
0
0
0
