0.017809
0.0177627
0.0177402
0.0177775
0.0179105
0.018203
0.0186307
0.0191395
0.0198824
0.0207536
0.0214474
0.0213684
0.0197598
0.0186023
0.0171137
0.0136718
0.00841891
0.000613081
-0.0122932
-0.028314
-0.0411944
-0.0375023
-0.0399119
-0.0511865
-0.0536451
-0.0542611
-0.0581004
-0.0658668
-0.0746387
-0.079962
-0.0868758
-0.0924143
-0.0938864
-0.0942919
-0.0934871
-0.0853203
-0.0773473
-0.0502405
-0.0469444
-0.0410119
-0.0358724
-0.0510427
-0.0483432
-0.0467704
-0.0497207
-0.0436005
-0.0351909
-0.0192041
0.0101939
0.0196325
0.035589
0.0405068
0.0111229
0.011587
0.005177
-0.01755
-0.0254336
-0.0270261
-0.0321834
-0.0277946
-0.0292588
-0.027983
-0.0259489
-0.0268408
-0.0141465
0.0121839
0.0385384
0.0574473
0.0721167
0.0555317
0.0639769
0.0814142
0.0893158
0.110475
0.134507
0.14138
0.149519
0.131609
0.0818082
0.0311765
0.0128751
-0.0145617
-0.0365739
-0.0609217
-0.0666777
-0.0116696
0.0145142
0.0191419
0.0264393
0.042589
0.0130567
-0.00314443
-0.0272264
-0.0593673
-0.0656492
-0.0527029
-0.0292693
-0.0172069
0.0175844
0.0259654
0.0224376
0.0440261
0.0555313
0.0654617
0.0789108
0.0881687
0.0979294
0.104107
0.0709619
0.0506454
0.0381643
0.0116622
-0.00499441
-0.00324717
0.0328727
0.040555
0.045307
0.0672159
0.0707195
0.0478446
0.0479761
0.0500574
0.0399613
0.0338059
0.0260559
0.0125213
-0.00717977
-0.0485048
-0.0739742
-0.0858341
-0.0752296
-0.0535209
-0.0452659
-0.028424
-0.0135068
-0.00434362
-0.0195895
-0.026673
-0.0283065
-0.0435433
-0.0523771
-0.0512613
-0.0504705
-0.0415766
-0.0345327
-0.019529
0.00279178
0.0149782
0.0284806
0.0440786
0.0566861
0.0669876
0.0779109
0.0853133
0.0692515
0.0566134
0.0453323
0.0207106
0.00483267
-0.0114229
-0.0207839
-0.0315436
-0.0353939
-0.0260174
-0.0282327
-0.023287
-0.0173797
-0.0344783
-0.0479808
-0.00361963
0.018811
0.0486577
0.0781179
0.0935902
0.110922
0.101316
0.0581367
0.0496626
0.0349588
0.0124549
0.0185046
0.0310212
0.0253909
0.0276928
0.0191874
0.00528641
0.00133713
-0.00786266
-0.0171474
-0.0214072
-0.0136051
-0.0126906
-0.0143491
-0.0140983
-0.0274431
-0.0363037
-0.0595966
-0.0775291
-0.054981
-0.0509725
-0.0555286
-0.0384491
-0.0290435
-0.0240599
-0.0160337
-0.0121043
-0.0232679
-0.0252597
-0.021696
-0.017038
-0.0160742
-0.0147042
-0.0121401
-0.0177202
-0.0334374
-0.030365
-0.00169027
0.00868984
0.0174208
0.0043548
-0.039119
-0.0406302
-0.0534011
-0.0602704
-0.0145936
1.93052e-05
0.0303885
0.0422596
0.0404223
0.0485063
0.014135
0.00127143
0.007885
-7.34819e-05
-0.00997557
0.00101942
0.00598258
0.0106092
0.022341
0.0236175
-0.0134907
-0.0262471
-0.0270503
-0.0624393
-0.0796073
-0.0334888
0.016119
0.0401394
0.0717057
0.0807604
0.0475772
0.00777714
-0.0163536
-0.0448101
-0.0334438
0.0273188
0.0428342
0.0543205
0.0631189
0.0539255
0.0308351
0.00155516
-0.0264693
-0.0310273
-0.0458947
-0.0393489
-0.0219606
-0.0249721
-0.01682
-0.00208753
0.00864007
0.0184078
0.0286494
0.0364321
0.0433242
0.0315742
0.0255444
0.0126707
-0.0145177
0.00936251
0.0377079
0.0259717
0.0341624
0.0208803
-0.00891351
0.000500088
-0.00825294
-0.0177157
0.0376006
0.0613637
0.0468889
0.0674027
0.0497481
0.0315081
0.0316634
0.0129798
-0.0032807
-0.0122416
-0.00906944
-0.0125315
-0.0332191
-0.0539089
-0.0970901
-0.120578
-0.11082
-0.108125
-0.077166
-0.0599849
-0.0445324
-0.0184883
-0.0253666
-0.0588033
-0.0552854
-0.0465459
-0.0436961
-0.0466028
-0.0428294
-0.0382485
-0.0379546
-0.0536334
-0.0701462
-0.0745242
-0.0449489
-0.0172837
0.00633187
0.0295478
0.0403236
0.0404828
-0.00571706
-0.0116062
-0.00931442
-0.0366794
-0.0312293
-0.00474078
-0.00694508
0.00622832
0.0251218
0.0333609
0.0308397
0.0370741
0.0482049
0.0546615
0.0699397
0.0723817
0.0761845
0.0793503
0.0681764
0.0667842
0.0650968
0.0490133
0.0304137
0.0277965
0.0187739
0.00529125
0.0116711
0.0256406
0.0227652
0.0253311
0.0132839
0.0034202
0.00386983
0.0199888
0.0284404
0.0310967
0.0424754
0.051372
0.0587311
0.0456285
0.0124096
0.0062072
-0.00850601
-0.00624792
0.0256133
0.0333718
0.0480073
0.0613196
0.012766
-0.014648
-0.0261648
-0.062823
-0.0847456
-0.0462623
-0.0331544
-0.0412524
-0.0227896
-0.0117036
-0.0389564
-0.0601516
-0.0796149
-0.105846
-0.117439
-0.0603411
-0.0415674
-0.0395418
-0.00639358
0.0079423
0.014237
0.0267478
0.0167763
0.0174851
0.024836
0.0289582
0.0387461
0.0603987
0.050491
0.0226884
0.0238556
0.0122464
-0.00538433
-0.0106366
-0.000470431
-0.00263324
-0.0116614
-0.0222391
-0.039413
-0.0589099
-0.0676814
-0.0639836
-0.0716631
-0.0700226
-0.0489538
-0.043641
-0.0342436
-0.0182187
-0.0196822
-0.0233436
-0.0149422
-0.00575554
0.00272456
0.0103467
0.0193847
0.028479
0.0316242
0.000307383
-0.0119375
-0.00899496
-0.0236227
-0.0363334
-0.0386416
-0.0438349
-0.0508255
-0.0435529
-0.0385143
-0.0345215
-0.0221176
-0.0145037
0.00441443
0.0258524
0.0624293
0.113485
0.131292
0.144548
0.136013
0.0767635
0.0276758
-0.0230252
-0.0568927
-0.0694504
-0.0435317
0.0113197
0.0435459
0.0725913
0.097128
0.105606
0.0692009
0.0416852
0.0340264
0.0135454
0.00875232
-0.00107633
9.12981e-06
0.00527098
-0.00483674
-0.022529
-0.0277306
-0.0336663
-0.0456077
-0.0517317
-0.0211656
0.00958509
0.0134903
0.0317757
0.0484147
0.00507297
-0.0179042
-0.0248736
-0.0554829
-0.0804502
-0.0822931
-0.0487834
-0.0456124
-0.0423029
-0.0241473
-0.012393
-0.00816571
-0.00778101
-0.000410485
0.0221545
0.0552423
0.0430573
0.0417831
0.0564542
0.0350554
0.0212611
0.0150349
0.00173057
0.0129286
0.0212398
0.0171661
0.0123588
-0.0111877
-0.0503243
-0.0775186
-0.0773414
-0.0801566
-0.0204757
0.0272287
0.0427961
0.0506837
0.0637941
0.0340745
0.00616614
0.00742617
-0.0156828
-0.0144418
0.00841437
0.00118622
0.0044013
-0.000150155
-0.0121772
-0.0127649
-0.00204615
0.0169214
0.024947
0.0306409
-0.00428875
-0.018913
-0.0255045
-0.0498932
-0.0654767
-0.0782732
-0.0703982
-0.044904
-0.0459048
-0.0172389
0.0223732
0.0263489
0.0367387
0.0557603
0.0253775
0.0142879
0.0117114
-0.00798003
-0.0179367
-0.00265497
-0.00268318
-0.0071838
-0.00183391
0.000751429
0.00198778
0.0063422
0.0115642
0.0147506
0.0191218
0.0240429
0.0282141
0.027748
-0.00636345
-0.0160574
-0.0103504
-0.0321864
-0.0532766
-0.049796
-0.00177602
0.0111593
0.0153736
0.0395986
0.0437437
0.0458407
0.046194
0.0258134
0.00711315
-0.0195744
-0.0457381
-0.0766846
-0.0982778
-0.101738
-0.0664669
-0.052302
-0.0455509
-0.0232882
-0.0182877
-0.00917223
0.00532124
0.0104413
0.0172307
0.0257655
0.00947741
-0.00948912
0.00170574
-0.00482496
-0.00207917
0.0194248
0.0440115
0.068445
0.0693162
0.0672304
0.0372594
0.0128005
-0.00742683
-0.0415318
-0.0674052
-0.0443862
-0.0375132
-0.029949
-0.00616433
0.0151801
0.0383602
0.0596192
0.0716955
0.0738832
0.0719523
0.0496462
0.0363351
0.0220367
0.00346156
-0.00312884
-0.000342416
-0.00152454
0.0079361
0.00495292
-0.00648397
-0.0173462
0.00410426
0.00790837
0.00973631
0.0307588
0.0279867
0.0225922
0.0182831
0.00121292
-0.0132163
-0.0309452
-0.036091
-0.00643333
-0.000610066
8.48886e-05
0.0158755
0.0258768
0.00857189
-0.013335
-0.0171424
-0.0349841
-0.0442379
-0.0416031
-0.0494882
-0.0376235
-0.0307704
-0.0336305
-0.0252412
-0.0105278
-0.00536253
-0.00826709
-0.0149038
-0.0122356
0.00372923
0.0113548
0.0167022
0.0399942
0.0620446
0.0555578
0.0288223
0.0287817
0.0215155
0.00499036
-0.00605842
-0.0140455
0.00263097
0.0108592
0.0140491
0.0366011
0.0350602
0.0101519
0.0124766
0.0129631
0.00345286
-0.00215556
-0.0126494
-0.0263814
-0.0345128
-0.0456244
-0.0561292
-0.0463111
-0.0364045
-0.0396178
-0.0345638
-0.0267591
-0.0104527
0.00749228
0.0197431
0.0377386
0.0374963
0.0133272
0.0090931
-0.0269456
-0.0505657
-0.0519905
-0.0698785
-0.0407088
-0.0117573
0.0215882
0.0311972
0.0277913
0.0400776
0.0218471
0.00447243
-0.0114001
-0.0290767
-0.0451135
-0.0628158
-0.0533376
-0.0183392
-0.00726042
0.016116
0.0407482
0.062019
0.0777035
0.0435774
0.0269025
0.0276262
0.00655418
-0.00979019
-0.0132258
-0.0246965
-0.0372729
-0.0425282
-0.0234323
-0.00927385
-0.00702271
0.00654238
0.025193
0.0438945
0.0525761
0.0210906
0.00650301
0.0128389
-0.000373676
-0.0140827
-0.0191606
-0.0251144
-0.033562
-0.040058
-0.0463575
-0.053361
-0.0591034
-0.0462622
-0.0282999
-0.0116307
0.0199045
0.0170214
0.03324
0.0341003
-0.00226957
-0.00792104
-0.0200181
-0.0359771
-0.0456188
-0.0366058
-0.0201213
-0.0110733
0.028302
0.0471259
0.0518893
0.0734149
0.0820565
0.0412931
0.0199332
0.00152564
-0.0259757
-0.035367
-0.0463612
-0.0259939
-0.0174953
-0.021275
-0.0102744
-0.00111914
0.00524703
0.0223221
0.0376243
0.047319
0.0394355
0.0252929
0.0283063
0.0245794
0.0193698
0.0155555
0.0153194
0.0228756
0.0243989
0.0262356
0.0314619
0.0349052
0.0329118
0.0284363
0.034236
0.0416929
0.0422714
0.0311472
0.0128945
0.00632937
-0.0222442
-0.0455115
-0.0517271
-0.0626968
-0.0611279
-0.0272287
-0.0216885
-0.0157745
0.00445478
0.0148066
-0.00329893
-0.014007
-0.0124885
-0.0202299
-0.00581736
0.00291851
-0.00749417
-0.00659928
-0.00191077
-0.0027583
0.00588326
0.012699
0.0173088
0.0307874
0.0405654
0.0366968
0.0197169
0.0181867
0.0149973
0.0233535
0.0360029
0.0368745
0.0447931
0.0543939
0.0552434
0.0165118
-0.00731461
-0.0155234
-0.027481
-0.0416331
-0.0569417
-0.0595005
-0.0538926
-0.0603905
-0.0620168
-0.0437594
-0.0236802
-0.0132333
0.00863197
0.0229837
0.00610513
0.00718443
0.0140208
0.00783044
0.00561122
0.00509674
0.00253129
0.000800863
-0.000832105
-0.00278032
-0.00506171
-0.00802524
-0.0103436
-0.010939
0.000794575
0.00814043
0.010413
0.0140173
0.0189578
0.0249767
0.0392872
0.0479478
0.0214922
-0.00221855
-0.00327781
-0.016641
-0.0343347
-0.0421536
-0.0253468
-0.0228387
-0.0252107
-0.0167181
-0.0114225
-0.00671025
0.00103178
0.00693671
0.012825
0.0168463
-0.00288514
-0.0190118
-0.0245749
-0.0397753
-0.0300424
-0.003726
-0.00447024
0.0165798
0.0411531
0.018365
0.000751819
0.00990636
0.00636478
-0.00260075
-0.00582978
2.86298e-05
0.0133661
0.0157791
0.0192532
0.0264947
0.0299099
0.0115282
-0.0025782
-0.0138971
-0.0412316
-0.0594595
-0.0503086
-0.0212119
-0.0241953
-0.01773
-0.000225542
0.00879638
0.015695
0.0250489
0.0310602
0.0329411
0.0392132
0.0517295
0.0635049
0.0374561
0.0202543
0.0210205
0.00810374
-0.00582523
-0.0104178
0.0128731
0.0205076
0.0228109
0.0387769
0.0491319
0.0340758
0.0150208
0.0149376
0.00475589
-0.00657471
-0.0148957
-0.0205227
-0.0173647
-0.0205984
-0.0241861
-0.0241036
-0.0256663
-0.0301843
-0.0348438
-0.0374833
-0.0277069
-0.00615374
0.00070161
0.0211175
0.0449483
0.0607322
0.0469432
0.0144582
0.0196339
0.0194329
0.00505983
-0.00199987
-0.00409014
-0.00877151
-0.0144243
-0.0180758
-0.0197946
-0.0229601
-0.0263634
-0.0288718
-0.0316898
-0.0346029
-0.0377736
-0.0438643
-0.0489366
-0.0529865
-0.0582892
-0.0597812
-0.0357254
-0.0209794
-0.0144792
0.00377865
0.0195748
0.012941
-0.00308773
0.00189153
-0.00318314
-0.0114785
0.00691774
0.029816
0.0313607
0.0224661
0.0199582
0.021898
0.0111541
0.00444285
0.00391489
0.000167998
-0.00509659
-0.0037174
-0.000187439
-0.00178843
-0.000906842
0.00264574
0.0073112
0.0100225
0.0124732
0.00612773
-0.00102562
-0.00123187
-0.00347509
-0.00775686
-0.010766
-0.0114306
6.6689e-05
0.00518516
0.00804578
0.0172884
0.0229682
0.0168968
0.0141142
0.0162012
0.0132974
0.0109448
0.00973899
0.00764808
0.00446692
-0.00747708
-0.0163515
-0.0171939
0.00724912
0.015702
0.0103269
0.0232932
0.0477629
0.0467943
0.0190102
0.0181161
0.012936
-0.00398418
-0.0121472
-0.00741583
-0.00713684
-0.0120863
-0.0038973
0.0079603
0.0128389
0.0264916
0.0368623
0.0292241
0.0235923
0.0276108
0.0226499
0.0174529
0.0152886
0.00296572
-0.0166739
-0.0258686
-0.0265519
0.00840814
0.0178798
0.00339198
0.014598
0.0151624
-0.00665409
-0.014331
-0.0312013
-0.034759
-0.00544266
0.00313692
0.0193423
0.0410194
0.036124
0.00492661
0.00569625
0.00706465
-0.00740703
-0.00623788
0.00272057
-0.00132815
0.000149837
0.00438577
0.00584945
0.00793849
0.00902943
0.000663781
-0.00289567
-0.0047337
-0.0126693
-0.017237
-0.0107209
-0.0075753
-0.00855565
0.00174737
0.0135202
0.015496
-0.00558712
-0.0206389
-0.0132278
-0.0141205
-0.0216729
-0.00857295
-0.00242876
-0.00406303
-0.00294192
-0.0122028
-0.0208916
-0.00924571
0.00635658
0.0162368
0.023753
0.0182787
-0.00177127
-0.0169247
-0.0293774
-0.0488927
-0.0566348
-0.0317723
-0.0286092
-0.0275774
-0.00977242
0.000677954
0.00656463
-0.00622166
-0.0125045
-0.0112932
-0.0171811
-0.0177862
-0.0196437
-0.0230332
-0.0175599
0.00124444
0.00666903
0.000732362
0.00663343
0.0105282
0.00277535
0.00146874
0.000813176
-0.0121433
-0.0247464
-0.0128111
-0.00495081
-0.00902133
-0.00339323
0.0025017
0.00539758
0.00996006
0.0144985
0.0159505
-0.00022692
-0.00996937
-0.0131769
-0.0207908
-0.025697
-0.0159789
-0.0113445
-0.011131
-0.00326229
0.00272364
0.00723127
0.0125693
0.0103237
0.00906472
0.011601
0.010857
0.0101381
0.0105334
0.010478
0.0102628
0.0102895
0.0102494
0.00921127
0.00627968
0.00488324
0.00348099
0.00128044
0.00524267
0.0143411
0.0164489
0.0207886
0.0207227
0.015299
0.0170973
0.0148253
0.00817415
0.00532949
0.00205003
-0.00261352
-0.00544144
-0.00208762
-0.00220391
-0.00355971
-0.00225491
-0.00172339
0.000968061
0.006332
0.00855553
0.0116711
0.0147088
0.00772239
0.00248617
0.00195191
-0.00284499
-0.00325858
0.00124916
1.92248e-06
0.00266979
0.0116071
0.0137868
0.00368161
0.000282047
0.0001352
-0.00553646
-0.00945131
-0.000742191
0.0103252
0.0107717
0.00433774
-0.00111863
-0.000767786
-0.00519207
-0.0101252
-0.00916944
-0.000355342
0.00149832
0.00359615
0.00247665
-0.0091261
-0.0118073
-0.015433
-0.0230666
-0.0246967
-0.018533
-0.0192825
-0.0196468
-0.0167295
-0.0136951
-0.00927854
-0.00630955
-0.00300485
-0.000260898
-0.00607356
-0.0092143
-0.0111904
-0.0158875
-0.0189054
-0.0132688
-0.00773371
-0.00760417
-0.0035593
-0.00515858
-0.0161145
-0.0182416
-0.0216766
-0.0155992
0.00403285
0.00810154
0.0123893
0.0181867
0.0250981
0.0172811
0.000979293
-0.000215114
-0.00799786
-0.0177622
-0.0235972
-0.0302715
-0.0258462
-0.0225555
-0.0251262
-0.0227646
-0.0205004
-0.0199498
-0.0183659
-0.0203853
-0.0247988
-0.0252038
-0.0271492
-0.0261349
-0.0230944
-0.0226041
-0.012231
-0.00261708
0.00211842
0.00489607
-0.00412985
-0.0048328
-0.00485093
-0.00990952
-0.0117115
-0.00237637
0.00421671
0.00834879
0.0313796
0.0236733
0.0131519
0.0221923
0.015167
0.00804858
0.0067874
0.00209348
-0.00268959
-0.00542357
-0.00161077
-0.000333724
-0.00134514
0.00165599
0.00622897
0.00854744
0.0110725
0.00793789
0.00251649
0.00254332
0.000310069
0.00534217
0.0165444
0.0165874
0.00964673
0.00881133
0.00946188
0.00523863
0.00190956
-0.000185986
-0.00326768
-0.00618542
-0.00493466
0.00391798
0.00647213
0.00901916
0.0157259
0.0214418
0.0258248
0.0224773
0.0142261
0.0149471
0.0117483
0.00970716
0.0158543
0.0164088
0.0166239
0.0196952
0.0204506
0.0125148
0.00674513
0.0049879
-0.00041668
-0.00294945
0.00368456
0.00433507
0.00400557
0.00811502
0.0119692
0.0141281
0.0123235
0.0047499
0.00329572
0.00242741
0.00911465
0.0132999
0.0138643
0.0181771
0.0198191
0.0164498
0.0169977
0.0172827
0.0148749
0.0135192
0.0126646
0.0113851
0.0118227
0.0117476
0.0110089
0.010936
0.010441
0.00727299
0.00480903
0.00363685
0.00142834
-0.00072221
-0.00320462
-0.00542647
-0.00722207
-0.00913864
-0.0111951
-0.0134108
-0.0150323
-0.0158226
-0.0162347
-0.0171598
-0.0175758
-0.0153997
-0.0105261
-0.0089881
-0.00706598
-0.00508392
-0.0066041
-0.00617421
-0.00499201
-0.00283422
-0.000986135
-0.000268534
0.00102794
0.00232423
0.00339287
0.00407481
0.00458236
0.00449315
0.00176708
0.00074505
0.000372856
-0.00105589
-0.00229888
-0.00288299
-0.00340118
-0.00377211
-0.00395734
-0.00402031
-0.00360442
-0.00256018
-0.00221133
-0.00189273
-0.00140103
-0.00110342
-0.000900523
-0.000696872
-0.000549247
-0.000450595
-0.000403831
-0.000387739
-0.000359994
-0.000358823
-0.000372252
-0.000393165
-0.000428862
-0.000497224
-0.000559342
-0.000608189
-0.000669494
-0.00072204
-0.000791595
-0.00087949
-0.000971656
-0.00107499
-0.00118754
-0.00130778
-0.00143721
-0.00157482
-0.00171849
-0.00186987
-0.00202925
-0.00219638
-0.00237097
-0.00255292
-0.00274202
-0.00293806
-0.0031408
-0.00335001
-0.00356544
-0.00378683
-0.0040139
0
