-0.00928159
-0.0094447
-0.0096262
-0.00979364
-0.00990914
-0.00994202
-0.00988174
-0.00973796
-0.00953477
-0.00930374
-0.00907979
-0.00889352
-0.0087714
-0.00872448
-0.00874466
-0.00880518
-0.00889215
-0.00901763
-0.00920516
-0.00947787
-0.00985395
-0.0103539
-0.0109952
-0.0117797
-0.0126868
-0.0136614
-0.0146181
-0.0154455
-0.0159421
-0.0158085
-0.0147824
-0.0126012
-0.00913061
-0.00451105
0.000946989
0.00707735
0.0136826
0.0202741
0.0261563
0.0308145
0.0339712
0.0356517
0.0358389
0.0342855
0.0306582
0.0247042
0.0166482
0.00748898
-0.00145032
-0.00925665
-0.0153164
-0.019308
-0.0213654
-0.0219711
-0.0217401
-0.021202
-0.020889
-0.0213128
-0.0228547
-0.0256962
-0.029757
-0.0346152
-0.0396253
-0.0442783
-0.0484406
-0.0519583
-0.0545634
-0.0560461
-0.0562587
-0.0550356
-0.0521388
-0.0473476
-0.0402517
-0.0304665
-0.018051
-0.00375389
0.0109814
0.0243577
0.0348936
0.0419237
0.0457216
0.0472814
0.0478283
0.0482324
0.0488522
0.049413
0.049148
0.0471823
0.0429259
0.0363702
0.0280975
0.0194774
0.0123616
0.00775048
0.00536419
0.0043195
0.00332312
0.000967728
-0.00387014
-0.0115999
-0.0216629
-0.0328084
-0.0431984
-0.0506293
-0.0530431
-0.0496498
-0.0411132
-0.0287118
-0.0143041
-0.000553548
0.00989388
0.015171
0.0146559
0.00903913
-0.000378948
-0.0121028
-0.0246819
-0.0369997
-0.047898
-0.0562348
-0.0615984
-0.0639672
-0.0635245
-0.0597732
-0.0512455
-0.0363921
-0.0145364
0.0132721
0.043687
0.0726759
0.0976059
0.116739
0.129073
0.134121
0.132173
0.123521
0.108638
0.0885412
0.0651837
0.0419292
0.02337
0.0133589
0.0128771
0.0218683
0.0386982
0.0604253
0.0824804
0.0989597
0.105985
0.102256
0.0867046
0.0595609
0.0224042
-0.021289
-0.0670479
-0.111185
-0.149143
-0.177854
-0.196853
-0.207444
-0.211535
-0.209448
-0.200952
-0.186433
-0.16689
-0.144566
-0.121961
-0.101019
-0.0830415
-0.0681928
-0.0555195
-0.0442905
-0.0339418
-0.0238572
-0.0135238
-0.00309551
0.00631736
0.0131241
0.0163707
0.016263
0.0136662
0.0094914
0.00483946
0.000767697
-0.00197345
-0.0029789
-0.00216978
0.000522449
0.00517764
0.0115107
0.0185341
0.0246505
0.0286417
0.0304797
0.0312105
0.0319313
0.0337828
0.0379677
0.0455545
0.057413
0.0738789
0.0945156
0.118238
0.142832
0.165179
0.182379
0.193104
0.197266
0.194849
0.186399
0.172858
0.155841
0.137259
0.117764
0.0970074
0.0741301
0.0482723
0.0191247
-0.0128297
-0.0458972
-0.0775049
-0.105397
-0.128213
-0.14612
-0.160914
-0.174352
-0.187055
-0.198588
-0.207617
-0.212097
-0.209741
-0.198911
-0.179493
-0.15267
-0.121178
-0.0895832
-0.0621115
-0.0413495
-0.0286298
-0.0246222
-0.0295528
-0.042583
-0.061375
-0.083873
-0.108154
-0.131683
-0.150745
-0.161372
-0.161893
-0.152444
-0.13409
-0.109121
-0.0802573
-0.0512259
-0.0262036
-0.00869516
-3.57653e-05
0.00118471
-0.00366447
-0.0129166
-0.0246329
-0.0366562
-0.0459076
-0.0484919
-0.0398694
-0.0156996
0.0262901
0.0850165
0.153712
0.221831
0.281424
0.324702
0.348145
0.354469
0.348428
0.333514
0.312244
0.286986
0.259855
0.232487
0.206605
0.184396
0.168131
0.159363
0.158255
0.164415
0.177646
0.196481
0.217253
0.235198
0.245144
0.242993
0.226156
0.192257
0.140286
0.0715686
-0.00969794
-0.0949243
-0.174945
-0.244284
-0.296401
-0.330179
-0.347107
-0.348606
-0.337347
-0.315875
-0.287555
-0.25505
-0.221157
-0.188382
-0.157884
-0.13067
-0.108153
-0.0899895
-0.0734152
-0.0547878
-0.0311289
-0.00182535
0.0315884
0.0662882
0.0984253
0.123242
0.137119
0.140143
0.133051
0.117188
0.0934284
0.0626885
0.0266233
-0.0117084
-0.0482538
-0.0785188
-0.0985438
-0.108192
-0.110078
-0.107444
-0.103194
-0.0994244
-0.0977171
-0.0991648
-0.10422
-0.112755
-0.124687
-0.139573
-0.155673
-0.169508
-0.176467
-0.172221
-0.153807
-0.119175
-0.0680925
-0.00388315
0.068696
0.146888
0.227876
0.307526
0.381832
0.443544
0.48247
0.492461
0.477914
0.442722
0.389718
0.32462
0.254433
0.184541
0.11789
0.0581077
0.00927523
-0.0254395
-0.0459457
-0.0552934
-0.0573075
-0.0558321
-0.0539249
-0.0541908
-0.0586468
-0.0676161
-0.0799657
-0.0938006
-0.106657
-0.116558
-0.122585
-0.124852
-0.124419
-0.122169
-0.118757
-0.114954
-0.111763
-0.110194
-0.111185
-0.115287
-0.12226
-0.131054
-0.140307
-0.148036
-0.151685
-0.148948
-0.138285
-0.118164
-0.0874696
-0.0473535
-0.0019309
0.044155
0.0865029
0.120856
0.145186
0.158924
0.162339
0.157359
0.146395
0.13215
0.11774
0.106393
0.101301
0.104568
0.116177
0.134434
0.156933
0.180748
0.202015
0.216991
0.223117
0.217869
0.199566
0.169013
0.129347
0.0845806
0.0381218
-0.00609279
-0.0457262
-0.0804065
-0.110338
-0.135017
-0.153529
-0.165679
-0.172637
-0.176046
-0.177416
-0.178061
-0.179339
-0.182301
-0.186832
-0.192051
-0.19718
-0.200941
-0.20133
-0.196215
-0.183428
-0.160929
-0.126253
-0.0773393
-0.0141
0.0594056
0.133938
0.202114
0.261222
0.309929
0.346844
0.371472
0.384224
0.386294
0.378872
0.361345
0.332841
0.293302
0.244594
0.190272
0.134065
0.0815309
0.033453
-0.0132767
-0.0595192
-0.104278
-0.14719
-0.190351
-0.233621
-0.275395
-0.315235
-0.352343
-0.384817
-0.410379
-0.426214
-0.428295
-0.412943
-0.378656
-0.326122
-0.25825
-0.180687
-0.0982244
-0.0188745
0.0480919
0.0989948
0.132162
0.148428
0.150532
0.143407
0.131436
0.119121
0.111632
0.113438
0.126918
0.151427
0.184278
0.221396
0.258834
0.291659
0.315088
0.326701
0.324322
0.307409
0.276103
0.23178
0.176555
0.110955
0.0381931
-0.0369973
-0.10842
-0.169892
-0.218207
-0.251146
-0.265728
-0.260474
-0.234739
-0.190204
-0.132974
-0.0722388
-0.0151659
0.0324332
0.0643045
0.0758584
0.0670373
0.0402491
-0.00029424
-0.0492201
-0.102029
-0.151196
-0.189915
-0.214004
-0.220496
-0.208516
-0.180008
-0.139452
-0.0930646
-0.0457644
-0.00133586
0.0348573
0.0596206
0.0713366
0.0710791
0.0617168
0.04624
0.0275167
0.00852723
-0.00709583
-0.0160011
-0.0174005
-0.012381
-0.00330318
0.00634131
0.0143923
0.0194158
0.0208154
0.0184909
0.0122173
0.00210701
-0.011221
-0.0262221
-0.0408822
-0.0539018
-0.0641277
-0.070165
-0.0708355
-0.0649003
-0.0504559
-0.0257893
0.00984178
0.0554656
0.108754
0.16979
0.238012
0.31071
0.37938
0.432602
0.459981
0.458943
0.428856
0.368362
0.279748
0.170139
0.0523028
-0.0599652
-0.156771
-0.226881
-0.268518
-0.282491
-0.270578
-0.240487
-0.198972
-0.153239
-0.109316
-0.0683397
-0.0322255
-0.00367339
0.0133428
0.016371
0.00436369
-0.0241505
-0.0689921
-0.126499
-0.190532
-0.25141
-0.299399
-0.329689
-0.33922
-0.326031
-0.290248
-0.235918
-0.170885
-0.105816
-0.0489222
-0.00632211
0.0202298
0.0328747
0.0358526
0.0334215
0.0291118
0.0246691
0.0204306
0.016088
0.0109833
0.00451676
-0.00367795
-0.0138521
-0.0262095
-0.0407861
-0.0571178
-0.0739006
-0.0889968
-0.0998848
-0.10423
-0.100185
-0.0865568
-0.0637018
-0.0337192
0.000666771
0.0380217
0.0774302
0.117528
0.15608
0.190319
0.21864
0.241079
0.258874
0.274232
0.289594
0.306985
0.327197
0.349979
0.374508
0.400116
0.427509
0.457896
0.490741
0.523628
0.553921
0.578603
0.593827
0.595572
0.580665
0.547561
0.494645
0.422583
0.335844
0.240819
0.143631
0.0470431
-0.0465457
-0.131269
-0.200928
-0.251446
-0.284773
-0.304549
-0.314711
-0.32017
-0.32626
-0.336956
-0.35463
-0.380733
-0.416075
-0.459439
-0.506751
-0.553797
-0.597566
-0.635635
-0.665436
-0.684544
-0.693079
-0.693745
-0.686294
-0.66819
-0.6368
-0.591506
-0.534785
-0.468412
-0.393204
-0.315869
-0.242104
-0.174449
-0.110499
-0.0489998
0.0081204
0.0577169
0.0984289
0.133379
0.166573
0.19934
0.231701
0.263892
0.295121
0.324272
0.351285
0.377052
0.402679
0.427826
0.449993
0.466349
0.475574
0.476415
0.465805
0.438935
0.392704
0.328691
0.253175
0.174622
0.100199
0.0322376
-0.0275987
-0.0781426
-0.120464
-0.156749
-0.188409
-0.214754
-0.23419
-0.244759
-0.244787
-0.234259
-0.212239
-0.177503
-0.132059
-0.0815759
-0.0312066
0.0171128
0.0619086
0.102544
0.140335
0.175977
0.209687
0.243321
0.275846
0.306519
0.335139
0.360985
0.382043
0.395851
0.402965
0.405955
0.407269
0.408087
0.408514
0.407963
0.405301
0.39891
0.387008
0.368043
0.340265
0.301718
0.252088
0.192805
0.125379
0.0518978
-0.0252972
-0.101983
-0.173542
-0.236883
-0.289874
-0.333523
-0.371562
-0.4057
-0.435307
-0.459531
-0.477847
-0.490455
-0.499121
-0.504954
-0.506663
-0.501355
-0.485835
-0.458403
-0.420578
-0.376943
-0.332819
-0.292817
-0.256719
-0.221148
-0.184589
-0.146296
-0.104772
-0.0583492
-0.00705835
0.0438656
0.0866786
0.117054
0.13559
0.144321
0.146957
0.149123
0.155651
0.169498
0.191171
0.218822
0.250349
0.283688
0.316224
0.34473
0.365934
0.378784
0.386272
0.391048
0.39455
0.396715
0.395926
0.389555
0.374698
0.349431
0.313198
0.266502
0.210737
0.14564
0.0711145
-0.0121709
-0.100886
-0.189398
-0.273422
-0.349703
-0.415062
-0.467826
-0.509751
-0.541581
-0.562437
-0.573411
-0.575352
-0.568092
-0.549364
-0.515937
-0.465441
-0.398386
-0.318603
-0.234242
-0.154569
-0.0851576
-0.0278729
0.018651
0.0573625
0.0914917
0.122601
0.152592
0.185052
0.222745
0.265263
0.310196
0.356731
0.402961
0.444527
0.476279
0.496796
0.50746
0.510279
0.506575
0.496164
0.477133
0.447096
0.40517
0.352905
0.292422
0.226082
0.158184
0.094005
0.0341398
-0.0234225
-0.0798032
-0.133625
-0.180467
-0.214444
-0.231942
-0.236102
-0.234029
-0.231067
-0.231081
-0.236871
-0.249713
-0.269756
-0.29609
-0.325951
-0.354755
-0.377689
-0.39057
-0.390335
-0.374322
-0.341529
-0.293361
-0.231723
-0.159147
-0.0811957
-0.0038235
0.0714291
0.141017
0.200781
0.248138
0.279904
0.293366
0.288504
0.267074
0.229646
0.178377
0.118602
0.0573055
0.001053
-0.0461495
-0.0824743
-0.106807
-0.118123
-0.115863
-0.101189
-0.0787196
-0.0550392
-0.0340806
-0.0187518
-0.0120085
-0.0157324
-0.0301615
-0.0553589
-0.0900987
-0.131433
-0.174734
-0.215718
-0.249901
-0.272408
-0.280689
-0.274414
-0.255289
-0.225047
-0.18516
-0.13651
-0.0801476
-0.0165521
0.0537425
0.128339
0.204562
0.276934
0.339006
0.383275
0.407554
0.415309
0.410315
0.39603
0.375397
0.350929
0.325007
0.298239
0.269107
0.234269
0.189399
0.131297
0.060127
-0.0201242
-0.102243
-0.178318
-0.242368
-0.292807
-0.326138
-0.341235
-0.338397
-0.319389
-0.288112
-0.248997
-0.209049
-0.176356
-0.153858
-0.142783
-0.142438
-0.149355
-0.160056
-0.170988
-0.179861
-0.185439
-0.187244
-0.185445
-0.180318
-0.172373
-0.162583
-0.151541
-0.139198
-0.12543
-0.110768
-0.0970023
-0.0867571
-0.0816453
-0.0821699
-0.0891731
-0.104023
-0.12727
-0.157104
-0.189686
-0.222512
-0.251906
-0.272406
-0.278712
-0.266543
-0.232855
-0.178525
-0.109438
-0.0352972
0.0337233
0.0912752
0.134408
0.162668
0.177273
0.182334
0.180983
0.175144
0.166226
0.155264
0.143217
0.131511
0.121824
0.114269
0.107609
0.10081
0.0930387
0.0835504
0.0717584
0.0570129
0.0390386
0.0184697
-0.00309558
-0.0241185
-0.043416
-0.0601577
-0.0739746
-0.0847453
-0.0921003
-0.0956659
-0.094915
-0.0885944
-0.075697
-0.0567244
-0.0340562
-0.0102493
0.0130684
0.0349747
0.0550377
0.0731154
0.0895016
0.104979
0.120404
0.136449
0.15358
0.171958
0.191257
0.210511
0.228203
0.242777
0.253072
0.258481
0.258627
0.253694
0.243955
0.228416
0.205557
0.174022
0.131893
0.0773695
0.0109966
-0.0632331
-0.138763
-0.20759
-0.263167
-0.303793
-0.331524
-0.348902
-0.358052
-0.361602
-0.361863
-0.359611
-0.354854
-0.347444
-0.336478
-0.319025
-0.291152
-0.249797
-0.194622
-0.129593
-0.0636336
-0.00644389
0.0365693
0.0635842
0.0762245
0.0774952
0.0693675
0.0536704
0.0317944
0.00559987
-0.0223736
-0.0518012
-0.0824223
-0.109771
-0.127881
-0.131504
-0.115153
-0.0744562
-0.0093378
0.0757699
0.172823
0.270615
0.359792
0.432283
0.479761
0.501234
0.499276
0.475969
0.432628
0.371228
0.296974
0.21664
0.136398
0.0590767
-0.0123606
-0.0700903
-0.10827
-0.127838
-0.132138
-0.125295
-0.113341
-0.101421
-0.0919316
-0.08535
-0.0817373
-0.0826122
-0.0907959
-0.109337
-0.140249
-0.184064
-0.239309
-0.301325
-0.364105
-0.42089
-0.464475
-0.49132
-0.503544
-0.504597
-0.497862
-0.484922
-0.464715
-0.435187
-0.395044
-0.344342
-0.283508
-0.213334
-0.135139
-0.0523345
0.0286956
0.100151
0.158233
0.203757
0.23395
0.246971
0.244893
0.231059
0.209019
0.182278
0.154639
0.130593
0.113997
0.106896
0.108465
0.115392
0.125567
0.137714
0.1507
0.164024
0.177475
0.19053
0.201846
0.209319
0.210706
0.204968
0.192592
0.17362
0.147087
0.112668
0.0723918
0.0315305
-0.00270436
-0.0235031
-0.0263853
-0.0101874
0.0219825
0.0660296
0.11888
0.176811
0.236022
0.293994
0.345883
0.388301
0.420614
0.443718
0.457798
0.462879
0.459152
0.444836
0.417256
0.37474
0.317546
0.249853
0.177321
0.10582
0.0414902
-0.0128297
-0.0582713
-0.0964685
-0.129152
-0.15918
-0.190361
-0.225778
-0.26704
-0.314365
-0.366184
-0.420018
-0.474366
-0.528107
-0.579313
-0.624629
-0.660815
-0.685361
-0.696389
-0.693199
-0.677389
-0.65171
-0.618797
-0.579395
-0.533347
-0.480555
-0.420944
-0.354919
-0.281563
-0.198809
-0.107051
-0.0108198
0.0826316
0.166503
0.239283
0.301065
0.351142
0.388797
0.413797
0.427155
0.431008
0.428632
0.423345
0.416802
0.409546
0.40149
0.391824
0.379365
0.363151
0.34306
0.320327
0.297205
0.275004
0.253287
0.229922
0.201678
0.166072
0.122818
0.0742827
0.0233749
-0.0289357
-0.0828071
-0.137576
-0.190702
-0.237127
-0.27096
-0.289799
-0.294861
-0.287775
-0.270636
-0.247279
-0.221746
-0.196111
-0.171093
-0.146904
-0.124022
-0.10338
-0.0861506
-0.0733892
-0.065507
-0.0613903
-0.0584537
-0.0546788
-0.048797
-0.0403101
-0.0297027
-0.0179653
-0.00605137
0.00506542
0.014329
0.0207059
0.0232674
0.0214747
0.0157627
0.00765897
-0.00154128
-0.0114553
-0.0221131
-0.0332266
-0.0435602
-0.0507549
-0.0517007
-0.0435477
-0.0249026
0.00364045
0.0392845
0.077366
0.113477
0.144206
0.168341
0.186837
0.200798
0.210464
0.215628
0.215878
0.209699
0.193952
0.165518
0.122937
0.0663945
-0.00118354
-0.0724847
-0.138138
-0.191926
-0.230433
-0.252098
-0.254778
-0.236503
-0.196597
-0.137639
-0.0639793
0.0182467
0.0999469
0.171866
0.22638
0.263429
0.282965
0.285165
0.272351
0.245882
0.207031
0.157906
0.103557
0.0523685
0.0121713
-0.01127
-0.0161326
-0.00568462
0.0152517
0.0427167
0.0745909
0.109302
0.14508
0.180714
0.214672
0.243986
0.264663
0.273197
0.268321
0.250485
0.221131
0.180591
0.128195
0.0650459
-0.00461815
-0.0744052
-0.137996
-0.193726
-0.23918
-0.273329
-0.298735
-0.316777
-0.328981
-0.338353
-0.347438
-0.357248
-0.367814
-0.378932
-0.390343
-0.401839
-0.41341
-0.425318
-0.43819
-0.45335
-0.472332
-0.495502
-0.520686
-0.542877
-0.556273
-0.557923
-0.546539
-0.521717
-0.48396
-0.432086
-0.363899
-0.277813
-0.175014
-0.0618965
0.0501546
0.149384
0.231019
0.296023
0.34859
0.389745
0.418596
0.435651
0.443317
0.444817
0.442719
0.43868
0.434015
0.429752
0.426376
0.423992
0.422376
0.420864
0.418181
0.412736
0.403194
0.388726
0.368539
0.341644
0.307771
0.267616
0.221195
0.168742
0.111658
0.0525769
-0.0062627
-0.0633418
-0.117551
-0.168167
-0.214555
-0.255374
-0.288844
-0.314187
-0.331365
-0.33963
-0.338161
-0.32662
-0.305905
-0.276861
-0.238997
-0.192118
-0.137183
-0.0746314
-0.00557587
0.0652014
0.12973
0.182889
0.222558
0.247757
0.260069
0.263027
0.259139
0.250395
0.238135
0.223249
0.205628
0.184731
0.160178
0.131247
0.0973609
0.0585698
0.0153321
-0.0308371
-0.0771319
-0.119987
-0.155777
-0.181796
-0.19689
-0.202505
-0.202104
-0.196771
-0.185758
-0.168149
-0.144055
-0.115229
-0.0833061
-0.0494342
-0.0147382
0.0192639
0.05061
0.0773955
0.098596
0.114178
0.123966
0.127403
0.124662
0.117139
0.106232
0.0928066
0.0779356
0.063259
0.0504344
0.0398375
0.0303698
0.0203159
0.00946727
-0.0018241
-0.0128967
-0.0227448
-0.0304622
-0.0357275
-0.0393203
-0.0431805
-0.0496163
-0.0609119
-0.0787259
-0.103306
-0.13363
-0.168436
-0.205701
-0.242766
-0.276749
-0.305099
-0.326389
-0.339841
-0.344238
-0.339113
-0.326008
-0.30743
-0.28404
-0.255528
-0.222063
-0.184738
-0.144811
-0.103744
-0.063301
-0.0247758
0.0114167
0.0461907
0.081437
0.118492
0.157744
0.198776
0.241142
0.284619
0.328192
0.36965
0.406253
0.435666
0.456804
0.470823
0.480511
0.486522
0.487689
0.482356
0.469358
0.449071
0.424009
0.397047
0.369158
0.340452
0.311335
0.282111
0.251544
0.217365
0.177822
0.132723
0.0838569
0.0340974
-0.0139973
-0.0602053
-0.106003
-0.151823
-0.196226
-0.238446
-0.277973
-0.3131
-0.341622
-0.361999
-0.373856
-0.377085
-0.372023
-0.358846
-0.336834
-0.305887
-0.267288
-0.222131
-0.172463
-0.121653
-0.0720671
-0.0244071
0.022075
0.0689906
0.116615
0.161837
0.199105
0.224635
0.2393
0.244576
0.241718
0.232028
0.216414
0.19603
0.17162
0.144097
0.115426
0.0882388
0.0643603
0.0448909
0.030549
0.020948
0.0144826
0.00988324
0.0063224
0.00282157
-0.00208793
-0.0104742
-0.0246553
-0.0463242
-0.0753289
-0.109018
-0.143954
-0.177747
-0.207236
-0.227029
-0.231413
-0.218731
-0.19307
-0.158927
-0.118425
-0.0730252
-0.0250847
0.0216246
0.0632201
0.096987
0.121636
0.136893
0.144314
0.146997
0.145886
0.140303
0.129219
0.111848
0.0887701
0.0631097
0.0399167
0.0222295
0.010737
0.00510284
0.00422073
0.00746831
0.0151691
0.0276271
0.0440037
0.0615597
0.0763326
0.0853556
0.0874439
0.0836791
0.0765163
0.0673113
0.0565523
0.0444432
0.0312012
0.017229
0.00263757
-0.0130078
-0.0305284
-0.0510177
-0.0758957
-0.106151
-0.141458
-0.179741
-0.216773
-0.247263
-0.26707
-0.275382
-0.275279
-0.2701
-0.261372
-0.249751
-0.235969
-0.221601
-0.209246
-0.201302
-0.198729
-0.200533
-0.204373
-0.20832
-0.210771
-0.210282
-0.205835
-0.197118
-0.184729
-0.169308
-0.149939
-0.124695
-0.0918883
-0.0509008
-0.00225869
0.0510339
0.103125
0.148419
0.185361
0.215737
0.240274
0.259055
0.272516
0.281255
0.285387
0.285507
0.283277
0.280309
0.277483
0.275116
0.27311
0.271175
0.268897
0.26581
0.261539
0.255969
0.249385
0.24243
0.235608
0.228662
0.220373
0.208571
0.190432
0.163192
0.124513
0.0716288
0.00343374
-0.0780731
-0.169479
-0.265079
-0.35837
-0.442487
-0.510231
-0.555655
-0.57683
-0.576261
-0.556476
-0.519497
-0.466391
-0.399267
-0.323153
-0.245397
-0.17491
-0.116937
-0.0730794
-0.0427705
-0.0254834
-0.0201941
-0.0243795
-0.0349117
-0.0483988
-0.0622381
-0.0746704
-0.0848767
-0.0924787
-0.0964686
-0.0952437
-0.0868194
-0.0684054
-0.0356713
0.0148309
0.082837
0.163511
0.248754
0.329184
0.394973
0.440613
0.466039
0.474194
0.470096
0.456858
0.43585
0.408153
0.374099
0.334368
0.290855
0.2451
0.197328
0.147301
0.0958879
0.044575
-0.00462074
-0.0496369
-0.0879591
-0.114564
-0.124756
-0.118334
-0.0941816
-0.0522856
0.00376886
0.0689811
0.135092
0.1924
0.237214
0.267509
0.283561
0.289346
0.286565
0.274147
0.24949
0.210243
0.15642
0.0905651
0.0185973
-0.0519465
-0.114913
-0.165028
-0.19863
-0.213996
-0.21121
-0.192519
-0.160992
-0.121876
-0.0819214
-0.0490044
-0.0291535
-0.0251862
-0.0367559
-0.061954
-0.0981679
-0.142175
-0.190711
-0.239257
-0.281922
-0.313254
-0.331614
-0.336626
-0.328099
-0.307634
-0.278894
-0.247321
-0.217999
-0.191741
-0.166875
-0.141894
-0.115782
-0.0884387
-0.0609995
-0.0357354
-0.0152573
-0.000758836
0.00928682
0.0176619
0.0273736
0.041712
0.0638476
0.0954986
0.135148
0.178776
0.224272
0.268987
0.308564
0.339076
0.357006
0.361285
0.354231
0.337228
0.311754
0.280665
0.246237
0.208517
0.167551
0.125867
0.0879192
0.0571013
0.0352745
0.022491
0.0161569
0.0128007
0.0103192
0.00772811
0.00468065
0.00129982
-0.00216356
-0.00551059
-0.00875463
-0.0120899
-0.0158128
-0.0200998
-0.0248605
-0.0296667
-0.0337108
-0.0358481
-0.0348301
-0.0296626
-0.0203769
-0.00875615
0.0018568
0.00856849
0.00952609
0.00447766
-0.00532411
-0.0191336
-0.0362047
-0.0549344
-0.0728864
-0.0874617
-0.0967639
-0.100314
-0.0983897
-0.0912586
-0.0800283
-0.0668264
-0.0533184
-0.0404742
-0.0289853
-0.0194575
-0.0127358
-0.0101685
-0.0132431
-0.0234329
-0.0431549
-0.07454
-0.11693
-0.165663
-0.214069
-0.255485
-0.28496
-0.300169
-0.301371
-0.291426
-0.274083
-0.251826
-0.226764
-0.200901
-0.175749
-0.152513
-0.131934
-0.11405
-0.0978308
-0.0813326
-0.0630009
-0.0418726
-0.0176683
0.00913109
0.0381012
0.0696447
0.104556
0.143244
0.185234
0.229292
0.273307
0.314238
0.348605
0.3735
0.387556
0.391184
0.385852
0.372312
0.35101
0.32267
0.2879
0.248545
0.208228
0.171322
0.141794
0.120985
0.107018
0.0968162
0.0884002
0.0805799
0.0725559
0.0640463
0.055032
0.0455501
0.0355345
0.0249144
0.0138118
0.00278265
-0.00708955
-0.0144058
-0.0179528
-0.0172252
-0.0127547
-0.00541937
0.00436376
0.0161975
0.0293124
0.0426204
0.0550676
0.066183
0.0762093
0.0859947
0.0963883
0.107998
0.12119
0.13625
0.153481
0.172872
0.193806
0.215267
0.236135
0.255034
0.270274
0.279958
0.282364
0.276328
0.260546
0.233952
0.197524
0.154624
0.108214
0.0607971
0.0134746
-0.0339221
-0.0821722
-0.131321
-0.17925
-0.221697
-0.254452
-0.27715
-0.289492
-0.291742
-0.286756
-0.278061
-0.268188
-0.258678
-0.250172
-0.242683
-0.235896
-0.229126
-0.221287
-0.210927
-0.196408
-0.176174
-0.149541
-0.117686
-0.0836533
-0.0501177
-0.018905
0.00845381
0.0313861
0.0511703
0.0696005
0.0865285
0.100687
0.110994
0.117282
0.12011
0.121089
0.122281
0.125033
0.129782
0.136008
0.142708
0.148656
0.152336
0.151929
0.145482
0.131244
0.107493
0.0731947
0.0289103
-0.0239998
-0.0812181
-0.136041
-0.184832
-0.22555
-0.256317
-0.275827
-0.28435
-0.28385
-0.275708
-0.260132
-0.237863
-0.210957
-0.181369
-0.151792
-0.126301
-0.109397
-0.103233
-0.106638
-0.11744
-0.133623
-0.153248
-0.174528
-0.195211
-0.212498
-0.223212
-0.22408
-0.211877
-0.184588
-0.142419
-0.0860221
-0.0181125
0.0554341
0.128909
0.197609
0.257598
0.30505
0.335956
0.348201
0.343999
0.328226
0.305306
0.280687
0.260977
0.251068
0.252007
0.26226
0.278081
0.296151
0.314197
0.330267
0.342678
0.35029
0.352612
0.349392
0.340802
0.327288
0.307827
0.280813
0.245532
0.202301
0.15192
0.0971718
0.0435638
-0.00347607
-0.0426487
-0.0773118
-0.110605
-0.143895
-0.175915
-0.204284
-0.229612
-0.25381
-0.277463
-0.300283
-0.32169
-0.340879
-0.356771
-0.368054
-0.37372
-0.373388
-0.366453
-0.352091
-0.330044
-0.300356
-0.263779
-0.222758
-0.180548
-0.139758
-0.102504
-0.0705472
-0.0449122
-0.0250599
-0.00869971
0.00657516
0.0229665
0.042441
0.0659451
0.0929043
0.121333
0.149214
0.174841
0.196333
0.210696
0.214961
0.209034
0.194505
0.172992
0.147049
0.119657
0.0930274
0.068918
0.0486627
0.0329493
0.0219655
0.0158325
0.0138589
0.0143069
0.0157606
0.0172964
0.0181205
0.0175247
0.014988
0.0104609
0.00467982
-0.00082849
-0.00450827
-0.00498743
-0.00139213
0.00625421
0.0173421
0.0316173
0.0486395
0.0670956
0.0847648
0.0996062
0.110674
0.118281
0.123333
0.125944
0.125651
0.121882
0.113877
0.100463
0.081036
0.0567761
0.030712
0.00572753
-0.0162253
-0.0342682
-0.0487119
-0.060297
-0.0704863
-0.0814147
-0.094792
-0.110981
-0.128769
-0.145794
-0.159733
-0.168764
-0.171845
-0.168527
-0.1598
-0.148271
-0.136369
-0.125888
-0.118115
-0.113581
-0.111762
-0.111136
-0.110146
-0.107224
-0.100845
-0.0899296
-0.0743676
-0.0553918
-0.0347941
-0.0131151
0.0101033
0.0354073
0.0622269
0.0882295
0.110649
0.129459
0.144483
0.154598
0.159178
0.158253
0.151441
0.138822
0.121993
0.103452
0.0849502
0.06762
0.0522785
0.0394747
0.0296758
0.0228666
0.0182824
0.0148241
0.0116343
0.00787952
0.00263689
-0.00498548
-0.0155424
-0.0289604
-0.044502
-0.0603561
-0.0736233
-0.0817934
-0.0850682
-0.0849466
-0.0809934
-0.0712567
-0.053517
-0.0266927
0.00746021
0.0443474
0.0799336
0.110898
0.134576
0.149853
0.157494
0.158928
0.155778
0.150516
0.145754
0.143155
0.143432
0.14636
0.1509
0.156252
0.162361
0.169623
0.178374
0.188345
0.198151
0.205236
0.206184
0.197549
0.17721
0.145144
0.102007
0.0500843
-0.00563051
-0.0597263
-0.108684
-0.148851
-0.177317
-0.194971
-0.206736
-0.215215
-0.220702
-0.222661
-0.220446
-0.214487
-0.206339
-0.197029
-0.187156
-0.177284
-0.167857
-0.159211
-0.151428
-0.144256
-0.137038
-0.128852
-0.118592
-0.105275
-0.0884822
-0.0688861
-0.0481844
-0.0276531
-0.00755031
0.011743
0.029436
0.0441409
0.0540135
0.0574779
0.054247
0.0459432
0.0349706
0.0230087
0.0113986
0.00150328
-0.00527174
-0.00760575
-0.00476648
0.00272025
0.0132576
0.0261513
0.0412385
0.0580926
0.0756576
0.0923348
0.10675
0.11794
0.125628
0.130212
0.13166
0.129107
0.12165
0.109306
0.0936418
0.0770885
0.0618522
0.0499496
0.0430744
0.0421753
0.0474091
0.0580048
0.0718692
0.0866592
0.100422
0.111245
0.117073
0.11538
0.10342
0.0798333
0.0466015
0.00905501
-0.0281037
-0.0614496
-0.0888389
-0.108694
-0.120133
-0.124752
-0.126172
-0.12653
-0.1266
-0.126571
-0.1263
-0.12578
-0.125374
-0.125919
-0.128388
-0.133437
-0.140845
-0.149266
-0.156749
-0.161663
-0.162973
-0.160593
-0.155278
-0.147232
-0.135429
-0.118344
-0.0949717
-0.0660146
-0.0343928
-0.00366977
0.024174
0.048778
0.0705908
0.0901238
0.10802
0.124826
0.141064
0.157445
0.174805
0.193558
0.21334
0.232844
0.250006
0.262665
0.269149
0.2688
0.261914
0.24982
0.23429
0.215754
0.193843
0.168325
0.139712
0.109185
0.0777066
0.046016
0.0141911
-0.0186216
-0.0536912
-0.0915052
-0.130548
-0.167586
-0.199769
-0.225641
-0.245056
-0.25883
-0.268091
-0.27416
-0.278701
-0.282804
-0.286808
-0.290581
-0.293633
-0.295132
-0.293606
-0.287089
-0.273899
-0.253679
-0.22838
-0.201846
-0.176456
-0.152016
-0.126375
-0.0970291
-0.0623709
-0.0227105
0.019038
0.0585974
0.0933372
0.122305
0.144385
0.157912
0.161979
0.157964
0.149307
0.138125
0.125603
0.112799
0.100431
0.0888785
0.0782195
0.0682012
0.0581546
0.047175
0.0341777
0.0180608
-0.00211086
-0.0271649
-0.0574112
-0.0917816
-0.127769
-0.16232
-0.191903
-0.213599
-0.227455
-0.234618
-0.234989
-0.228162
-0.21426
-0.193247
-0.164407
-0.127941
-0.0862986
-0.0431251
-0.000551284
0.0393348
0.0737934
0.100125
0.116682
0.124267
0.126109
0.124702
0.121347
0.11712
0.113385
0.112029
0.114976
0.123452
0.137129
0.153672
0.169846
0.183173
0.19215
0.19653
0.197034
0.193563
0.185622
0.173276
0.157738
0.141009
0.124417
0.108737
0.0943494
0.0811726
0.0687662
0.0568517
0.0455911
0.0354606
0.0269966
0.020482
0.0156491
0.0118505
0.00864645
0.00570933
0.0026446
-0.00101864
-0.0058085
-0.012153
-0.0201551
-0.0293161
-0.0385307
-0.0466961
-0.0532217
-0.0581586
-0.0620141
-0.0648841
-0.0664963
-0.0664702
-0.0645585
-0.0609473
-0.056234
-0.0506309
-0.0435297
-0.0337866
-0.0202296
-0.00233689
0.0190168
0.0416225
0.0636106
0.083577
0.100596
0.114567
0.126225
0.136343
0.144823
0.150958
0.153941
0.153452
0.150138
0.145191
0.139067
0.131646
0.122608
0.111727
0.0992118
0.0857118
0.0715886
0.0567592
0.0408725
0.0234935
0.00431131
-0.0168053
-0.0397355
-0.0637299
-0.0873116
-0.108859
-0.127185
-0.141877
-0.153402
-0.162239
-0.167968
-0.169783
-0.167294
-0.161279
-0.153639
-0.145664
-0.138074
-0.131261
-0.125229
-0.119669
-0.114195
-0.108633
-0.103014
-0.0975083
-0.0923112
-0.0874666
-0.0826708
-0.0772312
-0.0701807
-0.0606036
-0.0481274
-0.0334806
-0.0186042
-0.00583569
0.00241709
0.00425851
-0.00071739
-0.0106886
-0.0223999
-0.0334909
-0.0425864
-0.049194
-0.05381
-0.0574023
-0.0604826
-0.0630551
-0.0648159
-0.0653599
-0.0645172
-0.0625494
-0.0599147
-0.0568927
-0.0536542
-0.0503228
-0.0469867
-0.0437006
-0.0404723
-0.0372254
-0.0337403
-0.0295215
-0.0236802
-0.015188
-0.0033673
0.0115293
0.0278919
0.043256
0.0557255
0.0643604
0.0692072
0.0706815
0.0693179
0.0660758
0.061965
0.0575679
0.053278
0.0495614
0.0470446
0.0464553
0.0482807
0.0522911
0.0572219
0.0611258
0.0617312
0.0567417
0.0444999
0.0244053
-0.00366419
-0.0386809
-0.0788957
-0.121885
-0.164019
-0.201676
-0.232615
-0.255027
-0.267689
-0.270406
-0.264827
-0.253764
-0.238619
-0.220286
-0.200341
-0.181172
-0.164676
-0.15143
-0.141464
-0.134898
-0.131378
-0.129752
-0.128677
-0.126594
-0.121665
-0.112156
-0.0969248
-0.0756329
-0.047899
-0.0133754
0.0269079
0.0699009
0.111916
0.149572
0.179723
0.199737
0.20805
0.204768
0.191306
0.170171
0.144147
0.116004
0.0886443
0.0642633
0.0442872
0.0292741
0.0190348
0.0131931
0.0106152
0.00954317
0.00867472
0.00687438
0.00288554
-0.00455099
-0.0165517
-0.0341089
-0.0576058
-0.0857765
-0.115658
-0.144673
-0.17127
-0.194593
-0.213955
-0.22895
-0.239976
-0.248019
-0.253054
-0.253999
-0.24969
-0.239876
-0.225818
-0.209539
-0.193264
-0.17853
-0.165994
-0.155292
-0.145149
-0.134302
-0.121707
-0.106738
-0.0895039
-0.0709277
-0.0521972
-0.034037
-0.0166189
0.000443966
0.0179482
0.036565
0.05648
0.0772499
0.098021
0.1179
0.136057
0.151874
0.164983
0.174787
0.180441
0.181492
0.178558
0.173138
0.165701
0.155944
0.143472
0.128275
0.110865
0.0914528
0.070332
0.0482671
0.0263451
0.00599102
-0.0111361
-0.0235737
-0.0307495
-0.033684
-0.0346057
-0.0344888
-0.0330822
-0.0294848
-0.0226199
-0.0120116
0.00148048
0.015664
0.0285568
0.0386608
0.0452096
0.048668
0.0505194
0.0518015
0.053059
0.054553
0.0562776
0.0580872
0.0597888
0.0612529
0.0624616
0.063561
0.0648478
0.0667197
0.0695443
0.073496
0.0783623
0.0835428
0.0883976
0.0922949
0.0946675
0.0952047
0.0940401
0.091671
0.0882038
0.0833047
0.0765741
0.0679706
0.0581993
0.0487064
0.0411787
0.0372774
0.038135
0.0436371
0.0521921
0.0619037
0.0713048
0.0792112
0.0847369
0.087469
0.0876065
0.0856716
0.0818218
0.0760882
0.0685114
0.0586696
0.0459144
0.0299836
0.0114414
-0.00859263
-0.0294222
-0.0506092
-0.0717134
-0.0922078
-0.111451
-0.128818
-0.143931
-0.156958
-0.168575
-0.179131
-0.188547
-0.196607
-0.203212
-0.208643
-0.213427
-0.217534
-0.220409
-0.221259
-0.219355
-0.214494
-0.207322
-0.19894
-0.18981
-0.179822
-0.168561
-0.155516
-0.140288
-0.122526
-0.102073
-0.0793961
-0.0554678
-0.0306726
-0.00489853
0.0220981
0.0504308
0.079733
0.109147
0.137877
0.165239
0.190577
0.213135
0.232245
0.247516
0.258357
0.264093
0.264816
0.261866
0.256855
0.250443
0.242693
0.233564
0.223246
0.212284
0.201123
0.190007
0.179025
0.168092
0.156951
0.145263
0.132755
0.119336
0.105165
0.0904957
0.0755933
0.0605215
0.0451723
0.0293693
0.012986
-0.00391104
-0.0209883
-0.0377646
-0.0536865
-0.0682513
-0.0812199
-0.0928237
-0.103666
-0.114327
-0.125397
-0.137517
-0.151222
-0.166723
-0.183616
-0.200814
-0.217026
-0.231181
-0.242583
-0.25116
-0.257199
-0.26007
-0.258623
-0.252106
-0.241019
-0.227473
-0.213861
-0.201917
-0.19262
-0.185955
-0.180851
-0.175936
-0.17005
-0.162311
-0.152248
-0.139988
-0.126025
-0.110192
-0.0919098
-0.0708014
-0.0472777
-0.0229992
-0.000470231
0.0182664
0.0321905
0.0418463
0.0491184
0.055143
0.0603712
0.0649876
0.0690767
0.0728751
0.0767439
0.0807418
0.0845487
0.0874875
0.0885719
0.0867565
0.0813442
0.0724935
0.0612885
0.0486391
0.0346652
0.019031
0.0013588
-0.0183252
-0.0393614
-0.0609145
-0.0822487
-0.102629
-0.12134
-0.137776
-0.151315
-0.161082
-0.166488
-0.167966
-0.167092
-0.16534
-0.163273
-0.160733
-0.157038
-0.151249
-0.142581
-0.130876
-0.116801
-0.101137
-0.0839509
-0.0648753
-0.0436193
-0.0204671
0.0032317
0.0252449
0.0437735
0.0579425
0.0678194
0.0735231
0.074946
0.0725497
0.0678399
0.062789
0.058932
0.0573428
0.0584858
0.0618841
0.0662124
0.0702493
0.0729238
0.0733188
0.0709127
0.0658294
0.058795
0.0502225
0.0397816
0.0268049
0.0108431
-0.00774824
-0.0277588
-0.0482353
-0.0683296
-0.0870108
-0.102946
-0.114412
-0.119899
-0.118977
-0.112811
-0.103065
-0.0905957
-0.0760502
-0.0605375
-0.045772
-0.0334199
-0.0240911
-0.0169724
-0.0100726
-0.00163437
0.00952543
0.0237407
0.040057
0.0563993
0.0708538
0.082353
0.091003
0.0982095
0.105839
0.11509
0.126152
0.138005
0.148634
0.156213
0.159863
0.159993
0.157723
0.15344
0.146989
0.138195
0.127263
0.114991
0.102158
0.0891692
0.0762001
0.0632925
0.0504015
0.0374972
0.0246163
0.0118821
-0.000528586
-0.0124361
-0.0237498
-0.0344938
-0.0447053
-0.0544364
-0.0638146
-0.0730038
-0.0819828
-0.0901763
-0.0965292
-0.0997888
-0.0989792
-0.0938846
-0.0852408
-0.0745958
-0.0630183
-0.0509475
-0.0385637
-0.0260257
-0.0137276
-0.00239303
0.00691163
0.0129722
0.0146781
0.0109303
0.000775337
-0.0155064
-0.0353771
-0.0549033
-0.0724009
-0.0873906
-0.0998824
-0.110081
-0.118362
-0.125231
-0.130542
-0.133397
-0.132363
-0.126227
-0.114911
-0.0997381
-0.0821182
-0.063485
-0.0457257
-0.0309732
-0.0206448
-0.0147543
-0.012121
-0.0119615
-0.0135861
-0.0158059
-0.0170134
-0.0159566
-0.0119405
-0.00498048
0.00430022
0.0157719
0.029852
0.0470206
0.0675944
0.0916704
0.118399
0.145673
0.17114
0.192949
0.209571
0.219552
0.222038
0.216861
0.204943
0.187829
0.167432
0.146079
0.126539
0.111326
0.101535
0.095612
0.0903407
0.0837368
0.075183
0.0648475
0.0532825
0.0414131
0.0303139
0.020471
0.0116732
0.00362427
-0.00367504
-0.00991665
-0.0145445
-0.0169971
-0.016984
-0.0145221
-0.0100873
-0.00434277
0.00198079
0.00790903
0.0123569
0.01477
0.0154117
0.015104
0.0148588
0.0157166
0.0183742
0.0230279
0.0295469
0.0382306
0.0498158
0.0649568
0.0837948
0.105792
0.129654
0.154283
0.178599
0.20133
0.221309
0.23762
0.249716
0.257392
0.260525
0.258132
0.248777
0.231214
0.205823
0.175344
0.143303
0.113604
0.0899476
0.0741046
0.064514
0.0588908
0.0548626
0.0497839
0.0419438
0.0312758
0.019281
0.00813024
-0.000947961
-0.00806616
-0.0143616
-0.0207792
-0.0275228
-0.0341095
-0.0397849
-0.0441617
-0.0473698
-0.0497692
-0.0515712
-0.0529295
-0.0540143
-0.0550071
-0.0559916
-0.0566679
-0.0562861
-0.053805
-0.0481987
-0.0389349
-0.0261963
-0.0103554
0.00777662
0.026479
0.0434925
0.057102
0.0664028
0.0711237
0.0716137
0.0689996
0.0643055
0.0580061
0.0505048
0.0424278
0.0344364
0.0268933
0.0199206
0.0135262
0.0078652
0.00313147
-0.000656934
-0.003817
-0.0069483
-0.0106288
-0.015396
-0.0216873
-0.0298076
-0.0401838
-0.0533056
-0.0692395
-0.087325
-0.106458
-0.125066
-0.141351
-0.154084
-0.163003
-0.168654
-0.171216
-0.170618
-0.166555
-0.158678
-0.147281
-0.133314
-0.11744
-0.100003
-0.0815116
-0.0628889
-0.0453189
-0.0292642
-0.0142628
0.000348319
0.0146708
0.0284218
0.0414492
0.0538786
0.0660233
0.0781548
0.0906592
0.104238
0.119391
0.135198
0.149198
0.159271
0.164356
0.165005
0.163167
0.159983
0.155855
0.150912
0.145231
0.139151
0.133287
0.128289
0.124716
0.122839
0.122353
0.122445
0.122186
0.120538
0.116448
0.109184
0.0987296
0.085882
0.0713765
0.0554691
0.0382887
0.020193
0.00187987
-0.0159622
-0.032766
-0.0481269
-0.0619051
-0.0741349
-0.0849346
-0.0946476
-0.103658
-0.111877
-0.118884
-0.124221
-0.12769
-0.129665
-0.130979
-0.132046
-0.132818
-0.132925
-0.131764
-0.128748
-0.123608
-0.116642
-0.108449
-0.0992128
-0.0888496
-0.0772913
-0.0646736
-0.0513159
-0.0374489
-0.0233469
-0.00944635
0.00369709
0.0156047
0.0261741
0.0358836
0.0457775
0.0569277
0.0699184
0.0845462
0.0996407
0.113427
0.124484
0.132149
0.13676
0.139206
0.139761
0.138309
0.134808
0.129643
0.123593
0.116931
0.109502
0.100972
0.0909673
0.0792451
0.0655739
0.0494285
0.0303882
0.0087027
-0.0144476
-0.0374959
-0.0592927
-0.0791339
-0.0966344
-0.111229
-0.122089
-0.128649
-0.13114
-0.13043
-0.127199
-0.121977
-0.114614
-0.104641
-0.0918892
-0.0767381
-0.0599694
-0.0424688
-0.0251225
-0.00889451
0.00521946
0.0164129
0.0244135
0.0299598
0.0347058
0.0399844
0.046704
0.0553539
0.0658802
0.0779249
0.0908739
0.103754
0.115478
0.125462
0.133727
0.140631
0.146347
0.15093
0.154363
0.156438
0.156973
0.155888
0.15286
0.147584
0.140016
0.130087
0.117467
0.102065
0.0845891
0.0665756
0.0493964
0.0339133
0.0205725
0.00963804
0.000962483
-0.00600597
-0.0114477
-0.0151836
-0.0171087
-0.0175854
-0.0175089
-0.0176801
-0.0187889
-0.0213727
-0.0255835
-0.030968
-0.0365207
-0.0413723
-0.0450699
-0.0476394
-0.0494916
-0.050862
-0.0516617
-0.0515873
-0.050282
-0.0475758
-0.043693
-0.0391277
-0.0341859
-0.0290448
-0.0238542
-0.0187464
-0.0138129
-0.00905407
-0.00436813
0.000449285
0.00567067
0.0115052
0.0178295
0.0242027
0.0301798
0.0353654
0.0394434
0.0421853
0.0434721
0.0434862
0.0426642
0.0411593
0.0389452
0.0360525
0.0326664
0.0290754
0.0256373
0.0228348
0.0212293
0.0213772
0.0236827
0.0280613
0.0336747
0.0392543
0.0439556
0.0474724
0.0500015
0.0520252
0.0537747
0.0551482
0.0556466
0.0542299
0.049487
0.0402347
0.026275
0.00886377
-0.010042
-0.0288386
-0.0462002
-0.0611184
-0.0732443
-0.0829083
-0.0905085
-0.0958903
-0.0987189
-0.0989999
-0.0973659
-0.094627
-0.0911748
-0.0871901
-0.0828849
-0.0786045
-0.0748077
-0.071868
-0.0700015
-0.0691837
-0.0693147
-0.0710231
-0.0754625
-0.0826031
-0.0909349
-0.0985028
-0.104123
-0.107446
-0.108433
-0.106955
-0.103081
-0.0973772
-0.0906296
-0.0831446
-0.0749337
-0.0660364
-0.0566558
-0.047131
-0.0378893
-0.0294535
-0.022313
-0.0167111
-0.012389
-0.00857906
-0.00452195
0.000336621
0.00633336
0.01357
0.0219019
0.0308106
0.0395108
0.0475555
0.0552061
0.0631439
0.0718973
0.0816247
0.0919657
0.10199
0.110624
0.117448
0.122887
0.127794
0.132934
0.138879
0.145803
0.153083
0.159311
0.16299
0.163416
0.160759
0.155147
0.145764
0.131399
0.111254
0.0854673
0.055628
0.0250185
-0.00344505
-0.0296274
-0.0539451
-0.0758646
-0.094608
-0.110079
-0.122732
-0.132836
-0.140616
-0.146493
-0.150768
-0.153768
-0.156061
-0.158193
-0.160305
-0.162099
-0.162858
-0.161452
-0.15631
-0.145947
-0.129853
-0.109388
-0.0876348
-0.0670073
-0.0485358
-0.0323644
-0.0180955
-0.00476844
0.00873957
0.0228608
0.037247
0.0509915
0.0632021
0.0735543
0.0824616
0.0906802
0.0987491
0.106955
0.115313
0.123521
0.131006
0.137052
0.140998
0.142369
0.140941
0.137104
0.131794
0.125424
0.118001
0.109431
0.0996111
0.0882862
0.0750717
0.0596641
0.0419751
0.0224867
0.00235172
-0.0173895
-0.0366044
-0.0556429
-0.0749434
-0.0945229
-0.113428
-0.12982
-0.141699
-0.14852
-0.151353
-0.151424
-0.150213
-0.148989
-0.147941
-0.146248
-0.14237
-0.134656
-0.122503
-0.106989
-0.0896823
-0.0726171
-0.0578132
-0.0465495
-0.0389758
-0.0340319
-0.03042
-0.0271784
-0.0235444
-0.0188839
-0.0127567
-0.00505952
0.00378214
0.0126632
0.0199493
0.0243098
0.0254627
0.0245233
0.0234202
0.0227314
0.0220112
0.0206137
0.0178193
0.0131371
0.00649426
-0.00199125
-0.0120594
-0.0230168
-0.0337615
-0.0433471
-0.0511482
-0.0570152
-0.0613367
-0.064586
-0.0673354
-0.0704407
-0.0750079
-0.0820555
-0.0921079
-0.104742
-0.118398
-0.131133
-0.141654
-0.149206
-0.152941
-0.152093
-0.146477
-0.136347
-0.121747
-0.103142
-0.0815906
-0.0580824
-0.0340737
-0.0116952
0.00701996
0.0209393
0.0300745
0.0350004
0.0367337
0.0368463
0.0364121
0.0358237
0.0350872
0.0340181
0.0324378
0.0303299
0.027853
0.0251116
0.0221296
0.0188622
0.0151714
0.0107866
0.00537874
-0.00121409
-0.00873954
-0.0164303
-0.0232994
-0.0284421
-0.0312395
-0.031582
-0.0297276
-0.0258068
-0.0201395
-0.0135635
-0.00721169
-0.00183163
0.0022954
0.00533225
0.00768043
0.00949435
0.0107459
0.0113883
0.0115009
0.0113538
0.0112394
0.011508
0.0125703
0.0147863
0.0183073
0.0229396
0.0283055
0.0342679
0.0408263
0.0479244
0.0553311
0.062623
0.0693243
0.0749625
0.0791933
0.0819924
0.0836685
0.0844468
0.0844388
0.0838054
0.0827599
0.0813007
0.0790923
0.0756315
0.0704886
0.0635939
0.0554548
0.0469378
0.0386282
0.0307805
0.0233389
0.0159374
0.00810014
-0.000505028
-0.00991897
-0.0197949
-0.0295003
-0.038616
-0.0470695
-0.0551651
-0.0634452
-0.072318
-0.0818841
-0.0917969
-0.101228
-0.109041
-0.114036
-0.11537
-0.113089
-0.108259
-0.101964
-0.0947408
-0.086872
-0.0786366
-0.0704465
-0.0627597
-0.0559672
-0.0502899
-0.0456075
-0.0413484
-0.0366952
-0.0309363
-0.023632
-0.0149765
-0.00610417
0.00211816
0.00959938
0.0168382
0.0243654
0.0324638
0.0410753
0.0497841
0.0581394
0.0659114
0.073127
0.0798977
0.086223
0.0920246
0.0972116
0.101735
0.10556
0.108435
0.109922
0.109612
0.107263
0.102705
0.0959463
0.0870574
0.0760197
0.0631226
0.0491883
0.0352435
0.0222123
0.010194
-0.00149964
-0.0133264
-0.0252717
-0.0371448
-0.0485854
-0.0591097
-0.0682562
-0.0758032
-0.0818224
-0.0863366
-0.0893864
-0.0913027
-0.09268
-0.0938658
-0.0949983
-0.0961287
-0.0972427
-0.0982993
-0.0992339
-0.0999185
-0.100029
-0.0990944
-0.0966393
-0.0923828
-0.086462
-0.0794015
-0.0714486
-0.0622066
-0.0508593
-0.0364837
-0.0183184
0.00384213
0.0289271
0.0546419
0.0790688
0.100775
0.11862
0.131945
0.140895
0.146148
0.148517
0.149163
0.149013
0.148426
0.147484
0.146212
0.144642
0.142761
0.140598
0.138291
0.136087
0.134263
0.133045
0.132501
0.13247
0.132512
0.131832
0.129361
0.124094
0.115476
0.103545
0.0883222
0.0697759
0.0486365
0.0265435
0.00502549
-0.0148124
-0.0324026
-0.0478576
-0.0613409
-0.0727758
-0.0820755
-0.0891836
-0.0943626
-0.0982401
-0.101078
-0.102925
-0.103865
-0.103912
-0.102788
-0.100122
-0.0957592
-0.0898922
-0.0828753
-0.0752877
-0.0680159
-0.0618361
-0.0566582
-0.0516006
-0.0458437
-0.0395219
-0.0336679
-0.0294162
-0.0273596
-0.0273623
-0.0289598
-0.0318176
-0.0355021
-0.0392691
-0.0420876
-0.0428911
-0.0412217
-0.0373079
-0.0320067
-0.0267327
-0.0224971
-0.019523
-0.0179795
-0.0175871
-0.0177106
-0.0179152
-0.0179401
-0.0176471
-0.0170092
-0.0161025
-0.0150773
-0.0140556
-0.0130388
-0.0120053
-0.0111305
-0.0108369
-0.0116747
-0.014013
-0.0176205
-0.0216921
-0.0252787
-0.0276986
-0.0288997
-0.0292507
-0.0293489
-0.029914
-0.0315754
-0.0347068
-0.0392443
-0.0447423
-0.0509116
-0.0575075
-0.064095
-0.0698624
-0.0734427
-0.0735424
-0.069804
-0.062728
-0.0530442
-0.0416167
-0.0285803
-0.0140298
0.0012276
0.0158508
0.0290618
0.0410758
0.0524217
0.0630286
0.0723277
0.0799044
0.0860738
0.0909885
0.0940379
0.0940988
0.0899603
0.0809157
0.0675751
0.0519672
0.0357406
0.0193031
0.00284093
-0.012978
-0.0270616
-0.0383936
-0.0467262
-0.0526599
-0.0568351
-0.0593037
-0.0596519
-0.0574658
-0.0528669
-0.0467624
-0.0403371
-0.0346872
-0.0308254
-0.0294906
-0.0308321
-0.0342467
-0.0389125
-0.0443975
-0.0504265
-0.0565638
-0.0620259
-0.0656088
-0.0658714
-0.061577
-0.0522938
-0.0386842
-0.0220536
-0.00353753
0.0155751
0.0337298
0.0495671
0.0623883
0.0718936
0.0781175
0.0815361
0.0827962
0.0822271
0.0796033
0.0746599
0.0676653
0.0597365
0.0527015
0.0481447
0.0467974
0.0488412
0.0539868
0.0617782
0.0713266
0.0813457
0.0901673
0.0960356
0.097626
0.0941476
0.0856818
0.0730014
0.0578257
0.0422308
0.02799
0.0153392
0.00339522
-0.00904483
-0.0230928
-0.03885
-0.0551716
-0.0700421
-0.0814011
-0.0885453
-0.0923564
-0.0946873
-0.0974877
-0.10211
-0.10895
-0.117221
-0.125768
-0.134031
-0.140172
-0.141635
-0.13775
-0.129384
-0.117873
-0.103892
-0.0878312
-0.070317
-0.0521384
-0.0338278
-0.0158858
0.00100674
0.0160301
0.0284084
0.0375109
0.0425772
0.0433731
0.0409939
0.0377602
0.0355565
0.0356484
0.0386338
0.0440875
0.0508127
0.0580578
0.065522
0.0730733
0.0805973
0.087724
0.0937115
0.0974918
0.0979813
0.094435
0.0866408
0.0755925
0.0635198
0.0522641
0.04275
0.035164
0.0294506
0.0255325
0.0230706
0.021405
0.0199332
0.0181174
0.0153523
0.0109938
0.00451726
-0.0043308
-0.0155921
-0.0286812
-0.0422057
-0.0546378
-0.064839
-0.0721486
-0.0762082
-0.0765827
-0.0732106
-0.0667385
-0.0578513
-0.0465774
-0.0328087
-0.016951
-0.000142436
0.0163004
0.0313376
0.0442682
0.0548365
0.0630439
0.0689745
0.0731037
0.0762554
0.078727
0.0804115
0.0811018
0.0807011
0.079417
0.0776305
0.0754907
0.0729531
0.0698946
0.0661981
0.0618766
0.0571275
0.0521966
0.0471719
0.0419804
0.036404
0.0301164
0.0227474
0.013857
0.0028565
-0.0106272
-0.0262985
-0.0428562
-0.05826
-0.0712616
-0.0823304
-0.092899
-0.10435
-0.117771
-0.133612
-0.151221
-0.168746
-0.18383
-0.194373
-0.199087
-0.197719
-0.190272
-0.177763
-0.162325
-0.145296
-0.127564
-0.110164
-0.0943189
-0.0810441
-0.0707914
-0.0632812
-0.0578323
-0.0537811
-0.0503159
-0.0467195
-0.0425637
-0.0376342
-0.0318508
-0.0250758
-0.0170906
-0.00779519
0.00263431
0.0138975
0.0257513
0.0378151
0.0494053
0.059546
0.06717
0.071499
0.0725323
0.0712273
0.0687075
0.0658208
0.0633466
0.0620756
0.0626895
0.0655207
0.0702601
0.0759749
0.0818076
0.0869038
0.0902982
0.0910318
0.0883625
0.0822034
0.0732508
0.0621496
0.0491529
0.0346177
0.0194006
0.004817
-0.00784354
-0.0175158
-0.0236363
-0.0264045
-0.0268868
-0.0263891
-0.0256393
-0.0249379
-0.0243813
-0.0240366
-0.024152
-0.0251677
-0.0275864
-0.0317115
-0.0373854
-0.0440198
-0.0507213
-0.0561727
-0.0587193
-0.0568096
-0.0497125
-0.0382909
-0.024832
-0.0110149
0.00208851
0.0137618
0.0237433
0.0322397
0.0397239
0.0461813
0.0512302
0.0544798
0.0559014
0.0560445
0.0556737
0.0555314
0.0563759
0.0588618
0.0632894
0.069305
0.075865
0.0818039
0.0860678
0.0878387
0.0868087
0.0833592
0.0780945
0.0708198
0.0608599
0.0477086
0.0316585
0.0141987
-0.00258229
-0.0169785
-0.0279554
-0.0355155
-0.0406452
-0.0441342
-0.0466838
-0.0489821
-0.051379
-0.0540042
-0.0568788
-0.059972
-0.0632259
-0.0665475
-0.0697452
-0.0724847
-0.0742876
-0.0746227
-0.0731222
-0.0698668
-0.0654694
-0.0605943
-0.0556629
-0.0509416
-0.0465901
-0.0426728
-0.0391993
-0.0362327
-0.0338306
-0.0319397
-0.0303655
-0.0289212
-0.0275174
-0.0261254
-0.0247545
-0.0234337
-0.0221953
-0.021057
-0.0200062
-0.0190044
-0.018025
-0.0170629
-0.0161248
-0.0152147
-0.0143147
-0.0133661
-0.0122594
-0.0108402
-0.00892886
-0.00631915
-0.0028183
0.0016147
0.00675127
0.0122005
0.01772
0.0232072
0.0286507
0.0341207
0.0397278
0.0455744
0.0516864
0.0579495
0.0640875
0.0697362
0.0744938
0.0780125
0.0800752
0.0804682
0.078902
0.0753205
0.0701833
0.0642654
0.0580379
0.051757
0.045625
0.0398282
0.0345705
0.0300646
0.0265382
0.0240926
0.0225089
0.0212397
0.0197988
0.0177822
0.0148926
0.0110621
0.00654128
0.00179624
-0.0027925
-0.00694564
-0.0104878
-0.0134014
-0.015817
-0.0178418
-0.0193805
-0.020211
-0.0201237
-0.0190785
-0.0172874
-0.0150056
-0.0122747
-0.00901782
-0.00518309
-0.000873207
0.00357506
0.0076912
0.0109849
0.0130466
0.0137134
0.013213
0.0119956
0.0102787
0.00813233
0.00564586
0.00302878
0.000668219
-0.000998548
-0.00169039
-0.00141033
-0.000448435
0.000930559
0.00266534
0.00480039
0.00737717
0.0103296
0.0134602
0.0165065
0.0191274
0.0209345
0.0216163
0.0211033
0.0196722
0.0177424
0.01562
0.0135786
0.0119406
0.0110839
0.0114004
0.0132447
0.0169867
0.0228671
0.0306429
0.0395308
0.048857
0.058165
0.0670689
0.0752214
0.0823255
0.0881589
0.0924848
0.0950286
0.0957386
0.0948993
0.0927179
0.0891779
0.0843188
0.078416
0.0717941
0.0645939
0.0569294
0.049052
0.0413869
0.0344099
0.0284744
0.0236744
0.01972
0.0160821
0.0123957
0.00846523
0.00422563
-0.000274075
-0.00499959
-0.00998505
-0.0152906
-0.0209212
-0.0267411
-0.0324286
-0.0375544
-0.041664
-0.0444127
-0.0457499
-0.0460053
-0.0455696
-0.044527
-0.0427877
-0.0402967
-0.03722
-0.034052
-0.0314568
-0.0300801
-0.0303891
-0.0324312
-0.0357832
-0.0400175
-0.0447042
-0.0492026
-0.0525945
-0.0538269
-0.052164
-0.047555
-0.0405955
-0.0315612
-0.0204098
-0.0073162
0.00690624
0.0207243
0.0326551
0.041944
0.0488557
0.0544817
0.0595436
0.0643961
0.0692305
0.0741175
0.0791045
0.0842298
0.0895472
0.095092
0.100816
0.106514
0.111806
0.116141
0.118883
0.119505
0.117755
0.113607
0.107258
0.0987078
0.0879011
0.0749653
0.0599209
0.0429559
0.0249342
0.00750083
-0.00756814
-0.0190403
-0.0265012
-0.0301765
-0.0307214
-0.029406
-0.0274443
-0.0255545
-0.0241196
-0.0232753
-0.0229217
-0.0227153
-0.0221003
-0.0204519
-0.0172272
-0.0121523
-0.005452
0.00218986
0.0102785
0.0186381
0.0272507
0.0361348
0.045202
0.0541761
0.062624
0.0700127
0.0758552
0.0799484
0.0825581
0.0842027
0.0850591
0.0850705
0.0841666
0.0824215
0.0800824
0.0772302
0.0737684
0.0695852
0.0647024
0.0593816
0.0540557
0.049183
0.045205
0.0424415
0.0409266
0.0403354
0.0402513
0.0404908
0.0410326
0.0419011
0.0430781
0.0444531
0.0459113
0.0473408
0.0486202
0.0496402
0.0503482
0.0507857
0.0511072
0.0514918
0.0519678
0.0523672
0.0523315
0.0513621
0.0489698
0.044888
0.039319
0.0328582
0.0258021
0.0182118
0.0101295
0.00169525
-0.0067606
-0.0148353
-0.0221054
-0.0282262
-0.0330908
-0.0369715
-0.0403503
-0.0434785
-0.0464065
-0.0490965
-0.0514831
-0.0535711
-0.0554504
-0.0571899
-0.0588445
-0.0604755
-0.0621168
-0.0637439
-0.0651989
-0.0660915
-0.0657899
-0.0635796
-0.0589277
-0.0517048
-0.0419849
-0.0298551
-0.0158558
-0.00120712
0.0126983
0.0247139
0.0341051
0.0408253
0.0455673
0.0490388
0.0515801
0.0533873
0.0546985
0.0557514
0.0565684
0.0570659
0.0572027
0.0570692
0.0569598
0.0573476
0.0587282
0.0614448
0.0654823
0.070373
0.0754978
0.0802769
0.0841665
0.0867213
0.0877328
0.087243
0.0852794
0.0820169
0.0778175
0.0727481
0.0666024
0.0591825
0.0505743
0.041272
0.0319115
0.0230608
0.015194
0.00856986
0.00308207
-0.00171914
-0.00618077
-0.010461
-0.0146226
-0.0187053
-0.022784
-0.0269918
-0.0315033
-0.0364855
-0.0419916
-0.047839
-0.0535632
-0.0585739
-0.0622244
-0.0639671
-0.0635486
-0.060938
-0.0560194
-0.0489777
-0.0406849
-0.0325167
-0.0256674
-0.0210005
-0.0188666
-0.018863
-0.0201423
-0.0221914
-0.0247279
-0.0274925
-0.0302572
-0.0329059
-0.0353824
-0.0376395
-0.0396556
-0.0414566
-0.043122
-0.0446786
-0.0459969
-0.0468476
-0.0470174
-0.0464534
-0.0454243
-0.0445814
-0.0447837
-0.0468434
-0.0512528
-0.0578479
-0.0657849
-0.0742872
-0.0827885
-0.0907847
-0.0978109
-0.103466
-0.107439
-0.1094
-0.109117
-0.106802
-0.103203
-0.0989453
-0.0941579
-0.08865
-0.0821209
-0.0743846
-0.0656107
-0.0563146
-0.0468754
-0.0375336
-0.028454
-0.0197005
-0.0112469
-0.00301353
0.00496875
0.0124262
0.0189164
0.0240153
0.0275561
0.0298494
0.0315614
0.033255
0.035395
0.0383545
0.0422979
0.047062
0.0521378
0.0569421
0.0609123
0.0635619
0.0646125
0.0641036
0.0621921
0.058697
0.0533471
0.0461772
0.0377398
0.0288426
0.0201344
0.0121401
0.00523202
-0.000509351
-0.00540418
-0.0100498
-0.0149526
-0.0205052
-0.0269625
-0.0343491
-0.0424381
-0.0509625
-0.059842
-0.0690827
-0.0786216
-0.0881955
-0.0972457
-0.104955
-0.110425
-0.112987
-0.112605
-0.109893
-0.105208
-0.0986252
-0.0903804
-0.0810277
-0.0711059
-0.0609749
-0.0510146
-0.0417225
-0.0337087
-0.0276009
-0.0239412
-0.0229093
-0.0240172
-0.0263889
-0.0296026
-0.0335176
-0.0379676
-0.042583
-0.0466882
-0.0494925
-0.0504323
-0.049438
-0.047007
-0.0437202
-0.0399796
-0.0361663
-0.0327242
-0.0300973
-0.0285951
-0.0282898
-0.0289825
-0.0304722
-0.0328338
-0.036228
-0.0406346
-0.045649
-0.05051
-0.0544125
-0.0566085
-0.0565865
-0.054223
-0.0495541
-0.0427987
-0.0346487
-0.0260863
-0.017727
-0.00985091
-0.0024941
0.00450539
0.0112892
0.0177743
0.023681
0.0286596
0.0324659
0.0351767
0.0372159
0.0389632
0.0406576
0.0424496
0.0443909
0.0464247
0.0483696
0.0499133
0.0506272
0.0500837
0.0480334
0.0446107
0.0403055
0.0354192
0.0299826
0.0239487
0.0173597
0.0105272
0.00409123
-0.00118753
-0.00478483
-0.00663196
-0.00708909
-0.0063388
-0.00436378
-0.00124662
0.00258704
0.00630337
0.00905745
0.0103411
0.0101292
0.00882502
0.00670005
0.00381923
0.000230071
-0.00388611
-0.00818797
-0.0124296
-0.0164346
-0.0200611
-0.0232371
-0.0259926
-0.0284165
-0.0304232
-0.0317372
-0.0320306
-0.0310975
-0.029056
-0.0263576
-0.0233654
-0.0202593
-0.0171103
-0.0139121
-0.0106244
-0.00719967
-0.00358077
0.00028541
0.00439544
0.00864936
0.0128486
0.0167466
0.0200881
0.0226857
0.0245248
0.0258174
0.0268514
0.0277962
0.0287324
0.0296921
0.0306761
0.0316731
0.0326664
0.0336302
0.0345158
0.0352341
0.0356328
0.0354462
0.0342971
0.0318454
0.0279987
0.0230744
0.0176386
0.0120242
0.00635952
0.000653737
-0.00516852
-0.0112022
-0.0174986
-0.0240233
-0.0306934
-0.0374389
-0.0441937
-0.050887
-0.0574476
-0.0638132
-0.069947
-0.07586
-0.0815992
-0.0871641
-0.0924637
-0.0973646
-0.10176
-0.105645
-0.109176
-0.112586
-0.115829
-0.118565
-0.120264
-0.120367
-0.118554
-0.115036
-0.11055
-0.105681
-0.100696
-0.0956549
-0.0904837
-0.0850712
-0.0793868
-0.0735859
-0.0680461
-0.0633073
-0.0599445
-0.0583522
-0.0584763
-0.0597541
-0.0616176
-0.0637948
-0.0662053
-0.0688574
-0.071755
-0.0748395
-0.0780419
-0.0813159
-0.0846151
-0.0878882
-0.0910845
-0.09416
-0.0970797
-0.0998135
-0.102297
-0.104338
-0.105637
-0.105864
-0.10471
-0.101761
-0.0964599
-0.0884974
-0.0782769
-0.0669406
-0.0554877
-0.0445435
-0.0344624
-0.0254031
-0.0176101
-0.0112852
-0.00636684
-0.00240904
0.00116441
0.00473141
0.00853519
0.012747
0.0174464
0.0226037
0.0281091
0.0339629
0.0401984
0.0467525
0.0533579
0.0595208
0.0646743
0.0682982
0.0700935
0.0700019
0.0678027
0.0634198
0.0573478
0.0506013
0.0439056
0.0377026
0.0322606
0.0276192
0.0236897
0.0205507
0.0183685
0.0171879
0.01679
0.0167486
0.0167353
0.0164707
0.0156874
0.0141742
0.0118473
0.00873092
0.00472837
-0.000230592
-0.00595622
-0.0119066
-0.0173561
-0.0215813
-0.0239769
-0.0242761
-0.0225856
-0.0189509
-0.0136204
-0.00724611
-0.000490037
0.00617884
0.0124002
0.0179056
0.0225903
0.0266129
0.0304028
0.0344321
0.0391867
0.0450952
0.0523496
0.0607002
0.069412
0.0776256
0.0845234
0.0894637
0.0922318
0.0932358
0.0932377
0.0926427
0.0915771
0.0900701
0.0881534
0.0858621
0.0829761
0.0791193
0.0739569
0.0673895
0.05972
0.0514945
0.0430549
0.0345751
0.0261609
0.0178792
0.00980719
0.002043
-0.00529817
-0.0121358
-0.0184185
-0.0239993
-0.0287001
-0.0324963
-0.0356287
-0.038515
-0.0415759
-0.0452319
-0.0498265
-0.0554748
-0.0618896
-0.0683642
-0.0740835
-0.0782249
-0.0801282
-0.0795992
-0.0771185
-0.0734952
-0.0690038
-0.0635066
-0.056762
-0.0486818
-0.0395437
-0.0298076
-0.019846
-0.0100222
-0.000743119
0.00760122
0.0147413
0.0206786
0.0257321
0.0302405
0.0342128
0.0374348
0.0396546
0.0407759
0.0410532
0.0410264
0.0409758
0.0408721
0.0404285
0.0391411
0.0364552
0.0320084
0.0259275
0.0188691
0.0114933
0.00433272
-0.00215109
-0.00763408
-0.0120263
-0.0155648
-0.0186888
-0.0217277
-0.0249232
-0.0284863
-0.032575
-0.0372624
-0.0424665
-0.0479567
-0.053522
-0.0589912
-0.0641736
-0.0688491
-0.0727779
-0.0757143
-0.0773005
-0.077049
-0.0746408
-0.0702933
-0.0647918
-0.0588073
-0.0527574
-0.0469417
-0.0415608
-0.0367161
-0.0323696
-0.0283399
-0.0243996
-0.0203314
-0.0159127
-0.0109417
-0.00530487
0.000928481
0.00745838
0.0138773
0.0198569
0.025196
0.0298795
0.0341208
0.0382305
0.0423306
0.0463346
0.0499913
0.0529513
0.0549073
0.0557662
0.0557841
0.0554353
0.0550284
0.0546946
0.0544193
0.0540396
0.0532883
0.051874
0.0496005
0.0464987
0.0428575
0.0389889
0.0350795
0.0312264
0.0274643
0.0237907
0.0202046
0.0167698
0.0136344
0.0109847
0.00895871
0.00754335
0.00653915
0.0057326
0.00499941
0.00427275
0.00351873
0.00272454
0.00188623
0.00100452
8.4625e-05
-0.000856724
-0.0017905
-0.00268768
-0.00353371
-0.00433659
-0.0051363
-0.00600524
-0.00703563
-0.00830621
-0.00983484
-0.0115302
-0.0131838
-0.0145168
-0.0152304
-0.0151037
-0.0141326
-0.0126578
-0.0112969
-0.0105077
-0.0104793
-0.0110736
-0.0118664
-0.0125072
-0.012766
-0.0125401
-0.0118762
-0.0108501
-0.00935494
-0.00715207
-0.00401869
7.99278e-05
0.00483119
0.00965013
0.013996
0.0174393
0.0197484
0.0210443
0.0217717
0.0222996
0.0228141
0.023378
0.0239594
0.0244859
0.0249002
0.0252234
0.0255973
0.026306
0.027717
0.0301523
0.0337071
0.0380666
0.0425496
0.0465967
0.0498429
0.052147
0.0536196
0.0543762
0.054294
0.05314
0.0507879
0.0474362
0.0436167
0.0397422
0.0361311
0.0330702
0.0307647
0.0293456
0.0289711
0.0297461
0.0315311
0.0339417
0.036728
0.0398201
0.0431799
0.0466977
0.0500964
0.0529185
0.054606
0.0546691
0.0529208
0.0496882
0.0456009
0.0410043
0.0360486
0.0308768
0.0257044
0.0208672
0.0167752
0.013839
0.0122967
0.0120088
0.0124466
0.0131759
0.0139602
0.0146832
0.0153207
0.0159153
0.0165502
0.0173252
0.0183278
0.0196052
0.0211325
0.022824
0.0246239
0.0264896
0.0283543
0.0301154
0.0316347
0.0327773
0.033476
0.0338142
0.0340444
0.0345345
0.0357507
0.0381759
0.0421294
0.0475479
0.0539559
0.0609243
0.0681096
0.0750989
0.0813449
0.0861718
0.0888728
0.0889368
0.0864039
0.0819383
0.0760554
0.0687576
0.0598856
0.0495116
0.0382342
0.0270872
0.017013
0.00873759
0.00258703
-0.00172695
-0.00484351
-0.00706754
-0.00852288
-0.00942974
-0.0102708
-0.0118164
-0.0148197
-0.0198108
-0.0268233
-0.035211
-0.0440229
-0.0525148
-0.0601324
-0.0665045
-0.071465
-0.0748792
-0.0766409
-0.0768368
-0.0756218
-0.0728364
-0.0682984
-0.0621995
-0.0552211
-0.0481025
-0.0413388
-0.0352169
-0.029796
-0.0249854
-0.0208568
-0.0175767
-0.0152246
-0.0136307
-0.0123519
-0.010995
-0.00921484
-0.00672137
-0.00338703
0.000655844
0.00504758
0.0093863
0.0132159
0.0160553
0.0175438
0.0176423
0.0167208
0.0152723
0.0135613
0.0116879
0.00968083
0.0075521
0.00533305
0.00301847
0.000498757
-0.00239999
-0.00584248
-0.00988415
-0.0143583
-0.0188091
-0.0225976
-0.025194
-0.0263628
-0.0263432
-0.0257908
-0.025189
-0.0248101
-0.0247465
-0.0248674
-0.0248331
-0.0241616
-0.0224117
-0.0194166
-0.0154823
-0.0113654
-0.0078023
-0.00528944
-0.00399375
-0.00372933
-0.00427398
-0.00552006
-0.00735478
-0.00955735
-0.01185
-0.0140808
-0.0162092
-0.0182793
-0.0204278
-0.0228687
-0.0258523
-0.0295783
-0.034082
-0.039153
-0.0444326
-0.0495594
-0.0541614
-0.0578858
-0.0604983
-0.0620044
-0.0626486
-0.0625603
-0.0615937
-0.0595051
-0.0561741
-0.0518171
-0.0469416
-0.0417844
-0.0363359
-0.0304745
-0.0240539
-0.0170457
-0.00962936
-0.0021398
0.00498664
0.011239
0.016157
0.0195276
0.0216048
0.0230419
0.0242642
0.025473
0.0267497
0.0280711
0.0293669
0.0305588
0.0316098
0.0325438
0.033446
0.0344028
0.0354513
0.0365411
0.0375151
0.038111
0.0380136
0.0369504
0.0348257
0.0318069
0.0281494
0.0237861
0.0184273
0.0117817
0.00378445
-0.00524258
-0.01479
-0.0244525
-0.0338644
-0.0426613
-0.0505288
-0.0572891
-0.0630065
-0.0679493
-0.0721672
-0.0752987
-0.076781
-0.0761675
-0.0734928
-0.0694172
-0.0647083
-0.0599243
-0.0555105
-0.0518183
-0.0490514
-0.0471795
-0.0459462
-0.0451201
-0.0444965
-0.043778
-0.0425223
-0.0401593
-0.0361292
-0.0301201
-0.0223606
-0.0136184
-0.00453151
0.00455156
0.0134653
0.0221996
0.0308474
0.0395521
0.0484283
0.057465
0.066377
0.0745568
0.0811796
0.0854637
0.0870343
0.0863263
0.0844772
0.0822245
0.0799121
0.0776729
0.0754568
0.0731321
0.0705627
0.0676972
0.0645904
0.0613372
0.0580131
0.0546767
0.0513641
0.0480919
0.0448615
0.0416683
0.0385046
0.0353624
0.0322345
0.0291275
0.0260535
0.0230176
0.0200117
0.0170128
0.0139923
0.0109363
0.00787864
0.0049551
0.00245408
0.000763893
0.000242602
0.00103586
0.00291456
0.00539261
0.00811444
0.0108033
0.0131799
0.0149739
0.0159647
0.0160739
0.0154719
0.0145317
0.0134585
0.0123132
0.0111059
0.00984157
0.00858512
0.00749542
0.00683506
0.00693293
0.00804964
0.0101877
0.0129671
0.0157602
0.0179331
0.0189139
0.0183297
0.0162161
0.0130552
0.0093464
0.00537065
0.00131225
-0.00262675
-0.00614954
-0.00883104
-0.0101426
-0.00956755
-0.00688922
-0.00245858
0.00300248
0.00903363
0.0153081
0.021433
0.0269006
0.0311001
0.0334765
0.0337745
0.0323326
0.0299896
0.027216
0.0241514
0.0208015
0.0171183
0.0131206
0.00889462
0.00451429
7.257e-05
-0.00428203
-0.00836545
-0.0119944
-0.0150593
-0.0176012
-0.0198155
-0.0218672
-0.0238591
-0.025872
-0.027983
-0.030268
-0.0327861
-0.0355498
-0.0385062
-0.0415158
-0.0443149
-0.0465162
-0.0476851
-0.0474892
-0.0459023
-0.0433098
-0.0402376
-0.0369973
-0.0337431
-0.0305463
-0.0274299
-0.0244027
-0.0214772
-0.018664
-0.0159579
-0.0133309
-0.0106936
-0.00786482
-0.00458406
-0.000571159
0.00435778
0.0101512
0.0165017
0.023129
0.02982
0.036359
0.0425107
0.0480384
0.0527644
0.0566602
0.0598832
0.0625855
0.0647039
0.0660711
0.0665786
0.0663281
0.0656433
0.0647569
0.0637412
0.0625688
0.0611528
0.0594079
0.0573177
0.0549738
0.0525064
0.0499898
0.0474516
0.0448905
0.0422872
0.0396252
0.0369093
0.0341778
0.0314991
0.0289421
0.026526
0.0241818
0.0217343
0.0189197
0.015459
0.0111858
0.00620526
0.00100853
-0.0036159
-0.00690928
-0.00836625
-0.0080051
-0.00650074
-0.00479296
-0.00380542
-0.004393
-0.00715621
-0.0121525
-0.0187861
-0.0262639
-0.0338391
-0.0406811
-0.0458692
-0.0485634
-0.0483201
-0.0454878
-0.0412083
-0.0364697
-0.0318934
-0.0278708
-0.024564
-0.021889
-0.0195477
-0.0172113
-0.0145212
-0.0110972
-0.00662918
-0.00101854
0.00547239
0.0122533
0.0186456
0.0239108
0.0273606
0.0286168
0.027914
0.0261184
0.0240519
0.0223284
0.0214194
0.0215944
0.0228367
0.0248099
0.0270877
0.0294173
0.0316862
0.033864
0.0359734
0.0380587
0.0401727
0.0423612
0.0446537
0.0470526
0.0495226
0.0519784
0.0542828
0.0562617
0.0577494
0.0586583
0.059061
0.059185
0.0592145
0.0592413
0.059296
0.0593616
0.0593969
0.0593613
0.0592432
0.0590778
0.0589522
0.0589824
0.0592681
0.0598177
0.0604731
0.0608566
0.0603855
0.0583884
0.0543412
0.0481784
0.0404741
0.0320585
0.0235161
0.0152673
0.00765539
0.000936748
-0.00474174
-0.00927534
-0.0123006
-0.0134162
-0.0125461
-0.0101982
-0.00723698
-0.00417072
-0.00120146
0.00159379
0.00408564
0.00605288
0.00724091
0.00745745
0.00673233
0.00537113
0.00371523
0.00200072
0.000430617
-0.000794989
-0.00148172
-0.00147855
-0.000699348
0.000965734
0.00370698
0.00760657
0.0124554
0.0178172
0.0233243
0.0286196
0.033304
0.0369984
0.0394568
0.0407254
0.0411688
0.0411229
0.0407057
0.039927
0.0387976
0.0374083
0.0359082
0.0343795
0.0328528
0.0313306
0.0297938
0.0282193
0.026614
0.0250711
0.0237753
0.0229495
0.0227591
0.0231757
0.0238882
0.024353
0.0238378
0.0215413
0.0168668
0.00978065
0.00102246
-0.00833397
-0.0174718
-0.0258027
-0.0329448
-0.0388082
-0.0434981
-0.0469044
-0.0488464
-0.0493751
-0.0489072
-0.0479831
-0.0469133
-0.0458636
-0.0449298
-0.0441561
-0.0435432
-0.0430514
-0.0426202
-0.0422112
-0.0417832
-0.0412614
-0.0405191
-0.0393822
-0.0376566
-0.0351899
-0.0318438
-0.0272839
-0.0211659
-0.0134376
-0.00455676
0.0046471
0.0134931
0.021474
0.0282757
0.0338629
0.0383424
0.0416652
0.0437701
0.0448079
0.0451594
0.0450496
0.0443402
0.0426883
0.0397542
0.0354443
0.0301108
0.0244302
0.018957
0.0140878
0.0100385
0.00674184
0.00388254
0.00117728
-0.00154084
-0.00435761
-0.00728399
-0.0102816
-0.0132784
-0.0162001
-0.0190011
-0.0216807
-0.0242742
-0.0268345
-0.0293842
-0.0318135
-0.033752
-0.0346251
-0.0338309
-0.0310082
-0.0263522
-0.0206339
-0.0145325
-0.00848706
-0.00280357
0.00232988
0.00683587
0.0106879
0.0137154
0.0157088
0.0166132
0.0166728
0.0163186
0.0157953
0.0152025
0.0145756
0.0139133
0.0132186
0.0125251
0.0119015
0.0114354
0.0112065
0.011248
0.0115068
0.0118617
0.0122542
0.0127279
0.0134033
0.0144344
0.0159276
0.0178406
0.0199263
0.0218037
0.0229583
0.0228123
0.0208984
0.0171
0.0117212
0.00503812
-0.00287295
-0.0118444
-0.0213484
-0.0304665
-0.0382881
-0.0440755
-0.0474934
-0.0489342
-0.0493843
-0.0494131
-0.049192
-0.048705
-0.0478489
-0.0466047
-0.0451456
-0.0438246
-0.0430556
-0.043227
-0.044546
-0.0468584
-0.0496775
-0.0526392
-0.0554986
-0.0580756
-0.0602772
-0.0621065
-0.0636662
-0.0650706
-0.0662956
-0.0672017
-0.0676167
-0.0674288
-0.0666997
-0.0656582
-0.0644686
-0.0632396
-0.0620623
-0.0609969
-0.060059
-0.059191
-0.0582274
-0.0568611
-0.0546774
-0.0512717
-0.0464274
-0.0403229
-0.0334787
-0.026183
-0.0185562
-0.0107325
-0.00294526
0.0043964
0.0107481
0.0155608
0.0185133
0.0197876
0.0200786
0.0199568
0.0197338
0.0195765
0.0195518
0.019672
0.0199235
0.0202854
0.0207255
0.021212
0.0217664
0.0224514
0.0233144
0.02433
0.0253463
0.0260616
0.0260519
0.0248809
0.0222807
0.0183718
0.0136764
0.00866425
0.00365936
-0.00107371
-0.00532065
-0.00890826
-0.0116999
-0.0136821
-0.0150367
-0.0160061
-0.016741
-0.0173797
-0.0181315
-0.0192837
-0.0211419
-0.0239285
-0.0276516
-0.0320197
-0.036622
-0.0411638
-0.045447
-0.0493448
-0.0528071
-0.0557886
-0.058143
-0.0597052
-0.0604373
-0.060532
-0.0603274
-0.0600201
-0.0596913
-0.05936
-0.0590024
-0.0585819
-0.0580778
-0.0575093
-0.0569407
-0.0564556
-0.0561308
-0.0560067
-0.0560571
-0.056181
-0.0562589
-0.0562297
-0.0561261
-0.0560908
-0.0563684
-0.0572405
-0.0589344
-0.0615361
-0.06479
-0.0679226
-0.0696795
-0.0687293
-0.0641312
-0.0558572
-0.0449671
-0.0326855
-0.0198896
-0.00736382
0.00404015
0.0133757
0.019773
0.022819
0.0230336
0.0218548
0.0204783
0.0195573
0.0193374
0.019703
0.0203971
0.0212395
0.0221412
0.0230602
0.0239542
0.0247209
0.0251777
0.0250705
0.02415
0.0222944
0.0196519
0.016585
0.0132344
0.00955328
0.00544653
0.000876794
-0.00399293
-0.0087045
-0.0125474
-0.0148544
-0.0152419
-0.0138784
-0.0114808
-0.00864043
-0.00567782
-0.00277594
-4.67315e-05
0.00238147
0.00426657
0.00520972
0.00479512
0.00281549
-0.000466466
-0.00435026
-0.00831762
-0.0120306
-0.015257
-0.0179178
-0.0200893
-0.0219156
-0.0234174
-0.0245518
-0.0253187
-0.0258447
-0.0263872
-0.0272894
-0.0289411
-0.0316683
-0.0355538
-0.0402868
-0.0452591
-0.0499261
-0.0538512
-0.0567657
-0.0587051
-0.0600331
-0.0611925
-0.062529
-0.06428
-0.066529
-0.069138
-0.0717249
-0.0737481
-0.0746037
-0.0737755
-0.0710622
-0.0667181
-0.0612028
-0.0548586
-0.0479845
-0.0407417
-0.0331215
-0.0250924
-0.0167053
-0.00807851
0.000542676
0.00873175
0.0159127
0.0214949
0.0250946
0.02675
0.0267807
0.025325
0.0225652
0.0189492
0.0149945
0.0110415
0.00731593
0.00398145
0.00110461
-0.00138747
-0.00373584
-0.00625267
-0.00918525
-0.0126572
-0.0166059
-0.0207447
-0.0246837
-0.0281027
-0.0308212
-0.0328689
-0.0344692
-0.0357815
-0.036853
-0.0376815
-0.0382711
-0.0386694
-0.038923
-0.0390162
-0.0389048
-0.0385542
-0.0379711
-0.0371956
-0.0362148
-0.0349546
-0.0333258
-0.0312602
-0.0287045
-0.0255693
-0.021813
-0.0174994
-0.0126993
-0.00738768
-0.00156385
0.00462715
0.0108709
0.0167083
0.0215402
0.0247082
0.025622
0.0239885
0.0201931
0.0152995
0.0101534
0.00516548
0.000466745
-0.00394209
-0.00802634
-0.0116834
-0.0147538
-0.0170294
-0.0181907
-0.0179675
-0.0164153
-0.0141008
-0.011892
-0.0103609
-0.0096921
-0.00976312
-0.0104451
-0.011651
-0.0132277
-0.0149009
-0.016312
-0.0171747
-0.0173341
-0.0168435
-0.0159878
-0.0150976
-0.0144233
-0.0141332
-0.0143084
-0.0149714
-0.0160645
-0.0173656
-0.0184756
-0.0189621
-0.0184211
-0.0165758
-0.0133139
-0.00849048
-0.00215629
0.00520635
0.0128466
0.020241
0.0270862
0.0332493
0.0387296
0.0434481
0.0472429
0.0499221
0.0511835
0.0507134
0.0485066
0.0450223
0.040846
0.0365019
0.0325404
0.0294697
0.027545
0.0266344
0.0262594
0.025994
0.0255813
0.0248964
0.0239409
0.0227868
0.0215511
0.0203969
0.0195316
0.0191713
0.0194671
0.0204213
0.0218106
0.0232592
0.0246051
0.0259146
0.0273984
0.0292615
0.0314505
0.0335385
0.0347097
0.033961
0.03061
0.0247507
0.0172182
0.00866758
-0.000304775
-0.00899067
-0.0166956
-0.0227532
-0.0265894
-0.0277483
-0.0262652
-0.0229042
-0.0186668
-0.0141595
-0.00973712
-0.00566959
-0.0022174
0.000360442
0.00188318
0.00238184
0.00208741
0.00107575
-0.000579708
-0.00257268
-0.00425043
-0.00468794
-0.00311695
0.000792152
0.00684809
0.0147511
0.0239999
0.0336954
0.0428759
0.0509799
0.0578887
0.0637628
0.0685273
0.0718095
0.073187
0.0724129
0.0695949
0.0651877
0.0596729
0.0537253
0.0481551
0.0434742
0.0398303
0.0370567
0.0349822
0.0335748
0.0328072
0.0325043
0.0322989
0.0318139
0.0307292
0.0288146
0.0259741
0.0221485
0.0173568
0.0118959
0.00646556
0.0019926
-0.000834304
-0.00179729
-0.00124605
0.00021768
0.00215829
0.00420684
0.00598636
0.00720002
0.00775071
0.00777895
0.00758192
0.00731597
0.00698583
0.00649908
0.00569404
0.00437273
0.0023865
-0.000220201
-0.00308874
-0.00558977
-0.00716313
-0.00745806
-0.00640585
-0.00410061
-0.000659013
0.00358798
0.00801492
0.0119825
0.0150521
0.017042
0.0180228
0.0180911
0.0172922
0.015783
0.0138726
0.0117968
0.00979735
0.00821565
0.0074826
0.00806069
0.0102628
0.0139896
0.0186529
0.023596
0.0281717
0.0317075
0.0336264
0.0336609
0.0321093
0.0298628
0.0278273
0.0265065
0.0259646
0.0258882
0.0259005
0.0256806
0.0249848
0.023669
0.0216438
0.018879
0.0154797
0.0116541
0.00745768
0.00285543
-0.00214782
-0.00746421
-0.0129904
-0.0185797
-0.0239722
-0.0287877
-0.0325585
-0.0348383
-0.0354161
-0.0345167
-0.0326543
-0.030165
-0.0272853
-0.0242134
-0.0210797
-0.0180336
-0.0152865
-0.0130855
-0.0116083
-0.0108499
-0.0105559
-0.0103671
-0.0100216
-0.00935625
-0.00830968
-0.00692686
-0.005262
-0.00328913
-0.000958577
0.00171081
0.00457086
0.007366
0.00976387
0.0113849
0.0118929
0.0110786
0.00892485
0.00582354
0.00261564
0.000127016
-0.00119887
-0.00140849
-0.000926587
-4.68254e-06
0.00126725
0.0028297
0.00458121
0.00628922
0.00762455
0.00830541
0.00817503
0.00723713
0.00554334
0.00307117
-0.000127802
-0.00379652
-0.00752786
-0.0109943
-0.0139611
-0.0162955
-0.0179605
-0.0189549
-0.0194033
-0.0195885
-0.0197706
-0.0200682
-0.0204585
-0.0207802
-0.0207595
-0.020096
-0.0185632
-0.0161284
-0.0129853
-0.00932522
-0.00523065
-0.000779485
0.00385387
0.0083823
0.0125348
0.0160876
0.0189093
0.0210263
0.0225356
0.0233977
0.0235459
0.0230575
0.0222379
0.0215184
0.0212711
0.0217826
0.0231925
0.0255157
0.0288953
0.033441
0.0389884
0.0450509
0.0509345
0.0557045
0.0583099
0.0580111
0.0549056
0.0499101
0.0437962
0.0372249
0.0306926
0.0245054
0.0188834
0.0140051
0.0100798
0.00723118
0.00533471
0.00400305
0.00295336
0.00205596
0.00123211
0.000398081
-0.000561937
-0.00178474
-0.00340666
-0.00551486
-0.00810494
-0.0111457
-0.0146391
-0.0185162
-0.0225266
-0.0261975
-0.0289421
-0.0303294
-0.0302613
-0.0289958
-0.0267586
-0.0235651
-0.0194081
-0.0144516
-0.00903365
-0.00331771
0.0026264
0.00868128
0.0146299
0.0201467
0.0248356
0.0283214
0.0303396
0.030702
0.0294802
0.0271583
0.0243352
0.0213324
0.018259
0.0150981
0.0117398
0.00803967
0.00391113
-0.000583298
-0.00520814
-0.00967803
-0.0137592
-0.0172985
-0.0202135
-0.0223606
-0.0235089
-0.0234774
-0.0222441
-0.0198492
-0.0163004
-0.0117884
-0.00674733
-0.00152447
0.00355656
0.00812265
0.011784
0.0141973
0.0152611
0.0153352
0.015268
0.0159439
0.0178995
0.0211825
0.025309
0.0296128
0.0336909
0.0374248
0.0409131
0.0442881
0.0474871
0.0502029
0.0519261
0.0520979
0.0503617
0.0466331
0.040761
0.0328462
0.0235252
0.0136533
0.00389165
-0.00522347
-0.0132175
-0.019703
-0.0244535
-0.0276252
-0.0297469
-0.0311731
-0.0320179
-0.0323518
-0.032269
-0.0318084
-0.030992
-0.0299192
-0.0287445
-0.0275126
-0.0260826
-0.024137
-0.0212246
-0.016849
-0.0105392
-0.00206057
0.00831079
0.0199394
0.0323896
0.045251
0.0579129
0.0695933
0.0796135
0.0875873
0.0935191
0.0975668
0.0997861
0.100447
0.100189
0.0996139
0.0990553
0.0986766
0.0985233
0.0985433
0.0986392
0.0987075
0.0986106
0.0981444
0.097004
0.0947327
0.0908284
0.084973
0.0771521
0.0674212
0.0560704
0.0437797
0.0312046
0.018748
0.00669806
-0.00463216
-0.0146849
-0.0225601
-0.027314
-0.0284337
-0.0261486
-0.0215079
-0.0162702
-0.0116465
-0.00820064
-0.00601674
-0.00493128
-0.00485236
-0.0056483
-0.00704742
-0.00871118
-0.0104869
-0.012313
-0.014109
-0.0157195
-0.0168997
-0.017355
-0.0168424
-0.0153029
-0.0128457
-0.00939666
-0.00484811
0.000695517
0.00680868
0.0129183
0.0185796
0.0234908
0.0275081
0.0305812
0.0325903
0.0334918
0.0335087
0.0330918
0.0324774
0.0317205
0.030806
0.0296959
0.0283962
0.0269729
0.0254844
0.0239664
0.0224457
0.0209456
0.019501
0.0181883
0.0171236
0.0164283
0.0161754
0.016325
0.0167267
0.0172778
0.017946
0.0187197
0.0195673
0.0204015
0.0210661
0.0213503
0.0210378
0.0199966
0.0182841
0.0161466
0.0137612
0.0111955
0.00848049
0.00566619
0.00286313
0.000240588
-0.00198182
-0.00357472
-0.00438522
-0.0044456
-0.00394804
-0.0029349
-0.00139447
0.000562644
0.00259651
0.00412553
0.00442789
0.00278631
-0.00124344
-0.00766913
-0.0163226
-0.0266372
-0.0373707
-0.0469573
-0.0540924
-0.0579811
-0.058397
-0.0552913
-0.0491474
-0.0409549
-0.0315537
-0.021823
-0.0125544
-0.00411566
0.00351228
0.0105408
0.0168914
0.0221234
0.0256748
0.0271953
0.0269531
0.0258821
0.0248866
0.0246101
0.025424
0.0273005
0.0298538
0.0327215
0.035664
0.0384907
0.0410281
0.0430728
0.044394
0.0447908
0.0442052
0.0427435
0.0404352
0.0371607
0.0328628
0.0277341
0.0222041
0.0167195
0.0117945
0.00801594
0.00591825
0.00586975
0.00808609
0.0123142
0.0177746
0.0238517
0.030185
0.0364732
0.0424011
0.0476032
0.0516737
0.0542038
0.0547816
0.0531614
0.0494537
0.043861
0.0366699
0.0286202
0.0209462
0.0147997
0.0110696
0.0101885
0.0120353
0.0160851
0.0213264
0.0268352
0.0321547
0.0371452
0.0417787
0.0459681
0.0495497
0.0523344
0.0541764
0.0549534
0.0545741
0.0531876
0.0512257
0.0490372
0.0468113
0.0446438
0.0425547
0.0405152
0.0384771
0.0363903
0.0342027
0.0318702
0.0293531
0.0266013
0.0235476
0.0201585
0.0164914
0.0127028
0.00892949
0.00526073
0.00174697
-0.00158708
-0.00469229
-0.00750881
-0.0100242
-0.0123288
-0.0146273
-0.0171366
-0.0200531
-0.0234974
-0.0274262
-0.0316101
-0.0357666
-0.0395476
-0.0425501
-0.0443869
-0.0447675
-0.0437036
-0.0416275
-0.0391074
-0.036485
-0.0339341
-0.0315451
-0.0293783
-0.027561
-0.026269
-0.0256494
-0.0257053
-0.0262183
-0.0268587
-0.0273512
-0.0274593
-0.0269897
-0.0258212
-0.0238416
-0.0208244
-0.0165954
-0.0112708
-0.00537772
0.000369566
0.00540983
0.00936774
0.0120683
0.0133802
0.0129041
0.0102145
0.00524762
-0.00156449
-0.00972387
-0.018607
-0.0273621
-0.0352937
-0.0419129
-0.0469676
-0.0503814
-0.052049
-0.0520741
-0.0508976
-0.0489084
-0.0462859
-0.0432079
-0.040009
-0.0371633
-0.035102
-0.0341213
-0.0342557
-0.0352337
-0.036777
-0.0387405
-0.0409779
-0.0432241
-0.0450327
-0.0458153
-0.0450457
-0.0424942
-0.0384875
-0.0338452
-0.0291486
-0.024728
-0.0207486
-0.0171958
-0.0139761
-0.0110598
-0.00847707
-0.0062567
-0.00441204
-0.00301119
-0.00217897
-0.00197937
-0.0023121
-0.00293301
-0.003715
-0.00464619
-0.00578581
-0.00724256
-0.00915032
-0.011715
-0.0152206
-0.0198575
-0.0255109
-0.0316496
-0.0375188
-0.0424645
-0.0460548
-0.0482369
-0.0494248
-0.0502037
-0.0509496
-0.0518367
-0.0528715
-0.0539015
-0.0546684
-0.0548904
-0.0543752
-0.0531396
-0.0514729
-0.0497895
-0.0484213
-0.0475817
-0.0473552
-0.0477614
-0.0488162
-0.0504156
-0.0522171
-0.0536279
-0.0540167
-0.0529558
-0.050421
-0.0468606
-0.0428507
-0.0388867
-0.0354426
-0.0329678
-0.0318227
-0.0321367
-0.0336199
-0.0356169
-0.0376676
-0.039502
-0.040965
-0.0420352
-0.0428109
-0.0434413
-0.0439922
-0.0444604
-0.0448154
-0.0450397
-0.04516
-0.0452273
-0.0452795
-0.0453444
-0.045439
-0.0455624
-0.0456963
-0.0458182
-0.0459061
-0.0459359
-0.0458824
-0.0457155
-0.045392
-0.0448106
-0.043753
-0.0419477
-0.0391946
-0.0355074
-0.0311602
-0.0264321
-0.0214744
-0.0163929
-0.0113244
-0.00647439
-0.00211284
0.00147329
0.00406908
0.00566219
0.00641164
0.00628498
0.00518091
0.0031543
0.000507258
-0.00235926
-0.00517797
-0.007787
-0.0101178
-0.0122143
-0.0142114
-0.0162263
-0.0183197
-0.0204947
-0.0227013
-0.0248654
-0.0269106
-0.0287767
-0.0304439
-0.031939
-0.0332906
-0.03448
-0.0354646
-0.0362146
-0.0367507
-0.0371459
-0.0374389
-0.0375856
-0.0374892
-0.0370469
-0.0362089
-0.0350386
-0.0336963
-0.032267
-0.0307575
-0.0291211
-0.027271
-0.0251007
-0.0224661
-0.0191945
-0.0152103
-0.0106746
-0.00604009
-0.00189417
0.00121723
0.00293953
0.00330878
0.00285577
0.00232063
0.00224972
0.0029271
0.00430839
0.00597911
0.00734069
0.00787525
0.00726491
0.00548239
0.00270467
-0.000961898
-0.0053741
-0.0102524
-0.015319
-0.0204543
-0.0256323
-0.0308406
-0.0360364
-0.0411103
-0.0458829
-0.0501177
-0.0535454
-0.0559891
-0.057521
-0.0584633
-0.0590597
-0.0594113
-0.0595544
-0.0595041
-0.0592641
-0.0587408
-0.0577245
-0.0559852
-0.0533988
-0.0500828
-0.0464043
-0.0427096
-0.0392363
-0.0361141
-0.0333207
-0.0306763
-0.0279188
-0.0247829
-0.0210516
-0.0166402
-0.0116839
-0.00650745
-0.00135102
0.00363298
0.0083476
0.0127506
0.0167974
0.0202935
0.0229051
0.0242955
0.0243113
0.0230982
0.0208832
0.0177256
0.0137001
0.00910273
0.00444833
0.000152548
-0.00349897
-0.00636251
-0.00849464
-0.0100319
-0.0109466
-0.0111267
-0.010533
-0.00925583
-0.00737408
-0.00492592
-0.00207226
0.000781101
0.00297346
0.00378356
0.00270586
-0.000259954
-0.00445046
-0.00891104
-0.0129182
-0.0159946
-0.0178867
-0.0184551
-0.0222155
-0.0199219
-0.0166966
-0.0131267
-0.00945745
-0.0056297
-0.00140617
0.00353916
0.0094709
0.0163875
0.0238315
0.0309014
0.0366761
0.0406314
0.0428784
0.0441274
0.04501
0.0458819
0.0468791
0.0479183
0.0487342
0.048953
0.04822
0.0463525
0.0434349
0.0396719
0.0352102
0.03025
0.0251049
0.0200546
0.0152533
0.0107426
0.00646098
0.00230209
-0.00177778
-0.00575734
-0.009573
-0.0131229
-0.0162448
-0.0187479
-0.0205197
-0.0216402
-0.0223868
-0.0229951
-0.0236031
-0.0242831
-0.0250477
-0.0258564
-0.0266301
-0.0272793
-0.0277291
-0.0279445
-0.0279608
-0.0278731
-0.0277545
-0.0276568
-0.0276234
-0.0276878
-0.0278784
-0.0282274
-0.0287761
-0.0295571
-0.0305726
-0.0318118
-0.0333646
-0.0354486
-0.0382998
-0.0420248
-0.0464901
-0.0512798
-0.0556053
-0.0584098
-0.0588765
-0.0569777
-0.0532762
-0.0482565
-0.0425181
-0.0368799
-0.0320091
-0.0282961
-0.0258081
-0.0243669
-0.0239331
-0.0245021
-0.0259224
-0.0279699
-0.0305735
-0.0336714
-0.0370389
-0.0402817
-0.0428832
-0.0442729
-0.0439728
-0.0418089
-0.0381624
-0.0338819
-0.029476
-0.0251258
-0.0208398
-0.0165817
-0.0124822
-0.00888915
-0.0063227
-0.00531704
-0.00616138
-0.00859337
-0.0117908
-0.0150339
-0.0178899
-0.0201056
-0.0214897
-0.0219655
-0.0216752
-0.0209399
-0.0199636
-0.0187885
-0.0174004
-0.0158099
-0.0141129
-0.0124603
-0.0110586
-0.0101485
-0.00993222
-0.0105189
-0.0119632
-0.0141081
-0.0164274
-0.0181041
-0.0184731
-0.0172102
-0.0144027
-0.0103324
-0.00521004
0.00063041
0.00662514
0.0121894
0.0168787
0.0204306
0.0227854
0.0239317
0.0239115
0.0230297
0.0219114
0.0211641
0.0211248
0.0218189
0.0229923
0.0243608
0.0257704
0.0271755
0.028608
0.0301399
0.0318347
0.0336882
0.035585
0.0372896
0.0385216
0.0391405
0.0392525
0.0391942
0.039298
0.0397823
0.0407134
0.0419527
0.0432158
0.044233
0.0447939
0.0447867
0.0442455
0.0432749
0.0418858
0.0400495
0.0377977
0.0352569
0.0325633
0.0298215
0.0271553
0.0247276
0.0227379
0.0213825
0.0207631
0.0207751
0.021112
0.0215168
0.0218474
0.0220427
0.0221175
0.0221243
0.0220749
0.0219272
0.0216008
0.0209937
0.0200364
0.0187671
0.01738
0.0161645
0.015396
0.01528
0.0158759
0.0170894
0.0188704
0.0211877
0.0238956
0.0266489
0.0289449
0.0303149
0.0304509
0.0293662
0.0274845
0.0253826
0.0234535
0.0219099
0.0207994
0.0200285
0.0195087
0.0192364
0.0192657
0.0196533
0.0204317
0.021673
0.0234737
0.0258246
0.0284939
0.0309829
0.0326868
0.0332421
0.0327043
0.0315582
0.0303819
0.0295921
0.0294162
0.029837
0.030617
0.0315173
0.0323691
0.0330629
0.0335577
0.0338801
0.03411
0.0343219
0.0345681
0.0348755
0.0352452
0.0356511
0.036045
0.0363621
0.0365344
0.0365107
0.0362854
0.0359201
0.0355251
0.0351964
0.0350003
0.0349525
0.0349904
0.0349643
0.0346435
0.0337497
0.0320339
0.0293895
0.0259206
0.021801
0.0171161
0.0119793
0.00663794
0.00142412
-0.00342017
-0.0077621
-0.0115919
-0.0149975
-0.0179753
-0.0204241
-0.0222424
-0.0234298
-0.0241236
-0.0244417
-0.0244105
-0.024039
-0.0233659
-0.0224267
-0.021217
-0.0197485
-0.0180874
-0.0163115
-0.0144545
-0.0125337
-0.0105788
-0.0086476
-0.00682076
-0.00517419
-0.00375431
-0.00255108
-0.00148897
-0.000486411
0.000509072
0.00152549
0.00256911
0.0036215
0.00464248
0.00557674
0.00636589
0.00696394
0.00735873
0.00758198
0.00766945
0.00757844
0.00721141
0.00646862
0.00530641
0.00378537
0.00201874
3.38089e-05
-0.00219175
-0.00466419
-0.00735117
-0.0102193
-0.013199
-0.0161192
-0.0186911
-0.0205581
-0.0213674
-0.0208481
-0.0188937
-0.0156547
-0.0113433
-0.00618122
-0.000515058
0.00530755
0.0110046
0.0162968
0.0209149
0.0246687
0.0275433
0.0297453
0.031536
0.0330333
0.0342736
0.0352874
0.0361083
0.0366963
0.0369873
0.0369659
0.0367073
0.0363602
0.0360617
0.0359298
0.0360465
0.0364202
0.0369502
0.0374433
0.0377312
0.037697
0.0372955
0.036554
0.0354759
0.0340109
0.032121
0.0298581
0.0273587
0.0246862
0.0218736
0.0189972
0.0162062
0.0137206
0.011756
0.0104496
0.00976605
0.00945288
0.00917678
0.00871196
0.00796119
0.00697359
0.0059344
0.00505377
0.00450611
0.00438966
0.00467493
0.0052193
0.00591713
0.00672932
0.00764344
0.00864303
0.00968234
0.0107017
0.0116545
0.0125073
0.0132442
0.0138758
0.0144212
0.01487
0.0151966
0.0153855
0.0154537
0.0154532
0.0154276
0.0154173
0.0154652
0.0156082
0.0158646
0.0162173
0.0166119
0.0169908
0.0173037
0.0175119
0.0176004
0.0175911
0.0175379
0.017489
0.0174772
0.0175116
0.0175617
0.0175431
0.0173037
0.0166388
0.0153623
0.0134102
0.0109472
0.00834717
0.00592476
0.00391188
0.00244759
0.00151883
0.000968823
0.000647323
0.00049452
0.000498671
0.000651541
0.000919557
0.00126816
0.00169267
0.0021881
0.00271802
0.00319825
0.00349089
0.00341533
0.00280003
0.00157305
-0.000139504
-0.00201041
-0.00371476
-0.00500704
-0.00574643
-0.00595645
-0.00582315
-0.00554146
-0.00522424
-0.00493135
-0.00469511
-0.00454182
-0.00451216
-0.00468552
-0.0051677
-0.00604037
-0.00729512
-0.00880307
-0.0104031
-0.0120144
-0.013619
-0.0152364
-0.0169046
-0.0186588
-0.0205049
-0.0223846
-0.0241526
-0.0255955
-0.026514
-0.0268048
-0.0265356
-0.0259148
-0.0250469
-0.0239652
-0.0227095
-0.0213668
-0.0200756
-0.0189349
-0.0179957
-0.0172543
-0.0166518
-0.0161356
-0.0156892
-0.0153125
-0.0150009
-0.0147267
-0.0144381
-0.0140746
-0.013574
-0.0128876
-0.0120051
-0.0109495
-0.00971316
-0.00828987
-0.00672574
-0.00513258
-0.00364226
-0.00236726
-0.00139
-0.000741745
-0.000412709
-0.000388364
-0.000605838
-0.000936392
-0.00126191
-0.00148625
-0.00152849
-0.00133617
-0.000909945
-0.000299123
0.000464089
0.0013355
0.00221902
0.00297265
0.00347154
0.00365165
0.00354013
0.0032439
0.00283481
0.00236845
0.00191681
0.00156968
0.00141166
0.0014897
0.00178406
0.00219406
0.00258538
0.00285384
0.00293308
0.0028055
0.00250755
0.00208613
0.00155535
0.00091954
0.000202873
-0.000540813
-0.00125591
-0.00190323
-0.00245637
-0.00290482
-0.00325004
-0.00348159
-0.00359077
-0.0035917
-0.00352472
-0.00342747
-0.00331891
-0.00320785
-0.00309916
-0.00299724
-0.00290834
-0.00284044
-0.00280035
-0.00278882
-0.00279709
-0.00281089
-0.00281637
-0.00279853
-0.00274159
-0.00263072
-0.0024505
-0.00218685
-0.00184022
-0.00143556
-0.00101028
-0.000583524
-0.000160917
0.0002568
0.000670285
0.00107975
0.00147976
0.0018552
0.00218191
0.00243239
0.00258612
0.00264274
0.00263154
0.00259944
0.00257966
0.00259069
0.00263728
0.00271137
0.00280328
0.00290666
0.00301478
0.00311684
0.00319723
0.00324077
0.0032383
0.00319079
0.00310951
0.00300439
0.00287942
0.00273841
0.00258993
0.00244776
0.00232388
0.00222722
0.00216148
0.00212131
0.00209402
0.00207145
0.00204783
0.00201554
0.00196368
0.00187567
0.00172665
0.00149242
0.00116385
0.000758328
0.000311194
-0.000150905
-0.000601988
-0.00100922
-0.00134002
-0.00157673
-0.00172406
-0.00180704
-0.00184867
-0.00185908
-0.00184329
-0.00180716
-0.001757
-0.00169448
-0.00162112
-0.00154246
-0.00146836
-0.00140872
-0.00136926
-0.00134899
-0.00133923
-0.00132773
-0.00130426
-0.00126145
-0.00119608
-0.00110935
-0.00100124
-0.000866294
-0.000700035
-0.000506807
-0.000304731
-0.000120716
2.38238e-05
0.000116273
0.000156168
0.00015873
0.000147405
0.000138196
0.000139053
0.000150891
0.000167381
0.0001784
0.000173881
0.000146247
9.28078e-05
1.84977e-05
-6.55525e-05
-0.000150623
-0.000232281
-0.00030875
-0.000380232
-0.000447731
-0.000512222
-0.000574137
-0.000633428
-0.000689786
-0.000743222
-0.000794675
-0.000846256
-0.000900714
-0.000960408
-0.00102583
-0.00109424
-0.00115992
-0.00121754
-0.00126358
-0.00129696
-0.00131994
-0.00133768
-0.00135488
-0.00137474
-0.00139868
-0.00142588
-0.00145313
-0.00147629
-0.00149188
-0.00149783
-0.00149429
-0.00148414
-0.00147147
-0.00145876
-0.00144716
-0.0014371
-0.00142849
-0.00142106
-0.00141443
-0.0014083
-0.00140243
-0.00139681
-0.00139158
-0.00138711
-0.0013839
-0.00138247
-0.00138314
-0.00138585
-0.00138986
-0.00139383
-0.0013962
-0.00139578
-0.00139204
-0.00138564
-0.00137842
-0.0013724
-0.00136865
-0.00136741
-0.00136834
-0.00137093
-0.00137487
-0.00137999
-0.00138618
-0.00139339
-0.00140163
-0.00141088
-0.00142088
-0.00143115
-0.00144134
-0.00145122
-0.00146064
-0.0014695
-0.00147776
-0.00148547
-0.00149275
-0.00149981
-0.00150694
-0.00151435
-0.00152216
-0.00153017
-0.00153788
-0.00154466
-0.00155013
-0.0015542
-0.00155696
-0.00155868
-0.00155958
-0.00155979
-0.00155944
-0.00155868
-0.00155756
-0.00155609
-0.00155425
-0.00155205
-0.00154952
-0.00154665
-0.00154346
-0.00153993
-0.00153604
-0.00153174
-0.00152698
-0.00152172
-0.00151595
-0.00150968
-0.00150293
-0.00149577
-0.0014882
-0.00148024
-0.00147186
-0.00146302
-0.00145369
-0.00144385
-0.00143348
-0.00142258
-0.00141113
-0.00139914
-0.00138659
-0.00137349
-0.00135983
-0.00134562
-0.00133084
-0.0013155
-0.0012996
-0.00128313
-0.00126611
-0.00124853
-0.0012304
-0.00121172
-0.0011925
-0.00117274
-0.00115244
-0.0011316
-0.00111023
-0.00108832
-0.00106588
-0.00104291
-0.0010194
-0.000995356
-0.000970783
-0.000945679
-0.000920045
-0.000893881
-0.000867189
-0.00083997
-0.000812227
-0.000783961
