4.46599e-05
1.14565e-06
-4.79103e-05
-0.000100909
-0.000154963
-0.000205742
-0.000247596
-0.000273905
-0.000277804
-0.000253457
-0.000198265
-0.000114245
-6.78025e-06
0.000113665
0.000229806
0.000321129
0.000381435
0.000394791
0.000346624
0.000230745
4.81771e-05
-0.000198618
-0.000491393
-0.000799851
-0.00107977
-0.00127494
-0.00137134
-0.00136606
-0.00124589
-0.00102056
-0.000732772
-0.000387965
1.35447e-05
0.000455371
0.000900831
0.00131305
0.001667
0.00197453
0.00224208
0.00245919
0.00259612
0.00262006
0.00248829
0.0021794
0.00173298
0.00123501
0.000765855
0.000412073
0.000256756
0.000236127
0.000343802
0.000481314
0.000557516
0.000542377
0.000416453
0.000159457
-0.000238921
-0.000778243
-0.00144014
-0.00217795
-0.00290564
-0.0035252
-0.00399917
-0.00433882
-0.00459511
-0.00476992
-0.00484113
-0.00476424
-0.00450687
-0.00406242
-0.00345177
-0.00269159
-0.00180986
-0.000892484
-8.69058e-05
0.000539169
0.00104155
0.00137388
0.00146868
0.0012603
0.000697307
-0.000288464
-0.00170912
-0.00348037
-0.00540981
-0.00727605
-0.00881252
-0.0099814
-0.0106776
-0.0107483
-0.010536
-0.010056
-0.00930629
-0.00837637
-0.00738592
-0.00635568
-0.00535746
-0.0044834
-0.00369625
-0.00296806
-0.00230993
-0.00173417
-0.00125902
-0.000902914
-0.000658824
-0.000510669
-0.000400454
-0.000261246
-2.61887e-05
0.00033153
0.000824242
0.0014655
0.00225775
0.00318052
0.00417976
0.00518928
0.0061073
0.00678856
0.0070433
0.00670239
0.00572402
0.00417497
0.0021988
-1.94079e-05
-0.00217182
-0.00390746
-0.00485017
-0.00489422
-0.00416788
-0.00312359
-0.00196327
-0.000918665
-0.000118975
0.000271796
0.000121145
-0.000634081
-0.00203845
-0.00408945
-0.00668335
-0.00953446
-0.0121926
-0.0143809
-0.0158584
-0.0165062
-0.0164802
-0.016047
-0.0155252
-0.015097
-0.0148112
-0.0145806
-0.0142818
-0.0138187
-0.0131374
-0.0122101
-0.0110334
-0.00966902
-0.00827256
-0.00707096
-0.00621237
-0.00584442
-0.00610605
-0.00707766
-0.00878123
-0.0112243
-0.0143371
-0.0180757
-0.0221977
-0.0262879
-0.0298887
-0.0324472
-0.0337296
-0.0332426
-0.0304782
-0.0251235
-0.0172208
-0.00722363
0.00425502
0.0161805
0.0267934
0.0346949
0.0397528
0.0424344
0.0436409
0.0440475
0.0433148
0.0411566
0.037441
0.0322218
0.0256492
0.0181434
0.00978371
0.000927688
-0.00812777
-0.0167055
-0.0238514
-0.0294787
-0.0337494
-0.0370253
-0.039596
-0.0408968
-0.0403796
-0.0376629
-0.0327174
-0.0257585
-0.0171966
-0.0076017
0.00232864
0.0114481
0.0187174
0.0233939
0.0258047
0.0266322
0.0279366
0.0298455
0.0322409
0.0351658
0.0379601
0.0398516
0.0400719
0.0380154
0.0332913
0.0258394
0.015878
0.00393621
-0.00881809
-0.020128
-0.0273827
-0.0312757
-0.0327858
-0.0325694
-0.0307986
-0.0277216
-0.0238991
-0.019725
-0.0155368
-0.0113981
-0.00751431
-0.00416029
-0.00139188
0.00106976
0.00491232
0.0101202
0.0161122
0.022145
0.0276666
0.0326664
0.0371141
0.0409518
0.0442097
0.0469376
0.049166
0.051059
0.0527853
0.0544451
0.0562051
0.0580633
0.0599541
0.0618159
0.0635085
0.0648444
0.065619
0.0656256
0.0646026
0.0622335
0.0582881
0.0526632
0.0453561
0.0367119
0.0272326
0.0170311
0.0065063
-0.00358521
-0.0127339
-0.0206163
-0.0277455
-0.0347369
-0.0418031
-0.0491181
-0.0569245
-0.0654415
-0.074119
-0.0821043
-0.0884707
-0.0928032
-0.0950111
-0.0947567
-0.0919905
-0.0869087
-0.0796333
-0.0705306
-0.059774
-0.0480767
-0.0369775
-0.0282723
-0.0227339
-0.0207731
-0.0219207
-0.0241265
-0.0266051
-0.0293812
-0.0326721
-0.0362983
-0.0396439
-0.0427629
-0.045947
-0.0491756
-0.0520859
-0.0539389
-0.0541983
-0.0539369
-0.0525583
-0.0490997
-0.0428205
-0.0332007
-0.0198656
-0.00278137
0.0171522
0.0380109
0.0575453
0.072911
0.0829645
0.0906309
0.0999242
0.110358
0.120499
0.128762
0.133311
0.132395
0.125516
0.113782
0.0968004
0.0748518
0.0488289
0.020822
-0.00576103
-0.0296698
-0.0502033
-0.0685853
-0.0865396
-0.103927
-0.119012
-0.129605
-0.133098
-0.127235
-0.112121
-0.08959
-0.0606459
-0.0258419
0.0149233
0.0602691
0.10743
0.152596
0.196944
0.24237
0.288307
0.334471
0.381802
0.429928
0.473856
0.507525
0.529859
0.543355
0.55033
0.548114
0.534376
0.508409
0.472103
0.429979
0.387053
0.346294
0.30594
0.264336
0.220847
0.175717
0.130132
0.0861121
0.0463665
0.0139677
-0.00811692
-0.0177037
-0.0141992
0.000337914
0.0201575
0.0348147
0.0333995
0.0135496
-0.0254659
-0.083375
-0.15703
-0.239268
-0.325119
-0.41727
-0.515254
-0.612375
-0.697457
-0.762601
-0.809561
-0.841528
-0.853554
-0.840554
-0.800999
-0.740072
-0.671765
-0.610229
-0.552299
-0.494121
-0.434705
-0.373467
-0.309378
-0.242632
-0.17528
-0.111585
-0.0570255
-0.0175329
0.00130534
-0.00419597
-0.0336706
-0.0848724
-0.153117
-0.22886
-0.308317
-0.387532
-0.456232
-0.502522
-0.53885
-0.577814
-0.614089
-0.63804
-0.641655
-0.628816
-0.598278
-0.547841
-0.480111
-0.40346
-0.325738
-0.249139
-0.176173
-0.106316
-0.0275438
0.0617327
0.158436
0.254457
0.349023
0.462918
0.5963
0.741847
0.895211
1.05527
1.21007
1.33506
1.41392
1.45784
1.47069
1.44495
1.36826
1.23789
1.07533
0.905612
0.727892
0.544579
0.365685
0.202099
0.0578889
-0.0703427
-0.168813
-0.228244
-0.25149
-0.255332
-0.257276
-0.255411
-0.248375
-0.238556
-0.231531
-0.2285
-0.229374
-0.235279
-0.246301
-0.260092
-0.272086
-0.280049
-0.283531
-0.282702
-0.27809
-0.269914
-0.258245
-0.243864
-0.228076
-0.212617
-0.199846
-0.192691
-0.193343
-0.203413
-0.221535
-0.243854
-0.268701
-0.293704
-0.315521
-0.331876
-0.343452
-0.349128
-0.347635
-0.337556
-0.317082
-0.284489
-0.239519
-0.185098
-0.12457
-0.0640711
-0.00771549
0.0438689
0.0912789
0.133909
0.172581
0.21149
0.246988
0.273509
0.286284
0.284194
0.274383
0.25915
0.237341
0.208275
0.173227
0.134743
0.095188
0.0567003
0.0236877
-0.0037313
-0.0346806
-0.0689735
-0.1038
-0.136643
-0.164698
-0.183512
-0.188482
-0.179424
-0.15779
-0.124788
-0.0815561
-0.02944
0.0313928
0.0999871
0.177219
0.260987
0.345823
0.423309
0.486391
0.543168
0.589538
0.621476
0.636691
0.636365
0.631231
0.625102
0.624003
0.629226
0.63907
0.65003
0.658697
0.662609
0.659349
0.646629
0.622544
0.58654
0.539809
0.485845
0.429007
0.370777
0.310185
0.244747
0.175663
0.107534
0.0391694
-0.0331114
-0.109019
-0.183377
-0.256333
-0.325641
-0.384544
-0.42892
-0.457589
-0.474411
-0.483245
-0.483584
-0.477272
-0.469141
-0.461395
-0.455885
-0.452758
-0.452751
-0.457283
-0.467803
-0.485657
-0.511477
-0.544751
-0.58373
-0.62537
-0.665238
-0.696309
-0.711378
-0.706757
-0.6881
-0.662152
-0.628026
-0.585418
-0.537376
-0.488774
-0.440592
-0.392657
-0.346175
-0.302793
-0.265497
-0.234525
-0.194303
-0.143656
-0.0854902
-0.0224091
0.0426183
0.105567
0.163435
0.219077
0.274949
0.331029
0.386714
0.441469
0.496999
0.556408
0.622799
0.695978
0.773224
0.849268
0.915772
0.961757
0.976504
0.954655
0.89303
0.791414
0.656945
0.502048
0.342102
0.196446
0.0742338
-0.0412795
-0.161666
-0.279565
-0.38247
-0.45994
-0.523219
-0.579829
-0.634356
-0.681252
-0.714602
-0.730588
-0.729277
-0.719532
-0.703102
-0.67774
-0.641707
-0.594543
-0.537082
-0.472459
-0.403459
-0.332386
-0.256378
-0.179957
-0.107448
-0.0264079
0.0584634
0.136516
0.200711
0.246934
0.271791
0.271264
0.244261
0.190434
0.116796
0.047677
-0.0119697
-0.0586402
-0.0914499
-0.111343
-0.119448
-0.117877
-0.109263
-0.0944458
-0.0709321
-0.03777
0.00281151
0.047135
0.094064
0.141888
0.186818
0.225297
0.265433
0.305051
0.341871
0.376657
0.406194
0.425372
0.428263
0.412862
0.382158
0.340616
0.291075
0.238934
0.188156
0.14202
0.096289
0.0504436
0.00611058
-0.0394967
-0.0851482
-0.126831
-0.162139
-0.194917
-0.22693
-0.254409
-0.272575
-0.277992
-0.27382
-0.2629
-0.246867
-0.228129
-0.206638
-0.180566
-0.149158
-0.113012
-0.0722546
-0.0285067
0.0150823
0.0567073
0.0939232
0.124258
0.146245
0.159083
0.163189
0.15966
0.148648
0.132074
0.11236
0.0900909
0.0650279
0.0386915
0.0140648
-0.0083203
-0.0277828
-0.0435889
-0.055855
-0.0650279
-0.071015
-0.0742004
-0.0745677
-0.0719654
-0.0673953
-0.0627551
-0.0585869
-0.0554774
-0.0537035
-0.0536351
-0.0547852
-0.055765
-0.0556903
-0.053709
-0.0487366
-0.0399089
-0.0265592
-0.00830756
0.0148925
0.0421557
0.0716224
0.102532
0.134271
0.165261
0.193045
0.216356
0.233749
0.243811
0.247145
0.2452
0.239053
0.228746
0.212523
0.18947
0.160352
0.126573
0.0879843
0.0437279
-0.00562119
-0.0585263
-0.11278
-0.164289
-0.206726
-0.234024
-0.24499
-0.241389
-0.231036
-0.221109
-0.210531
-0.196789
-0.178194
-0.153462
-0.122923
-0.0876159
-0.0491077
-0.0102261
0.0288917
0.0680418
0.108714
0.153586
0.201447
0.248267
0.288974
0.322062
0.347815
0.365758
0.37603
0.377534
0.368718
0.349221
0.31891
0.276623
0.221237
0.153759
0.0785976
0.000184687
-0.0761585
-0.144223
-0.201321
-0.245385
-0.28053
-0.315044
-0.35329
-0.391959
-0.426535
-0.452546
-0.466127
-0.466669
-0.457842
-0.442547
-0.419307
-0.387417
-0.34547
-0.294067
-0.236501
-0.175117
-0.115084
-0.0639602
-0.0263421
-0.00272391
0.0151298
0.0298553
0.0435723
0.0554797
0.0649977
0.0729824
0.0811443
0.089169
0.0962374
0.102162
0.106752
0.11001
0.111446
0.110705
0.107699
0.102673
0.0961865
0.0888195
0.0815332
0.0756963
0.072044
0.0698868
0.0681856
0.0669141
0.0661092
0.0658416
0.0663173
0.0676062
0.0694524
0.0715269
0.0741069
0.0774508
0.081677
0.0868493
0.092807
0.0990733
0.104881
0.109593
0.112544
0.112988
0.110544
0.105944
0.0999281
0.0929043
0.0856327
0.078823
0.0734893
0.0700562
0.0681021
0.0659414
0.0619483
0.0559563
0.0481584
0.0388559
0.0285146
0.0179162
0.00786432
-0.000475285
-0.00576927
-0.00773301
-0.0063689
-0.000328243
0.0111846
0.0264137
0.0444008
0.0634399
0.0807462
0.0933576
0.102298
0.108404
0.11103
0.109597
0.10408
0.0949894
0.0822247
0.0652998
0.0434514
0.016688
-0.0133572
-0.0443227
-0.0759233
-0.109781
-0.146548
-0.184286
-0.219422
-0.24703
-0.260733
-0.254166
-0.228357
-0.192465
-0.15509
-0.119423
-0.0854704
-0.0544643
-0.0286727
-0.0126206
-0.00975196
-0.0109588
-0.012811
-0.0117241
-0.00265961
0.0146945
0.0398214
0.0716478
0.107965
0.14498
0.177184
0.200707
0.216401
0.227023
0.232316
0.229982
0.217469
0.192616
0.154819
0.107147
0.0550841
0.0057564
-0.0326868
-0.06399
-0.0874697
-0.100593
-0.101323
-0.0884882
-0.0631838
-0.0294066
0.00796981
0.045802
0.0822355
0.113988
0.140742
0.161663
0.17587
0.18747
0.20047
0.217109
0.23643
0.256066
0.27339
0.285727
0.290635
0.286298
0.271867
0.247253
0.213755
0.175062
0.135826
0.0968542
0.0590757
0.0246054
-0.00608395
-0.0357431
-0.0662509
-0.0984637
-0.133
-0.168567
-0.203114
-0.234416
-0.26137
-0.283444
-0.300517
-0.313351
-0.323278
-0.33132
-0.339196
-0.347322
-0.355792
-0.364644
-0.373512
-0.382087
-0.390074
-0.397093
-0.402711
-0.406368
-0.40744
-0.405156
-0.398719
-0.387675
-0.372098
-0.351898
-0.327249
-0.297322
-0.261926
-0.22069
-0.173613
-0.121804
-0.0670355
-0.0105198
0.0474988
0.104293
0.151725
0.182344
0.206033
0.226848
0.244842
0.256514
0.258195
0.247407
0.223904
0.190223
0.148378
0.103072
0.0609773
0.0285917
0.00272538
-0.0193253
-0.0391648
-0.0583844
-0.0741045
-0.082599
-0.0807389
-0.0695495
-0.0541389
-0.03639
-0.0172933
0.00306079
0.0234119
0.0404808
0.0498875
0.050455
0.0420576
0.0255193
0.00168336
-0.0291854
-0.0661038
-0.106498
-0.146874
-0.181814
-0.203978
-0.211798
-0.211825
-0.2115
-0.208942
-0.201006
-0.186203
-0.164506
-0.136254
-0.103149
-0.0680574
-0.0334526
0.00192933
0.0424928
0.0899763
0.144254
0.202827
0.260858
0.309063
0.341335
0.377334
0.415652
0.448758
0.469485
0.473361
0.458074
0.425647
0.383877
0.336751
0.285435
0.232923
0.183453
0.143709
0.118603
0.110749
0.121694
0.150235
0.186298
0.215579
0.239094
0.259416
0.277504
0.293321
0.305436
0.311265
0.307377
0.29044
0.259016
0.215046
0.163577
0.107567
0.0488627
-0.00788748
-0.0580695
-0.0990828
-0.127962
-0.143512
-0.146353
-0.141929
-0.138403
-0.141313
-0.149205
-0.160037
-0.172426
-0.185335
-0.198089
-0.210235
-0.22164
-0.232268
-0.242036
-0.250673
-0.257635
-0.262463
-0.265564
-0.267677
-0.269625
-0.271379
-0.272764
-0.273164
-0.271586
-0.26709
-0.258921
-0.246149
-0.228229
-0.205106
-0.177013
-0.145165
-0.11048
-0.0747166
-0.0409755
-0.0113674
0.0132621
0.0342933
0.0539584
0.071241
0.0846587
0.0933564
0.0983447
0.102404
0.107686
0.11444
0.123093
0.133934
0.147183
0.163055
0.181505
0.201953
0.223413
0.245154
0.266296
0.285894
0.302411
0.313812
0.317697
0.311568
0.293302
0.261905
0.217375
0.162186
0.100671
0.039756
-0.0116084
-0.0554617
-0.094051
-0.128356
-0.161065
-0.192947
-0.222898
-0.249685
-0.271513
-0.287043
-0.295611
-0.297439
-0.29229
-0.280115
-0.262329
-0.241041
-0.217506
-0.190766
-0.160526
-0.127401
-0.0933487
-0.0615622
-0.0337851
-0.01131
0.00436659
0.0119402
0.0140003
0.0163579
0.020149
0.0255694
0.0312524
0.035652
0.0372901
0.0348212
0.0271545
0.0138068
-0.00493853
-0.0280173
-0.0536326
-0.0792617
-0.102941
-0.122467
-0.135167
-0.138272
-0.131325
-0.115246
-0.0924034
-0.0663158
-0.03774
-0.00737497
0.0224063
0.049215
0.0703873
0.0825035
0.0838334
0.0750664
0.0576336
0.0324723
0.00248701
-0.0254074
-0.0417624
-0.0446335
-0.036918
-0.0267581
-0.019374
-0.0161784
-0.0169345
-0.0211635
-0.0283922
-0.0380778
-0.0498244
-0.0632093
-0.0777458
-0.093069
-0.108753
-0.124714
-0.141141
-0.15859
-0.177376
-0.19732
-0.217931
-0.238813
-0.25915
-0.277587
-0.2923
-0.301441
-0.304111
-0.299897
-0.287154
-0.264482
-0.231977
-0.192158
-0.148912
-0.104075
-0.059297
-0.0141354
0.0310648
0.0751245
0.120284
0.168806
0.219128
0.267863
0.311183
0.349463
0.384237
0.414164
0.435615
0.445147
0.441985
0.429106
0.408615
0.382427
0.353254
0.32141
0.288796
0.25928
0.235005
0.219128
0.214411
0.214443
0.212361
0.209118
0.206418
0.205228
0.206072
0.208868
0.21256
0.215865
0.217941
0.217807
0.21412
0.205449
0.190977
0.170657
0.145611
0.11812
0.0926502
0.075152
0.0677582
0.0709491
0.0815643
0.0944323
0.107096
0.11822
0.126426
0.129483
0.12535
0.113169
0.0926541
0.0644837
0.0310362
-0.00314057
-0.0326088
-0.0526322
-0.0621103
-0.063394
-0.0593899
-0.0531397
-0.0450475
-0.0350303
-0.0239174
-0.0125972
-0.00269393
0.00424376
0.00771455
0.00747587
0.00330237
-0.00488667
-0.0165729
-0.0307563
-0.0464834
-0.0619959
-0.0763861
-0.0887067
-0.098092
-0.104319
-0.107249
-0.106998
-0.105061
-0.103748
-0.103415
-0.104296
-0.105947
-0.10788
-0.109789
-0.111541
-0.113152
-0.114541
-0.115638
-0.116375
-0.116706
-0.116587
-0.115954
-0.114775
-0.113102
-0.111059
-0.108891
-0.106945
-0.105365
-0.10409
-0.103043
-0.102182
-0.101493
-0.100978
-0.100699
-0.10071
-0.101043
-0.101745
-0.10282
-0.104176
-0.105651
-0.107293
-0.109236
-0.111854
-0.115901
-0.122206
-0.131426
-0.143836
-0.159185
-0.176591
-0.195212
-0.214023
-0.231879
-0.248619
-0.264046
-0.278032
-0.290493
-0.300973
-0.308529
-0.312302
-0.312288
-0.308955
-0.301392
-0.289042
-0.272543
-0.253648
-0.232395
-0.208765
-0.183427
-0.155138
-0.122091
-0.0830913
-0.0379174
0.0119784
0.0634261
0.110841
0.147366
0.171014
0.181419
0.180394
0.173185
0.165498
0.157889
0.151562
0.148422
0.148316
0.150908
0.155674
0.161985
0.168925
0.175466
0.181021
0.184661
0.185065
0.181153
0.172653
0.159734
0.143194
0.125049
0.108517
0.0961957
0.0887003
0.0849174
0.0845589
0.0880935
0.0957349
0.107344
0.122724
0.141692
0.163089
0.185126
0.204895
0.22112
0.234153
0.243748
0.247115
0.241791
0.230837
0.217343
0.203071
0.189674
0.179155
0.171389
0.166009
0.161827
0.15655
0.14783
0.134267
0.11471
0.0882389
0.054637
0.0150737
-0.0268738
-0.0660136
-0.100088
-0.12813
-0.150317
-0.166846
-0.17804
-0.183604
-0.183922
-0.179619
-0.17204
-0.162947
-0.152182
-0.140373
-0.128648
-0.116815
-0.10503
-0.0941343
-0.085462
-0.07993
-0.0772868
-0.0765724
-0.0758618
-0.0723335
-0.064447
-0.0519842
-0.0350619
-0.0142595
0.00901071
0.033102
0.0575044
0.0812718
0.10246
0.118609
0.129151
0.134125
0.134267
0.131173
0.125613
0.118878
0.113218
0.109211
0.107004
0.107153
0.110636
0.118413
0.129702
0.142749
0.155909
0.167306
0.175038
0.178787
0.178506
0.174179
0.166029
0.154826
0.141955
0.129309
0.116832
0.104557
0.0932261
0.0840223
0.0770372
0.0711583
0.064737
0.0556596
0.0423724
0.0246491
0.00281519
-0.0221521
-0.0482722
-0.072532
-0.0934538
-0.112555
-0.130527
-0.146901
-0.161075
-0.172427
-0.18019
-0.183884
-0.183802
-0.180896
-0.174504
-0.16375
-0.14863
-0.130606
-0.112262
-0.0940712
-0.0767596
-0.0609662
-0.0470834
-0.0357238
-0.0275705
-0.0230516
-0.0219105
-0.0231343
-0.0261723
-0.0316775
-0.0397611
-0.0497266
-0.0608503
-0.0721445
-0.0839321
-0.0964074
-0.109212
-0.121637
-0.133445
-0.144599
-0.155046
-0.164842
-0.174097
-0.182371
-0.189223
-0.194457
-0.198127
-0.20002
-0.199835
-0.19757
-0.192873
-0.185216
-0.174585
-0.161682
-0.147309
-0.132038
-0.117044
-0.103455
-0.0917824
-0.0826394
-0.0767457
-0.0746509
-0.0764005
-0.0812681
-0.0878292
-0.0945827
-0.100521
-0.1058
-0.110366
-0.113732
-0.115303
-0.114445
-0.110571
-0.103277
-0.0923832
-0.0782748
-0.0609755
-0.0404739
-0.0177301
0.0048702
0.0236065
0.035575
0.0388537
0.0330808
0.0219482
0.00857545
-0.0064307
-0.0216458
-0.0355674
-0.0474962
-0.0560243
-0.0594789
-0.0572789
-0.0493076
-0.0355992
-0.0158537
0.00907555
0.0367073
0.0648522
0.0909222
0.111264
0.127298
0.145025
0.167044
0.192193
0.218107
0.241286
0.257761
0.268037
0.274683
0.276121
0.270573
0.257472
0.237582
0.212605
0.185582
0.158172
0.132259
0.109418
0.0897597
0.0735276
0.0611247
0.0529743
0.0496728
0.0510932
0.056521
0.0653935
0.0760123
0.086796
0.0960262
0.102024
0.105551
0.107696
0.10964
0.112646
0.116381
0.120192
0.123445
0.125564
0.126112
0.124633
0.120922
0.11458
0.105203
0.0928178
0.0780564
0.0622702
0.0463091
0.0312349
0.0182579
0.00761947
-0.000537023
-0.00594488
-0.00846817
-0.0075446
-0.00193555
0.00918118
0.0254437
0.045153
0.067565
0.0924519
0.11864
0.145086
0.169554
0.188928
0.202669
0.210859
0.21436
0.21466
0.210141
0.198203
0.177088
0.146747
0.109384
0.0685182
0.0280113
-0.00962514
-0.0427377
-0.0697725
-0.091347
-0.108686
-0.121808
-0.130964
-0.137259
-0.140388
-0.139054
-0.132952
-0.123286
-0.112167
-0.100949
-0.088963
-0.0758602
-0.0621347
-0.0489919
-0.0374235
-0.0274655
-0.0189461
-0.0114332
-0.00476134
-0.000206931
0.000813763
-0.00278659
-0.0115645
-0.0256738
-0.0446796
-0.0670913
-0.0924793
-0.119926
-0.147508
-0.175284
-0.203883
-0.233388
-0.263124
-0.291663
-0.316917
-0.336453
-0.34812
-0.350186
-0.341921
-0.324204
-0.298783
-0.268227
-0.237645
-0.211263
-0.189543
-0.170845
-0.151901
-0.130092
-0.106258
-0.0822086
-0.0590753
-0.0372899
-0.0172361
0.000518062
0.0156907
0.0286437
0.0403197
0.0513217
0.06259
0.0739111
0.0838917
0.0909809
0.0936693
0.0910821
0.0834775
0.0722287
0.058854
0.044875
0.0321812
0.0196746
0.00745571
-0.00311917
-0.0101078
-0.011139
-0.00525499
0.00617786
0.022717
0.04451
0.0705582
0.0997301
0.130268
0.159607
0.18585
0.206059
0.216615
0.219855
0.223274
0.22656
0.228351
0.227958
0.223997
0.215717
0.20345
0.188366
0.171476
0.15476
0.141437
0.133495
0.12981
0.12833
0.127518
0.125216
0.119604
0.10919
0.0926136
0.0696571
0.0408614
0.0071906
-0.0301029
-0.069803
-0.110189
-0.149093
-0.185727
-0.218797
-0.246506
-0.267336
-0.280195
-0.286404
-0.287806
-0.283184
-0.272213
-0.256003
-0.233745
-0.205705
-0.173199
-0.139287
-0.107064
-0.0782458
-0.0542043
-0.0340527
-0.0173904
-0.00522139
0.00204916
0.00725493
0.0132156
0.0183461
0.0207151
0.0190593
0.013075
0.00370137
-0.00761018
-0.0194029
-0.0304315
-0.039418
-0.0452682
-0.0485541
-0.050526
-0.0525069
-0.0550066
-0.0578644
-0.0607496
-0.063242
-0.0647173
-0.0645905
-0.0621107
-0.0565947
-0.0476229
-0.0351743
-0.0199196
-0.00307046
0.0136353
0.0281452
0.0394008
0.0473659
0.0534237
0.0584591
0.062862
0.0670888
0.0712744
0.0758068
0.0812845
0.0878881
0.0951504
0.102454
0.10935
0.115407
0.120113
0.1229
0.123155
0.120404
0.114395
0.104878
0.0918121
0.0759394
0.0589417
0.0432113
0.0314419
0.0244448
0.0224771
0.0238917
0.0259265
0.0266153
0.0258386
0.0241086
0.0218348
0.0193038
0.0166898
0.0140718
0.0114124
0.00859474
0.00544822
0.00182368
-0.00238624
-0.00734544
-0.0131385
-0.0196056
-0.0262882
-0.0322632
-0.0364339
-0.0392001
-0.041342
-0.0428875
-0.043258
-0.041843
-0.0381875
-0.0321298
-0.0239266
-0.0139954
-0.00336263
0.00637203
0.0145052
0.0203465
0.0249103
0.0305674
0.0376065
0.045868
0.0551165
0.064897
0.0745045
0.0829609
0.0890835
0.0923739
0.09345
0.0926855
0.0903913
0.0860621
0.0793704
0.0704897
0.0596542
0.0473932
0.0344592
0.0210708
0.00775528
-0.00469737
-0.015453
-0.0234814
-0.0291883
-0.0350326
-0.0419032
-0.0499773
-0.059574
-0.0710719
-0.0846235
-0.100017
-0.116694
-0.133572
-0.149064
-0.161721
-0.169782
-0.171834
-0.168158
-0.159702
-0.147627
-0.132168
-0.113996
-0.0948818
-0.0765562
-0.0611541
-0.0491833
-0.0394316
-0.0307631
-0.0231943
-0.0167674
-0.0111268
-0.00554896
3.2199e-05
0.00513831
0.00949744
0.0131521
0.016103
0.018398
0.0203453
0.0221691
0.0240125
0.0260679
0.0284044
0.0310834
0.0341456
0.0376326
0.0415071
0.0456094
0.0496127
0.0532794
0.0563242
0.0587004
0.0618298
0.0661685
0.0718938
0.0791408
0.0878165
0.0975565
0.107503
0.116535
0.124729
0.13231
0.13902
0.144388
0.147906
0.149072
0.147386
0.142655
0.135159
0.125637
0.115392
0.105938
0.0975411
0.0900678
0.0833934
0.0772709
0.0713898
0.0653905
0.0591931
0.0527941
0.0461167
0.0389618
0.0309612
0.0216346
0.0107458
-0.00144128
-0.0142703
-0.0267961
-0.0385975
-0.0493917
-0.0587665
-0.0663021
-0.0715769
-0.0744366
-0.0760268
-0.0775431
-0.0786671
-0.079019
-0.0785982
-0.0776624
-0.0761141
-0.0740245
-0.0715696
-0.0686056
-0.0650817
-0.0611403
-0.0571077
-0.0532399
-0.0495513
-0.0460336
-0.0426785
-0.0394496
-0.0363105
-0.0331765
-0.0299229
-0.0265462
-0.0230978
-0.0196269
-0.0162148
-0.0130217
-0.0102387
-0.00805631
-0.00664837
-0.00611843
-0.00645325
-0.00743178
-0.00863463
-0.00972006
-0.0101989
-0.00960355
-0.00753604
-0.00364476
0.00217534
0.00976408
0.0188287
0.0289966
0.0392985
0.0483381
0.0561366
0.0633471
0.0701171
0.0757529
0.0792902
0.0797478
0.0765101
0.0695093
0.0593005
0.0465804
0.0327228
0.0191121
0.00673386
-0.00319864
-0.011332
-0.0188322
-0.0270566
-0.0368782
-0.0481261
-0.0603531
-0.072905
-0.0849507
-0.0959833
-0.105849
-0.114578
-0.12233
-0.128953
-0.134415
-0.138935
-0.14269
-0.145661
-0.14806
-0.150312
-0.152305
-0.153751
-0.154424
-0.154046
-0.152407
-0.149499
-0.145333
-0.139554
-0.131948
-0.122671
-0.112307
-0.101466
-0.0905133
-0.0801727
-0.0714781
-0.0648286
-0.0602647
-0.0575632
-0.0562197
-0.0559474
-0.0561522
-0.0563517
-0.0561866
-0.0555281
-0.0542006
-0.0518401
-0.047932
-0.0418916
-0.0331628
-0.0214089
-0.00675295
0.0100458
0.027796
0.0445956
0.0592105
0.0721187
0.0839872
0.0948782
0.10481
0.113895
0.122506
0.131227
0.140104
0.148656
0.156523
0.163304
0.167859
0.168712
0.165293
0.16054
0.154826
0.148271
0.14112
0.134006
0.128135
0.124284
0.122195
0.121333
0.121426
0.12189
0.121933
0.121794
0.121813
0.122172
0.122897
0.123949
0.125484
0.12756
0.130059
0.132683
0.135181
0.137521
0.139649
0.141321
0.142144
0.141705
0.139641
0.135586
0.129207
0.120498
0.109934
0.0982911
0.0865946
0.0764668
0.069044
0.0641681
0.0613119
0.0597474
0.0583268
0.0559355
0.0525984
0.0484378
0.043455
0.0376286
0.0309858
0.0236153
0.0157095
0.00763963
1.91881e-05
-0.00659229
-0.0123102
-0.0174172
-0.022282
-0.0274263
-0.0334831
-0.040947
-0.0502851
-0.0619032
-0.0760151
-0.0925122
-0.110765
-0.129449
-0.146368
-0.159535
-0.169327
-0.176937
-0.183879
-0.190389
-0.196263
-0.201531
-0.206635
-0.21228
-0.218208
-0.224078
-0.229675
-0.234871
-0.239648
-0.244117
-0.248465
-0.252654
-0.256614
-0.260279
-0.263575
-0.266432
-0.268821
-0.270761
-0.272363
-0.273787
-0.274901
-0.275458
-0.275238
-0.27412
-0.272037
-0.268494
-0.263016
-0.255335
-0.245547
-0.234121
-0.221168
-0.206947
-0.192274
-0.178009
-0.163927
-0.149781
-0.135448
-0.120497
-0.104378
-0.0865807
-0.0667023
-0.0446617
-0.0207457
0.00425452
0.0289553
0.0511437
0.0682413
0.080038
0.0879859
0.0945385
0.10132
0.107967
0.114109
0.119402
0.123568
0.126787
0.129621
0.132092
0.134417
0.137119
0.140639
0.145285
0.15135
0.158979
0.168159
0.179122
0.191873
0.206237
0.22158
0.236623
0.250203
0.261737
0.270672
0.277328
0.282448
0.286965
0.291975
0.297139
0.30196
0.30608
0.309185
0.311211
0.312294
0.312137
0.310374
0.306864
0.301666
0.294886
0.286541
0.277067
0.267286
0.257231
0.246722
0.235757
0.224449
0.213131
0.202442
0.193132
0.185047
0.177656
0.170207
0.162448
0.154589
0.14684
0.139315
0.131877
0.124096
0.115375
0.105326
0.0938131
0.0808951
0.0668896
0.0525831
0.0390533
0.026306
0.0142368
0.00284373
-0.00780773
-0.017611
-0.0265303
-0.0346137
-0.0416093
-0.047079
-0.0507414
-0.0526861
-0.0533475
-0.0526982
-0.0510823
-0.0492542
-0.0472621
-0.0453167
-0.0439506
-0.0436735
-0.0449436
-0.0482388
-0.053949
-0.0622246
-0.0729292
-0.0853071
-0.0983801
-0.111937
-0.125455
-0.138399
-0.150615
-0.161751
-0.171276
-0.179058
-0.18591
-0.192946
-0.199969
-0.20666
-0.212894
-0.218727
-0.224137
-0.228858
-0.232737
-0.235797
-0.237947
-0.238821
-0.238152
-0.235873
-0.231999
-0.226791
-0.220494
-0.213171
-0.205207
-0.197403
-0.190343
-0.183977
-0.1782
-0.172912
-0.167964
-0.16311
-0.157967
-0.152232
-0.145835
-0.138712
-0.130804
-0.122077
-0.112495
-0.102075
-0.0910428
-0.0798327
-0.068567
-0.0571017
-0.0453858
-0.0335411
-0.0218968
-0.0109875
-0.00152344
0.00604037
0.0118041
0.0163141
0.0203781
0.0238999
0.0268076
0.0291095
0.0309273
0.0324228
0.0333278
0.0334379
0.0327512
0.0314396
0.0298264
0.0284012
0.0272503
0.0262845
0.0254047
0.024537
0.0237185
0.0229894
0.0223634
0.021854
0.0214392
0.0210391
0.0204929
0.0195944
0.0182737
0.0165083
0.0143196
0.0118291
0.00925225
0.00669529
0.00427042
0.00217883
0.000711485
0.000197829
0.00089335
0.00290148
0.00609837
0.0103851
0.0155713
0.0211799
0.0268046
0.0320801
0.0367688
0.0409736
0.044802
0.048212
0.0511631
0.0536164
0.0552694
0.0558466
0.055213
0.0532957
0.0502022
0.0462333
0.041647
0.0370507
0.0332352
0.0306257
0.0297332
0.0309538
0.0341424
0.0392313
0.046186
0.0549521
0.0651246
0.0761955
0.0877114
0.0987977
0.108682
0.116234
0.120758
0.123599
0.125913
0.12789
0.129852
0.131994
0.134077
0.135987
0.137756
0.139134
0.139924
0.140053
0.1394
0.137726
0.134846
0.130663
0.125163
0.118609
0.111478
0.103832
0.0958013
0.0872431
0.0777679
0.0670403
0.0547739
0.0409245
0.0257986
0.0102347
-0.00456552
-0.0183089
-0.0307627
-0.0415521
-0.0500012
-0.0554087
-0.0574444
-0.0575221
-0.0576267
-0.0579147
-0.0584906
-0.0591846
-0.0599237
-0.0606216
-0.0611356
-0.0614417
-0.0615953
-0.0615674
-0.061324
-0.0608389
-0.0600708
-0.0589635
-0.0574553
-0.0555215
-0.0531732
-0.0504907
-0.0476426
-0.0448073
-0.0421989
-0.0400773
-0.038637
-0.0380811
-0.0385976
-0.0402989
-0.0432221
-0.0472634
-0.0520717
-0.0574222
-0.0631266
-0.0689385
-0.074907
-0.0809706
-0.0868601
-0.0920631
-0.09597
-0.0987792
-0.10114
-0.103194
-0.10465
-0.105254
-0.104943
-0.103825
-0.101698
-0.0983805
-0.0938903
-0.0880792
-0.0810421
-0.0732761
-0.0657706
-0.0595837
-0.0549752
-0.0520184
-0.0500981
-0.0481193
-0.0456648
-0.0429353
-0.0401634
-0.0375224
-0.0351165
-0.0329679
-0.0311089
-0.0294995
-0.0280228
-0.0267032
-0.0256057
-0.0247504
-0.0241032
-0.0235917
-0.0231597
-0.0227004
-0.0220479
-0.0209758
-0.0192184
-0.0164917
-0.0125543
-0.00726494
-0.000714683
0.00678768
0.0151844
0.0243557
0.0338006
0.0427144
0.0507707
0.0578014
0.0635553
0.0678165
0.0708373
0.0733877
0.0758678
0.0778303
0.0788703
0.079326
0.0796212
0.0795652
0.0790037
0.0779871
0.0766398
0.0749493
0.0729988
0.0710509
0.0695015
0.0685907
0.0683689
0.068909
0.0704662
0.0732166
0.0772009
0.0826099
0.089519
0.0976197
0.106196
0.114823
0.123264
0.131079
0.138043
0.143981
0.148682
0.151935
0.153612
0.153675
0.151247
0.145527
0.136125
0.123417
0.108679
0.0926971
0.0765871
0.0624937
0.0518757
0.0426444
0.0337382
0.0255509
0.0185693
0.0131816
0.00950707
0.00733379
0.00579485
0.00357768
0.000713987
-0.00272344
-0.006866
-0.0117241
-0.0173119
-0.0235925
-0.0303956
-0.0373243
-0.0439438
-0.0502123
-0.0560403
-0.0611816
-0.0653144
-0.0684315
-0.0709316
-0.0734148
-0.0760911
-0.0788285
-0.0815092
-0.0840988
-0.0866565
-0.0892624
-0.0918388
-0.0943063
-0.0966128
-0.0987938
-0.100968
-0.103286
-0.105768
-0.10829
-0.11065
-0.112699
-0.114329
-0.115379
-0.115526
-0.114443
-0.11187
-0.107794
-0.102522
-0.0964025
-0.0891599
-0.0810437
-0.0727018
-0.0656016
-0.0607243
-0.0543133
-0.0461728
-0.0372714
-0.0288656
-0.0226237
-0.0183707
-0.014002
-0.00951585
-0.00530732
-0.00162556
0.00134433
0.0035868
0.00531264
0.00692788
0.00851771
0.0102139
0.0120487
0.0140323
0.0162144
0.0186721
0.0214942
0.0247402
0.0283969
0.0323459
0.0364489
0.0405887
0.0445425
0.0481524
0.0514703
0.0545517
0.0572523
0.0593968
0.0608143
0.0612595
0.0605575
0.0587004
0.0558141
0.0522222
0.048535
0.0453159
0.0430201
0.0413727
0.039894
0.0381745
0.0361488
0.0338169
0.0311713
0.0282177
0.0249719
0.0214698
0.0177257
0.0137551
0.00961367
0.00543813
0.00141843
-0.0024305
-0.00617141
-0.00985742
-0.0134857
-0.0170165
-0.0204029
-0.0235813
-0.0263602
-0.0284407
-0.0295219
-0.0293585
-0.0278378
-0.0251162
-0.0216708
-0.0180399
-0.0146066
-0.0115365
-0.00885869
-0.00664116
-0.00476295
-0.0028737
-0.000512258
0.00264019
0.00659687
0.0112613
0.0164321
0.021737
0.026648
0.0309186
0.0349249
0.0391552
0.0436013
0.0481307
0.0525636
0.0566385
0.0600675
0.0627637
0.0647477
0.0661539
0.067106
0.067677
0.0680005
0.0678493
0.0669892
0.0652894
0.0627717
0.0596121
0.0558732
0.0518009
0.0478402
0.0437307
0.0383094
0.0310865
0.0218477
0.0106394
-0.00209487
-0.0152697
-0.0274201
-0.0385759
-0.0489534
-0.0584515
-0.0667755
-0.0735957
-0.0786902
-0.0821221
-0.0843098
-0.0855981
-0.0860533
-0.086035
-0.0857986
-0.0851964
-0.0841953
-0.0826865
-0.0807228
-0.0785782
-0.0765153
-0.0746352
-0.073074
-0.0719472
-0.071187
-0.0705939
-0.0699553
-0.0692712
-0.0685163
-0.067574
-0.0662685
-0.0644822
-0.0621057
-0.0590519
-0.0553115
-0.0510033
-0.0464383
-0.0419675
-0.037649
-0.0335757
-0.0299612
-0.0270487
-0.024734
-0.0227524
-0.0206841
-0.0180969
-0.0148944
-0.0110176
-0.00640825
-0.00106084
0.00492859
0.0114425
0.018534
0.0261546
0.0340099
0.0416337
0.0489904
0.056025
0.0625711
0.0683659
0.0729927
0.0759709
0.0768897
0.0755179
0.0718891
0.0661823
0.0582322
0.0481624
0.036495
0.0237167
0.0103716
-0.00321854
-0.016447
-0.028241
-0.0369074
-0.0410321
-0.0428696
-0.0435802
-0.042541
-0.0393294
-0.0337628
-0.0254975
-0.0147866
-0.00245406
0.0106584
0.0228695
0.0323586
0.0389001
0.042614
0.0445697
0.0464193
0.0483453
0.0504772
0.0525429
0.0538818
0.0539412
0.0524038
0.0491881
0.0444127
0.0385632
0.0320653
0.0255348
0.0193824
0.0134168
0.00742709
0.00143212
-0.00446943
-0.0101382
-0.0154143
-0.0201482
-0.0242332
-0.0276755
-0.0308087
-0.0342401
-0.0383306
-0.0428695
-0.0475045
-0.0518002
-0.0551936
-0.0571005
-0.0574497
-0.0563852
-0.0537987
-0.0494504
-0.0433707
-0.0359818
-0.0278234
-0.019381
-0.0116371
-0.00591008
-0.00230015
-0.00023177
0.00076436
0.000937102
0.000712882
0.00053116
0.000875184
0.00149828
0.00208
0.00239818
0.00230885
0.00176446
0.000679499
-0.00103824
-0.0033989
-0.00627172
-0.00941514
-0.0127721
-0.0163174
-0.0199378
-0.0233939
-0.0263742
-0.0288734
-0.0309545
-0.032745
-0.0343961
-0.0356543
-0.0360729
-0.0351978
-0.0326466
-0.0281807
-0.0216303
-0.0131879
-0.0032151
0.00830312
0.0210186
0.0339127
0.0453419
0.054291
0.0613509
0.067412
0.0723923
0.0762071
0.0790477
0.0811068
0.0825199
0.0836838
0.0847111
0.0854716
0.0860517
0.0867134
0.0873516
0.0878603
0.0882108
0.0884196
0.0885426
0.0886329
0.0887315
0.0888613
0.0890193
0.0891581
0.0891964
0.0890982
0.0888463
0.0884223
0.0878213
0.0870621
0.0862086
0.0853653
0.0845795
0.0838393
0.0831299
0.0824328
0.0817216
0.0809542
0.0800175
0.0786194
0.0763981
0.0729644
0.0679702
0.0611844
0.0526647
0.0427071
0.0310333
0.0175731
0.00274305
-0.0123701
-0.0261285
-0.0376928
-0.0465093
-0.0519163
-0.0536568
-0.0537942
-0.0544355
-0.0552865
-0.0559283
-0.0562267
-0.0558711
-0.0546533
-0.0526519
-0.0503091
-0.048198
-0.0465438
-0.0456215
-0.0455798
-0.0458795
-0.0457365
-0.0449836
-0.0437046
-0.0419835
-0.0398723
-0.0373244
-0.0343062
-0.0308368
-0.0269438
-0.0227621
-0.0185559
-0.014467
-0.0106532
-0.00738555
-0.00503854
-0.0040726
-0.00490989
-0.0074411
-0.0111125
-0.0154657
-0.0203874
-0.0259525
-0.0319889
-0.0379427
-0.0432313
-0.0479573
-0.0523063
-0.0564507
-0.0604726
-0.0641126
-0.0670563
-0.0690311
-0.0698727
-0.0695606
-0.0683206
-0.0666356
-0.0646515
-0.0627316
-0.0614432
-0.0607489
-0.0605251
-0.0606535
-0.0609768
-0.0612434
-0.0612059
-0.0608672
-0.0602449
-0.0593243
-0.0580767
-0.0564728
-0.0545073
-0.0521867
-0.0494835
-0.0464403
-0.0431543
-0.0396896
-0.0362088
-0.0330288
-0.0305874
-0.0290476
-0.0280024
-0.0269987
-0.0259829
-0.0248942
-0.0236231
-0.0221032
-0.0202408
-0.0179948
-0.0153627
-0.0123909
-0.00918386
-0.00577443
-0.00215619
0.00160028
0.00533964
0.00886245
0.0118514
0.0139142
0.0149296
0.0151055
0.0146676
0.0135035
0.0115965
0.00911538
0.00608487
0.00239962
-0.00200614
-0.00697387
-0.0120829
-0.0170102
-0.0217678
-0.0263401
-0.0306356
-0.0345168
-0.037817
-0.0403511
-0.0420033
-0.0427796
-0.0429641
-0.043217
-0.0436538
-0.0441948
-0.0448489
-0.0457209
-0.0469457
-0.0485504
-0.0505239
-0.0528044
-0.0552079
-0.0574665
-0.0596294
-0.0618673
-0.0642382
-0.0666234
-0.0687714
-0.070338
-0.0710078
-0.0704759
-0.0684408
-0.0644727
-0.0582775
-0.0499275
-0.0398881
-0.02843
-0.0160527
-0.0032361
0.00980157
0.0226217
0.0352372
0.047578
0.0593754
0.0702372
0.0797109
0.0873371
0.0928484
0.0968301
0.100411
0.104055
0.107693
0.111396
0.115069
0.118464
0.121426
0.123905
0.12583
0.127223
0.128197
0.128706
0.128729
0.128345
0.127707
0.126911
0.126049
0.125097
0.123922
0.1224
0.120412
0.117751
0.114232
0.109773
0.104402
0.0980533
0.0907767
0.0828077
0.0741341
0.0647719
0.0550166
0.0454212
0.0362192
0.0273304
0.0186988
0.0104974
0.00308512
-0.00312234
-0.00773385
-0.0105146
-0.0119906
-0.0131887
-0.0140552
-0.01456
-0.0148288
-0.0148312
-0.0146639
-0.0143338
-0.0138871
-0.0135067
-0.0134086
-0.0136322
-0.0141684
-0.014976
-0.0161034
-0.0176454
-0.0196179
-0.0218806
-0.0241643
-0.0264194
-0.0286473
-0.0307676
-0.0326249
-0.0340302
-0.0347705
-0.0346292
-0.0334523
-0.031233
-0.0281872
-0.0245912
-0.0204025
-0.0157209
-0.0107435
-0.00544551
7.21764e-05
0.00548516
0.0102671
0.0141103
0.0172137
0.0200193
0.0230599
0.0262799
0.0295377
0.0327407
0.0358118
0.0386322
0.0410817
0.0430878
0.0445851
0.0454408
0.0455532
0.0446986
0.0426692
0.0393135
0.0345952
0.0286792
0.0216292
0.0137807
0.00597706
-0.00061382
-0.00585739
-0.0101203
-0.0136611
-0.0165296
-0.018885
-0.021033
-0.0230331
-0.0249166
-0.0265931
-0.0277093
-0.0279456
-0.0271006
-0.0251582
-0.022357
-0.0193211
-0.0169157
-0.0151232
-0.0135053
-0.011791
-0.010027
-0.00834116
-0.00688543
-0.00582577
-0.00531504
-0.00550963
-0.00655768
-0.00848086
-0.0111373
-0.0143603
-0.0178392
-0.0213626
-0.0250172
-0.0288368
-0.032737
-0.036483
-0.0397781
-0.042755
-0.0456888
-0.0489259
-0.0526765
-0.0568485
-0.0612524
-0.0655998
-0.0695353
-0.0729296
-0.0757804
-0.0781496
-0.0800755
-0.0813717
-0.0818768
-0.0815076
-0.0800842
-0.0773977
-0.073447
-0.0684573
-0.0624778
-0.0558518
-0.0492151
-0.0426311
-0.0362732
-0.0304532
-0.0250452
-0.0197988
-0.0144951
-0.00941587
-0.00498107
-0.0016368
0.000265498
0.00124157
0.0022682
0.00336597
0.00452026
0.00579356
0.00706001
0.0082278
0.00926885
0.0102205
0.0111791
0.0122965
0.0137585
0.015764
0.0184872
0.0220936
0.0266677
0.0321189
0.0380642
0.0438608
0.049126
0.0535074
0.0566489
0.0583395
0.0584347
0.0567919
0.0534642
0.0484681
0.0419687
0.0345153
0.0263582
0.0179547
0.0101311
0.00310429
-0.00310827
-0.00840403
-0.0126612
-0.0158169
-0.0179767
-0.01936
-0.0201834
-0.0208473
-0.0212527
-0.0211759
-0.0205818
-0.0195506
-0.0180973
-0.0164137
-0.0148816
-0.0136584
-0.0126716
-0.0118073
-0.0109815
-0.010244
-0.00964134
-0.0092145
-0.00906804
-0.0092675
-0.00979611
-0.010534
-0.0113457
-0.0121196
-0.0126921
-0.013001
-0.0129834
-0.0125665
-0.0116995
-0.0103468
-0.0084507
-0.00605385
-0.00330718
-0.000216159
0.00319934
0.00675885
0.0101348
0.0131735
0.0158972
0.0183468
0.0205834
0.022669
0.0244791
0.0258157
0.026509
0.0263455
0.0249033
0.0218164
0.0169096
0.010323
0.00264152
-0.00518726
-0.012454
-0.0191886
-0.0254117
-0.0310804
-0.0361164
-0.0404127
-0.0438692
-0.0464638
-0.0481612
-0.0489274
-0.0488516
-0.047536
-0.0447026
-0.0403473
-0.0345625
-0.0277776
-0.0203111
-0.0124331
-0.00485103
0.00146708
0.00653796
0.0105811
0.0137037
0.0160808
0.0180028
0.0192686
0.0195445
0.0186984
0.0168447
0.0140595
0.0104754
0.00638877
0.00198901
-0.0022465
-0.00557573
-0.0079459
-0.00990722
-0.0114835
-0.0124608
-0.0126585
-0.0118798
-0.010073
-0.00736279
-0.00356142
0.00147951
0.00766751
0.0149519
0.0230758
0.0313132
0.038558
0.0443789
0.0490901
0.0531618
0.0566463
0.059261
0.0607731
0.0611947
0.0612407
0.0616671
0.0623115
0.0629532
0.063505
0.0639561
0.0642429
0.0643412
0.0642922
0.0641951
0.0641919
0.0643513
0.0646537
0.0650162
0.0652937
0.0654149
0.0654798
0.0656076
0.0658126
0.0660048
0.0660416
0.0657386
0.0648825
0.0632321
0.0605134
0.056516
0.0511822
0.0447028
0.0376254
0.0305563
0.0234919
0.0164889
0.00968593
0.00305037
-0.00341679
-0.00965084
-0.0155589
-0.0210254
-0.0258559
-0.0298573
-0.032939
-0.0351714
-0.0369142
-0.0387372
-0.0406303
-0.0423656
-0.0437751
-0.0447719
-0.0453762
-0.045736
-0.0460218
-0.0461977
-0.0462294
-0.0461338
-0.0459529
-0.0456523
-0.0451929
-0.0445509
-0.0437221
-0.0427298
-0.0416433
-0.0405603
-0.0394566
-0.0382528
-0.0368692
-0.0352341
-0.0332983
-0.0310532
-0.0285572
-0.0259484
-0.0233244
-0.0206687
-0.017985
-0.0153261
-0.0127922
-0.0105311
-0.00872641
-0.00757795
-0.00726541
-0.0078992
-0.00946016
-0.011785
-0.0144844
-0.0171326
-0.0197539
-0.0223402
-0.0247421
-0.026681
-0.0278889
-0.0283921
-0.0283614
-0.0280778
-0.0276302
-0.0269618
-0.0260948
-0.0252097
-0.0245954
-0.0242532
-0.0240504
-0.0238566
-0.0236386
-0.0234111
-0.02319
-0.0229839
-0.0227802
-0.0225683
-0.0223873
-0.0222734
-0.022244
-0.0222955
-0.0223951
-0.0224876
-0.0225666
-0.0226762
-0.0228724
-0.0232187
-0.0237814
-0.0246204
-0.0257735
-0.0272335
-0.0289309
-0.0308209
-0.0329265
-0.0352178
-0.037564
-0.0397409
-0.0415775
-0.042963
-0.0437849
-0.0439392
-0.0432193
-0.041271
-0.0378101
-0.032737
-0.02628
-0.0189943
-0.0111513
-0.0033763
0.00339185
0.00908064
0.0140575
0.0187367
0.0231677
0.0272613
0.0309892
0.0343237
0.0370981
0.0392296
0.0408299
0.0422229
0.0436126
0.0448642
0.045871
0.046629
0.0472318
0.0477556
0.0481826
0.0485145
0.0487942
0.0490914
0.0494416
0.0498387
0.0502575
0.0506523
0.050991
0.0512769
0.0515136
0.0516999
0.0518363
0.0519182
0.0518925
0.0516962
0.0512715
0.0505785
0.0496106
0.0484233
0.0471251
0.0457293
0.0442345
0.0426918
0.0411567
0.0395898
0.0379509
0.036222
0.0344064
0.0325373
0.030674
0.028874
0.0271682
0.0255865
0.0241541
0.0228814
0.0217517
0.0207049
0.0196393
0.0185186
0.0173665
0.0162065
0.015054
0.0139182
0.0128018
0.0117029
0.0106193
0.00955407
0.0085106
0.00749292
0.00650452
0.00554769
0.00462381
0.00374822
0.0029391
0.0022109
0.00156764
0.000998424
0.00046692
-8.53353e-05
-0.0006857
-0.0013295
-0.00201313
-0.00273311
-0.00348433
-0.00425471
-0.00502512
-0.00578641
-0.00655248
-0.00733707
-0.00815043
-0.00899567
-0.00986699
-0.0107479
-0.0116247
-0.012479
-0.0132862
-0.0140163
-0.0146404
-0.0151352
-0.015493
-0.0157305
-0.0159012
-0.0160911
-0.0164058
-0.0169888
-0.0179748
-0.019375
-0.0211377
-0.0231118
-0.0250858
-0.027108
-0.0292446
-0.031507
-0.0338576
-0.0361786
-0.0383043
-0.0401889
-0.0418064
-0.043136
-0.0441956
-0.0450084
-0.0455412
-0.0458042
-0.0459116
-0.0460524
-0.046237
-0.0464113
-0.0465481
-0.0466426
-0.0466816
-0.0466406
-0.0465017
-0.0462571
-0.0459058
-0.0453973
-0.0445997
-0.0433645
-0.0415547
-0.0390799
-0.0359155
-0.0320373
-0.0275605
-0.0227922
-0.0180074
-0.0133126
-0.00885688
-0.00478384
-0.00130118
0.00142506
0.00349979
0.00519795
0.00679019
0.00822764
0.00948841
0.0105853
0.0114065
0.0119027
0.0121077
0.0119787
0.011492
0.010732
0.00988315
0.00902919
0.00816088
0.00729295
0.00647873
0.00579561
0.00528238
0.0049489
0.00477917
0.00470957
0.00463115
0.00451048
0.0043812
0.00426996
0.00418234
0.00410745
0.00405088
0.00401951
0.00400844
0.00400142
0.00396956
0.00387417
0.00366829
0.00330491
0.0027442
0.00196902
0.000962208
-0.000337439
-0.00196422
-0.00387782
-0.00597634
-0.00822572
-0.0105397
-0.0127165
-0.0145053
-0.0159567
-0.0171963
-0.018273
-0.0191953
-0.0199497
-0.0204244
-0.0205189
-0.0201947
-0.0194907
-0.0184676
-0.017251
-0.0160696
-0.0150106
-0.0140252
-0.013071
-0.0121251
-0.0111757
-0.0102076
-0.00919997
-0.00812496
-0.00694407
-0.00562103
-0.00415057
-0.00254171
-0.000820153
0.000956874
0.00271032
0.00444118
0.00618257
0.00796592
0.00981524
0.0117456
0.0137746
0.0159173
0.0181689
0.0204967
0.0228304
0.0250976
0.0272946
0.0294248
0.0314889
0.0334886
0.0353976
0.0371703
0.0387624
0.0401513
0.0413275
0.0422076
0.0427217
0.0428615
0.042678
0.0421433
0.0412584
0.0400922
0.0386156
0.0368577
0.0349822
0.0332359
0.0316274
0.03015
0.0288304
0.0277061
0.0268014
0.0260843
0.0254567
0.0247775
0.0240692
0.0234209
0.0229133
0.0226081
0.0225347
0.0226812
0.0230402
0.0236307
0.0244302
0.0253386
0.0262002
0.0269935
0.0277488
0.0284871
0.0292203
0.0299536
0.0306868
0.0313904
0.0319923
0.0324094
0.0325604
0.0323825
0.0318468
0.0309683
0.0298263
0.0286232
0.0276387
0.026901
0.0264095
0.0261801
0.0262115
0.0264414
0.0266989
0.0268153
0.0268025
0.0266884
0.026483
0.0261875
0.025795
0.0252986
0.0246731
0.0238383
0.0227139
0.021245
0.0194273
0.0173256
0.0149832
0.0123748
0.00953445
0.00659857
0.00370246
0.000770587
-0.00228952
-0.00553826
-0.00901275
-0.0127685
-0.016868
-0.0213284
-0.0260981
-0.0310192
-0.0358523
-0.0405313
-0.0450545
-0.0494127
-0.0535692
-0.0572649
-0.0601231
-0.0617276
-0.0620953
-0.0622681
-0.0626729
-0.0630527
-0.0631233
-0.0626564
-0.0615111
-0.0598135
-0.0580054
-0.0562715
-0.0545386
-0.0527526
-0.0509079
-0.0490424
-0.0472311
-0.0455784
-0.0442091
-0.0432573
-0.0428215
-0.0428311
-0.0430608
-0.0433544
-0.0437392
-0.0442131
-0.0447692
-0.0453918
-0.0460028
-0.0464523
-0.0465273
-0.0460671
-0.0450502
-0.0435573
-0.0417571
-0.0397085
-0.0374982
-0.0353309
-0.0333492
-0.0315143
-0.0297871
-0.0281528
-0.0266066
-0.0251431
-0.0237527
-0.0224641
-0.0212921
-0.0202163
-0.0191593
-0.0180015
-0.0167338
-0.0153931
-0.0140146
-0.0126357
-0.0112971
-0.0100513
-0.00894775
-0.00794003
-0.00691707
-0.00573046
-0.00419391
-0.00213819
0.000495102
0.00368005
0.00729021
0.0110221
0.0144729
0.0176764
0.0207306
0.0237138
0.0267133
0.0298101
0.0330166
0.0363015
0.0396094
0.0428602
0.0459519
0.0487669
0.0511846
0.0531021
0.054466
0.0552893
0.055562
0.0554022
0.0550345
0.0543923
0.0534449
0.0522682
0.0508928
0.0493317
0.0476862
0.0460752
0.0444627
0.0428083
0.041097
0.0393289
0.0375101
0.0356415
0.0337266
0.0317694
0.0297741
0.0277414
0.0256632
0.023525
0.0213122
0.0190118
0.0166267
0.0141637
0.01153
0.00858793
0.00520751
0.00133884
-0.00293052
-0.0073638
-0.0116118
-0.0155459
-0.0191164
-0.0222575
-0.0248974
-0.0269254
-0.0282575
-0.0289021
-0.0290194
-0.0288139
-0.0282784
-0.0275038
-0.0266074
-0.0254397
-0.0238804
-0.0219103
-0.0196494
-0.017318
-0.0149147
-0.0124542
-0.0100202
-0.00769659
-0.00553147
-0.00357241
-0.00186457
-0.000452344
0.000623626
0.00139246
0.00194465
0.0022141
0.00210473
0.00159203
0.000759093
-0.00022358
-0.0011425
-0.00171177
-0.00185853
-0.00153958
-0.000724876
0.000533167
0.00207243
0.00360295
0.00492114
0.00604896
0.00700582
0.00778346
0.00842765
0.00899796
0.00958008
0.0102646
0.0109816
0.011623
0.0120746
0.0122246
0.0119759
0.0112877
0.0102885
0.00925398
0.00846678
0.00795053
0.0077004
0.00771757
0.00799335
0.00857087
0.00946239
0.0106272
0.0120208
0.0135726
0.015088
0.0163151
0.017416
0.0186254
0.0200008
0.0215077
0.0230614
0.024527
0.0257244
0.0264777
0.0266072
0.026024
0.0248638
0.023243
0.0211486
0.018698
0.0161325
0.0134413
0.0106648
0.00796127
0.00543783
0.00304818
0.000736849
-0.00149518
-0.00360909
-0.00556797
-0.00735515
-0.00895437
-0.0103513
-0.0115703
-0.012563
-0.0132284
-0.0135065
-0.0134208
-0.0130727
-0.0125036
-0.0118306
-0.0111881
-0.01054
-0.00985206
-0.00912748
-0.00840413
-0.00775488
-0.00725541
-0.00695892
-0.00690952
-0.0071288
-0.00759448
-0.00828666
-0.00929999
-0.0106977
-0.0124811
-0.014647
-0.0171527
-0.0200428
-0.0232866
-0.0267332
-0.030236
-0.0336246
-0.0367202
-0.0395083
-0.0420048
-0.0442273
-0.0461244
-0.0476469
-0.0488008
-0.04956
-0.0498191
-0.0495635
-0.0488742
-0.0476938
-0.0460483
-0.0441563
-0.0423753
-0.04078
-0.0393286
-0.0379726
-0.0366693
-0.0353805
-0.034055
-0.0326264
-0.0310592
-0.0293822
-0.0276375
-0.0258749
-0.0241525
-0.0225381
-0.0210979
-0.0198502
-0.0187821
-0.0178391
-0.0169296
-0.0160085
-0.0150117
-0.0138394
-0.0123671
-0.0104764
-0.00809307
-0.00519173
-0.00183378
0.00179943
0.00533272
0.00828641
0.0106745
0.0126148
0.0142849
0.0158985
0.0173457
0.0184739
0.019172
0.0193874
0.0190743
0.0181816
0.0167784
0.0151418
0.0137143
0.0126697
0.0120938
0.0121112
0.0128494
0.0144075
0.0168565
0.0201724
0.0241189
0.0283387
0.0325954
0.0364868
0.0397199
0.0423557
0.044516
0.0463547
0.0479468
0.0492228
0.0501575
0.0508241
0.0512617
0.0514115
0.0512896
0.0509093
0.0502131
0.0492261
0.0480987
0.0471267
0.0465702
0.0462924
0.0460447
0.0456763
0.0452104
0.044693
0.0441576
0.0436268
0.043103
0.0425664
0.041971
0.0412472
0.040308
0.0390509
0.0373093
0.0349242
0.0317874
0.0278922
0.0233888
0.0186505
0.0140909
0.0097689
0.00576599
0.00218484
-0.00101946
-0.00395121
-0.0067449
-0.00936848
-0.0117431
-0.0138399
-0.0157133
-0.0174289
-0.0188966
-0.020058
-0.0209388
-0.0216812
-0.0225026
-0.0233721
-0.0242334
-0.0250363
-0.0256975
-0.0261268
-0.026236
-0.0259507
-0.0252259
-0.0240124
-0.0222569
-0.0199827
-0.0173608
-0.0146808
-0.0120138
-0.00937424
-0.00685616
-0.00466196
-0.00310585
-0.00248668
-0.00248756
-0.00257913
-0.00269292
-0.0029117
-0.00325684
-0.00365575
-0.00402039
-0.00441401
-0.0048935
-0.00546999
-0.00612219
-0.00685028
-0.0076788
-0.00862166
-0.00967906
-0.0108307
-0.012042
-0.0133132
-0.0146539
-0.0160602
-0.0175103
-0.018957
-0.020323
-0.0215079
-0.0224466
-0.0230825
-0.0233816
-0.0233394
-0.0229358
-0.0221889
-0.0212258
-0.0202566
-0.0192886
-0.0182616
-0.0171529
-0.015985
-0.0148374
-0.013839
-0.0130727
-0.0125005
-0.0120328
-0.0115225
-0.0108462
-0.0100807
-0.00934462
-0.00871508
-0.00819873
-0.00776875
-0.00736591
-0.00689952
-0.00631042
-0.00557304
-0.0046724
-0.00360874
-0.00241434
-0.00116251
5.88067e-06
0.000920826
0.00160482
0.00213901
0.00262454
0.00309222
0.00350632
0.00383309
0.0040527
0.0041741
0.00422833
0.00418849
0.00401326
0.00368567
0.00322177
0.00268941
0.00219437
0.00175767
0.00136726
0.0010162
0.000698653
0.000409489
0.000159531
-2.91669e-05
-0.00013917
-0.000167719
-0.000125079
5.28175e-06
0.000227157
0.000516645
0.000815294
0.00106245
0.00126455
0.00143474
0.00158202
0.00171628
0.00185099
0.0020013
0.00215818
0.00230068
0.00240543
0.0024491
0.00241232
0.00228262
0.00204366
0.00167105
0.00115628
0.000519334
-0.000180403
-0.000882579
-0.00160903
-0.00238276
-0.00320783
-0.00407176
-0.00496698
-0.00588783
-0.00681587
-0.00771452
-0.00853791
-0.00927667
-0.0099466
-0.0105806
-0.0112355
-0.0119634
-0.0127525
-0.0135762
-0.014399
-0.0151751
-0.0158779
-0.0164981
-0.0170319
-0.0174811
-0.0178644
-0.0182031
-0.0184207
-0.0183912
-0.0179845
-0.017084
-0.015616
-0.0135824
-0.0111167
-0.00848271
-0.00580545
-0.0030942
-0.00043199
0.00203261
0.00427038
0.00625863
0.00797086
0.0094016
0.0105553
0.0114528
0.0121967
0.0129891
0.0139901
0.0152216
0.0167097
0.0184963
0.0206019
0.0229893
0.0255572
0.0281016
0.030336
0.0321636
0.0336909
0.035064
0.0363197
0.037459
0.0385132
0.0395383
0.0405115
0.0413911
0.0421517
0.0427299
0.0430642
0.043127
0.0429496
0.042617
0.042126
0.041398
0.04038
0.0390685
0.0375411
0.0359356
0.0342278
0.0323379
0.0302192
0.0278702
0.0253619
0.0228174
0.020245
0.0176636
0.0151331
0.0127487
0.0106396
0.00890755
0.00751948
0.00634631
0.0051829
0.00395583
0.0027098
0.00147817
0.000263191
-0.000964597
-0.00226969
-0.00373086
-0.00540374
-0.0073323
-0.00953968
-0.0120021
-0.0146231
-0.0172204
-0.019653
-0.0219031
-0.0239533
-0.0257696
-0.0273209
-0.0285743
-0.0295235
-0.0302149
-0.0307979
-0.0314812
-0.0322182
-0.0329341
-0.0335856
-0.0341506
-0.034642
-0.0350984
-0.0355286
-0.0359093
-0.0362194
-0.0364416
-0.0365664
-0.0365878
-0.0364801
-0.036213
-0.0357722
-0.0351676
-0.0344569
-0.0337236
-0.032912
-0.0319519
-0.030795
-0.029421
-0.0278526
-0.0261765
-0.0245368
-0.0229977
-0.0215463
-0.0201669
-0.0188464
-0.0175663
-0.0162974
-0.0150187
-0.0137603
-0.0125606
-0.0114524
-0.010458
-0.00958354
-0.00884775
-0.00829532
-0.00795195
-0.00780509
-0.00778305
-0.00775895
-0.00768376
-0.00758003
-0.00746101
-0.00732173
-0.00713958
-0.00687797
-0.00646739
-0.00577194
-0.00463866
-0.0029327
-0.000564567
0.00245028
0.00598872
0.0100122
0.0144241
0.0189198
0.0230396
0.0266724
0.0298546
0.03264
0.0350983
0.0371604
0.0387344
0.0398019
0.0404721
0.0408774
0.0409423
0.0406421
0.040003
0.0391659
0.0384219
0.0379597
0.0376977
0.0375082
0.0372398
0.0367144
0.0358256
0.034502
0.0326927
0.0303841
0.0276336
0.0245971
0.0215854
0.0190229
0.0170123
0.0153065
0.0135833
0.0117749
0.00992915
0.00810748
0.00637337
0.0047952
0.00349907
0.00260733
0.00220689
0.00235887
0.00305407
0.00416413
0.00536343
0.00620876
0.00667545
0.00679756
0.00659537
0.00612907
0.00548533
0.00463822
0.00353714
0.00219165
0.000693718
-0.000732854
-0.00178781
-0.00252248
-0.00315726
-0.00378765
-0.00439577
-0.00495341
-0.00544501
-0.00587671
-0.00629134
-0.00676944
-0.00736481
-0.00810619
-0.00902884
-0.0101711
-0.0115561
-0.0131846
-0.0150785
-0.01726
-0.0196914
-0.0222419
-0.0246803
-0.0268477
-0.0287725
-0.0305153
-0.0321501
-0.0337864
-0.0355143
-0.0373013
-0.0390869
-0.0408077
-0.0423937
-0.043766
-0.0448379
-0.0455493
-0.0458805
-0.0457558
-0.0449958
-0.0434624
-0.041126
-0.0381131
-0.0347899
-0.0317261
-0.0291771
-0.0273331
-0.02638
-0.0260949
-0.0260026
-0.0255272
-0.0246655
-0.0235043
-0.0221051
-0.020539
-0.0188799
-0.0172261
-0.0156799
-0.0142365
-0.012863
-0.0115191
-0.0101546
-0.0087151
-0.00714762
-0.00540416
-0.00342608
-0.00117436
0.00134882
0.004083
0.00688829
0.00960566
0.0121935
0.0146018
0.0167554
0.0185594
0.0199391
0.020966
0.021872
0.0229542
0.0241435
0.0253091
0.0263339
0.0271028
0.0275499
0.0277275
0.0277719
0.02778
0.0277428
0.0276637
0.0275838
0.0275494
0.0275571
0.0275973
0.027662
0.0277361
0.0277968
0.0278273
0.0278275
0.0277963
0.0277285
0.0276162
0.0274502
0.0272224
0.0269304
0.0265806
0.0261981
0.0258195
0.0254305
0.0249947
0.0244783
0.0238531
0.0231045
0.0222378
0.0212926
0.0203321
0.0193517
0.0183482
0.0173392
0.0163613
0.0154729
0.0147375
0.0141932
0.0138628
0.013743
0.0137912
0.0139665
0.0142498
0.0145734
0.0148089
0.0148869
0.0148777
0.0148785
0.0149258
0.0149568
0.0148736
0.0145612
0.013895
0.0127615
0.0110841
0.0088601
0.00620873
0.00339272
0.000585487
-0.00227424
-0.00523
-0.00825186
-0.0112386
-0.0139962
-0.0162872
-0.01807
-0.0193788
-0.0203448
-0.0211858
-0.021908
-0.0224661
-0.022894
-0.0233032
-0.0237197
-0.0240916
-0.0243908
-0.0246271
-0.0248462
-0.0250873
-0.0253542
-0.0256469
-0.0259618
-0.0262834
-0.0265817
-0.0268358
-0.0270516
-0.0272356
-0.0273923
-0.027526
-0.0276433
-0.0277534
-0.0278688
-0.027997
-0.0281438
-0.0283136
-0.0285099
-0.0287151
-0.0288617
-0.0288557
-0.0285903
-0.0279527
-0.0268478
-0.0251842
-0.0228497
-0.0197986
-0.016124
-0.0120952
-0.00825978
-0.00532039
-0.00330148
-0.00182222
-0.000404175
0.00105659
0.00251065
0.00394088
0.00536412
0.00676654
0.00811214
0.0094046
0.0106565
0.0118197
0.0128555
0.0137582
0.0145456
0.0152127
0.0157718
0.0162663
0.0167753
0.0174085
0.018243
0.0193154
0.0206386
0.0221937
0.0239599
0.0258907
0.0278747
0.0296997
0.031098
0.0320408
0.0326354
0.0329436
0.0329406
0.0326273
0.0320015
0.0310754
0.0299788
0.0289134
0.027797
0.0265256
0.0250481
0.0233599
0.0215359
0.0196982
0.0178303
0.0159089
0.0139381
0.0119408
0.00995363
0.00801668
0.00618054
0.00449861
0.00301909
0.0017748
0.000795067
6.73185e-05
-0.000481456
-0.00101963
-0.0017784
-0.00279873
-0.00402671
-0.00538602
-0.00675446
-0.00798776
-0.00907491
-0.0100307
-0.0108718
-0.0116291
-0.0123502
-0.0130781
-0.0138022
-0.0145052
-0.0151732
-0.0157987
-0.0163826
-0.0169419
-0.0175018
-0.0180435
-0.0185417
-0.0189737
-0.0193206
-0.0195708
-0.0197299
-0.0198102
-0.019747
-0.0194674
-0.0189145
-0.0180612
-0.0169291
-0.0156215
-0.0143075
-0.0130256
-0.0117773
-0.010597
-0.00955436
-0.00872394
-0.00812438
-0.00774709
-0.00754284
-0.00741037
-0.00730478
-0.00730374
-0.00748331
-0.00788515
-0.00850427
-0.00926715
-0.010026
-0.0106676
-0.0111866
-0.0115825
-0.0118485
-0.0119874
-0.0120178
-0.0119383
-0.011707
-0.0113022
-0.0107416
-0.0101085
-0.00952738
-0.0089764
-0.00842214
-0.00785111
-0.00726435
-0.00667644
-0.00609323
-0.00551878
-0.00495898
-0.00441855
-0.00389806
-0.00338876
-0.00287425
-0.00235567
-0.00185093
-0.00137716
-0.000947671
-0.000568903
-0.000237805
6.29117e-05
0.000366078
0.000709759
0.00112766
0.00166116
0.00235551
0.00325393
0.00438312
0.00574206
0.00727066
0.00887326
0.0106058
0.0125257
0.0146457
0.0169204
0.0192469
0.0215759
0.0238522
0.0259789
0.0278095
0.0291759
0.0300392
0.03064
0.0313085
0.0319704
0.0324978
0.0327981
0.0328171
0.0325511
0.0319717
0.0310492
0.0298348
0.0284639
0.0269771
0.0253349
0.023537
0.021644
0.0197944
0.0181818
0.0168643
0.0157484
0.0147328
0.0138154
0.01298
0.0121597
0.0112373
0.0101106
0.00874357
0.00710671
0.00518154
0.00297935
0.000565563
-0.00191658
-0.00422328
-0.00614122
-0.0077645
-0.00925248
-0.0106364
-0.0119059
-0.0130659
-0.0141493
-0.0152382
-0.0164444
-0.0177403
-0.0190299
-0.0202001
-0.0211275
-0.0217061
-0.0218528
-0.0215238
-0.0207445
-0.0196319
-0.018308
-0.0168559
-0.015437
-0.014165
-0.0130081
-0.0119299
-0.0109097
-0.00992948
-0.00897554
-0.00806942
-0.00723364
-0.00647672
-0.00578104
-0.00510359
-0.00445204
-0.00387824
-0.00342751
-0.00312683
-0.00297649
-0.00293823
-0.00293163
-0.00290101
-0.00285903
-0.00281928
-0.00278465
-0.00275017
-0.00270271
-0.00262316
-0.00248837
-0.0022758
-0.00196828
-0.00156252
-0.00107642
-0.000563508
-0.000103893
0.00028771
0.000623459
0.000915163
0.00115327
0.00126465
0.00115921
0.0007482
-4.02663e-05
-0.0012392
-0.00281273
-0.00462456
-0.00640502
-0.00788607
-0.00908828
-0.0100763
-0.0109268
-0.0117293
-0.0124676
-0.0131189
-0.0136826
-0.0141946
-0.0147261
-0.0152816
-0.0158063
-0.0162485
-0.0165703
-0.0167539
-0.0168077
-0.0167786
-0.0167438
-0.0167264
-0.0167312
-0.0167703
-0.016861
-0.0170208
-0.0172615
-0.0175822
-0.0179606
-0.018347
-0.0186695
-0.0188385
-0.018741
-0.0182469
-0.0172297
-0.0155902
-0.0132997
-0.0104399
-0.00727978
-0.004233
-0.00138049
0.00131342
0.00384145
0.00615626
0.00817596
0.0098093
0.0110277
0.0118781
0.0125195
0.0132146
0.0140429
0.0149158
0.0157507
0.0164948
0.0171282
0.0176719
0.0181831
0.0186906
0.0191943
0.0196968
0.0202046
0.0207223
0.0212505
0.0217797
0.0222924
0.0227869
0.0232667
0.0237331
0.0241857
0.0246236
0.0250471
0.0254588
0.0258658
0.0262804
0.0267082
0.0271404
0.0275646
0.0279667
0.02833
0.0286368
0.0288692
0.0290121
0.0290569
0.0290072
0.0288867
0.0287411
0.0285736
0.0283067
0.0278471
0.0271068
0.0260119
0.0245258
0.0226706
0.0205685
0.0184324
0.0163353
0.0142218
0.0120526
0.00982251
0.00756549
0.00535248
0.00329104
0.00151041
8.0096e-05
-0.000984319
-0.00172241
-0.00227098
-0.00285395
-0.00354343
-0.00426922
-0.00496358
-0.00557843
-0.00608824
-0.0064931
-0.00682795
-0.00715364
-0.0074904
-0.0078433
-0.008222
-0.00863654
-0.00909392
-0.00959303
-0.0101191
-0.0106433
-0.0111504
-0.0116366
-0.012094
-0.0125087
-0.0128637
-0.0131415
-0.013329
-0.013424
-0.0134414
-0.0134251
-0.0134409
-0.0135007
-0.0135955
-0.0137194
-0.013869
-0.0140415
-0.0142317
-0.0144289
-0.0146166
-0.0147907
-0.0149575
-0.0151224
-0.015288
-0.0154532
-0.0156137
-0.0157609
-0.0158827
-0.0159642
-0.0159902
-0.0159486
-0.0158344
-0.0156554
-0.0154357
-0.0151871
-0.014892
-0.014537
-0.0141228
-0.0136692
-0.0132135
-0.0127632
-0.0122982
-0.0117987
-0.0112496
-0.0106428
-0.0099797
-0.00927527
-0.00856055
-0.0078862
-0.00730912
-0.00686549
-0.00658596
-0.00649199
-0.00658205
-0.0068184
-0.0071106
-0.00736886
-0.00761755
-0.00788721
-0.00818951
-0.0085184
-0.0088476
-0.00915074
-0.00941478
-0.00962397
-0.00976086
-0.00981201
-0.00977553
-0.00966894
-0.00953842
-0.00942911
-0.00932132
-0.00919128
-0.00902536
-0.0088195
-0.00858268
-0.008339
-0.00812697
-0.00797993
-0.00792434
-0.00798394
-0.00817528
-0.00849696
-0.00892181
-0.00937787
-0.00976675
-0.0100942
-0.0103787
-0.0106307
-0.01086
-0.0110756
-0.0112898
-0.0115183
-0.0117633
-0.0120021
-0.0122059
-0.0123449
-0.0123913
-0.0123239
-0.0121357
-0.0118405
-0.0114878
-0.0111495
-0.0108162
-0.0104724
-0.0101142
-0.00974667
-0.00938603
-0.00905582
-0.00876559
-0.0085079
-0.008265
-0.00800657
-0.00768689
-0.00724375
-0.00660438
-0.00571621
-0.00454239
-0.00307728
-0.00136747
0.000463362
0.00229153
0.00415936
0.00610962
0.00814846
0.0102797
0.0124938
0.0147429
0.0169317
0.0189205
0.0205943
0.0219141
0.0228904
0.0235758
0.0239668
0.0240797
0.0240352
0.0240311
0.0240577
0.0240292
0.0238831
0.0235907
0.0231568
0.0225773
0.0218802
0.0211426
0.0204825
0.0199838
0.0197256
0.0197779
0.0201192
0.0206257
0.0211247
0.0216422
0.0222161
0.0228457
0.0234931
0.0241107
0.0247092
0.0252975
0.0258719
0.0264213
0.0269381
0.0274169
0.0278611
0.028278
0.0286327
0.0288863
0.0290121
0.0289997
0.028872
0.0286729
0.0283749
0.0279537
0.0274182
0.0267974
0.0260635
0.025196
0.0242038
0.0231295
0.0220128
0.0208092
0.0194689
0.0179611
0.0162742
0.0143559
0.0120809
0.00933703
0.00606445
0.00228899
-0.00191083
-0.00650071
-0.0113371
-0.0161022
-0.0203093
-0.0236071
-0.0259988
-0.0276326
-0.0287614
-0.02946
-0.0298456
-0.0301347
-0.0301751
-0.0298239
-0.0290561
-0.0279989
-0.0269225
-0.02591
-0.0248696
-0.0237207
-0.0224163
-0.0209392
-0.0193057
-0.017568
-0.0158178
-0.0141861
-0.0128076
-0.011747
-0.0110364
-0.0106607
-0.0105311
-0.010456
-0.0102415
-0.0099032
-0.00947481
-0.00897017
-0.00839676
-0.0077569
-0.00705713
-0.00631397
-0.00556581
-0.00487038
-0.00424708
-0.0036784
-0.00314374
-0.00262115
-0.002086
-0.00151003
-0.000860792
-0.000105009
0.000777486
0.00179539
0.00294029
0.00417744
0.00543503
0.006602
0.00759902
0.008427
0.00910961
0.00968883
0.0102468
0.0108835
0.0115694
0.0122488
0.0128656
0.0133597
0.0136774
0.0138009
0.0137603
0.0136368
0.0135646
0.0136384
0.01385
0.0141709
0.0145568
0.0149449
0.0153102
0.0156606
0.016
0.0163226
0.0166114
0.016838
0.0169636
0.0169437
0.0167292
0.0162671
0.015523
0.0145027
0.0132737
0.0119894
0.0107993
0.00965841
0.00850282
0.00728691
0.00598002
0.00456966
0.0030509
0.00143624
-0.000233823
-0.00188885
-0.00341975
-0.0047016
-0.00569795
-0.00641222
-0.00688927
-0.00724924
-0.00767613
-0.00823052
-0.0088529
-0.00947206
-0.0100144
-0.0104078
-0.0106096
-0.0106046
-0.0104077
-0.0100781
-0.00972355
-0.00941682
-0.0091412
-0.00887368
-0.00859874
-0.00830549
-0.00798947
-0.00765164
-0.00729375
-0.00692076
-0.00654275
-0.00617474
-0.00583644
-0.00554979
-0.00533009
-0.00518485
-0.00511086
-0.00508775
-0.00507573
-0.00505095
-0.00502821
-0.00502417
-0.00504999
-0.00511088
-0.00520408
-0.0053157
-0.00542322
-0.00551899
-0.00560071
-0.00566538
-0.00571051
-0.00573617
-0.0057471
-0.00575406
-0.00576817
-0.00580211
-0.00587343
-0.00600428
-0.00621836
-0.00653749
-0.00697508
-0.0075295
-0.00817439
-0.00884838
-0.00945226
-0.00991568
-0.0102415
-0.0104509
-0.0105775
-0.0106856
-0.0108534
-0.0110649
-0.011286
-0.011484
-0.011624
-0.0116747
-0.011613
-0.0114314
-0.0111424
-0.0107926
-0.0104496
-0.0101016
-0.00973027
-0.00932949
-0.00890349
-0.00847059
-0.00806246
-0.00770709
-0.00741471
-0.00719119
-0.00703449
-0.00692976
-0.00683951
-0.00671204
-0.00654921
-0.00635861
-0.00614308
-0.00590434
-0.00564373
-0.00536491
-0.00507624
-0.00478314
-0.0044717
-0.0041264
-0.00373568
-0.00329433
-0.00280718
-0.00229409
-0.00178859
-0.00130111
-0.000820376
-0.000333211
0.000172924
0.000710221
0.00128936
0.00191797
0.00259795
0.0033225
0.00407154
0.00481044
0.00551096
0.0061661
0.00676896
0.00731188
0.00778934
0.00820529
0.00856815
0.00883875
0.00895967
0.00887998
0.00856864
0.00802753
0.00731773
0.00654705
0.00571374
0.004785
0.00375889
0.00267542
0.00161966
0.000655499
-0.000218241
-0.00101093
-0.00173503
-0.00241922
-0.00310579
-0.00379112
-0.00443037
-0.00497772
-0.00539612
-0.00566481
-0.00578901
-0.00581292
-0.00582363
-0.00588022
-0.00596728
-0.00606515
-0.00616126
-0.00624668
-0.00631628
-0.00636745
-0.00640013
-0.00641617
-0.00641944
-0.00641553
-0.00641202
-0.00641801
-0.00644414
-0.00650151
-0.00660078
-0.00674988
-0.00695155
-0.00719913
-0.00747516
-0.00776774
-0.00808156
-0.00841611
-0.00876042
-0.00909028
-0.00938342
-0.00964956
-0.00990538
-0.0101702
-0.0104665
-0.0107928
-0.0111067
-0.0113477
-0.011444
-0.0113157
-0.0108871
-0.0101047
-0.00896076
-0.00751147
-0.00592101
-0.00443165
-0.00307734
-0.00180827
-0.000585361
0.000623286
0.00184037
0.00306892
0.00429353
0.0054934
0.00664669
0.00773702
0.00876081
0.00972962
0.0106237
0.0114004
0.0120274
0.0124973
0.0128344
0.0131159
0.0134503
0.0138351
0.0142557
0.0147077
0.0151882
0.015696
0.0162253
0.0167637
0.0172868
0.0177676
0.0181946
0.018555
0.0188336
0.0190168
0.0190986
0.0190868
0.0190162
0.0189382
0.0188249
0.0186426
0.0183712
0.0180086
0.0175764
0.0171324
0.0167559
0.016453
0.0162189
0.0160488
0.0159291
0.015831
0.0157111
0.0155548
0.0153743
0.0151826
0.0149887
0.0147986
0.0146147
0.014436
0.0142557
0.0140422
0.0137486
0.0133238
0.0127192
0.0118996
0.0108564
0.00962706
0.00830005
0.00694698
0.00563396
0.00447062
0.00362241
0.00327669
0.00345985
0.00407494
0.00489189
0.00558442
0.00610703
0.00652509
0.00688871
0.00723147
0.00756832
0.00789909
0.00820924
0.00847519
0.00866885
0.00876694
0.00875974
0.00866404
0.00849209
0.00818624
0.00769258
0.00698814
0.00608976
0.00507954
0.00408776
0.00312939
0.00217652
0.00121327
0.000236239
-0.000743859
-0.00170587
-0.00263613
-0.00352481
-0.00436457
-0.00515543
-0.00591102
-0.00666074
-0.00741934
-0.00816659
-0.00888094
-0.0095459
-0.0101518
-0.0106988
-0.0112024
-0.0116911
-0.0121704
-0.0126236
-0.0130349
-0.0133931
-0.0136938
-0.0139425
-0.0141589
-0.0143776
-0.0146182
-0.0148646
-0.0150944
-0.0152834
-0.0154056
-0.0154358
-0.0153543
-0.0151523
-0.0148367
-0.014444
-0.0140312
-0.0135912
-0.0130929
-0.0125145
-0.0118472
-0.0111081
-0.0103301
-0.0094833
-0.00851331
-0.00737731
-0.00605195
-0.00454881
-0.0029186
-0.00122128
0.000446261
0.0019264
0.00300318
0.00351237
0.00358126
0.00343405
0.00304505
0.00230916
0.0011787
-0.000307372
-0.00196777
-0.00351578
-0.00491425
-0.00622048
-0.00747055
-0.00868304
-0.00986201
-0.0110063
-0.0121172
-0.0132054
-0.0142533
-0.0151974
-0.0159759
-0.0165518
-0.0169143
-0.0170252
-0.0168333
-0.0163355
-0.0156015
-0.0147982
-0.0140948
-0.0134622
-0.012853
-0.0122371
-0.011592
-0.0109051
-0.0101694
-0.00937541
-0.00851305
-0.00757671
-0.00656629
-0.00549078
-0.00437264
-0.00324725
-0.00212675
-0.001003
0.000130713
0.00127499
0.00242344
0.0035602
0.00466077
0.00570022
0.00666165
0.00753241
0.00830939
0.00898655
0.00952639
0.00990043
0.010107
0.0101884
0.0102243
0.0102166
0.0101493
0.0100315
0.00990981
0.00985563
0.00988591
0.0100132
0.0102535
0.0106119
0.0110821
0.0116868
0.0124663
0.0134361
0.0145663
0.0157725
0.016994
0.0182406
0.0195064
0.0207469
0.0218893
0.0228891
0.0237387
0.0244431
0.0250363
0.0255717
0.0260104
0.0262807
0.0263288
0.0261362
0.025731
0.0251255
0.0242849
0.0232149
0.0219941
0.0207103
0.0193309
0.0178339
0.0162439
0.0146279
0.0130163
0.0113502
0.00955997
0.00758234
0.00536217
0.00286895
0.000132238
-0.00275473
-0.0056169
-0.00820105
-0.0103819
-0.0123111
-0.014235
-0.0162868
-0.0183766
-0.0203638
-0.0220837
-0.0233743
-0.0242443
-0.024902
-0.0255594
-0.0261728
-0.0266846
-0.0270862
-0.0273953
-0.0275572
-0.0275262
-0.0272941
-0.0268988
-0.0263815
-0.0256913
-0.0247858
-0.0236611
-0.0223647
-0.0210032
-0.0196517
-0.0182956
-0.0169271
-0.0155611
-0.0142396
-0.0130167
-0.0118795
-0.0107918
-0.00969984
-0.00852088
-0.00720349
-0.00584223
-0.00458377
-0.00361153
-0.00312964
-0.00320493
-0.00363438
-0.00408304
-0.00441044
-0.00465215
-0.00484226
-0.00499079
-0.00509139
-0.00514469
-0.00515363
-0.00512266
-0.00506336
-0.00500417
-0.00498641
-0.00501075
-0.00506227
-0.00512886
-0.0052013
-0.00527328
-0.0053405
-0.00539997
-0.00544923
-0.00548586
-0.00550713
-0.00551014
-0.00549243
-0.00545307
-0.00539415
-0.00532245
-0.00525095
-0.00520008
-0.00519774
-0.00527798
-0.00547774
-0.00583097
-0.00636059
-0.00706657
-0.00791344
-0.00881137
-0.00962053
-0.0102657
-0.0107355
-0.0110252
-0.0111377
-0.0111039
-0.0109745
-0.010714
-0.01026
-0.00957701
-0.00867172
-0.00762391
-0.00656772
-0.0054913
-0.00433061
-0.00304049
-0.00160371
-3.97859e-05
0.00158517
0.00319988
0.00481357
0.00643883
0.00807476
0.00971144
0.0113289
0.0128991
0.0143783
0.015717
0.0168683
0.0178037
0.0185145
0.018982
0.0192248
0.0193385
0.0194739
0.0196393
0.0197909
0.0199016
0.0199665
0.0199991
0.0199882
0.0199292
0.0198312
0.0197166
0.0196113
0.0195234
0.0194585
0.0194212
0.0194108
0.0194191
0.0194277
0.0194162
0.0193811
0.0193199
0.0192282
0.0191024
0.0189414
0.0187494
0.0185403
0.018335
0.0181345
0.0179324
0.0177248
0.0175103
0.0172926
0.0170764
0.0168467
0.0165764
0.0162359
0.0158041
0.0152793
0.0146758
0.0140318
0.013407
0.0128331
0.0123139
0.0118541
0.0114591
0.0111319
0.0108671
0.0106466
0.0104325
0.0101904
0.00993634
0.00969333
0.00948051
0.00931416
0.00920404
0.00915103
0.00914238
0.00915053
0.00915414
0.009153
0.00914431
0.00911984
0.00906679
0.00896885
0.00880825
0.00856873
0.00824082
0.00782699
0.00735284
0.0068571
0.00630787
0.00566709
0.00490811
0.00402141
0.00302163
0.00196537
0.000930763
-0.000117539
-0.00123135
-0.00245409
-0.00382078
-0.00534995
-0.00703405
-0.00883012
-0.010641
-0.012337
-0.0139059
-0.0153539
-0.0166882
-0.0179323
-0.0191243
-0.0202592
-0.0212967
-0.022205
-0.0229732
-0.023628
-0.0242261
-0.0247529
-0.0251751
-0.0254818
-0.0256957
-0.0258758
-0.0260604
-0.0262305
-0.0263673
-0.0264629
-0.0265194
-0.026552
-0.0265853
-0.0266271
-0.0266779
-0.0267375
-0.0268035
-0.02687
-0.0269258
-0.0269545
-0.0269341
-0.0268389
-0.0266423
-0.0263222
-0.0258674
-0.0252874
-0.0246236
-0.0239543
-0.0233326
-0.0227473
-0.0221844
-0.0216372
-0.0211023
-0.0205791
-0.0200671
-0.0195637
-0.0190605
-0.0185434
-0.018001
-0.0174174
-0.0167707
-0.0160358
-0.0151883
-0.0142103
-0.0130988
-0.0118746
-0.0105983
-0.00936062
-0.00817241
-0.00701346
-0.00586746
-0.00472227
-0.00356878
-0.0024005
-0.00121284
-3.04397e-06
0.0012304
0.00248701
0.00376427
0.00505563
0.00635126
0.00763614
0.00889024
0.0100886
0.0112038
0.0122086
0.0130816
0.0138147
0.0144218
0.0149534
0.0154925
0.0160668
0.0166525
0.0172258
0.01777
0.0182747
0.0187402
0.0191744
0.0195706
0.0199085
0.0201696
0.0203414
0.020423
0.0204286
0.0203994
0.0203926
0.0204035
0.0204213
0.0204424
0.0204672
0.0205012
0.0205536
0.0206362
0.0207613
0.0209389
0.0211729
0.0214568
0.0217689
0.0220676
0.022312
0.022504
0.0226536
0.0227736
0.0228843
0.0230162
0.0232072
0.0234744
0.0238232
0.0242507
0.0247408
0.0252574
0.0257422
0.0261417
0.0264265
0.0265675
0.026537
0.026319
0.0259244
0.025392
0.0247144
0.0238511
0.0227909
0.0215766
0.0203113
0.0190506
0.0177342
0.0162997
0.0147065
0.0129405
0.0110242
0.00903313
0.0070828
0.00520183
0.00338534
0.00163048
-6.61889e-05
-0.0017185
-0.00334364
-0.00490353
-0.00635277
-0.00765698
-0.00879935
-0.00979266
-0.0106959
-0.0116105
-0.012572
-0.0135543
-0.014531
-0.0154836
-0.0163996
-0.0172734
-0.0181067
-0.0189117
-0.0197056
-0.0204845
-0.0212404
-0.0219673
-0.0226604
-0.0233179
-0.0239424
-0.0245438
-0.025142
-0.0257531
-0.0263622
-0.0269481
-0.0274893
-0.0279643
-0.028355
-0.0286508
-0.0288543
-0.0289864
-0.0290986
-0.0292591
-0.0294613
-0.0296867
-0.0299182
-0.0301351
-0.0303137
-0.0304257
-0.030441
-0.0303424
-0.0301396
-0.0298659
-0.0295776
-0.0292988
-0.0289849
-0.0285814
-0.0280374
-0.0273104
-0.0263767
-0.0252445
-0.0239689
-0.0226667
-0.0214594
-0.0203505
-0.0193334
-0.0184087
-0.0175741
-0.0168181
-0.0161114
-0.0153975
-0.0146176
-0.0137642
-0.0128325
-0.0118109
-0.0106877
-0.0094548
-0.00811566
-0.00669168
-0.00523612
-0.00382798
-0.00248881
-0.00118246
0.000136365
0.00151775
0.00301431
0.00467713
0.00655109
0.00869223
0.0111402
0.0138979
0.0169045
0.0200191
0.0229783
0.0254608
0.0274829
0.0291543
0.0306607
0.0322402
0.0338748
0.035517
0.0371442
0.0387522
0.0403168
0.0417675
0.0430348
0.044065
0.0448273
0.0453186
0.0455859
0.0457365
0.0458322
0.0458271
0.0456759
0.0453121
0.0446566
0.0436628
0.0423019
0.0405178
0.038315
0.0358001
0.0331199
0.0303096
0.0274753
0.0247942
0.0222605
0.0197837
0.0172663
0.0146544
0.0119735
0.00927456
0.00662658
0.00411232
0.0018229
-0.000156998
-0.00176323
-0.00298146
-0.00386487
-0.00458835
-0.00539593
-0.00623208
-0.00700665
-0.00766066
-0.00815914
-0.00850344
-0.00874415
-0.00896557
-0.00915287
-0.00928709
-0.00936609
-0.00940516
-0.00943151
-0.00944414
-0.0094411
-0.00942723
-0.00941198
-0.00941019
-0.00944079
-0.00952573
-0.00968685
-0.00994211
-0.010299
-0.0107481
-0.0112539
-0.0117723
-0.0122902
-0.0127819
-0.0132188
-0.0136052
-0.0139525
-0.0142705
-0.0145389
-0.0147241
-0.014795
-0.0147301
-0.0145281
-0.0142181
-0.0138725
-0.0135636
-0.0132721
-0.0129717
-0.0126481
-0.0122958
-0.0119221
-0.0115437
-0.0111675
-0.0107974
-0.0104399
-0.0101023
-0.00979074
-0.00950665
-0.00924788
-0.0090259
-0.00885513
-0.00874359
-0.00868886
-0.00867276
-0.00866004
-0.00862881
-0.00859033
-0.00855895
-0.0085466
-0.00856366
-0.00861737
-0.00871093
-0.0088411
-0.00899644
-0.00915308
-0.00927894
-0.00936642
-0.00942016
-0.00944822
-0.00946543
-0.00949127
-0.00952442
-0.00954343
-0.00952194
-0.00943228
-0.0092479
-0.00894828
-0.00852576
-0.00799306
-0.0073959
-0.00680974
-0.00626479
-0.0057488
-0.00525007
-0.0047619
-0.00428095
-0.00380619
-0.00333759
-0.00287456
-0.00241418
-0.00194975
-0.00147712
-0.00100894
-0.000561443
-0.000150469
0.000209102
0.000507635
0.000739865
0.000887934
0.000934314
0.000875682
0.000728605
0.000543911
0.00039265
0.00026714
0.000151328
3.71294e-05
-7.91426e-05
-0.000195613
-0.000306345
-0.00040314
-0.000477296
-0.000520634
-0.000528092
-0.000501844
-0.000451304
-0.00037301
-0.000253508
-8.50239e-05
0.000129712
0.000373577
0.000627775
0.000898849
0.00119173
0.00150172
0.00181649
0.00213041
0.00244444
0.002757
0.00306343
0.0033565
0.00362713
0.00386109
0.00404166
0.00415412
0.00419126
0.00415709
0.00407684
0.00398916
0.00388903
0.00377155
0.0036457
0.00352908
0.0034228
0.00332165
0.0032224
0.00312264
0.00302041
0.00291329
0.00280205
0.00269234
0.00259097
0.00250449
0.00243882
0.00239759
0.00238139
0.00238455
0.00239836
0.00243431
0.0025062
0.00262498
0.00279639
0.00301818
0.0032734
0.00353707
0.00382632
0.0041628
0.00456194
0.00503182
0.00556791
0.0061487
0.0067307
0.00727241
0.007784
0.00828485
0.00879578
0.0093411
0.00994208
0.0106119
0.0113571
0.0121732
0.0130399
0.0139251
0.0148011
0.0156244
0.0163324
0.0168495
0.0171205
0.0171042
0.0167895
0.0162128
0.0154987
0.0148244
0.0141486
0.0134119
0.0125883
0.0116715
0.0106795
0.0096677
0.00874239
0.00803808
0.00758237
0.00733267
0.00719617
0.00708535
0.00703831
0.00709396
0.00725547
0.00749
0.00778129
0.00816452
0.00865949
0.009254
0.00989778
0.0105237
0.0110953
0.0115654
0.0118715
0.0119431
0.0117231
0.0112424
0.0106229
0.0100667
0.00970766
0.00951268
0.00942206
0.00936611
0.00926199
0.00907229
0.00880289
0.00847223
0.00810872
0.00775181
0.00743173
0.0071574
0.0069289
0.00673877
0.00656471
0.00637561
0.00616954
0.00594674
0.00570281
0.00543219
0.00512815
0.00477395
0.00432098
0.0037154
0.00290842
0.00186899
0.000594205
-0.000892885
-0.002544
-0.00423509
-0.00578594
-0.00716023
-0.00838515
-0.00949537
-0.0105338
-0.0115063
-0.0124148
-0.0132769
-0.0141459
-0.0150881
-0.0160466
-0.0169363
-0.0176706
-0.0181561
-0.0183219
-0.0182199
-0.0180013
-0.017773
-0.0175252
-0.017256
-0.0170011
-0.0168221
-0.0167496
-0.0168026
-0.0169977
-0.0173402
-0.0178071
-0.0183494
-0.0189717
-0.0196837
-0.0204632
-0.0212408
-0.021907
-0.0224128
-0.0227725
-0.0230178
-0.0232014
-0.0234085
-0.0237118
-0.024078
-0.0244508
-0.0247684
-0.0249627
-0.0249752
-0.0247631
-0.0243117
-0.0236353
-0.0227375
-0.021666
-0.0205427
-0.0195638
-0.0188683
-0.018442
-0.0182326
-0.018146
-0.0180542
-0.0179458
-0.0178523
-0.0177916
-0.0177597
-0.017727
-0.0176737
-0.0176122
-0.0175515
-0.0174907
-0.017422
-0.017331
-0.0171999
-0.0170104
-0.0167486
-0.0164104
-0.0159914
-0.0154643
-0.0148116
-0.0140418
-0.013188
-0.012237
-0.0111395
-0.00985784
-0.00838525
-0.00675659
-0.00506492
-0.00340177
-0.00173592
-2.58715e-05
0.00175305
0.00361134
0.0055397
0.00752796
0.00957303
0.0116574
0.0137414
0.0157619
0.0176553
0.0194087
0.0210278
0.02254
0.0239702
0.0252829
0.0264521
0.0274734
0.0283152
0.0289559
0.0294195
0.0297786
0.0300659
0.0302906
0.0304848
0.0306358
0.0307205
0.0307371
0.0307008
0.0306039
0.0304359
0.0302006
0.0299191
0.0296129
0.0292666
0.0288637
0.0283961
0.0278659
0.0272903
0.026706
0.0261506
0.0256237
0.0251214
0.0246408
0.0241764
0.0237213
0.023277
0.0228431
0.0224136
0.0219753
0.0215064
0.0209841
0.0204021
0.0197598
0.0190636
0.0183314
0.0175762
0.0167696
0.0158812
0.0148891
0.0137874
0.0125911
0.0113077
0.00992066
0.00843105
0.00687057
0.00531303
0.00386569
0.00256985
0.00139674
0.000290386
-0.000825282
-0.00197844
-0.00315369
-0.00433228
-0.00549949
-0.00664429
-0.0077622
-0.00885703
-0.009942
-0.0110166
-0.0120534
-0.0130179
-0.0138772
-0.0146098
-0.0152201
-0.0157355
-0.01622
-0.0167608
-0.0173601
-0.0179788
-0.0185727
-0.0190898
-0.0194848
-0.0197403
-0.0198597
-0.0198685
-0.0198321
-0.0198378
-0.0198817
-0.019948
-0.0200275
-0.0201118
-0.0201947
-0.0202695
-0.0203296
-0.0203663
-0.0203699
-0.0203292
-0.0202328
-0.0200711
-0.0198391
-0.0195407
-0.0191936
-0.0188348
-0.0184962
-0.018154
-0.0177751
-0.017328
-0.0167844
-0.0161225
-0.0153229
-0.0143839
-0.0133342
-0.012238
-0.0111383
-0.0100223
-0.00888192
-0.00772637
-0.00658337
-0.00549693
-0.0044944
-0.00358356
-0.00276051
-0.00200905
-0.00132256
-0.000697658
-0.000110177
0.000491
0.00119521
0.00210806
0.0032136
0.00441623
0.00556727
0.00652252
0.0072609
0.0077889
0.00812748
0.0083377
0.00850223
0.00858883
0.00855833
0.00839965
0.00813201
0.00777243
0.0073164
0.0067699
0.00612715
0.00541271
0.00468806
0.00399318
0.00334924
0.00278894
0.00235665
0.00209967
0.00205914
0.00225357
0.00266419
0.00320509
0.0037386
0.00425209
0.00477448
0.00531265
0.00584593
0.00632865
0.00673473
0.00705981
0.00730579
0.00748434
0.00763057
0.00779535
0.00796515
0.00810036
0.00816528
0.00813451
0.00799531
0.0077275
0.00731207
0.00675639
0.00610198
0.00538747
0.00462719
0.00385848
0.00315604
0.00262018
0.00229765
0.00220368
0.00232769
0.00262057
0.00296335
0.00319637
0.00333289
0.0034085
0.00344665
0.00346817
0.00347872
0.00346647
0.00341346
0.00330279
0.00312217
0.00287184
0.00257001
0.00226423
0.00202522
0.00187362
0.00177755
0.0016919
0.0015559
0.00130307
0.000919659
0.000411518
-0.000198724
-0.000861719
-0.00149232
-0.00197641
-0.00226867
-0.00239559
-0.00242284
-0.00243485
-0.00242437
-0.00237737
-0.00230056
-0.00221164
-0.00209388
-0.00193365
-0.00173328
-0.00151307
-0.00129739
-0.00108164
-0.000862786
-0.00064518
-0.000444788
-0.000299109
-0.000255113
-0.000362386
-0.000663802
-0.00118734
-0.00196792
-0.00305458
-0.00445524
-0.00610902
-0.00785098
-0.00942691
-0.0107374
-0.0118415
-0.0128188
-0.0136953
-0.0144566
-0.0151008
-0.0156432
-0.0160366
-0.0161857
-0.0160192
-0.0154996
-0.0145664
-0.0132197
-0.011572
-0.00985718
-0.00823118
-0.00664049
-0.00502847
-0.00337173
-0.00167315
4.59193e-05
0.00174712
0.00337261
0.00484769
0.00609898
0.00712463
0.00797215
0.00876256
0.00966095
0.0106481
0.0116809
0.0127275
0.0137573
0.0147425
0.0156557
0.0164715
0.0171691
0.017735
0.0181693
0.0184931
0.0187575
0.0190106
0.0192281
0.019381
0.0194552
0.0194522
0.0194012
0.0193508
0.0192975
0.0192181
0.0190937
0.0189112
0.0186658
0.0183634
0.0180252
0.0176853
0.0173541
0.0170188
0.0166641
0.016274
0.0158333
0.0153299
0.0147593
0.014122
0.0133879
0.0125289
0.0115322
0.0104083
0.00920134
0.00799998
0.00689496
0.0058907
0.00498046
0.00415706
0.00340341
0.00268373
0.00194754
0.00119295
0.00043566
-0.000313139
-0.00104919
-0.00177824
-0.00251239
-0.00324336
-0.00396065
-0.00465481
-0.00531715
-0.00594027
-0.00651928
-0.00705484
-0.00755158
-0.00799271
-0.0084606
-0.00873681
-0.0089126
-0.00900281
-0.00905324
-0.00913304
-0.00925967
-0.00943106
-0.00964935
-0.00991771
-0.0102385
-0.0106071
-0.0110088
-0.0114102
-0.0117662
-0.0120719
-0.0123268
-0.0125276
-0.0126732
-0.0127677
-0.0128247
-0.0128743
-0.0129566
-0.013072
-0.0132164
-0.0133882
-0.0135859
-0.0138065
-0.0140432
-0.0142824
-0.0145051
-0.0147029
-0.0148714
-0.0150044
-0.0150953
-0.0151391
-0.0151355
-0.0150919
-0.0150296
-0.0149789
-0.014934
-0.0148857
-0.0148292
-0.014763
-0.0146897
-0.0146163
-0.0145526
-0.0144976
-0.0144383
-0.0143555
-0.0142242
-0.0140139
-0.0136922
-0.0132289
-0.0126038
-0.0118167
-0.0109038
-0.00993575
-0.0089228
-0.0078233
-0.00660783
-0.00527457
-0.00385618
-0.00243286
-0.00112475
2.56231e-06
0.00094309
0.00171036
0.00234296
0.00292671
0.00358177
0.00432785
0.00514371
0.00601011
0.00690836
0.00781806
0.00871261
0.00956069
0.0103501
0.0110768
0.0117386
0.012336
0.0128781
0.013376
0.0137993
0.0141116
0.0142851
0.0143062
0.0141909
0.0139834
0.0136836
0.0132565
0.0126879
0.0120024
0.0112676
0.0105319
0.00978465
0.00902297
0.00826423
0.00754449
0.00691493
0.00641311
0.00605694
0.00584515
0.00574883
0.00569188
0.00556195
0.00532286
0.00496698
0.00448096
0.00385351
0.0030824
0.00219211
0.00122941
0.000186139
-0.000955212
-0.00218094
-0.00343843
-0.00461687
-0.00557584
-0.00630972
-0.00684893
-0.00725093
-0.00761279
-0.00798561
-0.00832425
-0.00857939
-0.00872032
-0.00874012
-0.00866858
-0.00857439
-0.00850212
-0.00843052
-0.00833678
-0.00820694
-0.00803444
-0.00782108
-0.00757902
-0.00732762
-0.0070706
-0.00680552
-0.006531
-0.00624641
-0.00595254
-0.00565201
-0.0053489
-0.00504071
-0.00471914
-0.00437476
-0.00399886
-0.00358456
-0.00312951
-0.00263808
-0.0021268
-0.00162053
-0.00111871
-0.000611249
-9.11141e-05
0.000444615
0.000992965
0.00154389
0.00207969
0.00258137
0.00302649
0.00338979
0.00364655
0.00377899
0.00378327
0.00368223
0.00352423
0.00331616
0.00303091
0.00265596
0.00220415
0.00172489
0.00129526
0.00093763
0.000653205
0.00044465
0.000310063
0.000239121
0.000234328
0.000321811
0.000516787
0.000812259
0.00119412
0.0016461
0.00212045
0.00252718
0.0027799
0.0028881
0.00288762
0.00283509
0.00278265
0.00271513
0.0026148
0.0024787
0.0023208
0.00217794
0.00208912
0.00205459
0.00206923
0.0021275
0.00221533
0.00231352
0.00242678
0.00255815
0.00269978
0.00283324
0.00294737
0.00305063
0.00315229
0.00325958
0.00337809
0.00351166
0.00366193
0.00382819
0.00400576
0.00417864
0.00431918
0.00439286
0.0043606
0.0041829
0.00382804
0.00329751
0.00263784
0.00194621
0.00131767
0.000735908
0.000174563
-0.000382119
-0.000943234
-0.00151094
-0.00208817
-0.00267604
-0.00327231
-0.00387192
-0.00446763
-0.00505091
-0.00561275
-0.00614316
-0.00662885
-0.0070586
-0.00742629
-0.0077342
-0.00799856
-0.00824754
-0.00848131
-0.00867503
-0.00880365
-0.00884772
-0.00879711
-0.00865655
-0.00845283
-0.00823675
-0.00803752
-0.00783424
-0.0076018
-0.00731963
-0.00697197
-0.00655191
-0.00606432
-0.00553411
-0.00499774
-0.00444124
-0.003847
-0.00320607
-0.00251891
-0.00179954
-0.00107919
-0.000406086
0.000184474
0.000691727
0.00112547
0.00150913
0.00187954
0.00224853
0.00260648
0.00294757
0.00327428
0.00359863
0.0039432
0.00433221
0.00477275
0.00526677
0.00580945
0.00638463
0.00695859
0.00748229
0.00792947
0.00829753
0.00858853
0.00881134
0.00898674
0.00915519
0.00937314
0.00965855
0.00999163
0.010341
0.0106744
0.0110066
0.0113643
0.0117766
0.0122739
0.0128822
0.0136161
0.0144702
0.0154073
0.0163545
0.0172577
0.0181178
0.0189308
0.0196795
0.0203488
0.0209369
0.0214473
0.0218735
0.0221926
0.0223932
0.022479
0.0224331
0.0222499
0.0219477
0.0215065
0.0209153
0.0201861
0.0192631
0.0181059
0.0167209
0.0151737
0.0135607
0.0119367
0.0104027
0.00910351
0.00807942
0.00725393
0.00650965
0.00579205
0.00509446
0.00438883
0.00362157
0.00277567
0.00186836
0.000919251
-5.06453e-05
-0.00101126
-0.00192736
-0.00281197
-0.00372197
-0.00472805
-0.0058957
-0.00722698
-0.00868319
-0.0101806
-0.0115784
-0.0127463
-0.013701
-0.0144922
-0.0151462
-0.0157054
-0.0162306
-0.0167122
-0.017146
-0.0175517
-0.0179342
-0.0182636
-0.0185154
-0.0186803
-0.0187688
-0.0188126
-0.0188329
-0.0188221
-0.0187761
-0.018702
-0.0186158
-0.0185223
-0.018416
-0.0182925
-0.0181505
-0.0179915
-0.0178214
-0.0176495
-0.0174777
-0.0173016
-0.0171155
-0.0169137
-0.0166904
-0.0164409
-0.0161621
-0.0158547
-0.0155249
-0.0151856
-0.0148413
-0.0144798
-0.0140884
-0.0136566
-0.0131698
-0.0126186
-0.012003
-0.0113389
-0.0106565
-0.00996436
-0.0092529
-0.00851936
-0.0077713
-0.00701313
-0.00623833
-0.00544551
-0.00464342
-0.00384939
-0.00307099
-0.00230708
-0.00155817
-0.00082712
-0.000118381
0.000559854
0.00119535
0.00177605
0.00229347
0.00274656
0.00314143
0.00347323
0.00374581
0.00397884
0.00421162
0.0044812
0.0047792
0.00508969
0.0053959
0.00567677
0.00590791
0.00607213
0.00616728
0.00619988
0.00618634
0.00615959
0.00616149
0.00619356
0.0062518
0.00633377
0.00643525
0.00654898
0.00666351
0.00677195
0.00687696
0.00698046
0.00708135
0.00717511
0.00725664
0.00732612
0.00738406
0.00743044
0.00746561
0.00749093
0.00750714
0.00751067
0.00749833
0.00746905
0.0074239
0.0073586
0.00725937
0.00711281
0.00690968
0.0066478
0.00632642
0.00593217
0.00546058
0.00492413
0.00436114
0.00382805
0.00332837
0.00284581
0.00236782
0.00188542
0.00139525
0.000910238
0.000452
4.99649e-05
-0.000263634
-0.000482122
-0.000650399
-0.00082861
-0.00100859
-0.00117467
-0.00131824
-0.00143606
-0.00153323
-0.00162264
-0.00171415
-0.00180714
-0.00190147
-0.00199847
-0.0020994
-0.0022055
-0.00232231
-0.00245438
-0.00260261
-0.0027628
-0.00292317
-0.00306504
-0.00317532
-0.00324659
-0.00327063
-0.00324065
-0.00315196
-0.0029941
-0.00276037
-0.00245739
-0.00209602
-0.00167169
-0.00119363
-0.000695989
-0.000213474
0.000265022
0.00074938
0.00123761
0.00171587
0.00216109
0.00256374
0.00291955
0.00322503
0.00348046
0.00369312
0.00388085
0.00406105
0.00422777
0.00437587
0.00450719
0.0046286
0.00474022
0.00483613
0.00491144
0.00496332
0.00499109
0.00499755
0.00498724
0.00495533
0.00489695
0.00481024
0.00469793
0.00456721
0.0044181
0.00424555
0.00404867
0.00383325
0.00361362
0.00340341
0.00319772
0.00299065
0.00277901
0.00256191
0.00234123
0.00212229
0.00191237
0.00171143
0.00151855
0.00133301
0.00115375
0.000979087
0.00080697
0.000637444
0.000470955
0.000307914
0.000149001
-4.76478e-06
-0.000151941
-0.000291476
-0.00042314
-0.0005469
-0.000662725
-0.000770955
-0.000872295
-0.000968114
-0.00105959
-0.00114628
-0.00122766
-0.00130359
-0.00137424
-0.00144031
-0.00150196
-0.00155839
-0.00160879
-0.00165275
-0.00169022
-0.00172185
-0.00174908
-0.00177417
-0.00179836
-0.00182207
-0.00184569
-0.0018698
-0.00189474
-0.00192059
-0.00194676
-0.00197192
-0.00199352
-0.0020084
-0.00201601
-0.00201626
-0.00200912
-0.00199519
-0.00197581
-0.0019538
-0.00193289
-0.00191374
-0.00189591
-0.00187916
-0.0018634
-0.00184855
-0.00183431
-0.00181998
-0.0018044
-0.00178708
-0.00176885
-0.00175045
-0.00173217
-0.00171379
-0.00169445
-0.00167263
-0.00164633
-0.00161352
-0.00157207
-0.0015201
-0.00145655
-0.00138178
-0.00129764
-0.00120902
-0.00112297
-0.00103973
-0.000957521
-0.000875841
-0.000795854
-0.000719724
-0.000646821
-0.000576497
-0.00050863
-0.000443373
-0.000381125
-0.000322357
-0.000267539
-0.000216947
-0.000170648
-0.000128777
-9.10626e-05
-5.66132e-05
-2.38196e-05
8.836e-06
4.12407e-05
7.31058e-05
0.00010415
0.000134012
0.000162717
0.00019089
0.000219087
0.000247604
0.000276336
0.00030463
0.000331134
0.000354605
0.000375375
0.000393822
0.000410083
0.000424146
0.000435935
0.000445501
0.00045292
0.000458352
0.000462046
0.000463943
0.000463499
0.000460207
0.000453761
0.000444005
0.000430796
0.000414454
0.000396012
0.000377199
0.000358988
0.000340855
0.000322385
0.000303565
0.000284778
0.000266775
0.000250038
0.000234437
0.000219833
0.000206129
0.000193214
0.000180917
0.000169032
0.000157566
0.000146592
0.000136145
0.000126222
0.000116782
0.000107755
9.90514e-05
9.05974e-05
8.23446e-05
7.42874e-05
6.64712e-05
5.90361e-05
5.21577e-05
4.57733e-05
3.9814e-05
3.42684e-05
2.91614e-05
2.45729e-05
2.05877e-05
1.71367e-05
1.41116e-05
1.13911e-05
8.82393e-06
6.30696e-06
3.89585e-06
1.68298e-06
-2.31517e-07
-1.72682e-06
-2.69133e-06
-3.1051e-06
-3.01704e-06
-2.53192e-06
-1.83986e-06
-1.2026e-06
-7.56329e-07
-4.24466e-07
-1.4739e-07
8.35899e-08
2.31336e-07
2.14162e-07
-8.75947e-08
-7.64264e-07
-1.77957e-06
-3.06252e-06
-4.51972e-06
-6.01295e-06
-7.39176e-06
-8.6489e-06
-9.82599e-06
-1.09536e-05
-1.20595e-05
-1.31723e-05
-1.4323e-05
-1.55143e-05
-1.67489e-05
-1.80431e-05
-1.94329e-05
-2.09565e-05
-2.25869e-05
-2.42939e-05
-2.60567e-05
-2.78581e-05
-2.96881e-05
-3.15456e-05
-3.34314e-05
-3.53461e-05
-3.7289e-05
-3.92581e-05
-4.125e-05
-4.32586e-05
-4.52768e-05
-4.72948e-05
-4.9304e-05
-5.13045e-05
-5.32969e-05
-5.52805e-05
-5.72546e-05
-5.92178e-05
-6.11689e-05
-6.31068e-05
-6.50304e-05
-6.69389e-05
-6.88315e-05
-7.0708e-05
-7.25681e-05
-7.44118e-05
-7.62388e-05
-7.80489e-05
-7.98417e-05
-8.16167e-05
-8.33738e-05
-8.51129e-05
-8.6834e-05
-8.85371e-05
-9.02222e-05
-9.18895e-05
-9.35388e-05
-9.51702e-05
-9.67837e-05
-9.83795e-05
-9.99576e-05
-0.000101518
-0.000103061
-0.000104587
-0.000106096
-0.000107587
-0.000109061
-0.000110518
-0.000111957
-0.000113378
