-0.0537201
-0.0544129
-0.05511
-0.055819
-0.0565054
-0.0571348
-0.0578291
-0.0584692
-0.058813
-0.0584969
-0.0574331
-0.0564569
-0.0562935
-0.0612848
-0.0797278
-0.0843322
-0.0787974
-0.0775512
-0.0691036
-0.0625732
-0.0517836
-0.038202
-0.0310831
-0.0345253
-0.0332412
-0.0344675
-0.044179
-0.0871304
-0.15993
-0.191104
-0.157125
-0.0755737
-0.0347806
-0.150812
-0.181219
-0.101447
-0.0658088
-0.0789648
-0.152272
-0.205756
-0.231386
-0.0992293
-0.0156637
0.010328
0.0343026
-0.0441947
-0.0983314
-0.124048
-0.129137
-0.197196
-0.261741
-0.191067
0.0843355
0.27354
0.184759
0.110206
-0.0865512
-0.16007
-0.106161
-0.170821
-0.150693
-0.103425
-0.063433
-0.014461
0.0233856
-0.024411
-0.125107
-0.218217
-0.212281
-0.175729
-0.0986892
-0.0385464
0.00171482
-0.0636859
-0.137758
-0.207337
-0.3125
-0.367853
-0.353475
-0.325124
-0.21992
0.0456557
0.168284
0.190528
0.0285052
-0.0954428
0.0443448
0.107622
0.107543
0.131671
-0.0647
-0.216187
-0.0808237
0.214056
0.26341
0.00282738
-0.135843
-0.214396
-0.284145
-0.0268418
0.214278
0.456096
0.805318
1.28157
1.62741
1.86423
2.19312
2.47935
2.69652
2.60303
2.36259
2.10134
1.61749
1.32888
1.30387
1.46248
1.46549
1.50621
1.60417
1.54025
1.3858
1.17489
0.799392
0.190929
-0.372381
-0.412954
-0.635731
-0.941774
-0.846847
-0.838373
-0.986806
-1.27676
-1.61632
-1.92724
-1.96648
-2.0721
-1.88576
-1.45329
-1.07629
-1.01572
-0.924755
-1.04141
-1.21595
-1.52608
-1.97665
-2.04421
-2.03771
-1.87811
-1.2756
-0.568685
-0.623574
-0.296563
-0.268964
-0.370779
-0.225165
-0.0665038
0.0401777
0.342917
0.445894
0.164861
0.126337
0.123969
0.026502
0.161789
0.274825
0.184188
0.00738093
-0.387904
-0.730772
-0.680114
-0.551165
-0.487419
-0.411882
-0.430589
-0.556776
-0.588431
-0.647378
-0.673286
-0.661535
-0.622213
-0.550217
-0.357546
-0.0783407
0.278845
0.441073
0.499156
0.722681
0.92875
1.26551
1.74618
2.28076
2.59714
2.5734
2.53934
2.22278
1.02542
0.373076
0.48588
0.69922
0.794141
0.795899
0.872325
0.72179
0.447504
0.21365
-0.0883337
-0.404129
-0.440846
-0.334991
-0.203206
0.113453
0.372491
0.267611
0.0712276
-0.255393
-0.960868
-1.31076
-1.26528
-1.40041
-1.46157
-1.24284
-0.982492
-0.632438
-0.216714
0.453998
0.429338
0.316676
0.191928
-0.479535
-0.930077
-0.995972
-0.36723
0.129226
0.589942
1.06846
1.08226
0.901112
0.675959
0.35023
0.222484
0.23778
0.0773985
-0.148464
-0.379
-0.780656
-0.90592
-0.802706
-0.750652
-0.650362
-0.576448
-0.492181
-0.421045
-0.371646
-0.354149
-0.28572
0.0256816
0.188226
0.27188
0.271056
-0.00311156
-0.195964
-0.507528
-1.17534
-1.47442
-1.45898
-1.34771
-1.14351
-0.662513
0.132031
0.797662
1.27559
1.75913
2.19974
1.70594
1.07673
0.358369
-0.774342
-0.841498
-0.073244
-0.16445
-0.0737654
-0.224639
-0.438512
-0.500165
-0.641548
-0.51709
-0.24824
-0.0698763
0.341116
0.909329
0.992094
1.14626
1.41998
1.56553
1.57837
1.40965
1.36504
1.33521
1.27095
1.36334
1.36838
1.07879
0.344522
-0.584216
-1.16978
-1.23362
-1.27354
-1.26555
-1.11963
-0.813024
-0.495161
-0.632415
-0.774433
-0.718142
-0.767242
-0.753426
-0.735313
-0.843268
-0.948767
-1.2814
-1.52513
-1.51646
-1.41551
-1.14417
-0.586908
-0.0609065
0.203492
0.315474
0.473253
0.650722
0.740688
0.79312
0.797307
0.810801
0.851122
0.895061
0.922396
0.947028
0.932069
0.905926
0.889316
0.831947
0.775555
0.539326
0.189599
0.0437889
-0.162678
-0.214923
-0.0623263
0.0977015
0.258163
0.381614
0.52716
0.515966
0.377225
0.206442
-0.0494274
-0.0671938
-0.0332025
-0.143305
-0.262066
-0.346404
-0.478245
-0.622118
-0.647787
-0.628755
-0.454894
-0.286568
-0.087343
0.0167716
-0.173624
-0.254077
-0.395495
-0.580767
-0.601885
-0.686925
-0.833862
-0.93165
-0.990513
-1.03427
-0.831136
-0.522357
-0.254872
-0.2629
-0.371125
-0.268231
-0.195565
-0.189588
-0.207578
-0.314989
-0.372448
-0.345695
-0.260039
-0.207667
-0.0166943
0.128654
0.159514
0.237515
0.164953
0.0697889
-0.0444176
-0.0900705
-0.0105351
0.100634
0.245766
0.462688
0.683476
0.957287
1.20168
1.43041
1.56243
1.69292
1.65137
1.48327
1.3602
1.20782
0.903512
0.465079
0.128515
-0.206274
-0.198381
-0.238068
-0.427455
-0.604837
-0.711447
-0.774005
-0.794885
-0.770945
-0.73516
-0.719138
-0.74415
-0.787421
-0.804542
-0.770137
-0.656004
-0.492925
-0.190902
0.0675404
0.352274
0.613394
0.556542
0.516528
0.586781
0.560956
0.497335
0.309206
-0.388605
-0.932851
-1.014
-1.0961
-1.0953
-0.963867
-0.825579
-0.436546
0.037708
0.406382
0.844686
1.21438
1.40031
1.53282
1.5765
1.56183
1.39696
1.15502
0.901701
0.45939
0.0730528
0.0771768
0.0320546
0.0018504
0.145824
0.255316
0.40375
0.612947
0.478009
0.323783
0.110325
-0.253557
-0.539273
-0.437336
-0.49494
-0.668679
-0.746749
-0.763109
-0.768785
-0.798843
-0.805978
-0.812233
-0.81136
-0.75533
-0.71432
-0.663668
-0.575955
-0.510789
-0.417302
-0.2905
-0.194031
-0.124171
-0.0587597
0.0192218
-0.0376407
-0.219686
-0.287107
-0.388115
-0.439996
-0.358861
-0.351319
-0.290564
-0.186578
-0.0313872
0.123732
0.138944
0.156211
0.221957
0.240981
0.274386
0.338769
0.384071
0.349023
0.242341
0.192402
0.102587
0.0447894
0.16296
0.226349
0.217632
0.191947
0.189505
0.199413
0.272921
0.345526
0.514467
0.633235
0.640709
0.61595
0.622951
0.70343
0.779661
0.827768
0.90001
0.912648
0.768071
0.674087
0.416781
0.06705
-0.0838844
-0.288458
-0.374907
-0.385595
-0.413031
-0.333341
-0.291417
-0.244126
-0.266165
-0.356003
-0.421249
-0.532323
-0.602972
-0.640401
-0.671609
-0.585211
-0.530829
-0.498707
-0.490067
-0.510913
-0.504649
-0.49416
-0.388148
-0.281802
-0.0710962
0.168773
0.189983
0.264719
0.327878
0.340126
0.383892
0.408866
0.343377
0.287979
0.24136
0.0343663
-0.104385
-0.12894
-0.240954
-0.372548
-0.456184
-0.505575
-0.560628
-0.465423
-0.352618
-0.217255
-0.0791792
-0.0668495
-0.0131032
-0.0702523
-0.309893
-0.525864
-0.727561
-0.778598
-0.829847
-0.876032
-0.8069
-0.616814
-0.321026
0.0801389
0.178174
0.156641
0.384327
0.523957
0.637571
0.786863
0.8226
0.875735
0.930989
0.927292
0.902487
0.909792
0.914522
0.909353
0.891991
0.858301
0.805023
0.704701
0.613323
0.478252
0.366288
0.290191
0.184641
0.0873297
0.00402962
-0.088741
-0.177942
-0.25512
-0.336869
-0.421074
-0.507801
-0.599448
-0.757322
-0.941328
-1.04689
-1.07031
-1.08558
-0.890877
-0.708195
-0.357685
0.0380613
-0.0942236
-0.158149
-0.0169461
0.0376665
0.123859
0.379634
0.530904
0.618193
0.67721
0.564056
0.536202
0.54601
0.546081
0.535755
0.483524
0.343751
0.0530141
-0.116347
-0.112312
-0.267808
-0.367527
-0.409341
-0.498183
-0.548277
-0.591653
-0.775068
-0.912367
-0.881252
-0.89023
-0.782456
-0.65847
-0.571084
-0.47408
-0.428172
-0.370212
-0.303114
-0.25229
-0.187879
-0.0343713
0.129201
0.269244
0.461766
0.641781
0.804164
0.933389
0.943889
0.993915
0.988011
0.900341
0.870761
0.815081
0.77088
0.775266
0.750657
0.627261
0.400019
0.364644
0.368003
0.355158
0.320181
0.238493
0.181141
0.130391
0.0625105
-0.019066
-0.123482
-0.214067
-0.315432
-0.42682
-0.524373
-0.61204
-0.705458
-0.768522
-0.809032
-0.820374
-0.692665
-0.575273
-0.387151
-0.198092
-0.0602153
0.0980574
0.302706
0.446633
0.42152
0.465628
0.433974
0.291875
0.136469
-0.166661
-0.329878
-0.388947
-0.489114
-0.497086
-0.531097
-0.501546
-0.401389
-0.244521
-0.00230267
0.133398
0.280509
0.317235
0.303266
0.354245
0.360175
0.360228
0.368227
0.333996
0.308961
0.256428
0.155569
0.088763
0.00329123
-0.0933978
-0.170085
-0.148002
-0.089382
-0.0901366
-0.136379
-0.220485
-0.264118
-0.312191
-0.371614
-0.417972
-0.393878
-0.361356
-0.360946
-0.35058
-0.335912
-0.32252
-0.236943
-0.10448
-0.0393234
0.0175359
0.0718677
0.000291925
-0.0433004
-0.0598457
-0.113911
0.0250321
0.340071
0.448652
0.473796
0.367902
0.341444
0.315787
0.330298
0.363717
0.365868
0.32826
0.256597
0.149412
-0.144823
-0.294805
-0.306374
-0.419272
-0.393416
-0.361901
-0.380593
-0.360992
-0.344324
-0.338646
-0.32559
-0.313488
-0.315719
-0.338671
-0.350075
-0.364757
-0.394069
-0.417156
-0.429883
-0.430073
-0.434517
-0.399119
-0.344798
-0.256714
-0.0816536
0.0328282
0.128005
0.242138
0.305821
0.378539
0.457137
0.461303
0.392679
0.340955
0.301365
0.240479
0.219585
0.294222
0.330815
0.383533
0.473969
0.559328
0.724901
0.83058
0.801132
0.841371
0.889195
0.895955
0.917872
0.895989
0.836982
0.77796
0.61504
0.471349
0.279984
0.0619214
-0.0508646
-0.0387442
-0.00214949
0.0538706
0.0788574
-0.0346529
-0.116093
-0.228566
-0.474414
-0.635322
-0.691827
-0.793662
-0.835089
-0.832334
-0.873582
-0.893809
-0.903664
-0.925643
-0.917676
-0.807636
-0.733813
-0.69232
-0.622395
-0.634156
-0.66586
-0.651615
-0.59083
-0.505247
-0.378968
-0.191188
-0.076976
0.0203736
0.160945
0.290364
0.345975
0.324374
0.360964
0.386984
0.390768
0.408443
0.439864
0.504996
0.562674
0.634569
0.711557
0.781241
0.775188
0.691305
0.671604
0.583422
0.467539
0.390081
0.298703
0.216023
0.137578
0.0777872
0.0652143
0.0297187
-0.0275424
-0.0906753
-0.142046
-0.17834
-0.0697656
0.0158144
0.096692
0.236753
0.249704
0.0880269
0.0201752
-0.161515
-0.347507
-0.300938
-0.331097
-0.248864
-0.104566
-0.0261045
0.0765925
0.124638
0.11274
0.0865588
0.0829146
0.0642547
0.0433178
0.0433433
0.0382239
0.0284892
0.0467107
0.103191
0.137516
0.158196
0.0920192
0.0396163
0.0138819
-0.0377522
-0.0832465
-0.124357
-0.13468
-0.09792
-0.0948211
-0.144513
-0.217664
-0.253446
-0.271872
-0.299512
-0.222987
-0.0945355
-0.0846413
-0.0823309
-0.162484
-0.227757
-0.305332
-0.363364
-0.375673
-0.423264
-0.463887
-0.492972
-0.530178
-0.566205
-0.549362
-0.443586
-0.382297
-0.298114
-0.205317
-0.254648
-0.316032
-0.301192
-0.206851
-0.134986
0.0171368
0.2539
0.316817
0.387032
0.505752
0.408266
0.285565
0.26407
0.202809
0.133242
0.18393
0.266222
0.269617
0.292623
0.329277
0.331789
0.328016
0.33216
0.357779
0.475458
0.544668
0.571761
0.608743
0.534798
0.4895
0.470326
0.422501
0.381339
0.35377
0.315619
0.188009
0.00673583
-0.0943327
-0.172635
-0.275563
-0.309942
-0.345808
-0.405043
-0.449715
-0.515656
-0.581033
-0.613337
-0.618823
-0.643062
-0.624146
-0.5915
-0.581409
-0.549238
-0.442396
-0.354635
-0.30095
-0.339559
-0.360519
-0.34616
-0.257133
-0.123318
-0.0426012
0.0730367
0.203684
0.298253
0.356247
0.396882
0.34479
0.318691
0.312549
0.311178
0.316049
0.309299
0.272356
0.237829
0.220247
0.256639
0.30313
0.323264
0.3544
0.32611
0.282209
0.269272
0.238319
0.230147
0.254692
0.252889
0.166563
-0.000303498
-0.0605199
-0.085152
-0.162539
-0.22783
-0.311932
-0.398396
-0.44053
-0.470723
-0.417224
-0.298429
-0.177772
-0.06714
-0.0267217
-0.00528348
-0.0795222
-0.13414
-0.190857
-0.284439
-0.276194
-0.161151
-0.0958002
0.110791
0.181187
0.0381867
0.0531693
0.0458117
0.041312
0.130074
0.163642
0.230948
0.369439
0.430128
0.422919
0.469857
0.509111
0.506285
0.47613
0.466153
0.4528
0.42476
0.402632
0.380794
0.338858
0.291877
0.25477
0.211317
0.158614
0.108467
0.0516046
-0.0685129
-0.176272
-0.242137
-0.26513
-0.308284
-0.336972
-0.343835
-0.367914
-0.426126
-0.504192
-0.541546
-0.447251
-0.363733
-0.320511
-0.218601
-0.153876
-0.156163
-0.145241
-0.183711
-0.220588
-0.291712
-0.36451
-0.376531
-0.38315
-0.415586
-0.431509
-0.445136
-0.462143
-0.441454
-0.407494
-0.368851
-0.223224
-0.15628
-0.148661
-0.0878728
-0.113432
-0.135149
-0.134817
-0.180167
-0.205764
-0.113068
-0.0152871
0.0421798
0.149528
0.252504
0.300698
0.318518
0.368709
0.364693
0.336682
0.340344
0.349863
0.38893
0.416452
0.466814
0.572275
0.623052
0.624221
0.665736
0.701472
0.691949
0.661244
0.649859
0.577891
0.51012
0.477254
0.436545
0.385756
0.338464
0.267565
0.101233
-0.0379284
-0.120396
-0.165725
-0.239243
-0.309395
-0.367782
-0.433204
-0.498042
-0.569835
-0.676171
-0.782748
-0.90007
-0.993707
-1.02238
-1.03667
-0.950653
-0.857059
-0.564547
-0.336731
-0.307569
-0.175533
-0.162755
-0.223929
-0.202649
-0.216553
-0.244482
-0.244759
-0.17584
-0.111713
-0.0382675
0.324426
0.671733
0.816317
0.977587
1.12006
1.15558
1.23472
1.14842
1.01579
0.97483
0.933356
0.880451
0.830116
0.756222
0.641813
0.551168
0.394864
0.187561
0.0380523
-0.0780206
-0.216244
-0.360722
-0.519717
-0.665838
-0.719468
-0.793043
-0.812062
-0.752747
-0.754243
-0.766733
-0.787333
-0.798528
-0.814018
-0.83025
-0.801639
-0.757972
-0.731465
-0.59458
-0.417523
-0.302597
-0.164171
-0.0156676
0.0862266
0.129329
0.206953
0.283985
0.345344
0.414654
0.488489
0.570923
0.650397
0.728377
0.786284
0.657102
0.566186
0.598741
0.544029
0.459767
0.353009
0.239658
-0.0026315
-0.229857
-0.361461
-0.478055
-0.630545
-0.692268
-0.745603
-0.798384
-0.821732
-0.857652
-0.819048
-0.728921
-0.661554
-0.539484
-0.384741
-0.216725
-0.0701152
0.072733
0.124267
0.132945
0.198326
0.239723
0.275593
0.322191
0.364229
0.401469
0.435898
0.473453
0.509859
0.551908
0.647796
0.741595
0.832527
0.960764
1.02468
1.02261
1.0736
1.0968
1.03513
0.994765
0.867745
0.717301
0.656118
0.612151
0.612935
0.577071
0.489742
0.397225
0.200495
0.0305957
-0.0648611
-0.201483
-0.325689
-0.418807
-0.419768
-0.437234
-0.480921
-0.491676
-0.506275
-0.525137
-0.511592
-0.504024
-0.516351
-0.562807
-0.598418
-0.650096
-0.743312
-0.791345
-0.802652
-0.844467
-0.866976
-0.776633
-0.647084
-0.471777
-0.197719
0.0585942
0.0697817
0.123484
0.129003
0.0641023
0.0195379
-0.00475635
-0.0271655
-0.0197005
-0.0255594
-0.0321291
-0.0469375
-0.106311
-0.149733
-0.173518
-0.192797
-0.218522
-0.218656
-0.208053
-0.225912
-0.29044
-0.343387
-0.41321
-0.490179
-0.555883
-0.593918
-0.592578
-0.548169
-0.477748
-0.423755
-0.331011
-0.273039
-0.282469
-0.24563
-0.202612
-0.134307
-0.0666018
0.00154699
0.0779443
0.122858
0.119584
0.143618
0.173831
0.205762
0.237968
0.268079
0.291263
0.28287
0.271435
0.27698
0.314531
0.363527
0.456603
0.56905
0.653782
0.705455
0.716543
0.740653
0.672931
0.613583
0.479902
0.28898
0.300855
0.266756
0.272185
0.314654
0.313164
0.331628
0.348694
0.302309
0.274337
0.272652
0.289334
0.361387
0.398624
0.436531
0.45198
0.358549
0.28681
0.185443
0.0850428
0.0367401
-0.0356227
-0.12161
-0.20775
-0.291484
-0.36987
-0.438488
-0.487441
-0.492324
-0.51771
-0.525384
-0.443682
-0.372607
-0.253648
-0.180476
-0.195989
-0.14777
-0.108603
-0.0965473
-0.0688637
-0.0419328
-0.0206915
-0.00133156
-0.0330272
-0.0750524
-0.133721
-0.223558
-0.217606
-0.230579
-0.268365
-0.249263
-0.235778
-0.233697
-0.2115
-0.207389
-0.221939
-0.22117
-0.221253
-0.224032
-0.225423
-0.228806
-0.249677
-0.269764
-0.283717
-0.306213
-0.336608
-0.362408
-0.390752
-0.423066
-0.439287
-0.363345
-0.293367
-0.157425
-0.0095848
0.112546
0.256348
0.406189
0.559668
0.710334
0.783161
0.781181
0.84748
0.893636
0.913644
0.943511
0.975913
1.00336
0.987637
0.91472
0.87467
0.669092
0.348349
0.221532
0.0964613
-0.0708849
-0.095646
-0.15356
-0.239407
-0.304495
-0.399178
-0.485629
-0.542476
-0.573852
-0.602426
-0.603783
-0.617921
-0.631068
-0.637782
-0.648043
-0.658265
-0.660592
-0.637331
-0.621593
-0.611011
-0.588916
-0.533106
-0.473122
-0.34689
-0.0667862
0.0968828
0.151237
0.28902
0.407793
0.480944
0.51867
0.554932
0.591159
0.556784
0.538833
0.533082
0.473774
0.413807
0.372174
0.316611
0.28396
0.270171
0.237498
0.168192
0.0474311
-0.0399519
-0.134708
-0.234821
-0.217601
-0.161143
-0.168621
-0.143436
-0.119937
-0.207118
-0.2853
-0.332068
-0.452572
-0.562132
-0.539601
-0.555418
-0.600884
-0.581845
-0.546432
-0.540527
-0.489645
-0.392861
-0.331085
-0.228654
0.017329
0.217318
0.331915
0.425383
0.487366
0.500648
0.526264
0.459738
0.406398
0.378986
0.33049
0.290443
0.323514
0.374864
0.382067
0.386993
0.330679
0.287358
0.252427
0.204304
0.182734
0.160585
0.141387
0.137063
0.203831
0.276867
0.382736
0.45408
0.43295
0.430743
0.377546
0.264336
0.123387
-0.0398035
-0.236235
-0.353761
-0.441561
-0.537886
-0.584862
-0.612817
-0.631768
-0.612072
-0.564478
-0.502786
-0.433311
-0.385272
-0.343736
-0.346208
-0.340683
-0.323771
-0.294875
-0.217171
-0.144557
-0.0331627
0.0573622
0.06794
0.109928
0.154641
0.158523
0.178735
0.201755
0.20939
0.219737
0.233663
0.244168
0.269816
0.315312
0.348466
0.394712
0.444205
0.470388
0.483466
0.453559
0.341849
0.220289
-0.0546155
-0.195303
-0.180175
-0.273475
-0.299734
-0.298942
-0.266973
-0.219334
-0.183794
-0.142557
-0.138218
-0.135033
-0.117134
-0.113257
-0.109708
-0.0965415
-0.0506026
-0.0119378
0.0147216
0.0445741
0.0124985
-0.0211297
-0.0480334
-0.104606
-0.14207
-0.171998
-0.211631
-0.188588
-0.126535
-0.0965383
-0.0296331
0.0413297
0.120762
0.183297
0.205425
0.250181
0.295686
0.314998
0.282641
0.267202
0.264458
0.250668
0.238308
0.234868
0.241583
0.242371
0.243941
0.257701
0.27341
0.283819
0.297316
0.293985
0.258497
0.240023
0.221278
0.184382
0.151584
0.14112
0.133028
0.115268
0.103587
0.0928762
0.0798731
0.0605194
-0.0105063
-0.0735975
-0.145735
-0.238764
-0.26154
-0.26755
-0.309351
-0.293696
-0.236166
-0.220664
-0.194306
-0.159977
-0.14869
-0.135512
-0.150071
-0.183079
-0.207603
-0.261072
-0.307814
-0.352141
-0.406386
-0.43534
-0.4267
-0.439853
-0.452724
-0.457671
-0.478828
-0.497108
-0.492411
-0.418978
-0.365684
-0.271405
-0.101872
-0.00126387
0.095084
0.211415
0.268322
0.332736
0.390247
0.431916
0.471052
0.498278
0.532362
0.565188
0.531586
0.43769
0.362118
0.22353
0.168015
0.163295
0.128854
0.138373
0.13762
0.0991308
0.0378901
-0.000892875
-0.0507987
-0.0715048
-0.065642
-0.0855063
-0.0967906
-0.117978
-0.161159
-0.196684
-0.293132
-0.368746
-0.398442
-0.460692
-0.481787
-0.439576
-0.439307
-0.420825
-0.378069
-0.353983
-0.307344
-0.22307
-0.160214
-0.0996946
-0.0464368
0.00471527
0.0549746
0.100651
0.141371
0.129513
0.126919
0.139302
0.156647
0.21457
0.259848
0.334395
0.389223
0.374653
0.383389
0.359253
0.330123
0.312292
0.284628
0.25213
0.207486
0.166838
0.125679
0.0599789
-0.00383712
-0.0608201
-0.150075
-0.254932
-0.290738
-0.286522
-0.329888
-0.351177
-0.312566
-0.277515
-0.230832
-0.12771
-0.0511497
0.0237032
0.0706456
0.0962008
0.144692
0.168655
0.167965
0.18641
0.199083
0.155379
0.0837977
0.0509113
0.00694768
-0.0398621
-0.0212206
-0.0149769
-0.0261488
-0.0180969
-0.0152772
-0.0347429
-0.0535656
-0.0647786
-0.0514282
-0.00825451
0.00970927
0.0344351
0.0330876
-0.0184952
-0.0380302
-0.0589051
-0.0928037
-0.120048
-0.144902
-0.169307
-0.194341
-0.219086
-0.233924
-0.181736
-0.142584
-0.103115
-0.0243634
0.0315355
0.0659935
0.109729
0.156604
0.19677
0.205235
0.171153
0.166323
0.157019
0.131259
0.109625
0.0908448
0.0688318
0.0485365
0.0334025
0.0164217
-0.00135811
-0.0176199
-0.0236258
0.0115254
0.0350108
0.047185
0.052374
0.058327
0.0659255
0.0477937
0.02202
0.00585574
-0.0672279
-0.155777
-0.171714
-0.204608
-0.249774
-0.214666
-0.184839
-0.179406
-0.151168
-0.125326
-0.0908123
0.00209735
0.0739328
0.100373
0.1507
0.203359
0.224207
0.253471
0.288102
0.301194
0.309224
0.299198
0.273869
0.263272
0.248812
0.230795
0.215634
0.199582
0.178754
0.158557
0.139762
0.119605
0.103358
0.11805
0.131381
0.133828
0.145655
0.147828
0.111719
0.0875344
0.0693014
0.0116058
-0.0610884
-0.112171
-0.172979
-0.237811
-0.294335
-0.328859
-0.368591
-0.41294
-0.426686
-0.426706
-0.444759
-0.450096
-0.416147
-0.393271
-0.378926
-0.351601
-0.318093
-0.288361
-0.260061
-0.232154
-0.203999
-0.175512
-0.147146
-0.118872
-0.0892865
-0.0585105
-0.0304189
-0.0148965
0.00141506
0.0220687
0.0388738
0.071952
0.146525
0.204291
0.261517
0.347315
0.424223
0.483214
0.49823
0.525937
0.563052
0.585686
0.571872
0.521647
0.504098
0.476944
0.404245
0.304524
0.24791
0.213317
0.157922
0.107221
0.0771212
0.0420397
0.00269091
-0.00768219
0.0119873
0.00903822
0.00977175
0.00691084
-0.00892914
-0.0158207
-0.0245841
-0.0363186
-0.0459552
-0.0730711
-0.13118
-0.170256
-0.18522
-0.205556
-0.232536
-0.231595
-0.204619
-0.198007
-0.187679
-0.178325
-0.17894
-0.173257
-0.166815
-0.159413
-0.152219
-0.147482
-0.150847
-0.151857
-0.150873
-0.148109
-0.14312
-0.140164
-0.137111
-0.142907
-0.152697
-0.156993
-0.151713
-0.100381
-0.0625659
-0.044761
-0.0147947
-0.00897148
-0.0123189
-0.00199706
0.00325693
0.0208506
0.0387908
0.051609
0.0665689
0.0539383
0.0300019
0.0223595
0.00681636
-0.0141025
-0.0337242
-0.0524087
-0.0714154
-0.0802734
-0.0851113
-0.0958584
-0.101934
-0.092663
-0.0853066
-0.0825804
-0.0753091
-0.0604841
-0.0363824
-0.0163979
0.0136633
0.0437969
0.0704938
0.0964408
0.0737229
0.0322912
0.0179163
-0.0234068
-0.0742765
-0.0909994
-0.0874496
-0.0843322
-0.0496654
-0.0144409
0.027503
0.0320435
0.0313545
0.0525691
0.0927137
0.130336
0.161219
0.178769
0.143785
0.127722
0.119113
0.0962402
0.0807379
0.065931
0.0483741
0.0325134
0.0218113
0.0527134
0.0828966
0.110524
0.158884
0.177729
0.160555
0.166794
0.172087
0.171632
0.175667
0.178517
0.181092
0.184363
0.156834
0.0995752
0.0682689
0.0251167
-0.0246644
-0.0657034
-0.0933234
-0.119554
-0.151622
-0.178736
-0.195556
-0.210176
-0.229691
-0.246345
-0.25842
-0.219376
-0.160464
-0.131185
-0.0897374
-0.0778501
-0.0857956
-0.0716018
-0.0665559
-0.0660508
-0.0603405
-0.0542377
-0.0476005
-0.0414268
-0.0350516
-0.0284123
0.00101841
0.0528462
0.0831263
0.101137
0.118289
0.140998
0.159426
0.171809
0.180614
0.193413
0.204764
0.213385
0.183755
0.128779
0.0986657
0.0212902
-0.0762302
-0.117737
-0.120625
-0.155127
-0.170965
-0.156647
-0.161865
-0.16487
-0.160931
-0.161252
-0.157571
-0.116194
-0.0701795
-0.0421882
-0.00712102
0.0307254
0.0651807
0.100261
0.101858
0.0586685
0.0464954
0.0296951
0.000561822
-0.0118592
-0.012578
-0.023831
-0.0324162
-0.0336636
-0.0318963
-0.0335024
-0.034015
-0.0334684
-0.0337274
-0.0341334
-0.0354756
-0.0366435
-0.0375521
-0.0389086
-0.0434729
-0.0500624
-0.0543848
-0.0595539
-0.0563731
0.00987461
0.0637996
0.0900516
0.125827
0.167339
0.187027
0.169494
0.168541
0.171067
0.16245
0.157246
0.14825
0.137529
0.129338
0.119795
0.109613
0.0913162
0.0672151
0.0492096
0.0239886
-0.0375538
-0.0908698
-0.130005
-0.145313
-0.165265
-0.186573
-0.156221
-0.135592
-0.128607
-0.10395
-0.0712724
-0.0411965
0.0243806
0.0801081
0.0871512
0.116764
0.0873985
0.0208033
-0.0243151
-0.0933883
-0.159588
-0.201176
-0.167101
-0.154854
-0.158252
-0.138445
-0.12984
-0.126036
-0.115634
-0.108032
-0.101241
-0.0913632
-0.0797176
-0.0697827
-0.0593679
-0.0484272
-0.0366613
0.00410833
0.0634789
0.0978853
0.129076
0.169545
0.204808
0.224236
0.246043
0.272264
0.282527
0.249051
0.22996
0.226967
0.213454
0.198985
0.196057
0.198565
0.194408
0.192731
0.162706
0.0922468
0.0460869
-0.0121451
-0.0781148
-0.114061
-0.130857
-0.165889
-0.17232
-0.17434
-0.18878
-0.195537
-0.201722
-0.210561
-0.214246
-0.180488
-0.141606
-0.118882
-0.0813205
-0.0432154
-0.016776
-0.0343805
-0.04289
-0.0393786
-0.0500365
-0.0553122
-0.0525699
-0.0550251
-0.0570266
-0.0570863
-0.0582633
-0.0594982
-0.0604743
-0.061586
-0.0626926
-0.0578765
-0.0454243
-0.0383113
-0.0303752
-0.0203288
-0.0116061
-0.00281023
0.00636286
0.015285
0.0242374
0.035858
0.050818
0.0634237
0.076401
0.0903087
0.103825
0.118739
0.133754
0.146894
0.155479
0.165502
0.173664
0.153182
0.129001
0.110416
0.0659882
0.0280611
0.00524322
-0.0177622
-0.0462479
-0.0696247
-0.0626966
-0.0380203
-0.0338228
-0.0198553
0.00168204
0.0168696
0.0327199
0.0452382
0.0567067
0.0701573
0.0823634
0.0944015
0.105664
0.113576
0.122719
0.132318
0.140931
0.146463
0.138997
0.135143
0.13402
0.1276
0.113014
0.100886
0.0902517
0.0744123
0.0592666
0.0455004
0.0317355
0.0268216
0.0205017
0.0115758
0.00539663
-0.00669177
-0.0332119
-0.0537284
-0.0726697
-0.0902557
-0.0923048
-0.0995138
-0.109129
-0.112455
-0.0992289
-0.0839553
-0.0760082
-0.0630269
-0.0494805
-0.0400637
-0.0531501
-0.0696566
-0.0758914
-0.0888861
-0.102741
-0.114155
-0.126696
-0.12965
-0.107782
-0.0958779
-0.0868985
-0.0717093
-0.0743618
-0.0835508
-0.0827427
-0.086033
-0.0831873
-0.0769114
-0.0749566
-0.0721976
-0.0985198
-0.144894
-0.169837
-0.202743
-0.210794
-0.160592
-0.140074
-0.121335
-0.0854184
-0.0543701
-0.0251645
0.000628603
-0.0158802
-0.0245978
-0.0214755
-0.0315305
-0.0400638
-0.048455
-0.0583966
-0.0673168
-0.0765969
-0.0858117
-0.0942683
-0.103072
-0.111925
-0.120579
-0.126273
-0.129012
-0.134393
-0.135943
-0.111813
-0.0892328
-0.075413
-0.0537493
-0.0298008
-0.00619225
0.016837
0.0404659
0.0647398
0.0895159
0.113873
0.138303
0.157418
0.137917
0.125912
0.123879
0.103457
0.0841809
0.0702776
0.0524097
0.0423373
0.0866235
0.119834
0.138299
0.173166
0.205158
0.21819
0.173823
0.146182
0.130543
0.103126
0.0840113
0.0648701
0.0761625
0.109773
0.120258
0.139123
0.16359
0.182657
0.20283
0.21751
0.227139
0.240757
0.233346
0.212255
0.205645
0.192773
0.176834
0.166076
0.177542
0.197203
0.20415
0.216477
0.230577
0.24223
0.234966
0.2023
0.187117
0.169356
0.139001
0.107441
0.0805272
0.0518399
0.0336802
0.0207114
0.000979342
-0.0162817
-0.0331196
-0.0509583
-0.0682214
-0.0840661
-0.0998373
-0.116174
-0.131354
-0.128875
-0.115248
-0.114028
-0.108027
-0.112301
-0.13667
-0.148284
-0.161209
-0.178938
-0.193663
-0.208647
-0.219121
-0.208705
-0.204236
-0.204039
-0.196781
-0.183819
-0.170837
-0.160043
-0.149029
-0.141961
-0.133859
-0.127988
-0.13092
-0.130514
-0.128993
-0.126392
-0.109208
-0.0943909
-0.0735993
-0.0502502
-0.0380304
-0.0771902
-0.10566
-0.114695
-0.126107
-0.136036
-0.115172
-0.098661
-0.0909197
-0.07442
-0.0609071
-0.04896
-0.0350716
-0.0219897
-0.00911574
0.00413404
0.0154787
0.00328898
-0.0175448
-0.0250532
-0.0374908
-0.0476484
-0.0564741
-0.0669552
-0.0764184
-0.0856393
-0.0941115
-0.0998865
-0.0853614
-0.0713264
-0.0646498
-0.0532704
-0.0572026
-0.065119
-0.0651148
-0.0680383
-0.0555974
-0.0389279
-0.0303917
-0.0171561
-0.00381802
0.00450654
0.0145411
0.0253289
0.0326378
0.0364458
0.0425001
0.0483992
0.0516733
0.0398139
0.0256436
0.0183909
0.0062705
-0.0096415
-0.0243904
-0.0384267
-0.0425503
-0.018978
-0.00614213
0.00405735
0.0228122
0.038366
0.0427593
0.030168
0.0267919
0.0236559
0.015452
0.0108332
0.0194616
0.0291653
0.0334171
0.041543
0.0499836
0.0478329
0.0342444
0.0291155
0.0217665
0.0102689
0.00142811
-0.00767166
-0.0167512
-0.00602287
0.0170018
0.0262174
0.0287754
0.0188887
0.0167028
0.0207206
0.0479699
0.0694519
0.0854935
0.110331
0.134259
0.155972
0.176893
0.191513
0.208176
0.222556
0.230744
0.242472
0.245349
0.231326
0.226331
0.221606
0.207516
0.191017
0.178854
0.164696
0.14967
0.134911
0.119858
0.104947
0.0912621
0.0797729
0.0671287
0.0544388
0.0418099
0.0248097
0.00857236
-0.00643323
-0.0240933
-0.0522822
-0.0797855
-0.101842
-0.108895
-0.113045
-0.121817
-0.103227
-0.0847318
-0.0760576
-0.0549491
-0.0256116
-0.00297154
0.0188586
0.0289389
0.0403
0.0544758
0.0486511
0.0373995
0.036179
0.0297125
0.022075
0.0167688
0.0104639
0.00318131
-0.0106077
-0.0243394
-0.0356154
-0.049148
-0.0641635
-0.0782931
-0.0923526
-0.106648
-0.119227
-0.132068
-0.145402
-0.158216
-0.168049
-0.170294
-0.17552
-0.181683
-0.184912
-0.180118
-0.172339
-0.169149
-0.163595
-0.157237
-0.150234
-0.125563
-0.0982014
-0.078842
-0.0442106
0.00418677
0.0396014
0.063513
0.093796
0.123058
0.132042
0.145553
0.163942
0.16109
0.1443
0.142266
0.135245
0.12282
0.101804
0.0823186
0.0655284
0.0445286
0.0198565
-0.00293093
-0.0254142
-0.0478768
-0.0616096
-0.0768493
-0.0945469
-0.101099
-0.0930653
-0.0936099
-0.0939543
-0.0892904
-0.0847221
-0.0810597
-0.0769128
-0.0725718
-0.0689015
-0.0660222
-0.0626612
-0.0568691
-0.0183933
0.031163
0.0327568
0.024977
0.0410846
0.0448066
0.0452053
0.050947
0.0548846
0.0602265
0.0661395
0.0711299
0.0766474
0.0822275
0.0875921
0.0882335
0.0702569
0.0576103
0.0487746
0.0348204
0.0361638
0.0473637
0.0477251
0.0521637
0.0590663
0.0634601
0.0630949
0.0421168
0.0267452
0.0157956
-0.00151557
-0.0111821
0.00401783
0.0112531
0.0139503
0.0227558
0.0186992
0.0138953
0.014258
0.0111623
0.0143948
0.0228509
0.0261456
0.0328023
0.0537074
0.0729243
0.0777984
0.0738204
0.0785447
0.0808522
0.0804539
0.0845956
0.0893506
0.092223
0.096188
0.106783
0.123272
0.134242
0.146881
0.158931
0.148183
0.134489
0.130787
0.12047
0.107869
0.0916252
0.0759759
0.0614685
0.0453057
0.0240856
-0.000218083
-0.0210307
-0.0432407
-0.0662291
-0.0870617
-0.10728
-0.12857
-0.148831
-0.156557
-0.156613
-0.165343
-0.170651
-0.161183
-0.131124
-0.112583
-0.095293
-0.0729624
-0.0524397
-0.0343184
-0.0400224
-0.0551368
-0.0563471
-0.0613513
-0.0609508
-0.060393
-0.0619223
-0.0614815
-0.0612464
-0.0615182
-0.0634116
-0.0848729
-0.109327
-0.1245
-0.136471
-0.143413
-0.154639
-0.164391
-0.170318
-0.168087
-0.168333
-0.170239
-0.169508
-0.169427
-0.169776
-0.166784
-0.143612
-0.124463
-0.110816
-0.0908392
-0.0719919
-0.0616364
-0.0682678
-0.0679227
-0.065612
-0.0603981
-0.0428909
-0.0321524
-0.0211874
-0.00696584
0.00412713
-0.00436799
-0.0195563
-0.0239612
-0.0339437
-0.0456863
-0.0476863
-0.0378522
-0.0350853
-0.0321024
-0.0255406
-0.0205225
-0.015692
-0.0102753
-0.00513607
-1.85192e-05
0.00519233
0.00868515
0.00922705
0.0113585
0.0135401
0.0179039
0.0440055
0.0659872
0.0813878
0.0989525
0.115537
0.132342
0.148901
0.154476
0.133032
0.122409
0.115004
0.100072
0.0923401
0.0853719
0.075408
0.0679206
0.0661869
0.0646747
0.0609383
0.0612606
0.0784436
0.0918239
0.100878
0.115178
0.126488
0.109981
0.0844591
0.0739347
0.0556048
0.0409757
0.0378212
0.0278294
0.0183374
0.0129817
0.0111477
0.00787796
0.00404443
0.00147671
-0.00145329
-0.00530409
-0.014152
-0.02206
-0.0285643
-0.0366483
-0.0377074
-0.0296307
-0.0279709
-0.0253137
-0.0189967
-0.0126698
-0.00730489
-0.0013646
0.00345427
-0.0044693
-0.0141738
-0.0179095
-0.022663
-0.027453
-0.0321359
-0.0347479
-0.0218971
-0.00967787
-0.00294818
0.0036162
-0.00887863
-0.0172272
-0.0201877
-0.0217623
-0.0210591
-0.0225118
-0.0200264
0.010899
0.0453836
0.0675813
0.0984727
0.130124
0.158774
0.161446
0.13735
0.1372
0.135372
0.129768
0.126176
0.122929
0.119373
0.114257
0.102427
0.0924781
0.0839329
0.0733313
0.0631414
0.0527001
0.0420205
0.0316055
0.0191971
0.00433207
-0.0087828
-0.0226645
-0.040652
-0.0575571
-0.0735395
-0.0889218
-0.0914811
-0.0962672
-0.104701
-0.105491
-0.0928043
-0.0850392
-0.0789212
-0.0633993
-0.048296
-0.0361525
-0.0233893
-0.0222968
-0.0195854
-0.0132848
-0.0110308
-0.0133967
-0.0168342
-0.0180117
-0.029663
-0.0535523
-0.0685789
-0.0831342
-0.0961258
-0.109
-0.121684
-0.111213
-0.0866069
-0.0779636
-0.0636269
-0.049362
-0.0381032
-0.0247918
-0.0120674
0.000166304
-0.0007192
-0.0149569
-0.0172958
-0.0230314
-0.0314163
-0.0286853
-0.0252418
-0.0261351
-0.0240383
-0.0144173
0.00377862
0.0158374
0.0320469
0.0586229
0.0805674
0.100728
0.101497
0.0870205
0.0879935
0.082809
0.0714431
0.0644027
0.0569438
0.051182
0.0675041
0.0796184
0.0856817
0.0981922
0.100951
0.0967968
0.0999168
0.100436
0.0979616
0.0862905
0.0745875
0.0664901
0.0553893
0.0482587
0.0518956
0.0510662
0.0490898
0.0502177
0.0493403
0.0261776
-0.0105133
-0.0318445
-0.0484746
-0.0547105
-0.067071
-0.0789105
-0.0856286
-0.0907954
-0.0977422
-0.104179
-0.108089
-0.107612
-0.108993
-0.110867
-0.122705
-0.146048
-0.159541
-0.169232
-0.165606
-0.166153
-0.167771
-0.159875
-0.153404
-0.139377
-0.120663
-0.104762
-0.0889182
-0.0933314
-0.100076
-0.0987114
-0.0997729
-0.0838008
-0.0686481
-0.0489148
-0.0166895
0.00971775
0.0155494
0.0189282
0.0328311
0.0405578
0.0386784
0.0343672
0.0239672
0.023465
0.0293015
0.0347754
0.0458701
0.0565699
0.0599405
0.0560142
0.0524274
0.0599467
0.069721
0.0671822
0.0574032
0.0365454
0.0309446
0.0190957
0.00608082
0.0204835
0.0330905
0.0459523
0.0656807
0.0671727
0.0611134
0.0606793
0.0573608
0.0569468
0.0554495
0.0519865
0.0467538
0.0385828
0.0283974
0.0223806
0.022917
0.0260855
0.0537514
0.0773014
0.0724606
0.0683381
0.0539716
0.0286082
0.0201477
0.00663668
-0.0107752
-0.0141895
-0.0140271
-0.00733035
0.00129264
0.0143189
0.0273414
0.0373774
0.0398702
0.0246742
0.0102665
0.00898904
0.0154666
0.0146257
0.0262358
0.04069
0.0356823
0.0320388
0.0347954
0.0318088
0.0295131
0.0310667
0.0306158
0.0228376
0.0112473
-0.00369288
-0.0106293
-0.0214557
-0.0347538
-0.0312617
-0.0282894
-0.0137755
-0.00120782
0.00630775
0.0197645
0.0452721
0.0623896
0.0504256
0.0467994
0.0431299
0.032828
0.0238414
0.0162467
0.0154245
0.0190787
0.0429319
0.0626216
0.0737079
0.0845086
0.0896847
0.0860888
0.084043
0.0760959
0.0706997
0.0700034
0.067066
0.0605531
0.0440201
0.0315602
0.0296362
0.0170041
0.00127752
0.00131916
0.0022224
-0.00139899
-0.001273
-0.00847116
-0.0163163
-0.0211567
-0.0306486
-0.0405663
-0.0486934
-0.0580602
-0.06757
-0.0646934
-0.0465249
-0.0338656
-0.00605533
0.0105479
0.00980509
0.0208932
0.0176466
0.00981859
-0.00141759
-0.0205345
-0.0113381
-0.00764265
-0.0079464
0.00440138
0.00867263
0.00852646
0.0123195
0.0020359
-0.0096777
0.000976354
0.00998053
0.008887
0.00657438
-0.00750935
-0.0231351
-0.0269894
-0.0367331
-0.0530708
-0.0657352
-0.0619035
-0.0442146
-0.0287245
-0.0286566
-0.0333005
-0.0380154
-0.0519879
-0.0603182
-0.0703671
-0.083574
-0.0987907
-0.109716
-0.117453
-0.117515
-0.118774
-0.112881
-0.098624
-0.0898767
-0.0652643
-0.0350612
-0.000307131
0.0190527
0.0392517
0.0607592
0.0474975
0.0309503
0.0115468
-0.00156353
0.00404148
0.0110987
0.0239938
0.0447472
0.0612746
0.069914
0.066576
0.0566566
0.0279711
0.0121414
-0.00223864
-0.0227901
-0.0419493
-0.0607656
-0.0707988
-0.0793895
-0.091098
-0.0986846
-0.106995
-0.116892
-0.126047
-0.134319
-0.137744
-0.145882
-0.165034
-0.172022
-0.161123
-0.159109
-0.150074
-0.137422
-0.131869
-0.125225
-0.116562
-0.110055
-0.107046
-0.103472
-0.0972733
-0.0789618
-0.061029
-0.0472465
-0.025681
-0.00244548
0.0255553
0.0605078
0.0897459
0.117881
0.144882
0.142791
0.135876
0.141768
0.127228
0.103835
0.0897269
0.07163
0.0568621
0.0419521
0.0289858
0.02029
0.00862961
-0.00232061
-0.0119483
-0.0224334
-0.0328412
-0.0411224
-0.0477576
-0.054114
-0.0344253
-0.00445696
0.0156508
0.0443911
0.0645874
0.0670382
0.0593464
0.0605339
0.0635513
0.0695792
0.0735797
0.0716973
0.0553854
0.0436367
0.0262399
0.0074649
-0.00571143
-0.0218574
-0.0341063
-0.0435054
-0.0546686
-0.0562073
-0.0587789
-0.0643538
-0.0669451
-0.0690136
-0.071925
-0.0745726
-0.077915
-0.0829864
-0.0871628
-0.0809434
-0.0568633
-0.0423175
-0.0161945
0.0267496
0.0565343
0.0887792
0.125246
0.15567
0.183433
0.201378
0.194439
0.187945
0.162373
0.140595
0.12319
0.104531
0.0861052
0.0677164
0.0536654
0.044836
0.0322797
0.0201902
0.00617097
-0.0107232
-0.0228189
-0.0347294
-0.0480039
-0.0507792
-0.0500124
-0.0549248
-0.0569692
-0.0560236
-0.0482811
-0.0423894
-0.0378437
-0.0287224
-0.0192501
-0.0114877
-0.00234555
0.00953216
0.02094
0.0322026
0.0523003
0.0752798
0.0930101
0.111193
0.130396
0.14494
0.154394
0.138474
0.122363
0.115442
0.0958559
0.0746547
0.0584332
0.0392338
0.0193538
0.00852543
0.0168255
0.0171541
0.0153703
0.0185869
0.00953522
-0.00396702
-0.0106194
-0.0154326
-0.0145965
-0.0168863
-0.0190308
-0.0221241
-0.0295195
-0.0371639
-0.0514734
-0.064264
-0.0742161
-0.0664518
-0.0509236
-0.04423
-0.0160366
0.0135387
0.0347478
0.0598343
0.0774753
0.0954637
0.116015
0.128226
0.117491
0.113097
0.106516
0.0941554
0.084635
0.0635544
0.0373106
0.013053
-0.0162221
-0.0405893
-0.0564469
-0.0766273
-0.0924078
-0.0932597
-0.100055
-0.101203
-0.0886937
-0.0842401
-0.0708158
-0.039116
-0.017821
-0.010691
-0.00762124
0.00304963
0.0143159
0.0321891
0.040585
0.0304978
0.0296047
0.0301194
0.0280411
0.0354883
0.0404556
0.0431749
0.0428362
0.0397017
0.0344281
0.00888388
-0.00742624
-0.0113446
-0.027423
-0.0442226
-0.0559394
-0.068754
-0.0715415
-0.0705611
-0.0607273
-0.0525311
-0.0431683
-0.0233399
-0.00719496
0.00710233
0.0207023
0.0335353
0.0443391
0.0507685
0.0590672
0.0608392
0.0605166
0.0636739
0.0574258
0.0374056
0.0257994
0.0209776
0.0147907
0.00851398
0.00922514
0.00798072
0.00824484
0.0137669
0.0163638
0.0185447
0.0149717
0.00811674
0.00523869
-0.00432989
-0.0206538
-0.0273365
-0.0343699
-0.0467156
-0.0580552
-0.0714221
-0.0754513
-0.0678328
-0.0705704
-0.0704727
-0.067006
-0.0659359
-0.0683945
-0.0798767
-0.0879508
-0.0941127
-0.0974293
-0.100046
-0.0910592
-0.0573195
-0.0396735
-0.0385518
-0.0389225
-0.0388199
-0.034737
-0.029527
-0.0270175
-0.0199583
-0.00941644
-0.0144375
-0.0302928
-0.0333026
-0.0379433
-0.0383846
-0.0253542
-0.0193938
-0.00661123
0.0119724
0.0118361
0.000592792
0.00222301
-0.00320328
-0.0148936
-0.0237042
-0.0365604
-0.0438287
-0.0439813
-0.0493341
-0.0527367
-0.0545062
-0.0584791
-0.0673346
-0.0749171
-0.0803992
-0.0783527
-0.0746295
-0.0747358
-0.0712054
-0.0587429
-0.0488517
-0.0334993
-0.0138509
-0.00689287
0.00257146
0.00310102
0.00229816
-0.0105674
-0.0121968
-0.00216579
-0.00407949
0.00190722
0.0167504
0.0261288
0.0383407
0.0502394
0.0480898
0.0446759
0.0471028
0.0360038
0.0176741
0.0326417
0.0479889
0.0510109
0.0688332
0.0859153
0.098988
0.116193
0.128963
0.115009
0.106298
0.096181
0.074849
0.0600882
0.0444592
0.0232298
-0.00485904
-0.0327512
-0.0715632
-0.097799
-0.100505
-0.104891
-0.0929023
-0.0829326
-0.0554674
-0.0262534
0.000389154
0.02953
0.0546001
0.0628641
0.0686532
0.0824464
0.0949956
0.106186
0.118107
0.130007
0.141484
0.146841
0.136046
0.131163
0.124831
0.113811
0.105112
0.0841065
0.0549997
0.0385033
0.0200193
-0.00471984
-0.0315973
-0.0557989
-0.0618219
-0.0570956
-0.0703359
-0.0855745
-0.0950709
-0.115923
-0.126776
-0.128723
-0.13998
-0.151384
-0.168178
-0.183954
-0.18872
-0.185988
-0.177563
-0.113023
-0.0621124
-0.0274033
0.0228024
0.0598766
0.0754672
0.0843761
0.0958587
0.0715557
0.0530999
0.0354696
0.00966592
0.00977113
0.00402366
-0.00786334
-0.0120646
-0.016755
-0.0122665
-0.00579199
0.00357839
0.0145911
0.0286508
0.0554016
0.0716751
0.0784802
0.0689631
0.0640957
0.0375528
0.00958395
0.0137087
0.00264058
0.0309024
0.0854509
0.0878146
0.0721515
0.0739276
0.0533892
0.05169
0.0670528
0.0651489
0.0727261
0.0947352
0.107075
0.131155
0.179751
0.194583
0.185458
0.166983
0.135204
0.114347
0.0930614
0.0746556
0.0450835
0.00314042
-0.0178759
-0.0523029
-0.107631
-0.116986
-0.128573
-0.131047
-0.129555
-0.13274
-0.125013
-0.112644
-0.106569
-0.111958
-0.129912
-0.13895
-0.168243
-0.198684
-0.198245
-0.192927
-0.181267
-0.162061
-0.143457
-0.108943
-0.0782812
-0.0492051
-0.0152226
0.0193165
0.047236
0.0653085
0.0885257
0.109446
0.125782
0.120922
0.112044
0.110979
0.0873131
0.065206
0.035023
-0.0108623
-0.0457336
-0.0903986
-0.140705
-0.157774
-0.17342
-0.200235
-0.212347
-0.226091
-0.235331
-0.184083
-0.13132
-0.0979524
-0.0447025
-0.0196027
-0.024312
-0.00371815
0.00791289
0.0132721
0.0247603
0.0365586
0.0473496
0.0585374
0.0727572
0.0917473
0.108144
0.124476
0.134713
0.137025
0.142479
0.118725
0.0949357
0.090469
0.0767028
0.0518915
0.0268564
0.00966097
-0.00389505
-0.00554831
0.00917834
0.0118974
0.019142
0.0263431
0.0255661
0.0181608
-0.00326695
-0.0167861
-0.0290928
-0.0330174
-0.0373043
-0.0440618
-0.0362175
-0.0240345
-0.0140342
0.00169011
0.0155514
0.0292985
0.0408685
0.0475926
0.0571483
0.063087
0.065579
0.0721289
0.0907276
0.108289
0.0834782
0.0666828
0.0432819
0.0109402
-0.0094266
-0.0156369
-0.0278713
-0.0403144
-0.0479016
-0.0599327
-0.0735026
-0.0884317
-0.113976
-0.128838
-0.1238
-0.129066
-0.129461
-0.107738
-0.0843431
-0.0591943
-0.0277163
0.00882276
0.0389377
0.0661721
0.0961341
0.12542
0.138525
0.12506
0.126604
0.136733
0.142191
0.146458
0.144128
0.133165
0.140394
0.142689
0.139609
0.132187
0.120239
0.10822
0.0772855
0.0504712
0.0354423
0.0194832
-0.000414486
-0.0169738
-0.0333621
-0.0535555
-0.0780723
-0.101901
-0.127692
-0.148004
-0.16154
-0.168037
-0.141997
-0.116632
-0.0964458
-0.0713583
-0.047595
-0.0219246
0.0219563
0.0617301
0.0941238
0.130355
0.156695
0.161224
0.146489
0.126998
0.0946196
0.0728955
0.0476029
-0.00261999
-0.0449544
-0.0689266
-0.0886539
-0.0969821
-0.107132
-0.118761
-0.126445
-0.133055
-0.121383
-0.102679
-0.0638486
-0.0286826
-0.000784411
0.0292807
0.0577859
0.079167
0.0964943
0.121283
0.130477
0.135738
0.143607
0.125955
0.113504
0.10596
0.0904256
0.0771824
0.0600024
0.045459
0.0464962
0.0569766
0.0704272
0.0734561
0.0791105
0.085058
0.0805127
0.0793172
0.0859703
0.10506
0.104864
0.0943068
0.0972089
0.0818409
0.0552832
0.0406544
0.0127613
-0.0199156
-0.0388383
-0.057832
-0.0742056
-0.082145
-0.0771329
-0.080061
-0.0670775
-0.0359074
-0.0218922
-0.0174429
-0.00832886
-0.0226359
-0.0443019
-0.0573334
-0.0784482
-0.101436
-0.12869
-0.146515
-0.154454
-0.163316
-0.16667
-0.168157
-0.141192
-0.120232
-0.109917
-0.0864627
-0.053915
-0.0282995
-0.00809679
0.00119507
0.0155146
0.0369812
0.0376025
0.0310398
0.0303653
0.0210351
0.00883497
-0.00766282
-0.01805
-0.0290872
-0.0382714
-0.0450341
-0.0496664
-0.0373157
-0.0311382
-0.0306738
-0.0219106
-0.00453095
0.00426914
0.00238641
0.00826653
0.00948128
-0.0203488
-0.0386271
-0.049266
-0.0715391
-0.0914848
-0.10889
-0.12469
-0.127527
-0.133666
-0.139065
-0.135825
-0.127434
-0.102461
-0.0786646
-0.0524555
-0.0242286
0.00549845
0.0230712
0.0268995
0.035149
0.0266418
0.0123491
-0.00485262
-0.0177863
-0.0285262
-0.0426594
-0.0604606
-0.0739763
-0.0803957
-0.0895911
-0.091414
-0.092643
-0.0966504
-0.0929687
-0.0858869
-0.0816242
-0.0687287
-0.0511284
-0.031682
-0.00862917
0.0144199
0.0222295
0.011728
0.00937182
0.00631308
-0.00656649
-0.0136762
-0.0185544
-0.0239651
-0.0164026
-0.0116394
-0.00295844
0.0163591
0.0309128
0.048689
0.0694196
0.0952385
0.121386
0.151968
0.182971
0.214748
0.247562
0.267237
0.255947
0.225275
0.184855
0.15051
0.119763
0.0902824
0.0574564
0.0182455
0.000527204
-0.00685196
-0.0341955
-0.0552992
-0.060024
-0.0688648
-0.0673277
-0.0563222
-0.0540271
-0.0486021
-0.0404471
-0.0317035
-0.0231852
-0.013624
-0.00142489
0.0084388
0.00752987
0.00574133
0.00885401
0.0177645
0.0321429
0.0305445
0.020451
0.0212474
0.0154141
0.000674192
-0.00339175
0.00265091
0.00105138
0.00279578
0.0106832
0.0146714
0.0193652
0.0262
0.031407
0.0251601
0.0120585
0.00678602
-0.00201691
-0.0129376
-0.0229495
-0.0325806
-0.040417
-0.0491333
-0.0581225
-0.067884
-0.077889
-0.0835714
-0.0871254
-0.0923309
-0.0885449
-0.0784782
-0.0529928
-0.0321413
-0.0134026
0.0128568
0.0348061
0.0509633
0.0654547
0.0722292
0.0776096
0.0704558
0.0655098
0.0600986
0.0518585
0.0424355
0.0270485
0.0286141
0.0367625
0.035057
0.0426838
0.0518145
0.0564628
0.0629696
0.0694273
0.0599687
0.0411219
0.0314415
0.0179309
0.0161076
0.0212727
0.0180777
0.0207536
0.0338195
0.0424324
0.0531103
0.0590199
0.0608001
0.0516055
0.0348163
0.0299949
0.0230942
0.0115411
0.00620237
0.00706046
0.00457812
0.0109297
0.020428
0.0259754
0.02952
0.0291872
0.0293373
0.00814106
-0.0133996
-0.0272485
-0.04764
-0.0707698
-0.0935644
-0.0863444
-0.0843768
-0.078431
-0.0537283
-0.0651068
-0.0701442
-0.061741
-0.0642129
-0.0621624
-0.0525502
-0.0484477
-0.0469759
-0.0423102
-0.0182786
0.0063551
0.00896445
0.000183953
-0.00495581
-0.0401042
-0.0667085
-0.0512109
-0.0399237
-0.0162945
0.022366
0.0398719
0.0462368
0.0517224
0.0579992
0.0528092
0.0464227
0.0383613
0.0263448
0.018145
0.018377
0.0293695
0.0436094
0.0516426
0.0612839
0.0668541
0.0631291
0.0618407
0.0384866
0.0201183
0.0146982
0.00922494
0.0170933
0.0194111
0.0242881
0.0438663
0.0476307
0.0470673
0.0520098
0.0381667
0.0274244
0.0212481
0.00610542
-0.00970015
-0.0251326
-0.0425909
-0.0484374
-0.0529056
-0.0625833
-0.0668256
-0.0562444
-0.0496656
-0.0471644
-0.0393285
-0.0182993
0.00131096
0.0180021
0.0364122
0.030485
0.0296202
0.0339689
0.0265118
0.017456
0.00317455
-0.00583536
0.000888296
0.00157002
0.00108181
0.00885603
0.013833
0.0171041
0.017082
0.0166214
0.0177795
0.016547
0.00597091
-0.00386081
-0.0106376
-0.0204117
-0.0313817
-0.044101
-0.0554658
-0.0657551
-0.0771629
-0.0895518
-0.103701
-0.104405
-0.0928059
-0.0928203
-0.0878658
-0.0673556
-0.050004
-0.0378929
-0.0250481
-0.0170919
-0.0196808
-0.0172342
-0.0143861
-0.00906689
0.00709594
0.0184036
0.0308547
0.0474788
0.0605803
0.0639854
0.0667259
0.0734421
0.0768205
0.0740713
0.0700964
0.0689364
0.0648871
0.0596792
0.0560055
0.0513297
0.0424378
0.0332817
0.0257934
0.0104747
-0.00715977
-0.0155585
-0.0241979
-0.0247956
-0.0277524
-0.0306681
-0.0289876
-0.0292363
-0.0404176
-0.0586561
-0.0404137
-0.0326563
-0.0334748
-0.024392
-0.0176107
-0.0209917
-0.0336547
-0.0333038
-0.0267997
-0.0283105
-0.0220155
-0.00862859
-0.000184862
0.0125373
0.0231635
0.0155104
0.0121514
0.0100791
-0.0032954
-0.0105774
-0.0154699
-0.0229952
-0.0156151
-0.00567115
-0.00310466
-0.00338262
-0.00571811
-0.00699811
-0.0234847
-0.0426403
-0.0436709
-0.0381676
-0.0425473
-0.0380204
-0.0316217
-0.0294358
-0.0251035
-0.022078
-0.0313378
-0.037974
-0.0413168
-0.0467767
-0.0509374
-0.0524372
-0.034182
-0.0147008
0.00255363
0.00411476
-0.000668271
0.0016091
-0.00618979
-0.0129638
-0.0159053
-0.0101546
-0.00440296
-0.00208112
0.00415529
0.0116139
0.0173453
0.0258641
0.0401094
0.0509366
0.0583232
0.0632779
0.0647143
0.0540632
0.0461441
0.0385429
0.0250758
0.0179913
0.013221
0.009255
0.0149315
0.0169167
0.0147566
0.0110252
0.0089465
-0.00100721
-0.0159687
-0.0229932
-0.0321316
-0.0434228
-0.0521798
-0.054161
-0.0539052
-0.0573325
-0.050291
-0.0275369
-0.0137425
-0.0145965
-0.025316
-0.025582
-0.0328666
-0.0427465
-0.046036
-0.0504394
-0.0565556
-0.0534129
-0.0336661
-0.0253907
-0.0168106
-0.00306811
0.00603303
0.0144785
0.0179261
0.0193249
0.022743
0.01753
0.0132459
0.0115905
0.0027898
-0.0117797
-0.0176565
-0.0148897
-0.0176164
-0.0200419
-0.0148874
-0.00917636
-0.004277
0.0104246
0.0218945
0.0191809
0.0131911
0.010279
0.00586912
0.0050685
0.0170207
0.024651
0.0443054
0.0641052
0.0511376
0.0531092
0.0565324
0.0366919
0.0278782
0.0266461
0.0237791
0.0318103
0.0570668
0.0662983
0.0597028
0.0697089
0.0761849
0.0806535
0.0909002
0.095648
0.0892472
0.0856159
0.0825423
0.0757014
0.0569245
0.031185
0.0011602
-0.0110357
-0.00455566
-0.00789919
-0.00940827
-0.00218997
0.000272386
0.00618635
0.0219887
0.0316617
0.0253676
0.0223591
0.0237095
0.0201792
0.0172489
0.0187932
0.0280361
0.0347055
0.0417726
0.0505424
0.0582664
0.0672727
0.0772939
0.0720303
0.06441
0.0610737
0.0528934
0.0453856
0.0360471
0.0199826
-0.00138691
-0.0173396
-0.0319492
-0.0406571
-0.0385245
-0.0443375
-0.0484412
-0.0522356
-0.0702008
-0.0762835
-0.0798612
-0.0903625
-0.108642
-0.100652
-0.0814334
-0.0643798
-0.0509682
-0.0414052
-0.0183103
0.00586285
0.0189318
0.0223103
0.0314163
0.0398735
0.0383273
0.0394391
0.0417199
0.0350466
0.0306384
0.031353
0.0290531
0.0236423
0.0126631
0.00926345
0.0136191
0.0119349
0.0209128
0.0355126
0.0392096
0.0298479
0.02632
0.0226512
0.0121796
0.00367375
-0.01548
-0.0321171
-0.0216028
-0.0205286
-0.0257032
-0.0237632
-0.0236123
-0.0297512
-0.0354219
-0.0350678
-0.0290817
-0.026099
-0.0145151
9.24919e-05
-0.00215737
-0.0138823
-0.0142433
-0.0183072
-0.0244412
-0.0285979
-0.0380533
-0.0507694
-0.0597949
-0.0683957
-0.0706988
-0.0742098
-0.0792414
-0.0783373
-0.0753279
-0.0752499
-0.0714475
-0.0667381
-0.0637775
-0.0554712
-0.0426997
-0.0422379
-0.0483199
-0.0461609
-0.0462992
-0.0430422
-0.0389525
-0.0367999
-0.0320743
-0.0242222
-0.0176449
-0.00582889
0.00888928
0.0186973
0.0179793
0.0183701
0.0220571
0.017743
0.0107426
0.0078582
0.00400502
0.00279086
0.00152232
-0.000736966
-0.00207857
-0.00363949
-0.00671402
-0.00981457
-0.0121798
-0.0125325
-0.0120026
-0.0128071
-0.0138228
-0.0147306
-0.0155619
-0.0165458
-0.0205966
-0.028608
-0.0335397
-0.0346723
-0.0353404
-0.0377474
-0.0386685
-0.0350855
-0.0303555
-0.0279628
-0.0264001
-0.0258409
-0.0243423
-0.0230819
-0.0212538
-0.0193418
-0.0177217
-0.0158692
-0.0099877
0.00298331
0.0121822
0.0212245
0.0321127
0.0420484
0.0513811
0.0561709
0.0609543
0.0666271
0.0649087
0.0643726
0.0649411
0.0563123
0.0435493
0.0309396
0.0236297
0.0209243
0.0144073
0.0112378
0.00941318
0.00646189
0.0136822
0.0245686
0.0294805
0.0331753
0.0362957
0.0403942
0.0432734
0.0421053
0.0419772
0.0383877
0.0292722
0.0236033
0.0113578
0.0023737
0.0133648
0.0175834
0.0190946
0.0276366
0.0332419
0.0339459
0.0361452
0.0393022
0.04014
0.0337053
0.0277992
0.0244172
0.0196489
0.015384
0.0125224
0.0103498
0.00738393
0.00519095
0.0048601
0.00385385
0.00256097
0.00167483
-0.00262669
-0.00908976
-0.01297
-0.0170694
-0.0212129
-0.0221878
-0.0241073
-0.0288602
-0.0330205
-0.0364449
-0.0413732
-0.0466692
-0.0502819
-0.0472147
-0.0456026
-0.0446233
-0.0394712
-0.0357943
-0.0323094
-0.0259442
-0.0203004
-0.0152833
-0.0108451
-0.00789157
-0.00388767
-0.000151481
0.00279398
0.00607858
0.00944177
0.00943159
0.00534601
0.00416899
0.00253324
0.0072394
0.0223599
0.0306478
0.0386037
0.0398143
0.0397501
0.0434724
0.0478264
0.0524545
0.0555988
0.0527537
0.0512712
0.0513777
0.045999
0.0347212
0.0271785
0.0238285
0.0230528
0.020617
0.0211048
0.0188045
0.00669081
-0.00208742
-0.00481209
-0.00281235
-0.00537827
-0.0126262
-0.016733
-0.0203419
-0.0213361
-0.0201239
-0.0234338
-0.0287336
-0.031468
-0.0344421
-0.0356813
-0.0370328
-0.0354341
-0.0297276
-0.0272387
-0.0229012
-0.015623
-0.0101253
-0.00552436
-0.00115789
0.00339886
0.0053552
0.00726955
0.0101547
0.0122887
0.0144241
0.0166165
0.0185739
0.0206566
0.0227317
0.0244981
0.025647
0.0270599
0.0309793
0.0408443
0.0483232
0.0542709
0.0588411
0.0637255
0.069047
0.0724858
0.0674439
0.0642054
0.0620072
0.0555655
0.0495698
0.0347106
0.0210069
0.0176057
0.00954609
0.00338556
0.00439991
0.00421586
0.00776993
0.0105277
0.0135306
0.0180249
0.0216494
0.017759
0.00677018
0.00192117
-0.00578045
-0.0152555
-0.0265133
-0.0394404
-0.0482762
-0.0569002
-0.0672786
-0.0757901
-0.0830048
-0.0884901
-0.0943464
-0.100291
-0.0981574
-0.091379
-0.0899886
-0.0814045
-0.0666822
-0.0617666
-0.0624712
-0.0578199
-0.0546132
-0.0539986
-0.0524731
-0.0556818
-0.0592388
-0.05895
-0.0553786
-0.0537228
-0.0520473
-0.0459809
-0.0383223
-0.0332955
-0.0263121
-0.0168425
-0.0100556
-0.0138201
-0.0185183
-0.0160065
-0.0117988
-0.0104627
-0.00938466
-0.00963754
-0.00668215
0.00680612
0.0163322
0.0176297
0.0198291
0.0246982
0.0263387
0.027351
0.0349282
0.0532435
0.0512008
0.0484003
0.0545658
0.0503371
0.0434454
0.0475174
0.0514785
0.0456673
0.0370387
0.0302089
0.0167392
0.00626406
-0.00327444
-0.00939044
-0.0126869
-0.0188497
-0.0173939
-0.00898095
-0.00694678
-0.00246512
0.00801596
0.0152519
0.0149025
0.0174763
0.0213956
0.0203831
0.0174596
0.0176138
0.0197381
0.0207309
0.0212586
0.0195782
0.016544
0.0151111
0.0124393
0.00851764
0.00612882
0.0125139
0.0218714
0.0263684
0.0308056
0.0293573
0.027131
0.0271152
0.0311796
0.033196
0.0334136
0.0241515
0.0140939
0.00272643
-0.0107412
-0.0231055
-0.0365642
-0.0466215
-0.047888
-0.0527783
-0.0576424
-0.0573692
-0.0591217
-0.0642296
-0.0698967
-0.0710707
-0.0616761
-0.0558238
-0.0458256
-0.0245224
-0.0101487
-0.000879385
-0.00698708
-0.0152576
-0.0237335
-0.0180962
-0.0155853
-0.00846789
0.0121744
0.0237561
0.0363005
0.0446639
0.0434684
0.0498523
0.0601723
0.0669868
0.0728748
0.0802512
0.0862867
0.0834071
0.0810774
0.0756215
0.0570781
0.0555948
0.0621365
0.0572078
0.0567661
0.0583199
0.0542625
0.0529892
0.0595158
0.061076
0.0599099
0.0518588
0.0309603
0.0165914
0.00970408
-0.00246635
-0.0105749
-0.015039
-0.0227944
-0.0305394
-0.0395004
-0.052391
-0.0623327
-0.0679672
-0.0771731
-0.062635
-0.0370431
-0.0183397
0.0151848
0.0338094
0.0413829
0.0500305
0.0570018
0.0569269
0.0551287
0.0463165
0.0321073
0.0201581
-0.00281197
-0.0307731
-0.0360743
-0.0278368
-0.0199247
-0.0144272
-0.0378485
-0.0412237
-0.0365766
-0.0413187
-0.0322826
-0.00702967
0.0103795
0.021034
0.0235464
0.022518
0.0074399
-0.00653003
-0.0314641
-0.0493567
-0.0576115
-0.0642962
-0.0574522
-0.0568924
-0.0538037
-0.048548
-0.0326623
0.00181477
0.0066764
-0.00542881
-0.012004
-0.0235338
-0.0370013
-0.0525372
-0.0519331
-0.0538821
-0.0630889
-0.0671052
-0.0640435
-0.0574076
-0.0450104
-0.0306127
-0.0116387
0.0104844
0.0112182
0.0106509
0.00179789
-0.00777103
-0.0148446
-0.0273709
-0.0477447
-0.0498676
-0.0457706
-0.0448481
-0.0409241
-0.03407
-0.0275221
-0.0218436
-0.0134498
0.0021094
0.00873235
0.00596029
-0.00462307
-0.0165193
-0.0330277
-0.0485202
-0.0470637
-0.0424756
-0.0247176
9.24287e-05
0.0113702
0.00625336
0.00632049
0.0045127
-0.00290838
-0.0009723
0.00822209
0.00738991
-0.000901763
-0.00593815
-0.0136424
-0.0147223
-0.0145241
-0.00261601
0.0196293
0.0208538
0.027476
0.0396675
0.0458578
0.0525227
0.0536378
0.0539149
0.0557442
0.0517164
0.0523901
0.055883
0.0555309
0.0550891
0.0557256
0.0646603
0.0773047
0.0779137
0.081756
0.0799544
0.0736786
0.0723838
0.069305
0.0631537
0.0443511
0.0250064
0.0123385
0.00993747
0.00780231
0.00546527
0.00479765
0.0141434
0.022875
0.0209401
0.0124572
0.0114383
0.0167532
0.019654
0.0231133
0.0306795
0.0235877
0.00654778
0.00564741
-0.00293879
-0.0143386
-0.0225171
-0.0321853
-0.0417421
-0.0439774
-0.0461153
-0.0354841
-0.0159235
-0.0187535
-0.0146884
-0.00648147
-0.0153397
-0.0243847
-0.0242316
-0.0227825
-0.0236907
-0.0181734
-0.0128052
-0.0167846
-0.026037
-0.0292485
-0.035094
-0.0421412
-0.0440492
-0.0440544
-0.0458409
-0.036217
-0.0245705
-0.0225412
-0.0283287
-0.024835
-0.0100813
-0.00251003
0.00481371
0.0147466
0.0183496
0.0111057
0.0084544
0.00398602
-0.00307699
-0.00521082
-0.00835234
-0.0107949
-0.0121084
-0.0116671
-0.0128644
-0.0247449
-0.0375228
-0.0430282
-0.0499574
-0.0586019
-0.0614034
-0.0644163
-0.0605676
-0.0466332
-0.0394199
-0.0195914
0.00426802
0.0204569
0.0324509
0.0322811
0.0347543
0.0311586
0.0270091
0.0285578
0.0288765
0.0282757
0.0339057
0.035592
0.0262257
0.0220235
0.0168745
0.00786925
0.00178858
0.000576998
-0.00581865
-0.0243285
-0.0357344
-0.0333173
-0.0325594
-0.035987
-0.0295243
-0.0194913
-0.0146574
-0.00610834
0.00700496
0.0160191
0.014497
0.0160292
0.0146861
0.0066928
0.00359457
0.00138944
-0.00274772
-0.00156768
0.00453256
0.00616822
0.00904304
0.0127843
0.0155658
0.0160935
0.0133622
0.0127991
0.0121284
0.0115517
0.00578164
-0.00261836
-0.00758721
-0.0157739
-0.025263
-0.0221769
-0.0130339
-0.0117548
-0.00452531
0.0105263
0.017189
0.023752
0.0366718
0.0509473
0.0583826
0.056065
0.0586522
0.0593165
0.0466841
0.0381763
0.0343073
0.0325457
0.0294762
0.0261299
0.0224473
0.0181816
0.0145364
0.011879
0.00955746
0.00666247
-0.0022852
-0.0193152
-0.028402
-0.0368311
-0.0441074
-0.036647
-0.033969
-0.0335745
-0.0247553
-0.0116149
-0.00292299
0.00819681
0.0225774
0.0315115
0.0167543
0.00604833
-0.00731145
-0.00708683
0.0117304
0.0315244
0.0575008
0.0917849
0.115948
0.120632
0.102668
0.0845112
0.0575276
0.035087
0.0227005
0.0354348
0.0451447
0.0554265
0.0652251
0.0596764
0.0583861
0.0560134
0.0432769
0.0351802
0.0250926
0.00915776
-0.00469379
-0.00760416
-0.00561064
-0.0103144
-0.00371299
0.0151668
0.0233427
0.0179639
0.0135462
0.0108622
-0.00381837
-0.0154701
-0.0250606
-0.0374565
-0.0448858
-0.0487088
-0.044165
-0.0307419
-0.024943
-0.0181113
-0.0189985
-0.0198147
-0.0183631
-0.026457
-0.0340874
-0.0331737
-0.0277963
-0.0271783
-0.024503
-0.0195306
-0.0162408
-0.0121144
-0.00609903
-0.000992721
0.0041763
0.0111274
0.0169708
0.0178506
0.0187999
0.00795262
-0.00634183
-0.0140036
-0.011334
-0.000232709
0.00540613
0.0158246
0.0184252
0.0146864
0.0163363
0.00355827
-0.0125801
-0.0166658
-0.0157642
-0.0203441
-0.0242597
-0.0322599
-0.0412872
-0.0480455
-0.0561645
-0.0631458
-0.0596331
-0.0548862
-0.0540033
-0.0436419
-0.0320195
-0.0312304
-0.0400274
-0.0385233
-0.035453
-0.0394278
-0.0417556
-0.0424479
-0.0446388
-0.0448794
-0.0425382
-0.0420302
-0.0398471
-0.0257557
-0.012654
-0.00503525
0.00589003
0.0127987
0.00241584
0.00924751
0.0192817
0.0217264
0.0328753
0.0361299
0.0134821
0.00382963
0.00688387
0.0134577
0.0203909
0.0245337
0.0142503
0.00459898
0.000116422
-0.00947943
-0.0079858
0.00206549
0.0033417
0.00650364
0.0101351
0.0170538
0.0251339
0.0295446
0.0228661
0.0165913
0.0128965
0.00602285
-0.00425927
-0.0165802
-0.016459
-0.0198333
-0.0345358
-0.0460344
-0.0490195
-0.0378862
-0.0271955
-0.0262906
-0.0211145
-0.0145036
-0.0205163
-0.0322227
-0.0358567
-0.0365264
-0.0378046
-0.0401433
-0.0407189
-0.0406964
-0.0416233
-0.0464439
-0.0537718
-0.058218
-0.0624774
-0.0669339
-0.0709919
-0.0686595
-0.0640101
-0.0618595
-0.0537588
-0.04626
-0.0404382
-0.0284703
0.000957725
0.022487
0.0312851
0.0481474
0.0580577
0.054487
0.059346
0.0624903
0.0589175
0.0582527
0.0581934
0.0558202
0.0490335
0.043362
0.0394243
0.0402164
0.0422169
0.0416892
0.0405313
0.0340885
0.0268231
0.0173317
0.00830832
-0.00205556
-0.0131454
-0.0171504
-0.019008
-0.0180577
-0.0110015
-0.0080147
-0.00410797
0.00156511
0.00669581
0.0116441
0.0168658
0.0153707
0.00733098
0.00500127
0.000744416
-0.00404484
0.00227747
0.00973359
0.0125254
0.0186096
0.0253645
0.0308904
0.0369007
0.0410823
0.0400816
0.0411499
0.0428379
0.0472342
0.0562621
0.0590506
0.0522845
0.0496884
0.0466676
0.0383911
0.0327447
0.0288468
0.0244154
0.0196247
0.0123757
0.00220902
-0.00599878
-0.0169649
-0.0271519
-0.0236253
-0.0161338
-0.0161929
-0.0173828
-0.0193406
-0.0202158
-0.0233059
-0.0276361
-0.0305771
-0.0336103
-0.0336324
-0.0334715
-0.0345708
-0.034699
-0.03218
-0.0233349
-0.0223516
-0.0274182
-0.0258061
-0.0262069
-0.0300127
-0.0369029
-0.0407935
-0.0336853
-0.0297492
-0.0279174
-0.0193919
-0.0122566
-0.00662518
0.000616208
0.00747386
0.0132848
0.0191102
0.0252879
0.0321109
0.0338295
0.0330545
0.0350849
0.0354388
0.0273807
0.0170534
0.0101697
0.000949656
-0.0062373
-0.012723
-0.0201029
-0.024358
-0.0254857
-0.018784
-0.0146982
-0.011779
-0.00645141
-0.00158523
0.0054937
0.013355
0.0186714
0.0198675
0.0226199
0.0260523
0.0281228
0.0287139
0.0270769
0.0268979
0.0265392
0.0255416
0.0253788
0.0290424
0.0324514
0.0345536
0.0378148
0.0406015
0.0390824
0.0371724
0.0370466
0.0339711
0.0138084
0.000410868
0.0286322
0.0276872
0.00203909
0.0140043
0.0145654
0.0010453
0.000983234
0.000930908
-0.00365413
-0.00986146
-0.00890789
-0.00220806
-0.00191939
-0.00322876
-0.00130923
0.00840658
0.0170173
0.0206646
0.0236034
0.0318601
0.0436055
0.053641
0.0652326
0.0742968
0.0652852
0.0489964
0.0196451
0.00738466
0.00212694
0.00313963
0.00280946
0.00413002
0.0005466
-0.0105267
-0.0139228
-0.00383656
0.00651712
0.0114987
0.0174759
0.0156753
0.0150523
0.0148697
0.0130572
0.0130657
0.0135834
0.0125541
0.00329221
-0.00612086
-0.00026394
-0.000637249
-0.00269694
0.00067971
0.00219855
0.005096
0.00977094
0.0124177
0.00898425
0.00352406
0.0010972
-0.00783527
-0.0190365
-0.0267674
-0.0363537
-0.0476623
-0.0558706
-0.0442638
-0.0369199
-0.0350493
-0.0281154
-0.0221165
-0.0151465
-0.00402871
-0.000841261
-0.00820399
-0.00906443
-0.0119828
-0.018186
-0.0218715
-0.0223658
-0.0210979
-0.0188467
-0.0102535
-0.00411839
0.000746133
0.00619369
0.0115616
0.0172149
0.0234253
0.0280338
0.0233964
0.0190054
0.0139187
0.00460921
-0.00114225
0.0019492
0.00383412
0.00624919
0.0194784
0.0203503
0.00819786
0.0071482
0.00687929
0.00355724
-0.00694329
-0.0190638
-0.017245
-0.014078
-0.0162713
-0.00899667
-0.00235121
-0.0036442
-0.00894846
-0.0100747
-0.0127106
-0.0165691
-0.0199025
-0.0277486
-0.0355579
-0.0410404
-0.0406162
-0.0374971
-0.0380924
-0.0369777
-0.036654
-0.0377668
-0.0377333
-0.0380078
-0.0364421
-0.029277
-0.0243663
-0.0199656
-0.0110202
-0.00160953
0.00584044
0.00974591
0.00932552
0.0125124
0.0146827
0.0152244
0.016019
0.017068
0.0153666
-0.00344265
-0.0141607
-0.0178596
-0.0222069
-0.0216274
-0.0225333
-0.0153483
-0.00861422
-0.00720719
-0.00961783
-0.0097515
-0.0117967
-0.0203443
-0.026202
-0.0305408
-0.034731
-0.0389931
-0.042314
-0.0329834
-0.0192609
-0.0190269
-0.0213945
-0.0170422
-0.016081
-0.0169599
-0.0163398
-0.0159676
-0.0158829
-0.0129998
-0.00857124
-0.0060384
-0.00234185
0.00545816
0.0125946
0.0184335
0.0253852
0.0315076
0.0357053
0.0399321
0.0383403
0.0364717
0.0369045
0.0355532
0.0339657
0.0329244
0.0309053
0.0226463
0.0148121
0.0093743
0.00307101
-0.00323935
-0.00924622
-0.0154982
-0.0214708
-0.0212523
-0.0173299
-0.0176553
-0.0157356
-0.00867975
-0.00351132
0.000695545
0.00567319
0.00908323
0.0128086
0.0167119
0.0201324
0.0250431
0.0312962
0.0361383
0.0412792
0.0456273
0.0482131
0.051628
0.0529973
0.0532001
0.0541336
0.046989
0.036986
0.0331996
0.0282308
0.0204957
0.0133089
0.00608451
-0.00289047
-0.0122579
-0.0217387
-0.0339338
-0.0409533
-0.0468443
-0.0500119
-0.0497463
-0.0505386
-0.0461894
-0.0428195
-0.0404634
-0.0366835
-0.0329755
-0.0285631
-0.0245167
-0.0224166
-0.0204762
-0.019625
-0.0199765
-0.019338
-0.0178129
-0.0153729
-0.012815
-0.00620274
-0.000718833
0.00302434
0.00807166
0.00904794
0.00456309
0.00441496
0.00790657
0.00963019
0.0102868
0.0114842
0.00626085
0.00102647
-0.0019287
-0.00671434
-0.0106829
-0.00982009
-0.0101222
-0.0115348
-0.0112711
-0.0103408
-0.00996011
-0.0100658
-0.0142108
-0.0161779
-0.0139522
-0.0136382
-0.0114556
-0.00932051
-0.00768889
-0.00563862
-0.00370967
-0.00191251
-5.49814e-05
0.00173114
0.00345311
0.004595
0.00471899
0.00535648
0.00680897
0.00903395
0.0111759
0.0135933
0.015843
0.0163094
0.0145863
0.0144143
0.0140058
0.013008
0.0120456
0.0107542
0.0096948
0.00861394
0.00684423
0.00488687
0.00592708
0.00833439
0.00892921
0.0110996
0.0135331
0.0154004
0.0198328
0.0236375
0.0203071
0.0189243
0.0182717
0.0146664
0.0125692
0.0119853
0.0111108
0.0120093
0.0145654
0.0153994
0.0149102
0.0140493
0.0127792
0.0111739
0.00923082
0.00639603
0.00474447
0.00333388
0.00141827
-0.000748941
-0.00338095
-0.00557647
-0.00561731
-0.00440463
-0.0045278
-0.00384007
-0.00298297
-0.0024029
-0.00163679
-0.000952613
-0.000339771
-0.000124742
-0.0027762
-0.00476335
-0.00588886
-0.00772637
-0.00869152
-0.00955211
-0.0106781
-0.0114116
-0.0116982
-0.0121404
-0.01259
-0.0127092
-0.0126203
-0.0126552
-0.0117515
-0.0102758
-0.00958907
-0.009241
-0.00824826
-0.00678381
-0.00589266
-0.0051935
-0.00447557
-0.00383166
-0.00388197
-0.00390358
-0.00370541
-0.00376067
-0.00377584
-0.00340187
-0.00298128
-0.00275386
-0.0027867
-0.00312827
-0.00342083
-0.00416523
-0.00473901
-0.00523302
-0.00506098
-0.0030731
-0.00222514
-0.0017898
-0.0021727
-0.00299086
-0.00315891
-0.00348762
-0.00366881
-0.0032946
-0.0031793
-0.00301607
-0.00209647
-0.00147034
-0.00125653
-0.000708202
-9.6864e-05
0.000405203
0.000517696
0.000216169
0.000216253
-3.26668e-05
-0.00049663
-0.000658542
-0.000383077
-0.000261547
-3.13823e-05
0.00040367
-0.000178805
-0.00116541
-0.000916172
-0.000584363
-0.000798498
-0.00101347
-0.00126776
-0.00144428
-0.00159988
-0.00172309
-0.00176959
-0.00168766
-0.00127968
-0.000702919
-0.00102486
-0.00160552
-0.00189173
-0.00210261
-0.00214109
-0.00220064
-0.00183751
-0.00145711
-0.00191203
-0.00222983
-0.00199661
-0.00206147
-0.00216062
-0.00202884
-0.00174214
-0.00155774
-0.00134111
-0.00110905
-0.000966173
-0.000848683
-0.000698544
-0.000562337
-0.000451898
-0.000327342
-0.000314116
-0.000473567
-0.00043596
-0.000283978
-0.000396025
-0.000442719
-0.000484153
-0.000671937
-0.000810285
-0.000870427
-0.000926269
-0.000965044
-0.000962545
-0.000991702
-0.000991127
-0.000890456
-0.000803691
-0.000681798
-0.000522182
-0.000421816
-0.000353982
-0.000295708
-0.000334636
-0.000354953
-0.000409938
-0.000525512
-0.000503892
-0.000464367
-0.000428806
-0.000385785
-0.000290024
-0.000204433
-0.000154743
-0.000108007
-6.54241e-05
-5.3898e-05
-3.176e-05
-3.90431e-06
1.7897e-05
4.38707e-05
7.38153e-05
0.000103517
0.000153446
0.000202981
0.000239671
0.000280957
0.000323422
0.000358337
0.000377151
0.000384439
0.000383599
0.000396723
0.000415674
0.000430825
0.000450457
0.000480752
0.000510102
0.000532452
0.000557104
0.000582812
0.000604025
0.00062296
0.000650764
0.000680333
0.000705042
0.000729688
0.000752504
0.000776032
0.000797984
0.000819409
0.000840544
0.000863725
0.000887955
0.000912645
0.000937616
0.000959937
0.000983345
0.00100671
0.00102943
0.00105255
0.00107556
0.00109837
0.00112096
0.0011433
0.0011657
0.00118814
0.00121055
0.00123297
0.00125545
0.00127809
0.00130063
0.00132315
0.00134571
0.00136824
0.00139078
0.00141332
0.00143583
0.00145841
0.00148099
0.0015036
0.00152629
0.00154903
0.00157182
0.00159467
0.00161757
0.00164052
0.00166353
0.00168659
0.00170972
0.0017329
0.00175614
0.00177945
0.00180282
0.00182625
0.00184976
0.00187333
0.00189698
0.0019207
0.00194449
0.00196836
0.00199231
0.00201634
0.00204045
0.00206464
0.00208891
0.00211326
0.0021377
0
0
0
0
