0.0164932
0.0164441
0.0163952
0.0163468
0.0162989
0.0162513
0.0162035
0.016155
0.0161048
0.0160522
0.0159968
0.0159388
0.0158796
0.0158211
0.015766
0.0157159
0.0156698
0.0156232
0.0155681
0.0154961
0.0154023
0.0152886
0.0151661
0.0150546
0.014971
0.014917
0.0148793
0.0148427
0.014801
0.0147536
0.0147015
0.0146468
0.0145901
0.0145325
0.014475
0.01442
0.0143693
0.0143201
0.0142628
0.0141839
0.0140703
0.0139155
0.0137261
0.0135277
0.0133563
0.0132308
0.0131441
0.013072
0.012995
0.0129081
0.0128127
0.0127124
0.0126101
0.0125077
0.0124053
0.0123028
0.0122001
0.0120989
0.0120017
0.0119116
0.0118299
0.0117537
0.0116739
0.011575
0.0114377
0.0112458
0.0109954
0.010705
0.0104213
0.0101998
0.0100503
0.0099427
0.00983727
0.00972257
0.0096032
0.00948585
0.00937328
0.00925987
0.00913178
0.00897197
0.00876977
0.00853321
0.00829909
0.00813599
0.00813337
0.00837404
0.00889073
0.00961972
0.0103801
0.0109521
0.0112286
0.011215
0.0110306
0.010856
0.0107549
0.01072
0.0107245
0.0107376
0.0107361
0.0107077
0.0106514
0.010574
0.0104865
0.0104007
0.0103265
0.0102692
0.010228
0.0101935
0.0101475
0.0100637
0.00991333
0.00967445
0.00934414
0.0089468
0.00851393
0.0080488
0.00754793
0.00702141
0.00649129
0.0059724
0.00546666
0.00496325
0.00443447
0.00383637
0.00311609
0.00223079
0.00117675
1.48602e-05
-0.00112834
-0.00213255
-0.00299807
-0.00382626
-0.00474148
-0.00575237
-0.00677049
-0.00766905
-0.00835861
-0.00882214
-0.00914018
-0.00947129
-0.00992522
-0.0105073
-0.0111585
-0.0118086
-0.0123959
-0.0128619
-0.0131582
-0.0132641
-0.0132065
-0.0130571
-0.0128603
-0.0125783
-0.0121442
-0.0115135
-0.0106883
-0.00968534
-0.00847147
-0.00702884
-0.00541546
-0.00375731
-0.00214329
-0.000582947
0.000959668
0.00252921
0.00412739
0.00572492
0.00728286
0.00876834
0.0101685
0.01148
0.0126863
0.0137847
0.0147853
0.0156423
0.0162578
0.0165619
0.0165859
0.0164842
0.016438
0.0165566
0.0169113
0.0175355
0.0183893
0.0193255
0.0201245
0.0206563
0.0209003
0.0209205
0.0208002
0.0204814
0.0198585
0.0188968
0.017709
0.0165367
0.0155588
0.0148727
0.0145137
0.014429
0.0144635
0.0144583
0.0144131
0.0144037
0.0144942
0.0146891
0.0148971
0.0149258
0.0145166
0.0134289
0.0115654
0.00910356
0.00654688
0.00447244
0.00308752
0.00229411
0.00183296
0.00153005
0.00136126
0.00130871
0.00133418
0.00149372
0.00183913
0.00232642
0.00283435
0.00327486
0.00358458
0.00372237
0.00369842
0.00358783
0.00348697
0.00342899
0.00341503
0.00343834
0.00348606
0.00353842
0.00356696
0.00353849
0.00342663
0.00323185
0.00300356
0.0028558
0.0029619
0.0035287
0.00475004
0.00668581
0.00912223
0.0115579
0.0134526
0.0143721
0.0140295
0.012419
0.00998516
0.007481
0.00528706
0.00343458
0.00184378
0.000404916
-0.000984195
-0.00237313
-0.00370986
-0.00492073
-0.00598885
-0.00696744
-0.00789481
-0.00876778
-0.00958361
-0.0103496
-0.0110509
-0.0116307
-0.0120291
-0.0122282
-0.0122883
-0.0123691
-0.0126732
-0.0132889
-0.0141709
-0.0151412
-0.0159391
-0.0163373
-0.016167
-0.0153804
-0.0141378
-0.0128665
-0.0121019
-0.012001
-0.0123108
-0.0126624
-0.0128904
-0.012961
-0.0128899
-0.0127261
-0.012535
-0.012396
-0.0123926
-0.012602
-0.0130676
-0.0137677
-0.014584
-0.0153191
-0.0158017
-0.0159578
-0.0158301
-0.0156112
-0.0156511
-0.0163959
-0.0181701
-0.0208856
-0.0239573
-0.0265383
-0.0281859
-0.0288155
-0.0286413
-0.0281445
-0.0277214
-0.0274223
-0.02714
-0.0267738
-0.0263017
-0.0257918
-0.0253108
-0.0249302
-0.0247103
-0.0246625
-0.0247129
-0.0247364
-0.0246827
-0.024552
-0.0243674
-0.024172
-0.0240061
-0.023892
-0.0238381
-0.0238426
-0.023888
-0.0239447
-0.0239876
-0.0240121
-0.0240237
-0.0240316
-0.0240445
-0.0240697
-0.0241099
-0.0241628
-0.0242188
-0.0242622
-0.0242728
-0.0242332
-0.024136
-0.0239951
-0.0238417
-0.0237043
-0.0236122
-0.0235943
-0.0236633
-0.0237986
-0.0239269
-0.0239206
-0.023626
-0.0229271
-0.0217985
-0.0203639
-0.0188528
-0.0173815
-0.0159696
-0.0146303
-0.0133985
-0.012332
-0.0114826
-0.0108561
-0.0103676
-0.00987093
-0.00929969
-0.00866925
-0.00803011
-0.00745194
-0.00700698
-0.00675195
-0.00670064
-0.00679901
-0.00692837
-0.00697899
-0.00687944
-0.00658455
-0.0060839
-0.00542493
-0.00471041
-0.00402459
-0.00336989
-0.00271392
-0.00202543
-0.00129289
-0.000535595
0.000196971
0.000846856
0.00137303
0.0017639
0.00204748
0.00227021
0.00240605
0.00234697
0.00198149
0.00127653
0.000345679
-0.000526809
-0.00100329
-0.000910212
-0.000259949
0.000725195
0.00171508
0.00261439
0.00344593
0.00422406
0.00490544
0.00534555
0.00533075
0.00468215
0.00338523
0.00170806
0.000135508
-0.00100378
-0.0015791
-0.00160754
-0.00128397
-0.000931007
-0.000757907
-0.000780406
-0.000922327
-0.00107823
-0.00116733
-0.0011829
-0.00118321
-0.00126518
-0.00153194
-0.0020466
-0.00278778
-0.00362521
-0.00438186
-0.00495007
-0.00528041
-0.00537961
-0.00533497
-0.00528327
-0.00529285
-0.00536546
-0.00547897
-0.00560187
-0.00570225
-0.00575031
-0.00572339
-0.00561114
-0.00542501
-0.00520483
-0.00501272
-0.00489481
-0.00486314
-0.00489912
-0.00496129
-0.00501286
-0.00504467
-0.00506093
-0.00506913
-0.00507578
-0.00508483
-0.00509751
-0.00511407
-0.00513508
-0.00516286
-0.00520027
-0.00524919
-0.00530687
-0.00536336
-0.0053999
-0.00539206
-0.00531664
-0.0051644
-0.00495254
-0.00473453
-0.00458066
-0.00451972
-0.00454098
-0.00460359
-0.0046598
-0.00469435
-0.00470962
-0.00471322
-0.00471364
-0.00471787
-0.00473043
-0.0047536
-0.00478748
-0.00482997
-0.00487569
-0.00491536
-0.0049356
-0.00492092
-0.00485824
-0.00474413
-0.00459236
-0.00443204
-0.00428363
-0.00415394
-0.00404985
-0.00398717
-0.00399824
-0.00414871
-0.0045341
-0.00523142
-0.00624457
-0.00748823
-0.00887759
-0.010397
-0.0120168
-0.0136658
-0.0153108
-0.0169776
-0.0187037
-0.0205074
-0.0223685
-0.0242191
-0.0259417
-0.0273864
-0.0284129
-0.0289511
-0.0290662
-0.0289333
-0.0286213
-0.0280559
-0.0271677
-0.0259837
-0.0245787
-0.0229589
-0.021165
-0.0193525
-0.0177378
-0.0164167
-0.015363
-0.014438
-0.0134534
-0.0123657
-0.011232
-0.0101551
-0.00925707
-0.0086391
-0.00833701
-0.00827927
-0.00829123
-0.00821827
-0.00803201
-0.00778318
-0.00755082
-0.00738792
-0.00729664
-0.0072416
-0.00718012
-0.00712117
-0.0071295
-0.00730075
-0.00772499
-0.00843636
-0.0093616
-0.0103004
-0.0110162
-0.0114027
-0.0114758
-0.0113686
-0.0112723
-0.0112538
-0.011306
-0.0114042
-0.01152
-0.0116311
-0.0117208
-0.0117757
-0.0117815
-0.0117243
-0.0115956
-0.0114031
-0.0111813
-0.0109882
-0.0108684
-0.0108351
-0.0108729
-0.0109423
-0.0110054
-0.0110466
-0.0110596
-0.0110408
-0.0109912
-0.0109237
-0.0108694
-0.0108822
-0.0110321
-0.0113875
-0.0119829
-0.0127846
-0.0136842
-0.0145841
-0.0154658
-0.0163344
-0.0171769
-0.0179509
-0.0185869
-0.0190127
-0.0191868
-0.0191391
-0.0189423
-0.0185812
-0.0180316
-0.0173426
-0.0166193
-0.0159102
-0.0152093
-0.0145026
-0.013781
-0.0130471
-0.0123121
-0.0115898
-0.0108875
-0.0102026
-0.00951943
-0.00881849
-0.00809714
-0.00738971
-0.00675953
-0.00628401
-0.00602548
-0.00599637
-0.00612072
-0.00626096
-0.00633573
-0.00628697
-0.00605356
-0.00559336
-0.00491254
-0.00410369
-0.00331478
-0.00262393
-0.00207308
-0.0016976
-0.00150858
-0.00147339
-0.00149185
-0.00144419
-0.00132707
-0.00122031
-0.00123603
-0.0014883
-0.00204536
-0.00288333
-0.00384637
-0.00468346
-0.00521941
-0.00544006
-0.00546513
-0.00546995
-0.00549637
-0.00545796
-0.00521914
-0.00466501
-0.00376797
-0.00264589
-0.00150835
-0.000446731
0.000511549
0.00134631
0.00203713
0.00254118
0.00281937
0.00288743
0.00284862
0.00282724
0.00284953
0.00289393
0.00293765
0.00296578
0.00297984
0.00299325
0.00302638
0.00309513
0.00320211
0.00333158
0.00346321
0.00358324
0.00368028
0.0037429
0.00376528
0.00375202
0.00372244
0.00369886
0.00368808
0.00368722
0.00369126
0.00369324
0.0036865
0.00366529
0.00362776
0.00357773
0.00352752
0.0034973
0.00351292
0.00359751
0.00376002
0.00398181
0.00420863
0.0043695
0.0044365
0.00442111
0.00436651
0.00432204
0.00430408
0.00430876
0.00432495
0.00433811
0.0043354
0.0043086
0.00425861
0.00419724
0.00414818
0.00414255
0.00421055
0.0043665
0.00459283
0.00482638
0.0049677
0.00492649
0.00465967
0.00419071
0.00362026
0.00306678
0.00256595
0.0021089
0.00167791
0.00125379
0.000821464
0.000369175
-0.000110481
-0.000617095
-0.00113472
-0.00163561
-0.00208407
-0.00244492
-0.00269521
-0.00283916
-0.00291902
-0.00300478
-0.00313208
-0.00325119
-0.00325171
-0.00299874
-0.00237877
-0.00135884
-4.35248e-05
0.00136397
0.00276732
0.00415502
0.00551165
0.0067818
0.0078661
0.00864946
0.0090575
0.0091235
0.00902555
0.00898194
0.0090603
0.00923935
0.00946147
0.00963887
0.00966638
0.00943941
0.00889031
0.00803356
0.00701115
0.00608133
0.00547712
0.00526562
0.00535687
0.00555378
0.00569667
0.00571129
0.00555532
0.00520042
0.00464459
0.00393706
0.00318626
0.00250191
0.00194283
0.00154574
0.00133217
0.00128972
0.00134881
0.00141013
0.00145222
0.00148872
0.00152521
0.00155635
0.00158187
0.00160654
0.0016411
0.00170782
0.00184022
0.00207616
0.00244143
0.0029286
0.00348393
0.00403553
0.00454809
0.00499961
0.00536524
0.00562331
0.00576697
0.00581924
0.0058221
0.00577131
0.00560801
0.0052738
0.00475765
0.00412344
0.00347675
0.00289211
0.00243583
0.00217356
0.00214288
0.0023199
0.00258687
0.00277925
0.00284426
0.00280631
0.00272311
0.00265396
0.00261512
0.00259681
0.00258106
0.00255392
0.00251421
0.00247628
0.00246629
0.00251015
0.00261706
0.00276448
0.0028919
0.00291145
0.00273971
0.00234745
0.00181509
0.001368
0.00136359
0.00220181
0.00415607
0.00715143
0.0106157
0.013596
0.0149868
0.0136604
0.00886526
0.000794139
-0.00887995
-0.0173664
-0.0226176
-0.0236901
-0.0206959
-0.0151278
-0.0093203
-0.00436147
-0.000204525
0.00350019
0.00706132
0.0105675
0.0138943
0.0168032
0.0191341
0.020986
0.0227197
0.0245635
0.026477
0.0282935
0.0298105
0.0308429
0.0312989
0.0312531
0.030968
0.0307338
0.0307275
0.0310758
0.0318721
0.033121
0.034674
0.0362305
0.037511
0.0383295
0.0385738
0.0382412
0.0375091
0.0366991
0.0360173
0.0354743
0.0350054
0.0345374
0.0340187
0.0334336
0.0328132
0.0322254
0.0317525
0.0314572
0.0313519
0.0313707
0.0314024
0.0314041
0.0313737
0.0313176
0.0312471
0.0311742
0.0311134
0.0310805
0.0310911
0.0311528
0.0312568
0.0313672
0.0314176
0.0313184
0.0309805
0.0303573
0.029492
0.0285556
0.0277901
0.0273147
0.0271386
0.027176
0.0272704
0.0273224
0.0273237
0.0272999
0.0272713
0.0272347
0.0271572
0.026984
0.026659
0.0261536
0.0254954
0.0247542
0.0239441
0.0230011
0.0218443
0.0204276
0.0187644
0.0168697
0.014661
0.0120747
0.00917797
0.00622765
0.00357518
0.00135399
-0.000499194
-0.0021865
-0.00392005
-0.00571752
-0.00748235
-0.00908857
-0.0104375
-0.0115124
-0.0124164
-0.0133194
-0.0142783
-0.0152701
-0.0162357
-0.0170903
-0.0177431
-0.0181286
-0.0182485
-0.0182066
-0.0181634
-0.0181723
-0.0182252
-0.0183015
-0.0183787
-0.0184409
-0.0184801
-0.0184953
-0.01849
-0.0184709
-0.0184466
-0.0184277
-0.0184256
-0.0184505
-0.0185058
-0.0185826
-0.0186532
-0.01867
-0.0185722
-0.0183044
-0.0178441
-0.0172325
-0.0165719
-0.0159538
-0.0154325
-0.0150495
-0.014832
-0.0147746
-0.0148167
-0.014861
-0.0148645
-0.0148332
-0.0147862
-0.0147421
-0.0147124
-0.0147009
-0.0147048
-0.0147183
-0.014735
-0.0147503
-0.0147622
-0.014771
-0.0147782
-0.0147855
-0.0147935
-0.0148015
-0.0148076
-0.0148098
-0.0148071
-0.0148011
-0.0147964
-0.0147997
-0.0148177
-0.0148532
-0.0149016
-0.014949
-0.0149726
-0.0149484
-0.0148617
-0.0147228
-0.0145788
-0.0145178
-0.0146558
-0.0151013
-0.0159017
-0.0169788
-0.0180879
-0.018855
-0.0190459
-0.0188823
-0.0186884
-0.0185844
-0.018582
-0.0186541
-0.0187608
-0.0188667
-0.0189483
-0.0189958
-0.0190092
-0.0189942
-0.0189593
-0.0189147
-0.0188736
-0.0188522
-0.018868
-0.0189336
-0.0190459
-0.0191762
-0.0192626
-0.0192164
-0.0189418
-0.0183786
-0.0175502
-0.0166085
-0.0157888
-0.0152386
-0.0150235
-0.0151255
-0.0154136
-0.0156984
-0.0158336
-0.0156813
-0.0151027
-0.0140185
-0.0124822
-0.0107575
-0.009237
-0.00814003
-0.0075471
-0.00742694
-0.00759051
-0.00775818
-0.0078005
-0.00772776
-0.00759236
-0.00745128
-0.00734315
-0.00728539
-0.00727462
-0.00729656
-0.00733237
-0.00736739
-0.00739203
-0.00740411
-0.00740566
-0.00740174
-0.00739682
-0.00739445
-0.00739564
-0.00740041
-0.00740713
-0.00741449
-0.00742108
-0.00742664
-0.007431
-0.00743483
-0.0074384
-0.00744247
-0.00744683
-0.00745141
-0.00745552
-0.007459
-0.00746151
-0.0074636
-0.0074659
-0.0074699
-0.00747637
-0.00748571
-0.0074966
-0.00750666
-0.00751205
-0.00750954
-0.00749754
-0.00747939
-0.00746282
-0.00746028
-0.00748423
-0.0075412
-0.0076223
-0.0076967
-0.00770864
-0.00758624
-0.00726089
-0.00670071
-0.00594481
-0.00510799
-0.00429461
-0.0035268
-0.00278821
-0.00205773
-0.00131716
-0.000557634
0.000222012
0.00101657
0.00181926
0.00262359
0.00342615
0.00422544
0.00502286
0.00581992
0.0066177
0.00741482
0.00820861
0.00899558
0.00977476
0.0105477
0.0113227
0.0121115
0.0129268
0.0137749
0.0146473
0.0155126
0.0163154
0.0169827
0.0174465
0.017675
0.0177084
0.017662
0.0176416
0.0176696
0.0177294
0.0177969
0.0178509
0.0178786
0.0178771
0.0178526
0.0178192
0.0177946
0.0177962
0.0178338
0.0179023
0.0179749
0.0180001
0.0179074
0.0176249
0.0171085
0.0163775
0.0155311
0.0146855
0.0138625
0.0130416
0.0122093
0.0113773
0.0105907
0.00992021
0.00943901
0.0091865
0.00912944
0.00915627
0.00916348
0.00913074
0.00907519
0.00901861
0.0089771
0.00895597
0.00895012
0.00894776
0.00893648
0.00890975
0.00887181
0.00883919
0.00883655
0.0088873
0.00899904
0.00914895
0.00927417
0.00927599
0.00904292
0.00849534
0.00764414
0.00664435
0.00580199
0.00544856
0.00572117
0.00652416
0.0075255
0.00830623
0.00863043
0.00840811
0.00768266
0.00667656
0.0057416
0.00512378
0.00486598
0.00487569
0.00497233
0.00499541
0.00494497
0.00492705
0.0050788
0.00550781
0.00622368
0.00708871
0.00783353
0.00819841
0.00803615
0.00736219
0.00641324
0.00562736
0.00540128
0.00585159
0.00682714
0.00797722
0.00898862
0.00978535
0.0104216
0.0109888
0.0115386
0.0120367
0.0123975
0.0125415
0.0124581
0.0122549
0.0121311
0.0122873
0.0129261
0.014207
0.0161537
0.0185624
0.0210831
0.0236028
0.0262002
0.0289593
0.0318657
0.0347602
0.037379
0.0394158
0.040612
0.0408912
0.0404976
0.039938
0.0395262
0.0392312
0.0388687
0.0382252
0.0371432
0.0355944
0.0337332
0.0318191
0.02996
0.0281722
0.0264518
0.024786
0.0231663
0.021586
0.0200517
0.0186053
0.0172965
0.0161464
0.0151364
0.0142545
0.013574
0.0131768
0.0130727
0.013146
0.0131971
0.0131227
0.0128784
0.0124464
0.0118524
0.0111801
0.0105388
0.00994663
0.00937072
0.00877089
0.00811993
0.00741957
0.00670695
0.00604465
0.00550607
0.00515459
0.00501406
0.00503605
0.00511736
0.00520014
0.00526032
0.0052631
0.00515281
0.00486141
0.0043396
0.00359536
0.00273244
0.00190744
0.00117474
0.000525203
-7.14776e-05
-0.000660181
-0.00127711
-0.00192657
-0.00259006
-0.00324178
-0.00385754
-0.0044258
-0.00495025
-0.00544968
-0.00596684
-0.00657069
-0.00734301
-0.00835257
-0.00961648
-0.0110626
-0.0125515
-0.0140042
-0.0153941
-0.016701
-0.0179003
-0.0189698
-0.0199078
-0.020752
-0.0215722
-0.0223906
-0.0231222
-0.023631
-0.0237964
-0.0235749
-0.0230584
-0.0224523
-0.0218992
-0.0214168
-0.020966
-0.0204886
-0.019927
-0.0192402
-0.0184187
-0.0174963
-0.0165367
-0.0155757
-0.0146267
-0.0137055
-0.0128399
-0.0120685
-0.0114286
-0.0109338
-0.010555
-0.0102429
-0.00997534
-0.00971046
-0.00935354
-0.00876343
-0.00778961
-0.00634493
-0.00449018
-0.00250521
-0.000805227
0.000365044
0.000925686
0.000961929
0.000750485
0.000600418
0.000597211
0.000706625
0.00087227
0.0010408
0.00117874
0.00126987
0.00130984
0.00129723
0.00123175
0.00111826
0.000978331
0.00086229
0.000855125
0.00106743
0.00160468
0.00251668
0.00374108
0.00509644
0.00641678
0.00766654
0.00886692
0.0100444
0.0112166
0.0123882
0.0135564
0.01472
0.0158861
0.0170607
0.0182299
0.0193711
0.0204633
0.021495
0.0224723
0.0234235
0.0243922
0.0254063
0.0264487
0.0274614
0.0283576
0.0290404
0.0294399
0.0295556
0.0294968
0.0294352
0.0294284
0.0294716
0.0295502
0.0296483
0.0297529
0.0298473
0.0299057
0.0298891
0.0297512
0.0294536
0.0289914
0.0284168
0.0278304
0.027301
0.0268351
0.0264
0.0259386
0.0253777
0.0246468
0.0236965
0.0225168
0.021165
0.0198103
0.0187214
0.0182161
0.0183243
0.0184003
0.0180714
0.0172712
0.0161044
0.0148575
0.0138503
0.0132442
0.0130437
0.0131172
0.0132498
0.0133405
0.0133894
0.0134256
0.0134617
0.0134723
0.0133861
0.013108
0.0125592
0.0117382
0.0107699
0.00990227
0.00935469
0.00917525
0.0092517
0.00939004
0.00949453
0.00956027
0.00959729
0.00959829
0.00952167
0.00930181
0.00887578
0.00823062
0.00744742
0.00670296
0.00616861
0.00595884
0.00612363
0.00661993
0.00727024
0.00784902
0.00834214
0.00884982
0.00946087
0.0101815
0.0108509
0.0110523
0.0101323
0.00745677
0.00276646
-0.00346493
-0.00987485
-0.0147937
-0.0173393
-0.0173987
-0.0156616
-0.0134572
-0.0117298
-0.0107199
-0.0103549
-0.0104001
-0.0104411
-0.0100994
-0.00942578
-0.00871194
-0.00814607
-0.00776552
-0.00744447
-0.00694626
-0.00611495
-0.00499302
-0.00380334
-0.00281349
-0.0022053
-0.00207919
-0.00242675
-0.00313315
-0.00409943
-0.00518232
-0.00615137
-0.00682423
-0.00713855
-0.00713464
-0.00696847
-0.00684791
-0.0068327
-0.0068968
-0.0069983
-0.0070969
-0.00716834
-0.00720381
-0.00720797
-0.0071911
-0.00716459
-0.00713609
-0.00711006
-0.0070881
-0.00707208
-0.00706487
-0.00707094
-0.00709323
-0.00713022
-0.00717171
-0.00719933
-0.00718962
-0.00712388
-0.00700019
-0.00684565
-0.00671979
-0.00670469
-0.0068754
-0.00725519
-0.00776441
-0.00818556
-0.00816949
-0.00730829
-0.00528513
-0.00207988
0.00183256
0.00548782
0.00793084
0.008747
0.00806949
0.00662448
0.00543145
0.00486941
0.00489508
0.00529041
0.00575157
0.00607272
0.00619432
0.00615057
0.00601723
0.00587857
0.00579863
0.00580512
0.00588186
0.00597224
0.00599066
0.00584518
0.00546956
0.004861
0.00411158
0.0033881
0.00281193
0.00240092
0.00208336
0.00170546
0.00106649
4.85405e-05
-0.00128185
-0.00274509
-0.00438616
-0.0067272
-0.0100304
-0.0140705
-0.0180992
-0.0210453
-0.0222576
-0.021736
-0.0201884
-0.0186805
-0.0175851
-0.0168643
-0.0163888
-0.0160126
-0.0156559
-0.015328
-0.0150836
-0.0149487
-0.0148797
-0.0148016
-0.0147109
-0.0146282
-0.0145674
-0.0145322
-0.0145184
-0.0145178
-0.0145221
-0.0145252
-0.0145243
-0.0145191
-0.014511
-0.0145018
-0.0144933
-0.0144862
-0.0144805
-0.0144756
-0.0144706
-0.0144648
-0.0144579
-0.01445
-0.0144422
-0.0144354
-0.0144308
-0.0144286
-0.0144282
-0.0144276
-0.0144236
-0.0144131
-0.0143948
-0.0143704
-0.0143461
-0.0143319
-0.0143388
-0.0143734
-0.0144311
-0.0144891
-0.014504
-0.0144163
-0.014166
-0.0137184
-0.0130941
-0.0123837
-0.0116929
-0.0110471
-0.0104295
-0.00981547
-0.00918579
-0.00853768
-0.00789624
-0.00731611
-0.00686386
-0.00658987
-0.00649811
-0.00651888
-0.00654113
-0.00652876
-0.00648866
-0.00643534
-0.00638392
-0.00634377
-0.00631877
-0.00630745
-0.00630597
-0.0063095
-0.0063142
-0.00631712
-0.00631649
-0.00631099
-0.00629998
-0.00628343
-0.006263
-0.00624235
-0.00622737
-0.00622454
-0.00623839
-0.00626787
-0.00630343
-0.00632624
-0.0063124
-0.00624211
-0.00611421
-0.0059609
-0.00585792
-0.00591998
-0.0062768
-0.00702278
-0.00815509
-0.00951455
-0.0108446
-0.0120236
-0.0130078
-0.0137811
-0.0143672
-0.0148445
-0.0153301
-0.0158812
-0.0164668
-0.0170146
-0.0174466
-0.0177076
-0.0177918
-0.0177622
-0.0177203
-0.0177043
-0.0177139
-0.0177393
-0.0177679
-0.0177903
-0.0178018
-0.0178023
-0.0177948
-0.017783
-0.01777
-0.0177573
-0.0177449
-0.0177323
-0.0177196
-0.017708
-0.0177006
-0.0177002
-0.0177084
-0.0177228
-0.0177359
-0.0177356
-0.0177098
-0.0176529
-0.0175746
-0.0175076
-0.0175077
-0.0176444
-0.0179764
-0.0185175
-0.019207
-0.0199316
-0.020585
-0.0210382
-0.0211383
-0.020759
-0.0198745
-0.0186391
-0.0173457
-0.0161735
-0.0151968
-0.0144621
-0.01399
-0.0137468
-0.0136063
-0.0133653
-0.0128726
-0.0120926
-0.0110866
-0.0100132
-0.00906894
-0.00832611
-0.00775999
-0.00728399
-0.00679361
-0.00626696
-0.00574188
-0.00528128
-0.0049472
-0.00476971
-0.0047211
-0.00472261
-0.00471801
-0.0046982
-0.00467258
-0.0046516
-0.00463925
-0.00462841
-0.00460147
-0.00453412
-0.0044053
-0.00420859
-0.00396379
-0.00370905
-0.00346311
-0.00322606
-0.00299359
-0.00276116
-0.00252683
-0.00229062
-0.00205396
-0.00181723
-0.001579
-0.00133498
-0.00108027
-0.000811053
-0.000529453
-0.0002465
1.59998e-05
0.000229234
0.000365333
0.000411957
0.000386957
0.000347467
0.000368452
0.000501734
0.000773391
0.00117723
0.00166088
0.00213757
0.00255383
0.00294858
0.00342281
0.00410283
0.00509469
0.00642861
0.00800269
0.00959891
0.0110216
0.012116
0.012768
0.0129595
0.0128358
0.0127183
0.0129442
0.0137055
0.0150595
0.0169093
0.0189806
0.020993
0.0229276
0.0248704
0.0268379
0.0286512
0.0298827
0.029988
0.0285294
0.0254603
0.0212473
0.0166121
0.0126334
0.0105508
0.0107888
0.0124499
0.0140011
0.0148254
0.0149135
0.0144873
0.0139021
0.0134562
0.0132872
0.0134025
0.013731
0.0141468
0.0145158
0.014752
0.0148342
0.014794
0.0147016
0.0146197
0.0145866
0.0146202
0.0147201
0.0148613
0.0149928
0.0150378
0.0149075
0.0145276
0.0138797
0.0130416
0.0121936
0.011523
0.0111284
0.0110242
0.0111313
0.0112782
0.0112931
0.0110886
0.0106415
0.00998982
0.00924199
0.00852948
0.00792606
0.00747703
0.00721575
0.00714647
0.00722169
0.007344
0.00743847
0.00747213
0.00742305
0.00727457
0.00703283
0.00675117
0.0065514
0.00662235
0.00718441
0.0084082
0.0103061
0.0126251
0.0149052
0.0168215
0.0182121
0.0190287
0.0193769
0.0195617
0.0200142
0.0209595
0.0222843
0.0236563
0.024757
0.0255608
0.0262529
0.0270401
0.0280666
0.0293946
0.0309783
0.0326609
0.0342711
0.0357103
0.0369271
0.037908
0.0386923
0.0393373
0.0398016
0.0399871
0.039843
0.039438
0.0389503
0.0384935
0.0380602
0.0375953
0.0370425
0.0363719
0.035602
0.0348082
0.034099
0.0335662
0.0332663
0.0331955
0.03326
0.0333184
0.0333251
0.03329
0.0332346
0.0331812
0.0331452
0.033133
0.033143
0.0331679
0.033198
0.0332231
0.0332355
0.0332315
0.0332146
0.0331939
0.0331846
0.0332035
0.0332619
0.0333558
0.0334567
0.0335073
0.0334278
0.033135
0.0325788
0.0317823
0.0308658
0.0299782
0.0291753
0.0284578
0.0278028
0.0271605
0.0264618
0.0256167
0.0245215
0.0230801
0.0212241
0.018894
0.0160958
0.0130101
0.00994091
0.00702927
0.00433694
0.00191666
-0.00020843
-0.00207632
-0.00382385
-0.00561707
-0.00742321
-0.00909234
-0.0104627
-0.0114293
-0.0120138
-0.0123922
-0.0127827
-0.013253
-0.0137807
-0.0143126
-0.0147816
-0.0151273
-0.0153148
-0.0153531
-0.0153076
-0.015273
-0.0152842
-0.0153341
-0.0153937
-0.0154192
-0.0153615
-0.0151805
-0.0148617
-0.0144344
-0.0139695
-0.0135289
-0.013122
-0.0127282
-0.0123155
-0.0118509
-0.0113097
-0.0106892
-0.0100157
-0.00934164
-0.0087146
-0.00814887
-0.00762969
-0.00711887
-0.00656272
-0.00591504
-0.0051806
-0.00445139
-0.00390014
-0.00374591
-0.00418433
-0.00528581
-0.00688871
-0.00858646
-0.00996205
-0.010818
-0.0111255
-0.0110129
-0.0107516
-0.0105789
-0.0105582
-0.0106724
-0.0108919
-0.0111897
-0.0115421
-0.0119151
-0.0122654
-0.0125792
-0.0128781
-0.0131901
-0.0135316
-0.0138981
-0.014262
-0.0145777
-0.0147944
-0.014877
-0.0148303
-0.0147058
-0.0145655
-0.0144743
-0.0145167
-0.0147886
-0.0153619
-0.016235
-0.0172828
-0.0182741
-0.019023
-0.0194609
-0.0196134
-0.0196006
-0.0195802
-0.0195749
-0.0194885
-0.0191963
-0.0186161
-0.0177726
-0.0168165
-0.0159356
-0.0152586
-0.0148628
-0.0147515
-0.0148057
-0.0147862
-0.0144504
-0.0136143
-0.0121569
-0.0099859
-0.0068901
-0.00273275
0.00225112
0.0072725
0.011195
0.0133518
0.0137695
0.0131794
0.0126559
0.0125574
0.0128151
0.0132589
0.0137039
0.0140249
0.0141718
0.014171
0.0140974
0.0140453
0.0140881
0.0142491
0.014475
0.0146318
0.0145202
0.0139281
0.0127091
0.0108872
0.00873641
0.00675993
0.00532497
0.00413957
0.00257672
0.000310855
-0.00254043
-0.00544128
-0.00764414
-0.00869605
-0.00852926
-0.007527
-0.00643054
-0.00575641
-0.00558577
-0.00574953
-0.00600127
-0.00623358
-0.00648469
-0.00684766
-0.00739372
-0.0080952
-0.00881143
-0.00937232
-0.00959702
-0.00931535
-0.00844595
-0.0070852
-0.00552048
-0.00401221
-0.00261124
-0.00127845
2.42628e-05
0.00130739
0.00254114
0.00366616
0.00461384
0.00531343
0.00564426
0.00547721
0.00478876
0.00375378
0.00267142
0.00164041
0.000572211
-0.000672136
-0.00220047
-0.00401333
-0.00595651
-0.00771986
-0.00897134
-0.00957268
-0.0096282
-0.00945071
-0.00933193
-0.00934306
-0.00945046
-0.00959746
-0.0097327
-0.00982457
-0.00986384
-0.00985825
-0.00982511
-0.00978215
-0.00974357
-0.00971646
-0.00970197
-0.00969667
-0.00969581
-0.00969476
-0.00969093
-0.00968314
-0.00967223
-0.00965944
-0.00964643
-0.00963404
-0.0096229
-0.00961281
-0.00960358
-0.00959444
-0.0095852
-0.00957552
-0.00956554
-0.00955519
-0.00954479
-0.00953435
-0.00952413
-0.00951394
-0.00950389
-0.00949383
-0.00948386
-0.00947376
-0.00946368
-0.0094535
-0.00944351
-0.00943332
-0.00942317
-0.00941294
-0.00940279
-0.00939257
-0.00938244
-0.00937231
-0.00936237
-0.00935238
-0.00934245
-0.00933236
-0.00932218
-0.00931168
-0.00930102
-0.00929022
-0.00927972
-0.00926958
-0.00926018
-0.00925148
-0.0092433
-0.0092348
-0.00922512
-0.00921314
-0.00919844
-0.00918124
-0.00916356
-0.00914886
-0.00914227
-0.00914937
-0.0091754
-0.00922317
-0.00929215
-0.00937741
-0.00947633
-0.00960785
-0.0098229
-0.010179
-0.0107083
-0.0113858
-0.0121186
-0.0127951
-0.0133356
-0.0136833
-0.0138146
-0.0137668
-0.0136459
-0.0135613
-0.0135698
-0.0137068
-0.0139989
-0.0144481
-0.0150092
-0.0155964
-0.0161509
-0.0166296
-0.0169794
-0.0171406
-0.0170702
-0.0167755
-0.016344
-0.0159102
-0.0155003
-0.0149848
-0.0141579
-0.0128234
-0.0108867
-0.0084483
-0.00578868
-0.00312985
-0.00056644
0.00182182
0.00392606
0.00562566
0.00684804
0.00764481
0.00823402
0.0088562
0.00952428
0.010138
0.0105971
0.0108495
0.0109313
0.0109435
0.0109486
0.0109639
0.0109913
0.0110258
0.011061
0.0110916
0.0111147
0.0111298
0.0111382
0.0111422
0.0111444
0.0111474
0.0111535
0.0111647
0.0111817
0.0112032
0.0112244
0.0112363
0.0112266
0.0111824
0.0110959
0.0109715
0.0108244
0.0106645
0.0105021
0.0103581
0.0102643
0.0102538
0.0103435
0.0105156
0.0107123
0.0108365
0.0107505
0.0103027
0.00938935
0.00803109
0.00644426
0.00497201
0.00380744
0.00303711
0.00267177
0.0026081
0.002638
0.00258645
0.0024277
0.00220755
0.00198489
0.00180984
0.00170969
0.00168424
0.00170798
0.00174693
0.00178137
0.00180351
0.00181233
0.0018118
0.00180783
0.00180643
0.00181174
0.00182537
0.00184558
0.00186775
0.0018839
0.00188437
0.00185979
0.00180498
0.00172261
0.00162547
0.00152793
0.0014325
0.00133645
0.00123933
0.00114541
0.00106498
0.00101148
0.000996422
0.00102101
0.00107446
0.00114245
0.00120112
0.00120916
0.00111254
0.000860968
0.000434423
-0.000128144
-0.000735462
-0.00131842
-0.00182504
-0.00220132
-0.00240175
-0.00241848
-0.00231459
-0.00224755
-0.00242641
-0.00297976
-0.00392365
-0.00513147
-0.00631928
-0.00717568
-0.00758005
-0.00758918
-0.00740182
-0.00724566
-0.00719324
-0.00723035
-0.00731868
-0.00741727
-0.00749647
-0.00754147
-0.00754959
-0.0075269
-0.00748282
-0.00742829
-0.00737557
-0.00734008
-0.00734024
-0.00739489
-0.00751522
-0.00769528
-0.00790373
-0.00809483
-0.00823238
-0.00828914
-0.00825276
-0.00814287
-0.00802275
-0.00799158
-0.00815145
-0.00859166
-0.00935056
-0.0103692
-0.0114558
-0.0123973
-0.0132717
-0.0142598
-0.0152774
-0.0159328
-0.0158669
-0.0150619
-0.0138397
-0.0126169
-0.0115357
-0.010598
-0.00978291
-0.00906714
-0.00843166
-0.00784645
-0.00725671
-0.006597
-0.005869
-0.00516835
-0.00464765
-0.00447219
-0.0047583
-0.00550177
-0.00651217
-0.00747885
-0.00822968
-0.00868276
-0.00880887
-0.00866459
-0.00842115
-0.00832217
-0.00851402
-0.00906195
-0.00994999
-0.0110455
-0.0120934
-0.0128365
-0.0132119
-0.0133213
-0.0133391
-0.0133501
-0.0133566
-0.0133523
-0.0133597
-0.0134369
-0.0136354
-0.0139935
-0.0145158
-0.0151428
-0.0157699
-0.0163452
-0.0168357
-0.0172016
-0.0174082
-0.0174479
-0.0173703
-0.0172634
-0.0171625
-0.0170934
-0.0171091
-0.0172872
-0.0177064
-0.0184022
-0.0193166
-0.0202844
-0.0211253
-0.0217362
-0.0220709
-0.0221432
-0.0220553
-0.0219641
-0.0219411
-0.0219803
-0.022052
-0.0221254
-0.0221794
-0.0222046
-0.0222022
-0.0221797
-0.022147
-0.0221134
-0.0220864
-0.0220707
-0.0220685
-0.0220784
-0.0220951
-0.0221086
-0.0221056
-0.0220734
-0.0220072
-0.0219189
-0.0218455
-0.0218517
-0.022021
-0.0224311
-0.0231173
-0.0240296
-0.0250519
-0.0261297
-0.0272381
-0.0283059
-0.0291875
-0.0296745
-0.0295538
-0.0287071
-0.0272223
-0.0254399
-0.0237214
-0.0220588
-0.0202444
-0.0180518
-0.0153467
-0.0121943
-0.00890817
-0.0059354
-0.00362117
-0.00217224
-0.00159081
-0.00157083
-0.00162564
-0.00159145
-0.00159477
-0.001829
-0.00242234
-0.00333415
-0.00432624
-0.00507042
-0.0052886
-0.00480254
-0.00361785
-0.00202014
-0.000456491
0.000898568
0.0020262
0.00294429
0.00369882
0.00436103
0.00501156
0.0056551
0.00621448
0.00660353
0.00678783
0.00682488
0.00683145
0.00684916
0.00687835
0.00691449
0.00695307
0.00699364
0.00703728
0.00708388
0.00712789
0.0071571
0.00715471
0.00710722
0.00701544
0.00690632
0.00683913
0.00689981
0.00717813
0.00772723
0.00851472
0.00939077
0.0101329
0.0105536
0.0105128
0.00996496
0.00903404
0.00806773
0.00751529
0.00755288
0.0081053
0.00890983
0.00966664
0.0102814
0.0107779
0.0112156
0.0116591
0.0121538
0.012715
0.0133234
0.0139301
0.0144678
0.0148704
0.015098
0.0151623
0.0151387
0.0151195
0.015133
0.0151727
0.0152248
0.0152753
0.015315
0.0153404
0.0153531
0.0153573
0.0153581
0.0153598
0.0153645
0.0153731
0.0153845
0.0153974
0.01541
0.0154212
0.0154302
0.0154376
0.0154443
0.015452
0.0154623
0.0154761
0.015493
0.0155108
0.0155256
0.0155326
0.0155287
0.0155143
0.0154966
0.0154906
0.0155174
0.0155991
0.0157487
0.0159589
0.0161924
0.016394
0.0165333
0.0166021
0.0166114
0.0165936
0.0165839
0.0165922
0.0166144
0.0166435
0.0166725
0.016697
0.016715
0.0167264
0.0167323
0.0167346
0.0167353
0.016737
0.0167422
0.0167537
0.0167727
0.0167987
0.0168272
0.016851
0.0168604
0.0168479
0.0168122
0.0167642
0.0167273
0.0167344
0.0168156
0.0169797
0.0171908
0.017352
0.0173049
0.0168575
0.0158479
0.0142335
0.0121819
0.010017
0.00791289
0.00591844
0.00407615
0.00245497
0.00113597
0.000162919
-0.000520655
-0.00108794
-0.00169757
-0.0023796
-0.00311252
-0.0038724
-0.00463902
-0.00538876
-0.00607568
-0.00662113
-0.00692754
-0.0069137
-0.00656399
-0.00597987
-0.00535054
-0.00478013
-0.00429814
-0.00392102
-0.00366548
-0.0035401
-0.00352398
-0.00355243
-0.00355343
-0.00351521
-0.0034545
-0.00338963
-0.00333492
-0.00329759
-0.00327957
-0.00327802
-0.00328791
-0.00330059
-0.00330296
-0.00327591
-0.00319628
-0.0030411
-0.0027967
-0.00245647
-0.0019992
-0.00141252
-0.000730598
-3.77718e-05
0.000582392
0.00107261
0.00139665
0.00155327
0.001595
0.00162277
0.00170826
0.00182902
0.00190215
0.0018208
0.00148652
0.000852936
-3.34271e-05
-0.00102935
-0.00199813
-0.00289764
-0.00373232
-0.00451794
-0.00527365
-0.0060163
-0.00676045
-0.00751452
-0.00825355
-0.00885879
-0.00916452
-0.00903293
-0.00843536
-0.00753042
-0.00666458
-0.00618367
-0.00623844
-0.00679762
-0.00764329
-0.00847024
-0.00918954
-0.00983655
-0.0104666
-0.0111182
-0.0117845
-0.0124154
-0.0129364
-0.0132794
-0.0134192
-0.0134122
-0.013375
-0.0133682
-0.0133972
-0.0134508
-0.0135123
-0.0135642
-0.0135895
-0.0135743
-0.0135141
-0.0134224
-0.0133396
-0.013338
-0.0135152
-0.0139696
-0.014762
-0.0158778
-0.0172671
-0.0189189
-0.020752
-0.0225301
-0.0239273
-0.024757
-0.0250047
-0.0248545
-0.0246222
-0.0244489
-0.0243168
-0.0241637
-0.0239311
-0.0235808
-0.0230413
-0.0221377
-0.0207024
-0.0187136
-0.0164109
-0.0143248
-0.0131325
-0.0135167
-0.015925
-0.0202324
-0.0254295
-0.029771
-0.0318096
-0.0309969
-0.0277014
-0.0232173
-0.0190404
-0.0156788
-0.0130912
-0.01108
-0.00936694
-0.00764204
-0.00562192
-0.00323989
-0.000616373
0.00202636
0.00442525
0.00632938
0.00756956
0.0081317
0.0082248
0.00821356
0.00829336
0.00838462
0.00827993
0.00776332
0.00671249
0.00518965
0.00343446
0.00165879
-1.84858e-05
-0.00149064
-0.00264031
-0.00337157
-0.00366813
-0.00365912
-0.00359414
-0.00362949
-0.00376037
-0.00391593
-0.00401732
-0.00401021
-0.00388914
-0.00371302
-0.00360615
-0.00373786
-0.00427547
-0.00531045
-0.00677753
-0.00841031
-0.00986048
-0.0109252
-0.0115167
-0.0116536
-0.0115068
-0.0113397
-0.0112765
-0.0113143
-0.0114154
-0.011542
-0.0116709
-0.0117899
-0.0118863
-0.0119321
-0.0118777
-0.0116576
-0.0112157
-0.0105427
-0.00971554
-0.00888036
-0.00813662
-0.00753616
-0.0071124
-0.00687207
-0.00677822
-0.00674295
-0.00669296
-0.00667003
-0.0067756
-0.00710318
-0.00769061
-0.00847351
-0.00930379
-0.010068
-0.0106928
-0.0111208
-0.0113265
-0.0113405
-0.0112665
-0.0112209
-0.0112314
-0.0112799
-0.0113413
-0.0113938
-0.0114258
-0.0114346
-0.011425
-0.0114047
-0.0113818
-0.0113615
-0.0113468
-0.0113375
-0.0113322
-0.0113287
-0.011325
-0.0113197
-0.0113122
-0.0113024
-0.0112909
-0.0112785
-0.0112667
-0.0112568
-0.0112502
-0.0112474
-0.0112477
-0.0112482
-0.011245
-0.0112334
-0.0112107
-0.0111779
-0.0111422
-0.0111164
-0.0111165
-0.0111544
-0.0112283
-0.0113133
-0.0113555
-0.0112772
-0.0109958
-0.010458
-0.00968256
-0.00878588
-0.00792762
-0.00720205
-0.00666831
-0.00636301
-0.00627572
-0.00632251
-0.00637112
-0.00636306
-0.00630562
-0.00622481
-0.00614639
-0.00608694
-0.00605236
-0.00603972
-0.0060413
-0.00604833
-0.00605394
-0.00605435
-0.00604882
-0.00603875
-0.00602645
-0.00601406
-0.00600298
-0.00599371
-0.00598597
-0.00597913
-0.00597248
-0.00596553
-0.00595804
-0.00595003
-0.00594166
-0.00593318
-0.00592476
-0.00591651
-0.00590844
-0.00590054
-0.00589271
-0.00588492
-0.0058771
-0.00586924
-0.00586132
-0.00585332
-0.00584524
-0.00583713
-0.00582898
-0.00582089
-0.00581293
-0.0058052
-0.00579771
-0.00579041
-0.0057831
-0.00577551
-0.00576735
-0.00575843
-0.00574885
-0.00573913
-0.00573007
-0.00572266
-0.00571757
-0.00571476
-0.00571292
-0.00570959
-0.00570159
-0.00568633
-0.00566343
-0.00563639
-0.00561312
-0.00560475
-0.00562154
-0.0056666
-0.0057282
-0.00577389
-0.00574994
-0.00559049
-0.00523872
-0.00467784
-0.00396315
-0.00321364
-0.00251662
-0.00189899
-0.00136817
-0.000932749
-0.000609894
-0.000458347
-0.000608209
-0.00117128
-0.00213957
-0.00333374
-0.00438231
-0.00482787
-0.00446768
-0.0034564
-0.00219028
-0.00095788
0.000163548
0.00115086
0.00195181
0.00246766
0.00258512
0.0022461
0.00153404
0.000692149
-5.40529e-05
-0.000655076
-0.00114439
-0.00157803
-0.00201717
-0.00249794
-0.00301675
-0.00355306
-0.00408956
-0.00462222
-0.00516244
-0.00572779
-0.00631991
-0.00690379
-0.00740493
-0.00772101
-0.00775146
-0.00744558
-0.00685598
-0.00614979
-0.00549633
-0.00496752
-0.00459
-0.00437222
-0.00429508
-0.00429755
-0.00429703
-0.0042797
-0.00428249
-0.00433948
-0.00444724
-0.00454314
-0.00450338
-0.00416716
-0.00339161
-0.00212918
-0.000506071
0.00119313
0.00273927
0.00403768
0.00506479
0.00585052
0.00649204
0.00710339
0.00766689
0.00810585
0.00837137
0.00848705
0.00854754
0.00861762
0.00869742
0.0087588
0.00877048
0.00871332
0.00859861
0.00848027
0.00845874
0.00866595
0.00922827
0.0102072
0.0115356
0.0130058
0.0144103
0.0156667
0.016753
0.017671
0.0184536
0.0191747
0.0199222
0.0206965
0.0214239
0.0220089
0.0223783
0.0225203
0.0225153
0.0224955
0.0225052
0.0225373
0.0225759
0.0226063
0.0226254
0.0226418
0.0226728
0.0227329
0.0228212
0.022907
0.0229226
0.0227684
0.0223374
0.0215585
0.0204507
0.0191365
0.0177302
0.0162564
0.0147572
0.0133694
0.0123344
0.011954
0.0124744
0.0139338
0.0160069
0.0181268
0.0200189
0.021536
0.0225136
0.0228108
0.0223912
0.0214437
0.0203561
0.0193902
0.0185856
0.0179205
0.0173855
0.0169942
0.0167569
0.0166324
0.0164815
0.0160932
0.0153321
0.0142255
0.0129433
0.0116911
0.0105477
0.00952702
0.00862797
0.00783947
0.00713476
0.00646437
0.00578255
0.0050932
0.00441616
0.00375845
0.00310419
0.00242031
0.00168083
0.000880954
4.44231e-05
-0.000771976
-0.00148809
-0.00203864
-0.00245732
-0.00291097
-0.00366725
-0.00497463
-0.00682587
-0.00883865
-0.0104593
-0.0114511
-0.0118732
-0.0120031
-0.0121751
-0.0125117
-0.0130043
-0.013586
-0.0141536
-0.0145904
-0.0147885
-0.0146803
-0.0142727
-0.0136774
-0.0130707
-0.0125368
-0.0120678
-0.0116165
-0.0111202
-0.0105217
-0.0097869
-0.00892185
-0.00798266
-0.00705431
-0.00617961
-0.00535041
-0.00452186
-0.00362241
-0.00257255
-0.00131463
0.000150009
0.00173273
0.00328163
0.00464831
0.00568544
0.00627657
0.00640284
0.00621382
0.00599586
0.00595567
0.0062179
0.0068707
0.00793861
0.00933198
0.010833
0.0122215
0.0133871
0.01427
0.0148393
0.0151207
0.0152283
0.0153491
0.0155886
0.0158468
0.0159012
0.0155021
0.0144684
0.0127995
0.010769
0.00887769
0.00753423
0.00688725
0.00684851
0.00710958
0.00732471
0.00740072
0.00738163
0.00733754
0.00732463
0.0073652
0.00746576
0.00761522
0.00778321
0.00792566
0.00799491
0.0079483
0.00774653
0.00736292
0.00681736
0.0061945
0.00559575
0.00505306
0.00455187
0.0040509
0.00348277
0.00276162
0.00179048
0.000458232
-0.00132927
-0.00355561
-0.00601081
-0.00835406
-0.0103845
-0.011998
-0.0131604
-0.013951
-0.0145569
-0.0151214
-0.0156282
-0.0160161
-0.0162702
-0.0164378
-0.0165491
-0.016549
-0.0163538
-0.0159083
-0.0152298
-0.0144369
-0.0137057
-0.0131744
-0.0129542
-0.0131127
-0.0136265
-0.0143356
-0.0150112
-0.0155954
-0.0161274
-0.016663
-0.0172473
-0.0178902
-0.0185567
-0.0191648
-0.0196047
-0.0197743
-0.0196287
-0.0192276
-0.0187359
-0.0183004
-0.0179427
-0.0176101
-0.0172183
-0.0166737
-0.0159039
-0.0148909
-0.0137023
-0.0124711
-0.0112896
-0.0102092
-0.00926991
-0.00849649
-0.00788154
-0.007364
-0.00684861
-0.00629576
-0.00571424
-0.00512361
-0.00453872
-0.0039627
-0.00338755
-0.00280033
-0.00219292
-0.00157158
-0.000962294
-0.000411719
2.06654e-05
0.00028345
0.000362529
0.000311083
0.000236619
0.000213737
0.000284737
0.000482211
0.000822581
0.00128978
0.00181779
0.00231677
0.00276421
0.00318011
0.00359845
0.00405834
0.00459172
0.005212
0.00590151
0.0066105
0.00727641
0.00782908
0.00820044
0.00835141
0.00830586
0.008164
0.00804692
0.00804347
0.00823442
0.00868952
0.00943094
0.0103892
0.0113919
0.0122567
0.0128822
0.0132262
0.0133064
0.0132279
0.0131489
0.0131408
0.0131963
0.0132843
0.0133729
0.0134408
0.0134795
0.0134915
0.0134855
0.0134722
0.01346
0.0134539
0.0134549
0.0134617
0.0134714
0.0134815
0.01349
0.0134964
0.0135009
0.0135042
0.0135071
0.0135105
0.0135144
0.013519
0.0135239
0.013529
0.013534
0.0135389
0.0135437
0.0135485
0.0135532
0.013558
0.0135626
0.0135669
0.0135709
0.0135744
0.0135779
0.0135818
0.0135866
0.0135928
0.0136003
0.0136083
0.0136153
0.0136196
0.0136196
0.0136155
0.0136092
0.0136052
0.0136089
0.0136251
0.0136545
0.0136908
0.0137202
0.0137239
0.0136861
0.0136062
0.0135136
0.0134766
0.0136007
0.0140053
0.0147815
0.0159324
0.0173734
0.0190452
0.0208525
0.0225676
0.0238622
0.0244774
0.0243033
0.0234719
0.0224198
0.0216822
0.0215165
0.0219666
0.0229029
0.024003
0.0248862
0.0253341
0.0252506
0.0246466
0.0236875
0.0226827
0.0219186
0.0215027
0.0214232
0.0215787
0.0218073
0.0219977
0.0221127
0.02213
0.0220116
0.0217048
0.0211681
0.0204144
0.0195539
0.0187897
0.0182991
0.0181122
0.018122
0.0180975
0.0177718
0.017063
0.0160743
0.0150666
0.0143675
0.0141212
0.0142314
0.0144001
0.0142686
0.0136374
0.0124916
0.0110203
0.00964157
0.00883232
0.00871235
0.00908594
0.00966515
0.0103142
0.0109514
0.0114962
0.0119621
0.0124013
0.0128646
0.0133885
0.0139904
0.0146666
0.0153914
0.0161179
0.0167854
0.0173264
0.017682
0.0178275
0.0178024
0.0177081
0.0176314
0.0176234
0.0177339
0.0180155
0.0185013
0.0191689
0.019936
0.0207192
0.0213829
0.0217148
0.0214651
0.0204428
0.0186427
0.0163729
0.0141488
0.0122435
0.010799
0.00991492
0.00959383
0.00967725
0.00983432
0.0097715
0.00941076
0.00879554
0.00802636
0.00723256
0.00648368
0.0057377
0.00490316
0.00390745
0.00274392
0.00149019
0.000254043
-0.00085063
-0.00170259
-0.002205
-0.00234131
-0.00223091
-0.00209874
-0.00209013
-0.00227087
-0.00267442
-0.00329807
-0.00408258
-0.00491253
-0.00569611
-0.00642999
-0.00714764
-0.0078799
-0.00863865
-0.00940876
-0.0101522
-0.0108229
-0.0113851
-0.0118344
-0.0122155
-0.0126017
-0.0130188
-0.0134622
-0.0139146
-0.0143479
-0.0147279
-0.0150202
-0.0152016
-0.0152717
-0.0152596
-0.0151936
-0.0150524
-0.0148026
-0.014437
-0.0139955
-0.013545
-0.0130931
-0.0125927
-0.0119832
-0.011222
-0.0103172
-0.00935239
-0.00848559
-0.00788278
-0.00760619
-0.00759019
-0.00764259
-0.00753819
-0.00718257
-0.00658605
-0.00584136
-0.00508578
-0.00438306
-0.0037263
-0.00308029
-0.00240625
-0.00168121
-0.000910539
-0.000129741
0.000614026
0.00128445
0.00186465
0.0023675
0.00283604
0.00330962
0.00379547
0.00428614
0.0047731
0.00525166
0.00572396
0.00619816
0.00668469
0.00718822
0.00769875
0.00818962
0.00862122
0.00895098
0.00915105
0.00922868
0.0092426
0.00928649
0.00941265
0.00959501
0.00974298
0.00971771
0.00936142
0.00855126
0.00726783
0.00566112
0.003998
0.00240752
0.000891792
-0.000581268
-0.00204182
-0.00350132
-0.00495194
-0.00637421
-0.00775123
-0.00908209
-0.0103842
-0.0116565
-0.0128264
-0.0137849
-0.0144382
-0.014757
-0.0148258
-0.0148196
-0.0148405
-0.0148666
-0.014826
-0.0146498
-0.0143072
-0.0138309
-0.0133051
-0.0127847
-0.0122658
-0.0117163
-0.0110993
-0.0103943
-0.00961711
-0.00882875
-0.00811645
-0.00756541
-0.00724173
-0.00716252
-0.00725893
-0.0074019
-0.00752513
-0.00757459
-0.00746672
-0.00709824
-0.00638265
-0.00530829
-0.00399874
-0.00266901
-0.00142125
-0.000314342
0.000577306
0.00117948
0.00145551
0.0014621
0.00136083
0.00130372
0.00133141
0.00143787
0.0016081
0.00181782
0.00202467
0.00215841
0.00212232
0.00181428
0.00116989
0.000220393
-0.00085786
-0.00175812
-0.00220971
-0.00214905
-0.00173532
-0.00129393
-0.00113254
-0.00150638
-0.002606
-0.0044627
-0.00684234
-0.00916961
-0.010726
-0.0112474
-0.0110283
-0.0106453
-0.0104139
-0.0103691
-0.0104328
-0.010485
-0.0104202
-0.0101749
-0.00974758
-0.00915048
-0.0082955
-0.00706027
-0.00539382
-0.00339647
-0.00138415
0.000212491
0.00116599
0.00147248
0.00136107
0.00124625
0.00142661
0.00197185
0.00280412
0.00375127
0.00463194
0.00537475
0.00598191
0.00649365
0.00697191
0.00747466
0.00801282
0.00855076
0.0090263
0.00937534
0.0095601
0.00959804
0.00956493
0.00953798
0.00954349
0.00958286
0.00964829
0.00972526
0.00979305
0.00982706
0.00980384
0.00971179
0.00956414
0.00941127
0.0093435
0.00947805
0.00992345
0.0107252
0.0118058
0.0129369
0.0138316
0.0143218
0.0143697
0.0140905
0.0137808
0.0138222
0.0144955
0.015941
0.0180933
0.0205888
0.0228803
0.0246539
0.0257665
0.026201
0.0261279
0.0258888
0.0257716
0.025823
0.0259801
0.0261661
0.0263243
0.0264323
0.0264974
0.0265407
0.0265791
0.0266102
0.0266088
0.0265368
0.0263679
0.026119
0.0258792
0.0258202
0.0261723
0.0271552
0.0288686
0.0311712
0.033652
0.0358629
0.0375465
0.0385753
0.0389522
0.038876
0.0386942
0.0386094
0.0385982
0.0385575
0.0383988
0.0380946
0.0376813
0.0371885
0.0365766
0.0357719
0.0347106
0.0333788
0.0318549
0.0302889
0.0287635
0.0272498
0.0256731
0.0239614
0.0220847
0.0200853
0.0180961
0.0163105
0.0148767
0.0138213
0.0130251
0.0122809
0.0115018
0.0107116
0.00996412
0.00930065
0.008721
0.00818703
0.00767015
0.00715294
0.00661828
0.00604938
0.00543593
0.00478114
0.00410605
0.00343868
0.00279429
0.0021805
0.00160065
0.00104965
0.000512483
-2.9718e-05
-0.000586966
-0.0011661
-0.00177311
-0.00241105
-0.00307464
-0.00374951
-0.0044184
-0.00507547
-0.00572016
-0.00635304
-0.00697563
-0.00759099
-0.00820369
-0.00881703
-0.00942114
-0.009996
-0.0105207
-0.010984
-0.011394
-0.0117821
-0.0121853
-0.0126158
-0.0130663
-0.0135169
-0.0139349
-0.0142814
-0.0145212
-0.0146392
-0.0146562
-0.0146314
-0.0146186
-0.0146296
-0.0146566
-0.0146885
-0.014716
-0.0147344
-0.0147426
-0.014743
-0.0147389
-0.0147332
-0.0147277
-0.0147231
-0.0147192
-0.0147162
-0.0147144
-0.0147152
-0.01472
-0.0147293
-0.0147417
-0.014753
-0.0147574
-0.0147485
-0.014723
-0.0146843
-0.0146444
-0.0146231
-0.0146429
-0.0147188
-0.0148453
-0.0149848
-0.0150643
-0.0149866
-0.014659
-0.0140414
-0.0131972
-0.0123315
-0.0117448
-0.0116598
-0.0121421
-0.013054
-0.0140093
-0.0144847
-0.0142076
-0.0133478
-0.0123362
-0.0114735
-0.0109043
-0.010694
-0.010827
-0.0111842
-0.0115346
-0.0116079
-0.0111803
-0.0101075
-0.00839452
-0.00628566
-0.00425871
-0.0027748
-0.00202266
-0.00194565
-0.0022415
-0.00249366
-0.0025626
-0.00247549
-0.00230082
-0.00211346
-0.00196528
-0.00188084
-0.00185827
-0.00188064
-0.00192494
-0.00197122
-0.00200576
-0.00202243
-0.00202038
-0.00200266
-0.0019745
-0.00194371
-0.00192048
-0.0019169
-0.00194347
-0.00200329
-0.00208386
-0.0021502
-0.00214307
-0.00198753
-0.00161519
-0.000997819
-0.000183901
0.00070976
0.00160338
0.00248092
0.00333409
0.00413223
0.00481856
0.00532529
0.00560685
0.00568003
0.00564684
0.00563076
0.00566153
0.00572147
0.00578701
0.00583839
0.00586666
0.00587302
0.00586696
0.00586092
0.0058655
0.00588382
0.0059082
0.00591861
0.00588595
0.00577955
0.00558047
0.00529547
0.00496499
0.00463808
0.00432921
0.00403472
0.00374817
0.00346304
0.00317451
0.00287787
0.00256764
0.0022363
0.00187606
0.00148178
0.0010566
0.000611933
0.000156261
-0.000305285
-0.000759753
-0.00118173
-0.00153545
-0.00178564
-0.0019143
-0.00194018
-0.00192135
-0.00191093
-0.00191911
-0.00193847
-0.00196147
-0.00198531
-0.00201239
-0.00204668
-0.00208788
-0.00212569
-0.00213663
-0.00208667
-0.00194065
-0.00167901
-0.00131625
-0.000910278
-0.000530413
-0.000199992
8.9594e-05
0.000366772
0.000679157
0.00108738
0.00165312
0.0024165
0.00336999
0.00443547
0.00549691
0.00652265
0.0075633
0.008702
0.0100172
0.0115414
0.0132227
0.0149206
0.0164759
0.0177473
0.0186139
0.0190091
0.018951
0.0184486
0.0173556
0.0155892
0.0133392
0.0111667
0.00979741
0.00946933
0.00981407
0.0101958
0.0103683
0.010334
0.0101616
0.00994414
0.00975305
0.00962941
0.00957879
0.00958442
0.00961792
0.00965412
0.00967728
0.00968534
0.00968602
0.00969155
0.0097101
0.00974043
0.00976824
0.00976994
0.0097213
0.0096128
0.00946505
0.00934032
0.00934002
0.00958322
0.0101607
0.0110746
0.0121791
0.0131914
0.0138392
0.0139544
0.0134997
0.0126241
0.0116613
0.0109272
0.0105363
0.0104689
0.0106106
0.0107874
0.0108875
0.0108947
0.0108362
0.0107484
0.010661
0.0105908
0.0105435
0.0105188
0.0105166
0.01054
0.0105936
0.010675
0.0107653
0.0108207
0.0107725
0.0105395
0.0100582
0.00932198
0.0084205
0.00751068
0.00667299
0.00591492
0.00522136
0.004576
0.00399163
0.00351728
0.00320028
0.00304105
0.00295983
0.00280984
0.00248516
0.00197068
0.00132667
0.000641716
-7.69968e-05
-0.000891995
-0.00187256
-0.0030484
-0.00436833
-0.00572129
-0.00704495
-0.00832659
-0.00956852
-0.0107807
-0.0119773
-0.0131771
-0.0143873
-0.0155858
-0.0167333
-0.017793
-0.0187453
-0.0196053
-0.0204164
-0.0212069
-0.0219762
-0.0227174
-0.0234288
-0.0241027
-0.0246871
-0.0251172
-0.0253567
-0.0254337
-0.0254665
-0.0256393
-0.0260869
-0.0268238
-0.0277362
-0.0286141
-0.0292803
-0.0296555
-0.0297474
-0.0296597
-0.0295535
-0.0295104
-0.0295363
-0.0296102
-0.0297034
-0.0297902
-0.0298493
-0.0298642
-0.029822
-0.0297163
-0.0295522
-0.0293539
-0.0291602
-0.028999
-0.0288866
-0.0288327
-0.0288352
-0.0288736
-0.0289133
-0.028931
-0.0289156
-0.0288634
-0.0287822
-0.028697
-0.0286542
-0.0287172
-0.0289515
-0.0293954
-0.0300255
-0.0307421
-0.0314186
-0.0319514
-0.0322425
-0.0322096
-0.0318281
-0.0311777
-0.030439
-0.0297484
-0.0290803
-0.0283305
-0.0273953
-0.0262227
-0.0248595
-0.0234469
-0.0221368
-0.0210736
-0.0203806
-0.0201046
-0.0201533
-0.0202913
-0.020281
-0.0199407
-0.0191204
-0.0177409
-0.0158681
-0.013783
-0.0118781
-0.0102954
-0.00900099
-0.00786553
-0.00671693
-0.00546767
-0.00408726
-0.00257279
-0.000949438
0.000724608
0.00235315
0.00381488
0.0049811
0.00574807
0.00608856
0.0061111
0.00603676
0.00600613
0.00602403
0.00605554
0.00608252
0.00612688
0.00625136
0.00653993
0.00705663
0.00779768
0.00865923
0.00948985
0.0101979
0.0107228
0.0110238
0.011107
0.0110529
0.0109927
0.0109856
0.0110271
0.0110944
0.0111647
0.011222
0.0112582
0.011271
0.0112606
0.011229
0.0111808
0.0111264
0.0110848
0.011083
0.0111503
0.0113058
0.0115417
0.0118066
0.0120102
0.0120612
0.0118893
0.0114688
0.0108534
0.0101708
0.00952877
0.00898487
0.00858262
0.00835619
0.00831062
0.0083933
0.00849459
0.00851706
0.00840138
0.00810752
0.00762262
0.00698519
0.00629244
0.00564514
0.00509796
0.00468711
0.00443832
0.00434969
0.00437022
0.00440756
0.00440449
0.00436253
0.00430857
0.00427573
0.00429364
0.00437939
0.00453149
0.00473467
0.00495807
0.00513332
0.00514457
0.00484276
0.0040849
0.00276032
0.000745946
-0.00199871
-0.00523864
-0.00834818
-0.0105323
-0.0114786
-0.0113826
-0.0108258
-0.0103862
-0.0102974
-0.0106386
-0.0114429
-0.0126878
-0.0142476
-0.0158701
-0.0172824
-0.0182949
-0.0187548
-0.0185655
-0.0177655
-0.0166165
-0.0154994
-0.0145193
-0.0136427
-0.0128386
-0.0121081
-0.0114935
-0.0110467
-0.0107868
-0.0106519
-0.0105195
-0.0103368
-0.0101185
-0.00990106
-0.00972801
-0.00963662
-0.00964711
-0.00974758
-0.00989081
-0.0100076
-0.00999947
-0.00974525
-0.00913625
-0.00812905
-0.00680413
-0.00535174
-0.00390134
-0.00247815
-0.00109513
0.00019809
0.00130907
0.00212731
0.0025788
0.00269158
0.00263284
0.00260515
0.0026581
0.00276289
0.00287849
0.0029675
0.00300874
0.00299912
0.00295437
0.00290488
0.00288977
0.00294602
0.0030945
0.00332367
0.00357939
0.00377658
0.0038313
0.0036726
0.00326782
0.00265804
0.0019649
0.00131282
0.00076024
0.000337779
6.62658e-05
-5.29153e-05
-5.32369e-05
1.51161e-05
0.000169091
0.000464236
0.000929673
0.00152542
0.00215699
0.00277828
0.00338917
0.00400058
0.00462269
0.00525913
0.00590708
0.00655877
0.00720792
0.0078565
0.0085132
0.00918812
0.00988522
0.010591
0.0112602
0.0118122
0.0121514
0.0122054
0.0119701
0.0115531
0.0111268
0.0107504
0.0104255
0.0101525
0.00993886
0.00979859
0.00973719
0.00973477
0.00974532
0.00973978
0.00971712
0.009684
0.00964493
0.00960224
0.00955839
0.00951996
0.00949908
0.00951152
0.00956926
0.00966973
0.00978427
0.009852
0.00978529
0.00949192
0.00891554
0.00808463
0.0071538
0.00636537
0.00587966
0.0057393
0.00587543
0.00612127
0.00632708
0.0064528
0.00650975
0.00651847
0.00649736
0.00646005
0.00642092
0.00640175
0.00642849
0.00650953
0.00662906
0.00674614
0.00679332
0.00668517
0.00633864
0.00570991
0.00483334
0.00385252
0.00295176
0.00215419
0.00136253
0.000421687
-0.000841711
-0.00255105
-0.00470681
-0.00711616
-0.00944342
-0.0114357
-0.0129014
-0.0137196
-0.0139199
-0.0137571
-0.0136017
-0.0135455
-0.0135335
-0.0135061
-0.0134406
-0.0133666
-0.0133189
-0.0133101
-0.0133223
-0.0133217
-0.0133045
-0.0132817
-0.0132617
-0.01325
-0.0132471
-0.0132513
-0.0132594
-0.0132686
-0.0132767
-0.013283
-0.0132877
-0.0132913
-0.0132945
-0.013298
-0.013302
-0.0133067
-0.0133118
-0.0133172
-0.0133226
-0.0133277
-0.0133325
-0.0133368
-0.0133407
-0.0133445
-0.0133484
-0.013353
-0.0133584
-0.0133649
-0.0133722
-0.0133793
-0.0133851
-0.0133882
-0.0133882
-0.0133856
-0.013383
-0.0133843
-0.0133938
-0.013414
-0.0134426
-0.0134707
-0.0134814
-0.0134533
-0.013367
-0.0132161
-0.0130174
-0.0128103
-0.012631
-0.0125099
-0.0124716
-0.0125228
-0.0126362
-0.0127483
-0.0127827
-0.0126583
-0.0123048
-0.011698
-0.0108992
-0.0100646
-0.00936464
-0.00890152
-0.00871615
-0.00877677
-0.00894881
-0.00903539
-0.00892069
-0.00855001
-0.00791632
-0.00708559
-0.00619194
-0.00535448
-0.00460465
-0.0039329
-0.00331717
-0.00272962
-0.00213765
-0.00151472
-0.000855807
-0.000167094
0.000542938
0.00126391
0.00198449
0.00269426
0.00338957
0.00406987
0.00473713
0.00539688
0.00606069
0.00674558
0.00747242
0.00825727
0.00910051
0.00997427
0.0108215
0.0115735
0.0121576
0.0125171
0.0126457
0.0126193
0.0125712
0.0125643
0.0125968
0.0126492
0.0127018
0.0127428
0.0127691
0.0127837
0.0127907
0.0127912
0.0127819
0.0127566
0.012711
0.0126488
0.0125866
0.0125536
0.0125837
0.0126995
0.0128905
0.0130925
0.0131794
0.0129785
0.0123178
0.0111067
0.00942645
0.0075808
0.00596101
0.0047896
0.00415343
0.00401343
0.00415675
0.0042716
0.00421946
0.00403233
0.00381581
0.00370381
0.00381821
0.00423083
0.00492421
0.00576381
0.00654323
0.00713809
0.00749121
0.00760156
0.00754454
0.00745159
0.00740983
0.00743004
0.00749034
0.00756154
0.00761869
0.00764669
0.00764189
0.00761112
0.00756906
0.0075347
0.0075266
0.0075569
0.00762444
0.00770862
0.00776659
0.00773732
0.0075552
0.00717403
0.00659795
0.00590793
0.00526075
0.00479882
0.00451122
0.00425826
0.00381919
0.00296085
0.00160397
1.73707e-05
-0.00120708
-0.00136282
-0.00014662
0.00189918
0.00364349
0.00429275
0.00407591
0.00363439
0.00327438
0.00308483
0.00306478
0.00316076
0.00330602
0.00344304
0.00353763
0.00357922
0.0035753
0.00354162
0.00349445
0.00344592
0.00340374
0.00337336
0.00336084
0.00337331
0.00341604
0.00348556
0.00356172
0.00360183
0.00354231
0.00331179
0.00285881
0.00218605
0.00138271
0.000585965
-0.000160817
-0.000866961
-0.00155103
-0.00223264
-0.00292516
-0.00363369
-0.00435915
-0.00510558
-0.00588315
-0.00670905
-0.00760994
-0.00861282
-0.00971614
-0.0108626
-0.0119272
-0.0127418
-0.0131858
-0.0132796
-0.0131906
-0.0131202
-0.0131283
-0.0131977
-0.013296
-0.0133908
-0.013462
-0.013502
-0.0135145
-0.0135087
-0.0134953
-0.0134824
-0.0134749
-0.0134741
-0.0134794
-0.0134893
-0.0135025
-0.0135179
-0.0135343
-0.013549
-0.0135585
-0.0135588
-0.0135474
-0.0135256
-0.013501
-0.0134874
-0.0135019
-0.0135575
-0.0136538
-0.0137661
-0.0138402
-0.0137966
-0.0135496
-0.0130429
-0.0122927
-0.0114272
-0.0106531
-0.0101078
-0.00983402
-0.00979389
-0.00985915
-0.00987224
-0.00981069
-0.00974503
-0.0097791
-0.0100141
-0.0105011
-0.0112001
-0.0119748
-0.0126726
-0.0131608
-0.013323
-0.0130908
-0.0124981
-0.0117125
-0.0109434
-0.0102718
-0.00972279
-0.00932116
-0.00908813
-0.00902323
-0.00907352
-0.00913805
-0.00914824
-0.0090936
-0.00898774
-0.00885618
-0.00873811
-0.00868952
-0.00877991
-0.00907663
-0.00961531
-0.010363
-0.011206
-0.0120156
-0.0127089
-0.0132184
-0.0134867
-0.0134965
-0.0133067
-0.0130582
-0.0128797
-0.0128053
-0.01282
-0.0128892
-0.0129659
-0.0130111
-0.0130193
-0.0130044
-0.0129844
-0.0129745
-0.0129811
-0.0129998
-0.0130174
-0.0130164
-0.0129838
-0.0129208
-0.0128521
-0.0128301
-0.0129299
-0.0132307
-0.0137838
-0.0145739
-0.0154984
-0.0164341
-0.0173539
-0.0182689
-0.0191748
-0.0200371
-0.0207889
-0.0213507
-0.0216671
-0.0217511
-0.0217095
-0.0216768
-0.0216934
-0.0217536
-0.0218451
-0.0219536
-0.022063
-0.0221474
-0.022168
-0.0220744
-0.0218171
-0.0213704
-0.0207607
-0.0200778
-0.0194199
-0.0187956
-0.0181659
-0.0174852
-0.0167243
-0.0158902
-0.0150399
-0.0142721
-0.0136912
-0.0133773
-0.0133463
-0.0135055
-0.0136823
-0.0137634
-0.0136574
-0.0132687
-0.0125322
-0.0114585
-0.0101873
-0.00893064
-0.00776297
-0.00668613
-0.00569779
-0.00479586
-0.00397712
-0.00321614
-0.00246326
-0.00167724
-0.000857596
-1.98598e-05
0.000817435
0.00163698
0.00242244
0.00316174
0.0038494
0.00449326
0.00511635
0.00574955
0.00642133
0.00716031
0.00798776
0.00890547
0.00987939
0.0108356
0.0116908
0.0124098
0.013006
0.0135371
0.0140721
0.014638
0.0152401
0.0158818
0.0165635
0.0172808
0.0180167
0.0187449
0.0194249
0.0200026
0.0204194
0.0206385
0.0206749
0.0206137
0.0205608
0.0205514
0.020586
0.0206592
0.0207602
0.0208693
0.0209498
0.0209463
0.0207915
0.020428
0.0198411
0.0190956
0.0183307
0.01767
0.0171829
0.0169029
0.0168203
0.0168626
0.0169191
0.0169477
0.0169644
0.0169959
0.017056
0.0171403
0.0172428
0.017356
0.0174666
0.0175588
0.0176186
0.0176411
0.0176351
0.0176199
0.0176055
0.0175938
0.0175858
0.0175837
0.0175912
0.0176109
0.0176405
0.0176687
0.0176727
0.0176205
0.0174784
0.0172253
0.0168692
0.0164569
0.0160432
0.0156389
0.0152362
0.0148332
0.0144413
0.0140885
0.0138122
0.013645
0.0135936
0.0136244
0.013686
0.013754
0.0138014
0.0137762
0.0136059
0.0132173
0.0125734
0.011714
0.0107626
0.00983399
0.00895536
0.00811695
0.00730792
0.00652387
0.00576738
0.00504095
0.00433928
0.00365391
0.00300637
0.00245087
0.00204425
0.00181505
0.00173705
0.00172926
0.00172541
0.0017303
0.00177739
0.00189119
0.00206589
0.002259
0.00241308
0.00246144
0.00233888
0.00200868
0.00149553
0.000893489
0.000300495
-0.000238736
-0.000695842
-0.00103965
-0.00124557
-0.00131421
-0.0012945
-0.00126917
-0.00127525
-0.00130959
-0.00136012
-0.00141612
-0.0014713
-0.00152123
-0.00155998
-0.00157763
-0.00156189
-0.00150391
-0.00140867
-0.00130503
-0.00125185
-0.00133188
-0.00163106
-0.00219957
-0.003007
-0.00390388
-0.00467026
-0.0051879
-0.00542771
-0.00543699
-0.00534694
-0.0052969
-0.00531849
-0.00538091
-0.00543786
-0.00544516
-0.00537868
-0.00524311
-0.00507095
-0.00489851
-0.00475485
-0.00466207
-0.0046313
-0.0046549
-0.00470149
-0.00472627
-0.00470551
-0.00463686
-0.00454046
-0.00446321
-0.00447576
-0.00465751
-0.00506708
-0.00570334
-0.00647513
-0.00723093
-0.00783372
-0.00814703
-0.00805065
-0.00750205
-0.00660546
-0.00564286
-0.00493879
-0.0046164
-0.00463836
-0.00484149
-0.00500447
-0.00503861
-0.00494145
-0.00474491
-0.00450334
-0.00427415
-0.00409144
-0.00396556
-0.00389408
-0.00386579
-0.00386386
-0.00386625
-0.00385601
-0.00384551
-0.00387374
-0.00398917
-0.00423138
-0.00460891
-0.00509051
-0.00563734
-0.00622501
-0.00680271
-0.00726875
-0.00747744
-0.00727539
-0.00656914
-0.00540435
-0.00400802
-0.00265247
-0.00141178
-0.000256987
0.000859843
0.00198561
0.00315079
0.00436054
0.00558533
0.00677523
0.00787669
0.00885098
0.00969012
0.0104289
0.011106
0.0116598
0.0119793
0.0119795
0.011659
0.0111506
0.0106557
0.0102199
0.00979085
0.00928814
0.00862847
0.00776062
0.00669135
0.00549896
0.00427474
0.00303095
0.00174841
0.000427219
-0.00089046
-0.00210863
-0.00309229
-0.0037153
-0.00394193
-0.00388827
-0.00377995
-0.00374318
-0.00381222
-0.00399859
-0.00430648
-0.00472715
-0.00522174
-0.00571981
-0.00616785
-0.00657121
-0.00696749
-0.00740561
-0.00793547
-0.00859329
-0.00938653
-0.010278
-0.0112034
-0.0121377
-0.0130664
-0.0139555
-0.0147481
-0.0153717
-0.0157664
-0.0159219
-0.0159159
-0.0158872
-0.0159002
-0.0159505
-0.0160165
-0.0160779
-0.016125
-0.0161589
-0.0161875
-0.0162184
-0.0162506
-0.0162691
-0.0162442
-0.0161373
-0.0159163
-0.0155742
-0.015149
-0.0147051
-0.0142604
-0.013815
-0.0133812
-0.0129894
-0.0126845
-0.0125096
-0.01248
-0.0125543
-0.0126327
-0.0126128
-0.0124186
-0.0120028
-0.011368
-0.0105973
-0.00982495
-0.00911858
-0.0085158
-0.00805708
-0.00777438
-0.00767097
-0.00769219
-0.00773454
-0.00773167
-0.00768207
-0.00761035
-0.00754737
-0.00752144
-0.00755352
-0.007652
-0.00780839
-0.00799485
-0.00817701
-0.00833444
-0.00845486
-0.00852979
-0.00855879
-0.00855391
-0.00854038
-0.00854055
-0.00856046
-0.00859654
-0.00864057
-0.0086801
-0.00870068
-0.00868907
-0.00863934
-0.00856016
-0.00848154
-0.00845685
-0.00855625
-0.0088477
-0.009366
-0.0100782
-0.0108561
-0.0115277
-0.0120379
-0.0124187
-0.0127465
-0.0131218
-0.0135884
-0.0139878
-0.0140108
-0.0133093
-0.0116399
-0.0090392
-0.0059726
-0.00324851
-0.00148014
-0.000811455
-0.000969859
-0.00141379
-0.0017905
-0.0020696
-0.00258643
-0.00283879
-0.00314821
-0.00352626
-0.0039758
-0.00446375
-0.00492627
-0.00528708
-0.00548769
-0.00551643
-0.00543418
-0.00534322
-0.0052797
-0.00524055
-0.00521475
-0.0051891
-0.00515484
-0.00510762
-0.00504819
-0.00497989
-0.00490738
-0.00483424
-0.00476272
-0.00469298
-0.00462435
-0.00455537
-0.00448533
-0.00441435
-0.00434392
-0.00427583
-0.00421157
-0.0041507
-0.00409054
-0.00402551
-0.00394914
-0.00385648
-0.00374848
-0.00363495
-0.00353654
-0.00348126
-0.00349702
-0.00359626
-0.00376109
-0.00393008
-0.00401179
-0.00393283
-0.00365233
-0.00317932
-0.00259795
-0.00203038
-0.00151553
-0.00104222
-0.000587357
-0.000123282
0.000372823
0.000916039
0.00150766
0.00213474
0.00277228
0.00338787
0.00393907
0.00437981
0.00467486
0.00482133
0.00486837
0.00490136
0.00496064
0.00504596
0.00514538
0.00524702
0.00534325
0.00543121
0.0055096
0.00557737
0.00563054
0.00566285
0.00566771
0.00564347
0.00559742
0.00554895
0.00551833
0.00550001
0.00546627
0.00537727
0.00519109
0.0048818
0.00445849
0.00397284
0.00348567
0.0030385
0.00266998
0.00242035
0.00231673
0.00235408
0.00247742
0.0025978
0.00266921
0.00272442
0.00285902
0.00321439
0.00398353
0.00544703
0.00784185
0.0111516
0.0149406
0.0183345
0.0204516
0.021095
0.0207333
0.0201821
0.019882
0.0198994
0.0201745
0.0206127
0.0211326
0.0216664
0.0221542
0.0225572
0.0228939
0.0231942
0.0234686
0.0237025
0.0238658
0.0239338
0.0239126
0.0238471
0.0237838
0.0237355
0.0237026
0.023684
0.0236757
0.0236661
0.0236314
0.0235347
0.0233327
0.0229907
0.0225046
0.0219219
0.0213211
0.0207259
0.020139
0.0195752
0.0190634
0.0186389
0.0183212
0.0180901
0.0178716
0.0175223
0.0168452
0.0156438
0.0138181
0.0114718
0.00899703
0.00694807
0.00562041
0.00506629
0.0051117
0.00537484
0.00553516
0.00553782
0.00545184
0.00535529
0.00529151
0.00524208
0.00513243
0.00485777
0.00433372
0.00355101
0.00261227
0.00167137
0.000815884
0.000109295
-0.000383707
-0.000622292
-0.000621444
-0.000488372
-0.000376221
-0.000324827
-0.000311825
-0.000307976
-0.000289627
-0.000248818
-0.000191164
-0.000131482
-8.34296e-05
-4.99086e-05
-1.41934e-05
6.21698e-05
0.000234043
0.000555935
0.00105677
0.00171175
0.00243878
0.00316319
0.00386909
0.00455658
0.0052111
0.00579701
0.00626262
0.00656157
0.00668093
0.00667259
0.00662823
0.00657587
0.006526
0.00651616
0.00661525
0.00691234
0.00747955
0.00832569
0.00934883
0.0103671
0.0112749
0.0120435
0.0126768
0.0132078
0.0137001
0.0142291
0.0148182
0.0154538
0.0161007
0.0167045
0.0171994
0.0175208
0.017629
0.0175377
0.0173301
0.0171156
0.0169503
0.0168727
0.0169268
0.0171517
0.0175582
0.018101
0.018678
0.0192059
0.0196832
0.0201491
0.0206512
0.0212295
0.0219001
0.0226439
0.0234159
0.0241872
0.0249257
0.0255811
0.0260883
0.0263838
0.0264344
0.0262699
0.0259957
0.0257157
0.0254119
0.025006
0.0244275
0.0236518
0.0227334
0.0217799
0.0208408
0.0199125
0.0189821
0.0180467
0.0171267
0.0162668
0.0155281
0.0149663
0.0146024
0.0143921
0.0142344
0.0140557
0.0138357
0.0135698
0.0132539
0.0128845
0.012467
0.0120254
0.0115931
0.0111753
0.0107663
0.0103653
0.00998088
0.0096295
0.00932945
0.00909044
0.00890312
0.00873756
0.00856603
0.00838226
0.0081898
0.00799408
0.00780091
0.00761526
0.00744091
0.00727921
0.00712765
0.00697791
0.00681515
0.00661904
0.00636874
0.00605121
0.00567145
0.0052579
0.0048461
0.00444964
0.00407502
0.00373233
0.00343506
0.00319497
0.00301337
0.00287179
0.00273808
0.00259797
0.00244995
0.00228942
0.00210311
0.0018689
0.00156201
0.00116509
0.000668298
4.21145e-05
-0.000747196
-0.00168527
-0.00267345
-0.00353986
-0.00414306
-0.00446885
-0.00461997
-0.00475543
-0.00495007
-0.00519565
-0.0054481
-0.00565012
-0.00575072
-0.0057225
-0.00557732
-0.00537021
-0.0051667
-0.00499055
-0.00484311
-0.00471995
-0.00461442
-0.00451967
-0.00442808
-0.00433214
-0.00422947
-0.00412672
-0.00403576
-0.00396986
-0.00393985
-0.00394945
-0.00399083
-0.00404518
-0.00409593
-0.00413931
-0.00417721
-0.00421243
-0.00424728
-0.00428309
-0.00432056
-0.00436034
-0.00440356
-0.00445196
-0.00450736
-0.00457057
-0.00464006
-0.00471121
-0.0047789
-0.00484496
-0.00491545
-0.00499724
-0.00509519
-0.00520917
-0.00533164
-0.00545126
-0.00556433
-0.00567089
-0.00577072
-0.0058627
-0.00594463
-0.00601421
-0.00607042
-0.006115
-0.00615311
-0.00618928
-0.00621706
-0.00622376
-0.00619696
-0.00613045
-0.00603017
-0.00591601
-0.00580962
-0.00571506
-0.00562728
-0.00553976
-0.0054475
-0.00534963
-0.0052506
-0.00515922
-0.00508568
-0.00503975
-0.00502725
-0.00504585
-0.00508163
-0.0051154
-0.00514156
-0.00516211
-0.0051805
-0.00520032
-0.00522405
-0.0052528
-0.00528598
-0.00532146
-0.00535635
-0.00538921
-0.00541987
-0.00544868
-0.00547603
-0.00550203
-0.00552642
-0.00554856
-0.00556772
-0.00558349
-0.00559613
-0.00560678
-0.0056167
-0.00562607
-0.0056346
-0.00564213
-0.00564873
-0.00565481
-0.00566097
-0.00566772
-0.00567513
-0.00568251
-0.00568811
-0.00568938
-0.00568344
-0.00566823
-0.00564382
-0.00561351
-0.00558329
-0.00555733
-0.00553474
-0.00551195
-0.00548484
-0.00545047
-0.00540878
-0.00536407
-0.00532508
-0.00530209
-0.00530179
-0.00532551
-0.00536726
-0.00541434
-0.00545591
-0.00548916
-0.00551427
-0.00553132
-0.00554005
-0.00554054
-0.00553439
-0.00552537
-0.00551753
-0.00551183
-0.00550784
-0.00550484
-0.00550174
-0.00549708
-0.00548952
-0.00547869
-0.00546477
-0.00544832
-0.00543034
-0.00541195
-0.00539358
-0.00537508
-0.00535618
-0.00533665
-0.00531634
-0.0052952
-0.00527322
-0.00525045
-0.00522699
-0.00520296
-0.00517852
-0.00515389
-0.00512929
-0.00510485
-0.0050805
-0.00505595
-0.00503069
-0.00500447
-0.0049772
-0.00494882
-0.00491935
-0.00488891
-0.00485774
-0.00482617
-0.0047943
-0.00476209
-0.00472947
-0.00469639
-0.00466288
-0.004629
-0.00459482
-0.00456042
-0.00452579
-0.00449081
-0.0044553
-0.00441898
-0.00438162
-0.00434312
-0.00430371
-0.00426388
-0.00422422
-0.00418494
-0.00414612
-0.00410784
-0.00407014
-0.0040329
-0.0039958
-0.0039584
-0.00392048
-0.00388205
-0.0038432
-0.00380399
-0.00376446
-0.00372463
-0.00368451
-0.00364414
-0.00360354
-0.00356272
-0.00352167
-0.00348039
-0.00343888
-0.00339715
-0.00335522
-0.00331311
-0.00327082
-0.00322837
-0.00318577
-0.00314302
-0.00310013
-0.00305709
-0.00301389
-0.00297055
-0.00292707
-0.00288348
-0.0028398
-0.00279607
-0.00275233
-0.00270859
-0.00266481
-0.00262095
-0.00257693
-0.00253273
-0.00248835
-0.00244381
-0.00239915
-0.00235443
-0.00230974
-0.00226515
-0.00222071
-0.00217636
-0.00213204
-0.00208765
-0.00204311
-0.00199845
-0.00195375
-0.00190913
-0.0018646
-0.00182015
-0.00177576
-0.00173144
-0.00168716
-0.00164292
-0.00159873
-0.00155459
-0.0015105
-0.00146647
-0.0014225
-0.00137859
-0.00133474
-0.00129096
-0.00124725
-0.00120361
-0.00116004
-0.00111654
-0.00107313
0
