0.00760307
0.00759676
0.00759067
0.00758456
0.00758019
0.00757859
0.00759224
0.00775114
0.0080608
0.00826128
0.00826921
0.00771256
0.0059515
0.00520775
0.00524146
0.00635414
0.0085645
0.0126725
0.0114003
0.00834792
0.00859543
0.00813305
0.015153
0.0191609
0.0192474
0.0110415
0.000778919
-0.018737
-0.0413482
-0.0328548
-0.00757243
0.00378897
0.0128047
0.00361059
-0.00621247
-0.00605212
0.0244271
0.0569689
0.0603548
-0.00260355
-0.03368
-0.0349197
-0.0191752
0.0178138
-0.0111016
-0.0823172
-0.0953842
-0.103473
-0.0781363
-0.0507756
-0.0565026
-0.0524721
-0.0495136
-0.0129604
0.0245187
0.0271087
-0.00516445
-0.0782073
-0.061161
0.0403862
0.0881876
0.0933873
0.0973682
0.0141861
0.00244193
-0.0161482
-0.075355
-0.081199
-0.0368413
-0.051463
-0.0459732
-0.00575103
-0.0133951
-0.153255
-0.210981
-0.17905
-0.0633932
-0.0384806
0.0110525
0.0804548
0.105403
0.103761
0.12134
0.116209
0.0584505
0.036292
0.0352993
0.0265897
0.0709027
0.0948959
0.0582394
-0.0438272
-0.0876777
-0.0701811
0.135208
0.198245
0.182043
-0.0511918
-0.135221
-0.134394
-0.256686
-0.177229
-0.0413684
-0.104475
-0.119617
-0.147492
0.00292113
0.261167
0.290339
0.386149
0.403168
0.158556
0.14127
0.0584553
-0.0121953
0.0594612
0.158739
0.186321
0.221642
0.129676
-0.0176605
-0.0275618
-0.0927592
-0.164588
-0.187945
0.0161555
0.0914197
0.111489
0.227343
0.132896
-0.0220447
-0.0131046
-0.0675619
-0.0258607
-0.0267006
-0.0531451
-0.030701
-0.165483
-0.416691
-0.511473
-0.464058
-0.472362
-0.366851
-0.327789
-0.182562
-0.0198345
-0.0739967
0.0369333
0.354603
0.485768
0.507193
0.551716
0.511376
0.561976
0.582071
0.617916
0.641583
0.304073
0.0566502
-0.535415
-1.22899
-1.02715
-0.732082
-0.591014
-0.234662
0.484978
0.814947
0.58738
0.438472
0.367005
0.269545
0.174689
0.389183
0.363067
0.0546689
-0.162599
-0.166708
-0.202708
0.134624
0.417838
0.872449
0.772993
0.145448
-0.481506
-1.74786
-1.81205
-0.4964
-0.54906
0.0219662
0.580825
0.397042
-0.0742903
-0.0182915
0.0695358
0.34522
0.536442
0.52882
0.438019
-0.0217631
-0.14588
-0.311049
-0.32048
0.0147994
-0.0382039
-0.0240083
0.0897248
0.0657872
0.0189087
-0.283675
-0.567501
-0.756305
-0.81584
-0.798278
-0.376915
-0.181147
0.409972
0.994859
0.98958
0.0939868
-0.540202
-1.18522
-0.950895
-0.873617
-0.684789
-0.636579
-0.380072
0.129765
-0.083401
-0.389121
-0.249529
-0.345043
-0.325235
0.174006
0.309815
0.465251
0.804654
0.807063
0.836814
0.92311
0.937649
0.906142
0.8668
0.794001
0.346762
-0.24998
-0.806298
-1.10621
-0.57206
-0.492875
-0.612814
-0.235682
-0.434414
-0.922493
-0.789732
-0.779159
-0.500591
-0.335471
0.116123
0.497673
0.204
0.325509
0.272045
0.179324
0.320275
0.48176
0.4992
0.527284
0.399074
0.173653
0.0989874
0.236604
0.516915
0.433182
0.442258
-0.131542
-1.9103
-1.42881
-1.39325
-1.80714
-1.27526
-1.03665
-0.284727
0.58666
1.41018
1.59311
1.39916
0.874245
0.634282
0.0841419
-0.755836
-0.0171066
0.269179
0.182011
0.384336
-0.0680307
-0.264406
-0.565577
-0.632531
-0.390201
-0.304387
-0.289919
-0.109043
-0.174762
-0.22476
-0.137577
0.0181631
0.234747
0.492093
0.649192
0.70038
0.417212
-0.177238
-1.01228
-0.820462
-0.196952
0.408861
0.923833
1.16477
1.19595
0.995607
0.564902
-0.255861
-1.21422
-0.807006
-0.940887
-0.692779
-0.185128
0.104796
-0.133553
-0.15806
-0.322746
-0.531503
-0.605711
-0.441737
-0.27142
-0.153403
0.316392
0.45592
0.250496
0.42971
0.654368
0.563488
0.102641
-0.106541
-0.618595
-1.08026
-0.884442
-0.515874
-0.432127
-0.226782
0.216894
0.563571
0.980943
0.986618
0.886629
0.751794
0.666335
0.547069
-0.045442
-0.44036
-0.230378
-0.358608
-0.261331
0.0808828
0.131181
0.326796
0.646079
0.836442
0.75533
0.206369
0.0552854
-0.287362
-0.849665
-0.608267
-0.480968
-0.441573
-0.35385
-0.205129
0.145848
0.490446
0.371943
0.362316
0.256216
0.167395
0.135003
0.0864655
0.0713847
-0.344497
-0.69979
-0.751032
-0.762672
-0.425404
-0.297677
0.62793
0.763561
0.142392
-0.158055
-0.330518
-1.17656
-1.35021
-0.805162
-0.656908
-0.544295
-0.124064
0.439502
0.022771
-0.441471
-0.659802
-0.995914
-0.915742
-0.312888
0.0553533
0.55985
1.49741
1.39859
1.09251
0.973873
0.758036
-0.186307
-0.97705
-1.33763
-1.34569
-1.46926
-1.37111
-1.11193
-1.07523
-0.81171
-0.356774
-0.243963
-0.130693
-0.0393695
-0.0475124
0.0339218
0.249761
0.379509
0.617896
0.904298
1.02694
0.904439
0.74612
0.827164
0.771251
0.671914
0.658275
0.640478
0.6116
0.458732
0.060264
-0.260159
0.06774
0.392184
0.481335
1.0627
1.45683
1.32992
1.25422
1.0038
0.905589
0.406954
0.148967
0.33086
0.214668
-0.0742763
-0.302693
-0.336776
-0.420123
-0.512361
-0.349048
-0.34103
-0.644292
-1.14892
-1.27789
-1.36426
-1.43129
-0.850455
-0.618043
-0.0402458
1.14236
0.16117
-0.338226
0.0527094
-0.297783
-0.0648868
0.25385
0.20178
0.343659
0.419426
0.466476
0.52532
0.341544
0.222684
0.271976
0.506075
0.695724
0.474982
-0.0127318
-0.51315
-1.23575
-0.627812
-0.150243
0.128085
0.424815
0.165764
0.1597
0.202793
0.218109
0.33932
0.303081
0.0870894
0.0317928
-0.0128807
-0.0598155
-0.000569021
0.149019
0.221536
0.324941
0.222966
-0.0515923
-0.24783
-0.5478
-0.653639
-0.352616
-0.00784649
0.217439
0.450219
0.38026
-0.185429
-0.582064
-0.728131
-0.692817
-0.321677
0.210449
0.526019
0.51598
0.283963
-0.583947
-0.754839
-0.546929
-0.274651
0.20364
1.37748
1.46295
1.26611
0.885047
0.555683
-0.613031
-0.344671
0.634997
0.446064
0.920704
1.4004
1.45062
1.20226
1.01407
0.888042
0.489543
0.15268
-0.245124
-0.437716
-0.532838
-0.593985
-0.27961
-0.0452376
0.0999282
0.44813
0.651888
0.7973
0.431935
0.0254852
-0.0104849
-0.388974
-0.878908
-0.722085
-0.732065
-0.987592
-0.647081
-0.439552
-0.318009
0.433266
1.38659
0.716151
0.410431
0.483273
-0.121611
-0.544774
-0.382369
-0.453739
-0.00465774
0.19731
0.29879
0.628522
0.721353
0.609346
0.423418
0.33924
0.244756
0.0516227
-0.272874
-0.545694
-0.569005
-0.579171
-0.384364
-0.159678
-0.107419
0.00646915
0.14393
-0.0665386
-0.28168
-0.258072
-0.26921
-0.261291
-0.0204044
0.0774441
0.197897
0.305751
0.240227
0.000196743
-0.0978786
-0.166289
-0.296754
-0.213027
0.136676
0.346528
0.843384
1.13387
0.995697
0.959556
0.837802
0.744988
0.4568
0.127397
-0.49156
-1.3728
-1.19884
-1.19096
-1.23854
-0.787042
-0.578768
-0.100776
0.255407
0.290695
0.341034
0.423379
0.267977
0.343307
0.566119
0.630787
0.613052
0.559716
0.398793
0.419895
0.461461
0.543224
0.500883
0.147256
-0.0373115
-0.142712
-0.418127
-0.31157
0.233475
0.520265
1.02135
0.831093
0.581615
0.645499
0.560611
0.432564
0.532784
0.48198
0.194708
0.0381919
-0.0750365
-0.450038
-0.513573
-0.415686
-0.222593
-0.188987
-0.145971
-0.0520755
-0.175928
-0.314359
-0.310714
-0.4408
-0.625112
-0.733746
-0.88741
-1.02254
-1.09558
-0.851488
-0.599919
-0.579635
-0.495351
-0.508846
-0.66057
-0.630549
-0.563275
-0.385136
-0.288843
-0.169083
-0.250252
-0.602474
-0.563603
-0.578824
-0.444124
-0.158234
0.178687
0.342471
0.55453
0.741955
0.774373
0.885112
1.00737
1.05821
1.09214
1.11614
0.954441
0.776153
0.383253
0.151856
0.263086
0.12569
0.152438
0.187029
0.086873
-0.171661
-0.307415
-0.560508
-0.718599
-0.7317
-0.878778
-0.809511
-0.690465
-0.779818
-0.746191
-0.702979
-0.743526
-0.717585
-0.546139
-0.380423
-0.118886
0.162573
0.395544
0.40826
0.417922
0.13899
-0.0309339
-0.248859
-0.402752
-0.342358
-0.430594
-0.384328
-0.425907
-0.597613
-0.643402
-0.67198
-0.754358
-0.788159
-0.580517
-0.499759
-0.233481
0.225197
0.373151
0.268173
0.193829
-0.0539434
-0.131309
-0.239239
-0.310654
-0.241115
-0.307724
-0.437997
-0.482807
-0.518713
-0.268573
-0.125538
-0.100252
0.0370871
0.0893416
0.0122362
0.0683884
0.122937
0.112867
0.082807
0.0015271
-0.0233135
-0.0495044
-0.0832843
0.0279463
0.0669886
0.0740494
0.176853
0.305568
0.23042
0.268111
0.246188
0.137744
0.0471987
-0.104258
-0.166826
-0.142859
-0.18836
-0.221104
-0.0918609
-0.00231818
0.00715235
0.0669329
-0.010119
-0.18812
-0.223117
-0.344436
-0.358263
-0.369148
-0.308973
-0.242843
-0.225715
-0.267933
-0.195945
-0.0212041
0.0624901
0.237706
0.438167
0.392121
0.408769
0.331821
0.284088
0.260959
0.227117
0.331468
0.371061
0.395624
0.183891
0.0556075
-0.0692337
-0.483135
-0.34662
-0.328987
-0.394641
-0.380076
-0.283238
-0.123397
0.137365
0.213794
0.203188
0.173252
0.0743488
0.0646935
0.0159559
0.0300741
0.155292
0.175105
0.263309
0.38309
0.381017
0.37252
0.264301
0.143771
0.0156246
-0.0477472
-0.0493119
0.0760998
0.0878642
0.0701666
0.116368
0.0578425
-0.0185574
-0.0248193
-0.0888483
-0.13633
-0.138648
-0.16187
-0.0706851
0.000616051
0.0563335
0.0910415
0.0936383
0.0805887
0.0770689
0.0844234
0.0806653
0.0511354
0.0133948
-0.0912133
-0.0645248
-0.0495463
-0.112665
-0.128264
-0.116998
-0.0947717
-0.098914
-0.11891
-0.162186
-0.193933
-0.238375
-0.268361
-0.188889
-0.161377
-0.164962
-0.114974
-0.0458904
0.0481219
0.157275
0.168038
0.180524
0.329249
0.415245
0.480076
0.548219
0.481556
0.363656
0.0915917
-0.0810785
0.0654754
0.186188
0.113908
0.119158
0.05075
-0.0690415
-0.153925
-0.193334
-0.138049
-0.114506
-0.139427
-0.115006
-0.119077
-0.111215
-0.0366518
-0.0133143
-0.0178637
0.00422941
-0.0347499
-0.0816828
-0.0967351
-0.141119
-0.16129
-0.113376
-0.0372892
-0.0219799
0.0321615
0.0564039
0.0374242
-0.0111278
-0.0119655
-0.0293019
-0.0586264
-0.0741229
-0.0812572
-0.0980804
-0.126348
-0.161296
-0.173353
-0.185791
-0.204504
-0.213243
-0.227131
-0.201623
-0.142342
-0.118093
-0.050285
-0.0454019
-0.0905684
-0.0934104
-0.118286
-0.131879
-0.17617
-0.237863
-0.209212
-0.0944326
-0.0535502
0.176432
0.381228
0.293865
0.321588
0.331209
0.235898
0.149371
0.113712
0.121089
0.155901
0.124999
0.0506741
-0.0971686
-0.160603
-0.142822
-0.193431
-0.163737
-0.137847
-0.166534
-0.206052
-0.209677
-0.195965
-0.0561803
0.0150802
0.278808
0.310063
0.28365
0.411825
0.389744
0.355592
0.409193
0.504714
0.567817
0.602263
0.583686
0.460729
0.36947
0.165463
0.0966528
0.181567
0.208942
0.257705
0.23679
0.192606
0.140461
0.00785391
-0.106665
-0.123083
-0.121998
-0.170124
-0.19438
-0.16648
-0.128301
-0.124424
-0.0649932
-0.00504253
0.03622
0.114262
0.235915
0.231104
0.186597
0.182494
0.169591
0.153385
0.159918
0.215103
0.229629
0.237863
0.203472
0.14109
-0.0193747
-0.0723907
-0.00615316
0.036678
0.084972
0.156902
0.204314
0.143629
0.17225
0.238587
0.24923
0.244758
0.219928
0.150201
-0.0384987
-0.027717
-0.0750106
-0.0929834
-0.0899484
-0.243307
-0.384336
-0.39473
-0.281414
-0.0981484
-0.060852
0.096723
0.132021
0.162543
0.145328
0.145328
0.16952
0.115258
-0.1116
-0.35234
-0.381348
-0.303077
-0.11672
-0.0107932
0.0577152
0.0498827
0.0929294
0.0976451
0.0568172
0.0889768
0.089312
0.0628587
0.0441072
0.00537156
0.00737624
0.0888284
0.159625
0.0979036
0.11134
0.113592
0.0862022
0.0757819
0.154632
0.206888
0.239411
0.31327
0.319095
0.330492
0.361866
0.371895
0.37509
0.385442
0.365068
0.303865
0.255489
0.0984942
-0.0194607
0.0316104
0.00359957
-0.0582592
0.0260469
0.0890473
0.168679
0.224159
0.184168
0.112814
0.114516
0.0663146
0.0479132
0.112285
0.188324
0.182677
0.205955
0.104802
-0.0193951
-0.0893348
-0.0959834
-0.117453
-0.121304
-0.160592
-0.343655
-0.345707
-0.322799
-0.419462
-0.405876
-0.345198
-0.311666
-0.277575
-0.244459
-0.24295
-0.242277
-0.260555
-0.306951
-0.374849
-0.45954
-0.470658
-0.484698
-0.500405
-0.455421
-0.442543
-0.428417
-0.401372
-0.387066
-0.367867
-0.334592
-0.260606
-0.233509
-0.244684
-0.217522
-0.267334
-0.307886
-0.338825
-0.356574
-0.214842
-0.195685
-0.214391
-0.180098
-0.258823
-0.322435
-0.340121
-0.352741
-0.294487
-0.219187
-0.160173
-0.110959
-0.11024
-0.117908
-0.179079
-0.185342
-0.228265
-0.264226
-0.233952
-0.205105
-0.211966
-0.194676
-0.159087
-0.122414
-0.099829
-0.078869
-0.0497307
-0.0238836
-0.00304874
1.98857e-05
0.00690861
0.0225082
0.0283682
0.0305593
-0.00476063
-0.0336787
-0.0461252
-0.0566365
-0.0548469
0.0147313
0.0603661
0.10652
0.194301
0.242467
0.235644
0.27547
0.305336
0.312738
0.290123
0.264662
0.259095
0.230149
0.236557
0.255034
0.247049
0.272886
0.290112
0.288301
0.254113
0.168119
0.0641104
0.0659806
0.0794223
0.0900444
0.0839238
0.0925385
0.108679
0.100529
0.0898027
0.0951613
0.110788
0.149758
0.162995
0.177405
0.205179
0.190924
0.130588
0.115048
0.000599814
-0.0915552
-0.091859
-0.169408
-0.212713
-0.221233
-0.249268
-0.145378
-0.0998929
-0.0652782
0.0509408
0.0237447
0.0421091
0.1319
0.215375
0.266221
0.317987
0.33293
0.36706
0.399571
0.400637
0.387447
0.396628
0.39947
0.396282
0.396466
0.394803
0.368119
0.319876
0.287563
0.258231
0.342736
0.401986
0.398448
0.436486
0.384683
0.304501
0.203344
0.0963519
0.0996214
0.0245971
-0.0535869
-0.0706252
-0.0693101
-0.0661588
-0.0855599
-0.110289
-0.16145
-0.184286
-0.185242
-0.157773
-0.119193
-0.11408
-0.0976257
-0.076069
-0.10104
-0.117925
-0.111758
-0.11539
-0.0998235
-0.093682
-0.0898769
-0.0568166
0.000612255
0.0964189
0.161268
0.252556
0.302904
0.176852
0.172255
0.162045
0.0378764
0.0179205
0.021804
-0.00246144
-0.00296582
0.0115375
0.036544
0.0564654
0.0724049
0.0950889
0.116911
0.132947
0.147605
0.166804
0.164083
0.15066
0.158435
0.157557
0.167855
0.173188
0.154569
0.0772862
0.0118814
-0.13997
-0.266102
-0.227667
-0.19806
-0.130177
-0.0664811
-0.0185124
-0.00635447
-0.0115184
-0.0261527
-0.0340984
-0.0544414
-0.0832901
-0.0994979
-0.111843
-0.0626934
-0.0299344
-0.0435365
-0.0801117
-0.157297
-0.210378
-0.213562
-0.228969
-0.189946
-0.163453
-0.153152
-0.161475
-0.195546
-0.236281
-0.264113
-0.300209
-0.325989
-0.256214
-0.224891
-0.210865
-0.136019
-0.134821
-0.119976
-0.152835
-0.182364
-0.232793
-0.288027
-0.248472
-0.251206
-0.288975
-0.290174
-0.331905
-0.346546
-0.358855
-0.378253
-0.334075
-0.32321
-0.275581
-0.217477
-0.203191
-0.187652
-0.170062
-0.150228
-0.130889
-0.0788043
-0.0464143
-0.0436865
-0.034711
-0.0633738
-0.104596
-0.133814
-0.225751
-0.276878
-0.274504
-0.270689
-0.226887
-0.213064
-0.186653
-0.203719
-0.25842
-0.262483
-0.291744
-0.341151
-0.371986
-0.389648
-0.385182
-0.305053
-0.270433
-0.136667
-0.0627853
-0.0802916
-0.0399874
-0.0384051
-0.0245639
0.000116526
0.00892793
0.0232516
0.0109098
-0.0273109
-0.0389669
-0.0645873
-0.0589923
-0.00635995
5.98078e-05
0.0160357
0.0489811
0.0779581
0.0937919
0.0980378
0.0894242
0.0671382
0.0682499
0.0615092
0.0921642
0.133113
0.173826
0.179961
0.167313
0.183198
0.184576
0.186569
0.203535
0.210293
0.216066
0.223875
0.197761
0.177559
0.164118
0.140149
0.154921
0.156099
0.13434
0.101932
0.102125
0.0985052
0.106861
0.163158
0.18461
0.244618
0.262758
0.256062
0.257731
0.240699
0.257064
0.258752
0.249516
0.223328
0.180265
0.173574
0.156494
0.188784
0.246998
0.27993
0.320012
0.313033
0.280473
0.242288
0.229359
0.184522
0.135372
0.110832
0.094737
0.0985579
0.0884868
0.09864
0.113101
0.158548
0.197783
0.20021
0.228481
0.202919
0.146936
0.0925263
0.0709853
0.0823946
0.044431
-0.0025453
-0.0466156
-0.0887517
-0.0510011
-0.0524329
-0.0466878
0.00602887
0.0108987
-0.00410849
0.00372448
-0.0035263
0.0213535
0.0691486
0.0841994
0.113842
0.101567
0.00596963
-0.12289
-0.203147
-0.20235
-0.201908
-0.133238
-0.0981356
-0.0218571
-0.0281776
-0.101212
-0.115439
-0.179163
-0.203495
-0.206255
-0.195304
-0.184808
-0.189716
-0.180143
-0.143381
-0.0622052
-0.00402846
0.0791665
0.079623
0.0477681
0.00264652
0.0149982
-0.00451502
-0.018407
-0.00138889
-0.0131257
-0.0169165
-0.0183622
-0.0265454
-0.0300597
-0.0382924
-0.0393156
0.00162863
0.0180054
0.0328201
0.104387
0.108298
0.10122
0.104441
0.0907795
0.0918114
0.0844775
0.0731744
0.0497312
0.0042884
-0.0128952
-0.0244102
-0.0402535
-0.0302575
0.0460611
0.0705973
0.15095
0.264331
0.253695
0.280559
0.217333
0.115019
0.00672943
-0.134079
-0.148105
-0.11136
-0.0209662
0.0246928
0.0813657
0.0513965
0.00714858
-0.00803378
-0.00997865
-0.03389
0.0321137
0.0871124
0.08031
0.110858
0.0973781
0.0157622
-0.0443441
-0.0603186
-0.0570014
0.00276322
0.0508432
0.123125
0.109614
0.0343283
-0.00513482
-0.0463073
-0.0483129
-0.0698443
-0.0673918
-0.0365984
-0.030205
-0.0361461
-0.061855
-0.0628575
-0.0693946
-0.0840198
-0.0763655
-0.0771804
-0.0933932
-0.0948477
-0.0834051
-0.0317021
0.0217324
0.0516755
0.0747876
0.0800556
0.0232113
-0.03177
-0.0925221
-0.10766
-0.071488
-0.0963331
-0.129691
-0.149292
-0.165747
-0.185514
-0.203583
-0.209344
-0.182762
-0.129128
-0.0957848
-0.0943976
-0.073057
-0.0571964
-0.0977712
-0.13316
-0.135061
-0.143569
-0.116186
-0.0497722
-0.0566323
-0.0356266
-0.0263516
-0.0819362
-0.127117
-0.133983
-0.0396998
0.0132799
0.0458526
0.1186
0.131134
0.10546
0.0339313
0.00850458
0.00575656
0.0201425
0.0481459
0.0489345
0.0542984
0.0241473
0.0134997
0.0152334
0.0425576
0.0544558
0.0490096
0.0632275
0.0733464
0.0785472
0.0859074
0.0832814
0.0471367
0.0157724
-0.0367242
-0.063008
-0.0366684
-0.00497449
-0.00346464
0.048244
0.0948524
0.050869
0.0165114
0.0157816
-0.0205956
-0.0688282
-0.0539406
-0.0139454
-0.0343822
-0.0332779
-0.0290347
-0.0242158
-0.0195776
-0.0202996
-0.0186424
-0.0102593
0.0182118
0.0405821
0.0374223
-0.0127763
-0.0512988
-0.0877628
-0.0999936
-0.0599571
-0.0029394
0.00931003
0.0958193
0.17219
0.140741
0.174393
0.145651
0.0459223
-0.013515
-0.173539
-0.264297
-0.263886
-0.138266
0.0300164
0.148474
0.161101
0.135507
0.0595196
-0.0489901
-0.102485
-0.149415
-0.113146
-0.0413746
-0.0399908
-0.018407
0.0140263
0.0185672
0.0208357
-0.000182522
-0.0502799
-0.114031
-0.096642
-0.046311
-0.00710336
0.0538478
0.154725
0.14818
0.153493
0.101624
0.0840012
0.0206108
-0.0435751
-0.0533028
-0.0628522
-0.0591907
-0.0108692
0.0648294
0.110989
0.0882554
0.0938138
0.0292501
-0.0520891
-0.0800079
-0.0936786
-0.0130303
0.0518151
0.14337
0.154529
0.140981
0.117352
0.0882663
0.001777
-0.0563039
0.00905462
0.0436547
0.0676343
0.169626
0.151488
0.135407
0.134902
0.136969
0.127023
0.106925
0.0652455
0.00979886
-0.00607038
-0.030387
-0.0846741
-0.180025
-0.257592
-0.270873
-0.290937
-0.277369
-0.222556
-0.210943
-0.17667
-0.132143
-0.097939
-0.0335132
0.00469764
0.00212682
-0.0118163
-0.0647368
-0.107252
-0.0842848
-0.107334
-0.0759837
-0.00269635
0.00288231
0.00738507
-0.00650168
-0.0314127
-0.0390244
-0.0565347
-0.0115092
0.021485
0.0169692
0.0364575
-0.00566899
-0.0504452
-0.100992
-0.119134
-0.0785672
-0.0588026
-0.0450961
0.000180031
0.0216378
0.0191092
0.0225773
0.0340228
0.0325554
0.0341853
0.0457754
0.0513689
0.0537303
0.0314993
0.0135587
0.00778918
-0.00439917
0.0173239
0.0348976
0.0535293
0.10263
0.174713
0.249281
0.249073
0.197322
0.166201
0.0989027
-0.0235342
-0.121916
-0.14847
-0.214591
-0.271908
-0.279754
-0.189351
-0.118169
0.0158483
0.120589
0.106446
0.0919639
0.146772
0.182296
0.195082
0.211136
0.144205
0.0915368
0.0539469
0.0609135
0.0660424
0.0841018
0.0702351
0.0674104
0.0718291
0.116277
0.16405
0.194938
0.204482
0.172234
0.152458
0.139652
0.0722432
0.0261847
0.00821332
-0.0228423
-0.0437004
0.0147075
0.0410019
0.0551298
0.107184
0.116197
0.13217
0.094005
0.0562655
0.0694817
0.074131
0.0557603
0.0514027
0.04286
-0.0349546
-0.0816384
-0.0888927
-0.0865462
-0.0374981
-0.0339243
-0.0123158
0.0108155
0.028547
0.0635073
0.0828128
0.093066
0.065973
0.0162109
-0.0275396
-0.0591813
-0.053201
-0.0472517
-0.0758643
-0.111615
-0.0890686
-0.0204229
-0.0129171
0.0246095
0.0688202
0.0122564
-0.00369527
0.00443984
-0.0285225
-0.0473128
-0.0413908
-0.0475034
-0.0521105
-0.056409
-0.0926626
-0.128793
-0.144647
-0.13113
-0.0970762
-0.102501
-0.0820234
-0.0666536
-0.066751
-0.0519794
-0.0435477
-0.047098
-0.0440529
-0.0548577
-0.0830829
-0.092214
-0.122219
-0.140034
-0.121457
-0.0855487
-0.0627781
-0.0480504
-0.0738852
-0.115198
-0.111094
-0.128956
-0.153558
-0.0983478
-0.0500157
-0.072093
-0.0509296
-0.0779306
-0.0895979
-0.060487
-0.00873198
0.0165784
0.0637389
0.110835
0.144591
0.139151
0.132555
0.155405
0.158648
0.163457
0.171459
0.174712
0.171179
0.138161
0.110618
0.0600662
-0.0350869
-0.0713109
-0.0923293
-0.117218
-0.117025
-0.135752
-0.0842688
-0.0274453
-0.0226272
-0.0146356
-0.0610284
-0.0693418
-0.0736172
-0.0431448
0.0270021
0.0222613
0.0446751
0.0529325
-0.00658994
-0.0183051
-0.0372974
-0.0564203
-0.0620328
-0.0417744
-0.0120434
0.000407617
0.0206181
0.000250593
-0.0489753
-0.0547295
-0.0903863
-0.126307
-0.139162
-0.140851
-0.147404
-0.123755
-0.0664134
-0.0286985
0.00352004
0.0491774
0.0441564
0.0473254
0.0748968
0.0580927
0.03434
0.0161108
-0.00247237
-0.00550545
-0.0112986
-0.0120735
-0.0287958
-0.0504495
-0.0872925
-0.116287
-0.120978
-0.116515
-0.07783
-0.067408
0.0135826
0.079418
0.077794
0.0925238
0.0329308
0.0151732
-0.00187435
-0.0367464
0.0454784
0.085604
0.0786851
0.121597
0.147646
0.0807308
0.0507858
0.0013546
-0.0857455
-0.106209
-0.099691
-0.055351
0.00101532
0.0773207
0.147674
0.120852
0.146313
0.180659
0.183226
0.189588
0.133411
0.0867663
0.0683131
-0.0190335
-0.0378406
-0.0145739
-0.064478
-0.0842913
-0.0898102
-0.095043
0.00084572
0.0796923
0.152334
0.166244
0.153037
0.075969
0.0670171
0.0641137
0.125134
0.138338
0.123298
0.151339
0.120611
0.0661866
0.0615084
0.0346866
0.0424512
0.0609576
0.0470903
0.052473
0.0227964
-0.0343756
-0.0416693
-0.0564483
0.0186845
0.0653517
0.0770707
0.136238
0.144887
0.0643058
0.0605743
0.0392661
-0.0144369
-0.002609
0.0124896
-0.0168667
-0.0261144
-0.0557813
-0.0711431
-0.0726206
-0.0790351
-0.0505818
-0.0422327
-0.035364
-0.0157595
-0.034472
-0.0808551
-0.0876157
-0.10812
-0.130801
-0.0823104
-0.0609156
-0.0580961
-0.0241855
-0.0186162
-0.0550452
-0.054335
-0.0570922
-0.0304559
0.0610874
0.0830198
0.11361
0.100877
0.00832041
-0.0156915
-0.0805119
-0.0658434
-0.0296102
-0.0279922
-0.0435526
-0.0330424
-0.0209028
-0.0212798
-0.0173123
-0.0144669
-0.0124681
-0.00923512
0.000559311
0.0244884
0.0363631
0.0444955
0.0109436
-0.0253942
-0.0329073
-0.0630717
-0.0961845
-0.0768242
-0.039249
-0.0443186
0.00704826
0.0177068
0.00566699
0.00400014
-0.0418108
-0.0491413
-0.0634006
-0.0629025
0.00981465
0.0274734
0.0356043
0.0629567
0.0593398
0.0309145
0.0289241
0.0201882
-0.00418066
-0.0265731
-0.056508
-0.087518
-0.160351
-0.188626
-0.175036
-0.159092
-0.12336
-0.0737909
-0.0712351
-0.0788522
-0.0467986
-0.0322374
-0.00562307
-0.00862825
-0.0165435
-0.0222256
-0.0290299
-0.0329993
-0.0379257
-0.0132685
0.000952486
0.0109889
0.0465922
0.0714901
0.0929374
0.0755062
0.0460029
0.036721
-0.00307342
0.000512652
-0.00162102
-0.0184837
-0.0270421
-0.0345787
-0.0281275
0.00792078
0.019139
0.0336756
0.0595874
0.0388107
-0.0143335
-0.0205489
-0.0429817
-0.0332833
-0.0225813
-0.0367824
-0.0327844
-0.0267627
-0.0252599
-0.0112
0.0495189
0.0850719
0.0750773
0.0996294
0.120461
0.0652552
0.0491382
0.0402713
-0.00936632
-0.028834
-0.0343798
-0.0121913
-0.00731389
-0.0093961
-0.000306222
-0.00362094
0.00154678
0.0291634
0.0527351
0.0599204
0.0635797
0.0768681
0.0475404
0.0205661
-0.0084624
-0.0860221
-0.139089
-0.109855
-0.125957
-0.106064
-0.088397
-0.0488282
0.0139021
0.0055145
0.0304231
0.031351
0.00923934
0.0189843
0.0230356
0.0330504
0.0381156
0.0469291
0.0535119
0.0268313
0.014248
0.0164647
0.00787115
0.0231051
0.037752
0.0414683
0.065759
0.0779708
0.0783398
0.0929461
0.075225
0.0374094
0.0255317
0.00161174
-0.0141902
-0.0302982
-0.0205363
0.0105774
0.0138596
0.0527734
0.0741421
0.0682894
0.0543007
0.0355654
0.0174254
-0.0376181
-0.0522227
-0.054383
-0.0727066
-0.0653838
-0.016295
0.00189273
0.051371
0.0789057
0.0430603
0.066012
0.0759357
0.0594013
0.0625697
0.0486842
0.0226964
0.0136937
-0.0121238
-0.0392129
-0.0594456
-0.0734324
-0.0918953
-0.0893512
-0.0382846
-0.0268068
-0.0118102
0.0244757
0.0310615
0.0214376
-0.00484348
-0.0168812
-0.0320741
-0.0437785
-0.0090514
0.0324425
0.0632436
0.0711019
0.0438522
0.0292275
0.0131786
0.0219628
0.0201491
0.00417132
-0.00558491
-0.0288776
-0.0487492
-0.0491585
-0.0130021
-0.00628028
-0.00248402
0.00192541
-0.026071
-0.0545183
-0.0719526
-0.0904171
-0.111124
-0.119978
-0.0845292
-0.0747259
-0.0728119
-0.0459584
-0.0294755
-0.0285442
-0.0184753
-0.014688
-0.0137379
-0.0112868
-0.010695
0.00958459
0.0252427
0.0262465
0.0347894
0.0278717
0.0059563
0.0040366
-0.00941387
-0.0224244
-0.0214712
-0.0294373
-0.038528
-0.0425669
-0.0399704
-0.0270055
-0.0255037
-0.0260945
-0.0219136
-0.0220157
-0.0293743
-0.0302338
-0.0440588
-0.0736798
-0.0748509
-0.0872293
-0.112342
-0.120923
-0.105096
-0.107638
-0.115671
-0.113528
-0.112948
-0.114821
-0.105796
-0.0677882
-0.0505676
-0.0365348
-0.011662
-0.00288237
0.00203992
0.0160717
-0.00106464
-0.014015
-0.0103224
-0.0204289
-0.0301502
-0.0236256
-0.0165666
-0.0178555
-0.0172638
-0.0422096
-0.058103
-0.0604157
-0.067329
-0.0565937
-0.0470022
-0.0518218
-0.0496556
-0.0463407
-0.054689
-0.0528932
-0.0432048
-0.0434169
-0.0416747
-0.0454869
-0.0792145
-0.0959199
-0.1007
-0.0535775
-0.0286723
0.000822648
0.0547677
0.0446543
0.0310717
0.0170624
0.0258795
0.0309637
0.0378333
0.0448293
0.0589661
0.0626293
0.0255335
0.0111885
0.0169814
0.00783723
0.0356836
0.0473042
0.0554603
0.0821211
0.0832652
0.0787194
0.0794683
0.075028
0.0705875
0.0687931
0.0923933
0.101693
0.102124
0.111044
0.112555
0.0949339
0.0919999
0.0929102
0.109636
0.11643
0.118814
0.125164
0.0930467
0.0739643
0.0665214
0.0428346
0.0291619
0.0570961
0.0600397
0.0567997
0.0769063
0.0882804
0.0962772
0.0920859
0.06396
0.0541882
0.00821512
-0.0207182
-0.0263811
-0.0568519
-0.0580095
-0.0516599
-0.074013
-0.089874
-0.0943362
-0.101045
-0.0585551
-0.0254356
-0.0247267
-0.00047811
0.0153292
-0.0179829
-0.0203545
-0.0162096
-0.0217
-0.0229407
-0.0222029
-0.0235689
-0.0237273
-0.0233193
-0.0235041
-0.0235214
-0.0234498
-0.0241408
-0.0388189
-0.0566663
-0.0613328
-0.0718617
-0.0569479
-0.0238836
-0.0234393
-0.0169314
-0.00169915
0.00464325
-0.0262884
-0.0432274
-0.0639882
-0.0878012
-0.0817599
-0.096594
-0.0859881
-0.0508374
-0.0564098
-0.0484684
-0.0308766
-0.0325999
-0.0220529
0.000893482
0.01023
0.0210145
0.0347332
0.0409937
0.0362251
0.0413067
0.0448017
0.0402994
0.0398255
0.0368317
0.0328865
0.03801
0.047692
0.0489327
0.0596443
0.0729668
0.0563481
0.0380633
0.0404192
0.0301738
0.0211392
0.0291644
0.0308969
0.0361589
0.0420527
0.0468313
0.0573143
0.0912159
0.111319
0.126975
0.151324
0.133834
0.106053
0.111127
0.0962152
0.079811
0.0880129
0.0859031
0.0762876
0.0641532
0.0526489
0.0451749
0.030207
0.0106307
-0.00167263
0.00895683
0.0231832
0.0157537
0.0134738
0.016556
0.0110561
0.00821939
0.00757561
0.00697477
0.00536715
0.0126402
0.0274808
0.0250982
0.0249188
0.0313491
0.0202277
0.0154155
0.0126688
0.00315786
-0.00274799
-0.00722679
-0.0126997
-0.00641056
0.000358449
-0.000676986
0.0142662
0.0414882
0.0429184
0.0255635
0.00365765
0.000193274
-0.0317217
-0.0571619
-0.0590776
-0.0653887
-0.0535203
-0.0286063
-0.0319659
-0.024091
-0.0313575
-0.0420679
-0.0397932
-0.0411056
-0.0422253
-0.0496641
-0.0844207
-0.0972426
-0.0950208
-0.0845876
-0.0460306
-0.0330489
-0.00180526
0.0101125
0.0136294
0.0380316
0.0521151
0.0538322
0.0546667
0.0506453
0.0416719
0.0498203
0.0660441
0.0671051
0.0720099
0.0814715
0.083587
0.0589468
0.0475668
0.0398133
0.0318721
0.0433055
0.0407858
0.025303
0.00803657
0.00653008
0.00649958
0.000461007
-0.00555289
-0.0216152
-0.0351753
-0.0400225
-0.0500947
-0.0555768
-0.0603683
-0.06678
-0.0697586
-0.0625297
-0.0619244
-0.069353
-0.093252
-0.101509
-0.0917637
-0.0941636
-0.0737842
-0.0610096
-0.0420153
-0.0371751
-0.0479055
-0.0381411
-0.0363431
-0.0375442
-0.0209068
0.00416478
0.0334672
0.0673066
0.0753793
0.0686049
0.0729617
0.0790605
0.0779141
0.0788679
0.083583
0.0828686
0.0764469
0.0665669
0.0561879
0.0426374
0.0370084
0.0458604
0.049603
0.0479525
0.0403454
0.0291844
0.0224876
0.00740201
0.0152779
0.0178178
0.0227832
0.050409
0.0420969
0.0300111
0.0126663
-0.0294602
-0.0479503
-0.043968
-0.0311637
-0.00353127
0.0264277
0.0135329
0.00686776
-0.0174254
-0.0558919
-0.0554471
-0.065425
-0.0556535
-0.0436454
-0.0364987
-0.0203488
-0.00443104
0.0104817
0.00989319
0.0116703
-0.0201715
-0.0833269
-0.0804521
-0.0552572
-0.0475388
-0.0140185
0.0121876
0.000228405
0.00629922
0.00550062
0.00387625
0.0137133
0.03378
0.0358164
0.0399995
0.0448518
0.0333076
0.0334613
0.0350468
0.0447889
0.0516997
0.0548249
0.063959
0.0716599
0.0783852
0.0865397
0.0974132
0.108071
0.117053
0.128693
0.134628
0.117522
0.0780923
0.0321131
0.00217678
-0.0277274
-0.0401503
-0.0436637
-0.0354913
-0.00643605
0.0188445
0.0170205
0.00858649
-0.00894044
-0.0336286
-0.0259215
-0.0201213
-0.0150373
-0.000640748
-0.0090491
-0.0212542
-0.0206357
-0.0182285
-0.00713914
-0.0156537
-0.0200012
-0.0277739
-0.0432553
-0.0317713
0.0083579
0.0568552
0.063259
0.0487625
0.0633281
0.0512691
0.0315537
0.0226159
0.00579965
-0.0112721
-0.0303942
-0.0423324
-0.0364684
-0.0308292
-0.0416271
-0.0437999
-0.0492617
-0.0616599
-0.0656322
-0.0723039
-0.0813002
-0.0866199
-0.0931148
-0.0994047
-0.0990483
-0.10212
-0.106324
-0.105345
-0.097023
-0.0940989
-0.0917598
-0.0782056
-0.0604971
-0.044508
-0.0229463
-0.00970095
-0.0175401
-0.0369081
-0.0488454
-0.0541655
-0.0404489
-0.00534628
0.0237378
0.0126412
-0.00909071
-0.0214502
-0.0343277
-0.0696059
-0.0437218
-0.0272564
-0.0329811
-0.0188566
-0.00329094
0.00423138
3.77423e-05
-0.0141049
-0.0289251
-0.0474349
-0.0679006
-0.0738308
-0.0562866
-0.0330911
-0.021702
-0.011459
-0.00948834
-0.00940563
-0.00173305
0.00600051
0.0297505
0.0454359
0.0486487
0.0418134
0.0166389
0.00882881
0.0127029
0.00997735
0.00174523
-0.00836652
-0.0433728
-0.0704895
-0.0642158
-0.0600855
-0.080188
-0.0864489
-0.0806427
-0.0756264
-0.0545125
-0.0276692
-0.0146176
-0.00152837
0.0145142
0.0119827
-0.020715
-0.0419218
-0.0764597
-0.0728353
-0.0450373
-0.0430087
-0.0231878
0.0186239
0.0369621
0.0126772
0.018164
0.0230247
0.00820876
0.00254145
0.000203886
-0.0049205
0.011281
0.0241087
0.0490654
0.0599566
0.0522496
0.0510148
0.0491778
0.0631307
0.06838
0.0712474
0.0793458
0.0509798
0.0355852
0.0123068
-0.00679416
0.0120868
0.00699886
0.00219621
0.00733072
0.00448792
-0.00754879
-0.026196
-0.0397713
-0.0688418
-0.0487272
-0.0309753
-0.041173
-0.0345688
-0.0284509
-0.0334527
-0.0227737
-0.00763032
0.000234049
-0.00564779
-0.0148162
-0.0163461
-0.0243631
-0.0330746
-0.0384829
-0.0488591
-0.0620702
-0.0684287
-0.0714826
-0.0713411
-0.0725338
-0.0713907
-0.0656333
-0.0504992
-0.0278169
-0.00396171
0.00778661
0.0202128
0.0263896
0.0307034
0.0399394
0.0423031
0.0452205
0.0404341
0.0102096
0.0159834
0.0250712
0.0118437
0.000661271
-0.00961287
-0.0208026
-0.0239631
-0.00619526
0.016862
0.0306286
0.0228059
0.0374254
0.0225012
0.0105041
0.00637678
0.0136416
0.0226351
0.0228819
0.0299702
0.0366582
0.0400982
0.0504097
0.0664541
0.087785
0.106651
0.113585
0.116694
0.120369
0.115654
0.0966344
0.0829276
0.0651641
0.0434052
0.0387574
0.0419632
0.0488158
0.0651448
0.0925099
0.100359
0.0948162
0.0773602
0.0503116
0.046067
0.0344079
0.0325327
0.0451113
0.0494356
0.0483537
0.0248345
0.00298936
0.0121081
0.022883
0.0397417
0.0446259
0.0477026
0.0325312
-0.010559
-0.0318585
-0.0386428
-0.0355598
-0.0131869
0.0314931
0.0378034
0.0414932
0.0503674
0.027348
0.00762771
-0.00455832
-0.0328572
-0.0281673
-0.0220431
-0.0176455
0.00292715
0.0284735
0.0347817
0.02364
0.00910608
-0.0139527
-0.0330276
-0.0394217
-0.0548029
-0.0779547
-0.0932368
-0.109503
-0.113418
-0.117971
-0.0857756
-0.0212896
0.00632641
0.0243513
0.039988
-0.02763
-0.121054
-0.0971182
-0.0833512
-0.0331349
0.139516
0.242462
0.280285
0.250181
0.188936
0.084432
-0.0128488
-0.102385
-0.223565
-0.234655
-0.156976
-0.152742
-0.166185
-0.15631
-0.147926
-0.141207
-0.089852
0.0395984
0.0880346
0.0639892
0.00660322
-0.218175
-0.293659
-0.286375
-0.216003
-0.055529
0.00328002
-0.0253284
-0.0212051
-0.0666191
-0.182228
-0.171089
-0.115205
-0.0579192
0.124179
0.063768
0.0344767
0.0655183
-0.00460181
-0.0256324
0.0436998
0.103217
0.140699
0.127462
0.0982373
0.0871729
0.0675183
0.0517963
0.0277205
-0.0836172
-0.209046
-0.143162
-0.123371
-0.0563962
0.0825264
0.083122
0.0580552
0.0155144
-0.0905178
-0.0926164
-0.0601874
-0.0536311
-0.0461331
-0.0357711
-0.0285532
-0.0341164
-0.0673397
-0.105683
-0.167139
-0.191428
-0.139181
-0.00547118
0.203878
0.256259
0.262919
0.271757
0.256724
0.134788
0.0173254
0.0376796
-0.0613778
-0.145443
-0.111374
-0.0997356
-0.0528479
0.124515
0.12522
0.0377091
0.0238656
-0.0653469
-0.0654207
-0.0427104
-0.0972036
-0.139611
-0.202668
-0.228271
-0.0886712
0.0814827
0.220178
0.21492
0.189878
0.092351
-0.0564613
-0.0900349
-0.0598602
-0.0352
0.0130071
0.0602699
0.0421802
0.0263
0.0176865
0.00453978
0.00489717
0.0615121
0.161354
0.136781
0.10286
0.105507
-0.0375733
-0.101671
-0.0389658
-0.0692712
-0.076803
-0.0620695
-0.0587748
0.00354099
0.0742442
0.152707
0.152605
0.100674
0.0777464
0.0101756
0.00404959
0.0267483
0.0464469
0.0634873
0.0695735
0.0543626
0.0489923
0.0419319
0.0267244
0.0317297
0.0536963
0.0832958
0.101002
0.0854445
0.0631931
-0.0129022
-0.0856735
-0.0723491
-0.0742484
-0.0868124
-0.074064
-0.0681124
-0.0486179
-0.0259518
0.0184983
0.0239772
0.00761103
0.00783347
0.0106536
0.0168332
0.0166134
0.0155115
0.00804657
0.00573594
0.0218978
0.0394354
0.0803525
0.102381
0.0570839
-0.0162505
-0.116785
-0.116121
-0.0944831
-0.0730753
9.45787e-05
0.0335802
0.0121384
-0.00560091
-0.0365935
-0.0779995
-0.0347372
0.00684723
0.0502913
0.066164
0.0830075
0.0888006
0.0963053
0.106092
0.106796
0.111692
0.107115
0.0392014
-0.032994
-0.0441649
-0.0673899
-0.0699244
-0.043712
-0.0187613
0.0403813
0.0543626
0.0805562
0.104002
0.0906196
0.0667037
0.0268038
-0.00778737
-0.0260053
0.00157397
0.0506451
0.0955919
0.0880487
0.0556547
0.0915861
0.0859253
0.0797214
0.0853222
0.0664391
0.0465218
0.0344465
0.0149916
-0.0160258
-0.0183391
-0.00818761
-0.0066664
0.00411255
0.0192309
0.0288012
0.0334617
-0.0160306
-0.0580872
-0.036923
-0.0221644
-0.0301212
-0.0225686
-0.0322453
-0.0621859
-0.0721005
-0.0761788
-0.0735795
-0.0524646
-0.0191023
-0.00574045
-0.00816467
-0.0167579
-0.0641332
-0.0614468
-0.0585803
-0.0956612
-0.0987422
-0.0971559
-0.11138
-0.114191
-0.101709
-0.0759268
-0.0486995
-0.0219168
0.000599273
-2.75586e-05
0.0148859
0.0423623
0.0694454
0.107501
0.108185
0.0864604
0.0600779
0.0258444
0.0256737
0.0399357
0.0546773
0.0537831
0.048296
0.0589475
0.0451896
0.0225265
0.00675759
-0.0175631
-0.0470453
-0.051813
-0.0343671
-0.032935
-0.0278626
-0.0213764
-0.0385734
-0.0436278
-0.03516
-0.0325906
-0.0372246
-0.034984
-0.030632
-0.0308764
-0.0415792
-0.0676617
-0.114356
-0.119491
-0.0680842
-0.00311559
-0.0295432
-0.0127938
0.0885149
0.0640909
0.0361416
0.037175
-0.0120943
-0.0849112
-0.0683803
-0.0246159
0.0279965
0.0719841
0.121835
0.114776
0.098411
0.0472661
-0.022136
-0.0560751
-0.0905229
-0.0950078
-0.0936219
-0.0714208
0.0136316
0.0343846
-0.0105722
-0.00246208
0.00469546
-0.0017198
0.014257
0.038321
0.0373668
0.0234536
-0.0338553
-0.095565
-0.0746
-0.0978059
-0.117123
-0.109266
-0.0980697
-0.0915549
-0.0463899
-0.00581577
0.00602153
0.00446943
0.00245039
-0.0125107
-0.0428025
-0.0648255
-0.0747642
-0.074593
-0.0596272
-0.0303754
0.00485339
0.0266917
0.0186639
0.00040367
-0.0109356
-0.0252599
-0.0432575
-0.0602844
-0.0616214
-0.0622653
-0.0620168
-0.0454303
-0.0181556
-0.00604351
-0.0176743
-0.0253381
-0.0319108
-0.0587097
-0.0833675
-0.0891239
-0.0799516
-0.0691232
-0.0577406
-0.0500565
-0.0521353
-0.0452914
-0.0379368
-0.0330915
-0.01533
0.00925972
0.0207887
0.0274947
0.0257001
0.0103515
0.00994579
0.00691588
0.00326958
0.00232633
-0.00051915
0.000787428
0.00390245
0.0103379
0.0169105
0.033651
0.0567112
0.0586787
0.05563
0.0642969
0.0439108
0.0272805
0.0194407
0.00748641
0.0041068
0.0075646
0.00414379
0.00340477
0.00580314
0.016177
0.043002
0.112015
0.0920508
0.0793167
0.102248
0.0935133
0.0969507
0.104254
0.104297
0.102297
0.0826219
0.0690221
0.0531247
0.0303718
0.00989866
-6.59751e-07
-0.00696295
-0.00838459
-0.0111271
-0.0154344
-0.015447
-0.0147585
0.00278049
0.03426
0.0524817
0.0782272
0.103164
0.0958258
0.102003
0.111816
0.114132
0.119231
0.124289
0.129121
0.129547
0.0993242
0.0545865
0.0366085
0.03279
0.0248611
0.0279717
0.0239594
0.0249788
0.00485191
-0.0419044
-0.0438031
-0.0387924
-0.0456294
-0.0533024
-0.0168592
0.00483983
0.00840984
0.0498813
0.0858755
0.111938
0.110175
0.0952583
0.0630813
0.0274752
0.00997804
0.00777946
0.0231793
0.0461306
0.0483444
0.0386893
0.0169621
0.0133587
0.0163638
0.00626811
0.0106801
0.0173647
0.0116734
0.00626571
-0.0241553
-0.0818338
-0.10056
-0.0740756
-0.0765153
-0.0788156
-0.0685495
-0.0635219
-0.0598972
-0.0746676
-0.0798082
-0.0723771
-0.0702725
-0.0648426
-0.057541
-0.0397785
-0.0319566
-0.0250737
-0.020248
-0.0168203
-0.00989064
-0.00483908
0.00180441
0.00526993
0.00813167
0.0172931
0.0295872
0.0377423
0.0504034
0.0681066
0.0477407
0.0200051
0.0147031
0.0206361
0.00932176
0.0151932
-0.00394798
-0.035413
-0.0429451
-0.0779312
-0.090861
-0.0743084
-0.0808259
-0.087227
-0.0933601
-0.0981092
-0.104291
-0.107957
-0.0895205
-0.0821095
-0.0733252
-0.0714934
-0.0691315
-0.0720403
-0.07318
-0.066345
-0.0504532
-0.0364006
-0.0249411
-0.0219004
-0.0150553
-0.0223952
-0.0208641
-0.0144289
-0.0132274
-0.0114052
-0.00803689
-0.00632079
-0.00865786
-0.0185803
-0.0357137
-0.0473692
-0.0453889
-0.0376908
-0.0251956
0.00191956
0.0210158
0.0161101
0.0155292
0.00188137
-0.00141882
0.000696138
-0.00942535
-0.0182458
-0.0248969
-0.0274054
-0.0211186
-0.00960484
0.0147365
0.010757
0.00115658
0.00992581
0.00717883
0.00152848
-0.00419393
-0.00980975
-0.0140306
-0.0200228
-0.0347584
-0.0405305
-0.0364467
-0.0421582
-0.0373911
-0.0447224
-0.0578163
-0.0798278
-0.0925494
-0.089843
-0.0904448
-0.0991468
-0.0449622
-0.0166454
-0.0369404
-0.0167206
-0.0106656
-0.0281923
-0.0218782
-0.0216757
-0.0286532
-0.0275411
-0.0226682
-0.022192
-0.0235009
-0.0321438
-0.0423816
-0.0397368
-0.0290903
-0.00953796
0.0115035
0.0097958
0.00320994
-0.0159329
-0.0315819
-0.0190708
-0.00238604
0.00550434
0.0161109
0.0213825
0.0217451
0.0180977
0.0163863
0.0268627
0.0323043
0.0327855
0.0348779
0.0227997
0.00458199
-0.0156484
-0.0079321
0.0177359
0.0253935
0.0373266
0.0452659
0.0332194
0.021592
0.0243298
0.0174789
0.0202991
0.0384657
0.0498477
0.054484
0.0541721
0.0605058
0.0506175
0.0402888
0.0427871
0.0409322
0.0507073
0.0671304
0.0864961
0.10961
0.128735
0.127235
0.129534
0.117146
0.1025
0.0944945
0.0858797
0.0895764
0.107794
0.116225
0.120188
0.119444
0.129637
0.125369
0.113658
0.109629
0.0964269
0.0797851
0.0610929
0.0541259
0.0526978
0.0668115
0.0782363
0.0779998
0.085387
0.0923587
0.0948017
0.0529106
0.00441194
0.0116536
0.0169173
0.000572996
-0.00395536
-0.0179702
-0.0210033
-0.0116747
-0.00423174
0.00770882
0.0114595
0.00921729
0.0134029
-0.00592577
0.00946587
0.0187458
0.0124053
0.0233718
0.0251027
0.0205299
0.021658
0.0170534
0.0159614
0.0130726
-0.0036601
-0.0162455
-0.022896
-0.0356877
-0.0458426
-0.0478827
-0.0530533
-0.0539407
-0.0535187
-0.0523378
-0.0520209
-0.0510336
-0.0477882
-0.0455976
-0.0504246
-0.0529684
-0.0488023
-0.0457476
-0.0466338
-0.0449624
-0.0457702
-0.0511965
-0.0515388
-0.0506825
-0.0514177
-0.0489946
-0.0404736
-0.0295452
-0.0221109
-0.0177505
-0.0344178
-0.0497931
-0.0686107
-0.0696782
-0.0635971
-0.0506141
-0.0367703
-0.028415
-0.0139895
-0.000163428
0.00425619
0.0113107
0.0144212
-0.0101996
-0.0164078
-0.0185202
-0.0316682
-0.0343764
-0.0358049
-0.0182748
-0.00977971
-0.00644858
0.00383995
0.00491528
0.00680815
-0.00366844
-0.00924703
-0.00890371
-0.0141081
-0.0197314
-0.0232416
-0.027533
-0.0319787
-0.035622
-0.0361876
-0.0314056
-0.0192134
0.00609169
0.0442799
0.041933
0.050665
0.0463169
0.0128995
-0.0358312
-0.0426466
-0.0242307
-0.0501807
-0.0567919
-0.059491
-0.0744513
-0.0722668
-0.0731341
-0.067664
-0.0464314
-0.0231769
-0.0191718
-0.0222605
-0.0165016
-0.0297729
-0.0326689
-0.0233623
-0.021032
-0.00829141
0.00186407
0.00503097
-0.0135152
-0.0214285
-0.0145539
-0.0205217
-0.0150128
0.00162905
0.000487156
0.00721939
0.0165353
0.00859204
0.00222728
0.00476547
0.00908822
0.0201905
0.0229294
0.0265801
0.0222539
0.020309
0.022883
0.0255166
0.0275884
0.0263724
0.025464
0.0177516
0.00188862
-0.010666
-0.0220863
-0.0292139
-0.0106214
-0.00186471
0.0118335
0.028565
0.0398043
0.0539323
0.0642844
0.0625181
0.0685269
0.0451845
0.0195184
0.0228647
0.0204126
0.0301211
0.0345303
0.0243429
0.0017566
-0.0135681
-0.0176437
-0.0148432
-0.0157748
-0.0148565
-0.0135605
0.00211583
0.0329717
0.128193
0.145075
0.114294
0.129854
0.0918528
0.0371693
-0.0288003
0.00167437
0.0304489
0.0391503
0.0591642
0.0338751
0.0224303
-0.0117331
-0.034561
-0.0194765
-0.00971847
0.00942066
0.0391123
0.056066
0.0574967
0.0526878
0.0355828
0.0364604
0.0304584
0.0231769
0.0405113
0.0561478
0.080316
0.0974714
0.0921798
0.0993766
0.0766563
0.0406173
0.0251227
0.0216839
-0.00191852
-0.000464666
0.0207597
0.0124342
0.01631
0.0253519
0.0275563
0.032481
0.0401104
0.0491015
0.0539156
0.0597579
0.0531334
0.0334678
0.0295235
0.0179656
0.00326267
-0.000531491
-9.25309e-05
-0.00865052
-0.0120711
-0.0125278
-0.0113066
-0.00221549
0.000184071
0.00566753
0.015406
0.0192398
0.0238273
0.0171506
0.0016698
0.00625667
0.0206421
0.0197626
0.0168719
0.0200968
0.0127465
0.00556419
0.00671402
0.0119882
0.0111511
0.0108101
0.0152911
0.0217088
0.0217611
0.0120388
0.00889562
-0.00493768
-0.0136874
-0.0140566
-0.019292
-0.00884764
-0.00606365
-0.0111305
-0.00713527
-0.00968031
-0.0197909
-0.0247728
-0.0427135
-0.0485696
-0.042364
-0.0493445
-0.039891
-0.0358482
-0.0434084
-0.0393679
-0.0416747
-0.0451935
-0.0436394
-0.0388806
-0.0382359
-0.0392026
-0.0395286
-0.0449638
-0.0475718
-0.0520014
-0.0580282
-0.0621899
-0.0705759
-0.0809806
-0.084658
-0.0880609
-0.0949053
-0.0877061
-0.0751881
-0.0603017
-0.0440595
-0.0375525
-0.0394165
-0.0316333
-0.0403176
-0.0478675
-0.0483381
-0.0551831
-0.0542541
-0.0479251
-0.0494546
-0.044778
-0.0419555
-0.0533087
-0.058034
-0.051328
-0.0270178
-0.0207756
-0.018846
-0.00917452
-0.0287318
-0.0512971
-0.0484626
-0.06218
-0.0661997
-0.0636023
-0.0592879
-0.0590649
-0.0601045
-0.0568891
-0.0553107
-0.0556534
-0.0544709
-0.0525105
-0.050685
-0.0511659
-0.0564018
-0.0582776
-0.0605181
-0.0636285
-0.0634995
-0.0616435
-0.0367707
-0.02489
-0.0281488
-0.0203232
-0.0248285
-0.0350596
-0.0241976
-0.0141213
-0.0084796
0.00685531
0.0165871
0.0260603
0.029693
0.0364916
0.0454478
0.0472102
0.0272844
0.0215442
0.0203593
0.00989334
0.00512464
0.0230792
0.0455518
0.050018
0.0566913
0.0628151
0.0504469
0.032543
0.0132514
0.0200824
0.0295392
0.0216977
0.0216525
0.024367
0.0169204
0.0159227
0.0166071
0.0188118
0.0366432
0.0582631
0.0656796
0.0579703
0.0447516
0.0310266
0.0186617
0.020854
0.01405
0.005227
0.000975318
-0.00401329
-0.00803018
-0.0106526
-0.013398
-0.000328386
0.00999273
0.0127517
0.0218419
0.0261878
0.0276701
0.0263633
0.0276228
0.0303736
0.0333492
0.0312911
0.0230459
0.0208446
0.0142712
0.00692294
0.0107429
0.00834891
0.00461759
0.0108986
0.01455
0.0162258
0.0303543
0.035639
0.0279273
0.0310846
0.0316132
0.0297162
0.0343771
0.0397656
0.0480417
0.0381537
0.0331454
0.0367647
0.0327181
0.0289968
0.0195005
-0.000994155
-0.0120466
-0.0293255
-0.0393319
-0.0398922
-0.0445836
-0.0523758
-0.0564176
-0.0571844
-0.0592968
-0.0511416
-0.0360893
-0.0376184
-0.0275278
-0.0126244
-0.033898
-0.0413053
-0.0352719
-0.018663
-0.00185831
0.00711727
0.00362131
0.00505912
0.00164165
-0.00133129
0.00735496
0.022141
0.0253007
0.0302676
0.0332017
0.011253
-0.00584736
-0.00589991
-0.0064986
-0.00559859
0.0212327
0.0534314
0.0514081
0.055152
0.0373625
0.0171477
0.0130488
0.0137406
0.0266644
0.0286593
0.0286132
0.0300596
0.0262049
0.0295459
0.0428203
0.0469636
0.046321
0.0526786
0.0555345
0.0533394
0.0446764
0.0289823
0.0103844
-0.00858623
-0.00737884
-0.00759428
-0.00427364
-0.00490437
-0.00467932
-0.00560375
-0.00560614
-0.00541692
-0.00680712
-0.00717152
-0.00486243
-0.00350451
-0.00315234
-0.000754472
0.00153135
0.00870252
0.0274536
0.0307449
0.0268374
0.0361488
0.0422953
0.0514765
0.0584381
0.0572766
0.0622114
0.0573273
0.0526682
0.0472551
0.038802
0.0332081
0.024913
0.0147818
0.00533704
0.00235937
0.0014714
0.00560731
0.0127952
0.0139105
0.0180659
0.0181564
0.0171756
0.0136882
0.0113666
0.00971221
0.00763355
0.00622623
0.00409073
0.00226229
0.000241388
-0.00329112
-0.0058636
-0.0083455
-0.0131404
-0.0181003
-0.0230462
-0.0390058
-0.0452273
-0.0447618
-0.0492217
-0.0308661
-0.0225527
-0.019816
-0.014281
-0.0172772
-0.0295334
-0.0272077
-0.027189
-0.0310214
-0.0264902
-0.0261418
-0.0263054
-0.0238091
-0.0214423
-0.0197761
-0.0176531
-0.0108118
-0.00309182
0.000215953
0.00163617
0.00530147
0.00703234
-0.00669724
-0.0120664
-0.013969
-0.0210116
-0.0270826
-0.0305173
-0.0334945
-0.0379725
-0.0388848
-0.0404997
-0.0391595
-0.0311785
-0.0292525
-0.0230044
-0.0129956
-0.0147299
-0.0145479
-0.00889178
-0.0136856
-0.0290673
-0.0194365
-0.00983285
-0.0101439
-0.00322486
0.00472431
0.00622756
-0.00389345
-0.00406267
-0.00192338
-0.00427352
0.00914315
0.0165575
0.0204694
0.0232348
0.00313331
-0.00211155
-0.00294675
-0.0125079
-0.0152445
9.43411e-06
0.0106105
0.0131399
0.00815824
0.00811402
0.00945833
0.00558609
0.00949579
0.0133353
0.00918737
0.0054256
0.0060579
0.00417846
0.0018788
0.000925267
-0.000768275
6.47182e-05
0.00917821
0.0121556
0.00947009
0.0104545
0.00603728
-0.00853688
-0.0011092
-0.000925226
-0.00118497
0.000804347
0.0106031
0.00958869
0.0084234
0.00484651
-0.00792502
-0.00897333
-0.0123637
-0.0197414
-0.0216562
-0.00760493
-0.00237606
-0.00403295
0.00415269
0.0104717
0.00256245
0.000622568
0.00550623
0.00612404
0.00500868
0.00774107
0.0101626
0.0127352
0.0167092
0.0201935
0.0245482
0.0244937
0.0123604
0.011692
0.0143318
0.0142801
0.0204643
0.0188813
0.017314
0.0201112
0.0102758
-0.00174623
-0.00351691
-0.0091067
-0.00231701
-0.000668359
-0.00193819
0.000452025
-0.0162066
-0.0237166
-0.0190091
-0.024688
-0.0208492
-0.020212
-0.0329278
-0.0346863
-0.0332507
-0.0381097
-0.0319201
-0.0264022
-0.0246979
-0.0152182
-0.0253534
-0.0446056
-0.0382865
-0.0425848
-0.0520841
-0.0432768
-0.0385847
-0.0404772
-0.0352632
-0.0293911
-0.0261682
-0.0230573
-0.0234636
-0.0216492
-0.0191528
-0.0177515
-0.0161444
-0.0142516
-0.0117389
-0.00964532
-0.00762378
-0.00510718
-0.00202306
0.000453689
0.000506133
0.000293357
0.00199928
0.0013288
-0.00744614
-0.0128477
-0.0195459
-0.0298061
-0.0274495
-0.0185
-0.0218984
-0.0216474
-0.0179622
-0.0180697
-0.0264689
-0.0295221
-0.0316233
-0.038186
-0.0360528
-0.0202696
-0.0129339
-0.0085478
-0.00516762
-0.023062
-0.0276648
-0.0241374
-0.0170265
-0.00261401
0.0044947
0.00280799
0.00241857
0.00827706
0.00653646
0.00813743
0.0223714
0.0118909
-0.00899077
-0.00855061
-0.0185719
-0.0268255
-0.0101547
-0.00759056
-0.00929589
-0.0108521
-0.0238088
-0.0229947
-0.019026
-0.0241859
-0.0264237
-0.0267108
-0.0290188
-0.0305927
-0.0299118
-0.0162771
-0.0143339
-0.015921
-0.00890384
-0.0042881
-0.00659765
-0.0211847
-0.0219863
-0.0201927
-0.0270505
-0.0227649
-0.00644296
-0.00323708
0.000870233
0.00884594
0.0173894
0.026745
0.0358524
0.0428013
0.0382281
0.0401521
0.0430798
0.0416142
0.0416543
0.0400738
0.0375244
0.0282744
0.0166884
0.00974011
0.00453464
0.00600379
0.0138983
0.0129327
0.0177527
0.0249135
0.0264315
0.0166952
0.0146889
0.0160466
0.0131289
0.0102098
0.020659
0.0275189
0.022118
0.0265823
0.0292125
0.0347699
0.0520784
0.0686372
0.0812093
0.0673887
0.055704
0.0614993
0.0539071
0.0451161
0.0411315
0.0372828
0.0323719
0.0277051
0.0290773
0.0314952
0.0292634
0.0298448
0.0311513
0.031305
0.0318775
0.0333479
0.0352469
0.0362944
0.0372557
0.0371138
0.0377013
0.0384711
0.0386799
0.0397095
0.0420401
0.0427332
0.0379769
0.0338662
0.033006
0.0277409
0.0219177
0.0181962
0.0109031
0.00342511
0.000356419
-0.00279624
-0.0059307
-0.00202344
-0.00289314
-0.00959525
-0.0131766
-0.0116748
-0.0127867
-0.012975
-0.0135094
-0.0240144
-0.03653
-0.0410029
-0.0483884
-0.055051
-0.0547136
-0.0449784
-0.041151
-0.0355053
-0.0331418
-0.0439124
-0.044045
-0.0412943
-0.041619
-0.0439874
-0.0466676
-0.0476293
-0.0493852
-0.0546496
-0.0569072
-0.0516565
-0.0507576
-0.0422006
-0.0356825
-0.036186
-0.0323254
-0.0280634
-0.0284505
-0.026253
-0.0226342
-0.0166767
-0.0108347
-0.00594579
-0.00267506
-0.0175839
-0.0337749
-0.0220929
-0.0280191
-0.0374221
-0.0351653
-0.0293929
-0.0281609
-0.0188903
-0.00745439
-0.00193047
-0.0028241
0.00276063
0.00467749
0.00635303
0.00866623
0.00737233
0.00748652
0.00994636
0.0098087
0.00356132
-0.000135406
0.00079293
-0.00151492
0.00164525
0.00411709
0.00228204
0.000885149
0.00356964
0.00669106
0.00676574
0.00315856
-0.0010438
-0.00305754
-0.0100998
-0.0106911
-0.00657189
-0.00869603
-0.00859562
-0.00994208
-0.0195642
-0.00968184
-0.00405086
-0.00773751
-0.00297308
0.0115565
0.0128839
0.0106337
0.00241845
-0.00442813
-0.00136324
-0.00591821
0.00189508
0.0147232
0.0333575
0.0379852
0.0384065
0.0419501
0.0405292
0.0476965
0.0523919
0.0542624
0.0577875
0.060591
0.0538953
0.0466004
0.0438918
0.0379267
0.0348632
0.0354377
0.0314816
0.0289444
0.0277662
0.0250249
0.0220777
0.0200547
0.0189149
0.0176233
0.0156743
0.0143591
0.0131798
0.0122494
0.0130825
0.0128055
0.0128427
0.0146736
0.0153801
0.0161153
0.0173709
0.0160351
0.0128076
0.0124675
0.0100573
0.00578635
-0.00188809
-0.000977257
0.00694564
0.00842809
0.0143273
0.0221434
0.0223632
0.0262202
0.022222
0.0192373
0.0148524
0.0117107
0.0157375
0.0143845
0.012465
0.0135862
0.0136355
0.0148639
0.0140458
0.00413996
0.00330965
0.00578053
0.000970859
-0.00112177
-0.0026055
-0.0101976
-0.0150847
-0.0132339
0.00324048
0.00773466
0.00727483
0.00389765
0.00499929
0.00642433
0.00523448
0.00564679
0.00554432
0.00607218
0.0136134
0.0191257
0.0212042
0.0173472
0.00823849
0.00809789
0.00373108
0.00432165
0.0122621
0.00806507
0.00738742
0.00724517
0.00428608
0.00473551
0.0112572
0.013397
0.0158146
0.0207388
0.0197684
0.0180178
0.0211253
0.0222832
0.0224115
0.0258306
0.031938
0.0275532
0.0112959
-0.000249071
-0.0119151
-0.0155418
-0.0162083
-0.013381
-0.00554032
-0.00694365
-0.00697446
-0.00296158
-0.0032254
-0.00377778
-0.00582497
-0.00638115
-0.00628074
-0.00747563
-0.00839089
-0.00835767
-0.00676991
-0.00641065
-0.0067948
-0.00691919
-0.00743756
-0.0089772
-0.00958472
-0.01043
-0.0116069
-0.00663786
0.00108221
-0.000326405
0.00084362
0.000129476
-0.00233946
-0.00206867
-0.00393424
-0.00705449
-0.00872087
-0.00998484
0.00359142
0.0204944
0.0231791
0.0294724
0.0382357
0.0226823
-0.0087331
-0.00291726
-0.00783664
-0.0116572
0.000411118
0.0081583
0.00316595
0.00761414
-0.0100802
-0.018849
-0.0128997
-0.0190293
-0.0180551
-0.0189919
-0.0200463
-0.0229154
-0.0285557
-0.0292189
-0.024761
-0.018106
-0.0154428
-0.0057118
0.00734704
0.00452994
0.00517922
-0.00246342
-0.0103291
-0.011291
-0.00977714
-0.0138245
-0.0156814
-0.0136906
-0.0146017
-0.0171115
-0.0184846
-0.0193005
-0.0167889
-0.0107547
-0.00305596
0.0106382
0.0115249
0.0169813
0.012716
-0.0124581
-0.00425859
0.00209412
0.000464078
8.96062e-05
0.00307502
0.00951458
0.00232277
-0.00498492
-0.00660133
-0.0127844
-0.0101651
0.00304937
-0.00332495
-0.00602296
-0.00630473
-0.0128325
-0.015556
-0.0105756
0.000688155
0.00613926
0.0131502
0.0205154
0.0229058
0.0199474
0.0130885
0.012056
0.0109188
0.00603383
0.000356096
-0.0049836
-0.0192545
-0.0211116
-0.0156309
-0.0239087
-0.025753
-0.0239152
-0.0237431
-0.0145057
-0.0101292
-0.0120041
-0.0111733
-0.00605604
-0.000807921
0.00225693
0.00773343
0.0104574
0.0110729
0.0100538
0.00556423
0.00701724
0.0124022
0.000882022
-0.007241
-0.00985538
-0.0105493
-0.00182344
0.00944553
0.00689299
-0.00254262
-0.00225686
-0.0037651
-0.000460821
0.012669
0.0169711
0.0234408
0.0185316
0.000534403
0.010499
0.0196042
0.0172757
0.0167876
0.0121141
0.00718255
-0.00332737
-0.0161401
-0.0122692
0.000106731
-0.00368227
-0.00741312
-0.0163957
-0.0170239
-0.0137113
-0.019875
-0.0231444
-0.0255839
-0.0326516
-0.0393851
-0.0367669
-0.0319343
-0.0327292
-0.031347
-0.0265428
-0.022037
-0.019085
-0.0144714
-0.00808363
-0.000629651
0.00511706
0.00779394
0.009959
0.0146606
0.00843316
0.00322425
0.0165107
0.0342224
0.0359351
0.0258706
0.0254412
0.0216655
0.0185456
0.014597
0.012
0.0131726
0.0110306
0.00894964
0.00710104
0.00529154
0.00145787
-0.00540829
-0.0236969
-0.0277059
-0.0180407
-0.0162958
-0.00932004
-0.0127574
-0.0292371
-0.0314979
-0.0355782
-0.036892
-0.032229
-0.0304803
-0.0287746
-0.0208951
-0.0157993
-0.0107412
-0.00355691
-0.000479923
0.000522171
0.00306783
-0.00280617
-0.00476751
-0.00280939
-0.00299164
-0.00469207
-0.00270454
0.0017299
-0.00102672
-0.0061941
-0.00534318
-0.00398424
-0.00328634
-0.00374388
-0.0056913
-0.0107121
-0.0121943
-0.0132813
-0.0170877
-0.0238261
-0.0231492
-0.0181075
-0.0168037
-0.00568883
0.00108286
0.00570559
0.0133343
0.0206248
0.0159454
0.00250979
0.00257191
0.000102947
0.00713506
0.00990586
0.0107568
0.0116551
0.000962036
-0.0015874
-0.00355897
-0.0102821
-0.0150506
-0.0192324
-0.0189028
-0.0169966
-0.0190125
-0.0120897
-0.00452206
-0.00266784
0.00187928
0.00680739
0.00156287
-0.00332364
-0.0021961
-0.00505182
-0.00516984
-0.00557681
-0.00735833
-0.00737103
-0.00483793
-0.00374423
-0.00308697
0.000300046
0.00149936
-0.0068213
-0.0106298
-0.0098491
-0.0110078
-0.0138457
-0.0140173
-0.0095706
-0.00825596
-0.00625063
-0.00303865
-0.00256224
-0.00288963
-0.00928226
-0.0166723
-0.0177225
-0.0176804
-0.0209261
-0.0186911
-0.0148936
-0.0127833
-0.00966297
-0.0160266
-0.0182274
-0.0140153
-0.0155966
-0.0131185
-0.00749884
-0.0107045
-0.0141513
-0.0118601
-0.010424
-0.00847782
0.00280148
0.00978395
0.00828825
0.0117425
0.00668853
0.000633684
0.000896098
-0.00174179
-0.00583653
-0.00659665
-0.00652251
-0.00876843
-0.00981838
-0.0105149
-0.0119891
-0.0132546
-0.0107755
-0.00408393
-0.00257672
-0.00176114
0.000285763
0.000648331
-0.00251641
-0.00978582
-0.010816
-0.00393571
-0.000632294
0.00114598
0.00642464
0.00918722
-0.000492779
-0.00657324
-0.00533375
-0.00433004
0.00199048
0.00218572
0.00281414
0.0126915
0.00879249
-0.00773662
-0.0037045
-0.00150768
-0.00406215
0.00362294
0.0123064
0.0133643
0.0153669
0.0196866
0.0240795
0.0155512
0.0144058
0.0168298
0.0139642
0.0139568
0.015037
0.016064
0.0172668
0.0174281
0.0151656
0.0059114
-0.000900902
-0.00303888
-0.00440798
0.00714734
0.0150901
0.0134817
0.0190378
0.0231609
0.0128191
0.00732395
0.0119514
0.00766335
0.00363806
0.00427883
0.0134991
0.0245408
0.0276822
0.0263357
0.0306371
0.0343271
0.0327846
0.0251205
0.0313043
0.0412215
0.034114
0.0343387
0.0338688
0.0300364
0.0348247
0.0360126
0.0344416
0.0335844
0.0265365
0.0222286
0.0190119
0.0135422
0.0133622
0.0174726
0.0145839
0.00820505
0.00585573
0.00359503
0.000474091
-0.000180251
-0.00225552
0.00179714
0.00808007
0.00837939
0.0115855
0.0127976
0.00702749
0.00661508
0.00612307
0.00319186
0.00167286
-0.000188548
-0.00349245
-0.00705334
-0.0148792
-0.0190339
-0.0115706
-0.0104432
-0.012314
-0.00860776
-0.00532724
-0.00431897
-0.00335128
-0.0016488
-0.00516453
-0.00887896
-0.00899928
-0.00574969
-0.00147032
-0.000609144
0.00463541
0.00583993
0.00406656
0.0077142
0.0100319
0.0108385
0.0143825
0.0172857
0.021203
0.0274793
0.0230774
0.0128173
0.0162243
0.0149236
0.0131618
0.022449
0.0217174
0.0129707
0.00110609
-0.00824653
-0.0193131
-0.0292586
-0.0132824
-0.00760259
-0.00899594
0.000889899
0.00736982
0.0119307
0.0183612
0.0173263
0.0173685
0.0210593
0.0216368
0.0234468
0.0259005
0.0272472
0.0286351
0.0291019
0.0302341
0.0314343
0.0323247
0.0343511
0.036022
0.03676
0.0343389
0.0333368
0.0340399
0.0342988
0.0332349
0.0295909
0.0327831
0.0367707
0.0395232
0.0426756
0.0448032
0.0398065
0.0376392
0.0342863
0.0267274
0.0231993
0.0212277
0.0172631
0.0141953
0.0118084
0.00987567
0.00920688
0.00643171
0.00296362
0.00575342
0.0123006
0.0190169
0.0277582
0.0165578
-0.00625197
-0.00454369
-0.000703363
-0.00592057
0.0133654
0.022386
0.0188404
0.0274551
0.0317574
0.0265202
0.0134202
0.00555095
-0.00539566
-0.0203181
-0.024315
-0.0203858
-0.0127371
-0.00319649
0.000656722
-0.000915085
-0.00284806
0.00135022
0.00150969
0.00396784
0.00215807
-0.0141441
-0.0201788
-0.0270149
-0.0383105
-0.0312389
-0.0277391
-0.0302846
-0.0277821
-0.0321883
-0.0395337
-0.0539731
-0.0609336
-0.0546051
-0.0554031
-0.0541982
-0.0507859
-0.0536685
-0.0519041
-0.037624
-0.0309644
-0.0295365
-0.0211912
-0.0261087
-0.0388918
-0.0356567
-0.0390346
-0.0403981
-0.0362768
-0.0377737
-0.0366267
-0.0365674
-0.0443402
-0.0461984
-0.0446812
-0.0440586
-0.0404432
-0.0375068
-0.0306164
-0.0318148
-0.0364392
-0.0373056
-0.0427611
-0.0408056
-0.0323696
-0.0308489
-0.0251023
-0.0184501
-0.00801403
4.04778e-05
0.00109906
0.000462936
-0.0193203
-0.024458
-0.0197383
-0.0272184
-0.0252028
-0.0204006
-0.0216685
-0.0161575
-0.0117184
-0.0121137
-0.0136134
-0.0245043
-0.029157
-0.0360514
-0.0451256
-0.0443453
-0.0442246
-0.035145
-0.0268132
-0.016639
-0.00260736
-0.00510844
-0.0142112
-0.0106931
-0.00366416
0.0139944
0.0211101
0.0277524
0.0298752
0.0075904
0.0033861
-0.00108737
-0.00732257
0.0158504
0.0251439
0.0349371
0.0330032
0.0150446
-0.00572749
-0.0161878
-0.0118227
-0.0134336
-0.00843588
0.000270328
0.00761525
0.0172572
0.0182396
0.0225525
0.020998
0.00461159
-0.0061686
-0.0164845
-0.0129081
0.00944113
0.0213939
0.0385279
0.0524511
0.0567708
0.061971
0.0244606
-0.00591587
-0.016548
-0.0102065
0.0211745
0.0451517
0.05452
0.0474545
0.0374309
0.02231
0.024279
0.032936
0.025657
0.0132578
-0.00716408
-0.00970596
-0.00757275
0.00966561
0.0271351
0.029486
0.0393699
0.0480382
0.0336752
0.00978105
-0.00261892
-0.00186994
0.00914589
0.0314356
0.0335207
0.0408414
0.0431837
0.0336489
0.0206112
0.0116319
0.0220318
0.0189995
0.0171103
0.0229157
0.0245449
0.0316663
0.0376107
0.0413888
0.0307714
-0.00101287
-0.0130948
-0.0437893
-0.0558129
-0.0651229
-0.060274
-0.0400855
-0.0460221
-0.041577
-0.0283973
-0.0129813
0.00157149
0.0109066
0.0205334
0.00279545
-0.0162135
-0.0105014
-0.0172645
-0.0121703
0.0157169
0.0249484
0.0345661
0.0417048
0.0170914
-0.00564245
-0.0152404
-0.0306117
-0.0309326
-0.013334
-0.0159984
-0.00656841
-0.00492996
-0.0222576
-0.0213799
-0.00598939
0.0161619
0.01921
0.0298608
0.0288917
-0.0169321
-0.0432779
-0.0270555
-0.0152085
0.00467267
0.014326
0.0248994
-0.00858961
-0.021749
-0.0158993
-0.0163891
0.00439804
0.00708839
0.00984325
0.00042548
-0.00225288
-0.00147693
-0.0101617
-0.0154445
-0.0181114
-0.0191132
0.00552824
0.0202183
0.024367
0.0389338
0.0322546
0.0268624
0.0316925
0.0241104
0.0188439
0.011886
-0.00157493
-0.00487425
-0.00152517
-0.00493968
0.00661479
0.0139812
0.0162551
0.0197834
0.0221857
0.0265418
0.0260028
0.0136966
0.00999094
0.0086774
0.00360765
0.0160049
0.0254276
0.0112346
0.0078473
0.00198398
0.00105203
0.00746639
0.0142757
0.0207816
0.0255731
0.014847
0.00404445
-0.00295022
-0.0151488
0.00382984
0.00786177
0.0105013
0.0151731
-0.0169636
-0.0258153
-0.0256243
-0.0406942
-0.0465485
-0.0297523
-0.0240159
-0.0251904
-0.0163088
-0.0193045
-0.0267359
-0.0240903
-0.027701
-0.0289152
-0.0208102
-0.0206115
-0.0247268
-0.0236302
-0.0326412
-0.0436143
-0.0415053
-0.0410188
-0.0412102
-0.0286973
-0.0242488
-0.0193192
-0.018131
-0.0251841
-0.0226423
-0.0186148
-0.0177676
-0.0173445
-0.0186603
-0.0268414
-0.029124
-0.0214386
-0.0145231
-0.0152432
-0.0112346
-0.0153153
-0.023555
-0.0240589
-0.0300027
-0.0256359
-0.0140049
-0.0150349
-0.0131256
-0.0118671
-0.00992006
-0.0108142
-0.0142867
-0.0141892
-0.0112109
-0.0055711
-0.00425625
0.00187401
0.0134375
0.0183048
0.0178027
0.0229976
0.0197931
0.00948321
0.00945005
0.00915411
0.008566
0.00614125
0.00347231
-1.34444e-05
-0.000618112
0.00711028
0.00928939
0.0104944
0.019426
0.0262401
0.0278304
0.0262734
0.0292761
0.0312885
0.0257838
0.0201243
0.020491
0.0221766
0.020293
0.0130627
0.00423581
0.0022761
-0.000550902
-0.00449136
0.00617635
0.0120014
0.0130861
0.0221555
0.0292325
0.0323041
0.0380846
0.034655
0.0179332
0.0149831
0.0119725
0.00476273
0.0080109
0.0174243
0.0136178
0.0121478
0.015834
0.0150386
0.013894
0.00874257
0.00375262
0.0082737
0.0140034
0.0122335
0.0139766
0.0158601
0.00671096
6.67419e-05
-0.000947536
-0.00604697
-0.0118593
-0.0119274
-0.00728084
-0.00857449
-0.00586755
0.00708067
0.0130136
0.0172179
0.0165631
0.0163289
0.0201947
0.0216471
0.0225344
0.023869
0.0195835
0.0139616
0.0131163
0.0094688
0.00611586
0.00976408
0.00962698
0.00820794
0.00974228
0.0111471
0.0117633
0.0127095
0.0119235
0.00508124
0.00241231
0.00291281
0.00203983
-0.000598183
-0.00165836
-0.00411646
-0.00781312
-0.00965577
-0.0124048
-0.0164559
-0.0196957
-0.0190598
-0.014269
-0.0144739
-0.0140887
-0.0177814
-0.0225754
-0.0226794
-0.0175362
-0.0130251
-0.012628
-0.0130833
-0.0185351
-0.0191943
-0.0166077
-0.0114634
-0.0105219
-0.00919023
-0.0103036
-0.0100739
-0.00910773
-0.0110133
-0.012038
-0.0127787
-0.0179543
-0.0199268
-0.00712097
-0.00351328
0.000510743
0.0131892
0.0197634
0.0201205
0.0226779
0.0215254
0.0116202
0.00998426
0.00877159
0.01225
0.0124051
0.0114838
0.0122805
0.0119197
0.0122799
0.0143039
0.0164035
0.0170519
0.015442
0.0132906
0.0134619
0.0122461
0.0111948
0.0107302
0.00968671
0.00834106
0.00416244
0.00154443
-0.000329146
-0.00118443
-0.00114301
-0.00288604
-0.00368267
-0.00404672
-0.00485283
-0.00519719
-0.00110755
0.0028406
0.00370811
0.00442478
0.00584675
0.00626904
0.00483627
0.00555025
0.00823492
0.00838758
0.00189281
-0.00210422
0.00711
0.00923529
0.00889018
0.0148323
0.0175582
0.00977412
0.00348134
0.00489162
0.00285033
-0.000493765
-0.00100808
-0.00286073
-0.00385368
-0.00268355
-0.0042678
-0.0090979
-0.00943681
-0.000437567
0.00319952
0.000739292
-0.00436131
-0.00435021
-0.00534875
-0.00908729
-0.0113894
-0.0126847
-0.014858
-0.01156
-0.00336018
-0.00170502
0.00439369
0.0115074
0.00463321
-0.00348219
-0.00171923
-0.005571
-0.00865172
-0.0107087
-0.0136605
-0.0149009
-0.0167384
-0.0193752
-0.0217755
-0.0238236
-0.0260951
-0.0281473
-0.0302615
-0.0324691
-0.0350954
-0.0384088
-0.0410025
-0.043162
-0.0417715
-0.0415069
-0.0401958
-0.0369945
-0.0270098
-0.0170031
-0.0248325
-0.0322795
-0.0307908
-0.0353296
-0.0342592
-0.0328848
-0.0351669
-0.0326984
-0.0304906
-0.0302178
-0.0287448
-0.0264971
-0.0208822
-0.017259
-0.0141929
-0.00926383
-0.00540547
-0.00373302
-0.000533255
0.00236168
0.000524562
0.000566726
-0.00114231
-0.00864689
-0.00928672
-0.00365515
-0.00318453
0.000846011
0.00326944
-0.00672187
-0.00906603
-0.00760985
0.000146432
0.00485306
0.00632166
0.00846954
-0.00171602
-0.00465985
-0.00318288
0.00984513
0.0174958
0.015727
0.0185948
0.015747
0.012694
0.013687
0.0158534
0.0163157
0.0162241
0.0171274
0.0145421
0.01301
0.0127892
0.0175107
0.0277145
0.0304552
0.0335421
0.0372518
0.0416996
0.0449472
0.0404719
0.0363968
0.0370632
0.0340388
0.0303056
0.0279309
0.0251019
0.0243367
0.0249674
0.0230721
0.020957
0.0176529
0.0111772
0.000854842
-0.00321409
0.00164882
0.00150436
0.00641717
0.013632
0.0106003
0.0115646
0.0148391
0.00844248
0.00598267
0.00397958
-0.00207283
-0.00208265
0.00435285
0.00478698
0.0112414
0.0185141
0.0212902
0.0234838
0.0104834
-0.00335163
-0.00360257
-0.00940592
-0.017052
-0.00628648
-0.00394381
-0.00445715
0.000796822
-0.00773426
-0.0166675
-0.014175
-0.0162884
-0.0178859
-0.00789254
-0.00559892
-0.00421903
-0.00197718
-0.00879451
-0.00976613
-0.00975902
-0.0132108
-0.0135741
-0.00180302
0.0027405
0.0018572
2.82769e-06
0.00258713
0.0116109
0.018624
0.020488
0.0233147
0.0214629
0.0128261
0.0120133
0.0122389
0.011619
0.00886507
0.00732393
0.00488991
-0.00139225
-0.00484206
-0.007001
-7.41995e-05
0.00511443
0.000799405
-0.00739634
-0.00576482
-0.00380751
0.000901042
0.00845082
0.0088225
-0.0134283
-0.034793
-0.0437055
-0.0590322
-0.0567971
-0.0265828
-0.0139721
-0.0173433
-0.00753336
-0.0204672
-0.02336
-0.0245823
-0.0249423
-0.00980621
-0.00736183
-0.00318119
0.00532834
-0.00472064
-0.0143189
-0.0120121
-0.00612655
-0.00109306
-0.00204379
-7.26455e-06
0.00427772
0.00830073
0.0097318
0.00559313
0.00515177
0.00303105
0.000502039
0.00393891
0.00470558
0.00379575
0.00533647
-0.00211812
-0.0143266
-0.0151329
-0.0175571
-0.0178893
-0.0155157
-0.0180178
-0.0209924
-0.0212692
-0.0209559
-0.00992328
-0.000937025
0.00128861
0.00123855
-0.00983061
-0.0264834
-0.0203491
-0.0185817
-0.0171125
-0.00160717
0.00143624
0.000577092
0.00513627
0.00961169
0.00715239
0.00712575
0.00580437
-0.000283027
-0.00226477
-0.00348929
0.00745278
0.0156334
0.0115113
0.0148407
0.0153237
0.00696347
0.0025705
-0.0101424
-0.00698253
0.000533415
-0.00385672
0.000506356
0.00447829
0.00401787
0.00414032
0.000982815
-0.000929959
-0.00101809
0.00370535
0.00735844
0.00867112
0.0129085
0.0162332
0.0099954
0.00223987
0.0019987
-0.00677898
-0.0170272
-0.00793486
-0.00461348
-0.0077757
-0.00219379
-0.00272769
-0.0127447
-0.0140787
-0.0157682
-0.0204817
-0.0239148
-0.0209667
-0.0131714
-0.0127657
-0.0079287
0.000566321
0.00488506
0.00842954
0.0133774
0.0141899
0.00618097
0.00543104
0.00782836
0.0169473
0.0204588
0.012694
0.00370886
0.00497305
0.0108722
0.0175682
0.0173861
0.0120192
0.00559478
0.00548164
0.00316792
0.00575825
0.0058697
0.00485836
0.00718213
0.00849019
0.00914469
0.0110729
0.015963
0.0194212
0.0209971
0.0173715
0.0161797
0.0169244
0.0120081
0.00398961
0.00084307
0.00374247
0.00683049
0.00471642
0.00549965
0.00683008
0.00704627
0.00539476
0.00460107
0.00405926
0.00252519
0.00148863
0.000558842
-0.000641273
-0.000818278
-0.000193773
-0.000736489
-0.00114698
-0.00156391
-0.00216406
-0.00521677
-0.00775474
-0.00832832
-0.0100546
-0.0121506
-0.0128162
-0.0138099
-0.0163367
-0.0217123
-0.0248121
-0.0239088
-0.0224868
-0.024596
-0.0242912
-0.0206276
-0.0184714
-0.0171543
-0.0124505
-0.00798694
-0.00511236
-0.00395233
-0.0083592
-0.00854603
-0.00962519
-0.0123192
-0.0116361
-0.011708
-0.0122181
-0.00972356
-0.00882705
-0.00819243
-0.00690202
-0.00640484
-0.00486077
0.00247194
0.00811716
0.00806478
0.0100403
0.0137582
0.0106324
0.00946438
0.0104136
0.00876348
0.00751278
0.00667419
0.00383475
0.00153625
0.00248603
0.00318062
0.00172992
0.000691004
0.000222815
-0.0049469
-0.016035
-0.0197563
-0.00429743
0.0132372
0.0140826
0.0243537
0.0353438
0.0121972
-0.00784449
0.00343001
-0.00304773
-0.00762402
0.00879634
0.0106228
0.0114003
0.00532287
0.0013185
0.00313378
0.00267397
0.000242505
-0.000142567
0.000739223
0.000179354
-0.000203657
-0.00117657
-0.00186761
4.72918e-05
0.00450839
0.00547557
0.00355395
0.00279834
0.0010226
-0.00248357
0.00010647
0.000268851
0.00263775
0.00941653
0.00866077
0.00116065
0.000458753
-6.1947e-05
0.00461964
0.0089351
0.00883663
0.0108584
0.0128546
0.00679458
0.00352335
0.00139787
-0.00282408
0.00326426
0.00578043
0.00519481
0.00900671
0.00991403
0.00424008
0.00396784
0.00836305
0.00812119
0.00576721
0.00691625
0.0061679
-0.00173166
-0.00482567
-0.00225861
-0.00368177
-0.00546822
-0.00433571
-0.0065706
-0.0102464
-0.010451
-0.00414755
0.00138848
0.00185081
0.00156918
0.00450115
0.0113803
0.0159495
0.0187238
0.0231126
0.0253849
0.0225523
0.0219102
0.0217819
0.025785
0.0279353
0.0209894
0.0159022
0.00816122
0.00798448
0.0105482
0.0051433
0.00506867
0.0147954
0.010815
0.00215934
0.00495566
0.00252786
-0.00294626
-0.00624221
-0.00249758
0.00386068
0.0033326
0.00672017
0.0072117
0.00109084
0.000959127
-0.000766058
-0.00326973
-0.00266658
-0.00435893
-0.00655363
-0.00761809
-0.0108652
-0.0136599
-0.0116438
-0.00553858
-0.00484531
-0.00249617
0.0021749
0.00686869
0.0126853
0.0056675
-0.00322586
0.000255547
0.00384818
0.00562023
0.00550267
0.00235332
-0.000660567
-9.107e-05
-0.00136222
-0.000953973
0.00201349
0.0015404
0.00172001
0.00308224
0.00170698
-0.000166763
-0.000169065
-0.00149864
-0.00301954
-0.00105147
0.00301843
0.00290128
0.00292783
0.00472956
0.00542656
0.00571889
0.003806
0.00292905
0.00365174
0.00186695
-0.00262045
-0.00441692
-0.00243884
-0.000847239
-0.00153982
0.00193659
0.00418505
0.00499686
0.00803979
0.0157701
0.0219779
0.026244
0.0328841
0.0352733
0.0249377
0.0235592
0.0245619
0.0206243
0.020104
0.0258391
0.026442
0.0237178
0.0165283
0.0150058
0.0188635
0.0177264
0.0161569
0.0181706
0.0186973
0.0174436
0.014312
0.0131468
0.010317
0.00608433
0.00399236
0.0019174
-8.77046e-05
-0.00032731
-0.00184048
-0.000388487
0.00317578
0.00323116
0.00393563
0.00556433
0.00677952
0.00621769
0.00447072
0.00463549
0.00409593
0.0018568
-0.000502134
-0.00172652
-0.00378906
-0.00614307
-0.008033
-0.009458
-0.00896639
-0.00949324
-0.00863289
-0.00781436
-0.00665265
-0.00179087
0.000853276
-0.00181278
-0.00902922
-0.00967746
-0.00744427
-0.00769816
-0.00859773
-0.00257066
0.00125344
6.99426e-05
-3.23805e-05
0.0024264
0.00183585
0.00093032
-0.00343608
-0.00727058
-0.00227299
0.00232422
-0.000198759
-0.00876164
-0.0118839
-0.0072897
-0.00785137
-0.00726303
-0.00528075
-0.00547644
-0.0116578
-0.0139511
-0.0130749
-0.013992
-0.0158238
-0.0109745
-0.006805
-0.0131569
-0.0165308
-0.0131203
-0.0134077
-0.0148966
-0.00833038
-0.00234141
-0.00207755
0.00103143
-0.000183831
-0.00614368
-0.00552025
-0.00694965
-0.00942992
-0.0110863
-0.0119159
-0.00969764
-0.00952872
-0.010837
-0.0121588
-0.0125751
-0.0139269
-0.0150041
-0.0130432
-0.0119944
-0.0132041
-0.0132853
-0.0143715
-0.0176835
-0.0188091
-0.0173327
-0.0149988
-0.0155317
-0.0143409
-0.0116917
-0.0102767
-0.00787885
-0.00323836
-0.00466046
-0.0142891
-0.0158659
-0.0167775
-0.0197023
-0.022661
-0.0215181
-0.0183847
-0.0192758
-0.0178292
-0.0147533
-0.0133529
-0.0117482
-0.0111556
-0.0108792
-0.00976286
-0.0108647
-0.0117467
-0.0116176
-0.0130957
-0.0151776
-0.0161044
-0.0174984
-0.0199166
-0.0226928
-0.0246152
-0.0233006
-0.0203825
-0.0211162
-0.0170826
-0.00860961
-0.00542422
-0.00732957
-0.00890245
-0.0063452
-0.00576559
-0.00251392
-0.000400115
-0.000953444
-0.00600892
-0.00728803
-0.00306103
0.00518844
0.00675712
0.00975418
0.00980919
0.000786708
0.000221704
0.000965283
-0.00238344
-0.00150083
0.004827
0.00558332
0.00661645
0.0101489
0.0091826
0.00145437
0.00131288
0.00538153
0.0032894
0.00214272
0.00221517
-0.000123762
-0.000137835
0.00293231
0.00239896
0.000951589
0.00435693
0.0115765
0.0118514
0.00814188
0.0109887
0.0127816
0.0120118
0.0121395
0.00771199
0.00467892
0.00255422
-0.00210364
0.00180466
0.0117001
0.0109499
0.0125783
0.0198891
0.021478
0.00795628
0.0100433
0.0196903
0.0159351
0.0139902
0.0152885
0.0115554
0.00844277
0.00455866
0.000270799
0.00459613
0.00934099
0.00260881
0.00108133
0.00770226
0.0143568
0.0154828
0.0195664
0.0257388
0.031182
0.0285828
0.0123024
0.00500493
-0.00394724
-0.0114467
-0.015966
0.00498376
0.00810104
0.00452951
0.0149219
0.00928659
0.00356493
0.00408713
0.00531942
0.0119358
0.0120867
0.00862894
0.00631194
0.00745534
0.0129638
0.0180885
0.0201497
0.0269365
0.0298413
0.0145954
0.00991151
0.00593002
-0.00451848
-0.00928802
-0.00572996
-0.00865934
-0.00816832
-0.00476156
-0.00397022
-0.000993021
0.00292545
0.00526098
0.000296403
-0.00267362
-0.00336179
-0.0032992
0.00579329
0.00935463
0.0148114
0.0219994
0.0263165
0.0172795
0.00858638
0.00505516
-0.0123787
-0.0137513
-0.00778243
-0.0176013
-0.0208479
-0.020554
-0.0213808
-0.0220824
-0.0169299
-0.011406
-0.0100057
-0.00650467
-0.00228427
0.000820663
0.000768409
-0.00586273
-0.00433918
0.00192095
0.000952559
-0.00147601
-0.00529461
-0.00697729
-0.0121269
-0.0169478
-0.021858
-0.0291374
-0.0317528
-0.0180119
-0.0144684
-0.0115709
0.0032156
0.0115699
0.0133888
0.0171545
0.0222455
0.0117096
0.00818181
0.0112606
0.00982047
0.00694125
0.00829203
0.00814649
0.00352351
-0.000784081
-0.00229772
-0.00444176
-0.00573237
-0.00773242
-0.00415467
0.00109055
0.00117262
0.000736539
0.00177623
0.00319571
0.00294422
0.00256211
0.00267873
0.00214898
0.00171579
-0.00242986
-0.00757218
-0.00888897
-0.00861794
-0.010616
-0.0108514
-0.0102159
-0.0120446
-0.0137327
-0.0131923
-0.00783142
-0.004944
-0.00693041
-0.016711
-0.0182055
-0.0160927
-0.0208097
-0.0259117
-0.0332654
-0.0346894
-0.0241298
-0.023274
-0.02107
-0.0129705
-0.00889493
-0.00439331
-0.010974
-0.0248067
-0.0251782
-0.0248563
-0.0217976
-0.0219195
-0.0142321
-0.00979327
-0.0141174
-0.0117857
-0.00897714
-0.00970555
-0.00900483
-0.0108012
-0.0138111
-0.0139059
-0.0128946
-0.0130115
-0.011229
-0.00940531
-0.0089931
-0.00810661
-0.00887882
-0.0105498
-0.00434866
-0.00044802
-0.000238775
0.00315383
0.00220538
-0.00522563
-0.00562502
-0.00473978
-0.00787987
-0.00990974
-0.0104819
-0.0118552
-0.0115114
-0.0111994
-0.0133119
-0.0164137
-0.017174
-0.0163071
-0.017027
-0.0179512
-0.0174184
-0.017442
-0.0164868
-0.00820412
-0.00417134
-0.00491422
-0.00321873
0.000344509
0.000243536
-0.00100621
-0.000693996
-0.00617106
-0.00942821
-0.0122701
-0.0207967
-0.0178011
-0.00969774
-0.0129967
-0.0140236
-0.0129182
-0.0109911
-0.000772827
0.00401965
0.00241102
0.00575672
0.00742701
-0.00228452
-0.00519614
-0.00639829
-0.00794433
-0.00881952
-0.00875037
-0.00629806
-0.00624835
-0.00758675
-0.0151106
-0.0184133
-0.0203649
-0.022224
-0.0247979
-0.0191438
-0.00569884
-0.00431037
-0.00873921
-0.00480652
-0.00389555
-0.0072365
-0.00655085
-0.00138508
0.00413143
0.00554243
0.00830053
0.0113326
0.00681915
0.00493559
0.00654841
0.0068538
0.00602119
0.00665586
0.00902118
0.00987036
0.0112122
0.0136965
0.0150093
0.0127189
0.0108055
0.010598
0.00818437
0.00689536
0.0112798
0.0139927
0.014091
0.0154801
0.0172089
0.0192617
0.0228135
0.0249317
0.0200494
0.0143421
0.017204
0.0190219
0.0155526
0.00721658
0.0133489
0.0281612
0.0223101
0.0209364
0.0172744
0.00994234
0.00960201
0.00670531
0.00691837
0.0139541
0.0146389
0.0190613
0.0245032
0.0193892
0.0109326
0.0125451
0.013656
0.0114068
0.0129107
0.0163158
0.0111782
0.00475274
0.00899054
0.014992
0.0141408
0.0152947
0.0122787
0.00903963
0.00857243
0.00547222
0.00292453
0.00290473
0.00133814
-8.01734e-05
-0.000534257
-0.00162752
-0.00267509
-0.00359869
-0.00456785
-0.00411586
-0.00249946
-0.00272975
-0.00499373
-0.00770353
-0.0110475
-0.014211
-0.0118759
-0.0102758
-0.0115908
-0.00686436
-0.00211528
-0.000851836
0.00177992
-0.00506297
-0.0118894
-0.00548925
-0.00525683
-0.00878532
-0.00806772
-0.00836708
-0.0103009
-0.0126251
-0.0133749
-0.00958712
-0.0061896
-0.00580864
-0.00495131
-0.00759554
-0.00780557
-0.00758634
-0.00867696
-0.00942866
-0.0132249
-0.0211559
-0.024575
-0.0221711
-0.0181411
-0.0199312
-0.0155109
-0.0105597
-0.0116221
-0.0133867
-0.0112692
-0.011088
-0.0108779
-0.00720789
-0.00673552
-0.00881939
-0.00868375
-0.0103208
-0.0109286
-0.00952592
-0.00835979
-0.00521133
-0.00295802
-0.00449399
-0.00414878
0.000173849
0.00495669
0.00824966
0.0132639
0.0167788
0.0181476
0.00848192
0.00285072
0.00029266
0.00173037
0.0209172
0.0243568
0.0245534
0.0114964
-0.000935054
-0.00301858
-0.00337951
0.00371112
0.0191342
0.0252414
0.0357993
0.0324557
0.0134779
0.0108911
0.0108519
0.020667
0.021176
0.0217972
0.0241144
0.0273136
0.0297683
0.0176531
0.015807
0.0178613
0.00587701
0.0165886
0.0152902
0.00297741
0.0059815
0.00724893
0.0181353
0.0360808
0.0452731
0.0413303
0.0323781
0.0253512
0.022845
0.0173532
0.0317222
0.0389058
0.0338703
0.039343
0.0329134
0.0154322
-0.0037516
0.00516115
0.0122732
0.0227226
0.0309127
0.0355868
0.0227415
0.0191454
0.0193923
0.0186839
0.0191639
0.0193054
0.00918022
0.00383539
0.00215877
-0.00322311
-0.00724278
-0.00702914
-0.011109
-0.0098317
-0.00777148
-0.0088327
-0.0156241
-0.0187532
-0.0157746
-0.00311177
0.00825599
0.00476128
0.00740528
0.0105921
0.00247498
0.00660201
0.0116251
0.0204506
0.024715
0.0259293
0.0259972
0.0261809
0.0352339
0.0421908
0.0437984
0.0488065
0.0589829
0.0545784
0.0329592
0.0203225
-0.00131383
-0.0179829
-0.0360738
-0.0511473
-0.0414777
-0.0380733
-0.0276506
-0.0155576
-0.00224593
-0.000436851
0.00216686
-0.003355
-0.00414092
-0.00369178
0.00662757
0.036014
0.0648996
0.0710086
0.023087
-0.0438716
-0.0613699
-0.0682382
-0.0390616
-0.0173153
-0.021192
-0.0368263
-0.0526446
-0.0464367
0.00191438
0.0373671
0.0238267
-0.00943389
-0.00791515
0.00293493
0.0411589
0.0914244
0.10651
0.079202
0.0661171
0.0475378
-0.00248559
-0.0536781
-0.0744532
-0.0860242
-0.0870075
-0.0601905
-0.00873835
-0.0195345
-0.0409509
-0.0481583
-0.040921
-0.0393424
-0.0106155
0.0156149
0.0193424
0.0254638
0.00431465
-0.0197802
-0.0205687
-0.0299759
-0.0354065
-0.0306625
-0.016393
-0.000789233
0.0261002
0.037696
0.00852718
-0.00798996
-0.0142356
-0.019954
-0.0250968
-0.0334613
-0.0355286
-0.0429649
-0.0494145
-0.0469504
-0.0404183
-0.0122869
0.0155353
0.0699451
0.0890289
0.0605056
0.0405524
-0.0181404
-0.0809602
-0.0690924
-0.0505632
-0.0190271
0.00722494
-0.00462964
-0.0352507
-0.0417673
-0.0367754
-0.0383531
0.0103759
0.0653592
0.0535992
0.0474308
0.0582112
0.0374219
0.0284861
0.0147873
-0.00280011
-0.0148649
-0.0274831
-0.03309
-0.0348714
-0.0233721
-0.0214426
-0.0211137
-0.025632
-0.0323887
-0.0235233
-0.0144228
-0.0164235
-0.0129576
-0.00745149
-0.00731343
-0.0154882
-0.0170451
-0.0125743
-0.0075044
-0.00756376
-0.0042558
0.000720866
0.00359311
0.0062353
0.00845511
0.0117414
0.0176994
0.022683
0.0224862
0.0113403
0.00868765
-0.00157025
-0.0221721
-0.0103095
0.0104952
0.0249004
0.0175068
0.0201709
0.00122005
-0.00921283
-0.0117058
-0.0124755
-0.00459307
-0.00877398
-0.0167301
-0.021337
-0.0233183
-0.0190971
-0.00277002
0.000671595
0.00581113
0.00216567
-0.0164495
-0.0172346
-0.022166
-0.0318854
-0.0237229
-0.0189505
-0.0229641
-0.0202137
-0.0191831
-0.0205447
-0.0187187
-0.0170899
-0.0170289
-0.0164185
-0.0155676
-0.0186177
-0.0224291
-0.0217348
-0.0109917
-0.00342067
-0.00146375
0.00155265
0.00530683
0.00110662
-0.00401281
-0.00192501
-0.00213284
-0.00443234
-0.000891738
0.00111363
0.00240422
0.00709181
0.00349753
-0.00541387
-0.000563795
0.00743064
0.00620317
0.0112903
0.0181683
0.00688014
-0.00225055
-0.0011913
-0.00324875
-0.00661965
-0.00897594
-0.00577096
-0.00467241
0.000994386
0.00756717
0.0107333
0.0162283
0.0148312
-0.00111881
-0.00438632
-0.00176861
-0.00397277
-0.00382086
0.00567966
0.00708201
0.0067871
0.0115889
0.00805557
-0.00185625
-0.00278772
-0.00264776
0.000127377
-0.000723167
-0.000849131
-0.00195851
-0.00548662
-0.00594816
-0.00627073
0.000151815
0.0029715
0.00247985
-0.00395373
-0.00594627
-0.00293599
0.00103146
0.000440851
-0.00228093
-0.00209517
0.000846978
0.00541514
0.00553972
-0.00537564
-0.0119987
-0.0108975
-0.014968
-0.00236183
0.0127302
0.0206728
0.0376826
0.0487068
0.0325797
0.0106664
-0.00775637
-0.0167165
-0.00821107
0.00288151
0.00771867
0.0153818
0.0148126
-0.0100326
-0.016557
-0.0286428
-0.0472574
-0.0329648
-0.00634677
-0.00748937
0.00631822
0.0160219
0.0180007
0.0137332
-0.00179999
-0.00368083
-0.0127891
-0.018134
-0.0182212
-0.0222962
-0.0235999
-0.0207107
-0.0143857
-0.0203362
-0.0282877
-0.0246456
-0.0138626
-0.0114861
-0.00753669
0.0019682
0.00466361
-0.0166719
-0.0316536
-0.0370972
-0.0276167
0.00312339
0.0199402
0.0314495
0.0262175
0.0217138
0.00556224
-0.0196597
-0.0355973
-0.0283115
-0.0215639
-0.00880122
-0.00681481
-0.0032256
-0.0154641
-0.0152829
-0.00818472
-0.000481742
0.0167465
0.022491
0.032229
0.0323693
0.0130915
0.013806
0.0145923
0.0168022
0.0170407
0.00702791
-0.00675919
-0.00603628
-0.00848187
0.00145053
0.00626469
0.00555433
0.00165118
-0.0136428
-0.0173808
-0.0141477
-5.51395e-05
0.00300025
0.0126741
0.0225203
0.010108
0.0134452
0.0228996
0.0230963
0.0216149
0.0145166
0.0115569
0.00745573
0.00395693
0.0104143
0.0103888
0.00520719
-0.00838054
-0.0140585
-0.0145593
-0.0178301
-0.000556037
0.0105571
0.0140048
0.0246351
0.0224467
0.0245404
0.0298681
0.0299919
0.0295313
0.0299144
0.026076
0.0233672
0.0246256
0.0286268
0.0287577
0.0288035
0.0181117
-0.00393214
-0.0170505
-0.0217227
-0.0230464
-0.00167448
0.0178411
0.0218546
0.0193115
0.0180525
0.0196591
0.0195336
0.0169903
0.0139127
0.00559907
0.00273153
0.0123037
0.0135038
0.0217419
0.0292711
0.0223827
0.0076853
0.00390759
0.00134115
-0.00152804
0.000155943
0.00251991
0.00189367
3.19737e-05
-0.00430972
-0.00685485
-0.013724
-0.0139487
-0.00390479
-0.00283483
0.00535025
0.011064
0.00902784
0.0130172
0.00506835
0.00106387
0.00299556
-0.000445214
0.00138467
0.00298393
-0.00152337
-0.0045328
-0.0043304
-0.00228787
-0.000385953
-0.000532249
0.000785153
0.0019642
-0.00153022
-0.0131372
-0.0177895
-0.0256525
-0.0308558
-0.0233494
-0.00615014
-0.000657178
0.00338067
0.00663873
-0.00334666
-0.00809083
-0.0112876
-0.0226797
-0.0152572
-0.000464473
-0.00368041
-0.00714487
-0.00936406
-0.00778085
-0.00768786
-0.00763567
-0.00163043
-6.37537e-05
-0.00272705
-0.000651895
0.00175352
0.00782192
0.0126818
0.0177986
0.0236729
0.0124982
0.0022913
0.00446396
-0.000184089
-0.00346553
-6.0033e-05
-0.00221688
-0.00309152
-0.00106797
-0.000746828
-0.00072039
-0.000716986
-0.00103138
-0.00215015
-0.0027564
-0.000199471
0.00346411
0.00392742
0.00373007
-0.00286984
-0.00521193
-0.00649937
-0.00992422
-0.0029814
0.00401745
0.00428964
0.00842514
0.0129592
0.0155044
0.0116295
0.00936236
0.0100575
0.00437643
-0.00132648
0.000577535
-0.000567645
-0.00342346
-0.000378649
0.00085149
0.000502102
0.00227873
0.0036135
0.0044303
0.00303256
-0.00165223
-0.00273483
-0.00460788
-0.00584834
0.00496021
0.00881827
0.0100271
0.0156332
0.00962592
0.0032201
0.00490849
0.00190227
-0.000833166
0.00310927
0.00311455
0.00167301
0.00022226
-0.000388547
-0.00154681
-0.00404257
-0.00283564
0.00146628
0.00165466
0.00212303
-0.000495934
-0.00211579
-0.00212333
-0.00324012
-0.000286918
0.000801282
0.000794634
0.00207299
-0.000122044
-0.00129899
-0.00116037
-0.00203792
0.000128962
0.00138646
0.00143523
0.00194887
-0.000325202
-0.00100023
0.000416139
0.00257875
0.00285932
0.00370501
0.00325483
0.00142224
0.00172677
0.00115831
0.000178853
-0.000276448
-0.000855936
-0.00107218
-0.0011047
-0.00149332
-0.00168288
-0.00180835
-0.00200897
-0.00216614
-0.00209571
-0.00138117
-0.00114339
-0.000978773
-0.00063934
-0.000612014
-0.000441883
-0.000275063
-0.000430931
-0.000423164
-0.000332422
-0.000299612
-0.000281792
-0.000582845
-0.0018956
-0.00235246
-0.000888239
0.0004627
0.00040015
0.00103017
0.0018596
0.000964422
-0.000567474
-0.000487206
-0.00108628
-0.00105283
-0.000677297
-0.000998006
-0.000945789
-0.000920298
-0.00100182
-0.000972646
0.000205496
0.00190547
0.00223954
0.0026635
0.00341287
0.00300918
0.00120574
0.000956351
0.000585185
-0.000217416
-0.000721643
-0.000124527
0.000383337
0.000213623
0.000167682
8.36517e-05
0.000284036
0.00123575
0.00174457
0.00199068
0.00225723
0.00142208
0.00126792
0.00127958
0.000844317
0.000581005
0.000382751
0.000256848
0.000233724
0.000362685
0.00106891
0.00130853
0.00100504
0.00054227
0.000611386
0.000455322
0.000294148
0.000936764
0.00113209
0.00116388
0.00141241
0.000961222
0.000738673
0.00077151
0.000531927
0.000352247
0.000237723
0.000266677
0.000639521
0.000709372
0.00077916
0.000980245
0.00105377
0.00113536
0.00111808
0.000963308
0.000975676
0.000939909
0.000831399
0.00076717
0.000773183
0.00106716
0.00117135
0.00128288
0.00157005
0.00171335
0.0017783
0.00136357
0.00116124
0.00115336
0.00121518
0.0013671
0.00131609
0.00125532
0.00114893
0.00113907
0.00123837
0.00132773
0.00131589
0.00119972
0.00102056
0.0010032
0.000929035
0.000995022
0.00108575
0.00105368
0.00109358
0.00110591
0.000982505
0.000952092
0.000934578
0.000899328
0.000977594
0.000986544
0.000939386
0.000826195
0.000784203
0.000819152
0.000893167
0.000881157
0.00089058
0.000926988
0.000924965
0.000834989
0.00079134
0.000776467
0.000729516
0.000690714
0.000688361
0.000674019
0.000646039
0.00060107
0.000533311
0.00050252
0.000472943
0.000436654
0.000409125
0.000409298
0.000390998
0.000369698
0.000357399
0.000338627
0.000320467
0.00030324
0.000282046
0.000261634
0.000242387
0.000213646
0.000176252
0.000151856
0.00013266
0.000112907
8.87092e-05
7.53084e-05
6.5348e-05
4.59834e-05
3.0289e-05
5.41619e-06
-2.82456e-05
-4.81984e-05
-7.15707e-05
-8.3943e-05
-8.80927e-05
-0.000108295
-0.000123316
-0.00014469
-0.000168636
-0.000185957
-0.000206898
-0.000229538
-0.000251222
-0.000271747
-0.000289716
-0.000302818
-0.000320991
-0.000339223
-0.000360016
-0.000384789
-0.000403904
-0.000423856
-0.00044001
-0.00045573
-0.000475122
-0.00049385
-0.000516114
-0.000535906
-0.00055491
-0.00057374
-0.000590311
-0.000609078
-0.000627693
-0.000645601
-0.000664364
-0.000684969
-0.000704416
-0.00072326
-0.000743118
-0.000762984
-0.00078095
-0.0007987
-0.000817778
-0.00083617
-0.000854697
-0.000873649
-0.000892134
-0.000910656
-0.000928939
-0.000947197
-0.000965693
-0.000984071
-0.00100267
-0.00102131
-0.00103968
-0.00105797
-0.00107631
-0.0010947
-0.00111301
-0.00113142
-0.00114984
-0.00116811
-0.0011863
-0.00120456
-0.00122282
-0.00124106
-0.00125925
-0.00127742
-0.00129559
-0.00131373
-0.00133182
-0.00134986
-0.00136788
-0.00138591
-0.00140391
-0.00142189
-0.00143984
-0.00145778
-0.00147568
-0.00149356
-0.00151142
-0.00152925
-0.00154705
-0.00156482
-0.00158257
-0.00160029
-0.00161798
-0.00163565
-0.00165329
-0.0016709
-0.00168849
-0.00170604
-0.00172357
-0.00174106
-0.00175853
-0.00177597
-0.00179338
-0.00181076
-0.0018281
-0.00184542
-0.0018627
-0.00187996
-0.00189718
-0.00191436
-0.00193152
-0.00194864
-0.00196572
-0.00198278
-0.00199979
-0.00201678
