0.0591185
0.0602563
0.0623772
0.0659455
0.0708738
0.0759953
0.0792301
0.0792662
0.077725
0.0783075
0.0817252
0.0855531
0.0868589
0.0838155
0.0759767
0.0652609
0.0545378
0.0404102
0.0141962
-0.0304313
-0.0888836
-0.147617
-0.19901
-0.238814
-0.268513
-0.298827
-0.351131
-0.455891
-0.629684
-0.83373
-0.97647
-1.02411
-1.01277
-0.983549
-0.93924
-0.860598
-0.766573
-0.684533
-0.602121
-0.501232
-0.380113
-0.252083
-0.128798
-0.0134804
0.0926078
0.190352
0.284187
0.374538
0.453485
0.520138
0.584391
0.644434
0.684071
0.694774
0.691721
0.697954
0.706163
0.70008
0.67585
0.643846
0.609806
0.57054
0.527139
0.48421
0.438682
0.385924
0.32449
0.252624
0.169022
0.079688
-0.0132405
-0.113497
-0.186805
-0.196358
-0.18917
-0.191487
-0.193068
-0.183701
-0.162849
-0.13271
-0.0979557
-0.0597633
-0.0193862
0.0135082
0.0282945
0.0302928
0.0301762
0.0334465
0.0307255
0.0129269
-0.0163959
-0.0499472
-0.0838712
-0.113539
-0.141869
-0.175534
-0.218868
-0.270961
-0.323919
-0.36638
-0.384548
-0.378533
-0.366835
-0.348806
-0.307074
-0.224079
-0.113106
-0.00903391
0.0800576
0.14813
0.183356
0.190505
0.201249
0.221602
0.240873
0.252469
0.249307
0.231872
0.205433
0.170626
0.133919
0.104818
0.0862705
0.0777193
0.0738428
0.0673764
0.0556903
0.0408225
0.0242119
0.00680927
-0.00928434
-0.0231839
-0.0334356
-0.0370052
-0.0310491
-0.0132893
0.0127848
0.0399298
0.0695632
0.101138
0.131793
0.162506
0.194243
0.226462
0.257687
0.286314
0.310366
0.32695
0.336824
0.342875
0.336772
0.311848
0.27196
0.216679
0.147289
0.078662
0.0153484
-0.0431061
-0.0906412
-0.119379
-0.129134
-0.128701
-0.125299
-0.115636
-0.0976112
-0.0706772
-0.0419935
-0.0155159
0.00794139
0.0262522
0.0387491
0.0494137
0.0636038
0.0781852
0.0870915
0.0866203
0.0758084
0.0560942
0.0346612
0.014699
-0.00273875
-0.018092
-0.0310405
-0.0409641
-0.0498624
-0.0598168
-0.0670126
-0.0672978
-0.0622811
-0.0585469
-0.0572557
-0.054173
-0.0441498
-0.0246606
0.00332921
0.0419466
0.0871335
0.123501
0.142121
0.145299
0.144606
0.148201
0.15147
0.151257
0.149596
0.146224
0.141418
0.13658
0.131714
0.125901
0.117934
0.107071
0.0928938
0.0726614
0.0435541
0.00682724
-0.0364668
-0.0842322
-0.132963
-0.179675
-0.217617
-0.241986
-0.256308
-0.272745
-0.295854
-0.317968
-0.329967
-0.329068
-0.316513
-0.292201
-0.262261
-0.233193
-0.214391
-0.21143
-0.218328
-0.225774
-0.233091
-0.238555
-0.24176
-0.24122
-0.231526
-0.205753
-0.153965
-0.0775463
-0.00017933
0.0633757
0.116836
0.16458
0.205251
0.229299
0.23496
0.233458
0.22101
0.200302
0.183786
0.170232
0.156345
0.143761
0.136935
0.140248
0.158763
0.18721
0.209432
0.22537
0.241255
0.260238
0.282375
0.305068
0.325142
0.34041
0.351774
0.363031
0.375004
0.381377
0.375618
0.359299
0.342462
0.328352
0.313952
0.292404
0.25857
0.21687
0.178819
0.144739
0.110281
0.0736034
0.0364908
0.00376278
-0.0203018
-0.037148
-0.0546008
-0.0753911
-0.0990419
-0.126428
-0.15891
-0.194783
-0.228863
-0.26192
-0.301793
-0.353487
-0.41072
-0.452035
-0.457503
-0.446278
-0.44217
-0.441539
-0.432376
-0.39926
-0.333575
-0.2517
-0.180817
-0.120037
-0.0599448
0.00175437
0.0603309
0.108772
0.14232
0.155907
0.15476
0.145552
0.135361
0.129737
0.124383
0.115385
0.103159
0.088402
0.0725541
0.0586437
0.0508332
0.0521626
0.0600921
0.0665244
0.0695014
0.0708206
0.0704301
0.0665305
0.0587205
0.0501495
0.0428575
0.0372144
0.0352461
0.040162
0.0524184
0.0673905
0.0830613
0.105529
0.137433
0.171951
0.202115
0.224603
0.237219
0.242325
0.246831
0.249848
0.251636
0.255198
0.260953
0.268013
0.272879
0.268507
0.24744
0.210084
0.169955
0.138904
0.112429
0.081803
0.0425569
-0.00269485
-0.0453318
-0.0789821
-0.100812
-0.114889
-0.131409
-0.15136
-0.170636
-0.189439
-0.214442
-0.254813
-0.312543
-0.375741
-0.432316
-0.483252
-0.529684
-0.56729
-0.591753
-0.602435
-0.59371
-0.571105
-0.553388
-0.531548
-0.490455
-0.43352
-0.379308
-0.330249
-0.282536
-0.236868
-0.197055
-0.16622
-0.143013
-0.128829
-0.123617
-0.120199
-0.119125
-0.123264
-0.129314
-0.13458
-0.135917
-0.129005
-0.112342
-0.0923635
-0.0778074
-0.0660177
-0.0516061
-0.035435
-0.0259658
-0.0339855
-0.0613917
-0.0939318
-0.115211
-0.122879
-0.119941
-0.112583
-0.106984
-0.101208
-0.0936033
-0.0815527
-0.0648946
-0.0487668
-0.0365351
-0.0284811
-0.0219975
-0.0137184
-0.00354698
0.00779704
0.0204134
0.0342079
0.0481213
0.0612335
0.0742242
0.0877733
0.101937
0.115748
0.12715
0.13367
0.13405
0.127337
0.111188
0.0901744
0.0733374
0.0605135
0.0493464
0.0395282
0.0318963
0.0285865
0.0294792
0.0301593
0.0253293
0.00792431
-0.0266643
-0.070409
-0.105499
-0.133142
-0.162976
-0.20162
-0.249382
-0.299158
-0.342625
-0.370403
-0.381111
-0.389011
-0.399723
-0.404551
-0.39822
-0.384579
-0.363298
-0.336305
-0.313586
-0.299783
-0.296579
-0.30211
-0.310642
-0.318596
-0.324589
-0.330238
-0.333528
-0.327173
-0.304958
-0.266714
-0.214
-0.158183
-0.110824
-0.0688716
-0.0269171
0.0170149
0.0613751
0.0992562
0.124583
0.141431
0.161893
0.185065
0.204868
0.217875
0.224483
0.230162
0.237778
0.245473
0.250888
0.254004
0.256549
0.258165
0.258054
0.257039
0.25662
0.256696
0.256647
0.256381
0.256282
0.25706
0.259022
0.261904
0.265757
0.269587
0.269861
0.261876
0.243865
0.221811
0.204695
0.19184
0.179256
0.165043
0.149105
0.131992
0.113787
0.0943742
0.0743554
0.0551871
0.0366587
0.0181393
-0.000403929
-0.018183
-0.0338565
-0.0452575
-0.0479914
-0.0416297
-0.0323468
-0.0237952
-0.0175022
-0.00988051
0.00478902
0.0283897
0.0555538
0.0775748
0.0925811
0.103211
0.114068
0.127242
0.139224
0.146923
0.151509
0.157062
0.172097
0.206119
0.259363
0.315548
0.357284
0.383344
0.400464
0.415852
0.42612
0.430245
0.432483
0.430722
0.424472
0.413011
0.391416
0.360472
0.33031
0.307296
0.288729
0.268912
0.24508
0.218795
0.194217
0.176513
0.169669
0.172851
0.181462
0.192286
0.199307
0.203663
0.208546
0.215207
0.224272
0.236342
0.251417
0.267328
0.280075
0.282599
0.266589
0.229958
0.178642
0.108378
0.0247976
-0.0477029
-0.107464
-0.160937
-0.207681
-0.240972
-0.259072
-0.267367
-0.275358
-0.279383
-0.27761
-0.273742
-0.264147
-0.246451
-0.224901
-0.204779
-0.186759
-0.17164
-0.16176
-0.157121
-0.153454
-0.151729
-0.154041
-0.157603
-0.158134
-0.150047
-0.128413
-0.0964193
-0.0655728
-0.0378886
-0.0109038
0.0172176
0.0441673
0.063913
0.0729953
0.0758904
0.0805162
0.0852983
0.0881636
0.0905751
0.0934772
0.0984035
0.106845
0.117507
0.126692
0.134524
0.142249
0.14963
0.155161
0.156594
0.152559
0.145953
0.141793
0.13976
0.137723
0.134331
0.129151
0.122645
0.115966
0.109986
0.103754
0.0953862
0.0835198
0.0679071
0.0476855
0.0236348
0.00070999
-0.01799
-0.031074
-0.038306
-0.0420913
-0.0437832
-0.0420037
-0.0386278
-0.0359891
-0.0357173
-0.0410304
-0.0547903
-0.0743886
-0.0924724
-0.11132
-0.13822
-0.173767
-0.207657
-0.227992
-0.234136
-0.234734
-0.234886
-0.229105
-0.215267
-0.197356
-0.176518
-0.156769
-0.140642
-0.128544
-0.119541
-0.111629
-0.10746
-0.109657
-0.115165
-0.119807
-0.123466
-0.125279
-0.122484
-0.115049
-0.107552
-0.102672
-0.0994684
-0.0968976
-0.0947078
-0.0925512
-0.0897887
-0.086347
-0.0817355
-0.0749057
-0.0654206
-0.0539537
-0.0393695
-0.0176868
0.0109813
0.0398814
0.0653368
0.089743
0.116128
0.145252
0.174716
0.1998
0.216636
0.226273
0.235151
0.245515
0.253844
0.258431
0.261663
0.264216
0.263121
0.255642
0.242268
0.224142
0.197363
0.163125
0.130249
0.0988031
0.0634603
0.0234893
-0.013783
-0.0369339
-0.0402742
-0.0287926
-0.0128637
-0.00425668
-0.00235946
-5.03767e-05
0.00493773
0.00935995
0.00902364
0.00458907
0.00135046
-0.000283005
-0.00157433
-0.00229012
-0.00142334
0.00145811
0.00494136
0.00791332
0.00962324
0.00851945
0.00300448
-0.00572962
-0.013483
-0.0192298
-0.0242586
-0.0293783
-0.0348866
-0.0412633
-0.0499249
-0.0626992
-0.0800098
-0.0999019
-0.12233
-0.147769
-0.173218
-0.19577
-0.212742
-0.221986
-0.226168
-0.231341
-0.233964
-0.229557
-0.220295
-0.209711
-0.198102
-0.18627
-0.174125
-0.161674
-0.15108
-0.14553
-0.146295
-0.150551
-0.155003
-0.157087
-0.158043
-0.159593
-0.16219
-0.165515
-0.169226
-0.173442
-0.178573
-0.184707
-0.191611
-0.197588
-0.198571
-0.18956
-0.16954
-0.14286
-0.10949
-0.0721436
-0.0384917
-0.00966303
0.013729
0.0301626
0.0390495
0.0362213
0.0246734
0.0173545
0.0140552
0.0105303
0.00577159
0.00066492
-0.00334624
-0.00649843
-0.0101266
-0.0140847
-0.0178959
-0.0216609
-0.0257752
-0.0305232
-0.0355528
-0.0401317
-0.0440642
-0.0477031
-0.0520145
-0.0584287
-0.0679801
-0.079674
-0.0907742
-0.101229
-0.111766
-0.122817
-0.136475
-0.155897
-0.18165
-0.208893
-0.231404
-0.246502
-0.253654
-0.254528
-0.249494
-0.237309
-0.222444
-0.207144
-0.190105
-0.17255
-0.154868
-0.136616
-0.117881
-0.0989867
-0.0800804
-0.06084
-0.0407977
-0.0200023
0.000197557
0.0171452
0.0281825
0.0336117
0.0382238
0.0453982
0.0517695
0.0527899
0.0479965
0.0416867
0.0368418
0.0363917
0.0449483
0.0649136
0.0925159
0.122094
0.145758
0.155907
0.15433
0.151617
0.155922
0.164576
0.172803
0.178846
0.183561
0.188865
0.195674
0.2032
0.210489
0.217978
0.225914
0.232827
0.234982
0.226762
0.205006
0.17207
0.129557
0.0860962
0.0458052
0.00542941
-0.0339222
-0.0646621
-0.0791351
-0.0800512
-0.0786481
-0.0688542
-0.047365
-0.0253258
-0.0082614
0.00214076
0.00334526
-0.00368522
-0.0119615
-0.0197116
-0.030659
-0.0441491
-0.0561875
-0.0647388
-0.0694012
-0.0725234
-0.078043
-0.08669
-0.0980292
-0.110766
-0.122098
-0.13007
-0.132252
-0.126909
-0.114764
-0.0962715
-0.0758316
-0.0580683
-0.0415851
-0.0243014
-0.00449676
0.0193347
0.0465665
0.0726163
0.0901826
0.0959247
0.0954111
0.0985404
0.100542
0.0920397
0.0720511
0.0481915
0.0228709
-0.00153656
-0.0248752
-0.0507891
-0.0809454
-0.112088
-0.135732
-0.14341
-0.138684
-0.134311
-0.129374
-0.121288
-0.111545
-0.0987612
-0.083419
-0.067082
-0.0496505
-0.0320992
-0.0176528
-0.00948138
-0.00677342
-0.00457639
-0.0016509
-0.0014449
-0.00552961
-0.0113431
-0.0175648
-0.0252082
-0.0338773
-0.0408724
-0.0427289
-0.0372036
-0.027348
-0.0206042
-0.0171234
-0.0141789
-0.0102393
-0.00479727
0.0018641
0.0091306
0.015755
0.0198631
0.0196009
0.0152667
0.0101886
0.00665484
0.00527618
0.00762826
0.0156008
0.0279633
0.0401015
0.0526251
0.0682203
0.0855546
0.100284
0.110647
0.11753
0.122931
0.124827
0.118443
0.104949
0.0918278
0.0786871
0.0639901
0.0493861
0.0334998
0.0106973
-0.023872
-0.0669584
-0.106542
-0.135853
-0.154108
-0.162461
-0.162679
-0.160943
-0.157252
-0.150039
-0.138525
-0.120047
-0.0971817
-0.075704
-0.0555358
-0.0352708
-0.0161394
-0.00167819
0.0035256
-0.00118001
-0.0107021
-0.0232292
-0.0346614
-0.0439027
-0.0511468
-0.0540331
-0.0503684
-0.0411506
-0.0276828
-0.00987558
0.00756829
0.0212477
0.0321876
0.0427264
0.0545624
0.0649307
0.0676318
0.059625
0.0463462
0.0365077
0.0289938
0.0200639
0.00869715
-0.0029279
-0.00945688
-0.00563155
0.00772629
0.0215894
0.0300886
0.0339538
0.0349763
0.0353353
0.0379337
0.0426126
0.0475271
0.0515275
0.0544854
0.0569817
0.0597663
0.0633419
0.067529
0.0711813
0.0723616
0.0694315
0.0630957
0.0568797
0.0523357
0.0480283
0.0428158
0.0375476
0.0349013
0.0377389
0.0460458
0.0562331
0.0677917
0.083339
0.102043
0.120204
0.137422
0.153035
0.164211
0.167643
0.160725
0.147669
0.139151
0.133826
0.126279
0.115207
0.104357
0.100163
0.105226
0.11457
0.119071
0.115762
0.104576
0.0881739
0.0711134
0.049309
0.0173523
-0.0198854
-0.0506257
-0.0709732
-0.0829871
-0.0934844
-0.108042
-0.118929
-0.115927
-0.0985892
-0.0778564
-0.0586669
-0.0363227
-0.00949831
0.0169037
0.0423203
0.0680711
0.0948728
0.123127
0.152481
0.181424
0.207042
0.225969
0.236691
0.240942
0.237301
0.219317
0.191925
0.172451
0.162025
0.154057
0.145126
0.138312
0.136574
0.136957
0.135764
0.133922
0.132842
0.131631
0.127759
0.118765
0.105625
0.0925619
0.0795879
0.0652868
0.0527143
0.0498157
0.0647981
0.0956368
0.128119
0.156378
0.179664
0.198279
0.211284
0.218873
0.226138
0.234483
0.235283
0.220534
0.194111
0.167893
0.136958
0.0945821
0.0467886
0.00558093
-0.0211225
-0.0300681
-0.0290054
-0.0340866
-0.0409795
-0.0405343
-0.0332794
-0.0256305
-0.0185323
-0.0109545
-0.00289605
0.00611996
0.0163469
0.0268683
0.0351932
0.0383084
0.0352052
0.0296486
0.027137
0.0270799
0.0266985
0.0243379
0.0201135
0.0162401
0.016286
0.023218
0.0359265
0.0483963
0.0573221
0.064419
0.0723556
0.0828122
0.0957181
0.108614
0.116559
0.114029
0.0992862
0.078886
0.0600402
0.0351826
-0.00297853
-0.0476506
-0.0835872
-0.105192
-0.115226
-0.120154
-0.118349
-0.110041
-0.105123
-0.105137
-0.105146
-0.102689
-0.101703
-0.108157
-0.123516
-0.141498
-0.155778
-0.167744
-0.180389
-0.194261
-0.207416
-0.216873
-0.221397
-0.223001
-0.223042
-0.219375
-0.212698
-0.207489
-0.203075
-0.196773
-0.187431
-0.176264
-0.165722
-0.156338
-0.147804
-0.139608
-0.130911
-0.120806
-0.109665
-0.100327
-0.0970426
-0.102489
-0.113152
-0.11997
-0.121411
-0.122173
-0.125648
-0.131659
-0.137276
-0.138529
-0.132759
-0.122061
-0.112808
-0.106357
-0.100294
-0.093
-0.0851388
-0.0794763
-0.0789559
-0.083329
-0.0886016
-0.0934459
-0.0942334
-0.0832762
-0.0545309
-0.014038
0.0199964
0.0434059
0.0636654
0.0868688
0.111924
0.134183
0.151148
0.163345
0.168518
0.168753
0.171861
0.177907
0.184067
0.188841
0.19208
0.194564
0.197186
0.200348
0.203507
0.20482
0.200804
0.188095
0.168999
0.151777
0.13835
0.125788
0.111861
0.0963356
0.080757
0.0671067
0.0563035
0.0468689
0.0363788
0.0248273
0.0132042
0.00218601
-0.00795883
-0.0175002
-0.0270748
-0.0371619
-0.0471578
-0.0558974
-0.062457
-0.0672175
-0.0718248
-0.0763384
-0.0789149
-0.0786342
-0.0770005
-0.0758888
-0.0754425
-0.0760359
-0.0788854
-0.0848071
-0.0924563
-0.0994627
-0.105986
-0.111772
-0.114497
-0.111422
-0.102714
-0.0933086
-0.0862554
-0.0771821
-0.0613145
-0.0401998
-0.0229963
-0.0186734
-0.0290016
-0.046163
-0.0616625
-0.0827254
-0.115716
-0.152227
-0.177072
-0.18941
-0.199399
-0.215151
-0.22839
-0.225208
-0.198748
-0.15862
-0.129543
-0.11608
-0.111802
-0.108602
-0.102296
-0.0959041
-0.0905209
-0.0851809
-0.0805217
-0.0769892
-0.0741165
-0.0711638
-0.0675209
-0.0632594
-0.0594406
-0.0580287
-0.0607752
-0.0671246
-0.0735385
-0.0781135
-0.0817034
-0.0851887
-0.088524
-0.0911823
-0.0930523
-0.0941818
-0.0922974
-0.0848285
-0.0731596
-0.0627
-0.0547761
-0.0472411
-0.037918
-0.0257539
-0.0116174
0.00228782
0.0152624
0.0278347
0.0404541
0.0532089
0.0659503
0.0786759
0.0916745
0.105228
0.118697
0.130177
0.137387
0.139781
0.140078
0.140851
0.141618
0.142274
0.142905
0.143126
0.142854
0.142329
0.141881
0.141692
0.141663
0.141355
0.140194
0.137881
0.135029
0.132923
0.13167
0.130418
0.127879
0.122839
0.115553
0.108297
0.103636
0.104708
0.113599
0.126908
0.136804
0.14325
0.149169
0.155946
0.163521
0.170942
0.176826
0.178245
0.174026
0.167695
0.164438
0.163528
0.161332
0.154444
0.141424
0.125271
0.111775
0.100516
0.0880236
0.0716819
0.0514732
0.03081
0.0132246
-0.00094118
-0.013589
-0.0266314
-0.0373385
-0.040853
-0.0362962
-0.0293032
-0.0240081
-0.0162631
-0.00251369
0.013793
0.0243996
0.0218735
0.00359251
-0.0227165
-0.0459636
-0.0695404
-0.0968848
-0.124061
-0.149835
-0.17344
-0.194108
-0.211932
-0.224623
-0.229871
-0.231808
-0.237498
-0.245471
-0.250628
-0.249268
-0.241504
-0.232398
-0.226393
-0.222329
-0.216859
-0.207345
-0.193223
-0.177121
-0.162044
-0.146389
-0.127695
-0.10643
-0.0852048
-0.065555
-0.0491328
-0.0376181
-0.0300183
-0.0223279
-0.0141105
-0.00943902
-0.010945
-0.0162504
-0.0217087
-0.0303373
-0.0453196
-0.0639335
-0.0804867
-0.0946742
-0.108227
-0.122126
-0.136617
-0.150548
-0.159719
-0.157285
-0.14075
-0.114793
-0.0808353
-0.044954
-0.0170466
0.00603793
0.0280941
0.0461739
0.0581762
0.0683259
0.0815729
0.096767
0.111588
0.124989
0.136603
0.146136
0.153273
0.158187
0.160201
0.155817
0.145045
0.134127
0.126474
0.119756
0.110649
0.0974809
0.0814765
0.065931
0.0517283
0.0390044
0.0284733
0.0206631
0.0148673
0.0107359
0.0115901
0.0187432
0.0286483
0.0398938
0.053513
0.0679244
0.0810703
0.0918605
0.0992997
0.10393
0.108317
0.112305
0.11291
0.109528
0.105612
0.103514
0.102395
0.100351
0.0956363
0.0875674
0.0777962
0.0695383
0.062774
0.0557329
0.0466929
0.0348434
0.0211852
0.00768794
-0.00342723
-0.00914967
-0.00735227
-0.00108248
0.00226602
0.00257166
0.00202155
0.000877275
-0.00167053
-0.00561572
-0.00925616
-0.0127053
-0.0166345
-0.020057
-0.0202409
-0.0145492
-0.00396934
0.00640641
0.0150537
0.0219776
0.0249413
0.0205418
0.00862188
-0.0058161
-0.0214949
-0.0408731
-0.0624996
-0.083519
-0.104435
-0.125566
-0.145197
-0.160496
-0.169739
-0.17369
-0.170858
-0.156169
-0.131604
-0.104628
-0.0755811
-0.047759
-0.026684
-0.015357
-0.0116949
-0.00740665
0.00029532
0.00680534
0.00913284
0.00912462
0.00883159
0.00855997
0.0086604
0.00998258
0.0128596
0.0155867
0.0136426
0.00158272
-0.0219029
-0.0485806
-0.0667388
-0.0771517
-0.0867269
-0.0999087
-0.115882
-0.131502
-0.156749
-0.163812
-0.164237
-0.154712
-0.138026
-0.123177
-0.109071
-0.0931819
-0.0775204
-0.0635632
-0.0526159
-0.0445389
-0.0375542
-0.0331882
-0.0356736
-0.0446593
-0.0538875
-0.0612918
-0.0670789
-0.0692304
-0.0651056
-0.0570643
-0.0516262
-0.0484923
-0.045559
-0.0429725
-0.0424661
-0.045118
-0.0490411
-0.051012
-0.04889
-0.0409783
-0.0277491
-0.013338
0.000319712
0.0175967
0.0412434
0.0676018
0.0916889
0.112448
0.129187
0.140857
0.147129
0.14736
0.145148
0.144037
0.142288
0.138903
0.135051
0.130974
0.126751
0.122659
0.118724
0.114444
0.108828
0.101046
0.0914868
0.0820998
0.0737509
0.0644139
0.0522315
0.0384845
0.0280102
0.0254909
0.0322946
0.0436658
0.0525792
0.0589483
0.0638926
0.0683832
0.0725924
0.0760731
0.0790279
0.0811668
0.0798622
0.0732059
0.0636628
0.05673
0.0526336
0.0491895
0.0448222
0.0395061
0.0348049
0.0324191
0.0328727
0.034472
0.0349195
0.0344498
0.0340161
0.0338494
0.0334654
0.0320308
0.0291924
0.0256858
0.0225836
0.01963
0.0166536
0.0144654
0.0144248
0.017244
0.0213146
0.0235719
0.0245093
0.0258316
0.0282486
0.030977
0.0321515
0.0307846
0.027244
0.0232953
0.020317
0.0179648
0.015705
0.0134238
0.0110701
0.00822544
0.00405871
-0.00209171
-0.00955189
-0.0165075
-0.022643
-0.0277035
-0.0318206
-0.035277
-0.0380695
-0.0401947
-0.0418058
-0.0429705
-0.0434613
-0.0431504
-0.0422676
-0.041269
-0.0402094
-0.0389083
-0.0372639
-0.0353503
-0.0333461
-0.0312276
-0.028703
-0.0256815
-0.0225068
-0.0194934
-0.0167639
-0.0146432
-0.0131473
-0.0121293
-0.0114902
-0.0111708
-0.0111293
-0.0111645
-0.0111468
-0.0111759
-0.0113316
-0.0115694
-0.0117787
-0.011924
-0.0120395
-0.0121386
-0.0122014
-0.0122216
-0.0122067
-0.0121566
-0.0120744
-0.0119755
-0.0118771
-0.0117821
-0.0116887
-0.0115996
-0.0115182
-0.0114488
-0.011389
-0.0113335
-0.01128
-0.0112265
-0.0111692
-0.0111052
-0.0110328
-0.0109504
-0.0108569
-0.0107518
-0.0106348
-0.0105058
-0.0103647
-0.0102112
0
0
