0.00341355
0.00340556
0.00339693
0.00341227
0.00336
0.00297678
0.00281649
0.00321756
0.00234852
0.00173896
0.00261437
0.00848005
0.0119698
0.0109563
0.015113
0.0205724
0.0216936
-0.00699819
-0.00656475
0.0133571
0.00590938
0.0209618
0.0439484
0.00969454
-0.0384101
0.00649288
0.0210578
-0.0345807
-0.0194211
0.0337461
0.0351978
0.0173509
0.034583
0.0512302
0.0538418
0.0795633
0.0891111
-0.0904432
-0.155567
-0.0547779
-0.0442121
0.00405983
-0.00879823
-0.149856
-0.330975
-0.268812
-0.246491
-0.364777
-0.348432
-0.166091
-0.0876908
0.0234481
0.229377
0.492015
0.364136
0.356667
0.500652
0.550457
0.457805
0.165136
-0.205115
-0.00225043
0.00766934
-0.0623393
-0.0574321
-0.135911
-0.141778
-0.105615
-0.205889
-0.491189
-0.491566
-0.291906
-0.105142
0.0500016
0.26997
0.330398
0.134015
0.270489
0.34394
0.381352
0.415241
0.386737
0.191109
-0.228024
-0.112968
-0.133199
-0.344292
-0.479393
-0.807583
-0.948072
-0.925772
-0.963764
-0.943381
-0.724965
-0.495105
-0.310767
-0.232099
-0.362965
-0.27894
-0.127592
0.0501856
0.0880972
0.0805463
0.251609
0.345628
0.306878
0.323781
0.203679
-0.145112
-0.425578
-0.271496
-0.35557
-0.437399
-0.380764
-0.391492
-0.402331
-0.358851
-0.252376
-0.194805
-0.0521431
0.0469162
-0.0282475
0.0892889
0.264049
0.61144
0.886478
0.735407
0.888995
1.08565
0.926652
0.696489
0.585592
0.38714
0.337458
0.327003
0.350595
0.339822
0.251411
0.152409
-0.0608889
-0.118532
0.049558
-0.00639123
0.0976206
0.0822184
-0.0097779
-0.00592872
0.0541671
0.197791
0.417921
0.64777
0.506126
0.466193
0.54382
0.459976
0.499137
0.475613
0.294651
0.0210931
-0.0224421
0.209761
0.17109
0.112681
0.0845056
-0.0202434
-0.133568
-0.263471
-0.383783
-0.533989
-0.534821
-0.576971
-0.611012
-0.519563
-0.306926
-0.178838
0.315026
0.214375
-0.170325
-0.029382
0.0127673
-0.0318461
0.0250946
0.045407
0.0279552
0.00525402
-0.0315816
-0.0923609
-0.154871
-0.246895
-0.36746
-0.473774
-0.582686
-0.631008
-0.533243
-0.41944
-0.297901
-0.327227
-0.0119639
0.367794
0.192259
0.209866
0.244616
0.148421
0.137368
0.0912765
0.0772807
0.199589
0.281067
0.415959
0.51476
0.484777
0.423656
0.351713
0.35956
0.361007
0.218246
-0.211992
-0.406249
-0.153457
-0.188221
-0.012327
-0.0051889
-0.210563
-0.119516
-0.0650068
-0.0350605
0.0886784
0.0908902
0.025967
-0.0254647
-0.349749
-0.340097
-0.292399
-0.347156
-0.315182
-0.249517
-0.27043
-0.223335
-0.0681759
0.00400995
0.0672242
0.0945307
0.0783249
0.138373
0.132745
0.123519
0.166753
0.227464
0.178572
-0.148334
-0.313676
-0.324898
-0.398894
-0.383987
-0.349864
-0.428092
-0.423339
-0.365182
-0.263707
-0.0216432
0.0743812
0.271648
0.216935
0.0967864
0.0922472
-0.0577699
-0.0530549
-0.0125941
-0.0189314
0.0690209
0.116326
0.160207
0.267076
0.20011
0.228954
0.250651
0.175775
0.0564986
0.00134152
-0.0167823
-0.0144979
-0.0103434
0.0053806
0.0140832
0.000692643
-0.123856
-0.151019
-0.0329325
0.0144725
0.0777376
0.0895581
0.087342
0.0996484
0.0640766
0.00713241
-0.00884359
-0.0038762
0.0797544
0.283414
0.27012
0.295191
0.318086
0.227251
0.164707
-0.0491615
-0.134859
-0.125821
-0.227487
-0.225246
-0.108952
-0.0770175
-0.0302598
0.0827388
0.0317307
0.00186632
0.0316151
0.0172549
0.0366844
0.054213
0.0608315
0.0719029
0.0851779
0.135525
0.229389
0.312108
0.227588
0.0977251
0.0345132
0.0849413
0.0508162
-0.0810052
-0.153239
-0.164368
-0.154296
-0.118168
-0.110174
-0.123537
-0.121702
-0.106784
-0.0595239
-0.0369831
-0.0298566
0.00994602
0.038193
0.138262
0.0877659
0.0880149
0.0921234
0.0511726
0.0808465
0.0691534
0.0323657
0.010421
-0.0320032
-0.0810805
-0.149403
-0.206666
-0.192142
-0.0875121
-0.0329067
-0.0897583
-0.0796538
-0.0477876
-0.0466638
-0.000708382
0.0364892
0.0060542
-0.0188548
-0.0844081
-0.11928
-0.094158
0.0259504
0.137294
0.0835328
0.0676186
0.0679367
-0.109026
-0.226892
-0.0998427
-0.0101332
-0.0435956
-0.060508
-0.0723677
-0.0351988
0.0152115
0.053539
0.07474
0.0827804
0.0871655
0.12515
0.243403
0.277055
0.143093
-0.0206845
-0.0395057
-0.0377615
-0.052798
0.0178127
0.0560352
0.0903914
0.154406
0.171364
0.096014
-0.0697173
-0.0888937
-0.0555243
-0.0683253
-0.0311926
0.0139248
-0.00327941
-0.0548373
-0.0763425
-0.097409
-0.101682
-0.117028
-0.0934513
-0.0740473
-0.0619974
-0.0236827
0.0577486
0.118095
0.0291307
-0.00756475
-0.0193313
-0.0417186
-0.0516865
-0.00386076
0.0192184
0.045376
0.021047
0.0238515
0.0524169
0.0510102
0.0453376
-0.0223187
-0.132492
-0.141607
-0.0898448
-0.03042
0.022046
0.0993522
0.102523
0.0447699
0.0394723
0.063577
0.175495
0.343751
0.240378
0.215387
0.192342
0.0600235
0.0726316
0.113767
-0.0160609
-0.145224
-0.187298
-0.135415
-0.228584
-0.245344
-0.0644125
0.0691178
-0.0766391
-0.0713374
-0.0344696
-0.0257342
0.104842
0.171836
0.187607
0.250746
0.195099
0.138991
0.0757211
-0.0436707
-0.0817758
-0.111324
-0.207303
-0.181505
-0.207515
-0.216005
-0.207683
-0.211316
-0.164146
-0.0905479
0.0421071
0.0599309
-0.0133905
0.0718431
0.108444
0.064661
0.022707
-0.05367
-0.0354515
-0.0487159
-0.113596
-0.128791
-0.132809
-0.111374
-0.0096472
0.0418763
0.0667014
0.0193133
0.00725663
0.0169052
0.0103416
0.0687321
0.117439
0.151968
0.144139
0.110026
0.0306332
0.0834563
0.145108
0.108439
0.0907263
-0.0307066
-0.126091
-0.0769842
-0.187003
-0.157921
-0.123196
-0.142707
-0.0981771
-0.0141568
0.0212533
0.0914018
0.0402254
-0.0118092
-0.0796867
-0.0731786
-0.0254719
0.00299036
0.0221233
0.00869667
0.0159616
0.0187139
-0.0144207
-0.0778931
-0.108801
-0.0920384
-0.0761604
-0.0934593
-0.0712804
-0.0396894
0.0232297
0.00073756
-0.028307
-0.0123166
0.0527459
0.1547
0.126215
0.0755966
0.108824
0.158026
0.184667
0.188426
0.12445
-0.00254913
-0.0664202
-0.0146885
-0.0801073
-0.204297
-0.14586
-0.065155
-0.00277674
0.0847294
0.179295
0.117613
0.103591
0.0473188
-0.0415664
-0.0650269
-0.120109
-0.0890418
-0.0455897
0.0248088
0.00622272
-0.0154067
-0.0339531
-0.03837
-0.00888343
0.0047693
-0.00373883
0.00726708
-0.0212358
-0.0801772
-0.120191
-0.0928492
-0.0512918
0.0100996
0.061586
0.0120574
0.00320554
-0.025847
-0.0143649
0.0328249
0.0804029
0.08633
-0.0110456
-0.108284
-0.133143
-0.0627675
0.0851636
0.138442
0.0922623
0.0169597
-0.143881
-0.123309
-0.0846088
-0.149779
-0.0257089
0.0619784
0.0586713
0.0392037
0.0162517
0.0031781
0.00153653
-0.0148568
-0.0459431
-0.0215577
0.0440233
0.0520382
0.0827552
0.14138
0.180717
0.140523
0.129501
0.134983
0.124443
0.104571
0.0932435
0.0857968
0.0431487
-0.0635456
-0.0797094
-0.0849706
-0.105268
-0.112651
-0.0832305
0.00854794
0.114241
0.107539
0.0541685
0.0995407
0.0982025
0.084581
0.0809093
0.0387999
0.0242435
0.0561044
0.0641434
0.0534296
0.0577492
0.0539573
0.0399301
0.0240355
-0.00193582
-0.044629
-0.0870161
-0.0898753
-0.0643557
-0.060624
-0.0237883
-0.0147567
-0.0345122
-0.0254621
-0.0240369
-0.0312395
-0.00991296
0.0246285
0.0327936
0.0109005
-0.00526977
-0.0306851
-0.0100697
-0.000647008
-0.00175996
0.0174536
0.0293961
0.0335061
0.0458704
0.0494105
0.00356338
-0.114658
-0.148265
-0.10699
-0.107173
0.00082765
0.0922253
0.0360845
0.0467964
0.0223419
-0.0669096
-0.0137044
0.00928593
0.0484618
0.0896861
0.061537
0.0522438
0.0824558
0.0810896
0.0467232
-0.022073
-0.0540479
-0.0136557
-0.070092
-0.141933
-0.150336
-0.0970635
-0.0473162
-0.0404295
-0.0534529
-0.0423251
-0.0261212
-0.0236809
-0.0165859
-0.00406606
0.00921445
0.0424741
0.0505068
0.0362377
0.0450262
0.053942
0.0226563
-0.045243
-0.124894
-0.0907672
-0.0340622
-0.0441397
-0.0700124
-0.0769324
-0.0744875
-0.0629287
-0.0135871
0.0487449
0.109291
0.100623
0.0558165
-0.00582282
-0.00906961
0.0336646
0.0246364
0.0162861
0.020174
0.0248981
0.0182383
0.00749568
0.00233777
-0.0337158
-0.0666114
-0.0692497
-0.0375431
0.0394385
0.115471
0.0952917
0.0393972
0.0773125
0.0936434
0.153902
0.177763
0.10353
0.0733643
-0.00401919
-0.179517
-0.120498
-0.0428416
-0.0993255
-0.060468
-0.059415
-0.0958518
-0.0745502
-0.0465877
-0.0453311
-0.0369631
-0.0186408
-0.00194258
0.0561996
0.113883
0.0623368
0.0848019
0.128533
0.181202
0.212628
0.163776
0.137898
0.0759909
0.0548164
-0.0127305
-0.0642226
-0.0140035
0.0176333
0.0120351
0.0364887
0.0474249
0.0387738
0.0198574
-0.0440355
-0.0733795
-0.0749264
-0.0752485
-0.0906239
-0.101802
-0.0569285
0.0472138
0.0568667
0.00482772
0.0344546
0.0387155
0.0244657
0.016392
-0.018237
-0.0488812
-0.0565476
-0.0748074
-0.0253266
0.0474549
0.0302857
0.00617333
0.042668
0.0475818
0.0310967
0.00594275
-0.0515645
-0.0804571
-0.0756558
-0.0667095
-0.0523692
-0.0283913
0.00506823
0.0184702
0.0407846
0.0496614
0.00443072
0.0110229
0.0554486
0.0758705
0.0765822
0.0923826
0.0960449
0.0922177
0.0762065
0.0460408
0.00629771
-0.0552678
-0.0825573
-0.103466
-0.11517
-0.0416787
-0.0304088
-0.0270941
0.00713889
0.00487436
-0.0492025
-0.0683175
-0.0993752
-0.0999245
-0.0830105
-0.0767115
-0.0514805
-0.0648518
-0.0591647
-0.0393846
-0.000380035
0.0823371
0.0842931
0.0517092
0.00902415
-0.0723056
-0.0229602
0.0310001
-0.0260529
-0.0344587
-0.0258712
-0.0355278
-0.0392594
-0.0427821
-0.0246964
0.0296598
0.033651
0.0164269
0.0374345
0.0271687
-0.0033482
-0.0570494
-0.0951546
-0.0755831
-0.075606
-0.110977
-0.117954
-0.111821
-0.0956153
-0.0576962
-0.0385444
-0.0328328
-0.0234989
0.012904
0.109835
0.191604
0.138538
0.123377
0.1471
0.0489088
-0.0952307
-0.120209
-0.0988821
-0.107281
-0.141725
-0.166052
-0.165679
-0.140546
-0.111657
-0.1123
-0.111837
-0.108972
-0.139416
-0.162799
-0.143818
-0.0618302
-0.0208896
-0.0554713
-0.0547341
0.00722702
0.0477386
0.104183
0.0932445
0.0832738
0.0807561
0.0493734
0.0191977
-0.0374595
-0.058036
-0.0316033
-0.0451794
-0.0892829
-0.112039
-0.120117
-0.120873
-0.114
-0.0531769
0.0408229
0.0252319
-0.0109105
-0.0084498
-0.0330745
-0.0378042
-0.00779677
0.0373187
0.0933932
0.117886
0.103138
0.121404
0.136414
0.0922776
0.0110722
-0.0498097
-0.0878854
-0.0695887
-0.103109
-0.140127
-0.129062
-0.12206
-0.102479
-0.0689662
-0.0149917
0.0477036
0.102168
0.106198
0.062886
-0.0262329
-0.032068
0.0124491
-0.00804296
-0.029652
-0.0421711
-0.0615314
-0.0666553
-0.0676695
-0.045575
0.0335758
0.150009
0.144754
0.0523189
0.0961847
0.113749
0.140567
0.160768
0.163442
0.146429
0.117184
0.128975
0.120331
0.100115
0.0769438
0.0753797
0.0682693
0.0424814
0.020402
-0.0385616
-0.115633
-0.096033
-0.0360638
-0.033791
-0.00653058
0.0253406
0.0225095
0.011051
-0.0225582
-0.0283546
-0.0246073
-0.0436447
-0.0429358
-0.00498834
-0.000222293
-0.00126909
0.00526721
-0.00220033
-0.0342086
-0.0203185
0.00158118
0.0164311
0.0114052
-0.0133905
-0.0272404
-0.0322273
-0.0259564
0.0165466
0.0395027
0.0546305
0.0641347
0.0662771
0.0798547
0.0763177
0.0741064
0.0739911
0.0662108
0.0541019
0.0388377
0.0262186
0.00923198
0.00032551
0.0251983
0.0398985
0.0359405
0.0427084
0.0606008
0.0933658
0.127068
0.123835
0.117016
0.105026
0.0638173
0.0209595
-0.0637428
-0.00893553
0.0627606
0.0349384
-0.00877842
-0.055841
-0.0655516
-0.0317441
-0.040151
-0.0735121
-0.0887348
-0.0775734
-0.00708249
0.0309643
-0.0148657
-0.021816
-0.0260115
-0.0412827
-0.0558633
-0.0749535
-0.103187
-0.123368
-0.0945724
-0.0797047
-0.0837176
-0.0420172
-0.00550624
0.0270153
0.0226557
0.0138398
0.0259733
0.0277025
0.0242311
0.017271
0.0118693
0.00640489
9.71352e-05
0.0216558
0.103244
0.208747
0.2375
0.153353
0.142513
0.0153918
-0.0615
-0.0536616
-0.109259
-0.117664
-0.0250224
0.0425539
-0.0140852
-0.0246048
0.0181855
0.0244735
0.0532498
0.0877394
0.119669
0.143155
0.123319
0.0868629
0.0392471
0.0681149
0.0858445
0.0494862
-0.00317199
-0.000413217
-0.0275959
-0.0867753
-0.133499
-0.176744
-0.143732
-0.100585
-0.0989171
-0.0786577
-0.0319906
0.0536062
0.139032
0.0903783
0.0758296
0.0666398
0.0635142
0.0785855
0.0511174
0.0336067
0.0173924
-0.0101215
-0.0416601
-0.0797004
-0.106614
-0.119499
-0.0952563
-0.0912981
-0.0753303
0.013303
0.113672
0.127085
0.117427
0.136952
0.121356
0.0742405
0.0765429
0.0922888
0.0735216
0.0463962
-0.00432112
0.00349031
0.0331479
0.0108351
-0.00342447
-0.0580077
-0.0924404
-0.0788191
-0.0653488
-0.0234213
-0.0127043
-0.0263978
-0.0187294
-0.0404455
-0.0914384
-0.109361
-0.0571941
0.00831834
0.100962
0.105699
0.112479
0.165539
0.131215
0.132232
0.092446
-0.0223336
-0.0757535
-0.171679
-0.190705
-0.179529
-0.170138
-0.150182
-0.0669874
0.0107447
-0.00574241
-0.00824763
0.0576139
0.0766239
0.0470817
0.0173053
0.00460249
0.0110909
0.0577258
0.0803379
0.0639254
0.0291921
-0.00567752
-0.0467906
-0.111575
-0.132098
-0.102538
-0.125078
-0.12048
-0.119397
-0.12206
-0.115903
-0.130587
-0.13873
-0.131757
-0.116611
-0.0779631
-0.023317
0.00394524
0.0288064
0.0872962
0.135027
0.195713
0.200825
0.2006
0.203392
0.156556
0.11066
0.0550038
-0.0223422
-0.0281373
-0.0405309
-0.041314
-0.0353465
-0.0371242
-0.0443331
-0.045711
-0.0380328
0.0168197
0.0538657
0.0584253
0.0298415
0.0302746
0.0223641
0.0168932
0.024515
0.0306989
0.0705004
0.0929905
0.0806319
0.087084
0.0863303
0.0937959
0.113848
0.106375
0.0560362
-0.063147
-0.0760523
-0.0804425
-0.0906554
-0.0663889
-0.0598454
-0.0568966
-0.048488
-0.0614031
-0.117611
-0.170319
-0.162809
-0.155211
-0.127506
-0.10145
-0.0938186
-0.0464743
0.00284153
0.092885
0.139106
0.17959
0.17709
0.151429
0.115652
0.117724
0.146584
0.13939
0.113531
0.0833547
0.0700038
0.0367087
-0.0111451
-0.0196121
-0.0638786
-0.147844
-0.155745
-0.142199
-0.123619
-0.134184
-0.14901
-0.156959
-0.133995
-0.0953486
-0.0661524
-0.0633335
-0.0558164
-0.035219
-0.0220301
-0.0108521
0.00467259
0.021088
0.034479
0.0484072
0.0631775
0.070482
0.0690391
0.066429
0.0652433
0.0869087
0.122758
0.127742
0.083896
0.0340147
0.0227021
0.0487859
0.0415341
0.035801
0.0594145
0.0838007
0.0731617
0.00162316
-0.0561659
0.0270591
0.0254783
0.000121523
0.0183172
0.0295648
0.0285819
0.0269228
0.0286234
0.0190219
0.00144744
-0.0166131
-0.0289834
-0.0473141
-0.0803877
-0.0810963
-0.0630114
-0.0767729
-0.0805824
-0.0761307
-0.0738848
-0.0383262
0.0197563
0.0424379
0.0583152
0.101769
0.106749
0.11671
0.131311
0.126672
0.129466
0.100412
0.0482315
0.02062
0.00294447
0.0563003
0.0733498
0.0578795
0.0636249
0.0508174
-0.02033
-0.0882593
-0.193287
-0.218686
-0.182557
-0.210992
-0.17979
-0.0916263
-0.0265374
-0.0663481
-0.0557552
-0.0322804
-0.0578677
-0.0472245
-0.00568184
0.0101679
0.0130181
0.0368309
0.0746386
0.114192
0.127516
0.120025
0.0347913
-0.0615298
-0.0775235
-0.0663392
-0.0874001
-0.0352667
-0.0282241
-0.0321617
-0.0415108
-0.0376559
-0.0291616
-0.0216429
-0.00837703
-0.0126197
-0.00888172
-0.012002
0.00567865
0.0210794
0.0223653
0.0455885
0.0657199
0.0657254
0.0671508
0.0496052
-0.047374
-0.0617427
-0.0599059
-0.0809985
-0.100689
-0.114373
-0.104778
-0.091587
-0.0749711
-0.0479653
0.0023818
0.0466435
0.129889
0.0696283
-0.00462944
-0.0288164
-0.00948077
-0.00247129
-0.01894
-0.0170088
-0.00729925
0.00109959
0.00611779
0.0575712
0.0637843
-0.00312468
-0.04807
-0.0268216
-0.0325168
-0.047076
-0.0428666
-0.0460577
-0.0490354
-0.0412545
-0.0445428
-0.0608051
-0.0412771
-0.019944
-0.0247679
-0.0310149
-0.0512066
-0.0665818
-0.0160316
0.0210346
0.0362215
0.0197898
0.0199242
0.0436117
0.0415883
0.0187654
-0.0203253
-0.0412891
0.00937397
0.0527822
0.0144336
0.000486179
-0.00738516
-0.0289617
-0.0255736
-0.0508941
-0.0667893
-0.0448837
-0.0555533
-0.0604414
-0.0559807
-0.0580621
-0.0588437
-0.0612075
-0.0625701
-0.0663966
-0.0798101
-0.085034
-0.0626714
-0.0298895
-0.0232836
-0.0274188
-0.0513737
-0.0691241
-0.0492555
-0.0370815
-0.0350055
-0.0415315
-0.0555715
-0.0502688
-0.0256782
-0.027492
-0.0283481
-0.0153205
-0.00120437
0.0012094
0.000123577
0.0018039
-0.00126121
-0.00236332
-0.00264997
-0.00475805
-0.00232948
0.0204512
0.0774365
0.0783818
0.0551638
0.0471486
0.0270896
0.019538
0.00955164
0.0197139
0.0268469
0.0292391
0.031564
0.0314702
0.0225488
0.00885044
-0.00220951
-0.0129202
-0.0302236
-0.0632767
-0.0779506
-0.0849002
-0.0833694
-0.0625898
-0.0600819
-0.056045
-0.02988
-0.00392726
0.000788987
-0.0145363
-0.012157
-8.9748e-05
0.0128557
0.0397203
0.0572871
0.0532261
0.043843
0.0289592
0.0112388
0.000384913
0.00707159
0.00557495
-0.000854562
0.00559459
0.00806087
0.00924954
0.00966908
0.000232582
0.0174046
0.0333559
0.0308926
0.040131
0.0456782
0.00942814
0.00812033
0.0344161
0.0531297
0.0514478
0.0477395
0.0474711
0.0415807
0.0328774
0.0332756
0.0477906
0.0621743
0.0655988
0.0751437
0.0911822
0.0367072
-0.0282439
-0.0610771
-0.0783742
-0.0659141
-0.0517485
-0.0401898
-0.0370168
-0.0414051
-0.0470775
-0.0392344
-0.0281647
-0.0213456
-0.0148147
-0.00653884
0.00231552
0.00643235
0.0124925
0.0237645
0.0420058
0.0710482
0.125671
0.102958
0.100041
0.097873
0.045046
0.0233312
0.0678765
0.0680741
0.0663123
0.0846842
0.0813248
0.0682086
0.0309853
-0.0123671
-0.00850849
-0.0177996
-0.0291578
-0.0137842
-0.000178224
-0.00356147
-0.0164554
-0.0203776
-0.0200395
-0.018252
-0.0145473
0.00473532
0.046511
0.100138
0.105057
0.0751655
0.0889103
0.0843917
0.0545899
0.046812
0.037594
0.00292972
0.00946067
0.00793582
-0.0316755
-0.0511072
-0.0463764
-0.0381152
-0.00864882
0.00507403
0.0132107
0.0253778
0.0205417
0.0200478
0.0331759
0.0534208
0.0662351
0.0699124
0.0720458
0.0759778
0.0599547
0.0120011
-0.00237018
0.0156149
0.0122042
0.00630444
0.0109731
0.00904079
0.00977697
0.010899
0.00936466
0.00958478
0.00932272
0.0138054
0.0216812
0.0276447
0.0416771
0.0495852
0.0408509
0.00505879
-0.0429497
-0.0536011
-0.00409648
-0.0172141
-0.0320597
-0.0122504
-0.000214602
0.0152964
0.0317714
0.0502281
0.0682934
0.046806
0.0491327
0.0642903
0.0590057
0.0540223
0.0516762
0.0369944
0.0206832
0.0228083
0.0153063
0.002721
-0.00355794
-0.0111598
-0.0183121
-0.0159442
-0.0092006
0.00260556
0.00266895
0.00676706
0.0110021
0.0101626
0.00910058
0.00367036
0.00298219
0.000923678
-0.0128597
-0.034763
-0.0468197
-0.0583131
-0.069652
-0.0664732
-0.0308477
-0.00124105
0.00724355
0.00601328
0.0164807
0.0120614
-0.00346217
-0.0163003
-0.025721
-0.0310556
-0.0252049
-0.0272131
-0.0326834
-0.0268891
-0.015556
-0.010883
-0.00514537
-0.000111588
-0.0128023
-0.00889721
0.023753
0.0340697
0.0414244
0.0586441
0.0607135
0.0562701
0.0527377
0.019996
-0.0191417
-0.0524901
-0.0692303
-0.0427354
-0.0289895
-0.0210316
0.00373288
0.0192893
0.0132838
0.00507961
0.0148564
0.0177235
0.0133786
0.0021562
-0.00939675
-0.0278627
-0.0467378
-0.0404624
-0.0219284
-0.0156023
-0.0188574
-0.0113519
-0.00778675
-0.0394662
-0.0463258
-0.0329804
0.00295933
0.00830611
0.00821221
3.02346e-05
-0.0417237
-0.0444649
-0.0167818
-0.0165588
-0.0165626
-0.00112051
-0.0189951
-0.0426853
-0.0324556
-0.0375078
-0.025426
-0.000984083
0.00194894
0.0134926
0.019935
0.012038
0.020869
0.0223442
0.00909564
-0.00966161
-0.0270257
-0.0268268
-0.0299648
-0.0207972
-0.0129421
-0.0119552
-0.00440118
-0.0150022
-0.0404815
-0.0455038
-0.0550057
-0.0631792
-0.0492673
-0.0314076
-0.0347166
-0.0403715
-0.04628
-0.0647358
-0.0700501
-0.0762513
-0.0788142
-0.08362
-0.0854255
-0.0831206
-0.0559789
-0.041771
-0.0357792
-0.0184827
0.00633109
0.022948
0.015641
0.0294189
0.0397726
0.0389127
0.0476477
0.0485252
0.0293177
0.0099222
-0.00559583
-0.0119724
-0.00664664
0.00569331
-0.00300648
-0.0279086
-0.0454902
-0.0434069
-0.0363794
-0.0140064
0.00255842
0.0156214
0.0149724
-0.0104523
-0.0285693
-0.0199482
-0.013733
-0.0199429
-0.0257226
-0.0366396
-0.048855
-0.0547157
-0.0606146
-0.0401019
-0.0125536
-0.0133328
0.00692658
0.00238951
-0.0337778
-0.0536915
-0.0614469
-0.0485115
-0.0450506
-0.0250674
0.00208192
0.0204084
0.048083
0.0558124
0.0511235
0.0595026
0.0465378
0.0231747
0.00443555
-0.018943
-0.0376871
-0.0400648
-0.0330119
-0.0185599
-0.0114376
-0.00546596
0.00301537
0.00491477
0.00292821
0.00718073
0.0174447
0.026044
0.0277475
0.0385238
0.054494
0.0546431
0.0424576
0.0247096
0.0138038
0.00618237
-0.00287851
0.0122211
0.0279503
0.0509692
0.0669127
0.0826709
0.102083
0.105312
0.108315
0.107595
0.0620593
0.0218736
0.016362
-0.0035901
0.00366936
0.0473822
0.0355878
0.0360771
0.0499778
0.0228419
0.0192991
0.0269008
0.0112798
-0.0122633
-0.0227431
-0.0233644
-0.0259015
-0.0275104
-0.0186807
-0.0219275
-0.0192095
0.0129191
0.0489993
0.0695308
0.0622456
0.03898
0.034047
0.0240347
0.00711417
0.00433243
0.00776833
0.00923149
0.000749919
-0.0042129
-0.0216058
-0.0163719
0.0125324
0.00587718
-0.00199098
-0.00604813
-0.0376538
-0.0687932
-0.0428637
-0.0234811
-0.0209462
-0.010048
-0.00190647
0.00242633
0.00618591
-0.0214384
-0.0431645
-0.028969
-0.0254671
-0.040275
-0.0395605
-0.0411123
-0.0486971
-0.0571846
-0.052065
-0.0386196
-0.0434802
-0.0403268
-0.0287079
-0.0115761
0.00261932
0.0153008
0.0265389
0.0221679
0.0188901
0.0151341
0.0113434
0.00258767
-0.0152663
-0.0289755
-0.0365126
-0.0528588
-0.0861716
-0.060438
-0.0252344
-0.0423287
-0.0328871
-0.0160845
-0.0218541
-0.0170768
-0.0126651
-0.0120332
-0.00732408
-0.0123829
-0.0310453
-0.0287933
-0.0424063
-0.0467031
-0.0363369
-0.0394601
-0.0417669
-0.0470641
-0.0568373
-0.0651186
-0.0544194
-0.0367657
-0.0150782
0.0100896
0.0343213
0.0532318
0.0805433
0.0818993
0.0648984
0.0528563
0.0351996
0.0277979
0.0335529
0.0304789
0.0234729
0.018521
0.0158585
0.0179106
0.0146585
-0.00472512
-0.00989707
0.000129015
-0.0075306
-0.000571815
0.0122051
0.0143265
0.0134594
0.0194521
0.0238838
0.0253827
0.0287099
0.0336938
0.0449293
0.0442567
0.0366092
0.0346268
0.0242532
0.0249053
0.0142587
-0.0142476
-0.0225764
-0.0244125
-0.00752521
0.00717726
0.00937378
0.0286625
0.0454154
0.0507972
0.0336842
0.00898687
0.0154116
0.0264572
0.0370831
0.0499607
0.0588226
0.0526446
0.0404142
0.047976
0.0467925
0.0388529
0.029545
0.00975749
-0.00512059
-0.0195326
-0.0294873
-0.0359303
-0.0516706
-0.0628567
-0.0614946
-0.0538269
-0.0384443
-0.0124628
0.0109612
0.0380031
0.0493643
0.0511813
0.00882811
-0.0419613
-0.0636127
-0.0197665
-0.0407278
-0.0468019
-0.0283748
-0.0438821
-0.0485962
-0.0320078
-0.0270756
-0.0248457
-0.0174637
-0.0127414
-0.0123479
-0.0236799
-0.0234921
-0.0208392
-0.0244933
-0.00858131
0.00555833
0.00961748
0.0150143
0.00930593
0.0101062
0.00602464
0.00899056
0.0223031
0.0234834
0.0191263
0.00410647
0.000165172
-0.00678422
-0.0176562
-0.0253678
-0.0344946
-0.0440315
-0.0336209
-0.000422288
0.0237709
0.035891
0.0169333
0.00205794
-0.0195967
-0.0130621
-0.01315
0.00673751
0.0319921
0.0280788
0.0364913
0.0289539
0.0220156
0.0307139
0.0394053
0.0430667
0.0442397
0.0490747
0.0369316
0.00319345
-0.020398
-0.0273297
-0.0142261
-0.00595322
0.00130069
0.00368289
0.0129557
0.0203129
0.0208939
0.0276533
0.0323811
0.0341954
0.038988
0.0390387
0.027475
0.0251654
0.0123178
-0.00556983
-0.0190957
-0.0249196
-0.0222912
-0.00534384
0.00996622
0.010841
0.0265072
0.0386781
0.0347098
0.0332774
0.0215035
0.0180649
-0.00230524
-0.0166403
-0.00364452
-0.0104996
-0.0201932
-0.0191406
-0.00951888
-0.00445282
-0.00370633
-0.00260194
-0.00324011
-0.00137837
0.000278914
0.00053789
0.00130409
0.00217641
0.00294135
0.00469334
0.00736982
0.0108958
0.0182911
0.027913
0.0314375
0.0347268
0.0157579
-0.00146579
-0.00502878
-0.0174293
-0.00950298
0.00210559
-0.00972304
-0.0237464
-0.0263694
-0.028937
-0.0261666
-0.00262311
0.000482112
0.00548251
0.0130304
-0.00282819
-0.00139113
0.00298179
0.00331984
0.0188751
0.02244
0.0222731
0.00546522
-0.00503206
-0.00429425
-0.0148054
-0.023572
-0.0158832
-0.0125009
-0.018069
-0.0145155
-0.0119865
-0.0110138
-0.00692544
-0.00672637
-0.0184646
-0.020321
-0.0176507
-0.02087
-0.0244978
-0.0255663
-0.027111
-0.0293519
-0.0312118
-0.0359651
-0.0404071
-0.0291535
-0.0187903
-0.0163904
-0.00109419
0.00832496
0.0162397
0.0241961
0.0198897
-0.000106211
-0.00512989
-0.00913007
-0.0217971
-0.0347701
-0.0464361
-0.0339895
0.00192716
-0.000544508
0.000170849
-0.00722874
-0.00600221
0.0066484
0.0121735
0.0116093
0.0157698
0.0206163
0.0214542
0.00163452
-0.00211271
0.00751663
-0.00329586
-0.00867209
-0.00937908
-0.0135608
-0.0172837
-0.0114046
-0.00270024
0.0010849
0.00653465
0.0014803
0.00543014
0.0107999
0.0184209
0.0469961
0.0396505
0.0339542
0.0442935
0.0415515
0.030288
0.0283244
0.0161284
0.00745676
0.00641051
-0.00235863
-0.00391187
-0.000336318
-0.00682306
-0.0131526
-0.0161602
-0.0227489
-0.0299085
-0.0303556
-0.0153337
-0.00724068
0.00237699
0.0045025
-0.00566644
0.00301763
0.00531522
0.00376343
0.00786683
0.0093463
0.00842137
0.00971653
0.0106124
0.010309
0.0105113
0.00579351
0.00258365
-0.00419891
-0.0242271
-0.0242688
-0.0171703
-0.0111424
-0.010545
-0.00917151
-0.00458366
-0.002153
-0.000792471
-0.011761
-0.0160389
-0.0103054
0.00430541
0.0113544
0.0241124
0.0347059
0.0328733
0.0210925
0.0151106
0.0150104
0.00728172
7.27329e-05
0.000769904
0.00237766
-0.00328197
0.00188158
0.0124525
0.0140901
0.0204293
0.0270857
0.0275087
0.00208957
-0.00326345
0.000430332
-0.00513707
-0.00129318
0.00954246
0.00694207
0.0118908
0.0169976
-0.00383484
-0.0215586
-0.0368356
-0.0539889
-0.0500779
-0.0407815
-0.0298321
-0.0362552
-0.0335013
-0.00913485
3.32246e-06
0.000444354
0.0130232
0.0154301
0.0100306
-0.0115492
-5.55748e-05
9.99592e-05
0.00956726
0.0156021
0.0112811
0.0141998
0.0131902
0.0038358
0.00317142
-0.00679622
0.00878615
0.0308594
0.0271732
0.0399726
0.0542836
0.0397658
0.0136987
0.0110963
-0.00279986
-0.0171184
-0.0125859
-0.0140898
-0.00955706
-0.00410054
-0.0046051
-0.00546385
-0.00816368
-0.0020896
0.0052647
-0.00020716
-0.00667498
-0.00358278
-0.00540522
-0.0114655
-0.0135607
-0.0153737
-0.00893966
-0.00113789
-0.00177
0.00744398
0.0147055
0.0139411
0.0136459
0.0148103
0.0165791
0.0123559
0.00997652
0.00421803
-0.00300099
-0.00592277
-0.0110105
-0.0169361
-0.0151841
-0.00215909
-0.00240323
-0.000623642
0.00706602
0.011251
0.017015
0.0235929
0.0261894
0.0103859
0.00221698
0.0013728
-0.00988174
-0.0181935
-0.0253275
-0.0344416
-0.0417647
-0.0432086
-0.0492462
-0.0427672
-0.028841
-0.0318652
-0.0271074
-0.025307
-0.0384078
-0.0377108
-0.0248246
0.00322069
0.00359403
0.0041246
0.022025
0.0229192
0.00781247
0.0126759
0.0147771
0.0126265
0.0210039
0.0221584
0.015778
0.00143185
-0.00969793
-0.022648
-0.0273772
0.0115926
0.0203594
0.00518244
0.0207455
0.00354118
-0.00279745
0.00206684
-0.00591114
0.000764667
0.00793518
0.00419616
0.00728609
0.00859072
0.00887249
0.0100562
-0.00395701
-0.0158252
-0.0188626
-0.0186268
-0.0167213
-0.0213448
-0.00634323
0.00176575
0.00253737
0.012087
0.0202068
0.0246931
0.0114506
0.0013734
0.00481461
-0.00131181
-0.00759824
-0.0117993
-0.016894
-0.0262982
-0.0459874
-0.0452171
-0.0308388
-0.0177599
-0.0124462
-0.00248046
0.00995838
0.015442
0.0232194
0.0182089
0.0129944
0.0189531
0.0184521
0.0177476
0.0180532
0.0173773
0.0141758
0.0110446
-0.00341575
-0.0170996
-0.025019
-0.0455364
-0.050834
-0.0434428
-0.0303464
-0.00795976
0.00039914
0.00516734
0.00507433
0.0149863
0.0130922
0.0118608
0.0165355
0.0162913
0.016387
0.018129
0.0170786
0.00572
-0.00376716
-0.0146665
-0.0210403
-0.0106071
-0.0116281
-0.0143893
-0.00743454
-0.00183707
0.00169883
0.0105073
0.0184341
0.0214757
0.00831796
0.00233973
0.00540635
0.0111201
0.0304806
0.0326556
0.0352226
0.016824
-0.000845558
0.00140216
-0.0104403
-0.0107458
0.00795062
0.00306256
0.00287634
0.0112617
0.0101464
-0.00245853
-0.00288822
-0.00425552
-0.00249122
0.00771796
0.00603929
0.00782261
0.012867
0.0136923
0.0162692
0.0195523
0.0147112
0.00796166
0.00784697
0.00280239
-0.00163017
0.00883865
0.0229183
0.0222881
0.0318805
0.0417792
0.0277717
0.00876072
0.00623908
-0.00886944
-0.0103696
-0.0124655
-0.0219771
-0.019286
-0.0136442
0.00437736
0.0105425
0.016248
0.0273863
0.0256316
0.0133798
-0.00416857
0.00101576
0.0114302
0.00450966
0.00408874
0.00717189
0.00683657
0.00782136
0.00921338
0.0110764
0.0151368
0.0141566
0.0101963
0.0118893
0.0100732
0.00317965
0.00108272
-0.00201749
-0.00658503
-0.00986833
-0.0119228
-0.0150542
-0.0167897
-0.00692553
-0.00542786
-0.00798372
-0.00400969
-0.0106413
-0.0152594
-0.00757219
-0.00268288
-0.00935675
-0.0200665
-0.0414966
-0.0383835
-0.0305242
-0.0289785
-0.0120594
-0.01306
-0.00905602
-0.00612035
-0.00437201
-0.00597195
-0.00630459
-0.00887216
-0.0108241
-0.0111905
-0.0115525
-0.0131119
-0.0119084
-0.00612594
-0.00535077
-0.00206636
0.00482238
0.00646791
0.00633452
-0.00388889
-0.0106638
-0.0270518
-0.0342577
-0.0323311
-0.0298192
-0.0194365
-0.0221608
-0.0204658
-0.0157229
-0.0125635
-0.00802056
0.000228857
0.00548571
0.00872086
0.00780528
-0.00422772
-0.018191
-0.0213806
-0.0201791
-0.0290351
-0.0348745
-0.0348567
-0.0294272
-0.0278805
-0.018609
-0.0115202
-0.00571958
0.00205997
0.00831543
0.00760756
-0.00360799
-0.0133313
-0.0170415
-0.0115601
-0.0112078
-0.0131673
-0.0101047
-0.0112146
-0.0148332
-0.0141182
-0.0143042
-0.0140364
-0.00719997
0.00405166
0.0206968
0.0275864
0.0382871
0.0456646
0.0325012
0.035904
0.0379274
0.0319877
0.0291337
0.0201317
0.0146157
0.0112531
0.0127785
0.0137298
0.0077789
0.00412492
0.0106308
0.00805072
0.00257666
0.000981539
-0.00214306
-0.0107799
-0.0110078
-0.00402658
-0.00249763
-0.00253613
-0.000355974
0.00109284
0.00291028
-0.00264563
-0.0107887
-0.000775324
-0.00159984
-0.00589409
-0.00180682
0.00349967
0.00441958
0.00886335
0.0142679
0.0171954
0.0214348
0.0150817
0.00454636
0.00712126
0.00422622
0.00191098
-4.10481e-05
0.000398473
0.00326576
0.00172795
0.00151547
0.00173253
0.0037444
0.00794052
0.00880839
0.00505509
-0.0025119
0.00419613
0.00364064
0.00395734
0.00921462
0.0104298
0.0134313
0.0033938
-0.00699814
0.000934516
-0.00295596
-0.00802368
0.00307855
0.00559693
0.000907199
0.00438809
0.00220922
-0.00595922
-0.00561474
-0.00193398
0.00318358
0.00206452
0.0031944
0.00629116
0.00804286
0.00991049
0.0106653
0.0103029
0.0116606
0.00755656
-0.00359417
-0.0197383
-0.0116789
-0.00432321
-0.015342
-0.0146566
-0.00320381
0.00217511
-0.00103064
0.00170442
0.00457621
-0.00223779
-0.000706368
0.000471339
-0.00318248
-0.00405887
-0.00366135
0.00145324
0.00363576
0.0073058
0.0111275
0.011758
0.0118576
-0.00506657
-0.00680821
-7.35616e-05
-0.00945847
-0.00401299
0.0049331
0.00162687
0.00242703
0.00608352
0.00781596
0.00918477
0.0129072
0.0217037
0.0256269
0.0291997
0.0268466
0.00789055
-0.000416559
-0.00717924
-0.0187865
-0.0229092
-0.0172184
-0.00741555
-0.00667929
-0.00219659
0.0074394
0.0126299
0.00715451
-0.00468447
-0.00394396
-0.00976309
-0.0149714
-0.0061659
-0.00559982
-0.00919032
-0.00623546
-0.00471749
-0.00688243
-0.0107641
-0.0107586
-0.00361274
0.00496418
0.00427825
0.00537514
0.00810933
0.00415404
0.00390061
0.005196
0.00488759
0.00595302
0.0057384
0.00692167
0.00866426
0.0090918
0.0104711
0.0137225
0.0112956
-0.00316972
-0.00593467
-0.0080957
-0.0164935
-0.0223219
-0.0173594
-0.00690171
-0.00981919
-0.00648879
-0.00215903
-0.0123592
-0.0130382
-0.00706229
-0.00483987
-0.00604703
-0.0044534
-0.00240764
-0.000605038
0.00147475
0.00261483
-0.00688304
-0.0169323
-0.0169534
-0.0232249
-0.0274975
-0.00830411
-0.00236003
-0.00379833
0.00928631
0.0201769
0.026686
0.0348688
0.00973351
0.00140173
0.00789909
-0.00356121
-0.0106869
0.000150062
2.63742e-05
-0.00441456
-0.00100251
0.000158665
8.98908e-05
0.00160345
0.00255801
0.00518207
0.00928919
0.00724048
0.000132568
0.00451183
0.0090348
0.00527995
0.000378177
-0.000823266
-4.64887e-06
-0.00478107
-0.00878218
-0.00832614
-0.00799945
-0.00752365
-0.00875545
-0.00879474
-0.00847196
-0.00865386
-0.00866138
-0.00860891
-0.00670127
-0.00293156
-0.000284264
0.00366618
0.00661703
0.011226
0.00814902
-0.00141801
-0.00835365
-0.00417818
0.00131493
0.00280885
0.00540392
0.00440017
0.00602916
0.00509618
0.00203293
0.00387615
0.00538577
0.0023404
-0.00305224
-0.00906794
-0.00653414
0.00286871
0.00673372
0.0144698
0.018114
0.0100852
0.0184892
0.014641
-0.00567592
-0.00985708
-0.00924335
-0.00527657
0.0027536
3.49675e-05
-0.00253158
-0.0188527
-0.0219652
-0.0123496
-0.0045655
-0.00191048
-0.00317514
0.00531002
0.00117639
-0.00335247
0.00988375
0.0255441
0.0183822
0.018906
0.00835651
7.18872e-05
0.0104604
0.00268662
-0.00914874
-0.00949021
-0.0133783
-0.0175194
-0.0169523
-0.00917747
-0.0103105
-0.0129831
-0.00893628
-0.00379207
0.000112511
0.00460923
0.0109783
0.0219083
0.0261828
0.0238965
0.0199156
0.0153564
0.00515788
-0.00492698
-0.00855147
-0.00144321
0.00933779
0.0148909
0.0228645
0.0242645
0.0193547
0.0172294
0.0114977
0.00273067
0.00496851
0.00261298
0.000747788
0.00194631
0.00340476
0.00656142
0.0173188
0.00346892
-0.0023942
-0.00129022
-0.00691032
-0.00853425
-0.0125822
-0.0150002
-0.008591
0.000692935
-0.00266886
-0.00125335
-0.0012304
-0.0123835
-0.0142834
-0.00990074
-0.00442163
-0.00534947
0.00241042
0.009121
0.00474674
0.00590036
0.00717238
0.0126939
0.0175787
0.0139718
0.000693926
0.000734485
0.00101283
-0.0087832
-0.0092947
-0.00645058
0.00297553
0.0109536
0.0149424
-0.00100779
-0.0155843
-0.0047421
-0.00100677
0.00312702
0.00138151
-0.000620035
-0.0105593
-0.0129052
-0.00764559
-0.00633064
-0.00753346
-0.0168489
-0.0280726
-0.0164882
-0.0103707
-0.00353768
-0.000907526
-0.000505289
-0.00556935
-0.0117996
-0.00847729
-0.00450676
-0.0138295
-0.0239491
-0.0204867
-0.0190174
-0.0218233
-0.012111
-0.00580723
-0.00202606
-0.00781084
-0.0136961
-0.0047455
-0.00203159
-0.00385144
0.000453543
0.00265756
0.00358061
0.00568991
0.00498011
0.00648703
0.0163568
0.0199623
0.0189381
0.0218677
0.0222484
0.00420513
-0.00364111
-0.00637082
-0.000568846
-0.000325024
0.0012468
0.0041489
0.00416992
-0.00107877
-0.0052681
-0.00834145
-0.00860073
-0.00993856
-0.012015
-0.0120595
-0.0132895
-0.0167974
-0.000671007
0.00342428
0.00103837
0.00276195
0.00542824
0.00561481
0.00448069
0.00687227
0.00884996
0.00529705
0.00418093
0.00755237
0.0102849
0.0156187
0.0262523
0.0279194
0.028516
0.024708
0.00917134
-0.00121566
0.00136997
0.002759
0.00485169
0.00354885
0.00511809
0.00618807
-0.00618542
-0.0082612
-0.00714412
-0.00767854
-0.0041879
0.00350253
0.0115232
0.0248194
0.0326588
0.0158972
0.00906385
0.00925218
0.0181927
0.0151418
0.0112969
0.00314126
-0.0123707
-0.0131568
-0.0118154
0.00117154
0.00430831
0.00416459
0.0143354
0.0172581
0.009159
0.000338113
0.000421568
-0.00425623
-0.00379551
0.00150378
-0.00543333
-0.0161535
-0.0188114
-0.0181662
-0.0135522
-0.0133372
-0.0200567
-0.0248837
-0.0232566
-0.0227741
-0.024557
-0.0239723
-0.0238812
-0.0205989
-0.00833073
-0.000204102
0.00703238
0.0215533
0.0140131
-0.00209558
0.000868609
0.00330529
0.00394361
0.00837986
0.00887216
0.00111525
-0.0156461
-0.0228022
-0.0333487
-0.0260334
-0.0313657
-0.0279782
-0.0233805
-0.0265528
-0.0195417
-0.00854696
-0.000114737
-0.00927614
-0.00297018
0.00525494
0.000606413
0.00196986
0.00504825
0.00545154
0.00618016
0.00669832
-0.00148268
-0.0132903
-0.0158972
-0.0202467
-0.0224715
-0.0220066
-0.0173283
-0.015672
-0.0144201
-0.00568641
0.000549075
-0.00977561
-0.00758624
-0.00550728
0.000283738
0.00533522
0.00306404
0.00780932
0.0143763
0.00663433
-0.00588934
-0.00669968
-0.00288986
-0.00923018
-0.0101013
-0.00558023
-0.0037142
0.00113197
0.00985455
0.0118313
0.00802917
0.00817456
0.00540043
-0.0114011
-0.00715687
-0.0110458
-0.0113752
-0.0116962
-0.00958567
-0.00312268
0.00261948
-0.0017662
0.00130328
0.00575459
0.00654071
0.00839197
0.00818835
0.00803523
0.00859399
0.0103652
0.0113835
0.00588765
0.0053769
0.00365235
-0.0036609
-0.0116224
-0.00736901
0.00153136
0.00770289
0.0205462
0.034694
0.0327697
0.026627
0.019294
0.0172803
0.0173986
0.0171376
0.0122833
0.00938583
0.007737
-0.00017726
-0.00554777
-0.00261129
-0.000706041
0.000473578
-0.00041955
0.000574161
0.00217718
0.00299942
0.00452044
0.0029141
-0.00491269
-0.0056042
-0.00648284
-0.00902604
-0.00822245
-0.00498134
-0.00210789
-0.0006721
0.001403
0.00649303
0.0215898
0.0204459
0.00701409
0.00665394
0.00458944
-0.00503341
-0.00272436
-0.00393304
-0.00381387
0.000400327
0.000155991
-0.00553673
-0.0133404
-0.0126833
-0.00511797
-0.00492634
-0.00566157
0.00548167
0.0129843
0.0166073
0.0204597
0.0236788
0.0261979
0.019067
0.0145377
0.0149338
0.0158599
0.017252
0.0146433
0.0124746
0.0121942
0.0108149
0.00767861
0.00654186
0.0156381
0.0170091
0.0114959
0.00231321
0.00129198
0.00100392
-0.000614157
-0.00254704
-0.00293161
-0.00494122
-0.0074265
-0.00800125
-0.00642202
-0.00643425
-0.00454506
-0.00231108
-0.00102695
0.00691948
0.0211066
0.0126532
0.00870006
0.0117309
0.0088064
0.00635648
0.0100746
0.00925756
0.00930973
0.017232
0.015828
0.00848562
0.00867459
0.00294635
-0.000168299
0.00918268
0.012535
0.0120182
0.0112359
0.0183666
0.0208961
0.0164895
0.0205647
0.0223338
0.0201918
0.0188089
0.014822
0.00908265
0.00477622
0.00505577
0.00279579
0.00412623
0.00774996
0.00893572
0.0113026
0.0104906
0.00420534
0.00415588
0.00141332
-0.00342178
-0.00264223
-0.00192901
-0.00515047
-0.00409403
-0.00246627
-0.004571
-0.0118348
-0.0127155
-0.0116839
-0.0144922
-0.00575113
-0.00175395
-0.00156889
0.00415487
0.00746787
0.00693192
0.00304314
0.00368896
-0.000963167
-0.00496978
0.00119534
0.000386507
-0.00165684
0.000194565
0.00241262
0.00161177
0.000681697
0.0075586
0.0102251
0.00851129
0.00816937
0.000524623
0.00122381
0.00295833
0.00792516
0.00913507
0.00747687
0.00273686
0.000806261
0.000292733
0.00310482
0.00119584
-0.00393046
-0.00451565
-0.0066947
-0.00937772
-0.0111595
-0.0156168
-0.0122734
-0.0107908
-0.00865241
-0.00531093
-0.00293944
-0.000588658
-0.000383803
0.0017295
0.00484864
0.00895106
0.00971521
0.00731636
0.0106024
0.0145355
0.0128212
0.00907518
0.00761442
0.00103195
-0.0049708
-0.010553
-0.0122207
-0.0130356
-0.0160705
-0.000253152
0.00464776
0.000762046
0.00433263
0.00136376
0.00130963
0.00299411
0.00403965
0.0036966
0.00245643
0.000947483
-0.000841883
-0.00243769
-0.00444652
-0.00110837
0.000802063
-0.00285363
-0.00298482
-0.00479721
-0.00647184
-0.00348023
-0.000647487
-0.0033828
-0.00687492
-0.00975578
-0.00691295
-0.00331805
0.000175017
0.00405642
0.00777272
0.00754819
0.00633641
0.00618863
0.00528093
0.00179893
-0.00255006
-0.00254167
-0.00312944
-0.00673523
-0.0100296
-0.00822906
-0.00666647
-0.00890078
-0.00876
-0.0100412
-0.0154498
-0.00507396
-0.00557135
-0.0121265
-0.00815002
-0.00768606
-0.00863913
-0.00620336
-0.00546263
-0.00427964
-0.00240186
-0.000186968
0.00173482
0.00173691
0.00483771
0.0117782
0.0151379
0.0183002
0.0168646
0.00985676
0.00459703
0.00301112
-0.0158738
-0.01768
-0.0107412
-0.0174348
-0.0039095
0.00068621
0.000389154
0.00531701
0.00339764
-0.00232316
-0.00274415
-0.00458531
-0.00398075
-0.00386862
-0.00429639
-0.00548297
-0.0074997
-0.00824898
-0.00903907
-0.00800488
-0.00505158
0.00142008
-0.00245883
-0.00514385
-0.00923286
-0.00916313
-0.00744438
-0.0110136
-0.00916436
-0.00441618
-0.00505608
-0.00391309
-0.000863053
-0.00118273
-0.0105358
-0.014158
-0.0211365
-0.0223702
-0.0157612
-0.0162208
-0.0160354
-0.0121107
-0.0108669
-0.0121443
-0.0194352
-0.0249203
-0.019669
-0.0257155
-0.0209476
-0.0113049
-0.0145527
-0.012333
-0.00620712
-0.00799244
-0.00598954
0.00107377
-0.0160141
-0.0206038
-0.0133157
-0.0188678
-0.0180144
-0.00881933
-0.00472298
-0.00605078
-0.00306656
-0.00240467
-0.00516251
-0.00890311
-0.0134746
-0.0131909
-0.0130364
-0.0186819
-0.0214092
-0.0206133
-0.022074
-0.0242288
-0.0228863
-0.0226239
-0.0242042
-0.0258567
-0.0258334
-0.0245795
-0.0231601
-0.0194714
-0.0107743
-0.00419158
-0.00109335
-0.000273439
0.000122156
0.000308864
0.00370064
0.00745272
0.012643
0.0161903
0.0170449
0.0155266
0.0154564
0.018208
0.0190149
0.0201542
0.014133
0.00379783
-0.00609198
-0.0100639
-0.0121073
-0.0127965
-0.0114191
-0.0131891
-0.0142409
-0.0134644
-0.0135904
-0.0133562
-0.0116733
-0.011344
-0.0139553
-0.0157168
-0.0140118
-0.0168094
-0.0199258
-0.0161406
-0.0174021
-0.0196833
-0.0125693
-0.00270643
-0.00279471
0.00020932
0.00599898
0.00873415
0.0124367
0.0162338
0.019665
0.0237262
0.0275773
0.0309488
0.0322389
0.0338431
0.036503
0.036574
0.034423
0.0302753
0.026082
0.0214801
0.0157834
-0.0051918
-0.0141353
-0.00533001
-0.00989767
-0.012567
-0.0125117
-0.0123618
-0.0128838
-0.0108768
-0.00669945
0.000994308
0.0084688
0.0185552
0.0176914
0.0162415
0.0201332
0.0184728
0.0162361
0.0199699
0.0111727
-0.00273097
0.00212136
-0.00665637
-0.00330234
0.00806279
-0.000109146
-0.00528715
0.0057319
-0.0159546
-0.0140949
-0.00866159
-0.00518084
0.0052642
0.0142213
0.0159456
0.0170008
0.0176618
0.0192684
0.0175787
0.016625
0.0106996
1.24232e-05
-0.00303166
-0.00386446
-0.00516404
-0.00862525
0.000548339
0.00276616
0.00121224
0.00551208
0.0106768
0.0181124
0.0232149
0.0282935
0.0331781
0.0366137
0.0360926
0.0349055
0.0266476
0.0239727
0.0159222
0.0134255
0.0189525
0.00172723
-0.00796605
-0.0020878
-0.00755475
-0.0120984
-0.00143456
-0.00176436
-0.00457495
0.00123912
0.00363528
0.00293853
0.00477596
0.0113942
0.00527042
0.00349166
0.00523282
0.00175434
-0.00134332
-0.0082453
-0.00649138
-0.00480372
-0.00257765
-0.00141725
-2.51143e-05
0.00213118
0.00390092
0.00552118
0.00735716
0.00879394
0.00986419
0.00865215
0.00872315
0.0119764
0.0194347
0.0119332
0.00800933
0.0124093
0.0119681
0.0124785
0.0138876
0.0146182
0.012063
0.00838958
0.00475762
0.00346088
0.00178613
-0.000706556
-0.00142144
-0.00255236
0.00222233
0.00347536
-0.0024141
-0.00208688
0.00186983
0.00213034
0.00748094
0.0124854
0.0141259
0.0156643
0.0205759
0.0233423
0.0159893
0.0097469
0.000303959
0.00780171
0.00953021
0.00624702
0.00642843
0.000245405
-0.0012197
-0.00315624
-0.00432175
-0.00346509
-0.00463394
-0.00435024
-0.00455976
-0.00504917
-0.00684092
-0.00750743
-0.00582821
-0.00730224
-0.0118476
-0.011701
-0.00911681
-0.0133207
-0.016513
-0.0119616
-0.00907693
-0.0118988
-0.00743982
-0.00799655
-0.0170919
-0.0134604
-0.0112375
-0.0103425
-0.00447184
0.0037541
0.0169905
0.0220747
0.0170857
0.0154829
0.00577201
-0.000881938
-0.00277039
-0.00163123
-0.00179909
-0.00403812
-0.00364705
-0.00570717
-0.0178281
-0.0164885
-0.0140909
-0.0188864
-0.0199297
-0.0238763
-0.0166256
-0.00957223
-0.00776099
0.00222959
0.00917746
0.00333298
0.00713473
0.0102874
0.00907627
0.00734889
0.00756001
0.0150386
0.0179728
0.0151674
0.0182504
0.0100871
0.000324828
-0.00129988
-0.0102546
-0.014533
-0.00854108
-0.013105
-0.00906991
-0.00583497
-0.00500213
-0.00196181
-0.00149553
-0.00190615
-0.00248986
-0.0023704
-0.00152398
0.000697004
-0.00069106
-0.00421871
-0.00229219
-0.000988299
-0.0025353
-0.00236909
-0.00204078
-0.00229823
-0.00262613
-0.00702634
-0.0143213
-0.0178922
-0.00852356
-0.00234995
-0.00757882
0.000511228
0.010665
0.00414359
0.000706853
0.000904131
-0.00131982
-0.000298972
0.00181263
0.00319413
0.00899849
0.0122195
0.00335273
0.00244623
0.00701775
0.00651207
0.00491924
0.00551113
0.0055809
0.00534637
0.0054535
0.00544754
0.00342949
0.000227748
-0.000350485
-0.00214206
-0.00434779
-0.00293092
-0.00229462
-0.00738506
-0.0102503
-0.0040172
-0.00486347
-0.00656801
-0.00319808
0.00316508
0.0047662
0.00777191
0.0106894
0.0101853
-0.00118884
0.000665071
-1.69097e-05
-0.02787
-0.032692
-0.00990346
-0.0184483
-0.0253274
-0.0230055
-0.0234418
-0.0228552
-0.022925
-0.0234356
-0.0209198
-0.00107805
0.00475349
-9.79225e-05
0.00369764
0.00197161
0.00072347
0.00154778
0.00107623
-0.000125436
0.000378442
0.000699665
7.67346e-05
7.21616e-05
-0.00168093
-0.00377815
-0.00413109
-0.00513869
-0.00421106
-0.00320618
0.00443837
0.0103155
0.0150747
0.0273668
0.0215181
0.0154992
0.0119431
0.00827246
0.00340667
0.00202682
0.005646
0.00875675
0.0064875
0.0140897
0.0231951
0.0220119
0.0143547
0.0106393
0.00776704
0.00336694
-0.00425825
-0.00507739
-0.00534895
-0.00277418
0.0010339
-0.00348422
-0.00740963
-0.00259296
0.00297436
-0.000494783
-0.00181897
-0.0072813
-0.0144212
-0.0168836
-0.0152821
-0.0129361
-0.0108626
-0.00666635
0.00960616
0.0139051
0.00497693
-0.00211011
-0.000159362
-0.00263514
-0.00675761
-0.0107646
-0.00753716
0.000636934
0.00262193
0.00673256
0.0151324
0.0183323
0.0175314
0.0152399
0.00386876
-0.0133262
-0.0226191
-0.0257318
-0.0118314
0.00908296
0.0158055
0.0100258
-0.000677251
-0.0147287
-0.0111068
0.00162556
0.00255643
-0.00249121
0.00147121
-0.00154505
-0.011325
-0.0107774
-0.0115383
-0.00198307
0.00148355
-0.00442634
0.000387371
0.00685076
0.00261313
-0.0047073
7.65072e-06
0.00066513
-0.00170505
0.0024209
0.000136142
-0.00206412
-0.00182601
-0.00454994
-0.00188488
0.000240251
-0.00114316
-0.000576991
-0.00288533
-0.00445394
-0.00524436
-0.00716478
-0.0122739
-0.0143348
-0.0108314
-0.00506732
-0.00137577
-0.00079065
0.00563636
-0.00304823
-0.00121349
0.00559497
0.000808792
-0.00488378
-0.00149888
0.000868685
0.00109884
0.00649809
0.0121081
0.00983649
0.011185
0.00428568
-0.00967104
-0.0088507
-0.00959455
-0.0104418
-0.00758906
-0.00822247
-0.00961527
-0.0145321
-0.0149543
-0.00924659
-0.0119366
-0.0107707
-0.0110452
-0.0165724
-0.0225792
-0.0127452
-0.00320364
-0.00794727
-0.00065891
0.00788516
0.00475701
-0.0016117
-0.00200495
-0.00767243
-0.00577476
-0.00499782
-0.0132084
-0.0156451
-0.0150698
-0.0174013
-0.0163943
-0.013838
-0.0143228
-0.0119998
-0.0104752
-0.00983945
-0.00554752
0.00165795
0.00893025
0.00670186
0.010808
0.0163081
0.0155426
0.01123
0.00874843
0.00806848
0.00378692
-0.00530193
-0.00533661
-0.00447741
0.00134987
0.00575688
0.00411054
0.00849454
0.0121451
0.0137509
0.0118747
0.0101751
0.00667059
0.00619568
0.00792376
0.00593618
0.00734769
0.00866962
0.0100613
0.0110319
0.0106015
0.00868923
0.0130375
0.016804
0.00573167
0.00257373
0.000980394
-0.00788646
-0.00679994
-0.00254668
3.68513e-05
0.00325566
-0.00163913
0.00753686
0.0140917
0.0150209
0.0129553
0.0106977
0.00735859
0.00700482
0.00521907
0.00323029
0.00137135
-0.000472261
-0.00168016
0.000157732
0.000258095
0.00135212
0.000125799
-0.00346235
-0.000143669
0.00160483
0.00138435
-0.00306331
-0.00395841
-0.00372031
-0.00699971
-0.00777403
-0.00541188
-0.00634857
-0.00649661
-0.00529749
-0.00592394
-0.00587246
-0.000557493
0.00626959
0.0100705
0.00906121
0.0100031
0.012415
0.0110823
0.011259
0.0121732
0.0115625
0.00981955
0.00905309
0.0103591
0.0108137
0.0110724
0.00952843
0.00738197
0.0091213
0.00971885
0.00854608
0.00876703
0.00618305
0.00213954
4.49205e-05
-0.00185262
-0.000525661
-0.00123562
0.000482846
0.0054853
0.0083971
0.00914144
0.00868559
0.00699871
0.00297337
0.00449588
0.00463829
0.00399427
0.00403152
0.00175159
0.000825175
0.000690909
-0.000107298
0.00275903
0.00408066
0.00298041
0.00382593
0.00107988
-0.00229937
-0.00836832
-0.00897718
-0.00597084
-0.00616086
-0.00612589
-0.00456389
-0.00405543
-0.00263297
-0.00024524
0.00487041
0.0123024
0.0117626
0.0081068
0.00472385
0.00666382
0.00650827
0.00229103
-0.00205947
-0.00541075
0.00104594
0.00190955
-0.00164104
0.00044298
0.00388329
0.0048934
0.00760166
0.00867589
0.00339003
0.0067635
0.0145078
0.0113544
0.00804509
0.0112083
0.0111073
0.00853331
0.00759367
0.00737531
0.00575436
0.00243839
0.000732315
-0.00217341
-0.00777366
-0.00701012
-0.00676354
-0.00501457
-0.00456029
0.000501619
0.00093518
-0.00443861
-0.00365641
-0.0057464
-0.00623345
-0.00587154
-0.00574941
-0.00109788
-0.00155389
-0.00375146
-0.00206295
-0.00436954
-0.00493605
-0.00356904
-0.0101302
-0.0124704
-0.0112099
-0.00896612
-0.00857104
-0.00752169
-0.0039953
-0.00306822
-0.00201642
0.00145089
0.0107882
0.00802287
0.00164891
-0.00152748
-0.00444387
-0.00828509
0.0011995
0.00752743
0.000882575
0.00346368
0.00295448
0.00163061
0.00375948
0.00319499
-0.00036948
-0.00302561
-0.00312522
-0.00496802
-0.00665341
-0.00577514
0.0027032
0.00173476
-0.00288738
2.90461e-05
-0.00167513
-0.00611481
-0.0059119
-0.00663765
-0.00528427
-0.00443725
-0.00643513
-0.00497397
-0.00238696
-0.0045323
-0.00597868
-0.00375111
-0.00149121
0.00118168
0.00617052
0.00797796
0.011706
0.0143714
0.0147328
0.0151707
0.015215
0.0132883
0.0112456
0.00590862
0.00345703
0.00259051
-0.00212184
-0.0088128
-0.00846167
-0.00599946
-0.00741518
-0.00532609
-0.00485897
-0.00316584
-0.000700608
-1.2156e-05
0.00109921
-0.000224105
-0.00416519
-0.00334989
-0.00143447
-0.00228007
-0.00136368
0.0012457
0.000556569
-0.000746972
0.00195418
0.00453078
0.000311745
-0.00674491
-0.00646184
-0.00782214
-0.00960666
-0.0101812
-0.0118329
-0.0121561
-0.0113975
-0.00453658
-0.00193
-0.00881093
-0.00718223
-0.00610244
-0.00806187
-0.00602897
-0.00344046
-0.00778523
-0.00549466
0.000840667
-0.00183265
-0.0023584
0.00476876
0.00345709
-0.000363156
0.00267499
0.00198398
0.000489878
-0.000668192
-0.00246677
-0.00233493
0.00390066
0.00572493
0.005351
0.00934141
0.0094514
0.0028681
-0.000795912
-0.00255531
-0.00548961
-0.0120731
-0.013674
-0.0111676
-0.00885639
-0.00829767
-0.00500271
0.000304831
0.000448194
-0.00651949
-0.00451182
0.0023071
0.00285573
0.00790252
0.0149703
0.0102993
0.00846362
0.00659558
0.00464927
0.00139957
-0.00351457
-0.00201534
0.00367748
-0.00464871
-0.0073873
0.00222275
0.0002665
-0.0035124
-0.00115691
-0.000800045
-0.00132427
0.00125324
0.00274193
0.00497365
0.00815427
0.0068572
0.0127282
0.0134843
0.00950049
0.0079051
0.00832996
0.00506655
0.00175765
0.00140299
-0.00190733
-0.00718288
-0.0104209
-0.00960394
-0.00367826
-0.00495576
-0.00352278
-1.93072e-05
0.00369833
0.00807112
0.0128573
0.0067428
0.00226604
0.00422908
-2.80429e-05
-0.00520544
-0.00783037
-0.00429127
-0.00765395
-0.00744009
-0.00330648
-0.00436886
-0.00615817
-0.00537904
-0.00692774
-0.00703431
-0.000599074
0.0015197
0.00378102
0.00913302
0.0109487
0.0124955
0.0150573
0.0131838
0.00952384
0.0104793
0.00913674
0.00695866
0.0056955
0.00421368
0.0030635
0.00187961
0.000723843
0.000109007
0.00340641
0.00698095
0.00649667
0.00884229
0.0121146
0.0117596
0.0114024
0.0149624
0.0126773
0.00910529
0.00479117
0.000347052
0.00134744
-0.00204189
-0.00505098
-0.00590063
-0.00238411
-0.000716469
-0.00128135
0.000994761
0.00273849
0.00427712
0.00312951
-0.00139063
0.00167949
0.00501292
0.0103393
0.0121464
0.00433191
0.00102958
0.00268803
-0.000530613
-0.00360047
-0.0056156
-0.00840214
-0.00915513
-0.00672582
-0.00924693
-0.0118524
-0.0100716
-0.00885977
-0.00465176
-0.00136757
-0.00335876
-0.00332107
-0.00316213
-0.0063592
-0.00942427
-0.0104509
-0.00918441
-0.00567763
-0.00840142
-0.00951748
-0.00783912
-0.00779615
-0.00571993
-0.0036684
-0.00486289
-0.00866415
-0.0046643
-0.000834071
-0.000590915
0.0016138
0.00312387
-0.00298542
-0.00837387
-0.0140154
-0.017093
-0.0204141
-0.0254449
-0.02999
-0.0306319
-0.0301118
-0.0202962
-0.00431978
-0.0102911
-0.0094939
0.00671428
0.0024037
-0.011333
-0.00681352
-0.0088175
-0.0134275
-0.00836642
-0.00267935
-0.00566006
-0.0037972
-0.00186842
-0.00248413
-0.00357615
-0.0031174
-0.00297361
-0.00272361
-0.000719241
0.00130465
0.00429679
-0.00159793
-0.00473159
0.00347207
0.00270947
0.00162136
0.00381665
0.0023334
-0.000425485
-0.00384233
-0.00256123
-0.00323912
-0.00528316
-0.00361412
-8.25479e-05
0.00415386
0.00704979
0.00750401
0.0104197
0.00529278
0.00191452
0.00234378
7.88177e-05
0.00345712
0.00374256
0.00331464
0.00526007
0.00661374
0.00473611
0.00218066
0.00225826
0.00272291
0.0061397
0.00433167
0.00287007
0.00447132
0.00425811
0.00278425
0.00186831
0.00154837
0.000301434
-0.00163178
-0.00588006
-0.006384
-0.00582734
-0.00173785
0.000761758
-0.000620168
-0.000659815
-0.00350629
-0.00746438
-0.00611906
-0.00318185
-0.00234782
0.00260239
0.00429673
0.00601619
0.00946082
0.012565
0.0121462
0.00865701
0.00971081
0.00953455
0.00817813
0.007825
0.00715492
0.00744075
0.00776786
0.00661715
0.00204974
0.00332794
0.00942956
0.00615807
0.00134745
0.00319615
0.00709584
0.00719799
0.00692473
0.00824944
0.00982147
0.0127109
0.0136185
0.0122893
0.0141845
0.0163192
0.0120423
0.00827613
0.0092216
0.00718033
0.00446009
0.00266977
0.000718439
-0.00117404
-0.00176749
-2.83563e-05
-0.000214711
0.00192446
0.00444533
0.00297781
-0.00159136
-0.00240696
0.00105063
0.00550829
0.00817324
0.0112116
0.0103951
0.0122007
0.0152907
0.0174034
0.0159214
0.0106149
0.00521807
-0.0116287
-0.0111828
0.00391934
0.0102679
0.00540533
-0.000405813
-0.0116494
-0.0121536
0.00286
0.0211536
0.024816
-0.00583427
-0.0226729
-0.0156089
-0.00836228
-0.00552169
-0.00666199
-0.00290276
-0.0110431
-0.0103091
-0.00698109
-0.00699552
-0.00212058
0.00456346
0.00704233
0.00817321
0.00637378
0.00622608
0.00695319
0.00812231
0.0105189
0.0108401
-0.000106322
-0.00770465
-0.00495193
-0.00803054
-0.00553712
-0.00525569
-0.00701989
-0.00303679
-0.00132179
-0.00369367
-0.00313129
0.00227405
0.00232334
0.000950628
-0.00222946
-0.00415989
-2.83764e-05
0.00203358
0.00273867
-0.00110128
-0.0048924
-0.00437963
-0.00305379
-0.0043319
-0.00196784
-0.0011039
-0.000283932
-2.19572e-05
-0.000723168
-0.00812029
-0.00996147
-0.00312737
0.00526107
0.0013012
-0.00289827
-0.00335051
-0.00371497
-0.00376971
-0.005294
-0.00779916
-0.00670086
0.000816661
0.00317052
0.00665724
0.0100282
-0.00323423
-0.00390756
0.00134527
0.00715832
0.00375272
-0.00221342
0.000305105
-0.00692424
-0.0115886
-0.0122122
-0.00913319
-0.0052222
-0.00234959
0.00222837
-0.00140109
-0.00831066
-0.00466103
-0.00597934
-0.00879262
-0.00620534
-0.00611348
-0.00425736
-0.00174679
0.00316707
0.0142343
0.00967995
0.00469089
0.00275192
-0.00146252
-0.000537715
0.0141236
0.0140308
0.0112184
0.0131331
0.0062957
0.0038045
-0.0270981
-0.04643
-0.0173134
-0.0231145
-0.0353963
-0.0350713
-0.0274066
-0.0173351
-0.0107659
-0.00129063
0.00592847
0.0123414
0.0208239
0.0177356
0.00355069
0.00930591
0.0263534
0.0257378
0.0229374
0.00792228
0.00107468
0.00202456
-0.0068477
-0.0123365
-0.00845043
-0.0114929
-0.012009
-0.00955001
-0.00623623
-0.00567981
-0.0185186
-0.0287419
-0.0189685
-0.0067188
0.00196355
0.00559594
0.00526243
0.000559648
-0.0130948
-0.00377133
-0.00587386
-0.00368823
0.00754177
0.00342376
0.00491422
-0.0123474
-0.0205631
-0.00911604
-0.000835323
0.00428059
0.00417401
0.0102226
0.0120666
-0.00210255
-0.00271853
0.00589734
0.00964272
0.00400164
-0.0011358
-0.00109636
-0.00474914
-0.00729355
-0.0101564
-0.0217767
-0.0181372
-0.00397811
-0.00736041
-0.00185532
0.0052601
-0.0113675
-0.0088594
-0.00141481
0.000232489
0.00675499
0.00535065
0.0082237
0.0108902
0.00378157
0.0032526
-0.00143085
-0.00426948
-0.000443619
0.00226101
0.0033598
0.0043918
0.00716475
0.00553951
-0.000269343
0.000723412
0.00283072
0.00133355
0.00376532
0.0072611
0.00270346
0.000892478
0.00364043
0.00371011
0.00299683
0.00443461
0.00427053
0.00340049
0.000893195
-0.00319029
-0.00195384
-0.00165325
-0.00438281
-0.00586362
-0.00776448
-0.0118071
-0.0144631
-0.00492003
-0.00259479
-0.0049561
-0.00336007
-0.00152177
0.00739461
0.0124294
0.00864286
0.00334242
0.0104038
0.0143916
0.00945895
0.0109007
0.0143147
0.0104913
0.00436744
1.01912e-05
-0.00477305
-0.0086683
-0.0125992
-0.010094
-0.00672442
-0.00990424
-0.00826797
-0.00584411
-0.003617
0.0016094
-0.000436604
-0.00243119
0.000541336
-0.00253261
-0.00498748
-0.00178787
0.0044152
0.00371703
0.00336173
0.00623827
0.00551971
0.00428274
0.000942955
0.00222839
0.0067248
-0.00141068
-0.00462023
-0.0029805
-0.00173924
0.00187695
0.00077499
-0.000303174
0.000912634
0.00154857
0.000881343
0.000677466
-0.00349851
-0.00572463
-0.00314486
-0.00339137
-0.00112909
-0.00034326
0.000423755
0.00223179
0.00179732
-0.00163635
-0.000686641
0.000386343
-0.0015963
-0.00577818
-0.0075612
-0.00320029
-0.00331354
-0.00378373
-0.000917133
-0.00021017
0.000793012
0.00252023
0.00326224
0.00374522
0.00502463
0.0055066
0.00451672
0.00490137
0.00677933
0.00843295
0.00793096
0.00358875
0.00219448
0.00199141
-0.000521985
-0.00179013
-0.00268825
-0.00431139
-0.00327508
-0.00295505
-0.0018234
0.00128761
0.00166958
0.00071921
0.0012381
0.00834419
0.0104556
0.00990508
0.00422953
0.00371604
0.00487324
0.00221143
0.000960349
0.00127504
0.000110083
0.000918632
0.00197973
0.000564182
-0.000802802
-0.000585194
-0.000602786
0.00153802
0.00213876
0.00218886
0.00420411
0.00569842
0.00595928
0.00797876
0.0103281
0.010254
0.0105074
0.00702087
0.00423083
0.00887836
0.00740216
0.00107538
0.000378481
-0.000766612
0.0034632
0.0100628
0.00440541
0.00458126
0.00192711
-0.0017337
0.00143757
0.00449645
0.00165732
0.000251786
0.00869117
-0.000906351
-0.00728774
0.00113739
0.00990805
0.0110351
0.00359959
0.00313641
0.0103941
0.00929791
0.00629519
0.00665531
0.00358416
-0.00183932
0.000503913
0.00192827
0.00037377
0.000758201
0.00146345
0.00112388
0.000869945
0.00155525
0.0030717
0.00346843
0.00514577
0.00765184
0.00745672
0.0083558
0.0100266
0.0103189
0.0114829
0.0143179
0.00982873
0.00746847
0.00596898
-0.00466776
-0.0129411
-0.0240436
-0.0220715
-0.0159189
-0.0289106
-0.0181258
-0.0117381
-0.0140907
-0.00986104
-0.00737412
-0.00496779
-0.00177704
-0.00461369
-0.00744457
-0.00170646
0.00555179
0.0116124
0.0151897
0.0233894
0.0244306
0.0129119
0.00298738
0.000971247
-0.00443363
-0.00681688
-0.00291714
0.000514783
0.00216877
0.00427513
0.00382954
0.000686876
0.00176143
-0.00144517
-0.00307537
0.00282063
0.00408166
0.00122478
0.00365861
0.00729234
0.00761658
0.00272047
-0.00259088
-0.00734886
-0.00346413
0.00130583
-0.000638833
-0.00283031
-0.00561227
-0.00485235
-0.00460597
-0.0043832
-0.00344331
-0.00217281
-0.00944933
-0.00783356
-0.00192033
-0.00426067
-0.00111487
-0.00118479
-0.000845749
0.00510963
-0.00133931
-0.00257592
-0.00253064
-0.00745965
-0.0134308
-0.00998137
-0.00760728
-0.00980564
-0.0125728
-0.012482
-0.00866852
-0.00943132
-0.0158057
-0.0155911
-0.0114935
-0.013147
-0.0117055
-0.00991019
-0.00959435
-0.00579874
-0.00188623
-0.00102199
0.000923766
-0.00176437
-0.00894198
-0.00424644
-0.00328079
-0.00517222
-0.00403382
0.00116893
-0.00303206
-0.00372171
-0.00117374
-0.00208659
-0.000634709
0.00206681
-0.000366877
-0.00427499
-0.00269967
-0.00156574
-0.00330112
-0.00330746
-0.00268519
-0.00296413
-0.00152996
-0.000428156
-0.00131648
-0.00196785
-0.00339198
-0.0061314
-0.00804173
-0.00279308
0.00249477
0.00175966
-0.00275367
-0.0112686
-0.010256
-0.0111478
-0.0141056
-0.0105119
-0.00583772
-0.00449024
-0.00352809
-0.00153705
-0.00237874
0.000494918
0.00298795
0.00375257
0.00491462
0.000543312
-0.000330472
0.0011548
-0.00276405
-0.00420483
0.00260351
0.000152932
-0.00490087
-0.00268898
-0.00662343
-0.011763
-0.0124359
-0.00583317
-0.00720597
-0.00840332
-0.00560679
-0.00474073
-0.00420825
-0.00598993
-0.00832349
-0.00663244
-0.000245265
0.000544915
-0.00351983
-0.00381688
-0.0017579
-0.00200654
-0.00249577
-0.00395465
-0.00957842
-0.00555107
-0.00362098
-0.00272333
-0.000198638
-0.000179828
0.00141458
0.00343252
0.00362163
0.00427534
0.00568687
0.00630796
0.0068261
0.00761796
0.00619135
0.00457887
0.00470167
0.00283797
0.00141919
0.000607183
-0.000610151
-0.00180315
-0.00129019
-0.000687165
-0.00145116
0.000370841
0.00208411
0.00134414
-0.000930649
-0.00073249
0.000203314
0.00250902
0.00250386
0.0018157
0.00604845
0.00841519
0.000935157
0.00154532
0.00284792
0.00121606
0.000550504
-0.000479692
-0.0028417
-0.00290306
0.000161328
-0.000221906
-0.00067936
-2.21646e-05
0.000301554
0.000543644
0.000227439
0.00028361
0.00113109
0.00280958
0.00155651
-0.00450149
-0.00355205
-0.0018342
-0.00338974
-0.00177843
-0.00391133
-0.00620976
-0.00401984
-0.00377109
-0.00196148
0.00309927
0.00155399
0.00109488
0.00508034
0.0062388
0.0023252
0.00156359
0.00434154
0.00369689
-0.000736943
-0.00268704
0.00560523
0.00525802
0.000811076
0.00188333
0.00286387
0.00266305
0.00567609
0.0066121
0.00582099
0.00432371
0.00498069
0.00776736
0.00929669
0.00860005
0.000955491
-0.00241328
0.00701352
0.00856498
0.00258938
0.00240232
0.00513136
0.00433585
0.00379234
0.00424857
0.00381921
0.00173534
0.00082811
-0.000782177
0.000700665
0.00119329
0.000749079
0.00129291
-0.000421268
-0.00215248
-0.000384587
-0.000109799
-0.00114802
-0.000644059
0.00116888
0.00165153
-0.000242564
-0.000891707
0.000644144
0.000392914
-0.000128341
-0.00131772
-0.00213606
0.00742077
0.00907833
0.00698287
0.0104421
0.00912039
0.00195923
0.00348971
0.00341095
-0.00268638
-0.000187749
0.00511174
0.00210911
0.00272553
0.00302681
0.00310626
0.00472281
0.00381593
0.00487661
0.00662157
-0.00166189
0.000761775
0.000431291
-0.00608644
-0.00301246
-0.00587782
-0.00793384
-0.000888777
0.0029452
0.0027797
-0.00445381
0.00210207
0.00545084
-0.00314593
-0.00770843
-0.00151002
0.00142964
0.000553507
0.00243323
0.00709459
-0.00118463
-0.0031683
0.00196919
-0.000852048
-0.00233706
-0.00134191
-0.00191845
0.000161372
0.00136651
0.00128906
0.00260538
0.00396572
0.00439253
0.0042453
0.00522185
0.00696678
0.00852675
0.0139085
0.00479521
-0.0036071
-0.00242079
-0.00197441
0.00381219
0.00213486
-0.00172152
-0.000489566
-4.69709e-05
-0.00254091
-0.0028862
-0.00120971
-0.00186933
-0.0015015
-0.00014296
-7.03853e-05
-0.000313985
-0.000568833
-7.43898e-05
0.000648446
0.000989441
0.000735527
0.000455537
0.00236679
0.00329492
0.0050584
0.00187509
-0.00170314
-0.00138141
-0.00152159
-0.000468876
-0.00252162
-0.00553533
-0.00525026
-0.00491535
-0.00337138
-0.00299336
-0.00247078
-0.00226626
-0.00305285
-0.00255454
-0.00306069
-0.00536922
-0.00621299
-0.0069585
-0.00558404
-0.00500747
-0.0047802
-0.00289217
-0.00148269
-0.00108919
-0.00333454
-0.00237994
0.00620853
0.0076883
0.00397994
0.00341969
-0.00121239
-0.00340376
-0.00116107
-0.00121837
-0.000846938
-0.00070781
0.000212679
0.000845134
0.000120734
0.00056458
0.0020837
0.00146606
0.000879758
0.00153203
0.00148221
0.00131327
-0.00128084
-0.00521109
0.00200855
0.003084
0.00265144
0.00145928
-0.000236751
7.52948e-05
-0.000673681
-0.00198732
-0.00134952
-0.000829872
-0.001944
-0.00381121
-0.00326504
0.00301598
0.00390085
0.00189751
0.00381536
0.00494504
0.00686879
0.00612795
0.00481284
0.00415161
0.00248402
0.0018139
0.00100281
0.000121427
0.00142663
0.00182888
-0.00324968
-0.00343482
-0.000871835
0.000691552
0.00295965
0.00380972
-4.80224e-05
3.56402e-05
0.00476055
0.00345699
0.00312
0.00417761
0.00105131
-0.000297364
-0.00131572
-0.00440792
-0.0069826
4.27328e-05
0.000624662
-0.000987392
-0.00154338
-0.00113723
-0.00263834
-0.0024685
0.00135128
-0.0028334
-0.00325724
0.00327283
-0.00138162
-0.00451087
-0.000147031
-0.00195815
-0.00461564
-0.00394813
-0.00488127
-0.0054852
-0.0044304
-0.00618481
-0.00811044
-0.00615616
-0.00536212
-0.00563985
-0.00439111
-0.0031915
-0.00437975
-0.00444919
-0.00296181
-0.00177533
-0.000854827
0.00312366
0.00138799
0.00144406
0.00252384
0.000957223
-0.000523673
0.000478502
-0.00302134
-0.00618074
-0.00323637
-0.00602063
-0.00672437
-0.00265842
-0.00323783
-0.00314897
-0.00136689
-0.000518609
0.00025685
0.00113269
0.001771
0.00120919
0.00110261
0.00218162
0.00275741
0.00220989
0.00197933
0.00237889
0.00232196
0.00222411
-0.000195159
-0.00337793
-0.00276067
-0.00339404
-0.00206501
-0.00184979
-0.00298154
-0.00257718
-0.000624431
1.14761e-05
-0.00166378
-0.000626244
0.00135944
0.001119
0.000142397
0.000618893
0.000945638
0.000708156
0.00170192
0.00317151
0.000815635
-0.000784102
0.00248857
0.00238566
0.000739683
0.00151093
0.00171909
0.00251683
0.00638061
0.000838359
-0.00359111
5.88431e-05
0.00299071
0.00134026
0.00174652
0.00408135
0.00577633
0.00656844
0.00240898
-8.0947e-05
0.000628525
0.00324402
0.00138745
0.000854238
0.00156692
0.00130621
0.00085875
-1.04034e-05
-0.000324444
0.0005889
0.00197357
0.00148605
0.000732298
0.00121646
0.00225858
0.00334523
0.00147855
-5.02118e-05
0.00129454
0.00127465
0.000399324
0.00048012
0.00124531
0.00186949
0.00186354
0.000693694
-0.00140303
-0.00126803
-0.00026033
-0.000465847
-0.00102987
-0.000819333
-0.00081612
-0.0012935
-0.00143964
-0.00132993
-0.000127664
0.000526875
-0.000380106
-0.000450562
-0.000574249
-0.00325829
-0.00344363
-0.00145133
-0.00228237
-0.00271683
-0.00184285
-0.00180308
-0.00171443
-0.00112875
-0.000830251
-0.000604208
-0.000305786
-0.000566965
-0.000547203
0.000134861
0.00132179
0.00163366
0.00010551
-0.00225781
-0.000559897
0.00180312
0.00029279
-0.000474885
0.000517829
0.000810407
0.000761095
0.000743798
-0.000762922
-0.000654274
0.000830001
0.000272836
0.000148395
-0.000201932
-0.00123022
-0.00117985
-0.00145568
-0.00207905
-0.00300032
-0.0038098
-0.00100905
0.00140186
6.67709e-05
-6.69228e-05
-0.000688171
-0.000511658
-0.0004219
9.69265e-05
0.000211934
5.70348e-05
2.45078e-06
9.89571e-05
0.00030421
0.000680331
0.000561065
-0.00218962
-0.00386686
-0.000295659
0.000409193
-0.00174831
-0.0033455
-0.00295109
-0.00108
-0.000991293
-0.000217052
0.00192027
0.00118154
0.000509474
0.00185195
0.00252338
0.00270283
0.00301273
0.00261348
0.0025935
0.00281779
0.0023884
0.00222457
0.00197077
0.000126748
-6.79969e-05
0.0023581
0.00118127
-0.00218591
0.00108091
0.00328663
0.00226555
0.00441015
0.00434513
0.00409076
0.00317154
0.0011047
0.00269713
0.00216697
0.000673993
0.00110514
0.00190875
0.00146967
0.00113874
0.000184167
-0.000150137
-1.44427e-05
0.000630641
0.000541653
0.00106627
0.00218839
0.00183026
0.000893921
0.00130711
0.00181346
0.00164989
0.00162114
0.00174755
0.00162722
0.00159866
0.001336
0.000892432
0.000817811
0.000422721
2.69722e-05
-0.000162927
-0.000330226
-0.000600242
-0.00108543
-0.00123009
-0.000675077
-0.00083715
-0.000814034
-0.000437658
-0.000372415
-0.000182843
3.04514e-05
0.000143704
-2.44572e-05
-0.00012632
-1.54773e-05
-3.73469e-06
0.000362613
0.00049266
0.000585287
0.00155407
0.00230312
0.00219488
0.00163161
0.00189216
0.00210672
0.00211919
0.00213258
0.00156982
0.00143032
0.00132707
0.000976401
0.000786561
0.000890662
0.00125235
0.0011624
0.00118672
0.0013874
0.00145886
0.00137505
0.00116724
0.00119215
0.00135058
0.00153635
0.0014701
0.00116571
0.00105745
0.00110659
0.00125555
0.00133154
0.00140454
0.00149764
0.00150845
0.00157626
0.00144086
0.0011506
0.00117173
0.0011611
0.00103738
0.00102504
0.00103673
0.000769381
0.000303737
-2.5337e-06
0.000516031
0.000595026
0.00038098
0.000538298
0.000430484
-3.5349e-05
0.000139337
0.000384892
0.000185929
0.000182556
0.00024869
0.000226111
0.000233321
0.0003838
0.000553119
0.000677215
0.000906122
0.000983774
0.000796323
0.000707894
0.000813745
0.000788296
0.000612825
0.000430861
0.000120184
0.000185125
0.000456096
0.000337134
0.000376
0.000508522
0.000542041
0.000589977
0.000623519
0.000580004
0.000558502
0.000552127
0.000537076
0.000513757
0.000486283
0.000415007
0.000377183
0.0004238
0.000446278
0.000403543
0.000367691
0.000363668
0.000320942
0.000259889
0.000232195
0.000184419
0.000145406
9.40749e-05
5.53258e-05
0.000142127
0.000193602
0.000170522
0.000202812
0.000220006
0.000118503
7.68438e-05
0.000113692
8.34499e-05
6.29589e-05
7.28255e-05
2.71541e-05
6.34238e-06
3.91988e-05
1.75417e-05
3.98061e-06
6.48632e-06
-3.8224e-06
-3.16757e-05
-4.58495e-05
-2.3716e-05
-1.11334e-05
-1.25063e-05
-8.41592e-06
-4.52029e-05
-5.74006e-05
-5.48609e-05
-6.56088e-05
-6.22563e-05
-6.69288e-05
-7.16446e-05
-7.29586e-05
-7.27403e-05
-9.38977e-05
-0.000118968
-0.000119432
-0.000121378
-0.000116582
-0.000120529
-0.000119757
-0.000123458
-0.000130869
-0.000158909
-0.000174233
-0.000171194
-0.000185664
-0.000194633
-0.000197773
-0.000207868
-0.000215691
-0.000222965
-0.000230841
-0.000237861
-0.000242973
-0.000250161
-0.000258998
-0.000270069
-0.000277855
-0.000285117
-0.000293777
-0.000301699
-0.000308972
-0.00031663
-0.000322521
-0.000329558
-0.000338224
-0.000346026
-0.000352991
-0.000359387
-0.000367071
-0.00037517
-0.000382749
-0.000390876
-0.000399988
-0.000408249
-0.000417639
-0.000426556
-0.00043378
-0.000442239
-0.000450734
-0.000458698
-0.000466921
-0.000474985
-0.000483433
-0.000492068
-0.000500676
-0.000509465
-0.000518254
-0.000527087
-0.000535853
-0.000544702
-0.000553634
-0.000562538
-0.000571454
-0.000580418
-0.000589314
-0.000598254
-0.000607373
-0.000616428
-0.0006255
-0.000634645
-0.000643838
-0.000653033
-0.000662228
-0.000671451
-0.000680709
-0.000689984
-0.000699274
-0.000708586
-0.00071792
-0.000727272
-0.000736643
-0.000746032
-0.000755438
-0.000764861
-0.0007743
-0.000783755
-0.000793227
-0.000802713
-0.000812212
-0.000821724
-0.00083125
-0.000840787
-0.000850336
-0.000859896
-0.000869466
-0.000879047
-0.000888636
-0.000898235
-0.000907841
-0.000917455
-0.000927076
-0.000936704
-0.000946337
-0.000955975
-0.000965619
0
0
0
