-0.0132813
-0.0135788
-0.013748
-0.0137077
-0.013376
-0.0126748
-0.0115339
-0.00989813
-0.00773961
-0.00506935
-0.00194099
0.00154747
0.00525963
0.00903132
0.0126891
0.0160587
0.0189542
0.0212031
0.0226925
0.0234096
0.0234698
0.023088
0.0225105
0.0220159
0.021908
0.022483
0.0239917
0.0265952
0.0303597
0.0353053
0.0413489
0.0482439
0.0555606
0.0627284
0.0692196
0.0747193
0.0791254
0.0824918
0.0848795
0.0863014
0.0867753
0.0863593
0.0851737
0.0834042
0.0812443
0.0788049
0.0761359
0.0732489
0.0701205
0.0667013
0.0629123
0.058646
0.0537257
0.0478131
0.04039
0.0308432
0.0185669
0.00309945
-0.0157389
-0.0377079
-0.0621748
-0.0883579
-0.115236
-0.141517
-0.165854
-0.187163
-0.204699
-0.218082
-0.227306
-0.232779
-0.235049
-0.234359
-0.230798
-0.224458
-0.215473
-0.203968
-0.190115
-0.174275
-0.157063
-0.139194
-0.121215
-0.103561
-0.086581
-0.0705123
-0.0554541
-0.041347
-0.0280043
-0.0152467
-0.00295529
0.0089543
0.0205559
0.0319192
0.0431225
0.0542538
0.0653897
0.0765274
0.0875931
0.0984448
0.108885
0.118669
0.127537
0.135258
0.141682
0.146767
0.150544
0.152973
0.153905
0.153162
0.150606
0.146188
0.139918
0.131804
0.121959
0.110687
0.09851
0.0860484
0.0736822
0.0615795
0.0497456
0.0380791
0.0264642
0.0147774
0.00289563
-0.00927149
-0.021756
-0.0345053
-0.0473721
-0.0601084
-0.0724005
-0.0839613
-0.094616
-0.10426
-0.112725
-0.119683
-0.12472
-0.127423
-0.127454
-0.12461
-0.118935
-0.110776
-0.100626
-0.0888624
-0.0758513
-0.0620465
-0.0479999
-0.0342964
-0.0213471
-0.00934785
0.00170889
0.0119954
0.0217132
0.0309702
0.0398038
0.0481969
0.0560896
0.063395
0.0700237
0.0758916
0.0809094
0.0850163
0.0882086
0.0904958
0.0917708
0.0918167
0.0903737
0.0872
0.0821348
0.0751445
0.0662752
0.0555625
0.0431283
0.0292707
0.0144212
-0.00102413
-0.0166513
-0.0319736
-0.0464388
-0.0594531
-0.0704657
-0.0791085
-0.0853243
-0.0893024
-0.0912097
-0.0911132
-0.0891026
-0.0853736
-0.080238
-0.0740277
-0.0670803
-0.059803
-0.052692
-0.0462692
-0.0409026
-0.0367026
-0.0335171
-0.031013
-0.0288848
-0.026832
-0.0245355
-0.0216841
-0.0180016
-0.0132899
-0.00746792
-0.000606081
0.00707338
0.0151978
0.0232299
0.03049
0.036254
0.039999
0.04171
0.0418112
0.0408444
0.0392119
0.0372301
0.0351594
0.0331893
0.0314319
0.0299192
0.0286152
0.0274342
0.0262542
0.0249308
0.023317
0.0212816
0.0187296
0.0156219
0.0119914
0.00795163
0.00369373
-0.000555714
-0.00463348
-0.00849933
-0.0122426
-0.0160876
-0.0203833
-0.0255712
-0.0321223
-0.0404474
-0.0507838
-0.0630763
-0.0768629
-0.0912094
-0.104718
-0.115789
-0.123187
-0.126106
-0.124075
-0.116847
-0.10456
-0.0876847
-0.0668037
-0.0427594
-0.0166367
0.0106115
0.0383036
0.065932
0.0930972
0.119496
0.144888
0.169085
0.191893
0.21302
0.2321
0.248784
0.262834
0.274216
0.283104
0.289753
0.294548
0.297887
0.299781
0.299923
0.297797
0.292747
0.284068
0.271041
0.252972
0.229432
0.200504
0.166873
0.129535
0.0892634
0.0468252
0.00314807
-0.0406934
-0.083641
-0.124669
-0.162792
-0.197101
-0.226838
-0.251472
-0.270829
-0.284986
-0.293811
-0.297075
-0.294763
-0.287277
-0.275397
-0.259856
-0.241432
-0.221168
-0.200435
-0.180749
-0.163231
-0.148457
-0.136442
-0.126683
-0.118477
-0.111191
-0.104201
-0.0968461
-0.0884588
-0.0784039
-0.066131
-0.0512413
-0.0335505
-0.0130629
0.0101985
0.0360504
0.0640132
0.0932403
0.122632
0.15117
0.17791
0.201978
0.222666
0.239506
0.252322
0.261289
0.266762
0.268764
0.267134
0.2617
0.252271
0.238468
0.219767
0.195806
0.166636
0.132921
0.0957977
0.0562446
0.0150756
-0.0268517
-0.0685793
-0.109016
-0.146993
-0.181352
-0.211068
-0.235367
-0.25383
-0.2665
-0.274052
-0.277636
-0.278227
-0.276582
-0.273408
-0.269337
-0.264755
-0.259647
-0.253663
-0.246202
-0.236494
-0.223724
-0.207169
-0.186338
-0.160935
-0.130584
-0.0950902
-0.0547481
-0.0105014
0.0359917
0.0827278
0.127954
0.170153
0.208043
0.240652
0.267248
0.287428
0.301316
0.309477
0.312448
0.31095
0.306035
0.298805
0.289994
0.280107
0.269556
0.258695
0.247793
0.236894
0.225852
0.214374
0.202053
0.188393
0.172879
0.155041
0.134543
0.11123
0.0850724
0.0560365
0.0242475
-0.00987457
-0.0455323
-0.0816002
-0.116984
-0.151152
-0.183976
-0.215348
-0.244922
-0.272209
-0.296669
-0.317801
-0.335256
-0.348965
-0.359241
-0.366747
-0.372108
-0.375581
-0.377181
-0.376788
-0.374191
-0.369091
-0.360969
-0.349026
-0.332415
-0.310494
-0.283089
-0.250712
-0.214688
-0.176805
-0.138353
-0.100196
-0.0629143
-0.02676
0.00823367
0.0420285
0.074445
0.105198
0.133904
0.160122
0.183352
0.203009
0.218552
0.229693
0.236552
0.239644
0.239519
0.236656
0.231615
0.225025
0.217357
0.208923
0.19996
0.190662
0.181181
0.171574
0.161788
0.151696
0.141119
0.129861
0.117734
0.104595
0.0903622
0.074988
0.0584124
0.0406178
0.021702
0.00192169
-0.0182778
-0.0383093
-0.0576203
-0.0758627
-0.0928802
-0.108654
-0.123163
-0.136375
-0.148265
-0.158783
-0.167698
-0.174406
-0.178025
-0.177559
-0.172066
-0.160868
-0.143691
-0.120602
-0.0919758
-0.0587314
-0.0222978
0.0159321
0.0548115
0.0933059
0.130433
0.165273
0.196987
0.224878
0.248435
0.26731
0.28131
0.290397
0.294405
0.292834
0.285165
0.271168
0.251098
0.225638
0.195679
0.16256
0.128207
0.0947823
0.0637528
0.0354263
0.00927385
-0.0154048
-0.0391646
-0.0624922
-0.0857849
-0.109303
-0.133121
-0.157111
-0.180923
-0.204012
-0.225677
-0.24513
-0.261569
-0.274285
-0.282804
-0.286963
-0.286824
-0.282706
-0.275316
-0.26563
-0.254394
-0.242092
-0.229064
-0.215556
-0.201762
-0.187855
-0.173997
-0.160294
-0.146751
-0.13328
-0.119715
-0.105806
-0.0912385
-0.0756473
-0.0586718
-0.0400108
-0.0195069
0.00278338
0.0265236
0.0511411
0.0760268
0.100646
0.124508
0.147182
0.168318
0.187647
0.204989
0.220312
0.23376
0.245631
0.256172
0.265295
0.272638
0.277652
0.279665
0.277943
0.271621
0.259591
0.240841
0.214833
0.181858
0.143302
0.101645
0.0598116
0.0205287
-0.0137569
-0.0411724
-0.0610283
-0.0738195
-0.080562
-0.0825383
-0.0813269
-0.0783878
-0.0748501
-0.0715833
-0.0692234
-0.068171
-0.0685955
-0.0704412
-0.0734433
-0.0771852
-0.081241
-0.0852392
-0.0888498
-0.0917807
-0.0937871
-0.0946833
-0.0943632
-0.0928188
-0.0901541
-0.0865206
-0.0819505
-0.0764134
-0.0698924
-0.0624371
-0.0542179
-0.045561
-0.036921
-0.0287384
-0.0213576
-0.0150159
-0.00981318
-0.00568489
-0.00244181
6.63975e-05
0.00188648
0.00300563
0.00338561
0.00299287
0.00183382
-1.42665e-05
-0.00240362
-0.00519126
-0.00830456
-0.0117086
-0.0153805
-0.0192969
-0.0234223
-0.0277002
-0.0320627
-0.03646
-0.0408556
-0.0452188
-0.0495254
-0.0537567
-0.0578994
-0.0619443
-0.0658834
-0.0697058
-0.073392
-0.0769038
-0.0801627
-0.0830045
-0.0851478
-0.0862228
-0.0858137
-0.0835211
-0.07903
-0.0721826
-0.0629516
-0.0512821
-0.0372156
-0.0210229
-0.00325857
0.0153246
0.034108
0.0526372
0.0705666
0.0876411
0.103658
0.118351
0.131309
0.142031
0.15002
0.154856
0.156245
0.153944
0.147835
0.138136
0.125544
0.111212
0.096361
0.0819376
0.0686812
0.0572098
0.0481244
0.0420075
0.0392925
0.0401433
0.0443509
0.051378
0.0606698
0.0717388
0.0840037
0.0966919
0.108826
0.119271
0.126752
0.129947
0.127646
0.118961
0.103538
0.0815652
0.0534181
0.0198422
-0.0177474
-0.0571593
-0.0957752
-0.131604
-0.163769
-0.192088
-0.216197
-0.235248
-0.248179
-0.253964
-0.251882
-0.24183
-0.224588
-0.201795
-0.175204
-0.146045
-0.115296
-0.0838994
-0.0528154
-0.0230766
0.00421641
0.0279319
0.0470202
0.0606685
0.0685226
0.0708749
0.0687931
0.0637671
0.0567352
0.0482448
0.0386717
0.0282733
0.0172883
0.006021
-0.00506209
-0.0152697
-0.0236569
-0.0290644
-0.0302255
-0.0259554
-0.0153947
0.00171782
0.0248296
0.0526895
0.0840937
0.118145
0.153992
0.190664
0.226986
0.261529
0.292608
0.318366
0.336944
0.346757
0.346828
0.337113
0.318612
0.292718
0.260169
0.221494
0.177474
0.129403
0.0792916
0.0299309
-0.0155427
-0.0547528
-0.0864663
-0.110661
-0.128513
-0.141623
-0.150858
-0.156572
-0.158878
-0.157738
-0.153146
-0.145288
-0.134699
-0.122156
-0.108201
-0.0931382
-0.0772061
-0.06064
-0.0437248
-0.0268242
-0.0103952
0.0050182
0.0188163
0.0304082
0.0393081
0.0452516
0.0483078
0.0489553
0.047955
0.0459181
0.0432578
0.0402697
0.0371462
0.0339897
0.0308255
0.0276257
0.0243319
0.0208834
0.017236
0.013374
0.00928843
0.00496426
0.000392206
-0.00441667
-0.00942394
-0.0145519
-0.0196768
-0.0246222
-0.0291633
-0.033038
-0.035973
-0.0377216
-0.0381149
-0.0371134
-0.0348488
-0.031591
-0.0275844
-0.0229867
-0.0179267
-0.0125423
-0.00700736
-0.00155433
0.00351006
0.00780467
0.0108925
0.0123252
0.0117105
0.00880183
0.00358704
-0.0036415
-0.0123481
-0.0220397
-0.0323885
-0.0431565
-0.0541579
-0.0652365
-0.0762436
-0.0870126
-0.09734
-0.106974
-0.11562
-0.122964
-0.128714
-0.132649
-0.134671
-0.134781
-0.132888
-0.128678
-0.121757
-0.11181
-0.0987564
-0.082906
-0.0650733
-0.0466122
-0.0290975
-0.0135724
-0.000532024
0.00998818
0.0181927
0.0241482
0.0279045
0.0296056
0.0295338
0.0281192
0.0258208
0.022937
0.0196804
0.0162516
0.0128749
0.00982589
0.00743846
0.00608334
0.00612365
0.00785876
0.0114565
0.016928
0.0241916
0.032994
0.042801
0.0527534
0.0617365
0.0685371
0.0719175
0.0707468
0.0642033
0.0519883
0.0345022
0.0127427
-0.0123151
-0.0399286
-0.0693518
-0.0996799
-0.129764
-0.158159
-0.183129
-0.20274
-0.215056
-0.218425
-0.211867
-0.195449
-0.170557
-0.139529
-0.10427
-0.066181
-0.0264882
0.0136382
0.0530126
0.090396
0.124501
0.154053
0.177924
0.195331
0.206086
0.210805
0.210949
0.208282
0.204016
0.198976
0.193762
0.188764
0.184198
0.180153
0.176679
0.17388
0.171922
0.171005
0.171321
0.172988
0.175965
0.179978
0.184509
0.188905
0.192379
0.194018
0.192853
0.187979
0.178709
0.164769
0.146441
0.12466
0.100683
0.0752424
0.0486527
0.0209936
-0.00784664
-0.038044
-0.0697076
-0.102705
-0.136506
-0.170047
-0.201669
-0.229147
-0.249866
-0.261127
-0.260606
-0.246909
-0.22012
-0.182191
-0.136351
-0.0852187
-0.0311802
0.0231799
0.0750844
0.121592
0.159774
0.186984
0.201251
0.201758
0.189279
0.166433
0.136855
0.102938
0.0661627
0.0275465
-0.0122753
-0.0528668
-0.0938444
-0.134675
-0.174537
-0.212216
-0.246117
-0.274376
-0.295107
-0.306748
-0.3085
-0.300721
-0.285176
-0.264464
-0.240338
-0.213956
-0.186198
-0.157692
-0.128896
-0.100161
-0.071834
-0.0443199
-0.018139
0.00607046
0.0275977
0.0457586
0.0600471
0.0702974
0.076821
0.080333
0.0814946
0.0807459
0.0784646
0.0750513
0.0709469
0.0665629
0.0622229
0.0582
0.0547364
0.052037
0.050249
0.0494322
0.0495278
0.0503524
0.0516581
0.053187
0.0546414
0.0556729
0.0558983
0.0549313
0.0524388
0.0482084
0.0422248
0.0347371
0.0262736
0.0175162
0.00908217
0.00152949
-0.00466053
-0.00914569
-0.0117897
-0.0127152
-0.0123054
-0.0110504
-0.00930919
-0.00733944
-0.00532881
-0.00338987
-0.00156629
0.000159132
0.00184711
0.00358241
0.00544998
0.00751187
0.00978428
0.0122196
0.0146938
0.0170036
0.018876
0.0199917
0.0200252
0.0187002
0.0158531
0.0114968
0.0058621
-0.000669161
-0.00778484
-0.0152011
-0.0226202
-0.0297324
-0.0362259
-0.041806
-0.0462265
-0.0493285
-0.0510873
-0.0516476
-0.0513241
-0.0504879
-0.0493897
-0.0481825
-0.0469453
-0.0456805
-0.0443213
-0.0427435
-0.0407892
-0.0382968
-0.0351369
-0.0312491
-0.0266595
-0.0214547
-0.0157607
-0.00978392
-0.00383952
0.00163934
0.00611362
0.00897273
0.00960102
0.00747096
0.00226246
-0.00602512
-0.0169934
-0.0300044
-0.0446605
-0.0606833
-0.0777638
-0.0954985
-0.113317
-0.130437
-0.145842
-0.158321
-0.166562
-0.169327
-0.165676
-0.155248
-0.138478
-0.116656
-0.091368
-0.0636324
-0.0340935
-0.00324501
0.0285063
0.0607327
0.0929036
0.124295
0.153955
0.180703
0.203235
0.220276
0.230831
0.234462
0.231542
0.223319
0.211384
0.196801
0.180319
0.162576
0.144151
0.125629
0.10764
0.0908816
0.0760641
0.0637521
0.0541759
0.0471755
0.0421624
0.0383129
0.0350719
0.0321014
0.0292005
0.026312
0.0234966
0.0209082
0.0187412
0.0171749
0.0163006
0.0160595
0.0161817
0.0161589
0.0152369
0.0124683
0.00680781
-0.00272725
-0.0168589
-0.0358146
-0.0591279
-0.0855493
-0.113342
-0.140793
-0.166186
-0.187827
-0.204233
-0.214347
-0.217796
-0.215075
-0.207573
-0.197017
-0.184619
-0.171207
-0.157367
-0.143447
-0.129604
-0.115851
-0.102128
-0.0883733
-0.0745875
-0.0608866
-0.047527
-0.0349023
-0.0235075
-0.0138707
-0.00645223
-0.00152937
0.000914084
0.00126212
0.000160139
-0.00186309
-0.00444043
-0.00730232
-0.0102684
-0.0132417
-0.0162002
-0.0191766
-0.0222328
-0.0254296
-0.0287961
-0.0323005
-0.0358266
-0.0391608
-0.0419925
-0.0439304
-0.0445391
-0.0433929
-0.0401474
-0.0346133
-0.0268103
-0.0169017
-0.00493476
0.00913393
0.0253178
0.0435219
0.0635517
0.0852719
0.108617
0.133422
0.159288
0.185459
0.210758
0.23356
0.251871
0.2635
0.26636
0.258863
0.240365
0.211546
0.174376
0.131133
0.0835469
0.0331797
-0.0182941
-0.0689994
-0.116817
-0.159417
-0.194398
-0.219543
-0.233183
-0.234657
-0.224718
-0.205779
-0.181162
-0.153044
-0.122734
-0.0910548
-0.0583947
-0.0248551
0.00960901
0.0449789
0.0809877
0.116939
0.151607
0.183214
0.209537
0.228146
0.236782
0.233838
0.218868
0.192995
0.158682
0.118381
0.074003
0.0273219
-0.019832
-0.0655099
-0.107643
-0.144106
-0.172872
-0.192271
-0.201328
-0.200118
-0.190038
-0.173522
-0.152759
-0.129169
-0.103733
-0.0771871
-0.0501265
-0.0231232
0.00317111
0.0279405
0.0501818
0.0687479
0.0824827
0.0904286
0.0920953
0.0877112
0.0783338
0.0654437
0.05025
0.0338985
0.0176475
0.0028649
-0.00900748
-0.016565
-0.0186006
-0.0143326
-0.00364227
0.012723
0.0332483
0.0562876
0.0803255
0.103812
0.12514
0.142708
0.15507
0.161113
0.160301
0.152889
0.140061
0.123564
0.104656
0.0842833
0.0633008
0.0424991
0.0226518
0.00452642
-0.0111198
-0.0235902
-0.0323389
-0.0371003
-0.0380212
-0.0357585
-0.0313114
-0.0254481
-0.0186715
-0.0113687
-0.00387366
0.00347936
0.0103157
0.0161856
0.0205589
0.0228381
0.0223991
0.0185602
0.0104448
-0.00277455
-0.0215689
-0.0457663
-0.0743044
-0.105145
-0.135644
-0.163223
-0.185435
-0.200134
-0.205814
-0.201976
-0.189406
-0.170077
-0.146175
-0.119252
-0.0904699
-0.0607879
-0.0310092
-0.00185164
0.0259992
0.0518384
0.074939
0.0945837
0.110167
0.121322
0.128054
0.130744
0.129817
0.125482
0.117964
0.107694
0.0953948
0.0819583
0.0680464
0.0541663
0.0407517
0.0281574
0.0166513
0.00639243
-0.0025892
-0.0104
-0.0172161
-0.0230838
-0.0278471
-0.0312203
-0.0328653
-0.0324788
-0.0299012
-0.0252192
-0.0188422
-0.0114055
-0.00344307
0.0045545
0.0120824
0.0186408
0.0237612
0.027053
0.0282506
0.027256
0.024089
0.0186732
0.0107926
0.000243502
-0.0130286
-0.0288082
-0.0465664
-0.0656017
-0.0851701
-0.104395
-0.122235
-0.137526
-0.149087
-0.155873
-0.157181
-0.152869
-0.143526
-0.13042
-0.11493
-0.098047
-0.0804952
-0.0628241
-0.0454029
-0.028434
-0.0119609
0.00410442
0.0199591
0.0358685
0.0521372
0.0690565
0.0868555
0.105638
0.125325
0.145593
0.165834
0.185136
0.202316
0.215999
0.224774
0.2274
0.223085
0.211746
0.19421
0.172027
0.146575
0.118709
0.0889978
0.0578805
0.0257632
-0.00686572
-0.039333
-0.0706965
-0.0997277
-0.12496
-0.144835
-0.157944
-0.163344
-0.16091
-0.15163
-0.137653
-0.121626
-0.105606
-0.0911399
-0.0793038
-0.0705637
-0.0647002
-0.0608571
-0.0579078
-0.0548019
-0.050605
-0.0445687
-0.0362608
-0.0256673
-0.0132648
3.82548e-05
0.0131568
0.0250001
0.0345275
0.040867
0.0434654
0.0422311
0.0376259
0.0305167
0.0216609
0.0116594
0.00106614
-0.00958218
-0.0197464
-0.0288796
-0.0364321
-0.0418831
-0.0447964
-0.0449052
-0.0422049
-0.037027
-0.0299716
-0.0215711
-0.0121692
-0.00203337
0.00856882
0.0193225
0.0298219
0.0395447
0.0478507
0.0540177
0.0573199
0.0571461
0.0531521
0.0454052
0.0344842
0.0212719
0.00634268
-0.00991037
-0.0271125
-0.0448614
-0.062662
-0.0798931
-0.0957824
-0.109431
-0.119881
-0.126239
-0.127848
-0.12449
-0.11655
-0.105053
-0.0912605
-0.0760275
-0.0599267
-0.0433713
-0.0266312
-0.00987023
0.0068139
0.0233434
0.0396133
0.0554555
0.0706172
0.0847652
0.0975127
0.108474
0.117332
0.123916
0.128213
0.130197
0.129564
0.125892
0.118835
0.108284
0.0945453
0.0784745
0.061533
0.0455408
0.0320078
0.0218998
0.0155591
0.0125753
0.0118323
0.0119324
0.0116198
0.00977309
0.00546228
-0.00191734
-0.0125249
-0.025999
-0.0415939
-0.0586378
-0.076582
-0.0949185
-0.113158
-0.130815
-0.147404
-0.162425
-0.175368
-0.185677
-0.192646
-0.195519
-0.193686
-0.186887
-0.175406
-0.160192
-0.142585
-0.123503
-0.103562
-0.0832265
-0.0628138
-0.0425152
-0.0224173
-0.00252839
0.0171872
0.0367894
0.0563328
0.0758501
0.0953365
0.114746
0.133983
0.152914
0.171357
0.189098
0.20587
0.221269
0.234661
0.245265
0.252286
0.25506
0.253234
0.246925
0.23683
0.223999
0.209122
0.192467
0.174047
0.153703
0.131169
0.106084
0.0781274
0.0472338
0.0138174
-0.0210617
-0.0555901
-0.0872504
-0.1131
-0.130567
-0.138487
-0.137348
-0.129079
-0.115931
-0.0994512
-0.0807601
-0.0607409
-0.0400616
-0.0192354
0.00131151
0.021158
0.039821
0.0567162
0.0711657
0.082462
0.089986
0.0933711
0.0926689
0.0884728
0.081737
0.0731406
0.0630558
0.0517297
0.0393697
0.02623
0.0126886
-0.000678774
-0.0130616
-0.0234188
-0.0305515
-0.0332458
-0.0304879
-0.0217316
-0.00716028
0.0121189
0.034309
0.0577337
0.0807159
0.101476
0.118251
0.129453
0.13391
0.131109
0.121418
0.106063
0.0865532
0.0641762
0.040203
0.0160161
-0.00693391
-0.0273179
-0.044226
-0.0572497
-0.0665567
-0.0729426
-0.0775962
-0.0814703
-0.0853312
-0.0898228
-0.0954232
-0.102414
-0.110851
-0.120589
-0.131396
-0.142943
-0.154757
-0.166211
-0.176524
-0.184793
-0.190068
-0.191465
-0.188331
-0.180419
-0.168054
-0.152168
-0.133946
-0.114255
-0.0937636
-0.0730739
-0.0527254
-0.0332203
-0.0150206
0.00145682
0.0158764
0.0280284
0.0378904
0.0456636
0.051695
0.056156
0.0589419
0.0598068
0.0584917
0.0548474
0.0489716
0.0413276
0.0285505
0.0204754
0.0139629
0.00994961
0.00900114
0.011188
0.0159792
0.022351
0.029217
0.0355065
0.0401519
0.0421775
0.040822
0.0356864
0.0268556
0.014973
0.00103224
-0.0141856
-0.0300324
-0.0458903
-0.0611792
-0.0753513
-0.0879115
-0.0984392
-0.106638
-0.112387
-0.115802
-0.117271
-0.117394
-0.11672
-0.115522
-0.113842
-0.111526
-0.108247
-0.103525
-0.0967576
-0.0872764
-0.0745105
-0.0581569
-0.0383403
-0.0157154
0.0086649
0.0338365
0.0589533
0.0831913
0.105744
0.125855
0.142865
0.156283
0.165843
0.171463
0.173069
0.170751
0.164925
0.156394
0.146195
0.135112
0.123655
0.112166
0.100862
0.0898637
0.0792169
0.0689235
0.0589668
0.0493288
0.0400063
0.0310173
0.0224026
0.0142204
0.00654418
-0.000530862
-0.00687608
-0.012363
-0.0168956
-0.0204432
-0.0230648
-0.0249246
-0.0262494
-0.0272186
-0.0279523
-0.0285404
-0.0290453
-0.02951
-0.0299616
-0.0304194
-0.0308992
-0.0314181
-0.0319954
-0.0326526
-0.0334081
-0.0342725
-0.0352406
-0.036288
-0.0373797
-0.038503
-0.0396696
-0.0408942
-0.0421711
-0.0434575
-0.0446571
-0.045612
-0.0461036
-0.0458675
-0.0446216
-0.0421078
-0.0381319
-0.0325919
-0.0255469
-0.0172823
-0.0083379
0.000561055
0.00871287
0.0155337
0.0205464
0.0234108
0.0239733
0.0223161
0.0187827
0.0139677
0.00857811
0.00314052
-0.00200928
-0.00665972
-0.0106996
-0.0140971
-0.0168782
-0.0191023
-0.0208398
-0.0221542
-0.0230868
-0.0236505
-0.0238277
-0.0235764
-0.0228405
-0.0215655
-0.0197161
-0.0172947
-0.0143571
-0.0110215
-0.00746591
-0.0039016
-0.000507247
0.00261052
0.00539247
0.00781108
0.00986329
0.0115635
0.012937
0.0140143
0.0148272
0.0154057
0.0157767
0.0159644
0.0159908
0.0158769
0.0156436
0.0153131
0.0149079
0.0144494
0.0139546
0.013436
0.0129042
0.0123688
0.0118392
0.011324
0.0108315
0.0103681
0.0099366
0.00953655
0.00916535
0.00881945
0.0084949
0.00818777
0.00789442
0.00761171
0.00733706
0.00706846
0.00680439
0.00654375
0.00628583
0.0060302
0.00577664
0.00552512
0.00527571
0.00502859
0.00478399
0.00454213
0.00430328
0.00406766
0.00383551
0
