0.00133417
0.00134056
0.00134759
0.00135512
0.00136314
0.00137156
0.00138032
0.00138919
0.00139789
0.00140601
0.00141329
0.00141965
0.00142547
0.0014314
0.00143833
0.00144697
0.00145741
0.00146879
0.00148052
0.00149277
0.00150615
0.00152096
0.00153684
0.00155224
0.00156464
0.00157133
0.00157097
0.00156514
0.00155798
0.00155321
0.0015539
0.0015616
0.00157458
0.00158783
0.00159787
0.00160412
0.00160878
0.00161695
0.00163572
0.00167155
0.00172606
0.00179182
0.00185405
0.00189899
0.00191663
0.00190535
0.00187591
0.00184216
0.00181006
0.00178168
0.00175787
0.00173681
0.0017119
0.00166972
0.00159137
0.00145868
0.00126543
0.00102777
0.000774786
0.000520172
0.000268414
2.10274e-05
-0.000225056
-0.000474999
-0.000726181
-0.000974327
-0.00122228
-0.00147838
-0.00174161
-0.00200422
-0.0022577
-0.00249644
-0.00272274
-0.00294306
-0.00314846
-0.00331702
-0.00342971
-0.00348637
-0.00351212
-0.00352929
-0.0035273
-0.00347658
-0.00334796
-0.00313116
-0.00284477
-0.0025086
-0.002117
-0.001665
-0.00117248
-0.000682766
-0.000239574
0.000122985
0.000399443
0.000628827
0.000865299
0.00114252
0.00148756
0.00192353
0.0024542
0.00304677
0.00364053
0.00418442
0.00463694
0.00497605
0.00522535
0.00545408
0.00570752
0.00597372
0.00620974
0.00636687
0.00641592
0.00637347
0.0062991
0.00623103
0.00617806
0.00613497
0.00608746
0.00601626
0.00590228
0.0057351
0.00552337
0.00529694
0.00508772
0.00492463
0.00482952
0.00480298
0.00481538
0.00482852
0.0048208
0.00477539
0.00467601
0.0045152
0.00430747
0.00408805
0.0038766
0.00367415
0.0034733
0.00326192
0.00302705
0.0027603
0.00246674
0.00217342
0.0019306
0.00180045
0.00183092
0.00201788
0.00228723
0.00255733
0.00280863
0.00305558
0.00332121
0.00362596
0.00397762
0.0043649
0.00476298
0.00515876
0.00555023
0.00594194
0.00634286
0.0067598
0.00718624
0.00759385
0.00793945
0.00818263
0.00831193
0.00836685
0.00841174
0.0084689
0.0085376
0.00861474
0.00869781
0.0087851
0.00887088
0.00894172
0.00897657
0.00895503
0.00887287
0.00875732
0.00866266
0.00865563
0.00880335
0.00914268
0.00963485
0.0101667
0.0106569
0.011066
0.0113752
0.0115902
0.0117527
0.0119232
0.0120924
0.0121485
0.0119327
0.0113232
0.0103339
0.00916468
0.00805839
0.00713019
0.00639919
0.00580599
0.00523373
0.00463025
0.00405231
0.00360603
0.00337559
0.00335296
0.003402
0.0033376
0.00303812
0.00246915
0.00171977
0.000986857
0.000406523
1.96874e-05
-0.000211387
-0.000375935
-0.000500678
-0.000516442
-0.000332251
8.21484e-05
0.000648325
0.00124128
0.00177215
0.00216447
0.00235976
0.00236319
0.00228314
0.00229349
0.00251473
0.00300003
0.00370635
0.00448163
0.00517015
0.00566991
0.00592633
0.00595924
0.0058829
0.00582833
0.0058559
0.00598181
0.00618685
0.00639739
0.00647383
0.00622727
0.00548768
0.00421745
0.00261689
0.00103454
-0.000301307
-0.00124234
-0.00171283
-0.00179674
-0.00173947
-0.00171741
-0.00174681
-0.00179254
-0.00183282
-0.00188011
-0.00197107
-0.0021329
-0.00234038
-0.00248945
-0.00241122
-0.00194457
-0.00106117
-1.04115e-06
0.000656896
0.000139891
-0.00200354
-0.00531152
-0.00856918
-0.0109739
-0.0123661
-0.0130531
-0.013506
-0.0138607
-0.0141021
-0.0142701
-0.0144444
-0.01461
-0.0147216
-0.0147606
-0.0147379
-0.0146922
-0.0146762
-0.0147369
-0.0148871
-0.0150753
-0.015168
-0.0149631
-0.014257
-0.0129587
-0.0112296
-0.00943081
-0.00770974
-0.00608865
-0.0045835
-0.0032155
-0.00201514
-0.000987939
-9.145e-05
0.000688452
0.00127064
0.00158147
0.00165775
0.00164772
0.00164049
0.00165577
0.00169511
0.0017552
0.00182823
0.00189261
0.00190565
0.00180546
0.00153228
0.00106723
0.0004699
-0.00015517
-0.000753327
-0.00128488
-0.00169907
-0.00195155
-0.00203779
-0.00202608
-0.0020156
-0.00203388
-0.00206814
-0.00210059
-0.00211713
-0.00211477
-0.00210102
-0.00209125
-0.00210071
-0.0021355
-0.00218219
-0.00220313
-0.00214053
-0.00193716
-0.00156913
-0.00108535
-0.00059102
-0.000130093
0.000297267
0.000707322
0.00113139
0.00160751
0.00217029
0.00282919
0.00355229
0.0042716
0.00488638
0.00526853
0.00530776
0.00498663
0.00444402
0.00388606
0.00337332
0.00288497
0.00239237
0.00187824
0.00134925
0.000827258
0.000329772
-0.000164399
-0.000726832
-0.00146809
-0.00249325
-0.00383594
-0.00538412
-0.00692856
-0.00842386
-0.00994473
-0.0115977
-0.0134638
-0.0155297
-0.0176651
-0.019624
-0.0210586
-0.0216261
-0.0211873
-0.0200409
-0.0188207
-0.017764
-0.0168458
-0.015977
-0.0150426
-0.0139509
-0.0126583
-0.0111949
-0.00965357
-0.00821141
-0.00712681
-0.00666827
-0.0069704
-0.00784781
-0.00879061
-0.00937539
-0.00933639
-0.00854249
-0.0071008
-0.00534072
-0.00342807
-0.00126165
0.00125421
0.00399097
0.00657142
0.00863482
0.0099178
0.0103849
0.0103715
0.0103609
0.0104718
0.0105944
0.0105661
0.0102506
0.00962921
0.00883301
0.00805369
0.00742624
0.00703317
0.00688765
0.00689462
0.00689439
0.00685578
0.00684209
0.00694471
0.00723936
0.00773104
0.00833407
0.00894641
0.00953411
0.0101026
0.0106713
0.0112638
0.0118959
0.0125701
0.0132761
0.0139833
0.0146342
0.0151538
0.0154774
0.0155943
0.0155841
0.0155663
0.0155784
0.0156111
0.0156472
0.0156724
0.0156826
0.0156822
0.0156817
0.0156895
0.0157072
0.0157262
0.0157303
0.0157038
0.015644
0.0155712
0.0155314
0.0155804
0.0157496
0.0160004
0.016188
0.0160653
0.0153603
0.013927
0.0119428
0.00994212
0.00846941
0.00796263
0.00865863
0.0103573
0.012396
0.0142271
0.0156872
0.01681
0.0177465
0.0187009
0.0197674
0.0209279
0.0221205
0.0232782
0.0243579
0.0253521
0.0262814
0.0271506
0.0279518
0.0286861
0.0293837
0.0300934
0.0308125
0.0314544
0.0318815
0.031964
0.0316631
0.0311013
0.0304837
0.0298942
0.0293652
0.0289437
0.0286849
0.0286185
0.0286911
0.0287556
0.0286755
0.0283555
0.0277574
0.0269597
0.0261479
0.0254608
0.0250155
0.024915
0.0251832
0.025706
0.0263016
0.0269094
0.0274914
0.0279431
0.0280908
0.0277519
0.0268515
0.0255624
0.024232
0.0229252
0.0215243
0.019895
0.0179687
0.015822
0.0136237
0.0114923
0.00951428
0.00775596
0.00622089
0.00482076
0.00342579
0.00199511
0.00053286
-0.000953463
-0.00246561
-0.00401384
-0.00560815
-0.00724309
-0.0089112
-0.0106611
-0.0125647
-0.0146595
-0.0169025
-0.0191701
-0.0213765
-0.0234845
-0.0254792
-0.0273664
-0.0291476
-0.0307271
-0.0319194
-0.0325801
-0.0327525
-0.0327134
-0.03272
-0.0327387
-0.0325474
-0.0318764
-0.0305473
-0.0286443
-0.0265227
-0.0244739
-0.022704
-0.0214035
-0.0206903
-0.0204947
-0.0205245
-0.0205269
-0.0203826
-0.0199951
-0.0192619
-0.0181314
-0.0166976
-0.0151948
-0.0137426
-0.0123461
-0.0109853
-0.00964332
-0.0083092
-0.00696603
-0.00557741
-0.00407914
-0.00239632
-0.000489284
0.00159153
0.00371136
0.00572328
0.00744705
0.00869564
0.00937356
0.00960026
0.0097023
0.00986495
0.00997815
0.00977557
0.00898757
0.00750535
0.00551884
0.00340044
0.00137428
-0.000384819
-0.0016839
-0.00238715
-0.00253739
-0.00242942
-0.00239133
-0.00254734
-0.00290995
-0.00344343
-0.00405449
-0.00463347
-0.00519374
-0.00586978
-0.00683032
-0.00819002
-0.00990679
-0.0117711
-0.0136091
-0.0153746
-0.0170694
-0.0186872
-0.0201515
-0.0213035
-0.0219976
-0.0222347
-0.0222254
-0.0222085
-0.0222486
-0.0223255
-0.0224061
-0.0224639
-0.0224897
-0.0224892
-0.0224762
-0.0224647
-0.0224627
-0.0224694
-0.0224762
-0.0224717
-0.0224491
-0.0224129
-0.0223825
-0.0223879
-0.0224542
-0.0225783
-0.0227038
-0.0227102
-0.0224332
-0.0217282
-0.0205707
-0.0191365
-0.0176938
-0.0163359
-0.0150518
-0.0138032
-0.0125416
-0.0112306
-0.00987363
-0.00852468
-0.00727123
-0.00620323
-0.00536741
-0.00471507
-0.00411234
-0.00348096
-0.00281007
-0.00211566
-0.00142534
-0.000766152
-0.000155442
0.000413707
0.00098117
0.00162085
0.00242668
0.00347839
0.00479196
0.00626893
0.00775242
0.00926864
0.0109613
0.0129644
0.01529
0.0177553
0.0200486
0.0217204
0.0222935
0.0215196
0.0197061
0.0176969
0.0160858
0.0151181
0.014834
0.0150193
0.0152682
0.0153428
0.0151875
0.0148094
0.0142556
0.0136206
0.0130276
0.0124985
0.0120005
0.0114911
0.0109345
0.0103032
0.00957334
0.00869773
0.00754852
0.00596452
0.00386828
0.00135871
-0.00139728
-0.00442917
-0.00777706
-0.0112915
-0.0146153
-0.0174283
-0.0196364
-0.0213851
-0.022849
-0.0238731
-0.0242099
-0.023833
-0.0230634
-0.0223157
-0.0217768
-0.0215045
-0.0214755
-0.0215682
-0.0216317
-0.0216262
-0.0215741
-0.0215084
-0.0214555
-0.0214272
-0.0214229
-0.0214345
-0.0214526
-0.0214697
-0.0214808
-0.021483
-0.0214744
-0.0214555
-0.0214314
-0.0214135
-0.0214174
-0.0214558
-0.0215251
-0.0215922
-0.0215879
-0.021419
-0.0210056
-0.0203402
-0.0195236
-0.0186904
-0.0179223
-0.0172898
-0.0168631
-0.0166757
-0.0166712
-0.0167089
-0.0167126
-0.0166758
-0.0166124
-0.0165428
-0.0164877
-0.0164681
-0.0165
-0.0165842
-0.0166899
-0.0167435
-0.0166359
-0.0162611
-0.0155863
-0.0147131
-0.0138438
-0.0132166
-0.0131052
-0.0137336
-0.015111
-0.0168947
-0.0185741
-0.019934
-0.0209688
-0.0217917
-0.0225867
-0.0234158
-0.0241589
-0.0246156
-0.0246321
-0.0242246
-0.0236268
-0.0230903
-0.0226599
-0.0222175
-0.0215446
-0.0203919
-0.018602
-0.0162563
-0.013704
-0.0112602
-0.00905828
-0.00712265
-0.00538415
-0.00370333
-0.00199543
-0.000219807
0.00167205
0.00374158
0.00603093
0.00850138
0.0110108
0.0134052
0.0155356
0.017284
0.0186487
0.0198156
0.0210828
0.0227373
0.0250251
0.02804
0.0315395
0.0349535
0.0377839
0.0396184
0.0402176
0.0397732
0.0389289
0.0381775
0.0376056
0.0371441
0.0367079
0.036242
0.0357211
0.0351294
0.034431
0.033564
0.0324694
0.0311558
0.0297312
0.0283273
0.0271088
0.0262746
0.0259696
0.0261414
0.0264413
0.0263565
0.0254433
0.0234408
0.0204749
0.0171357
0.0140451
0.0116447
0.0102645
0.0100257
0.0106233
0.011401
0.0120855
0.0127962
0.0137428
0.015051
0.0166436
0.0183019
0.0198564
0.0211885
0.0222369
0.0230552
0.0237808
0.0244535
0.0250146
0.0253991
0.0255979
0.0256707
0.0256243
0.0253833
0.0248794
0.0241396
0.0233038
0.0224921
0.0217371
0.0210208
0.0202874
0.0194461
0.0183791
0.0169852
0.0152467
0.0132815
0.0112494
0.00915056
0.00692395
0.00456967
0.00219445
-1.846e-05
-0.00185169
-0.00313924
-0.00391055
-0.00445498
-0.0051287
-0.00624567
-0.00807787
-0.0107412
-0.0140058
-0.0173081
-0.0202231
-0.0225374
-0.0241911
-0.0253453
-0.0263011
-0.0270722
-0.0274387
-0.0272272
-0.0265293
-0.0256914
-0.0248897
-0.024214
-0.0237557
-0.0235697
-0.0236181
-0.0237416
-0.0237738
-0.0235994
-0.023146
-0.02242
-0.021547
-0.0207093
-0.0200621
-0.0197353
-0.0197865
-0.0201006
-0.0203447
-0.0200869
-0.0189482
-0.0167618
-0.0138028
-0.0108065
-0.00840368
-0.00679107
-0.0057825
-0.00495606
-0.00411546
-0.00329172
-0.00254724
-0.00185201
-0.00104212
8.85795e-05
0.00169727
0.00375358
0.00589503
0.00749696
0.00813603
0.00782331
0.00700763
0.00618906
0.00552071
0.00497867
0.00450166
0.00402831
0.00350707
0.00287542
0.00204566
0.000925435
-0.000527821
-0.00223131
-0.00398771
-0.00569364
-0.00735154
-0.00900656
-0.010724
-0.0125723
-0.0146062
-0.016855
-0.0193546
-0.0221499
-0.0251884
-0.0282856
-0.0312694
-0.0339985
-0.0363625
-0.0383486
-0.0401056
-0.0418622
-0.0437134
-0.0456618
-0.0476512
-0.0495303
-0.0510024
-0.051712
-0.0514264
-0.0502618
-0.0487234
-0.0472153
-0.0458369
-0.0445749
-0.0434062
-0.0423112
-0.0412542
-0.040161
-0.0389073
-0.037312
-0.0352001
-0.0325254
-0.029491
-0.0264538
-0.0236358
-0.0211834
-0.0191933
-0.0176223
-0.0162451
-0.0148012
-0.0131688
-0.0112982
-0.00918844
-0.00691792
-0.00464011
-0.00245403
-0.00035109
0.00173621
0.00388845
0.00615093
0.00845407
0.0105662
0.0121424
0.0128674
0.0126585
0.0118443
0.0109695
0.0102896
0.00989645
0.00983068
0.0100376
0.0103373
0.010476
0.0102211
0.0093801
0.00789415
0.00597825
0.00409343
0.00253341
0.00135489
0.000436794
-0.000470387
-0.00156064
-0.00286293
-0.00424232
-0.0054122
-0.005973
-0.00549909
-0.00381149
-0.00128787
0.00102492
0.00203151
0.00177873
0.00121829
0.00117336
0.00213726
0.0042718
0.00726172
0.0103424
0.0128613
0.0145943
0.0156921
0.0165773
0.0175998
0.0188753
0.0203741
0.021977
0.0235244
0.024856
0.0258289
0.026357
0.0264853
0.026386
0.0261509
0.0257366
0.025112
0.0243408
0.0235066
0.0226199
0.0216807
0.0207222
0.0198095
0.0189988
0.0182948
0.0176094
0.0167445
0.0154329
0.0134498
0.0107757
0.00773228
0.00481624
0.00227015
0.000162599
-0.00147343
-0.00269438
-0.00378203
-0.00520775
-0.00725863
-0.00996563
-0.0130902
-0.0162225
-0.0187583
-0.0199779
-0.0195231
-0.0180072
-0.016486
-0.0153224
-0.0144259
-0.0135821
-0.012567
-0.0112096
-0.00937522
-0.00688769
-0.00364489
0.000162935
0.00390453
0.00672057
0.0083653
0.00949175
0.0112472
0.014155
0.0179873
0.0219254
0.0250331
0.0266681
0.0266621
0.0256015
0.0246787
0.0246202
0.0254621
0.0267343
0.027757
0.0281548
0.0278532
0.0270619
0.0261346
0.0251076
0.0238203
0.0221389
0.0201147
0.0180013
0.015962
0.0141122
0.0125391
0.0112283
0.00999744
0.00852383
0.00648863
0.00367945
0.000142014
-0.00364772
-0.00695721
-0.00953869
-0.0116527
-0.013841
-0.0164555
-0.0195088
-0.0227254
-0.0256638
-0.0279877
-0.0295492
-0.0304975
-0.0311903
-0.0317063
-0.0319982
-0.0321138
-0.0321883
-0.0322335
-0.0321887
-0.0319943
-0.031581
-0.0308919
-0.0299482
-0.0289036
-0.0279609
-0.027191
-0.0265321
-0.0258204
-0.0248409
-0.0234294
-0.0215659
-0.0194783
-0.0176091
-0.0163177
-0.0157201
-0.0155893
-0.0152949
-0.0140961
-0.0117235
-0.00854199
-0.00534741
-0.0026027
-0.000506435
0.000853116
0.00147025
0.0015633
0.001563
0.00161045
0.00157971
0.00130092
0.000707875
-7.73714e-05
-0.000807658
-0.00130541
-0.00150946
-0.00152583
-0.00167487
-0.00238443
-0.00385621
-0.00592224
-0.00807506
-0.00986934
-0.0111513
-0.0120122
-0.0126688
-0.0131537
-0.0134227
-0.0135184
-0.013583
-0.0136874
-0.0138158
-0.0139208
-0.0139397
-0.0138193
-0.0135459
-0.0131862
-0.0128931
-0.0128493
-0.0132175
-0.014057
-0.0152076
-0.0163045
-0.0170619
-0.0173555
-0.0172311
-0.0169379
-0.0167805
-0.0168295
-0.0169584
-0.0169344
-0.0165267
-0.0156552
-0.0144814
-0.0134086
-0.0128195
-0.0127692
-0.0130201
-0.0133057
-0.0134282
-0.013196
-0.0124349
-0.0110803
-0.00930346
-0.00748613
-0.00585014
-0.00442268
-0.00313518
-0.00185588
-0.000462251
0.00100758
0.00234134
0.00325831
0.00358136
0.00342812
0.00323672
0.00348353
0.00459317
0.00688073
0.0104752
0.0152767
0.0206437
0.0256586
0.0299427
0.0335235
0.0366202
0.0393542
0.0415265
0.0429117
0.0434725
0.0432358
0.0423686
0.0413259
0.0404697
0.0398576
0.039365
0.038826
0.038127
0.037204
0.0360464
0.034727
0.0333791
0.032071
0.0307999
0.0295399
0.0282645
0.0269629
0.0256427
0.0243268
0.0230375
0.0217834
0.0205471
0.0192853
0.0179439
0.0164918
0.0149626
0.0134814
0.0122469
0.0114523
0.011144
0.0110705
0.0106535
0.00914378
0.00585565
0.0005746
-0.00593632
-0.0120802
-0.0167881
-0.0195293
-0.0203402
-0.0200738
-0.0198494
-0.0199378
-0.0201008
-0.0200349
-0.019549
-0.0187309
-0.0178917
-0.0172776
-0.0170001
-0.017001
-0.0170566
-0.0169996
-0.0167568
-0.0163325
-0.0158113
-0.0153241
-0.0149045
-0.0144248
-0.0136441
-0.0123126
-0.0103144
-0.00783632
-0.005323
-0.00304007
-0.00112467
0.000356337
0.00147761
0.00244677
0.00341256
0.00439454
0.00539373
0.00643853
0.00755863
0.00877069
0.0100517
0.011324
0.0125162
0.0135531
0.01431
0.0145517
0.0140333
0.0126948
0.0107575
0.00842501
0.00562512
0.00233582
-0.00115722
-0.00433927
-0.00666686
-0.0077056
-0.00739367
-0.00630593
-0.00535253
-0.00499263
-0.00534968
-0.00631018
-0.00748543
-0.0084232
-0.00882463
-0.00854137
-0.00762307
-0.00644384
-0.00560693
-0.00545754
-0.00605165
-0.00715067
-0.00832714
-0.00947223
-0.0106853
-0.0121037
-0.01387
-0.0162212
-0.0193408
-0.0231088
-0.0269176
-0.0298761
-0.0316171
-0.0324369
-0.0330023
-0.0335043
-0.0338506
-0.034
-0.0340619
-0.0342551
-0.0347534
-0.0356467
-0.0368394
-0.0379909
-0.0386987
-0.0389021
-0.0387594
-0.0382526
-0.0372383
-0.035682
-0.0338062
-0.0319547
-0.0302116
-0.0284919
-0.0266512
-0.0245571
-0.0221886
-0.0196411
-0.0170092
-0.0142856
-0.01143
-0.00844879
-0.00541213
-0.00238367
0.000581049
0.00341588
0.00606371
0.00850969
0.0108177
0.0130904
0.015275
0.0170999
0.0182212
0.018426
0.017866
0.0170526
0.0163348
0.0158668
0.0157532
0.0160427
0.0166721
0.0174308
0.0181338
0.0187895
0.0195119
0.0204244
0.0215999
0.0229938
0.0244532
0.025856
0.0271163
0.028136
0.0288058
0.0289884
0.0283846
0.0265326
0.0232202
0.0189225
0.0147451
0.0114096
0.00901112
0.00708656
0.00477292
0.00141159
-0.003302
-0.00913769
-0.0151976
-0.0203346
-0.0237321
-0.0250841
-0.0248837
-0.0243089
-0.024018
-0.0240898
-0.0244029
-0.0247824
-0.0250764
-0.0251915
-0.0251091
-0.0248547
-0.024483
-0.0240732
-0.0237246
-0.0234959
-0.0232459
-0.0225825
-0.0209982
-0.0181189
-0.0140307
-0.00945187
-0.00529363
-0.00209828
-6.65037e-05
0.00101171
0.00174373
0.00257322
0.00356548
0.00464073
0.00572226
0.00677961
0.00782799
0.00889391
0.00996125
0.0109272
0.0116037
0.0117875
0.0113836
0.0105534
0.00966806
0.00888517
0.00822298
0.00765925
0.00712593
0.00651223
0.00567288
0.00446729
0.00283232
0.000885509
-0.00107323
-0.00278606
-0.00409124
-0.00493197
-0.0054365
-0.00588093
-0.00640955
-0.00710329
-0.00804991
-0.00930591
-0.0108269
-0.012425
-0.0138682
-0.0148829
-0.0151889
-0.0146383
-0.0134138
-0.0120088
-0.0107125
-0.00958922
-0.00864163
-0.00784782
-0.00715617
-0.00647925
-0.00577135
-0.00504297
-0.00431147
-0.00357306
-0.0028068
-0.00199441
-0.00115478
-0.000370674
0.00021686
0.000466242
0.000334729
-1.44943e-05
-0.000221259
0.000127183
0.00141085
0.00379896
0.00698184
0.010231
0.0130872
0.0152587
0.0165359
0.0169442
0.0168563
0.0167698
0.0167729
0.0167379
0.0165374
0.0161386
0.0156197
0.0150408
0.0144616
0.0139584
0.0136029
0.013432
0.0134091
0.0134248
0.0133942
0.0133099
0.0132229
0.0132297
0.0134477
0.0139706
0.0148
0.0158269
0.0169577
0.0181377
0.019248
0.0200581
0.0202667
0.0196343
0.0181829
0.0162949
0.014384
0.0125476
0.0107485
0.00897014
0.00726528
0.00575973
0.00459254
0.00381602
0.00332828
0.00300019
0.00279495
0.00262519
0.0022515
0.00129775
-0.00061299
-0.00361541
-0.00731676
-0.0108826
-0.0138167
-0.0159253
-0.0172672
-0.0182359
-0.0193103
-0.0205805
-0.0218621
-0.0228727
-0.0233403
-0.0231514
-0.0224773
-0.0216926
-0.0209042
-0.0200461
-0.0190366
-0.0178538
-0.0165731
-0.0152771
-0.0140097
-0.012792
-0.0116228
-0.0104706
-0.00928304
-0.00802967
-0.00673766
-0.00549957
-0.00446307
-0.00378293
-0.00353669
-0.00361823
-0.00376111
-0.00381186
-0.00367462
-0.00325764
-0.00251634
-0.00151637
-0.000431737
0.000645181
0.00168879
0.00265955
0.00348111
0.00406359
0.00436368
0.00446243
0.00454099
0.00466251
0.00481692
0.00498338
0.00513825
0.00526423
0.0053483
0.0053849
0.00537859
0.0053472
0.00530896
0.00528383
0.00530375
0.00541307
0.0056516
0.00602632
0.00649338
0.00700486
0.00754994
0.00810634
0.00860229
0.00891628
0.00891604
0.00853584
0.00787281
0.00716288
0.00652293
0.00600379
0.00564984
0.00547912
0.00545231
0.0054654
0.00544907
0.00540556
0.00536637
0.00536306
0.0054131
0.00551077
0.00562673
0.00572651
0.00581905
0.00596514
0.00625451
0.00676361
0.00749541
0.00834073
0.00913942
0.00976517
0.0101266
0.0102002
0.0100825
0.0099474
0.00991711
0.0100932
0.0105598
0.0113185
0.0122422
0.0131301
0.0137331
0.0137604
0.0129921
0.0114722
0.00963396
0.00806856
0.00721275
0.00733868
0.0084475
0.0101219
0.0117734
0.0132043
0.0144375
0.0155269
0.0165181
0.0174038
0.0180544
0.0182091
0.0176701
0.0165212
0.015143
0.01381
0.0126709
0.0118516
0.0114355
0.0113881
0.0115076
0.0115609
0.011437
0.0110924
0.0105288
0.00982595
0.00912257
0.00847705
0.00786527
0.00723618
0.00654478
0.00578073
0.00498562
0.00425141
0.00370183
0.00344155
0.00347964
0.00367342
0.00378945
0.0035984
0.00289056
0.00154957
-0.000317371
-0.00238502
-0.00446637
-0.00664638
-0.00909301
-0.0118893
-0.0149034
-0.0177735
-0.0201279
-0.0217794
-0.0228221
-0.0235656
-0.0240823
-0.0242455
-0.023981
-0.0234124
-0.022775
-0.0221348
-0.0214705
-0.0207588
-0.0199917
-0.019185
-0.0183458
-0.0174494
-0.0164653
-0.0153959
-0.0143101
-0.0133531
-0.0126951
-0.0124564
-0.0126025
-0.0129082
-0.0131174
-0.0129499
-0.0121076
-0.0104059
-0.00797297
-0.00530437
-0.00287437
-0.000936757
0.000405438
0.0012323
0.00183527
0.00250582
0.00332252
0.00425562
0.00525064
0.00624744
0.0072015
0.00810137
0.00895188
0.00975907
0.0105301
0.0112728
0.0120086
0.0127785
0.0136292
0.0145631
0.0154739
0.0161463
0.016316
0.0157951
0.0146458
0.013298
0.0123335
0.0119832
0.0121134
0.0123558
0.0124284
0.0121916
0.0115946
0.0106992
0.00967942
0.00870123
0.00780194
0.00695533
0.00612609
0.00529566
0.004475
0.00367563
0.0028712
0.00196359
0.00076203
-0.000953089
-0.00327922
-0.00601541
-0.00865192
-0.0107185
-0.0119216
-0.0122353
-0.0120266
-0.0118493
-0.0119568
-0.0124099
-0.013182
-0.0141305
-0.0150442
-0.015818
-0.016416
-0.0168224
-0.0170585
-0.0171998
-0.0173708
-0.0176159
-0.0177864
-0.0176019
-0.0167785
-0.0151923
-0.0130705
-0.0109646
-0.00927874
-0.0081578
-0.00751167
-0.00703659
-0.00646537
-0.00567157
-0.00460799
-0.00328871
-0.001821
-0.00037336
0.000980411
0.00222986
0.00338509
0.00448452
0.00559727
0.00680596
0.00815219
0.00962374
0.0111496
0.0126331
0.0139498
0.0149591
0.0155595
0.0157765
0.0157968
0.0157967
0.015766
0.0156069
0.0152339
0.014638
0.0139027
0.0130819
0.0120903
0.0107954
0.00913801
0.00723994
0.00540171
0.00386751
0.00274222
0.00195749
0.00126535
0.000414041
-0.000748495
-0.00227283
-0.00406018
-0.00586216
-0.007433
-0.00852151
-0.00891623
-0.00858691
-0.00780839
-0.00700667
-0.0063616
-0.00592389
-0.00572056
-0.00573533
-0.00587981
-0.00601885
-0.00606944
-0.00594964
-0.00556038
-0.00483225
-0.00380268
-0.00264875
-0.00153599
-0.000457573
0.000692307
0.00203565
0.00364258
0.00545636
0.00727805
0.00887595
0.0100408
0.0106491
0.0107769
0.0107114
0.0106742
0.0107055
0.0107753
0.0108511
0.0109198
0.0109878
0.0110628
0.0111281
0.0111262
0.0109636
0.0105491
0.00985807
0.0089919
0.00812759
0.00737071
0.00678397
0.00640226
0.00620313
0.00608014
0.00590779
0.00576543
0.00589172
0.00656059
0.00794039
0.00991399
0.0120844
0.0141686
0.0160244
0.0175488
0.0186932
0.0195182
0.0202173
0.0209375
0.0216121
0.0220662
0.0221461
0.0218247
0.0212561
0.0206347
0.0200443
0.0195247
0.019122
0.0188801
0.0188129
0.0188648
0.0189382
0.0189774
0.0189312
0.018728
0.0183057
0.0176603
0.0168832
0.0160889
0.0153389
0.0146881
0.014206
0.0139472
0.0139002
0.013966
0.0140572
0.0141248
0.014103
0.0138929
0.0133957
0.0125788
0.0115558
0.0105404
0.00957398
0.00857144
0.00740582
0.00595246
0.00415252
0.00206663
-0.000163294
-0.00257305
-0.00543643
-0.00904988
-0.0134692
-0.0183303
-0.0230033
-0.0268559
-0.0293116
-0.0300751
-0.0295103
-0.0285841
-0.0278572
-0.0274391
-0.0273116
-0.027414
-0.027646
-0.0278447
-0.0278647
-0.027601
-0.0269789
-0.0259931
-0.02479
-0.0236153
-0.0225169
-0.0214001
-0.0201281
-0.0185722
-0.016688
-0.0145517
-0.0122791
-0.0099471
-0.00768605
-0.00573105
-0.004382
-0.0038731
-0.00417548
-0.00489821
-0.00561078
-0.00619225
-0.00667447
-0.00711511
-0.00756922
-0.00807271
-0.00863602
-0.00923964
-0.00985135
-0.010435
-0.0109549
-0.0113775
-0.0116788
-0.0118566
-0.0119174
-0.0117924
-0.0113507
-0.0105226
-0.00943065
-0.00838662
-0.00765499
-0.00743695
-0.00782497
-0.00867348
-0.00963573
-0.0105387
-0.0113946
-0.0122572
-0.0131542
-0.0140449
-0.0148234
-0.0153566
-0.0155648
-0.0155135
-0.0154047
-0.0153662
-0.015492
-0.0158733
-0.0165542
-0.0174696
-0.0184524
-0.0194172
-0.0203579
-0.0212764
-0.0221597
-0.0229822
-0.0237328
-0.0244508
-0.0252504
-0.0263011
-0.027759
-0.0296682
-0.0318481
-0.0339151
-0.0356001
-0.0368295
-0.0377173
-0.0384831
-0.0391258
-0.0394486
-0.0392617
-0.0385665
-0.0376508
-0.0368948
-0.0365109
-0.0365332
-0.0367808
-0.0368686
-0.0364308
-0.0352401
-0.0333106
-0.0309985
-0.0287989
-0.026892
-0.0252138
-0.0235634
-0.0216774
-0.0193782
-0.0166423
-0.013675
-0.0108608
-0.00849118
-0.00670741
-0.00543876
-0.00435167
-0.00306176
-0.0013697
0.000760682
0.00323502
0.00582916
0.00823505
0.0103384
0.0123548
0.0146226
0.017182
0.0195642
0.0210522
0.0212815
0.020507
0.0194909
0.0187386
0.0183946
0.018419
0.0186204
0.0187804
0.0188208
0.0187633
0.0186582
0.0185647
0.0185232
0.018552
0.018634
0.0187195
0.0187215
0.0185355
0.0180721
0.0173198
0.0164086
0.0155593
0.0147946
0.0139455
0.0128985
0.0119957
0.0120029
0.0136114
0.0167466
0.0202277
0.0222681
0.0222455
0.0209059
0.0197677
0.0196318
0.0206008
0.0223657
0.0245027
0.0267944
0.0290312
0.0309858
0.0325565
0.0337448
0.0346383
0.0353514
0.0358709
0.0362087
0.0364854
0.0368009
0.0371561
0.0374778
0.0376263
0.0374029
0.0365723
0.0350184
0.0329359
0.0308168
0.0290024
0.0276128
0.0266052
0.0258028
0.0250714
0.0243549
0.0235559
0.022478
0.0208681
0.0185485
0.0156033
0.012481
0.00973057
0.00765551
0.00629592
0.00540202
0.00457622
0.00361783
0.00241598
0.000875139
-0.00102161
-0.00312739
-0.0050717
-0.00636163
-0.00666743
-0.00599268
-0.00485302
-0.00408072
-0.00392549
-0.00410521
-0.00411106
-0.00364986
-0.00272114
-0.00160303
-0.000754419
-0.000416251
-0.000467126
-0.000480614
-2.14678e-05
0.00112967
0.0028806
0.0048275
0.00654713
0.0077712
0.00837788
0.00845983
0.00835476
0.00842115
0.00879031
0.00943324
0.0102206
0.0110176
0.0118286
0.01273
0.0137718
0.0149069
0.0159739
0.0167993
0.0172643
0.0173744
0.0172986
0.0172377
0.0172718
0.0174084
0.0176092
0.0177833
0.0177899
0.0174708
0.0167217
0.0155959
0.0143567
0.0133384
0.0127506
0.0126508
0.0128794
0.0130872
0.0130102
0.0124507
0.0112807
0.00955456
0.00752072
0.00535661
0.00309957
0.000836543
-0.00120797
-0.0027513
-0.0036232
-0.00389963
-0.00390652
-0.00384442
-0.00365718
-0.0032315
-0.00255743
-0.001778
-0.0010714
-0.000565169
-0.000325635
-0.000311099
-0.000367888
-0.000365485
-0.000269167
-0.000110786
2.25233e-05
2.95049e-06
-0.000300235
-0.000950884
-0.00186103
-0.00277653
-0.00343635
-0.00362972
-0.0032496
-0.00240718
-0.00144917
-0.000687442
-0.000255719
-0.000156624
-0.000258176
-0.000348703
-0.000357772
-0.000309502
-0.000249986
-0.000219634
-0.000229721
-0.000258289
-0.000259657
-0.00019071
-4.65112e-05
0.000105406
0.000111194
-0.000241626
-0.00113922
-0.00261081
-0.00442076
-0.00620039
-0.00778436
-0.00913139
-0.0102449
-0.0111654
-0.0118717
-0.0121578
-0.0118135
-0.0108665
-0.0096935
-0.00880159
-0.00851209
-0.00893306
-0.00987559
-0.0108842
-0.0116401
-0.012017
-0.0120179
-0.011802
-0.0116391
-0.0116994
-0.0120683
-0.0127616
-0.013676
-0.0146138
-0.015458
-0.0161868
-0.0168223
-0.0174199
-0.0180451
-0.0187446
-0.0195446
-0.0204456
-0.0214004
-0.0223083
-0.0230448
-0.0235083
-0.0236672
-0.023624
-0.0235806
-0.0236198
-0.0237328
-0.0238683
-0.0239355
-0.0238281
-0.0234579
-0.022813
-0.0220031
-0.0212093
-0.0205405
-0.0200539
-0.0197582
-0.0195787
-0.0193618
-0.0189817
-0.0183627
-0.0174829
-0.0163672
-0.0149909
-0.0132933
-0.0113145
-0.00923674
-0.00721108
-0.00526989
-0.00338205
-0.00148296
0.000487577
0.0025484
0.00466312
0.00673688
0.00863025
0.0102079
0.0114052
0.0123168
0.0131665
0.0140552
0.0150232
0.0161247
0.0174279
0.0190083
0.0208622
0.0228189
0.0245633
0.0257934
0.0262861
0.0260207
0.0252956
0.024517
0.0237287
0.0227837
0.0215621
0.0200896
0.0185651
0.0171892
0.0161567
0.0156099
0.0155227
0.0156687
0.0158327
0.0158906
0.0157195
0.015185
0.0142068
0.0128678
0.011426
0.0100814
0.00896855
0.00820764
0.00785891
0.00783582
0.00788531
0.00779363
0.00748477
0.00696776
0.00632206
0.00565429
0.00494409
0.0040618
0.00287761
0.0013675
-0.000309227
-0.0018845
-0.00318955
-0.004166
-0.00488036
-0.00552467
-0.00624508
-0.00697707
-0.00750749
-0.00758313
-0.0070395
-0.00595845
-0.00469634
-0.00358717
-0.00277666
-0.00226285
-0.00190321
-0.00146678
-0.000708449
0.000600601
0.00258025
0.0050949
0.00772512
0.0100709
0.0119318
0.0132988
0.0144016
0.0157075
0.0176618
0.0203742
0.0235479
0.0266251
0.0293413
0.0317956
0.0341905
0.036563
0.0387891
0.0406544
0.0419155
0.0424568
0.0424925
0.0425025
0.0426754
0.0429906
0.0433517
0.0436407
0.0438086
0.0438725
0.0438897
0.0438896
0.0438449
0.043695
0.0433851
0.0429101
0.0423416
0.0417613
0.0411291
0.0403251
0.0392297
0.0378005
0.0361407
0.0344301
0.0327499
0.0311358
0.0296298
0.0282674
0.0270508
0.0259044
0.0246904
0.0233298
0.0218021
0.0201422
0.0184273
0.0166707
0.014847
0.0129693
0.0111434
0.00958124
0.00855036
0.00824672
0.00861674
0.00931065
0.0100242
0.0106318
0.0110397
0.0111331
0.0108224
0.0101438
0.00930891
0.00854843
0.00804502
0.00797438
0.00845733
0.00944398
0.0106593
0.0118266
0.012905
0.0139829
0.0151746
0.0165655
0.0181524
0.0198261
0.0214302
0.0227796
0.0236956
0.0240888
0.0240693
0.0238958
0.0236201
0.0232012
0.0226606
0.0220755
0.0214325
0.0206696
0.0197459
0.0186718
0.0175305
0.016414
0.0153096
0.0141178
0.0127074
0.0109738
0.00892835
0.0067285
0.00455816
0.00256708
0.000897829
-0.000352758
-0.00121471
-0.00188613
-0.00256673
-0.00328833
-0.00400075
-0.00465305
-0.00522665
-0.00574563
-0.00623327
-0.00670948
-0.00719643
-0.00771976
-0.00830099
-0.00894826
-0.00964118
-0.0103377
-0.0110152
-0.0116653
-0.0122841
-0.0128767
-0.0134593
-0.0140525
-0.0146629
-0.0152866
-0.0159101
-0.0165152
-0.0170842
-0.0176136
-0.0181265
-0.0186836
-0.019377
-0.0203002
-0.0214936
-0.0228807
-0.0242877
-0.0256283
-0.0268679
-0.0279827
-0.0289673
-0.0298429
-0.0306178
-0.0312186
-0.031568
-0.0316818
-0.0316869
-0.0316884
-0.031709
-0.0317406
-0.0317721
-0.0317991
-0.0318245
-0.0318532
-0.0318838
-0.0319008
-0.0318721
-0.0317534
-0.0315038
-0.0311062
-0.0305882
-0.0299799
-0.029155
-0.0278757
-0.0259637
-0.0234863
-0.0208262
-0.0184211
-0.0166014
-0.015575
-0.0153096
-0.0154606
-0.0156513
-0.0157562
-0.0157285
-0.0154719
-0.0148468
-0.0137446
-0.0122218
-0.010537
-0.00890577
-0.0073934
-0.0060072
-0.00472875
-0.00350865
-0.00228543
-0.00103408
0.000266584
0.00165265
0.00315908
0.00478087
0.00643652
0.00797192
0.00920083
0.00995721
0.0101961
0.0100915
0.00993945
0.00989192
0.010042
0.0104877
0.0112929
0.0124181
0.013705
0.0150588
0.0164987
0.0180404
0.0196396
0.0212391
0.0227993
0.0242925
0.0257169
0.0271084
0.0285166
0.0300012
0.0316205
0.0333915
0.0352384
0.0369685
0.0383182
0.0390363
0.039015
0.0384603
0.0378214
0.0372676
0.0368029
0.0364247
0.0361437
0.0359876
0.0359555
0.0359895
0.0360116
0.0359787
0.0358463
0.0355615
0.0350862
0.0344379
0.0336685
0.0327153
0.031449
0.0298226
0.027992
0.0263068
0.0250517
0.0243932
0.0242968
0.0244619
0.0245265
0.0243017
0.0237158
0.022799
0.0217138
0.0206651
0.0197153
0.0188409
0.0179951
0.0171312
0.0162239
0.0152719
0.0142981
0.0133493
0.0124984
0.0118483
0.011482
0.0113937
0.0114534
0.0115067
0.0114881
0.0113853
0.0112182
0.0110503
0.0109891
0.0111689
0.0116931
0.01255
0.013538
0.0143235
0.0146326
0.0143164
0.0134475
0.0124078
0.0116918
0.0114761
0.0116082
0.0116786
0.0112206
0.00998686
0.00805094
0.00583619
0.00382771
0.00225205
0.00113062
0.00033335
-0.000297807
-0.000734424
-0.000914066
-0.00091791
-0.0010219
-0.00153565
-0.00264246
-0.00429392
-0.00617237
-0.00791997
-0.00926252
-0.00999041
-0.0100467
-0.00968236
-0.00943251
-0.00971815
-0.0108359
-0.0128985
-0.0156406
-0.0184609
-0.0209724
-0.0230617
-0.0247618
-0.0262495
-0.0277524
-0.0292763
-0.0306846
-0.0318411
-0.0327047
-0.0333849
-0.0340284
-0.034694
-0.0353897
-0.0361082
-0.036831
-0.0375401
-0.0382277
-0.0389088
-0.0396139
-0.0403778
-0.0412167
-0.0421069
-0.0429778
-0.0436971
-0.0440783
-0.043936
-0.0431881
-0.041883
-0.0399771
-0.0373666
-0.0342121
-0.0310099
-0.0281953
-0.0261676
-0.0252221
-0.0252904
-0.0257411
-0.0256396
-0.0244574
-0.0221142
-0.0190439
-0.0160435
-0.0134732
-0.0113573
-0.00954456
-0.00774814
-0.00571925
-0.00339988
-0.000919567
0.00145424
0.00344025
0.00489994
0.00588332
0.00652605
0.00684564
0.00689919
0.0068854
0.00699076
0.00731159
0.00788025
0.00864308
0.00945642
0.010208
0.0108683
0.011448
0.0119798
0.0125107
0.0130696
0.01364
0.0141766
0.0146272
0.0149528
0.0151493
0.0152554
0.0152945
0.015176
0.0147672
0.0140021
0.0129823
0.0119645
0.0111229
0.0105642
0.010332
0.0103441
0.0104127
0.0104353
0.0104021
0.0103314
0.0102473
0.0101711
0.0101241
0.0101275
0.0101968
0.0103246
0.0104604
0.0104991
0.0102972
0.0097307
0.0087871
0.0076484
0.00662799
0.00596552
0.00580903
0.00616497
0.00682121
0.00747719
0.00803538
0.00851752
0.00896788
0.00943217
0.00993935
0.0105018
0.0111082
0.0117222
0.0122857
0.0127316
0.0130065
0.0131061
0.0131002
0.0130889
0.013097
0.0131062
0.0130913
0.0130357
0.0129435
0.0128372
0.0127307
0.0126043
0.0124154
0.0121214
0.011708
0.0112195
0.0107507
0.0103664
0.0100417
0.00966127
0.00903286
0.00794772
0.00628622
0.0041567
0.00188875
-0.000288394
-0.00226943
-0.00399126
-0.00544482
-0.00671477
-0.00796795
-0.00928256
-0.010648
-0.0120229
-0.0133654
-0.0146492
-0.0158757
-0.0170757
-0.0183019
-0.0196181
-0.0210813
-0.0227078
-0.024441
-0.0261643
-0.0278146
-0.029407
-0.0310219
-0.0327844
-0.0348185
-0.0371655
-0.0397081
-0.0421721
-0.0441821
-0.0453211
-0.045305
-0.0442501
-0.0427359
-0.0412729
-0.0400796
-0.0392792
-0.0389539
-0.0390698
-0.0394008
-0.0396269
-0.0394671
-0.0386464
-0.0369679
-0.0345046
-0.0316637
-0.0288375
-0.0262719
-0.0242185
-0.0229289
-0.0225071
-0.022692
-0.0229127
-0.0228855
-0.0224954
-0.0216694
-0.0204379
-0.0189878
-0.0175811
-0.0163195
-0.0152264
-0.0143065
-0.0135327
-0.0128236
-0.0120853
-0.0113081
-0.0105253
-0.0097664
-0.00904051
-0.00832391
-0.00756376
-0.00669282
-0.00566175
-0.00447821
-0.00321818
-0.00195017
-0.000706822
0.000485769
0.00159748
0.00260667
0.00352264
0.00439865
0.00529142
0.006217
0.00716435
0.00810676
0.00900475
0.00981689
0.0105174
0.0111217
0.0116933
0.0123062
0.0130194
0.0138762
0.014886
0.0160006
0.0171243
0.0182215
0.0194115
0.0209067
0.0228973
0.0254115
0.0281937
0.0307875
0.0328158
0.0340326
0.0344248
0.0343388
0.0342617
0.0343358
0.0344899
0.0346014
0.034548
0.0342645
0.0337711
0.0331672
0.0325159
0.031749
0.0307326
0.0293691
0.0276977
0.0259191
0.0242151
0.0226562
0.0212415
0.0199128
0.0185828
0.0172415
0.0159958
0.0150104
0.0144205
0.0142296
0.0142608
0.0143074
0.0142997
0.014238
0.0141407
0.0140354
0.0139555
0.0139387
0.0140156
0.0141865
0.01439
0.0144826
0.0142515
0.0134865
0.0121046
0.010301
0.00849974
0.00692952
0.00567585
0.0047479
0.00403624
0.00335963
0.00267187
0.00205858
0.00162758
0.00142943
0.00139857
0.00140805
0.00140518
0.00138494
0.00135391
0.00132527
0.00130926
0.00131141
0.00132835
0.00134928
0.00135732
0.00133744
0.00128562
0.00122136
0.00119362
0.00127693
0.00154544
0.0020313
0.00267276
0.00333612
0.00397071
0.00457828
0.00516788
0.00575003
0.00633142
0.00691958
0.00752222
0.008152
0.00882486
0.0095524
0.0103279
0.011121
0.0118993
0.0126544
0.0133934
0.014131
0.0148828
0.0156533
0.0164127
0.0170756
0.0175331
0.0177167
0.0176736
0.0176068
0.0177819
0.0183831
0.0194563
0.0208294
0.022155
0.0232479
0.0241138
0.0247818
0.025158
0.0250973
0.0245406
0.0235502
0.022103
0.0201002
0.0176378
0.0151582
0.0132264
0.0120068
0.0112545
0.0105877
0.00989025
0.00918
0.00843915
0.00755643
0.0063099
0.00445661
0.00190796
-0.00106166
-0.00385816
-0.00607282
-0.00751358
-0.0082515
-0.00870091
-0.00936789
-0.0105633
-0.0124298
-0.0149147
-0.0176944
-0.0203513
-0.0227457
-0.0249269
-0.027019
-0.0291542
-0.0313107
-0.0332115
-0.0344354
-0.0346336
-0.033792
-0.0323714
-0.0309358
-0.0297387
-0.0288811
-0.0284112
-0.0282835
-0.0283223
-0.0283205
-0.0282664
-0.0282421
-0.0283081
-0.0284411
-0.0285001
-0.0282438
-0.0274198
-0.025909
-0.0238974
-0.021816
-0.0198586
-0.0180669
-0.0164489
-0.0149729
-0.0135612
-0.012116
-0.0106575
-0.00927914
-0.00808128
-0.00711633
-0.00633731
-0.00562006
-0.00493072
-0.0043324
-0.0039134
-0.00372197
-0.00370258
-0.00371583
-0.00370762
-0.00367936
-0.00364393
-0.00361716
-0.00360819
-0.00361704
-0.00363388
-0.00364274
-0.00362835
-0.00358591
-0.00353173
-0.00350886
-0.00358273
-0.00381863
-0.00424478
-0.00480728
-0.00538965
-0.0059495
-0.0064907
-0.00702191
-0.0075491
-0.00806901
-0.00857482
-0.00906252
-0.00953951
-0.0100176
-0.0104975
-0.0109729
-0.0114382
-0.0118925
-0.0123446
-0.0128128
-0.0133203
-0.0138835
-0.0145029
-0.0151386
-0.0156926
-0.0160181
-0.0159719
-0.0155043
-0.014746
-0.0139438
-0.0132631
-0.0128403
-0.0128044
-0.0132027
-0.0139059
-0.0146373
-0.01527
-0.0157609
-0.0160782
-0.0162172
-0.0162301
-0.01623
-0.0162878
-0.0163878
-0.0164655
-0.0164386
-0.0162387
-0.0158485
-0.0153392
-0.0148502
-0.0144628
-0.0141591
-0.0138269
-0.0132684
-0.0122589
-0.0106531
-0.00853615
-0.00624214
-0.00407264
-0.00227963
-0.00110316
-0.000673482
-0.000846283
-0.00122172
-0.00157659
-0.00170332
-0.00127034
9.08678e-05
0.00258118
0.0059338
0.00940452
0.0124122
0.0146343
0.0159392
0.0165085
0.0168287
0.0172552
0.0178362
0.0185048
0.0191911
0.0198626
0.020522
0.0211811
0.0218324
0.0224532
0.0229989
0.0234113
0.0236514
0.0237457
0.023788
0.0238313
0.0238413
0.0237449
0.023479
0.0230358
0.0224906
0.0219477
0.0214181
0.020846
0.0201527
0.0192743
0.0182095
0.0170417
0.0158673
0.014719
0.0135933
0.0124756
0.0113462
0.0101868
0.00898515
0.00773825
0.00646304
0.00521207
0.00407336
0.00314746
0.00249395
0.00206958
0.00173493
0.00133405
0.000653871
-0.000559828
-0.00248763
-0.00506739
-0.00790854
-0.0105587
-0.0128176
-0.0146656
-0.0162253
-0.0176863
-0.0190141
-0.0199843
-0.020383
-0.0201946
-0.0196883
-0.0191693
-0.0187019
-0.0182108
-0.0175818
-0.0167179
-0.0156055
-0.0143412
-0.0130541
-0.0118148
-0.0106655
-0.00963395
-0.00872078
-0.00787939
-0.00703525
-0.00618214
-0.00535958
-0.00461288
-0.00396826
-0.00340901
-0.00289421
-0.00240571
-0.00192382
-0.00140506
-0.000789879
-3.04189e-05
0.00085885
0.00176134
0.00246465
0.0026813
0.00214509
0.000784259
-0.0011264
-0.00313522
-0.00505642
-0.00681702
-0.00831718
-0.00945031
-0.0101767
-0.0106288
-0.0110689
-0.0117096
-0.0127655
-0.0144408
-0.0167944
-0.0196067
-0.0224839
-0.0251877
-0.0275255
-0.0292974
-0.0303993
-0.0309768
-0.0314335
-0.0320585
-0.0330022
-0.0343517
-0.0360853
-0.0379889
-0.039686
-0.0409217
-0.0415851
-0.0417466
-0.0416887
-0.0416781
-0.0417411
-0.0417712
-0.0416412
-0.0412716
-0.0406953
-0.0400368
-0.0393589
-0.0386877
-0.0380501
-0.0374699
-0.0369546
-0.0364624
-0.0358653
-0.0349524
-0.033507
-0.031436
-0.0289276
-0.0264127
-0.0241541
-0.0222906
-0.0208791
-0.0198175
-0.0188534
-0.0178009
-0.0166395
-0.0154336
-0.0142842
-0.0132986
-0.0125543
-0.0120558
-0.0117047
-0.0113563
-0.0109497
-0.0104812
-0.00997623
-0.00948866
-0.00909633
-0.00888823
-0.00893104
-0.00921995
-0.00965523
-0.010137
-0.010653
-0.0112007
-0.0117159
-0.0120531
-0.0120125
-0.0114293
-0.0103065
-0.00888145
-0.00741262
-0.0059586
-0.00450719
-0.00308612
-0.001792
-0.000775235
-0.000164309
4.25898e-05
3.54542e-05
2.62341e-05
6.91111e-05
0.000140265
0.000206218
0.000242993
0.000248657
0.000239984
0.000243564
0.000278267
0.000339009
0.000383712
0.000335606
0.000106282
-0.000357652
-0.00101611
-0.00173171
-0.00239516
-0.0029357
-0.00330222
-0.00348315
-0.00353903
-0.003592
-0.00370211
-0.00380712
-0.00376367
-0.00340587
-0.00262688
-0.00148043
-0.000183813
0.00110081
0.00226801
0.00320273
0.00379709
0.00401315
0.00397356
0.00392314
0.00394785
0.0040319
0.00413888
0.004225
0.00425609
0.0042139
0.00411002
0.00399657
0.00397336
0.00417265
0.00471369
0.00562684
0.00678815
0.00799956
0.00918836
0.0103325
0.011388
0.0122867
0.0129647
0.0134231
0.0137639
0.0141139
0.014529
0.0150252
0.0155874
0.0161511
0.0165905
0.0167378
0.0164492
0.0157152
0.0147416
0.0138549
0.0133602
0.0135305
0.0145109
0.0161352
0.0179282
0.0195386
0.0207682
0.0214811
0.0216561
0.02149
0.0213546
0.0214254
0.0217505
0.0223262
0.023068
0.0238273
0.0245059
0.0250546
0.0254334
0.0256225
0.0256567
0.0256346
0.0256231
0.0256266
0.0256355
0.0256533
0.0256981
0.0257873
0.0259108
0.0260051
0.0259457
0.0255752
0.0247746
0.0235641
0.022149
0.0207468
0.0194027
0.0180699
0.0166865
0.0152134
0.0136641
0.0121054
0.0106544
0.00944719
0.00857453
0.00799083
0.00749288
0.00686039
0.00588521
0.00439564
0.00236298
7.20367e-06
-0.00228238
-0.00421229
-0.00556372
-0.00622597
-0.00633086
-0.0062567
-0.00627917
-0.00641826
-0.00657053
-0.00659795
-0.00638669
-0.00590185
-0.00522512
-0.00450543
-0.00384065
-0.00330131
-0.00294661
-0.00279768
-0.0028005
-0.00283458
-0.00283809
-0.00281004
-0.00276688
-0.00272531
-0.00269499
-0.00267957
-0.00267957
-0.0026951
-0.00272489
-0.00276196
-0.00278794
-0.00277096
-0.00267187
-0.00246146
-0.00214575
-0.00177725
-0.0014098
-0.00105146
-0.000688937
-0.000310818
8.05706e-05
0.000462019
0.000791818
0.00102421
0.00113453
0.00114905
0.00114011
0.00114807
0.00117454
0.00120543
0.00122141
0.00120846
0.00116741
0.00112303
0.00112613
0.00124417
0.00153424
0.00200321
0.00258378
0.00319092
0.00378114
0.00431485
0.00473551
0.0049875
0.0050544
0.00500052
0.00494146
0.00495127
0.00508734
0.00539976
0.00589615
0.00651671
0.00717763
0.00781769
0.00835157
0.00865635
0.00861536
0.00819957
0.00754324
0.00687032
0.00628985
0.00584854
0.00557324
0.00544924
0.00539679
0.00527779
0.00500907
0.00468088
0.00454188
0.00492662
0.00611353
0.00811595
0.0104718
0.0123451
0.0131988
0.0128968
0.0117993
0.0106214
0.00962623
0.00878573
0.00801566
0.00724015
0.00644326
0.0056603
0.00494906
0.00433424
0.00378572
0.00326694
0.00275725
0.00222385
0.00161734
0.000885525
4.78264e-06
-0.000992068
-0.00203842
-0.00310345
-0.00415023
-0.00510378
-0.00585933
-0.00632506
-0.00649077
-0.00648449
-0.00649183
-0.00656371
-0.00665932
-0.00670246
-0.00660526
-0.00630766
-0.00581647
-0.00522365
-0.00463266
-0.00408184
-0.00356989
-0.00307917
-0.00258049
-0.00204233
-0.0014415
-0.0007841
-0.000124334
0.000428717
0.000731166
0.000658896
0.000192439
-0.000517122
-0.00124854
-0.00194987
-0.00266997
-0.00347609
-0.00441783
-0.00551142
-0.00678465
-0.00826634
-0.00991031
-0.011574
-0.0131059
-0.0143374
-0.0151131
-0.0153899
-0.0153262
-0.0151849
-0.0150735
-0.0150509
-0.0152208
-0.0157172
-0.0166387
-0.0179341
-0.0193716
-0.0207426
-0.0219564
-0.0229764
-0.0238101
-0.0245351
-0.0252778
-0.0260746
-0.0268637
-0.0275381
-0.027993
-0.0281829
-0.0281789
-0.0281405
-0.0281323
-0.0281553
-0.0281965
-0.0282383
-0.0282691
-0.0282828
-0.0282793
-0.0282618
-0.0282373
-0.0282159
-0.0282107
-0.0282331
-0.0282837
-0.0283408
-0.0283535
-0.0282471
-0.0279499
-0.0274396
-0.0267788
-0.026067
-0.0253867
-0.0248373
-0.0245329
-0.0245393
-0.0247828
-0.0249968
-0.02481
-0.0238595
-0.0219214
-0.0191164
-0.0159451
-0.0128064
-0.00980318
-0.00694364
-0.00425397
-0.0018028
0.000334552
0.00217442
0.00386938
0.00554413
0.00712804
0.00846881
0.00946172
0.0101542
0.0107675
0.0115339
0.012651
0.0142505
0.0162961
0.0185396
0.0206835
0.022465
0.0236364
0.0240509
0.02382
0.0233399
0.0229199
0.0226281
0.0224348
0.0222872
0.0221214
0.0218548
0.0213787
0.0205786
0.0193898
0.0178816
0.016251
0.0145999
0.0129548
0.0113732
0.00997763
0.00893327
0.00836305
0.00822537
0.00828251
0.00833818
0.0083325
0.00824156
0.00803106
0.00766561
0.00714656
0.00654161
0.00593401
0.00536491
0.00487019
0.00449588
0.00427601
0.00419651
0.00417818
0.00414756
0.0041111
0.00412105
0.00423608
0.00449179
0.00486703
0.005291
0.00572745
0.00617483
0.00662972
0.00706967
0.00744773
0.00770882
0.00782248
0.00782719
0.00784852
0.00803594
0.00847131
0.00913984
0.00992456
0.0107035
0.0114487
0.012179
0.0129168
0.013669
0.0144161
0.0151159
0.0157206
0.0162057
0.0166011
0.0169795
0.0173644
0.01775
0.0181299
0.0185062
0.0188959
0.0193279
0.0198325
0.0204227
0.0210756
0.0217444
0.0224296
0.0231817
0.0240634
0.025111
0.0262964
0.0275472
0.0288137
0.0300298
0.0310865
0.0318588
0.0322661
0.0323596
0.0323341
0.0323402
0.0324005
0.0324822
0.0325421
0.0325502
0.0325043
0.0324355
0.0324015
0.0324628
0.0326438
0.0328869
0.0330212
0.032774
0.0318559
0.0301152
0.027731
0.0251828
0.022742
0.0204335
0.0181882
0.0159008
0.0134763
0.0108631
0.00809259
0.00529081
0.00269285
0.000597974
-0.000752664
-0.00136501
-0.0016187
-0.00208891
-0.00327632
-0.00556287
-0.00904295
-0.013254
-0.0172457
-0.0203781
-0.0225038
-0.023915
-0.0251763
-0.026476
-0.0276073
-0.0282484
-0.028196
-0.0275858
-0.0268341
-0.0261161
-0.0254459
-0.0248049
-0.0241582
-0.023482
-0.0227657
-0.0220176
-0.0212571
-0.0205096
-0.0197933
-0.0191069
-0.0184159
-0.0176547
-0.0167441
-0.0156289
-0.0143281
-0.0129504
-0.0116072
-0.0103716
-0.00929461
-0.00839546
-0.0076307
-0.00690269
-0.00616919
-0.00548939
-0.00497057
-0.00471056
-0.00473321
-0.00498832
-0.00547845
-0.00616384
-0.00690588
-0.00758452
-0.00810416
-0.00838897
-0.00842931
-0.00834812
-0.00839605
-0.00878852
-0.00962879
-0.0108552
-0.0122353
-0.0135734
-0.014797
-0.0158867
-0.0168497
-0.0177353
-0.0186471
-0.0197074
-0.0210028
-0.0225735
-0.0243947
-0.02644
-0.0287947
-0.0314997
-0.0343736
-0.0370024
-0.0389655
-0.0399443
-0.0398892
-0.0391942
-0.0384227
-0.0376888
-0.0368705
-0.0358713
-0.0347266
-0.0336428
-0.0328484
-0.0324635
-0.0324126
-0.0324537
-0.0324463
-0.032377
-0.0322801
-0.0322083
-0.0322051
-0.0322855
-0.032413
-0.0324918
-0.0323768
-0.0319226
-0.0310622
-0.0299062
-0.0287259
-0.0277021
-0.0268838
-0.0262305
-0.0256336
-0.0250088
-0.0243265
-0.0235759
-0.0227417
-0.0218037
-0.0207301
-0.0194484
-0.0179038
-0.0161578
-0.0144013
-0.0128104
-0.0115042
-0.0105309
-0.00980851
-0.00913514
-0.00837737
-0.00756054
-0.00680601
-0.00626796
-0.00605478
-0.00613727
-0.0062809
-0.00611007
-0.00531341
-0.00375456
-0.0016158
0.000641446
0.00273575
0.00447538
0.00567982
0.00626954
0.00638994
0.00646593
0.00692119
0.00785332
0.00905602
0.0101255
0.0107381
0.0108432
0.0106677
0.0105801
0.0108227
0.011503
0.0125789
0.0138418
0.0150769
0.0162178
0.0172771
0.0182843
0.0192577
0.0201851
0.0210472
0.0218347
0.0225268
0.0230983
0.0235597
0.0239752
0.0244046
0.0247289
0.0246514
0.0238346
0.0220951
0.0196377
0.0170452
0.0147379
0.0129034
0.0115915
0.0106803
0.00992254
0.00924033
0.00880981
0.00885014
0.00941785
0.0102707
0.0109885
0.0113181
0.0111794
0.0106746
0.0100592
0.00945172
0.0087248
0.00764712
0.00604577
0.00396767
0.00171347
-0.00041642
-0.00215595
-0.00327134
-0.00367199
-0.0035654
-0.00339638
-0.00335582
-0.00348685
-0.00381592
-0.00434565
-0.00502829
-0.00574592
-0.00640028
-0.00694257
-0.00734058
-0.00757816
-0.00768507
-0.00774401
-0.00780739
-0.00781702
-0.00766176
-0.00725135
-0.00658617
-0.00579283
-0.00503412
-0.00440162
-0.0039362
-0.00363215
-0.00342448
-0.00324222
-0.00310489
-0.00306328
-0.00312182
-0.00319076
-0.00308475
-0.00261342
-0.00166328
-0.000309048
0.00117678
0.00257288
0.00372394
0.00449452
0.00481774
0.00478664
0.00465052
0.00456474
0.00459377
0.00479627
0.00522849
0.00590569
0.00673761
0.00755188
0.00828606
0.00895144
0.00958234
0.0102287
0.0109387
0.0117266
0.0125066
0.0130878
0.0132263
0.012733
0.0116213
0.0101815
0.00875049
0.00745808
0.00632895
0.00535341
0.00448153
0.00363036
0.00274723
0.00182836
0.000880747
-9.61272e-05
-0.0011091
-0.00216026
-0.00323317
-0.0042897
-0.00528361
-0.0062198
-0.00726105
-0.00869208
-0.0107927
-0.0136508
-0.0169482
-0.019936
-0.021864
-0.0223574
-0.0216166
-0.020408
-0.0193773
-0.0187431
-0.0185136
-0.0185855
-0.0187611
-0.0188462
-0.0188159
-0.0187407
-0.0186974
-0.0187226
-0.0187786
-0.0187505
-0.0184725
-0.0177944
-0.0166712
-0.0152289
-0.0136315
-0.0118069
-0.00960179
-0.00698591
-0.00416502
-0.00150622
0.000732889
0.00243397
0.00367638
0.0047442
0.00585458
0.0070466
0.00828552
0.00952818
0.0107492
0.0119496
0.0131514
0.0143868
0.0156803
0.0170316
0.0184217
0.019864
0.0214155
0.0231293
0.0249986
0.0269142
0.0286921
0.0301741
0.0312719
0.0320284
0.0326421
0.0332914
0.0339567
0.0344952
0.0347363
0.0345652
0.0340208
0.0332939
0.0325023
0.0316026
0.030508
0.0291893
0.0277271
0.026239
0.0247891
0.0234076
0.0220949
0.0207946
0.0193757
0.017627
0.0153335
0.0124
0.00900737
0.0055795
0.00237182
-0.00057294
-0.00330651
-0.00594045
-0.00849926
-0.0106133
-0.0117262
-0.0114975
-0.0102004
-0.00897464
-0.00939676
-0.0124007
-0.017825
-0.0240141
-0.0284062
-0.0300192
-0.0296043
-0.0288293
-0.0284455
-0.028502
-0.0288417
-0.0292215
-0.0294768
-0.0295559
-0.0295412
-0.0295863
-0.0298504
-0.030399
-0.0311559
-0.0319501
-0.0326063
-0.0329346
-0.0327842
-0.0321378
-0.0311973
-0.0302586
-0.0294248
-0.0286791
-0.0279748
-0.0272576
-0.0265062
-0.0257284
-0.0249488
-0.0241887
-0.0234564
-0.0227417
-0.0220357
-0.0213381
-0.0206548
-0.0199893
-0.0193381
-0.0186838
-0.0180018
-0.0172616
-0.0164413
-0.0155445
-0.0146161
-0.0137167
-0.0128696
-0.0120646
-0.0112711
-0.0104582
-0.00965181
-0.0089259
-0.00837401
-0.00806344
-0.00797705
-0.00800042
-0.00804168
-0.00807635
-0.00809475
-0.0080746
-0.0079866
-0.00781943
-0.00761872
-0.0075138
-0.0077111
-0.00842224
-0.0097361
-0.0114588
-0.0131382
-0.0144395
-0.0151382
-0.0151349
-0.0145975
-0.0139217
-0.0133269
-0.0128441
-0.0124668
-0.0121952
-0.012043
-0.0119983
-0.0120011
-0.0119889
-0.0119573
-0.0119197
-0.0118862
-0.0118592
-0.011839
-0.0118278
-0.0118341
-0.011867
-0.0119277
-0.0119937
-0.012012
-0.0119027
-0.01159
-0.0110491
-0.0103543
-0.00964083
-0.00899462
-0.00848025
-0.00815552
-0.0080369
-0.00805729
-0.00808506
-0.00807951
-0.00805299
-0.008023
-0.00799876
-0.00797478
-0.00793512
-0.0078653
-0.00776501
-0.00765396
-0.00755277
-0.00747085
-0.00740356
-0.00732891
-0.00720518
-0.00698136
-0.0066182
-0.0061223
-0.00555499
-0.00497355
-0.00440973
-0.00390118
-0.00349873
-0.00324975
-0.00316153
-0.00317141
-0.00318465
-0.00317323
-0.00314528
-0.00311421
-0.00309086
-0.00307976
-0.00307945
-0.00308551
-0.00309295
-0.00309872
-0.00310155
-0.00310222
-0.00310172
-0.00310189
-0.00310273
-0.00310393
-0.0031044
-0.00310376
-0.00310211
-0.00310104
-0.00310244
-0.00310832
-0.00311812
-0.00312864
-0.00313349
-0.00312638
-0.00310453
-0.00307437
-0.00305271
-0.0030639
-0.0031256
-0.00323028
-0.00332446
-0.00330262
-0.00302677
-0.00238497
-0.00137659
-0.00016061
0.00107332
0.00224279
0.00330515
0.00421486
0.00494199
0.00550966
0.00600948
0.00651388
0.00705114
0.00764929
0.00835368
0.00920909
0.0102237
0.0113424
0.0125
0.0136712
0.0148209
0.0158683
0.0166976
0.0172047
0.0173772
0.0173403
0.0172441
0.0171461
0.0170986
0.0172061
0.0176093
0.0184188
0.0196083
0.0209742
0.02231
0.023481
0.0243694
0.0248881
0.0250525
0.0250388
0.0250793
0.0252168
0.0253599
0.0253585
0.0250526
0.0243484
0.023299
0.0221099
0.02094
0.0198139
0.0186918
0.0175185
0.0162532
0.0148941
0.0134752
0.012014
0.0105165
0.00900836
0.00755167
0.00624524
0.00519372
0.00444979
0.0039405
0.00348037
0.00296855
0.00240663
0.00184249
0.00134683
0.000987603
0.000802259
0.000764051
0.000783249
0.000789912
0.000771798
0.000745256
0.00073556
0.000764196
0.000838562
0.000946012
0.00106434
0.00118362
0.00130074
0.00141192
0.00151064
0.00158778
0.00163592
0.00165603
0.00166252
0.00167319
0.00168771
0.00169428
0.00168022
0.00164118
0.00159099
0.00156683
0.00162501
0.00182154
0.00217973
0.00265269
0.00313436
0.00357041
0.00397579
0.00441047
0.0049638
0.00572404
0.00673445
0.00794032
0.00920536
0.0104748
0.0117724
0.0131255
0.0145145
0.0158416
0.0169342
0.0176008
0.0177354
0.0174465
0.0170399
0.0166808
0.0163771
0.0160901
0.01578
0.0154344
0.0150756
0.0147541
0.0145261
0.0144223
0.0144141
0.0144267
0.0144293
0.0144203
0.014403
0.0143827
0.0143631
0.0143473
0.0143391
0.0143437
0.0143646
0.014399
0.0144305
0.0144267
0.0143431
0.0141401
0.0138096
0.0133973
0.0129704
0.0125431
0.0121059
0.0116608
0.0112334
0.0108768
0.0106535
0.0106016
0.0106909
0.0108267
0.010955
0.0110671
0.0111626
0.0112387
0.0112886
0.0113101
0.0113152
0.0113335
0.0113885
0.0114701
0.0115275
0.0114736
0.0112057
0.010653
0.0098415
0.00890492
0.00794402
0.00697763
0.00601725
0.00511213
0.00435521
0.00385059
0.00364842
0.00366459
0.00370586
0.00369382
0.00362513
0.00351732
0.00340939
0.00335822
0.00343648
0.00371007
0.00420208
0.00484483
0.00550346
0.00612998
0.00673101
0.00732073
0.00791177
0.00850753
0.00910651
0.00970725
0.0103146
0.0109401
0.0116026
0.0123225
0.0131118
0.0139605
0.0148519
0.0158295
0.0169784
0.0183579
0.0199324
0.0215503
0.0230476
0.0243163
0.0253146
0.0261019
0.0268317
0.0275983
0.0283712
0.0290546
0.0295464
0.0297951
0.0298556
0.0298708
0.0299108
0.0299542
0.0299374
0.0297885
0.0294696
0.0290126
0.0285221
0.0280783
0.0276382
0.0270578
0.0261488
0.024762
0.0229042
0.0207924
0.0186792
0.0166571
0.0147427
0.0129349
0.01122
0.00956921
0.00797285
0.00649889
0.0052272
0.00416679
0.00322487
0.00228819
0.00132084
0.000331326
-0.000652897
-0.00159498
-0.00246113
-0.00323879
-0.00395505
-0.00467463
-0.00545368
-0.00633868
-0.00735688
-0.00848926
-0.00967137
-0.0108627
-0.0120392
-0.0131627
-0.0141769
-0.0150272
-0.0156987
-0.0162605
-0.0168373
-0.017456
-0.0180654
-0.0185807
-0.0189123
-0.0190135
-0.0189294
-0.018788
-0.018661
-0.0185572
-0.018468
-0.018386
-0.018314
-0.0182631
-0.0182425
-0.0182496
-0.018275
-0.0183097
-0.0183353
-0.0183232
-0.0182495
-0.0181191
-0.0179909
-0.0179886
-0.0182786
-0.0190036
-0.020181
-0.0216229
-0.0230489
-0.0243619
-0.0255876
-0.026799
-0.0280904
-0.0295276
-0.0310823
-0.0325851
-0.0337354
-0.0341866
-0.0337138
-0.0324407
-0.0308591
-0.029361
-0.0282311
-0.0277648
-0.0281871
-0.029466
-0.0311779
-0.0327708
-0.0338784
-0.034233
-0.0336899
-0.0324049
-0.0308593
-0.0294392
-0.0282561
-0.0273092
-0.0265508
-0.0258757
-0.0251308
-0.0242206
-0.0231161
-0.0218381
-0.0204711
-0.0191312
-0.0178343
-0.0165257
-0.0151336
-0.0136017
-0.0119282
-0.010178
-0.00843146
-0.00672461
-0.00506408
-0.00343789
-0.0018207
-0.000183545
0.00147833
0.00309032
0.00448704
0.00547532
0.00593755
0.00596221
0.00584008
0.00576717
0.00583506
0.00612
0.00668097
0.00751585
0.00852408
0.00959785
0.0107021
0.0117773
0.0126735
0.0131674
0.0130526
0.0122912
0.0111371
0.0099763
0.00892633
0.007937
0.00690703
0.00571772
0.00428022
0.00257671
0.000682513
-0.00131533
-0.00338259
-0.00545591
-0.00737688
-0.00889479
-0.00974695
-0.00981419
-0.00931206
-0.00871891
-0.00820485
-0.00776165
-0.00737984
-0.00707876
-0.00691415
-0.00692941
-0.00709335
-0.00729425
-0.0074766
-0.00759566
-0.00758148
-0.00736226
-0.00691204
-0.00630092
-0.0056544
-0.00503331
-0.00448199
-0.00406383
-0.00384036
-0.00382577
-0.00394612
-0.00408215
-0.00412384
-0.0039408
-0.00339875
-0.00243339
-0.00114705
0.000212735
0.00153437
0.00285472
0.00425582
0.00580684
0.00751011
0.00930045
0.011122
0.0129043
0.0145407
0.0159145
0.0169505
0.0176934
0.0183146
0.0189374
0.0195672
0.0201731
0.0207407
0.0212952
0.0218925
0.0225723
0.0232954
0.0239177
0.0242
0.0238843
0.0228331
0.0212062
0.0194357
0.0177706
0.0162471
0.0148261
0.0134401
0.0120349
0.01063
0.00932752
0.00824629
0.00744589
0.00684998
0.00627724
0.00565306
0.00498615
0.00432224
0.00373648
0.00330632
0.00308004
0.00303184
0.00305959
0.00307959
0.00306949
0.00303066
0.00296907
0.00288905
0.00279665
0.00270136
0.00260778
0.00250694
0.00238991
0.00225902
0.00213521
0.00205705
0.0020704
0.0022054
0.00244803
0.00273474
0.00301452
0.0032755
0.00352352
0.00376896
0.00402282
0.00429313
0.00458297
0.00488673
0.0051878
0.00545783
0.00566314
0.00577821
0.00580658
0.00579009
0.00577627
0.00578122
0.00580393
0.00583617
0.00586459
0.00587265
0.00584639
0.00578337
0.00570518
0.00566565
0.00574805
0.00603985
0.006587
0.00733515
0.00814212
0.00894034
0.0097389
0.0105573
0.0113909
0.0121907
0.0128682
0.0133275
0.0135235
0.0135278
0.0135029
0.0135047
0.0135235
0.0135433
0.0135573
0.0135802
0.0136436
0.0137831
0.0140138
0.0143113
0.0146334
0.0149745
0.0153381
0.0157074
0.0160339
0.0162406
0.0162499
0.0160297
0.0156499
0.0152552
0.01489
0.0145343
0.0141601
0.0137521
0.0133285
0.0129441
0.0126763
0.0125875
0.0126717
0.0128277
0.0129151
0.012759
0.0121729
0.011045
0.00946217
0.00770337
0.00592992
0.00420011
0.00259823
0.00126742
0.000370948
-1.18689e-05
-1.95983e-05
3.41964e-05
4.88927e-05
3.78451e-05
-1.92571e-06
-0.000113841
-0.000382214
-0.000882293
-0.00161046
-0.00245156
-0.00328513
-0.00402897
-0.00460495
-0.00494825
-0.00505544
-0.00502701
-0.0050096
-0.00505042
-0.00513433
-0.00522343
-0.00526471
-0.00520272
-0.00499622
-0.00464422
-0.00420518
-0.00376163
-0.00333912
-0.00293112
-0.00252717
-0.00212156
-0.00171819
-0.00132728
-0.000958321
-0.000609921
-0.000269252
7.13825e-05
0.000417993
0.000777308
0.00115201
0.00153473
0.00190269
0.0022182
0.00243944
0.00254218
0.00254791
0.002522
0.00250388
0.00250446
0.00252735
0.00257191
0.0026287
0.00267089
0.00265014
0.00250433
0.00218298
0.00168667
0.00108792
0.000466621
-0.000155549
-0.000770036
-0.0013464
-0.00182839
-0.0021528
-0.00228973
-0.00229198
-0.00227808
-0.00228963
-0.00232052
-0.00235792
-0.00238923
-0.00240904
-0.00241718
-0.00241754
-0.00241409
-0.00240998
-0.00240654
-0.00240482
-0.00240605
-0.00241237
-0.00242515
-0.0024433
-0.00246093
-0.00246792
-0.00245339
-0.0024139
-0.00236269
-0.0023365
-0.00239216
-0.0025881
-0.00295079
-0.00343551
-0.00393355
-0.00437942
-0.00477073
-0.00515314
-0.00561622
-0.00627382
-0.00722047
-0.00846279
-0.00988746
-0.0113549
-0.0127247
-0.0138048
-0.014374
-0.0142838
-0.0136097
-0.0126766
-0.0117245
-0.0107861
-0.00985542
-0.00899307
-0.00835402
-0.00814165
-0.00849621
-0.00934031
-0.0103801
-0.0114535
-0.0125164
-0.0134946
-0.0142412
-0.0145629
-0.0143251
-0.0135942
-0.0126695
-0.0117855
-0.0109851
-0.0102273
-0.00945045
-0.00859374
-0.00761411
-0.0064991
-0.00528355
-0.00403586
-0.002789
-0.0015416
-0.000291412
0.000947172
0.00213522
0.00321996
0.00416053
0.00496519
0.00571192
0.00649214
0.00729146
0.0080083
0.00849735
0.00862627
0.00835912
0.00782372
0.00721694
0.00658445
0.00591762
0.005263
0.00475671
0.00461153
0.00502602
0.00603883
0.00742704
0.00886851
0.0101327
0.0109887
0.0112
0.0106489
0.00950952
0.00822569
0.0070322
0.00594083
0.00490339
0.00387099
0.00281848
0.00173762
0.000630711
-0.000495121
-0.00164052
-0.00281643
-0.00402799
-0.00525259
-0.00642083
-0.00741801
-0.00811908
-0.00845742
-0.00851096
-0.0084889
-0.00850176
-0.00855031
-0.00860332
-0.00863232
-0.00863505
-0.00864247
-0.00871407
-0.00891391
-0.00927517
-0.00976592
-0.0103158
-0.0108902
-0.0114512
-0.0119216
-0.012195
-0.0121756
-0.0118452
-0.0113338
-0.0108598
-0.0104413
-0.00993447
-0.00912705
-0.00782332
-0.00596957
-0.00374948
-0.00146604
0.000756018
0.0028827
0.00488073
0.00671893
0.00838732
0.00994522
0.0115012
0.013072
0.0146278
0.0161551
0.0176763
0.0192575
0.0209806
0.0228926
0.0249497
0.0270072
0.0287929
0.0299365
0.0301059
0.0292326
0.0276985
0.0260923
0.0246084
0.0232321
0.0219398
0.0207352
0.0196549
0.0187157
0.0178661
0.0170117
0.0161225
0.0151995
0.0142512
0.0133035
0.0124098
0.0116513
0.0111151
0.010847
0.0107905
0.0107975
0.0107992
0.0108044
0.0108287
0.0108567
0.0108249
0.0106326
0.0101845
0.00945729
0.00855354
0.00763348
0.00674541
0.00587466
0.00500025
0.00411067
0.003216
0.00234362
0.0015259
0.000777118
7.75539e-05
-0.000616065
-0.00134779
-0.00215705
-0.00305645
-0.00399768
-0.00484622
-0.00538814
-0.00539488
-0.00474428
-0.0035742
-0.00225896
-0.00100215
0.000182267
0.00133351
0.00249073
0.00366461
0.00483941
0.00598623
0.00708947
0.00816112
0.00922432
0.0102876
0.0113537
0.0124233
0.013495
0.0145646
0.0156272
0.0166793
0.0177274
0.0187861
0.0198745
0.0210051
0.0221737
0.0233518
0.0244902
0.025548
0.0265531
0.0276296
0.0289847
0.0308389
0.0332985
0.0362182
0.0392413
0.0420179
0.0441454
0.0452143
0.045026
0.0438758
0.042503
0.0412918
0.0402288
0.0391637
0.0379253
0.036407
0.0346201
0.0326897
0.03073
0.0288358
0.0271062
0.0256332
0.0244584
0.023515
0.0226385
0.0217485
0.0208428
0.0199228
0.0189595
0.0178883
0.0166334
0.0151597
0.0135212
0.0118227
0.0101037
0.00839866
0.00678904
0.00539605
0.00433325
0.00362008
0.00312144
0.00263892
0.00202299
0.00113176
-0.000155292
-0.00184853
-0.00376183
-0.00557099
-0.00702186
-0.00793415
-0.00825166
-0.00816524
-0.00804924
-0.00804857
-0.00816736
-0.00839073
-0.00869721
-0.00906199
-0.00944536
-0.0098354
-0.0102727
-0.0107928
-0.0113649
-0.0118638
-0.012075
-0.0117654
-0.0108073
-0.00933505
-0.00772167
-0.00617673
-0.00472083
-0.00331319
-0.0018987
-0.000438465
0.00108047
0.00263457
0.0041557
0.00552376
0.00661281
0.00735865
0.00783778
0.00825128
0.0087148
0.00923816
0.00978452
0.0102914
0.0106916
0.010934
0.011014
0.0109928
0.0109598
0.0109447
0.0109451
0.0109549
0.0109732
0.0110043
0.0110498
0.0110964
0.0111067
0.0110206
0.0107761
0.0103464
0.00978497
0.00920724
0.0086551
0.00812368
0.00760032
0.00707206
0.00653255
0.00598091
0.00542038
0.00485501
0.00428873
0.00372488
0.00316655
0.00261707
0.00207952
0.00155454
0.00103753
0.000519997
-8.65755e-07
-0.000523807
-0.00104659
-0.00156669
-0.00208255
-0.00259442
-0.00310533
-0.00362056
-0.00414587
-0.00468332
-0.00522718
-0.00576007
-0.00625393
-0.00667832
-0.00701667
-0.00728639
-0.00753664
-0.00779587
-0.00806909
-0.00835323
-0.00864174
-0.00892636
-0.00919771
-0.0094477
-0.00967456
-0.00988928
-0.010122
-0.0104202
-0.00877831
-0.00941292
-0.0101684
-0.010961
-0.0117272
-0.0124612
-0.0131896
-0.013951
-0.0147765
-0.0156654
-0.016563
-0.017351
-0.0178678
-0.0179697
-0.0176272
-0.0170032
-0.0163498
-0.0157531
-0.0152067
-0.0146918
-0.0141887
-0.013682
-0.0131463
-0.0125386
-0.0117982
-0.010873
-0.00975861
-0.00853532
-0.00732033
-0.00615252
-0.00501914
-0.00388956
-0.00272414
-0.00149194
-0.000188615
0.0011403
0.00238877
0.00340035
0.00402194
0.00419004
0.0040363
0.00383959
0.00370062
0.00360778
0.00353414
0.00345529
0.00336533
0.00326749
0.00316349
0.00303665
0.00284829
0.00254636
0.00209499
0.00151162
0.000875907
0.00025077
-0.000350584
-0.000936852
-0.00152158
-0.0021179
-0.00273389
-0.00336985
-0.00401453
-0.00464373
-0.00522202
-0.00571369
-0.0061005
-0.00640517
-0.00668651
-0.00697741
-0.00728101
-0.0075913
-0.00789995
-0.0082008
-0.00849023
-0.00876805
-0.00903687
-0.00930272
-0.00957399
-0.00985952
-0.010163
-0.0104768
-0.0107758
-0.0110182
-0.0111557
-0.0111577
-0.0110414
-0.010877
-0.010719
-0.0105784
-0.0104483
-0.0103197
-0.0101863
-0.0100458
-0.00989843
-0.00974521
-0.00958647
-0.00942304
-0.00925765
-0.00909698
-0.00895042
-0.00882611
-0.00872231
-0.008619
-0.00847319
-0.00822607
-0.00782546
-0.00726179
-0.0065971
-0.00592654
-0.00528238
-0.0046622
-0.00405766
-0.00345957
-0.00285984
-0.00224962
-0.00161922
-0.000962321
-0.000284544
0.000385689
0.000992305
0.00146005
0.00172401
0.00177462
0.00169477
0.00160713
0.00154987
0.00151276
0.0014781
0.00143089
0.00136722
0.00129304
0.00122084
0.00116121
0.00111518
0.00106711
0.000984361
0.000824973
0.000557024
0.000184036
-0.000242818
-0.000667622
-0.0010748
-0.00146902
-0.00185803
-0.00224825
-0.00264212
-0.0030392
-0.00343737
-0.00383473
-0.00423008
-0.00462287
-0.00501187
-0.00539475
-0.00576824
-0.00613034
-0.00648329
-0.00683673
-0.00720857
-0.00762094
-0.00809017
-0.00861301
-0.00916032
-0.00970145
-0.0102293
-0.0107486
-0.0112648
-0.0117812
-0.0122959
-0.0128035
-0.0132974
-0.0137747
-0.0142401
-0.0147077
-0.0151961
-0.0157182
-0.016265
-0.0167917
-0.0172139
-0.0174271
-0.0173528
-0.0170037
-0.0165132
-0.0160258
-0.0155799
-0.015163
-0.0147552
-0.0143414
-0.0139164
-0.0134816
-0.0130397
-0.0125906
-0.012132
-0.0116645
-0.0111988
-0.0107621
-0.0103964
-0.0101441
-0.0100228
-0.00999494
-0.00998064
-0.00995209
-0.00991197
-0.0098654
-0.00981524
-0.00976021
-0.00969965
-0.00963889
-0.00959253
-0.00958038
-0.00961491
-0.00968221
-0.00972456
-0.00963729
-0.00929252
-0.00859705
-0.00757191
-0.00638577
-0.00520917
-0.00406835
-0.00292638
-0.00175943
-0.000591371
0.000489349
0.00134919
0.00186585
0.00201352
0.00192884
0.00182185
0.00176148
0.00173719
0.00172499
0.00170195
0.00165692
0.00158876
0.0015036
0.00140959
0.00131484
0.0012262
0.0011496
0.00108868
0.00104202
0.00099852
0.000934873
0.000817511
0.000614264
0.000313293
-5.40948e-05
-0.000424873
-0.000776858
-0.00111347
-0.00144207
-0.00176969
-0.00209876
-0.00242837
-0.00275527
-0.00307681
-0.00339231
-0.00370406
-0.00401567
-0.00432969
-0.00464352
-0.00494704
-0.00522231
-0.00544888
-0.00561386
-0.00572546
-0.00581431
-0.00590416
-0.00599947
-0.0060971
-0.00619276
-0.00628355
-0.0063685
-0.00644838
-0.00652467
-0.00659885
-0.00667175
-0.00674364
-0.00681427
-0.00688324
-0.00695015
-0.00701483
-0.00707729
-0.00713773
-0.00719622
-0.0072529
-0.00730772
-0.00736048
-0.00741083
-0.00745851
-0.00750342
-0.00754583
-0.00758615
-0.00762456
-0.0076611
-0.0076959
-0.00772904
-0.00776061
-0.00779053
-0.00781849
-0.00784397
-0.00786653
-0.00788611
-0.00790332
-0.00791947
-0.00793623
-0.00795461
-0.00797386
-0.00799064
-0.00799953
-0.00799537
-0.00797731
-0.00795358
-0.00794417
-0.00797854
-0.00808515
-0.00827423
-0.00851821
-0.00876176
-0.00898495
-0.00918987
-0.00938234
-0.00956867
-0.00975247
-0.00993506
-0.0101155
-0.0102917
-0.0104599
-0.010616
-0.0107564
-0.0108809
-0.0109958
-0.0111166
-0.0112662
-0.0114667
-0.0117251
-0.0120266
-0.0123558
-0.0126789
-0.012922
-0.0129757
-0.0127338
-0.0121592
-0.0113604
-0.0105514
-0.00980782
-0.0091198
-0.0084631
-0.00781224
-0.00715274
-0.00648048
-0.00580201
-0.00513122
-0.00448872
-0.00389834
-0.00338125
-0.0029451
-0.00257159
-0.00222079
-0.00187197
-0.0015241
-0.00118205
-0.000850968
-0.000533559
-0.000230042
6.12511e-05
0.00034228
0.00061415
0.000876538
0.00112801
0.00136699
0.00159304
0.00180783
0.00201415
0.00221327
0.00240529
0.00258958
0.00276482
0.00292941
0.00308241
0.00322459
0.00335969
0.00349444
0.00363735
0.00379528
0.00396859
0.00414656
0.00431291
0.00446772
0.00462123
0.00478271
0.00495212
0.00511187
0.00522475
0.00524141
0.00512151
0.00486332
0.00452602
0.00419243
0.00388801
0.00360677
0.00333827
0.00307366
0.00280982
0.00254805
0.00229204
0.00204471
0.00180672
0.00157621
0.00135071
0.00112986
0.000918342
0.000726911
0.000570195
0.000460204
0.000397211
0.000362897
0.000331847
0.00029625
0.000257874
0.000219862
0.000184959
0.00015424
0.000127491
0.000103648
8.15688e-05
6.04033e-05
3.98672e-05
2.00435e-05
1.24104e-06
-1.62956e-05
-3.24339e-05
-4.72393e-05
-6.08381e-05
-7.33492e-05
-8.46979e-05
-9.46025e-05
-0.000102594
-0.000108245
-0.00011142
-0.000112626
-0.000112782
-0.000112213
-0.000110882
-0.000108676
-0.00010552
-0.000101395
-9.63238e-05
-9.03536e-05
-8.35181e-05
-7.58226e-05
-6.72302e-05
-5.7688e-05
-4.71844e-05
-3.57998e-05
-2.37295e-05
-1.12644e-05
1.30925e-06
1.38761e-05
2.66887e-05
4.03032e-05
5.49826e-05
7.07142e-05
8.74095e-05
0.000104984
0.000123394
0.000142648
0.000162799
0.000183902
0.000205947
0.00022886
0.000252503
0.000276731
0.000301479
0.000326855
0.000353151
0.000380786
0.000410036
0.000440745
0.000472021
0.00050218
0.000529118
0.000551264
0.000568826
0.000584652
0.000602443
0.00062325
0.000646736
0.000672378
0.000699694
0.000728405
0.000758371
0.000789584
0.000822101
0.000856124
0.000892014
0.000930275
0.00097136
0.00101537
0.00106167
0.00110907
0.00115692
0.0012051
0.00125356
0.0013022
0.00135096
0.00139994
0.00144957
0.00150059
0.00155385
0.00160983
0.00166803
0.00172687
0.00178488
0.00184172
0.00189755
0.00195256
0.00200689
0.00206062
0.00211381
0.00216659
0.00221911
0.00227149
0.00232368
0.00237536
0.00242618
0.00247605
0.00252504
0.00257324
0.00262075
0.00266761
0.00271385
0.00275947
0.00280439
0.00284853
0.00289178
0.00293408
0.0029755
0.00301627
0.00305667
0.00309674
0.00313646
0.00317579
0.0032147
0.00325324
0.00329142
0.0033293
0.00336687
0.00340406
0.00344075
0.00347678
0.00351202
0.0035465
0.00358048
0.0036143
0.00364805
0.00368167
0.00371508
0.00374824
0.00378109
0.00381363
0.00384584
0.0038777
0.00390921
0.00394034
0.00397107
0.00400137
0.00403123
0.00406064
0.00408958
0.00411803
0.00414598
0.0041734
0.00420026
0.00422655
0.00425227
0.00427739
0.00430193
0.00432585
0.00434915
0.00437181
0.00439383
0.00441522
0.00443597
0.00445611
0.00447561
0.00449448
0.00451268
0.00453023
0.00454711
0.00456332
0.00457885
0.00459371
0.00460788
0.00462136
0.00463414
0.00464623
0.00465763
0.00466833
0.00467833
0.00468764
0.00469625
0.00470416
0.00471137
0.00471788
0.00472369
0.0047288
0.00473321
0.00473692
0.00473992
0
