-0.046554
-0.0464775
-0.0463994
-0.0463196
-0.0462381
-0.046154
-0.0460668
-0.0459761
-0.0458805
-0.0457785
-0.0456692
-0.0455541
-0.0454373
-0.0453168
-0.0451944
-0.045071
-0.0449388
-0.0447787
-0.0445966
-0.0443966
-0.0441756
-0.0439296
-0.0436528
-0.0433548
-0.0430538
-0.0427422
-0.0423958
-0.0420132
-0.0416458
-0.0414222
-0.0413008
-0.0412508
-0.0412403
-0.0411913
-0.041094
-0.0411371
-0.0412411
-0.0406917
-0.0386907
-0.0359931
-0.0343673
-0.0356075
-0.0380854
-0.0393955
-0.0379517
-0.0351021
-0.0318531
-0.0287512
-0.0275293
-0.0273282
-0.0274617
-0.0271726
-0.0250714
-0.0217783
-0.0182351
-0.0163757
-0.0185334
-0.0228038
-0.0246257
-0.0182453
-0.0103412
-0.012944
-0.0241648
-0.0335973
-0.0297875
-0.0185103
-0.00649201
0.00316897
0.00691537
0.00924393
0.0111978
0.0108012
0.00760436
0.00347754
-0.000682708
-0.00470727
-0.00898673
-0.0138899
-0.0196661
-0.0242471
-0.0235296
-0.0187245
-0.0130964
-0.00683556
-0.000222083
0.00554116
0.00792947
0.0092873
0.00992845
0.00744377
0.0018008
-0.0068452
-0.0174321
-0.0258609
-0.0247955
-0.0149772
-0.00326654
0.00905714
0.0214826
0.0337842
0.0454961
0.0595409
0.0767496
0.0870666
0.0651729
0.019078
-0.0214499
-0.0284725
-0.0162434
-0.00832808
-0.00980377
-0.0160508
-0.00615204
0.0424645
0.0899703
0.0818102
0.051929
0.0269573
0.0185747
0.0256427
0.0336265
0.0336646
0.0288167
0.0488673
0.12138
0.168609
0.0931638
-0.00595589
-0.0363775
-0.0380739
-0.0386535
-0.0326947
-0.0102435
0.01894
0.0484772
0.0780001
0.105536
0.128571
0.149924
0.168425
0.172735
0.159813
0.133956
0.098096
0.0584236
0.0272626
0.0245082
0.0351813
0.0458414
0.0575372
0.0697778
0.0807704
0.0834948
0.0802412
0.076092
0.0697825
0.0539804
0.0316885
0.00846533
-0.0143545
-0.0381757
-0.0638624
-0.0856904
-0.0881555
-0.0732882
-0.0554877
-0.0383303
-0.0208414
-0.00312228
0.0149454
0.034884
0.053452
0.0592682
0.0449559
0.0243269
0.00387157
-0.0164819
-0.0362974
-0.0564276
-0.0796913
-0.103221
-0.106259
-0.0666905
-0.00995465
0.0379304
0.0535002
0.0410954
0.0229042
-3.48279e-05
-0.0298839
-0.0633265
-0.100374
-0.138752
-0.159682
-0.141535
-0.108342
-0.0751707
-0.0436744
-0.0255676
-0.0170046
-0.0112303
-0.0040411
0.0023304
0.0043623
-0.00347471
-0.0143477
-0.0252383
-0.0325179
-0.0343334
-0.0332043
-0.0336411
-0.0402505
-0.0557545
-0.0727211
-0.0901321
-0.107152
-0.125369
-0.142975
-0.15961
-0.175897
-0.196646
-0.21876
-0.220432
-0.170138
-0.101862
-0.0319494
0.0382122
0.0880835
0.1
0.098552
0.0984688
0.0967334
0.0941632
0.0938627
0.105666
0.123932
0.140504
0.15042
0.165313
0.222107
0.324143
0.382544
0.346425
0.282699
0.229728
0.188804
0.151964
0.113367
0.0738049
0.0316237
-0.00662543
-0.0291145
-0.0371998
-0.0427555
-0.0481611
-0.0535902
-0.0606825
-0.0743739
-0.0937714
-0.136199
-0.218681
-0.295797
-0.298055
-0.237899
-0.161924
-0.0850151
-0.01739
0.0189512
0.0435547
0.0687206
0.0934175
0.118484
0.143406
0.16755
0.191572
0.223326
0.273944
0.330908
0.391889
0.457782
0.505377
0.493719
0.45011
0.407024
0.374811
0.34673
0.266247
0.0877851
-0.0286745
0.014064
0.0999271
0.14823
0.107487
0.0383003
-0.0280223
-0.0960912
-0.159725
-0.211584
-0.254614
-0.301439
-0.376052
-0.458443
-0.44506
-0.262231
-0.0441545
0.0316838
-0.102781
-0.266256
-0.307151
-0.295385
-0.282805
-0.273066
-0.264765
-0.256739
-0.233887
-0.172877
-0.0981085
-0.00854832
0.125109
0.259053
0.341185
0.390846
0.425098
0.439594
0.453849
0.470976
0.444454
0.305114
0.0425007
-0.23658
-0.420149
-0.493747
-0.539037
-0.565122
-0.51544
-0.436432
-0.355009
-0.27632
-0.217398
-0.184097
-0.159247
-0.130819
-0.0969867
-0.071885
-0.0912958
-0.144908
-0.135571
-0.0270481
0.119203
0.273082
0.38627
0.370444
0.304203
0.273311
0.265472
0.266822
0.268353
0.257092
0.201786
0.130791
0.0602241
-0.0105491
-0.0821133
-0.153457
-0.222366
-0.287255
-0.357676
-0.435287
-0.490182
-0.45468
-0.354929
-0.23974
-0.120106
-0.0207268
0.0149574
0.0257568
0.0380084
0.0480494
0.06052
0.0776439
0.0999345
0.116386
0.160314
0.297677
0.464696
0.499542
0.388211
0.245608
0.104089
-0.0760197
-0.311941
-0.555365
-0.658566
-0.484166
-0.19908
0.07426
0.257802
0.256796
0.199063
0.143439
0.088015
0.0312751
-0.0305091
-0.0991498
-0.15219
-0.140557
-0.0650979
0.0290529
0.105033
0.0999468
0.0339472
-0.0411746
-0.0817644
-0.0715448
-0.0797757
-0.177149
-0.305745
-0.449786
-0.600814
-0.662182
-0.503
-0.260827
-0.0223276
0.214762
0.413662
0.568266
0.693217
0.747945
0.686229
0.58914
0.482409
0.373217
0.305753
0.335568
0.366983
0.295779
0.176013
0.0578208
-0.0114064
0.0410257
0.135442
0.249934
0.38078
0.414173
0.195057
-0.0360265
-0.113246
-0.15538
-0.20296
-0.233792
-0.189324
-0.117277
-0.0456249
0.0268853
0.102453
0.170426
0.210624
0.232141
0.252566
0.270868
0.292933
0.32098
0.35874
0.399069
0.455088
0.511466
0.488691
0.294178
0.0349051
-0.175224
-0.234769
-0.221276
-0.211051
-0.201116
-0.195198
-0.190511
-0.189009
-0.160896
-0.0732621
0.0377313
0.151961
0.28008
0.393628
0.44392
0.465438
0.488654
0.509107
0.540883
0.570349
0.553878
0.437266
0.304373
0.251624
0.306559
0.394823
0.472786
0.506847
0.495451
0.472219
0.449075
0.422358
0.402013
0.386842
0.35311
0.239943
0.0751045
-0.0956479
-0.273292
-0.493153
-0.731621
-0.89007
-0.827289
-0.681381
-0.585158
-0.61358
-0.691907
-0.766812
-0.854967
-0.921507
-0.90215
-0.80442
-0.688277
-0.55525
-0.436448
-0.420846
-0.547891
-0.683178
-0.696949
-0.603612
-0.486148
-0.365525
-0.256726
-0.196138
-0.181837
-0.179529
-0.179408
-0.167933
-0.132335
-0.0862833
-0.0422939
0.0037086
0.048901
0.0954925
0.139682
0.18379
0.230525
0.284494
0.323464
0.300378
0.219512
0.12709
0.0346615
-0.0533287
-0.145329
-0.255976
-0.387725
-0.477736
-0.503273
-0.509987
-0.51857
-0.525883
-0.534124
-0.54053
-0.5481
-0.553072
-0.559399
-0.568525
-0.581138
-0.558172
-0.431075
-0.147137
0.261469
0.708455
1.11158
1.38362
1.59023
1.80868
2.03811
2.23056
2.22241
2.03877
1.81799
1.6025
1.37896
1.15864
0.930123
0.701583
0.479331
0.305506
0.178883
0.0785743
-0.0560523
-0.320379
-0.707778
-1.11731
-1.44744
-1.56408
-1.62955
-1.77468
-2.00376
-1.99783
-1.86503
-1.74088
-1.6296
-1.52744
-1.34912
-1.01214
-0.682776
-0.439174
-0.209801
0.0135019
0.239295
0.481114
0.741538
0.915861
0.821994
0.60883
0.387463
0.187101
0.144006
0.265771
0.434436
0.568381
0.651806
0.727722
0.824695
0.872989
0.745372
0.482422
0.185972
-0.131798
-0.392296
-0.441974
-0.332323
-0.200463
-0.0551165
0.105942
0.233768
0.196217
0.0391032
-0.0374968
-0.0616124
-0.0966236
-0.128211
-0.152485
-0.146142
-0.132288
-0.139431
-0.224034
-0.339941
-0.457742
-0.584167
-0.724719
-0.819952
-0.767743
-0.637078
-0.507841
-0.376714
-0.249333
-0.105258
0.0399825
0.139081
0.108974
0.0361313
-0.0420423
-0.123325
-0.174746
-0.142368
-0.0800867
-0.0185286
0.0406663
0.0976799
0.161282
0.242004
0.299455
0.223921
-0.00683736
-0.260394
-0.428433
-0.487977
-0.516832
-0.525378
-0.490812
-0.43484
-0.342904
-0.201343
-0.0852542
-0.0903161
-0.174957
-0.267666
-0.355338
-0.415924
-0.469033
-0.519857
-0.594526
-0.677303
-0.672823
-0.439454
-0.148009
0.0380493
0.119587
0.165877
0.162584
0.0849822
-0.0183931
-0.119859
-0.217449
-0.310788
-0.428351
-0.563869
-0.611177
-0.374576
-0.0155617
0.349672
0.694301
0.917967
1.0308
1.11343
1.22095
1.3573
1.4024
1.14514
0.699634
0.369189
0.0415882
-0.264773
-0.383785
-0.443694
-0.504504
-0.520777
-0.44381
-0.326063
-0.207207
-0.113369
-0.081666
-0.0382272
0.124291
0.384905
0.649598
0.840623
0.933661
1.01275
1.10577
1.15609
1.05171
0.830575
0.533203
0.1323
-0.196554
-0.312587
-0.368628
-0.479784
-0.665732
-0.736599
-0.690183
-0.634371
-0.574765
-0.481125
-0.31952
-0.136935
0.0424934
0.207063
0.360238
0.511621
0.661815
0.805821
0.954088
1.12689
1.29165
1.29545
1.04033
0.69057
0.352342
0.100951
0.00573078
-0.0365889
-0.097974
-0.239149
-0.454157
-0.66563
-0.818064
-0.930406
-1.00407
-1.01209
-1.0052
-1.00648
-0.95867
-0.789444
-0.589506
-0.449451
-0.345888
-0.193784
-0.00653543
0.176096
0.33237
0.436241
0.526969
0.625605
0.733912
0.809108
0.802364
0.794216
0.917059
1.10393
1.16831
0.870525
0.453109
0.257061
0.231063
0.237898
0.24016
0.243524
0.225668
0.168615
0.09247
0.0203998
-0.0274982
-0.0351645
-0.0311791
-0.0413553
-0.0956696
-0.16634
-0.241558
-0.32593
-0.390035
-0.369124
-0.270601
-0.157358
-0.0325514
0.109559
0.208868
0.126707
-0.0908761
-0.305006
-0.457133
-0.55972
-0.569323
-0.508688
-0.455483
-0.469377
-0.543231
-0.551948
-0.453922
-0.323156
-0.198791
-0.0652522
0.0755149
0.19015
0.199113
0.151624
0.0954481
0.057452
0.0724234
0.109473
0.143887
0.183423
0.226166
0.272039
0.315678
0.368868
0.419088
0.430709
0.356482
0.258045
0.147293
-0.00669534
-0.201709
-0.412339
-0.663357
-0.901381
-0.923936
-0.578304
-0.295459
-0.187386
-0.0969864
0.013172
0.142325
0.234839
0.239688
0.208565
0.192892
0.161874
0.052055
-0.165842
-0.396636
-0.541916
-0.536667
-0.464264
-0.314332
-0.110389
0.0514438
0.0402562
-0.0937792
-0.244046
-0.36287
-0.402498
-0.463139
-0.580038
-0.719889
-0.830888
-0.814827
-0.6799
-0.520805
-0.35806
-0.18388
-0.023231
0.0430569
-0.00302764
-0.0912762
-0.180123
-0.212448
-0.112019
0.040981
0.166337
0.193169
0.141541
0.0787944
0.0124877
-0.0599402
-0.122539
-0.127401
-0.0764227
-0.00821491
0.0594691
0.105529
0.111659
0.118109
0.187764
0.328856
0.488934
0.646849
0.809246
0.974795
1.12588
1.2255
1.30545
1.38675
1.48504
1.56102
1.52065
1.36356
1.16846
1.00104
0.917866
0.89958
0.884534
0.843511
0.783202
0.701503
0.549338
0.348021
0.134405
-0.0711836
-0.233278
-0.35346
-0.457564
-0.618832
-0.93815
-1.26877
-1.35627
-1.16202
-0.875787
-0.581168
-0.329951
-0.273527
-0.368686
-0.506927
-0.655542
-0.76834
-0.750144
-0.677868
-0.666101
-0.790165
-0.967857
-1.12096
-1.21688
-1.25465
-1.29248
-1.33804
-1.35258
-1.24723
-1.0845
-0.942519
-0.890754
-0.877268
-0.73069
-0.39425
-0.129594
0.0294198
0.180982
0.322177
0.440207
0.539268
0.641387
0.719246
0.749836
0.750182
0.746394
0.772295
0.918595
1.12715
1.34679
1.56275
1.77316
1.98625
2.23047
2.45412
2.49087
2.25237
1.92985
1.61727
1.29836
0.980262
0.661015
0.326377
-0.0102705
-0.272964
-0.366553
-0.400981
-0.450981
-0.502455
-0.500469
-0.37114
-0.199944
-0.0686469
-0.0114169
0.0251864
0.0653022
0.0528211
-0.0471068
-0.184699
-0.323306
-0.455154
-0.522863
-0.534677
-0.543804
-0.646975
-0.854236
-1.02378
-0.962568
-0.784227
-0.597998
-0.401694
-0.167202
0.0843481
0.349458
0.629753
0.860966
0.90236
0.812977
0.698407
0.591788
0.530475
0.522943
0.529984
0.538548
0.545674
0.546005
0.538935
0.53468
0.533502
0.520865
0.445409
0.294182
0.0277954
-0.342523
-0.61031
-0.666934
-0.698098
-0.842396
-1.05376
-1.27055
-1.47876
-1.64485
-1.76866
-1.80471
-1.78188
-1.76082
-1.76292
-1.68001
-1.37616
-0.7833
-0.460518
-0.314844
-0.139506
0.0800258
0.372934
0.676968
0.955933
1.10991
1.17284
1.21721
1.26765
1.30774
1.34488
1.39536
1.4529
1.4341
1.23071
0.957496
0.68998
0.421506
0.157105
-0.122129
-0.415767
-0.669574
-0.75139
-0.688772
-0.594955
-0.503461
-0.431402
-0.379858
-0.336209
-0.278538
-0.219102
-0.205941
-0.32533
-0.467118
-0.610414
-0.871981
-1.3336
-1.59861
-1.72606
-1.87947
-2.04595
-2.19895
-2.18081
-1.9121
-1.55333
-1.21476
-0.865446
-0.490223
-0.0770868
0.335888
0.750664
1.16389
1.5897
2.00211
2.39315
2.80766
3.31593
3.76584
3.60715
2.56652
1.45556
0.955349
0.671008
0.368378
0.116159
-0.0745764
-0.228653
-0.371867
-0.496177
-0.686132
-1.01411
-1.3076
-1.4127
-1.43556
-1.36877
-1.27043
-1.16471
-1.06102
-0.942151
-0.836596
-0.845404
-1.01274
-1.22241
-1.38054
-1.41847
-1.41722
-1.42489
-1.42754
-1.39668
-1.31682
-1.22643
-1.1344
-1.06273
-1.04574
-1.03308
-0.961755
-0.854092
-0.748395
-0.683712
-0.701391
-0.745117
-0.788439
-0.828564
-0.858936
-0.884366
-0.909143
-0.932411
-0.95726
-0.987473
-1.01272
-1.01205
-1.00074
-0.98559
-0.969873
-0.951633
-0.940658
-0.940267
-0.924423
-0.870244
-0.854332
-1.1465
-1.7968
-2.45754
-2.45951
-1.83792
-1.07419
-0.281819
0.420404
0.777722
0.858115
0.907895
1.04825
1.34076
1.43274
1.4456
1.57837
1.78084
1.98494
2.09866
2.08384
1.98717
1.83549
1.66159
1.49324
1.32412
1.14741
0.962955
0.790715
0.687245
0.67383
0.685182
0.696065
0.709197
0.722141
0.730171
0.739449
0.785348
0.899702
1.03889
1.18606
1.33809
1.43785
1.45651
1.47899
1.58638
1.73328
1.88757
2.06326
2.222
2.22882
2.0384
1.79402
1.60319
1.47365
1.37642
1.28631
1.15222
0.818617
0.362681
-0.0648866
-0.274424
-0.190403
-0.0243559
0.117344
0.210422
0.312522
0.513552
0.715249
0.79074
0.796083
0.789771
0.768713
0.728018
0.67735
0.629266
0.60897
0.584426
0.423133
0.0324242
-0.22148
-0.251404
-0.241112
-0.22675
-0.209009
-0.174477
-0.135306
-0.120048
-0.186483
-0.279343
-0.369314
-0.470493
-0.585178
-0.653574
-0.562189
-0.393374
-0.247873
-0.212653
-0.317346
-0.454742
-0.51982
-0.409933
-0.264031
-0.182294
-0.115115
-0.0199516
0.105957
0.238066
0.368274
0.498589
0.631183
0.76308
0.891457
1.01775
1.16241
1.32006
1.40556
1.26814
1.04297
0.825672
0.606057
0.381646
0.124083
-0.153737
-0.439466
-0.741661
-1.06409
-1.31766
-1.31197
-1.17467
-1.03258
-0.895324
-0.794924
-0.711033
-0.641369
-0.528403
-0.312412
-0.0993992
-0.0693531
-0.173815
-0.31001
-0.416343
-0.454068
-0.473614
-0.537867
-0.618723
-0.668924
-0.684404
-0.701435
-0.711847
-0.709132
-0.681536
-0.64393
-0.630782
-0.739041
-0.912357
-1.00241
-0.918956
-0.783459
-0.663288
-0.581812
-0.51105
-0.434275
-0.356558
-0.306202
-0.281881
-0.200368
0.0556263
0.385291
0.751706
1.14919
1.55263
1.9647
2.3879
2.79023
3.08486
3.24074
3.36148
3.43416
3.35435
3.16759
2.82662
2.36391
1.88588
1.40036
0.915252
0.409251
-0.0655556
-0.3888
-0.546749
-0.637589
-0.603979
-0.433777
-0.227457
-0.0269162
0.192669
0.433565
0.615344
0.550888
0.327326
0.155367
0.0655788
0.000393734
-0.058384
-0.153366
-0.361616
-0.627108
-0.867138
-1.03394
-1.19326
-1.50628
-1.79712
-1.88446
-1.89469
-1.92791
-2.00117
-2.0962
-2.18769
-2.2898
-2.38206
-2.45376
-2.50595
-2.71386
-3.1529
-3.43314
-3.01501
-2.38286
-2.02333
-1.89281
-1.73469
-1.45705
-1.14378
-0.845693
-0.629396
-0.507132
-0.358236
-0.0661948
0.332062
0.758923
1.27772
1.76862
1.77227
0.936475
0.244243
-0.0552312
-0.298635
-0.537334
-0.795152
-1.0627
-1.33492
-1.46076
-1.29179
-1.01683
-0.751599
-0.482756
-0.267064
-0.110688
0.0212628
0.157742
0.285893
0.415315
0.551618
0.704339
0.811704
0.766631
0.618504
0.463184
0.314533
0.179598
0.0493009
-0.0302647
-0.0282148
0.00613097
0.0444895
0.0825983
0.0638393
-0.0430542
-0.181098
-0.312186
-0.454494
-0.604061
-0.728618
-0.744291
-0.693579
-0.629732
-0.57119
-0.517877
-0.449572
-0.312657
-0.114954
0.0993072
0.312757
0.5288
0.741681
0.951763
1.16614
1.40533
1.63407
1.68728
1.44191
1.09848
0.760191
0.406047
0.0567744
-0.203336
-0.297995
-0.328336
-0.330961
-0.315551
-0.298946
-0.29025
-0.315222
-0.35207
-0.392137
-0.430884
-0.455271
-0.449936
-0.44036
-0.403107
-0.277982
-0.139325
-0.14413
-0.312926
-0.52134
-0.719746
-0.948293
-1.20472
-1.3486
-1.1064
-0.697857
-0.298119
0.101749
0.507335
0.958388
1.37451
1.54143
1.34233
1.04511
0.757864
0.470426
0.15846
-0.179373
-0.433123
-0.400276
-0.211734
-0.0140583
0.183039
0.376093
0.585736
0.811658
1.00215
1.0171
0.86437
0.671665
0.482331
0.290137
0.0950542
-0.0975547
-0.270396
-0.422301
-0.532227
-0.622383
-0.720052
-0.824989
-0.905002
-0.88549
-0.807302
-0.718779
-0.627107
-0.543008
-0.480426
-0.434604
-0.401449
-0.393317
-0.392717
-0.391089
-0.388493
-0.391263
-0.3994
-0.387138
-0.30316
-0.178284
-0.0446466
0.0883275
0.180476
0.202328
0.199343
0.199406
0.19962
0.20307
0.204824
0.212271
0.229724
0.256695
0.286743
0.302952
0.260039
0.18028
0.0954043
0.0114356
-0.0802755
-0.173798
-0.233375
-0.213798
-0.166378
-0.123458
-0.0854457
-0.0344357
0.066577
0.208159
0.35698
0.507431
0.656801
0.805002
0.94955
1.10473
1.27337
1.40898
1.37826
1.22384
1.04795
0.870273
0.678854
0.489697
0.375788
0.399371
0.466748
0.54264
0.632641
0.676019
0.558377
0.351791
0.141957
-0.0670977
-0.291589
-0.535653
-0.710905
-0.663969
-0.514933
-0.36726
-0.211003
-0.064874
0.0450502
0.107237
0.158451
0.209101
0.271076
0.328199
0.327138
0.21861
0.0779903
-0.0596023
-0.205451
-0.359875
-0.484489
-0.506866
-0.481326
-0.460788
-0.446221
-0.416099
-0.304404
-0.115911
0.100572
0.330331
0.532439
0.588448
0.499159
0.372505
0.248988
0.124853
-0.00357381
-0.139506
-0.26409
-0.339965
-0.366197
-0.381849
-0.397924
-0.414118
-0.430051
-0.443685
-0.448335
-0.449756
-0.456973
-0.448589
-0.361833
-0.197024
-0.00961934
0.182417
0.368833
0.506291
0.57734
0.626557
0.647481
0.59816
0.531201
0.471131
0.388341
0.230086
0.0491743
-0.0571241
-0.031321
0.0406938
0.105193
0.174866
0.245288
0.312703
0.351867
0.378885
0.40215
0.435255
0.47348
0.479711
0.386419
0.258837
0.136549
0.0142785
-0.123007
-0.265584
-0.337895
-0.24509
-0.0940031
0.0542959
0.2088
0.353212
0.463042
0.544351
0.624462
0.707523
0.781327
0.815811
0.823587
0.836599
0.85749
0.841728
0.714143
0.544379
0.377634
0.211086
0.04788
-0.121649
-0.304104
-0.475831
-0.548955
-0.475963
-0.357697
-0.23551
-0.101869
0.00165058
-0.0107659
-0.108854
-0.227234
-0.354142
-0.445207
-0.430594
-0.374135
-0.322959
-0.267947
-0.214386
-0.157174
-0.103171
-0.0465692
0.0083134
0.0643288
0.117142
0.173118
0.233088
0.2893
0.305076
0.270028
0.224998
0.214281
0.242398
0.282442
0.31962
0.360539
0.405955
0.454369
0.502525
0.559572
0.61329
0.622049
0.540613
0.428035
0.311188
0.197583
0.122053
0.105622
0.107533
0.105481
0.105629
0.125205
0.177039
0.239143
0.29364
0.329337
0.356154
0.378156
0.373294
0.335888
0.28742
0.238286
0.193589
0.167442
0.151745
0.135422
0.116191
0.103772
0.119106
0.147563
0.14687
0.0756476
-0.0232574
-0.120266
-0.214158
-0.289846
-0.361106
-0.433852
-0.511192
-0.579007
-0.612029
-0.613577
-0.608928
-0.604331
-0.601862
-0.594825
-0.57481
-0.545408
-0.517562
-0.489149
-0.446682
-0.374109
-0.291999
-0.210415
-0.128358
-0.0466096
0.0335899
0.115482
0.199316
0.268742
0.264264
0.166335
0.0411706
-0.0835184
-0.213283
-0.334652
-0.42331
-0.480686
-0.529624
-0.564287
-0.588535
-0.608908
-0.630614
-0.65502
-0.683288
-0.712136
-0.75014
-0.79145
-0.788199
-0.674208
-0.521727
-0.373067
-0.218987
-0.0605261
0.0831832
0.168139
0.21909
0.263956
0.29736
0.318401
0.334341
0.350807
0.36772
0.384859
0.400435
0.416939
0.436289
0.452956
0.442627
0.398383
0.34345
0.290641
0.234923
0.177519
0.127466
0.105428
0.0960409
0.0913591
0.091246
0.0773737
0.0103218
-0.0869179
-0.174703
-0.208378
-0.181593
-0.1379
-0.0908034
-0.0501989
-0.0465246
-0.0830946
-0.130242
-0.17694
-0.226001
-0.27556
-0.316883
-0.341033
-0.36205
-0.38501
-0.400352
-0.389205
-0.365275
-0.341647
-0.31753
-0.290692
-0.263836
-0.254547
-0.280628
-0.318608
-0.356105
-0.395417
-0.434388
-0.471789
-0.503386
-0.534303
-0.563978
-0.575937
-0.550598
-0.51332
-0.477957
-0.442534
-0.403911
-0.360128
-0.33188
-0.354534
-0.401543
-0.44883
-0.500593
-0.55316
-0.59647
-0.607635
-0.610326
-0.617132
-0.608735
-0.549795
-0.464425
-0.377804
-0.28943
-0.202153
-0.120109
-0.0479981
0.0252133
0.102044
0.162796
0.172436
0.1617
0.15191
0.139862
0.128916
0.127033
0.14274
0.163616
0.184548
0.205361
0.22645
0.247515
0.268757
0.28974
0.31115
0.332099
0.353403
0.374953
0.39562
0.415464
0.437987
0.4636
0.481042
0.461522
0.40773
0.344354
0.278589
0.218815
0.186692
0.180084
0.179306
0.178429
0.177994
0.177916
0.176364
0.172207
0.167579
0.165548
0.163543
0.146881
0.0999466
0.0423539
-0.0143443
-0.0717462
-0.128073
-0.185215
-0.242932
-0.303105
-0.359736
-0.395526
-0.40782
-0.413755
-0.419626
-0.428681
-0.433878
-0.43905
-0.435744
-0.412581
-0.381307
-0.352676
-0.324979
-0.287605
-0.221443
-0.145988
-0.0712351
0.00398502
0.0787074
0.152211
0.226129
0.301401
0.374031
0.430465
0.467972
0.502712
0.529065
0.51726
0.476822
0.43139
0.386267
0.340208
0.295096
0.250614
0.206534
0.160296
0.113654
0.0801796
0.0806002
0.0945554
0.118651
0.161023
0.207783
0.253653
0.300321
0.348472
0.388544
0.402665
0.400185
0.395452
0.390453
0.385387
0.379246
0.372255
0.364603
0.362027
0.372447
0.386845
0.399579
0.414347
0.431371
0.440484
0.414937
0.358189
0.294709
0.232642
0.17183
0.112526
0.0546857
-0.00343219
-0.062761
-0.113159
-0.133742
-0.131851
-0.127052
-0.121945
-0.116299
-0.109749
-0.105117
-0.101336
-0.0914212
-0.0663318
-0.0368018
-0.00646268
0.022345
0.0391813
0.0371256
0.0289373
0.0214217
0.0137965
0.00640887
-0.00101497
-0.00808314
-0.0158531
-0.0247092
-0.0331899
-0.0406262
-0.0496631
-0.0636468
-0.0793716
-0.0943204
-0.10844
-0.12151
-0.134323
-0.146844
-0.159135
-0.168143
-0.167636
-0.159973
-0.150964
-0.141972
-0.133295
-0.124668
-0.116016
-0.107275
-0.0996858
-0.0955655
-0.0926236
-0.0901881
-0.0880671
-0.0836493
-0.0718838
-0.0558305
-0.0404483
-0.0262049
-0.0128441
-9.96454e-05
0.0122089
0.0241113
0.0319404
0.0285037
0.0203106
0.0123102
0.00564353
0.00408053
0.00847868
0.0140113
0.018686
0.0231274
0.0273499
0.0309145
0.0316595
0.028614
0.024472
0.020884
0.0175363
0.0143305
0.0109737
0.00857744
0.00940113
0.0135739
0.0178682
0.0212745
0.0238358
0.0256631
0.0267617
0.0273375
0.02751
0.0266384
0.0229521
0.0166572
0.0101335
0.00434366
-0.000836882
-0.00546829
-0.00962761
-0.013269
-0.0163981
-0.0188569
-0.0208275
-0.0224864
-0.0239309
-0.0251267
-0.0260685
-0.026759
-0.0273054
-0.027736
-0.0280836
-0.0283207
-0.0284765
-0.0285499
-0.0285851
-0.0285465
-0.0283164
-0.0278434
-0.0273689
-0.0269832
-0.0266584
-0.0263756
-0.0261321
-0.0259086
-0.0256883
-0.0254578
-0.0252265
-0.02501
-0.0247944
-0.0245304
-0.0242086
-0.0238353
-0.023416
-0.0229539
-0.0224528
-0.0219153
-0.0213448
-0.0207428
-0.0201113
-0.019453
-0.0187704
-0.0180639
-0.0173347
-0.0165834
-0.0158109
-0.0150178
-0.0142047
-0.0133723
-0.0125212
-0.011652
-0.0107652
-0.00986131
-0.00894091
-0.00800454
-0.00705275
-0.0060861
-0.00510515
-0.00411046
-0.0031026
-0.00208215
-0.00104966
0
0
0
0
