0.00728407
0.00738673
0.00753076
0.00772197
0.00796348
0.00825237
0.00857508
0.00890809
0.00922715
0.0095186
0.0097777
0.00999071
0.0101393
0.0102152
0.0102321
0.0102188
0.0101908
0.0101427
0.0100546
0.0098897
0.00958851
0.00906806
0.00824242
0.00705507
0.00550801
0.00369525
0.00181464
9.6399e-05
-0.00131496
-0.00240706
-0.00323669
-0.00384532
-0.00430254
-0.0047252
-0.00520511
-0.00578747
-0.00647486
-0.00724127
-0.0080612
-0.00890079
-0.00970318
-0.0103837
-0.0108358
-0.0109522
-0.0106441
-0.00982179
-0.00838487
-0.00630464
-0.00365619
-0.000501184
0.00310081
0.00704322
0.0112126
0.0154803
0.0196784
0.0235897
0.0269971
0.0297591
0.031808
0.0330725
0.0336054
0.033683
0.0336367
0.0334719
0.0328755
0.0313436
0.0283864
0.0238322
0.0180917
0.0121427
0.00690033
0.00291897
0.000255931
-0.00146995
-0.00250388
-0.00302066
-0.00327031
-0.00352532
-0.00395085
-0.00463337
-0.00564142
-0.00707604
-0.00907414
-0.0117239
-0.0149768
-0.0186842
-0.0228946
-0.0277861
-0.0335184
-0.0401508
-0.0476612
-0.0558189
-0.0640226
-0.0713772
-0.0771582
-0.0810908
-0.0832908
-0.0837193
-0.0822174
-0.0787388
-0.0732141
-0.065693
-0.0567872
-0.0478218
-0.0402689
-0.0352072
-0.0330085
-0.0330514
-0.0340207
-0.0348207
-0.0345597
-0.0325319
-0.028378
-0.0221834
-0.014554
-0.00624049
0.00230465
0.0108147
0.0191199
0.0271325
0.0347706
0.0419
0.0482365
0.0532461
0.0563319
0.0570548
0.0551547
0.0507743
0.0446412
0.0375233
0.0299574
0.022484
0.0157494
0.0104068
0.006981
0.00564397
0.00613419
0.00815604
0.0112774
0.0146896
0.0174279
0.0189567
0.019284
0.0188663
0.0181657
0.0173561
0.0163688
0.0149525
0.0127512
0.00937995
0.00463181
-0.00127508
-0.00767477
-0.0139028
-0.0194477
-0.0239763
-0.0274131
-0.0298644
-0.0314169
-0.0322404
-0.0327088
-0.0332299
-0.0336635
-0.033356
-0.0314739
-0.0275696
-0.0220246
-0.0161253
-0.0114013
-0.00871946
-0.00814427
-0.00923952
-0.0113883
-0.0137048
-0.0152801
-0.0157797
-0.0155362
-0.0153141
-0.0156347
-0.0166186
-0.0180032
-0.0193272
-0.020231
-0.0205437
-0.0203095
-0.0196576
-0.0187972
-0.0180428
-0.0177338
-0.0180106
-0.0187028
-0.0194137
-0.019857
-0.0199228
-0.0196762
-0.0192912
-0.0189385
-0.0187734
-0.0189247
-0.0194596
-0.0203153
-0.0212427
-0.0217976
-0.0214227
-0.0196944
-0.0166812
-0.0130962
-0.0100237
-0.0082648
-0.0081399
-0.00943467
-0.0116063
-0.013945
-0.0157064
-0.0164698
-0.0161966
-0.0151398
-0.0137923
-0.0126341
-0.0114349
-0.00928128
-0.00511345
0.0012079
0.0088421
0.0168703
0.0242249
0.0297743
0.0328521
0.0335777
0.0328073
0.0313289
0.0296723
0.0281401
0.0265548
0.0242156
0.0202602
0.0142343
0.00646033
-0.00197224
-0.00996687
-0.0166967
-0.0216108
-0.0244209
-0.0252777
-0.0247393
-0.0231113
-0.0206098
-0.0176013
-0.0145071
-0.0115237
-0.00865986
-0.00582068
-0.00286453
0.000346261
0.00391121
0.00782854
0.0119633
0.0160905
0.019922
0.0230997
0.0251871
0.0256198
0.0239525
0.0202031
0.0150281
0.0093209
0.0036806
-0.00152611
-0.00611526
-0.0101247
-0.0137606
-0.0171889
-0.0205539
-0.0240295
-0.0278176
-0.0320964
-0.0368831
-0.0419432
-0.0467651
-0.0506935
-0.0531216
-0.0537087
-0.0526408
-0.0506742
-0.0485875
-0.0468155
-0.0454579
-0.0442855
-0.0428276
-0.0405858
-0.0371825
-0.032461
-0.0264486
-0.0195581
-0.0126852
-0.00689243
-0.00294248
-0.00106593
-0.000802722
-0.00129047
-0.00200133
-0.00270458
-0.00334038
-0.00397556
-0.00471424
-0.00563163
-0.00672832
-0.00789786
-0.00891198
-0.00946614
-0.00928773
-0.00828054
-0.0066083
-0.00458119
-0.00235709
3.79806e-05
0.00266087
0.00564937
0.00918481
0.0133924
0.0182517
0.0236563
0.0295993
0.0360671
0.0428992
0.049745
0.0561591
0.0616844
0.0659713
0.0689486
0.0709816
0.0728962
0.0755716
0.07956
0.0848979
0.09091
0.0963434
0.100128
0.101616
0.100591
0.0969093
0.0904641
0.0816796
0.0718177
0.0625377
0.0547707
0.0485566
0.0431227
0.0373464
0.0304113
0.0219939
0.012372
0.00226112
-0.00746753
-0.0158655
-0.022143
-0.0260221
-0.0279339
-0.0286835
-0.0286504
-0.0279212
-0.026552
-0.0246763
-0.0224311
-0.0198422
-0.0170207
-0.0144851
-0.013173
-0.0136335
-0.0153946
-0.0171392
-0.0177739
-0.0168805
-0.0148349
-0.0126701
-0.0111481
-0.0101412
-0.00888288
-0.00688472
-0.00430134
-0.00175916
0.000321988
0.00196706
0.00348236
0.00517941
0.00729569
0.00988374
0.0126956
0.0152012
0.0168086
0.0171931
0.0164927
0.015335
0.0144989
0.0148066
0.0167984
0.0201955
0.0239061
0.0268062
0.0285812
0.0294957
0.0298067
0.0297782
0.0296276
0.0293495
0.0287448
0.0275173
0.0253776
0.0221687
0.0180692
0.013716
0.00996985
0.00737015
0.00597125
0.00538159
0.00516963
0.00511537
0.00511621
0.00512254
0.00510495
0.00505036
0.00495074
0.00479886
0.00459719
0.004384
0.00425017
0.00434212
0.00482763
0.00583
0.00733271
0.00909568
0.0106791
0.0117152
0.0121197
0.0120834
0.0118431
0.0115542
0.0113246
0.0112597
0.0114837
0.0121244
0.0132641
0.0148798
0.0167984
0.0188088
0.0208934
0.0231766
0.0257534
0.0284952
0.0310206
0.0328596
0.0336192
0.033054
0.0310083
0.027665
0.0237087
0.020049
0.0174161
0.0162627
0.0167286
0.0187665
0.022009
0.0256072
0.0285399
0.0303047
0.0309822
0.0309401
0.0303615
0.0292756
0.0276691
0.0255187
0.0228622
0.0197215
0.0160978
0.0120325
0.00753741
0.00252046
-0.00307712
-0.00912625
-0.0152028
-0.0205177
-0.0239905
-0.0245542
-0.0216174
-0.015603
-0.00796877
-5.09913e-05
0.00720623
0.0131301
0.0174015
0.0200816
0.0213791
0.0214202
0.0204616
0.0190167
0.0175849
0.0163174
0.0150827
0.0136082
0.011694
0.00932615
0.00674832
0.00448294
0.00324567
0.00368536
0.00587354
0.00882627
0.0106444
0.00967138
0.00584961
0.000785845
-0.00351379
-0.00610904
-0.00717619
-0.00733902
-0.00700913
-0.00640087
-0.0056388
-0.00479605
-0.00397033
-0.00330223
-0.00288429
-0.00268155
-0.00257584
-0.00249997
-0.00245752
-0.00247305
-0.00255465
-0.00265038
-0.00262802
-0.00228317
-0.00138774
0.000246807
0.00265217
0.0056436
0.00872097
0.0109588
0.0110705
0.00779453
0.000587192
-0.00961628
-0.0203797
-0.0292563
-0.034916
-0.0371411
-0.0361861
-0.0325906
-0.0274218
-0.0218517
-0.0165978
-0.0120363
-0.00832446
-0.00542199
-0.00321317
-0.00166448
-0.0007358
-0.000312118
-0.000389924
-0.00110491
-0.00256612
-0.00468417
-0.00712554
-0.00947145
-0.0112987
-0.0122463
-0.0122103
-0.0116035
-0.0113408
-0.0123553
-0.0149947
-0.0187728
-0.0223528
-0.0241874
-0.023766
-0.0219211
-0.0202887
-0.0195305
-0.01923
-0.0185839
-0.0170389
-0.0145186
-0.0114257
-0.00833934
-0.00596657
-0.00497007
-0.00546714
-0.00674728
-0.00765543
-0.00747267
-0.00604677
-0.00367487
-0.000996948
0.00115305
0.00230724
0.00277522
0.00351945
0.0054445
0.00857629
0.011883
0.0137279
0.0132622
0.0108479
0.00777473
0.00504471
0.00323096
0.00254706
0.0028575
0.00364436
0.00416299
0.00408694
0.00376333
0.00419978
0.00672122
0.0121301
0.020302
0.0303139
0.040684
0.0495644
0.0556989
0.0589828
0.0602733
0.0602672
0.0592803
0.0575291
0.0552234
0.0524826
0.0493489
0.0459927
0.0427888
0.0402292
0.0387817
0.038712
0.0398427
0.0415448
0.0431652
0.0440474
0.0435858
0.0415332
0.0383581
0.0350825
0.0323554
0.030127
0.0276609
0.0237852
0.0176207
0.00912751
-0.000686943
-0.0102357
-0.0180933
-0.0232221
-0.0252559
-0.0248098
-0.0234339
-0.0225142
-0.0225205
-0.0231036
-0.0235668
-0.0234143
-0.0225147
-0.0210779
-0.0194865
-0.0182947
-0.0181981
-0.0199053
-0.0236975
-0.0288248
-0.0336777
-0.0370872
-0.0390124
-0.0397881
-0.0393534
-0.0374205
-0.0337958
-0.0287115
-0.0230544
-0.0180618
-0.0145328
-0.0127382
-0.0125605
-0.0132936
-0.0138893
-0.0140087
-0.0139807
-0.0142325
-0.014971
-0.0160667
-0.0171364
-0.017911
-0.0183343
-0.0185775
-0.0190473
-0.0202998
-0.0227565
-0.0262564
-0.0299069
-0.0324392
-0.0333401
-0.0331116
-0.0329002
-0.0333277
-0.0343387
-0.035457
-0.0361423
-0.0359358
-0.0346086
-0.0323841
-0.0300321
-0.0285498
-0.0281499
-0.0281302
-0.02734
-0.0250341
-0.0211814
-0.0166661
-0.0128359
-0.00974693
-0.00658058
-0.00340791
-0.000792292
0.00112587
0.00232039
0.00236403
0.000819766
-0.00213721
-0.00571147
-0.00909352
-0.0116684
-0.0131227
-0.0137762
-0.0146764
-0.0168481
-0.0203914
-0.0245017
-0.0281927
-0.0307963
-0.0320826
-0.0321903
-0.0311322
-0.0289321
-0.0258292
-0.0222354
-0.018677
-0.015852
-0.0145395
-0.0152978
-0.0182091
-0.022763
-0.0276379
-0.030901
-0.0311464
-0.0281416
-0.0228445
-0.0165191
-0.0101869
-0.00466871
-0.000391475
0.00278984
0.00552654
0.00852448
0.0120351
0.0157818
0.0190428
0.0210233
0.0214956
0.0209694
0.0202677
0.0196576
0.0190148
0.0185179
0.0186039
0.0193775
0.0205363
0.0215285
0.0216657
0.0204079
0.0179531
0.015304
0.013588
0.012893
0.0123436
0.0111348
0.00940704
0.00782741
0.00718045
0.00820464
0.0111639
0.0154975
0.0199018
0.02335
0.0257029
0.0272363
0.0277907
0.0269554
0.0246032
0.0212427
0.0178419
0.0148381
0.0119658
0.00879592
0.00524279
0.00159963
-0.00169563
-0.00423547
-0.00576611
-0.00632211
-0.00636028
-0.0066242
-0.00748525
-0.00850228
-0.0086283
-0.00694917
-0.00331954
0.00161202
0.0070008
0.0117997
0.014914
0.0156367
0.0139663
0.0107967
0.00791917
0.00741188
0.00982716
0.0138734
0.0173097
0.0186181
0.0173962
0.0142139
0.00980323
0.00485215
6.65548e-05
-0.00401076
-0.0070128
-0.00877873
-0.00927485
-0.00846795
-0.00651156
-0.00397559
-0.00170748
-0.000120311
0.00086823
0.00162727
0.00236924
0.00298356
0.00310202
0.00225148
0.000215437
-0.00271391
-0.00581071
-0.00853976
-0.0106008
-0.0118459
-0.0122264
-0.0118865
-0.0111784
-0.0103843
-0.00956462
-0.00862564
-0.00745893
-0.00607256
-0.00462901
-0.0033404
-0.00215853
-0.000745497
0.00138932
0.00457742
0.00872471
0.0131325
0.0165874
0.0179892
0.0167684
0.0129549
0.00674306
-0.00135158
-0.0101214
-0.0179879
-0.0243586
-0.0295294
-0.0337821
-0.0372563
-0.0400674
-0.042359
-0.044225
-0.0457436
-0.0469252
-0.0476397
-0.0477176
-0.0470407
-0.045548
-0.0433379
-0.0407835
-0.0384284
-0.0365209
-0.0349468
-0.0333187
-0.0312336
-0.0285142
-0.0253057
-0.0221353
-0.0197039
-0.0182695
-0.0174838
-0.0165934
-0.0151466
-0.0132887
-0.0116982
-0.0111858
-0.0119324
-0.0133902
-0.0147369
-0.0154197
-0.0152011
-0.0140552
-0.0121057
-0.0097352
-0.00753659
-0.00595106
-0.00518759
-0.00517896
-0.00561138
-0.00626321
-0.0071795
-0.00855657
-0.0105008
-0.0127839
-0.0148053
-0.0158528
-0.0153746
-0.0131834
-0.00961137
-0.00522813
-0.000159359
0.00570853
0.0122808
0.0190447
0.0251392
0.0299171
0.0333859
0.0360532
0.0381936
0.0398919
0.0412067
0.0421977
0.042891
0.0432187
0.043111
0.0425732
0.0416741
0.0403575
0.0384421
0.0357288
0.0321277
0.0277907
0.0231017
0.018297
0.0132586
0.00771424
0.00164553
-0.0045871
-0.010358
-0.015225
-0.019032
-0.0218815
-0.0241647
-0.026248
-0.0278826
-0.0283359
-0.0269445
-0.0238456
-0.0201842
-0.0174897
-0.0164266
-0.0165684
-0.0168342
-0.0167693
-0.0166201
-0.0168821
-0.0179162
-0.0197501
-0.0220081
-0.0240327
-0.0250814
-0.0245968
-0.022773
-0.0207994
-0.0203297
-0.0218779
-0.0247348
-0.0274524
-0.0282652
-0.0264882
-0.0229634
-0.0191585
-0.0161032
-0.0142903
-0.0136423
-0.013617
-0.0139415
-0.0146943
-0.0158633
-0.0171726
-0.018147
-0.0184322
-0.0179487
-0.0169291
-0.0159589
-0.0158199
-0.0169145
-0.0188802
-0.0208517
-0.0220919
-0.0220501
-0.0202753
-0.0164702
-0.0107905
-0.00399999
0.00288987
0.00890294
0.0132891
0.0158237
0.0169905
0.0177769
0.0187145
0.0195981
0.0196684
0.0180568
0.0145195
0.0097917
0.00544323
0.00275961
0.0018806
0.00182022
0.00130189
-0.000242141
-0.00260387
-0.00517124
-0.00735006
-0.00868242
-0.00898982
-0.00855025
-0.00803871
-0.00804365
-0.00883567
-0.0103076
-0.0120771
-0.013792
-0.0151378
-0.015826
-0.0155542
-0.0139306
-0.0106775
-0.00591052
-0.000268743
0.0053218
0.00981925
0.0125112
0.0135808
0.0139232
0.0141527
0.0145733
0.0152767
0.0161327
0.0169119
0.0175451
0.0182726
0.0194801
0.0213784
0.0238617
0.02646
0.0283937
0.0290639
0.0287387
0.028115
0.0276909
0.0277869
0.0286134
0.0301742
0.0321553
0.0339105
0.0345205
0.0331036
0.0294433
0.0243436
0.0194242
0.015992
0.0148011
0.0159721
0.018801
0.0221095
0.0250816
0.0273028
0.0285897
0.0287354
0.0275837
0.0252291
0.0221119
0.0190416
0.0171109
0.0170586
0.0181901
0.0189037
0.018683
0.0179928
0.0172651
0.0168543
0.0169632
0.0174596
0.0178449
0.0175039
0.0161716
0.0140954
0.0119223
0.0103628
0.0099853
0.0108601
0.0123889
0.0136205
0.0136989
0.0120354
0.00844389
0.0033374
-0.00205821
-0.00589602
-0.00675149
-0.00450455
-0.000577227
0.00283475
0.00443092
0.004109
0.00271217
0.00108671
-0.000247285
-0.000918611
-0.0004043
0.00184784
0.00608741
0.0119536
0.0182149
0.0231318
0.0258263
0.0263376
0.0248366
0.0214245
0.0164688
0.0108858
0.00596285
0.00279837
0.00208967
0.00388711
0.00733655
0.0110691
0.0141457
0.0161453
0.0171509
0.0177587
0.0186946
0.0203813
0.0228212
0.0256686
0.0284149
0.0304633
0.0312882
0.0308027
0.0295865
0.0286233
0.0281687
0.0273137
0.0250451
0.021438
0.0174271
0.013532
0.00959065
0.00515567
-0.000216731
-0.00653615
-0.0126361
-0.0164866
-0.0168535
-0.0147812
-0.0123617
-0.0100893
-0.00719651
-0.00316532
0.00145133
0.00549736
0.00888412
0.0123588
0.016214
0.0198642
0.0228036
0.025423
0.0281024
0.0302487
0.0307368
0.02912
0.0258707
0.0219275
0.0177849
0.0135272
0.00905313
0.00432376
-0.000522203
-0.00519332
-0.00945388
-0.0132983
-0.0169511
-0.0206963
-0.0245479
-0.028186
-0.0309758
-0.0320494
-0.0305655
-0.0261355
-0.0192996
-0.0114607
-0.00376273
0.00291851
0.00791705
0.0109855
0.0124569
0.0130864
0.0130179
0.0116157
0.00885286
0.0060587
0.00490347
0.0055175
0.0067888
0.0081082
0.00954579
0.0109916
0.0118397
0.0116022
0.0105459
0.00947785
0.00871157
0.00784515
0.00693621
0.00673103
0.00801028
0.0110848
0.0154805
0.0198689
0.0227815
0.0235729
0.0225082
0.0203437
0.0182425
0.0174404
0.0184749
0.0209523
0.0237966
0.0262486
0.0279851
0.0289805
0.0292364
0.0287779
0.0276689
0.0258755
0.0233108
0.0198777
0.0153057
0.00919459
0.00132309
-0.0080747
-0.0180694
-0.0270135
-0.0333104
-0.0368079
-0.0387298
-0.0402271
-0.0415661
-0.0423824
-0.0423049
-0.0412824
-0.0396693
-0.0379599
-0.0365679
-0.0356943
-0.0350894
-0.0341424
-0.0323623
-0.0296226
-0.0262186
-0.0226859
-0.0195233
-0.0170776
-0.0153087
-0.0137791
-0.0119374
-0.00939636
-0.00621819
-0.00313989
-0.00124745
-0.000958296
-0.0016689
-0.00220136
-0.00142245
0.00137517
0.00576345
0.0102941
0.0138864
0.0160333
0.0167988
0.01667
0.0159454
0.0142256
0.0109611
0.00640821
0.00164921
-0.00225493
-0.00516097
-0.00750425
-0.00957589
-0.0115806
-0.0137583
-0.0163094
-0.0192654
-0.0224032
-0.0252948
-0.0274115
-0.028277
-0.0277433
-0.0262984
-0.0248519
-0.0241412
-0.0245006
-0.0254924
-0.0261676
-0.0260935
-0.0253825
-0.0243127
-0.023351
-0.0230958
-0.024064
-0.0261345
-0.0277221
-0.0269474
-0.0232202
-0.017258
-0.0101608
-0.00351416
0.00094142
0.00263944
0.00236717
0.00149749
0.00111457
0.00191233
0.00411701
0.00739885
0.0108615
0.0133097
0.0140804
0.013313
0.0118534
0.010551
0.0097863
0.00963661
0.0101695
0.0113844
0.0131173
0.0149959
0.0165208
0.0174216
0.0177885
0.017919
0.0178409
0.0172503
0.0158657
0.0139113
0.0121915
0.0117226
0.0130258
0.0158601
0.0191818
0.0214059
0.0214966
0.019435
0.0159279
0.0117239
0.0074943
0.00347799
-0.000381226
-0.00424174
-0.00835205
-0.0128652
-0.0175295
-0.0216871
-0.0246288
-0.0261814
-0.0267114
-0.0265987
-0.0261868
-0.0255429
-0.0243978
-0.0223072
-0.0189042
-0.0142141
-0.00870661
-0.00292432
0.00247401
0.00677566
0.00962696
0.0113332
0.0126429
0.0137835
0.0143054
0.0136818
0.0120651
0.00996914
0.00777824
0.00580639
0.00426639
0.00309004
0.00178027
-0.000397367
-0.00384145
-0.00840849
-0.0135271
-0.0187851
-0.0239391
-0.028847
-0.0334641
-0.037682
-0.0409823
-0.0426636
-0.0427215
-0.0417593
-0.040037
-0.0373576
-0.033433
-0.0283723
-0.0229675
-0.0182478
-0.0146063
-0.0119981
-0.0102984
-0.00934736
-0.00894681
-0.00882018
-0.00875967
-0.00869548
-0.00864127
-0.00863755
-0.00871342
-0.0088469
-0.00894397
-0.00883522
-0.00830803
-0.00717007
-0.00534124
-0.0029188
-7.54388e-05
0.00318955
0.00694301
0.0111186
0.015425
0.0194003
0.0227271
0.0253165
0.0273511
0.0291295
0.0304919
0.0310211
0.0305026
0.0290885
0.0272406
0.025258
0.023267
0.0212283
0.0188912
0.0159043
0.0120514
0.00750454
0.0028086
-0.00158636
-0.00578073
-0.0100503
-0.0141647
-0.0175678
-0.0200527
-0.021896
-0.0234294
-0.0246407
-0.0253555
-0.025375
-0.0243964
-0.0220846
-0.0182737
-0.0131495
-0.00741935
-0.00206941
0.00229031
0.00544439
0.00734376
0.00812155
0.0081172
0.00788552
0.00792869
0.0085769
0.00993162
0.0118208
0.0138237
0.0154238
0.0164835
0.0175282
0.0194566
0.0226836
0.0267513
0.0306251
0.0337864
0.0363865
0.0390004
0.0416805
0.0433286
0.0430051
0.0404795
0.0361982
0.030976
0.0255051
0.0202501
0.0153175
0.010574
0.00597582
0.00164762
-0.00204923
-0.00456564
-0.00564362
-0.00597608
-0.0068969
-0.00901107
-0.012077
-0.0154801
-0.0189509
-0.0225976
-0.026706
-0.0314052
-0.0364349
-0.0411599
-0.0449039
-0.047254
-0.0480747
-0.0472516
-0.0446597
-0.040306
-0.0341389
-0.0262386
-0.0170769
-0.00765669
0.000531669
0.00626394
0.0095268
0.0112877
0.0121479
0.0123924
0.012186
0.011648
0.011014
0.0106003
0.0105093
0.0106413
0.0108732
0.011131
0.011428
0.011832
0.0123973
0.0131024
0.0138809
0.0147525
0.0158351
0.0172092
0.0186771
0.0197935
0.0201413
0.0194177
0.017466
0.01428
0.0101158
0.00534718
0.000259897
-0.0048586
-0.00969243
-0.0139288
-0.0173114
-0.0197629
-0.0213509
-0.0220007
-0.0216073
-0.020181
-0.0178519
-0.0149118
-0.0116629
-0.00812248
-0.00441543
-0.00103369
0.00142174
0.00269949
0.00298498
0.00269648
0.00229049
0.00193889
0.00155895
0.000963024
7.7112e-06
-0.00132192
-0.00293075
-0.00480343
-0.00683585
-0.00863502
-0.0098597
-0.0105528
-0.0108987
-0.0109486
-0.0106934
-0.0101826
-0.00964947
-0.00952175
-0.0102943
-0.0123715
-0.0158254
-0.0201335
-0.024031
-0.0258366
-0.02467
-0.0210463
-0.0159196
-0.0101071
-0.00430809
0.00091227
0.00515441
0.00822895
0.0101096
0.0109115
0.0109233
0.0103601
0.00927021
0.00768117
0.0057258
0.00369172
0.00187015
0.000425073
-0.00063606
-0.00145409
-0.00229143
-0.00347115
-0.00516719
-0.00733522
-0.00974393
-0.0120273
-0.0137863
-0.014902
-0.0155332
-0.0156994
-0.0152207
-0.0138731
-0.0115756
-0.00851035
-0.00501998
-0.00146066
0.00174617
0.00413675
0.00532403
0.00517534
0.00396962
0.00222496
0.000248598
-0.0018284
-0.00398132
-0.00627115
-0.00882569
-0.0118532
-0.0155037
-0.0196546
-0.0237516
-0.0270737
-0.0295403
-0.0315927
-0.0333806
-0.0346694
-0.0351876
-0.03489
-0.0342834
-0.0343835
-0.0358761
-0.038501
-0.0411746
-0.0428348
-0.0430489
-0.0420052
-0.040333
-0.0389531
-0.0384599
-0.0389347
-0.0399821
-0.0409901
-0.0412513
-0.0402392
-0.0378885
-0.0346209
-0.0311415
-0.0279575
-0.0253656
-0.0235344
-0.0224441
-0.0218844
-0.0214387
-0.0206003
-0.0192147
-0.0177023
-0.0167183
-0.0165343
-0.0169561
-0.0175433
-0.0177407
-0.0169849
-0.0149799
-0.0119521
-0.00855972
-0.00528051
-0.00223341
0.000718817
0.00390724
0.00763944
0.0117659
0.0155002
0.0176913
0.0175992
0.0152192
0.0111484
0.00613386
0.00105391
-0.00345355
-0.0073187
-0.0108827
-0.0144658
-0.0181727
-0.0218595
-0.0251178
-0.0273758
-0.0280956
-0.0270686
-0.0246571
-0.0217633
-0.0195076
-0.0186306
-0.0189671
-0.0199071
-0.0207168
-0.0205815
-0.0188556
-0.01533
-0.0102985
-0.00426581
0.00197135
0.00744609
0.0113471
0.013175
0.0129135
0.0111574
0.00898575
0.0070593
0.00537665
0.00354925
0.00135851
-0.000991445
-0.00301692
-0.00451236
-0.00569711
-0.00681211
-0.00748703
-0.00692934
-0.004594
-0.000685031
0.00374984
0.00741429
0.0095336
0.0100346
0.00946724
0.00839606
0.00701775
0.00526821
0.00298345
9.93027e-05
-0.00316654
-0.00626268
-0.0085245
-0.0093034
-0.00817836
-0.00526524
-0.00135539
0.00247106
0.00518128
0.0060175
0.00491529
0.0025625
-0.000211438
-0.0031118
-0.00618519
-0.00927138
-0.0118208
-0.0133711
-0.0140326
-0.0142312
-0.0143223
-0.0142822
-0.0132475
-0.0100409
-0.00450375
0.00232333
0.00907477
0.0150375
0.0199572
0.02335
0.0247921
0.024395
0.0232443
0.0229735
0.024149
0.0263978
0.0291832
0.0318322
0.0337756
0.0346954
0.0345003
0.0333092
0.0314717
0.0293604
0.0273444
0.0257905
0.0248959
0.0245616
0.024499
0.0246288
0.0251315
0.0261723
0.0274165
0.0280252
0.0271105
0.0241411
0.0192256
0.0130631
0.00615449
-0.00130533
-0.00909258
-0.0165732
-0.0227994
-0.0271888
-0.0302291
-0.0331098
-0.0362216
-0.0391363
-0.0411236
-0.0418198
-0.0414856
-0.0408362
-0.040271
-0.0398186
-0.0392294
-0.0380921
-0.03621
-0.0337733
-0.0313981
-0.0299218
-0.030217
-0.0328209
-0.0373846
-0.0423121
-0.0451189
-0.0440026
-0.038742
-0.0306904
-0.021479
-0.0122122
-0.00363303
0.00382908
0.0100415
0.0150441
0.019052
0.0224033
0.0253688
0.0282477
0.0313655
0.0347795
0.038101
0.040649
0.0418717
0.0415537
0.0398798
0.0371823
0.0338347
0.0303632
0.0273388
0.0251806
0.0240983
0.0240614
0.0247502
0.0256441
0.0265375
0.0278167
0.030116
0.0335578
0.0376387
0.0417036
0.0454507
0.0487824
0.0513103
0.052411
0.0517035
0.0495445
0.0469719
0.0448625
0.0434005
0.0422431
0.0408931
0.0389931
0.0366198
0.0341941
0.0319571
0.0299578
0.0281958
0.0266225
0.0252032
0.0241498
0.0238617
0.0245368
0.0257778
0.0266942
0.0265349
0.0248787
0.0218115
0.0180281
0.0144168
0.0115223
0.00942689
0.00766694
0.00543124
0.00235942
-0.00105194
-0.00408898
-0.00697934
-0.010305
-0.0132469
-0.0142389
-0.0124628
-0.00805068
-0.00216844
0.00335951
0.00779146
0.0113566
0.0142589
0.0167434
0.019244
0.0222706
0.0259947
0.0300781
0.033808
0.0365888
0.0381138
0.0381904
0.0367633
0.0341014
0.0308016
0.0277828
0.0259434
0.0254748
0.0257873
0.0259149
0.0250397
0.0228494
0.0197622
0.0166557
0.0145276
0.0141532
0.0156717
0.0183312
0.0210157
0.0233252
0.025136
0.0261216
0.0261416
0.0254181
0.0244857
0.0240742
0.0246289
0.0258427
0.0269533
0.0274145
0.0270088
0.0258624
0.024523
0.0237633
0.0238978
0.0245145
0.0248543
0.0248974
0.0253403
0.0267525
0.0285587
0.0298339
0.0303755
0.030424
0.0298314
0.0281288
0.0248626
0.0200101
0.0143048
0.0090628
0.00523832
0.00298572
0.00171018
0.000466796
-0.00153532
-0.004069
-0.00624888
-0.00731754
-0.00685183
-0.00496621
-0.002354
-0.000253524
0.000299343
-0.000234251
-0.000476406
-0.000218424
0.00012325
0.0003541
0.000349397
7.06449e-05
-0.000136847
0.000752228
0.00396953
0.00964416
0.0163088
0.0222078
0.0262558
0.0282119
0.0286428
0.0282094
0.0272295
0.0257633
0.023679
0.020777
0.0170051
0.0125742
0.0077792
0.00290062
-0.00173354
-0.00576703
-0.00892382
-0.0111179
-0.0124757
-0.0131119
-0.01305
-0.0123617
-0.0112421
-0.0100393
-0.0092103
-0.00900784
-0.00924715
-0.00941601
-0.0091779
-0.00858493
-0.00767642
-0.0063675
-0.00483686
-0.00358009
-0.00310279
-0.00376943
-0.00573507
-0.00880932
-0.0124635
-0.016316
-0.0203629
-0.0246395
-0.0287587
-0.0319963
-0.0337907
-0.0341473
-0.0336589
-0.0330516
-0.0330133
-0.0339966
-0.0359116
-0.0381104
-0.0396587
-0.0396414
-0.037838
-0.0350695
-0.0326916
-0.0309511
-0.0292046
-0.0271752
-0.0249263
-0.022659
-0.0207392
-0.019585
-0.0195115
-0.0205846
-0.0225261
-0.0248538
-0.0269549
-0.028454
-0.0293106
-0.0298428
-0.0307185
-0.0326061
-0.0352719
-0.0376235
-0.0388786
-0.0390348
-0.0387362
-0.0386607
-0.0393935
-0.0412849
-0.0441776
-0.0471549
-0.0487579
-0.0481338
-0.0462001
-0.0448472
-0.044324
-0.0437912
-0.0423897
-0.039343
-0.0342289
-0.0271957
-0.019001
-0.0110847
-0.00504873
-0.00186532
-0.00155512
-0.00315354
-0.00548532
-0.00767345
-0.00919974
-0.0102216
-0.0114155
-0.0132815
-0.0155591
-0.017593
-0.0188849
-0.0191859
-0.0185174
-0.017347
-0.0165507
-0.016892
-0.0185824
-0.0211626
-0.0237755
-0.0258083
-0.0269657
-0.0271692
-0.0264224
-0.0249004
-0.0230018
-0.0211248
-0.0194167
-0.0177542
-0.0157663
-0.0129594
-0.00905475
-0.00442903
-3.69314e-07
0.00356572
0.00639399
0.009205
0.0125398
0.0166043
0.0211938
0.0256669
0.029337
0.0319427
0.0336618
0.0346709
0.0347286
0.0333853
0.0304533
0.0263147
0.0217212
0.0171944
0.013066
0.0095616
0.00682751
0.00488238
0.00363038
0.00297095
0.00269946
0.00247805
0.00203683
0.00131657
0.000480184
-0.000100358
4.33492e-05
0.00119191
0.00326357
0.00569368
0.00758458
0.00837245
0.00814138
0.00748268
0.00688446
0.00667808
0.00709246
0.00827454
0.0102171
0.012675
0.0152832
0.0178022
0.0200995
0.0220497
0.0234996
0.0243091
0.0244463
0.0240747
0.0235413
0.0230767
0.0226283
0.0219786
0.0210243
0.0198517
0.0187118
0.0179144
0.0177743
0.0185493
0.0203976
0.0232155
0.0264539
0.0291663
0.0304895
0.029945
0.0276491
0.0243618
0.0208952
0.0174321
0.0136381
0.00908018
0.00365265
-0.00221991
-0.00772762
-0.012368
-0.0160289
-0.018745
-0.0205413
-0.021583
-0.0223268
-0.0234649
-0.0255552
-0.0286871
-0.0323472
-0.0355071
-0.0371902
-0.0368174
-0.0343934
-0.0303614
-0.0251135
-0.019183
-0.013438
-0.00882752
-0.00559018
-0.00340385
-0.00190115
-0.000592248
0.00106313
0.00323667
0.0056075
0.00759039
0.00889223
0.00966293
0.0104189
0.0116724
0.0135993
0.0159335
0.0180017
0.0191186
0.0189427
0.0176613
0.0159038
0.0141312
0.0126068
0.0114537
0.0106706
0.0102293
0.0100508
0.0100002
0.00994629
0.00983217
0.00965642
0.00945469
0.00927346
0.00912728
0.00898123
0.00876316
0.00839802
0.00786721
0.00723217
0.00663048
0.00619215
0.00589553
0.00553761
0.00477959
0.00330465
0.00103232
-0.00175168
-0.00445664
-0.00660215
-0.00791533
-0.00840417
-0.00834081
-0.00793264
-0.00737215
-0.0069228
-0.00692247
-0.00774364
-0.00967119
-0.0127215
-0.0164502
-0.0199346
-0.0222227
-0.0229181
-0.0221956
-0.0203405
-0.0175693
-0.0142159
-0.0108255
-0.00799735
-0.00613831
-0.00535766
-0.00534961
-0.00544328
-0.00503876
-0.00368992
-0.00118262
0.00230988
0.00625166
0.0101217
0.0135447
0.0163055
0.0184238
0.020151
0.0218057
0.0237188
0.0262128
0.0295286
0.0337464
0.0386286
0.0434995
0.0472751
0.0488806
0.04798
0.0452281
0.0418306
0.0385552
0.0356906
0.0331302
0.0303916
0.0268708
0.0222315
0.0166396
0.0108062
0.00563965
0.00173458
-0.000801548
-0.00230016
-0.00304821
-0.00335901
-0.00364069
-0.00421269
-0.00519518
-0.00650092
-0.00789552
-0.00918108
-0.0102178
-0.0108993
-0.0111402
-0.0109139
-0.0103021
-0.00945255
-0.00837349
-0.00697299
-0.0051565
-0.00290639
-0.000321414
0.00246936
0.00527247
0.00783553
0.00997716
0.0117357
0.0134121
0.0154761
0.0182445
0.0216811
0.0253034
0.0282613
0.0298077
0.0297166
0.0283784
0.026432
0.024319
0.0223367
0.0207067
0.019591
0.0191029
0.0192601
0.0199479
0.0210103
0.0224515
0.0243635
0.0268104
0.0298099
0.0334517
0.0377775
0.0426211
0.0475903
0.0522715
0.0562995
0.059351
0.0611411
0.0615366
0.0605721
0.0580994
0.0539174
0.0481482
0.0414542
0.0348219
0.029172
0.0252634
0.0234791
0.023515
0.0242799
0.0244694
0.0233191
0.0207395
0.0172033
0.0131986
0.00908723
0.00518469
0.00176635
-0.000924579
-0.00271986
-0.00356657
-0.00362763
-0.00327297
-0.0027914
-0.00242399
-0.00241763
-0.00296371
-0.00406142
-0.00532109
-0.00596617
-0.00512331
-0.00261708
0.000656289
0.00343193
0.00497361
0.00526797
0.00509294
0.00571379
0.00811194
0.0126519
0.0187986
0.0252359
0.0308769
0.0350326
0.0375033
0.0386351
0.0388772
0.0385444
0.0378913
0.0370763
0.0360281
0.0345458
0.0324435
0.0296463
0.0261908
0.0222537
0.0181818
0.0143272
0.0109148
0.00800172
0.00543956
0.00294472
0.000380252
-0.00221416
-0.00465554
-0.00668352
-0.00808399
-0.00882144
-0.00916242
-0.00967781
-0.0109779
-0.0134435
-0.017051
-0.0212585
-0.0252382
-0.0284417
-0.0306684
-0.031921
-0.0321814
-0.0315124
-0.030204
-0.0286808
-0.0270748
-0.0252541
-0.022967
-0.0199584
-0.0161458
-0.0117881
-0.00757827
-0.00444293
-0.00308023
-0.0036685
-0.0057968
-0.00882111
-0.0117978
-0.0136571
-0.0136269
-0.0114716
-0.00761105
-0.00283338
0.00174452
0.00485613
0.00551397
0.00340026
-0.000809097
-0.00565674
-0.00967564
-0.0115115
-0.0101959
-0.00568473
0.000738314
0.00666845
0.0101519
0.0108528
0.0100205
0.00940357
0.00996286
0.0116637
0.0137085
0.0153879
0.0162603
0.0161637
0.0150847
0.0129566
0.00981171
0.00593596
0.00187298
-0.00187364
-0.00493391
-0.00709518
-0.008383
-0.0090191
-0.00911527
-0.00875088
-0.00810754
-0.00745391
-0.00695218
-0.00665415
-0.00651994
-0.00642185
-0.00623059
-0.0058693
-0.00532438
-0.00463236
-0.00381679
-0.00285958
-0.00173765
-0.000468588
0.000854991
0.00207501
0.00296997
0.0032804
0.00274613
0.00110572
-0.00174919
-0.00555961
-0.00959713
-0.0129758
-0.0153252
-0.016911
-0.0184298
-0.0203359
-0.0225681
-0.0245684
-0.0255552
-0.0253012
-0.024249
-0.0230749
-0.0221975
-0.0217336
-0.0215412
-0.0213806
-0.0210581
-0.0204631
-0.0196189
-0.0186742
-0.0177853
-0.0170863
-0.016667
-0.0165257
-0.0165776
-0.0167517
-0.0169773
-0.0171565
-0.017167
-0.0168757
-0.0161826
-0.0150781
-0.0137047
-0.0123474
-0.0112721
-0.0105861
-0.0101855
-0.00972261
-0.00868854
-0.0066999
-0.00370275
-6.67767e-05
0.00358124
0.00679247
0.00936744
0.0113669
0.0130396
0.0146902
0.0166511
0.0191651
0.0221461
0.0251046
0.0272544
0.0278941
0.0267157
0.0240509
0.0207796
0.017537
0.0146906
0.0124078
0.010656
0.00936682
0.00850221
0.008002
0.00771406
0.00741745
0.00700363
0.00647059
0.00586418
0.00520573
0.00448762
0.00369785
0.00283715
0.00194501
0.0011052
0.000415736
-6.33961e-05
-0.000337323
-0.000485141
-0.000598589
-0.000708837
-0.000788176
-0.00076557
-0.000546936
-5.42525e-05
0.000731485
0.00174496
0.00288506
0.00408145
0.00530209
0.00656826
0.00802464
0.0100125
0.0129593
0.0171535
0.0224557
0.0280398
0.0325276
0.0347474
0.0342211
0.0312264
0.0263237
0.020536
0.0151444
0.0109063
0.0079716
0.006014
0.00468209
0.00370172
0.00280626
0.0017828
0.000576621
-0.000725222
-0.00193101
-0.0027783
-0.00300696
-0.00244976
-0.00113775
0.000690871
0.00280776
0.00501719
0.00709754
0.00880601
0.00995432
0.0105458
0.01085
0.0113509
0.0124573
0.0143376
0.0168284
0.0194324
0.0216018
0.0229658
0.023416
0.0230947
0.0221435
0.0206873
0.0188794
0.0167908
0.0144477
0.0119336
0.00944835
0.00727352
0.00563681
0.00463018
0.00412511
0.00379081
0.00336506
0.00274275
0.00196978
0.00121159
0.000622363
0.0003006
0.000252505
0.00037368
0.000526354
0.000635501
0.000685958
0.000686762
0.000653495
0.000605051
0.000560275
0.000533074
0.000530239
0.000549722
0.000581116
0.000607769
0.000613111
0.000590615
0.000557518
0.000567133
0.00071453
0.00112803
0.0019598
0.00340204
0.00562675
0.00864325
0.0121593
0.0156217
0.0185923
0.0208094
0.0222227
0.0229572
0.0230115
0.0223357
0.0209765
0.019084
0.0167228
0.0139472
0.0108372
0.00741778
0.00374399
-2.67797e-05
-0.00365266
-0.00690563
-0.00960601
-0.011656
-0.0129953
-0.0134854
-0.0130545
-0.01188
-0.0104248
-0.00916945
-0.00841176
-0.0082414
-0.00856544
-0.00928318
-0.0102318
-0.0111149
-0.0115318
-0.0111312
-0.00974924
-0.00753504
-0.00496266
-0.00251083
-0.000450432
0.00115197
0.002372
0.00322625
0.00363592
0.003481
0.0026122
0.000913079
-0.00152507
-0.00424677
-0.00652568
-0.00786446
-0.00814005
-0.00761576
-0.00670938
-0.00568425
-0.00469213
-0.00382622
-0.00315997
-0.00277802
-0.0027598
-0.00313221
-0.00380941
-0.00458912
-0.00529498
-0.00581361
-0.00608908
-0.0061257
-0.00594355
-0.00553897
-0.00492541
-0.0041737
-0.00339695
-0.00268715
-0.00212475
-0.00178576
-0.00174681
-0.0021319
-0.003095
-0.00472391
-0.00693321
-0.00948083
-0.0122251
-0.0150849
-0.0179621
-0.0207235
-0.0232151
-0.0253101
-0.0269431
-0.028126
-0.0288507
-0.0290058
-0.0284824
-0.0273098
-0.0256837
-0.023804
-0.0219212
-0.020348
-0.0193035
-0.0187859
-0.0185319
-0.0181386
-0.0173327
-0.0160458
-0.0144577
-0.0129618
-0.0119159
-0.011557
-0.0119178
-0.0127773
-0.0138169
-0.0148188
-0.0156607
-0.0162938
-0.0167171
-0.0169703
-0.0171381
-0.0173112
-0.0174822
-0.0175435
-0.0173227
-0.0166343
-0.0153618
-0.0135487
-0.0114281
-0.00926306
-0.00714931
-0.00502556
-0.00274215
-0.000194424
0.00260109
0.00545487
0.00803086
0.0100305
0.0112823
0.0118084
0.0117602
0.0112125
0.0102373
0.00895728
0.00746396
0.00583474
0.00417809
0.00259064
0.000978145
-0.000967735
-0.00362077
-0.00711118
-0.0111322
-0.0149122
-0.0175207
-0.0184888
-0.0180671
-0.0171967
-0.0169188
-0.0178814
-0.0201844
-0.0232297
-0.0259042
-0.0274175
-0.0276982
-0.0273426
-0.0271048
-0.0274963
-0.0286931
-0.0305136
-0.0326224
-0.0345213
-0.0356283
-0.0355667
-0.0344096
-0.0326273
-0.0306045
-0.0285275
-0.0264692
-0.0244591
-0.022582
-0.021011
-0.0199963
-0.0198127
-0.0206941
-0.0226552
-0.0252917
-0.0278332
-0.0296634
-0.0304303
-0.0301071
-0.0289681
-0.02738
-0.0258639
-0.0250318
-0.0252386
-0.0263908
-0.0279499
-0.0292671
-0.0300034
-0.0301996
-0.0302007
-0.0303581
-0.03095
-0.0321155
-0.0337474
-0.0354828
-0.0368788
-0.0375784
-0.0373953
-0.0363515
-0.0345235
-0.0320067
-0.0290436
-0.0260691
-0.0235222
-0.0215982
-0.0202155
-0.019125
-0.0181266
-0.0170625
-0.0157958
-0.0142415
-0.0123892
-0.0103203
-0.00817476
-0.00613341
-0.00441222
-0.0032201
-0.00266974
-0.002676
-0.00287444
-0.00268382
-0.00166222
0.000198811
0.00240994
0.00420269
0.00502511
0.00468815
0.00342617
0.00170012
-0.000282023
-0.00254258
-0.0052252
-0.0084979
-0.0123984
-0.0166807
-0.0207898
-0.0241197
-0.0261914
-0.0268179
-0.0262563
-0.0250337
-0.023469
-0.0217316
-0.0199328
-0.0181006
-0.0162259
-0.0143172
-0.012434
-0.0106736
-0.00913263
-0.00786897
-0.00688631
-0.00618773
-0.00578418
-0.00563016
-0.00558764
-0.00546743
-0.00510063
-0.00436133
-0.00319122
-0.00158728
0.000403197
0.00260743
0.00470732
0.00637164
0.00737698
0.00767727
0.0073827
0.00653937
0.00521055
0.00359993
0.00203465
0.000772635
-3.19374e-05
-0.000354688
-0.000336461
-0.000191211
-9.41416e-05
-0.000180003
-0.000535614
-0.00116396
-0.00195343
-0.00266284
-0.00295544
-0.00255057
-0.00155645
-0.000501607
3.72239e-05
-0.00038481
-0.00200201
-0.00479136
-0.00833778
-0.0118112
-0.0143899
-0.0157839
-0.0162702
-0.0163402
-0.0163195
-0.0163618
-0.0164762
-0.016532
-0.0163141
-0.0156053
-0.0142993
-0.012505
-0.0105543
-0.00877844
-0.00735053
-0.0063221
-0.00579788
-0.00598045
-0.00698714
-0.00853912
-0.0100279
-0.0110179
-0.0114275
-0.0114609
-0.0113531
-0.0112912
-0.0114234
-0.0118257
-0.012474
-0.013218
-0.0137987
-0.0139612
-0.0136517
-0.0130475
-0.012401
-0.0117532
-0.0109768
-0.00998374
-0.00885414
-0.00781592
-0.00707054
-0.00671809
-0.00677366
-0.00720953
-0.00789087
-0.00854074
-0.00877294
-0.00817602
-0.00654153
-0.00417166
-0.00188645
-0.000554806
-0.000522993
-0.00158395
-0.00335797
-0.00547614
-0.00752003
-0.00907722
-0.0100089
-0.0105872
-0.0112816
-0.0123538
-0.0137819
-0.0153071
-0.0165515
-0.0170959
-0.0166477
-0.0152959
-0.0133691
-0.011219
-0.00924818
-0.00781598
-0.007015
-0.0066598
-0.00648407
-0.00634934
-0.00622728
-0.00613472
-0.00609843
-0.00611713
-0.00614245
-0.00609789
-0.00589172
-0.00544679
-0.00474978
-0.00389567
-0.00308453
-0.00250846
-0.0022548
-0.00226416
-0.00234886
-0.00232863
-0.00206459
-0.0014933
-0.000686223
0.000116063
0.000521719
0.000135543
-0.00119032
-0.00320971
-0.00533566
-0.00706032
-0.00812875
-0.00851559
-0.00830471
-0.00774498
-0.00724534
-0.00712837
-0.00746456
-0.00808407
-0.00875582
-0.00937893
-0.00999162
-0.0107035
-0.0115437
-0.0123886
-0.0130078
-0.013236
-0.0131251
-0.0129504
-0.0130723
-0.0138477
-0.0155319
-0.018126
-0.0212393
-0.0241652
-0.0263757
-0.0277403
-0.0284606
-0.028757
-0.0288999
-0.0292516
-0.0301427
-0.0317304
-0.0339168
-0.0363958
-0.0389163
-0.0412709
-0.043218
-0.0444155
-0.044499
-0.0434008
-0.0416274
-0.0397034
-0.0375255
-0.0345226
-0.0301251
-0.0242718
-0.0176912
-0.0117305
-0.00743467
-0.00526305
-0.00505231
-0.00625414
-0.00797093
-0.00942398
-0.010152
-0.0100003
-0.00912978
-0.00783608
-0.00651174
-0.00555189
-0.00516345
-0.00533343
-0.00591674
-0.00677639
-0.00779713
-0.00893796
-0.0102962
-0.0120264
-0.0142582
-0.0169756
-0.0197996
-0.0217945
-0.0218369
-0.0196347
-0.0162458
-0.0132619
-0.0117672
-0.0122019
-0.0144905
-0.018312
-0.0229353
-0.0273257
-0.0309164
-0.0336834
-0.0359888
-0.0381523
-0.0401637
-0.0417594
-0.0426757
-0.0428757
-0.0425582
-0.0418815
-0.0410219
-0.0402002
-0.039518
-0.0388663
-0.0379942
-0.0367269
-0.0351266
-0.0335231
-0.0323611
-0.0317515
-0.0313844
-0.030699
-0.0292241
-0.026725
-0.0232719
-0.0191579
-0.014939
-0.0114151
-0.00927118
-0.00863459
-0.00900949
-0.0097143
-0.0103788
-0.0108552
-0.0109886
-0.0105806
-0.00943164
-0.00741307
-0.0045981
-0.00137685
0.00162547
0.00373509
0.00434507
0.00315332
0.000400229
-0.00324259
-0.00710678
-0.0105177
-0.0129497
-0.0143109
-0.0148564
-0.0147628
-0.0141846
-0.0133621
-0.0125376
-0.0117817
-0.0110328
-0.0102108
-0.00936456
-0.00868899
-0.00842558
-0.00870118
-0.00941908
-0.0102668
-0.010938
-0.0112138
-0.0109443
-0.00998275
-0.00820767
-0.00565514
-0.00259017
0.00046337
0.00276902
0.00373852
0.00338131
0.00219256
0.000460842
-0.00166357
-0.0039944
-0.00625539
-0.00803575
-0.00890648
-0.00866173
-0.00740722
-0.00539511
-0.00286018
-0.000132148
0.00230882
0.00404595
0.00506572
0.00560758
0.00593826
0.00635592
0.00707635
0.00808291
0.00910215
0.00968225
0.0093725
0.00788189
0.00525859
0.00194424
-0.00151941
-0.00455811
-0.00661586
-0.00738279
-0.00694908
-0.0057593
-0.00415917
-0.00231405
-0.000315542
0.00177517
0.00386614
0.0058298
0.00761117
0.00930699
0.0111018
0.0130704
0.0151026
0.0169413
0.0183161
0.0190757
0.0192473
0.0189777
0.0183566
0.017466
0.0164142
0.0152613
0.013993
0.0125659
0.0109489
0.00915409
0.00726994
0.00544294
0.00380276
0.00244272
0.00141971
0.000795834
0.000605956
0.000816475
0.0013698
0.00218261
0.00308328
0.00382868
0.00425625
0.00431829
0.00407384
0.0036161
0.00302872
0.00237444
0.00159382
0.000479875
-0.00119199
-0.00341696
-0.00579135
-0.00762235
-0.00841138
-0.00812253
-0.00721852
-0.00634492
-0.00591427
-0.00610554
-0.00697898
-0.00848393
-0.0103957
-0.0123767
-0.0141595
-0.0155514
-0.0164292
-0.0167288
-0.0164081
-0.0155229
-0.0142645
-0.0128152
-0.0111878
-0.00928701
-0.00700181
-0.0042809
-0.00117799
0.00209836
0.00515127
0.00749518
0.00886995
0.00950224
0.010057
0.011171
0.0132401
0.0163179
0.0200822
0.0241134
0.0280655
0.0316358
0.0345627
0.0366708
0.0379298
0.0384051
0.0381186
0.0371634
0.035775
0.0342834
0.0330323
0.032034
0.0309876
0.0295573
0.0277708
0.0260261
0.0247808
0.0242083
0.024186
0.0245526
0.0251168
0.0255944
0.025615
0.0247952
0.0228947
0.0200233
0.0167875
0.0141556
0.0128249
0.0130106
0.0143032
0.0158072
0.0169494
0.0175609
0.0177611
0.0177224
0.0175745
0.0174121
0.0172777
0.0171713
0.0170612
0.0169093
0.016686
0.0163827
0.0159737
0.0153151
0.0141835
0.0124154
0.0101227
0.00781253
0.00623338
0.00584594
0.00662566
0.00804526
0.00941393
0.0103371
0.0107541
0.0108525
0.0107889
0.0106669
0.0105544
0.0104771
0.0104343
0.010419
0.0104398
0.0105319
0.0107536
0.0111666
0.0118034
0.012634
0.0135798
0.0146315
0.0158618
0.0173713
0.0192113
0.0213042
0.0233899
0.0250796
0.0260832
0.0263145
0.0258983
0.0250002
0.0238216
0.0226323
0.0216509
0.020957
0.0204622
0.0198971
0.0188429
0.0168931
0.0139755
0.0105578
0.00760679
0.00609766
0.00638055
0.00806956
0.0104533
0.0129782
0.0152123
0.0168297
0.0177
0.0179439
0.0178962
0.0178568
0.0179283
0.0180221
0.0178899
0.0172081
0.0157207
0.0133898
0.0104779
0.00740703
0.00454751
0.00220835
0.000621854
-6.26101e-05
0.000150887
0.000972335
0.00185458
0.00235492
0.00227003
0.00160262
0.000447695
-0.000964047
-0.00222808
-0.00289916
-0.00286237
-0.00248733
-0.00248622
-0.00331801
-0.00465765
-0.0058519
-0.00651121
-0.00654341
-0.00602045
-0.00506534
-0.00386823
-0.00261087
-0.00146863
-0.000619674
-0.000210882
-0.000307273
-0.000814346
-0.00141582
-0.00162922
-0.00109083
0.000282267
0.00226191
0.00449406
0.00673129
0.00881679
0.0106656
0.0122615
0.0136106
0.0147327
0.015696
0.0166521
0.0178217
0.0193892
0.0214287
0.0238486
0.0263661
0.0286473
0.0305853
0.0323358
0.0342234
0.0364673
0.0389649
0.0412605
0.0426552
0.0426119
0.0412268
0.0392935
0.037775
0.0371522
0.0373077
0.0376711
0.037753
0.0372524
0.0360893
0.0344035
0.0324089
0.0304187
0.028797
0.0277704
0.0273173
0.0271646
0.0269518
0.0264512
0.0256232
0.0246535
0.0239377
0.0239303
0.0249577
0.0270468
0.0298245
0.0326954
0.0351108
0.0366146
0.0369217
0.0360655
0.0344341
0.0324913
0.0305973
0.0290026
0.0277462
0.0266094
0.0251476
0.0228387
0.0193464
0.0147164
0.00942737
0.00411998
-0.000494068
-0.00371567
-0.0051347
-0.00494598
-0.00396562
-0.00304893
-0.00269298
-0.0030087
-0.00369034
-0.0041217
-0.00376989
-0.00236273
-3.25311e-05
0.00260431
0.00474574
0.00601117
0.00650512
0.00653725
0.00634831
0.00612297
0.00602157
0.00616628
0.00663611
0.00744242
0.00851048
0.00970245
0.0108914
0.0119416
0.0126994
0.0130279
0.0128706
0.0123067
0.0115156
0.0105502
0.00930873
0.00763315
0.00543385
0.0028208
0.000191175
-0.00183721
-0.0027688
-0.00246596
-0.00126477
0.000198927
0.00146536
0.00228177
0.00260135
0.00258929
0.00247058
0.00242931
0.00259104
0.00300195
0.00360361
0.00422635
0.00463431
0.00465929
0.00426281
0.00358028
0.00288616
0.00238329
0.00211651
0.00197226
0.00174508
0.00128736
0.000566638
-0.00029341
-0.00102073
-0.0013298
-0.00105585
-0.000241761
0.000875309
0.00208325
0.00319507
0.00403968
0.00451249
0.0046353
0.00460944
0.00482088
0.00573318
0.00765927
0.0105936
0.0140694
0.0172282
0.0193695
0.0203721
0.0206226
0.0205024
0.0202654
0.0200941
0.0200977
0.0203127
0.0206925
0.0211035
0.0213222
0.0210623
0.0200391
0.0180864
0.0152943
0.0120739
0.00894099
0.00623505
0.00409884
0.0025483
0.00166801
0.00154154
0.00211196
0.00312724
0.00426559
0.00531477
0.00614588
0.00670439
0.00702924
0.00726655
0.00762503
0.00821178
0.00891996
0.00944609
0.00943087
0.00870886
0.00742252
0.00598479
0.00476779
0.00396891
0.00357166
0.00332665
0.00288825
0.00200301
0.000579142
-0.00130272
-0.00343084
-0.00542797
-0.00681965
-0.007301
-0.00689625
-0.00588409
-0.00439286
-0.00246038
-0.000170652
0.00232116
0.00480005
0.00694865
0.00834794
0.0085748
0.00737838
0.00492067
0.0019241
-0.000593097
-0.00198488
-0.00214203
-0.00154736
-0.00105047
-0.00129005
-0.00255712
-0.00476751
-0.00757676
-0.0103909
-0.0124203
-0.0130326
-0.0121652
-0.0103926
-0.00850583
-0.0070076
-0.00606811
-0.00557783
-0.00523526
-0.00458669
-0.00316299
-0.000790755
0.00225892
0.0053269
0.00778699
0.00925669
0.00964536
0.00907437
0.00786968
0.00662497
0.00599693
0.00627355
0.00729972
0.00865745
0.0100104
0.0111361
0.0119295
0.0124549
0.0129235
0.0135669
0.0144809
0.0156304
0.0169742
0.0185159
0.0202169
0.0218903
0.023187
0.0236566
0.0229006
0.0208034
0.0177543
0.0146642
0.0124772
0.0117636
0.0125667
0.0144452
0.0169984
0.0199482
0.0230031
0.0258375
0.028195
0.0299796
0.0312783
0.0323016
0.033133
0.0337554
0.0341284
0.0342234
0.0340133
0.0334564
0.0325698
0.0314624
0.0302706
0.0291508
0.0282848
0.0278407
0.0278971
0.028363
0.0289396
0.0292371
0.0290366
0.0283527
0.0273983
0.0263804
0.0253612
0.0242747
0.0229831
0.0213433
0.0192791
0.0168288
0.0140973
0.0112398
0.00848174
0.00605351
0.00411782
0.00271336
0.00174468
0.00110984
0.000754581
0.000605503
0.00053199
0.000385405
6.45241e-05
-0.000476105
-0.00120956
-0.0020439
-0.00290284
-0.00374635
-0.00456088
-0.00536132
-0.00618814
-0.00710233
-0.00817037
-0.00944243
-0.010937
-0.0126634
-0.0146099
-0.0166915
-0.018712
-0.0203753
-0.0213877
-0.02161
-0.0211708
-0.0204487
-0.01977
-0.0193147
-0.0191206
-0.0190828
-0.0190338
-0.0188018
-0.0182316
-0.0172011
-0.0155936
-0.0132936
-0.0102978
-0.00683146
-0.00331645
-6.40023e-05
0.00275408
0.00510855
0.00710687
0.00884846
0.0104045
0.0118437
0.0131957
0.0143763
0.0152368
0.0156445
0.0155593
0.0151277
0.0147438
0.0149529
0.0160918
0.0180809
0.020492
0.0229718
0.0252461
0.0270727
0.0282566
0.0286728
0.0283704
0.0276393
0.0268936
0.0263747
0.0261409
0.0261216
0.0262338
0.0264158
0.0266105
0.0267583
0.0267909
0.0266375
0.0262463
0.0256215
0.0248655
0.0242
0.023913
0.0241745
0.0249181
0.025805
0.0263657
0.0263143
0.0256411
0.0245817
0.023394
0.0222862
0.0214228
0.0208804
0.0205988
0.0203574
0.0198297
0.0187578
0.01712
0.0152142
0.0136092
0.0128231
0.0131311
0.0145188
0.01684
0.0198519
0.0230793
0.025857
0.0277283
0.0286952
0.0289962
0.0286821
0.0277048
0.0260934
0.0240859
0.0221603
0.0207955
0.0203537
0.0210251
0.0228362
0.0256457
0.028975
0.0320652
0.0343716
0.0356789
0.0361715
0.0364047
0.0368967
0.0379689
0.0396905
0.0418517
0.0441064
0.0460767
0.0473792
0.0476726
0.046691
0.0443982
0.0411449
0.0375533
0.0341347
0.0312762
0.0292061
0.027846
0.0267117
0.0249787
0.0218942
0.017283
0.011704
0.00616149
0.00144969
-0.00188172
-0.00355406
-0.00379256
-0.00333266
-0.00291551
-0.00294346
-0.00348374
-0.00433392
-0.00525132
-0.00604965
-0.00662111
-0.00695013
-0.00707227
-0.00704632
-0.00694656
-0.00683005
-0.00673544
-0.0066995
-0.00676677
-0.00698902
-0.00741012
-0.00803853
-0.008829
-0.00971878
-0.0106694
-0.0116404
-0.012563
-0.0133277
-0.0137844
-0.0137788
-0.0132157
-0.0121173
-0.0105832
-0.00865865
-0.00639948
-0.00389873
-0.00116501
0.00184872
0.00509785
0.00823854
0.0107192
0.012198
0.0128125
0.0129867
0.0129799
0.0129121
0.0128331
0.0127387
0.0126111
0.012444
0.0122515
0.0120672
0.0119477
0.0119622
0.0121868
0.012672
0.0133933
0.014207
0.0148735
0.0151876
0.0150394
0.0144705
0.0137014
0.0130074
0.012558
0.0123876
0.0124067
0.0124823
0.0125041
0.0123976
0.0121487
0.0118252
0.0115868
0.0116549
0.0122348
0.013413
0.0150628
0.0168318
0.0183458
0.019361
0.019799
0.0197004
0.019012
0.0176573
0.0156747
0.013263
0.0106604
0.00808473
0.00579486
0.00409702
0.00329094
0.00354255
0.00480407
0.00689088
0.00935007
0.0115035
0.0129369
0.0135979
0.0135499
0.0129705
0.0121829
0.0114829
0.0110275
0.0108376
0.0108182
0.0108306
0.0107829
0.0106403
0.0104277
0.0102128
0.010055
0.00998274
0.00998882
0.0100419
0.010099
0.0101026
0.00998802
0.00969584
0.00919329
0.0084944
0.00764296
0.00661262
0.00533685
0.00376768
0.00191762
-0.000134272
-0.00221016
-0.00403429
-0.00534484
-0.00604747
-0.00627355
-0.00628908
-0.00627073
-0.00630746
-0.0064213
-0.00656235
-0.00662081
-0.00645477
-0.00593629
-0.00501216
-0.00376656
-0.00242005
-0.00119346
-0.000251709
0.000320126
0.000559151
0.000611881
0.000601458
0.000593951
0.000615847
0.000661026
0.000702195
0.000704409
0.000639446
0.000499972
0.000309541
0.00011671
-3.8223e-05
-0.000131803
-0.000163501
-0.000154604
-0.000126461
-9.39717e-05
-6.80786e-05
-5.52893e-05
-5.86987e-05
-7.75414e-05
-0.000108554
-0.000145382
-0.00018296
-0.000219712
-0.000269529
-0.00038205
-0.000636197
-0.00111406
-0.00186521
-0.00286134
-0.0039922
-0.00514564
-0.00622805
-0.00715766
-0.00788095
-0.00839153
-0.00875055
-0.00906001
-0.00935568
-0.00957544
-0.00958583
-0.00922676
-0.00838981
-0.00711061
-0.00560251
-0.00414497
-0.00309223
-0.00284164
-0.00371399
-0.00578765
-0.00879129
-0.0122811
-0.0158732
-0.019172
-0.0217412
-0.0231758
-0.0232409
-0.0220538
-0.0201171
-0.0179334
-0.0157804
-0.0137798
-0.0119451
-0.0102204
-0.00855752
-0.00698329
-0.00559153
-0.00450099
-0.00379305
-0.00343857
-0.00329461
-0.00324778
-0.00324641
-0.0032757
-0.00334962
-0.00349593
-0.00374634
-0.0041361
-0.00469311
-0.0054066
-0.00622012
-0.00707091
-0.00789643
-0.00862655
-0.00919431
-0.00955466
-0.00971557
-0.00974994
-0.00975514
-0.00979703
-0.00991209
-0.0101066
-0.010356
-0.010622
-0.0108759
-0.0110987
-0.011281
-0.0114194
-0.011522
-0.011616
-0.0117545
-0.0120128
-0.0124784
-0.0132184
-0.0142379
-0.015454
-0.0167427
-0.0180017
-0.0191447
-0.0201006
-0.0208343
-0.0213666
-0.0217763
-0.0221293
-0.0224073
-0.0225265
-0.0223829
-0.0219116
-0.0211714
-0.0203773
-0.0198002
-0.0195535
-0.0195756
-0.019738
-0.0199536
-0.0201722
-0.0203691
-0.0205439
-0.0207122
-0.0208942
-0.0211038
-0.0213387
-0.0215768
-0.021782
-0.0219163
-0.0219557
-0.0219041
-0.0217887
-0.0216725
-0.0216683
-0.0219398
-0.02267
-0.0239799
-0.0258233
-0.027912
-0.0297961
-0.0311018
-0.0316094
-0.0312989
-0.0302944
-0.0287875
-0.0271246
-0.0257619
-0.0249669
-0.0247521
-0.0249277
-0.0253177
-0.0258014
-0.0262534
-0.0265033
-0.0263181
-0.0254604
-0.0238096
-0.0215352
-0.019205
-0.0176104
-0.0171477
-0.017646
-0.0184992
-0.019235
-0.0196962
-0.0199052
-0.019896
-0.01972
-0.0195009
-0.0194479
-0.0198347
-0.0209114
-0.0227756
-0.0252519
-0.0278873
-0.0302013
-0.0318908
-0.0328786
-0.0333309
-0.0334857
-0.0334602
-0.0332822
-0.032953
-0.0324922
-0.0319765
-0.0315043
-0.0311407
-0.0309075
-0.0307738
-0.0306686
-0.0305637
-0.0304718
-0.0304316
-0.0304889
-0.0306679
-0.0309356
-0.0311767
-0.0311895
-0.0307247
-0.0295697
-0.0276731
-0.0252698
-0.0228681
-0.0209601
-0.019943
-0.0200195
-0.0210408
-0.0224962
-0.0238542
-0.0248019
-0.0252628
-0.0253877
-0.0254247
-0.025556
-0.0258726
-0.0263648
-0.0269232
-0.0274135
-0.0277999
-0.0281665
-0.0286593
-0.0293329
-0.0300992
-0.0307492
-0.0310701
-0.0309028
-0.030205
-0.0290967
-0.0277553
-0.0262901
-0.0247756
-0.023288
-0.0219069
-0.0207141
-0.0197769
-0.019118
-0.0186773
-0.018332
-0.0180273
-0.0177767
-0.0176385
-0.0176992
-0.0180365
-0.0186955
-0.0197267
-0.0212668
-0.0234365
-0.0261956
-0.0292188
-0.0318931
-0.0335513
-0.0336312
-0.031895
-0.0287036
-0.0249461
-0.0213133
-0.0182753
-0.0161282
-0.0148993
-0.0143767
-0.0143563
-0.0147651
-0.0155499
-0.0165732
-0.0175892
-0.018401
-0.0189032
-0.0190863
-0.019017
-0.0187073
-0.0180605
-0.016948
-0.0153057
-0.013236
-0.011027
-0.0089753
-0.00725048
-0.00588629
-0.00482799
-0.00403692
-0.00345762
-0.00298372
-0.0024914
-0.00191904
-0.00127421
-0.00063203
-0.000132157
4.94409e-05
-0.00024182
-0.00106168
-0.00228341
-0.00361176
-0.00478671
-0.00560369
-0.00592572
-0.00574244
-0.00514382
-0.00414906
-0.00276196
-0.00107183
0.000723714
0.00240423
0.00380323
0.00482969
0.00551674
0.00605113
0.00669917
0.00762642
0.0088558
0.0102698
0.0116943
0.0129594
0.0139078
0.0143976
0.0142628
0.0133501
0.0116531
0.00944187
0.00725958
0.0056061
0.00468928
0.00435708
0.00418149
0.00384049
0.00317828
0.00221941
0.00117712
0.000324059
-7.94141e-05
0.000156429
0.00111865
0.00279332
0.00496537
0.00723138
0.00926555
0.0108472
0.0118767
0.012435
0.0127503
0.0129952
0.0132294
0.0134274
0.0134918
0.0132733
0.0126321
0.0115284
0.0100932
0.00860333
0.0073495
0.00659864
0.00652802
0.00711911
0.00811721
0.00917504
0.00995493
0.010144
0.00952192
0.0080399
0.0058422
0.00336996
0.00129547
9.12285e-05
-0.000171662
0.000189097
0.000767125
0.00141476
0.00221091
0.00332146
0.00475945
0.00628258
0.00744929
0.00789785
0.00747436
0.00634434
0.00497717
0.00376497
0.0029006
0.00239332
0.00214203
0.00209161
0.00222259
0.00252072
0.00297107
0.00353073
0.00410195
0.00456622
0.00487815
0.00508444
0.00530672
0.00565977
0.00618389
0.00682849
0.00747516
0.00800335
0.00830932
0.00833013
0.00806618
0.00755803
0.00688426
0.00616155
0.00546299
0.00477394
0.00402123
0.00314081
0.00220453
0.00146408
0.00129357
0.0020077
0.00362944
0.0058071
0.00801263
0.00981678
0.0109251
0.0112344
0.0108285
0.009765
0.00816749
0.00634065
0.00472155
0.00370867
0.00358461
0.00441282
0.00589772
0.00744099
0.00855358
0.00892576
0.00846804
0.00736972
0.00594408
0.0044512
0.0031162
0.00213533
0.00160403
0.00148113
0.00158611
0.0017096
0.00168133
0.00137471
0.000728309
-0.000214422
-0.00128553
-0.0022541
-0.00297129
-0.00339519
-0.00358256
-0.00360946
-0.00348468
-0.00317513
-0.00265393
-0.00194553
-0.00116878
-0.000517408
-0.000129799
-1.75426e-05
-3.8925e-05
5.80006e-05
0.000442544
0.00114115
0.00199967
0.00270172
0.00293984
0.00252744
0.00148234
1.60481e-05
-0.00170217
-0.00351225
-0.00522407
-0.0066684
-0.00771515
-0.00831102
-0.00853231
-0.0085737
-0.00859105
-0.0086648
-0.00882336
-0.00904996
-0.00930545
-0.00955899
-0.00979445
-0.0100072
-0.0102023
-0.0103867
-0.0105659
-0.0107418
-0.0109127
-0.0110725
-0.0112157
-0.0113427
-0.0114655
-0.0116067
-0.0117937
-0.0120456
-0.0123569
-0.0126808
-0.0129224
-0.0129494
-0.0126314
-0.0118955
-0.0107937
-0.00952035
-0.00829924
-0.00729964
-0.00662127
-0.0062643
-0.00612241
-0.00606675
-0.0060453
-0.00607342
-0.00621492
-0.00656723
-0.00721182
-0.00814473
-0.00921901
-0.0101377
-0.0105733
-0.0103386
-0.00948795
-0.00831368
-0.00712292
-0.00617052
-0.00565846
-0.00568527
-0.00619345
-0.00699098
-0.00795023
-0.0090412
-0.0102797
-0.0116791
-0.0132116
-0.014815
-0.0164135
-0.017896
-0.0191151
-0.0199135
-0.0201554
-0.0197045
-0.018435
-0.0163782
-0.0138268
-0.0112275
-0.00900879
-0.00755288
-0.00711797
-0.00769764
-0.00895819
-0.0104453
-0.0118513
-0.0129922
-0.0267678
-0.0272269
-0.027509
-0.0277128
-0.0278415
-0.0278319
-0.0276045
-0.0271305
-0.0265107
-0.0259924
-0.0258494
-0.0261489
-0.0267384
-0.0274246
-0.0281591
-0.0290198
-0.0301493
-0.0316575
-0.033434
-0.0350148
-0.0357532
-0.0352073
-0.0333527
-0.0306783
-0.0279305
-0.0257333
-0.0245329
-0.0245053
-0.0254508
-0.0269394
-0.0286733
-0.0304372
-0.0320115
-0.033158
-0.0336324
-0.0332633
-0.032071
-0.0303862
-0.028754
-0.0274482
-0.026438
-0.0255148
-0.0245395
-0.0235533
-0.0227531
-0.0224073
-0.0227459
-0.0238423
-0.025505
-0.027361
-0.0291116
-0.0305461
-0.0315481
-0.0321491
-0.032522
-0.032858
-0.0332797
-0.0338396
-0.0345109
-0.0351894
-0.035727
-0.0360031
-0.035965
-0.0356674
-0.0352534
-0.0348263
-0.0344439
-0.0341316
-0.0338793
-0.0336615
-0.033454
-0.0332368
-0.0329919
-0.032705
-0.0323652
-0.0319689
-0.0315242
-0.0310515
-0.0305658
-0.0300701
-0.0295601
-0.0290318
-0.0284859
-0.0279342
-0.0274036
-0.0269371
-0.0265844
-0.0263853
-0.0263447
-0.0264285
-0.0266062
-0.0268452
-0.0270813
-0.0272073
-0.0270777
-0.026543
-0.0254974
-0.0239223
-0.0219608
-0.0199441
-0.0182289
-0.0169874
-0.0161582
-0.0154942
-0.0147763
-0.0138946
-0.0128515
-0.011762
-0.0107798
-0.0100068
-0.00944561
-0.00897265
-0.00835594
-0.00738123
-0.00596912
-0.0042447
-0.00252893
-0.00115947
-0.000334251
-4.86079e-05
-8.00201e-05
-0.000153736
-0.000140396
-5.88111e-05
-2.50889e-05
-0.000139526
-0.000389087
-0.000622057
-0.000588472
-0.000112725
0.000765465
0.00177962
0.00261156
0.00310762
0.00331599
0.00343243
0.00367923
0.00427156
0.00536907
0.00698875
0.00894753
0.0109258
0.0126579
0.0139518
0.0147108
0.0149378
0.0146157
0.0136887
0.0121796
0.0103045
0.00845593
0.00695263
0.00599975
0.0056533
0.00575978
0.00603388
0.00625259
0.00626367
0.00598643
0.00544878
0.00479152
0.004216
0.00395199
0.00421777
0.00513866
0.00665022
0.00844853
0.0101138
0.0112909
0.0117457
0.0114412
0.010607
0.00962994
0.00878806
0.00824107
0.008042
0.00813354
0.00843149
0.00890022
0.00952358
0.0102574
0.0110056
0.0116415
0.0120567
0.0121827
0.0120278
0.01169
0.0112853
0.0109075
0.0106418
0.0105611
0.0107099
0.0110936
0.0116781
0.0123564
0.0129409
0.0132369
0.0131832
0.0128965
0.0126321
0.0126105
0.0129306
0.0135348
0.0142152
0.0147443
0.0149386
0.014703
0.01409
0.013299
0.0125407
0.0119949
0.0118015
0.0120235
0.0126165
0.0134737
0.0145343
0.015745
0.0170121
0.0181986
0.0191903
0.0199818
0.0206921
0.0215316
0.0226845
0.0242275
0.0260692
0.0279362
0.0294906
0.0304417
0.0306195
0.0300678
0.0290516
0.0278329
0.0265459
0.0252477
0.0239605
0.0227027
0.0215099
0.0204299
0.0195053
0.0187515
0.01813
0.0175512
0.0169436
0.0162783
0.0155734
0.0148919
0.0143094
0.013903
0.0137334
0.0138285
0.0142068
0.0148909
0.0158482
0.0169357
0.0179004
0.0185032
0.0186724
0.0185312
0.0183046
0.0181379
0.0180883
0.0181396
0.0182232
0.0183002
0.01839
0.0185628
0.0189045
0.0194717
0.0202449
0.0210987
0.0218407
0.0223185
0.0224567
0.0222923
0.0219767
0.0216674
0.0214587
0.0213838
0.0214266
0.0215664
0.0217988
0.0221217
0.0225178
0.022948
0.0233732
0.0237663
0.0241056
0.0243754
0.0245715
0.0247063
0.0248093
0.0249127
0.0250042
0.0250052
0.0247932
0.0242454
0.0233098
0.0220885
0.0208796
0.0200805
0.0198853
0.0202045
0.0207297
0.021196
0.0214689
0.0215344
0.0214765
0.0213712
0.0212775
0.0212378
0.0212763
0.0213943
0.0215663
0.0217411
0.0218604
0.0218923
0.0218384
0.0217309
0.0216108
0.0215013
0.0214077
0.0213206
0.021225
0.021109
0.0209686
0.0208097
0.0206439
0.0204866
0.0203576
0.0202786
0.0202707
0.0203414
0.0204717
0.0206142
0.0207184
0.0207487
0.0206881
0.0205446
0.0203512
0.0201412
0.0199246
0.0196902
0.0194148
0.0190732
0.0186529
0.0181694
0.0176722
0.0172245
0.01686
0.0165759
0.0163403
0.016122
0.0159096
0.0157079
0.0155336
0.0154071
0.0153403
0.015325
0.0153283
0.0153093
0.0152317
0.0150693
0.0148157
0.0144944
0.0141519
0.0138217
0.0135232
0.0132643
0.0130389
0.0128304
0.0126234
0.0124049
0.012164
0.0118948
0.011599
0.0112901
0.0109916
0.010727
0.0105072
0.0103272
0.0101695
0.0100208
0.0098741
0.00972537
0.00957108
0.00940709
0.0092292
0.00903375
0.00881926
0.00858876
0.00834988
0.00810947
0.00787082
0.00763485
0.00740093
0.00716736
0.00693223
0.00669412
0.00645275
0.00620946
0.00596667
0.00572529
0.00548456
0.00524314
0.00500022
0.00475678
0.00451628
0.00428378
0.00406437
0.0038618
0.00367664
0.0035044
0.00333686
0.00316862
0.00299664
0.00281929
0.0026365
0.00244973
0.00226127
0.00207229
0.00188313
0.00169388
0.00150482
0.00131657
0.00112993
0.000944979
0.000760951
0.000576279
0.000388883
0.000196808
-7.77683e-07
-0.000202472
-0.000404339
-0.000601811
-0.000791816
-0.000972811
-0.00114492
-0.00130991
-0.00146965
-0.00162496
-0.00177651
-0.00192575
-0.00207475
-0.00222486
-0.00237694
-0.0025316
-0.00268896
-0.00284849
-0.00300898
-0.00316918
-0.00332847
-0.0034866
-0.00364353
-0.00379932
-0.00395404
-0.00410776
-0.00426049
-0.00441224
-0.00456299
-0.00471272
-0.00486141
-0.00500903
-0.00515554
-0.00530085
-0.00544492
-0.00558772
-0.00572924
-0.00586947
-0.00600845
-0.00614622
-0.00628279
-0.00641817
-0.00655234
-0.00668531
-0.00681706
-0.00694758
-0.00707687
-0.00720489
-0.00733162
-0.00745702
-0.00758108
-0.00770378
-0.00782511
-0.00794503
-0.0080635
-0.00818052
-0.00829604
-0.00841008
-0.00852264
-0.00863375
-0.00874339
-0.00885158
-0.0089583
-0.00906352
-0.00916723
-0.0092694
-0.00937002
-0.00946906
-0.00956649
-0.00966231
-0.00975647
-0.00984898
-0.00993982
-0.010029
-0.0101164
-0.0102022
-0.0102862
-0.0103685
-0.010449
-0.0105277
-0.0106047
-0.0106798
-0.0107531
-0.0108246
-0.0108942
-0.010962
-0.0110279
-0.011092
-0.0111541
-0.0112144
-0.0112727
-0.0113291
-0.0113836
-0.0114362
0
0
0
0
