0.00888042
0.0089016
0.00892182
0.00893593
0.00897654
0.00907765
0.00917313
0.00914504
0.00885885
0.00845337
0.00770043
0.00734591
0.00644571
0.00546541
0.00621216
0.00738887
0.00864575
0.00628744
0.00415696
0.00560818
0.00545749
0.0114367
0.0235672
0.0350405
0.0450179
0.0417332
0.0361642
0.0399853
0.0199943
-0.00989132
-0.0173791
-0.0464015
-0.0913533
-0.102061
-0.0966026
-0.0745923
-0.050892
-0.0708288
-0.0730833
-0.0257895
-0.00861347
0.0742503
0.0808415
-0.040994
-0.0807727
-0.0308559
-0.0653314
-0.128049
-0.0589812
0.052204
0.0774389
0.165469
0.227281
0.115784
-0.0396463
-0.081101
-0.0786814
-0.0729321
-0.0797043
-0.0811939
-0.0402256
-0.027168
-0.0725387
-0.0534717
0.00520369
0.0347329
0.0315546
-0.0641477
-0.172183
-0.204618
-0.187038
-0.0937124
0.0226884
0.119463
0.192618
0.242215
0.247106
0.149176
0.0371599
0.0120442
-0.0373426
-0.0790874
-0.0983395
-0.119631
-0.117614
-0.149053
-0.0364215
0.0411637
-0.00794037
-0.0381999
0.000700135
0.0435489
-0.0175377
-0.0739242
-0.0688288
-0.0589512
-0.0425783
-0.0544916
-0.109693
-0.118441
-0.062489
0.024588
0.152813
0.20192
0.148988
0.115393
0.0589861
0.0247258
0.040233
0.00398838
-0.0443963
-0.0481448
-0.0166506
0.0345718
0.101675
0.0903464
-0.202236
-0.575521
-0.878547
-0.929341
-0.914407
-0.47392
0.0366674
0.357992
0.648036
0.690468
0.427494
0.0714294
0.0125302
0.0397276
0.299059
0.75697
0.978433
1.00234
0.835102
0.343192
-0.137024
-0.468918
-0.779152
-0.776701
-0.604652
-0.339415
-0.0927354
-0.0155686
-0.0539693
-0.263157
-0.465233
-0.560226
-0.628927
-0.61195
-0.489237
-0.291794
-0.139082
-0.0579706
-0.0959297
-0.187898
-0.174055
0.0190152
0.198087
0.33631
0.404867
0.390824
0.379535
0.411928
0.364539
0.253523
0.0901803
-0.0641617
-0.172214
-0.155595
-0.0576031
-0.0410888
-0.000238079
0.0966625
0.226375
0.312558
0.39027
0.358956
0.220113
-0.0282963
-0.298918
-0.422933
-0.421552
-0.33232
-0.00964734
0.380742
0.665219
0.726922
0.583114
0.323051
0.0362643
-0.176883
-0.249806
-0.229799
-0.0736219
0.165641
0.377093
0.528462
0.618905
0.594858
0.567329
0.531605
0.468372
0.384441
0.337795
0.281181
0.147213
-0.0970959
-0.373224
-0.579913
-0.75876
-0.833471
-0.743611
-0.603381
-0.432516
-0.226331
-0.0321522
0.138385
0.24627
0.336495
0.377525
0.290945
0.227048
0.199494
0.19554
0.188242
0.180474
0.189158
0.203007
0.169889
0.0861485
0.00770331
-0.0502666
-0.0504686
0.050859
0.191513
0.242339
0.0942619
-0.105706
-0.189734
-0.351871
-0.550483
-0.68862
-0.86946
-0.891898
-0.617825
-0.277537
0.135731
0.234523
0.0514634
-0.234429
-0.65398
-0.933701
-0.981958
-0.954556
-0.742689
-0.402814
-0.243248
-0.0197693
0.068955
-0.0644161
-0.244872
-0.492711
-0.739387
-0.843357
-0.810274
-0.621577
-0.393103
-0.150876
0.176447
0.401237
0.567802
0.663151
0.564668
0.255218
0.172887
0.2701
0.484288
0.77763
0.915259
1.01103
1.00123
0.724143
0.381916
0.192335
-0.0110116
-0.189723
-0.152336
0.121773
0.566121
0.837348
0.888946
0.877027
0.766684
0.640958
0.651554
0.761759
0.878702
0.94314
0.924658
0.852279
0.736401
0.60739
0.479445
0.412454
0.362725
0.303265
0.262918
0.169318
-0.0554914
-0.284661
-0.531711
-0.851475
-1.00772
-1.00578
-0.941656
-0.806157
-0.625218
-0.496707
-0.432995
-0.354398
-0.263772
-0.146454
-0.102963
-0.164343
-0.242423
-0.229139
-0.0480315
0.159291
0.399165
0.67453
0.85458
0.912288
0.855389
0.668532
0.344826
0.0507855
0.00721848
6.71066e-05
0.146965
0.224545
0.223431
0.173068
0.0783547
-0.0678681
-0.270301
-0.34468
-0.219762
0.0665675
0.296396
0.472087
0.614148
0.684835
0.631724
0.349281
0.0150976
-0.215661
-0.413241
-0.559369
-0.656504
-0.71022
-0.691289
-0.66992
-0.661148
-0.666372
-0.700561
-0.676043
-0.667609
-0.72443
-0.747025
-0.697448
-0.49073
-0.273612
-0.188627
-0.0832765
-0.0649518
-0.108721
-0.24772
-0.43153
-0.562264
-0.687858
-0.705414
-0.654164
-0.600336
-0.568581
-0.542441
-0.48953
-0.412227
-0.336085
-0.302342
-0.337723
-0.46426
-0.53809
-0.48399
-0.35375
-0.20164
-0.109703
0.0147054
0.134826
0.194184
0.20337
0.074886
-0.14887
-0.346741
-0.520461
-0.611794
-0.615765
-0.564048
-0.399182
-0.196139
-0.144266
-0.110825
-0.0988705
-0.0740994
0.0241152
0.186035
0.293003
0.38141
0.384758
0.36307
0.345544
0.32187
0.32395
0.325017
0.332587
0.354491
0.38471
0.388304
0.368142
0.33484
0.35772
0.42986
0.460793
0.472415
0.471735
0.461856
0.41309
0.339333
0.261889
0.166983
0.0712129
0.00759272
0.027961
0.190593
0.40294
0.544713
0.614768
0.680315
0.722923
0.663864
0.501862
0.359013
0.339888
0.386363
0.473151
0.505979
0.505353
0.45783
0.366647
0.289075
0.235132
0.17331
0.154015
0.173976
0.136046
0.0784622
0.0492254
-0.0105463
-0.130017
-0.210113
-0.204878
-0.0963922
0.0443806
0.176141
0.331943
0.424976
0.408546
0.340244
0.270388
0.261887
0.373375
0.492916
0.547967
0.501358
0.324804
0.0145091
-0.251035
-0.46168
-0.570976
-0.559208
-0.412921
-0.227703
-0.042964
0.149064
0.240869
0.337691
0.485268
0.59629
0.630669
0.600856
0.498253
0.39075
0.196701
0.0860695
0.0858279
0.111962
0.123559
0.145965
0.118234
0.0313455
-0.0729276
-0.155839
-0.226589
-0.287024
-0.346352
-0.404032
-0.462399
-0.569444
-0.689712
-0.650093
-0.516375
-0.343119
-0.178363
-0.0925909
-0.0930191
-0.147093
-0.216194
-0.304548
-0.397761
-0.450114
-0.45939
-0.418421
-0.400337
-0.341855
-0.223588
-0.145612
-0.111483
-0.142731
-0.218481
-0.213055
-0.143191
-0.111779
-0.190102
-0.337553
-0.493593
-0.607706
-0.736367
-0.886981
-1.02285
-1.09813
-1.09758
-1.03648
-0.979641
-0.911928
-0.815554
-0.709373
-0.609562
-0.487105
-0.339526
-0.177799
0.0204535
0.169599
0.206668
0.156033
0.00170689
-0.159928
-0.304149
-0.429953
-0.504713
-0.500553
-0.451028
-0.426165
-0.399543
-0.320191
-0.174123
-0.0228835
0.131273
0.297125
0.469067
0.620764
0.767534
0.839398
0.797722
0.722895
0.617126
0.468219
0.332782
0.228611
0.103874
0.0104627
-0.0230886
0.0484846
0.228587
0.235942
0.23056
0.226778
0.110011
-0.188704
-0.506523
-0.74101
-0.934734
-0.928419
-0.745417
-0.396732
0.0610818
0.393405
0.606189
0.662757
0.574915
0.462194
0.397311
0.343856
0.277717
0.250674
0.310403
0.383169
0.433561
0.491472
0.553804
0.550087
0.493946
0.42892
0.27987
0.145536
0.119113
0.0590895
0.0321821
0.125996
0.334799
0.503231
0.5951
0.699482
0.79243
0.842126
0.801179
0.652848
0.461418
0.315019
0.208263
0.199242
0.30309
0.444582
0.61482
0.736071
0.829007
0.884739
0.868526
0.757726
0.462137
0.0968492
-0.213889
-0.430933
-0.687681
-0.85299
-0.814591
-0.62791
-0.238822
-0.0317546
-0.0362073
-0.089909
-0.287772
-0.507063
-0.594074
-0.649713
-0.58971
-0.428169
-0.302591
-0.134646
-0.0261909
-0.000844177
0.0199166
0.0203471
0.0835162
0.203743
0.349414
0.392252
0.415157
0.379951
0.23393
0.0193496
-0.0665611
-0.111755
-0.15232
-0.122242
0.0236226
0.211788
0.304771
0.235934
0.070636
-0.00812479
-0.0286169
-0.0735181
-0.0764416
-0.00883677
0.0352513
-0.0128969
-0.155728
-0.266732
-0.294555
-0.299445
-0.295539
-0.278892
-0.287147
-0.317351
-0.317568
-0.273016
-0.203422
-0.108727
-0.0510759
-0.0359401
-0.0939469
-0.142972
-0.188544
-0.220805
-0.153281
-0.0231384
0.104143
0.211188
0.276973
0.282084
0.265151
0.217215
0.152205
0.0898756
0.0159964
-0.0300781
-0.0451062
-0.133619
-0.232175
-0.287734
-0.312004
-0.34484
-0.394263
-0.410383
-0.385003
-0.336205
-0.293808
-0.260647
-0.237608
-0.197593
-0.160998
-0.0925615
-0.00809407
0.0542708
0.120189
0.129383
0.123585
0.125634
0.115276
0.105054
0.107433
0.134011
0.153485
0.170617
0.172106
0.11702
-0.00760028
-0.0781317
-0.131968
-0.230678
-0.233861
-0.133387
-0.0635903
-0.0313757
-0.0411538
-0.119416
-0.299444
-0.476073
-0.577838
-0.651792
-0.631456
-0.534477
-0.380664
-0.206254
0.00791425
0.16796
0.313177
0.400611
0.433721
0.423008
0.389278
0.350404
0.295204
0.208322
0.136659
0.116537
0.130205
0.0967727
0.0681269
-0.0136848
-0.186389
-0.42204
-0.6034
-0.72635
-0.708696
-0.580144
-0.358047
-0.0721881
0.171126
0.301195
0.392983
0.398748
0.316318
0.219096
0.163589
0.134354
0.135048
0.183268
0.303151
0.401669
0.501287
0.560038
0.541366
0.50842
0.467731
0.431666
0.409943
0.253546
0.11068
0.0345068
-0.0174888
-0.0535859
-0.0854852
-0.190574
-0.267848
-0.252062
-0.267397
-0.281987
-0.217198
-0.0873728
0.0713405
0.220051
0.343317
0.391994
0.360426
0.323204
0.286647
0.229305
0.145013
0.095094
0.0914962
0.078941
0.0733463
0.0262108
-0.0537292
-0.0889522
-0.0606866
-0.0409213
-0.0298886
-0.0100363
-0.0138276
-0.029515
-0.0716571
-0.0981904
0.00659572
0.0531219
0.035709
0.00300023
-0.0358586
-0.0786966
-0.117966
-0.141515
-0.174866
-0.237382
-0.292136
-0.347738
-0.400777
-0.392995
-0.353967
-0.267237
-0.115815
0.00311125
0.0797722
0.129117
0.12996
0.0403908
0.00262625
-0.0575226
0.027147
0.221223
0.364894
0.453373
0.472933
0.41833
0.255887
0.100073
0.064608
0.0735235
0.124678
0.242595
0.340649
0.343538
0.187361
-0.100736
-0.336913
-0.484089
-0.563022
-0.470323
-0.153371
0.014284
0.011171
-0.0222658
-0.236127
-0.397796
-0.506244
-0.558423
-0.465158
-0.371269
-0.234437
-0.101484
-0.0198771
0.042286
0.0513642
0.0494428
0.0732182
0.107743
0.123791
0.141804
0.143122
0.130553
0.121568
0.130075
0.125992
0.0880239
0.00665902
-0.0767648
-0.2197
-0.376647
-0.448427
-0.480772
-0.475448
-0.37581
-0.213923
-0.0955079
0.0484643
0.210702
0.289793
0.344519
0.34181
0.289143
0.259509
0.216918
0.208212
0.316953
0.414611
0.499319
0.594425
0.667127
0.693213
0.596229
0.368233
0.138038
-0.0574971
-0.215165
-0.211597
-0.0430635
0.0936755
0.295306
0.401019
0.390788
0.360496
0.310708
0.295543
0.240359
0.189356
0.0962429
-0.0346783
-0.112233
-0.183191
-0.295309
-0.365203
-0.411494
-0.434386
-0.382629
-0.341259
-0.334439
-0.355531
-0.379323
-0.402244
-0.427114
-0.452192
-0.469696
-0.4832
-0.484517
-0.443906
-0.418999
-0.440002
-0.474141
-0.488538
-0.503123
-0.461269
-0.356238
-0.266379
-0.169019
-0.0697013
0.0250507
0.121717
0.150406
0.108893
-0.0526169
-0.135915
-0.228971
-0.341863
-0.403259
-0.400352
-0.312949
-0.255762
-0.192075
-0.0892036
0.0238111
0.135119
0.215554
0.23719
0.223713
0.166709
0.104316
0.111648
0.165684
0.159024
0.156245
0.139514
0.191423
0.258029
0.281439
0.280264
0.255479
0.243214
0.319368
0.373388
0.436303
0.475283
0.501158
0.546693
0.516354
0.435831
0.412233
0.379668
0.365179
0.391421
0.406662
0.416834
0.388083
0.282537
0.185973
0.122283
0.121355
0.227088
0.378758
0.49761
0.549935
0.564399
0.465598
0.298623
0.163037
0.0668008
-0.0163087
-0.0835873
-0.0913872
-0.0610764
-0.0170089
-0.0129595
-0.055671
-0.116444
-0.178683
-0.254839
-0.26766
-0.252751
-0.172996
-0.0519997
0.052917
0.0694447
0.0759551
0.0553322
0.0266695
0.0230571
0.0140073
0.0121113
-0.0584197
-0.175302
-0.271434
-0.348738
-0.355397
-0.321495
-0.287298
-0.232005
-0.15964
-0.114792
-0.107762
-0.126738
-0.158776
-0.198884
-0.27856
-0.390809
-0.456744
-0.537597
-0.630146
-0.685188
-0.680892
-0.620896
-0.550225
-0.488599
-0.433546
-0.409906
-0.417633
-0.442897
-0.45994
-0.443424
-0.396191
-0.328103
-0.244152
-0.129042
-0.0167139
0.0909373
0.164948
0.184673
0.131025
0.0537815
0.067224
0.146366
0.266074
0.331785
0.353111
0.349811
0.318906
0.267709
0.225222
0.198046
0.199647
0.220072
0.248935
0.268605
0.26543
0.227249
0.173521
0.110224
0.0517282
0.004125
-0.0460101
-0.0945845
-0.139068
-0.143232
-0.0563393
0.0280024
0.0734556
0.0709406
0.068945
0.0803395
0.115348
0.160046
0.164402
0.102983
0.0170921
-0.0601294
-0.0970567
-0.0682106
0.017007
0.134245
0.218511
0.328317
0.386871
0.375988
0.299611
0.177511
0.0536516
-0.057763
-0.0710754
-0.0642225
-0.0179391
0.0455224
0.0956637
0.136533
0.161944
0.170952
0.135738
0.094785
0.0785636
0.063823
0.117612
0.229064
0.29925
0.405902
0.510151
0.529934
0.517956
0.487989
0.395494
0.332082
0.266683
0.176659
0.0731355
-0.0192577
-0.0921726
-0.12198
-0.112136
-0.0996433
-0.0981963
-0.104493
-0.130147
-0.157587
-0.228423
-0.272398
-0.323874
-0.413692
-0.503992
-0.567144
-0.532863
-0.460595
-0.399881
-0.339653
-0.275127
-0.253628
-0.2365
-0.212396
-0.200426
-0.18395
-0.155579
-0.129555
-0.074413
-0.00536245
0.0206014
0.0497309
0.0604763
0.0567341
0.0648118
0.0807451
0.030242
-0.0602824
-0.117379
-0.122169
-0.0547952
0.111578
0.269068
0.354864
0.380812
0.243028
0.0898038
-0.0488371
-0.246392
-0.397362
-0.397459
-0.337436
-0.274167
-0.138599
-0.0167751
0.0499502
0.0687803
0.0441729
-0.0218014
-0.0845384
-0.123979
-0.168668
-0.150691
-0.107082
-0.0584764
0.0317039
0.123596
0.16609
0.152728
0.0828628
0.0124767
-0.0500711
-0.076753
-0.0916201
-0.129449
-0.15276
-0.165564
-0.14155
-0.116679
-0.0975468
-0.0729141
-0.0920509
-0.118198
-0.133733
-0.125186
-0.0909197
-0.0652734
-0.0312059
-0.0317166
0.000244177
0.0771879
0.146039
0.205264
0.228083
0.204184
0.155342
0.105696
0.0653429
0.0499833
0.101692
0.175666
0.278574
0.385873
0.446966
0.487838
0.50487
0.481114
0.414816
0.339959
0.288788
0.226197
0.168196
0.124542
0.10276
0.130479
0.169125
0.179455
0.196661
0.158725
0.113579
0.0574579
-0.00628074
-0.0525203
-0.0960855
-0.0859697
-0.0482993
-0.0292379
-0.00243689
0.0190654
0.00677916
-0.0261909
-0.0831677
-0.15638
-0.203432
-0.235595
-0.244408
-0.209816
-0.161343
-0.0998793
-0.0424341
-0.00748201
-0.0639816
-0.117459
-0.198718
-0.293975
-0.368998
-0.433084
-0.469471
-0.504648
-0.469937
-0.432624
-0.386026
-0.315686
-0.267418
-0.219754
-0.230356
-0.294175
-0.330427
-0.381738
-0.422699
-0.449586
-0.429253
-0.373302
-0.328593
-0.260826
-0.210822
-0.17019
-0.158818
-0.177322
-0.18636
-0.182164
-0.156712
-0.139548
-0.141125
-0.141105
-0.176185
-0.21876
-0.297954
-0.366364
-0.375873
-0.347968
-0.282538
-0.220694
-0.147533
-0.116432
-0.171291
-0.190474
-0.204412
-0.17948
-0.123398
-0.0575481
0.0154971
0.0790528
0.12384
0.143796
0.166609
0.169773
0.208988
0.258233
0.328292
0.40398
0.466563
0.521446
0.559712
0.577051
0.553751
0.541796
0.524501
0.547955
0.587615
0.598387
0.600768
0.554885
0.498564
0.403401
0.311561
0.254269
0.19445
0.170534
0.185677
0.216185
0.227353
0.240875
0.242397
0.211992
0.154448
0.0975845
0.0447916
-0.0138661
-0.0493067
-0.0777026
-0.0606104
-0.0132712
0.0136254
0.0602094
0.11377
0.174038
0.245033
0.293696
0.327069
0.325418
0.251449
0.204732
0.14363
0.0655053
0.0160633
-0.00438041
-0.0369143
-0.0586137
-0.0743354
-0.0950596
-0.125845
-0.178271
-0.220453
-0.250252
-0.208547
-0.15803
-0.114739
-0.0241883
0.0541473
0.0977253
0.15405
0.197654
0.205137
0.225562
0.239769
0.207734
0.182926
0.162611
0.127214
0.0968213
0.0711148
0.0461497
0.0521533
0.0613963
0.0648249
0.0784698
0.105573
0.158788
0.210585
0.270098
0.328244
0.376473
0.362002
0.342632
0.342267
0.327383
0.336815
0.350065
0.358882
0.375074
0.35559
0.310876
0.28129
0.215293
0.14803
0.0991657
0.043457
0.00898226
0.00323564
-0.0208848
-0.0435409
-0.0590682
-0.075095
-0.0957606
-0.131055
-0.124777
-0.0993121
-0.107617
-0.11724
-0.114998
-0.129368
-0.157321
-0.177694
-0.197223
-0.207383
-0.217426
-0.222837
-0.20955
-0.199227
-0.178745
-0.154653
-0.135438
-0.132013
-0.190834
-0.24103
-0.288708
-0.354049
-0.416936
-0.459751
-0.479484
-0.491135
-0.447283
-0.410866
-0.379602
-0.334799
-0.315041
-0.35069
-0.367873
-0.372178
-0.362854
-0.327687
-0.29843
-0.25829
-0.218206
-0.190785
-0.169678
-0.190749
-0.218257
-0.228206
-0.240781
-0.257092
-0.256961
-0.244684
-0.241043
-0.231116
-0.21798
-0.208076
-0.205412
-0.216546
-0.209796
-0.200554
-0.195234
-0.154212
-0.115369
-0.0828541
-0.0210653
0.022728
0.0376838
0.0419737
0.0467683
0.05082
0.0598112
0.093364
0.123816
0.18043
0.256077
0.324345
0.404292
0.473814
0.501448
0.537391
0.54897
0.477306
0.419101
0.299735
0.160337
0.0621258
-0.00796942
-0.031695
-0.0711421
-0.0649277
-0.0476572
-0.0438665
-0.0153248
0.0125237
0.0374675
0.0713768
0.0962763
0.109484
0.124115
0.103365
0.0809765
0.101277
0.123473
0.165642
0.221158
0.246218
0.258456
0.250617
0.218692
0.187302
0.130078
0.0772589
0.0351323
-0.0121475
-0.0724599
-0.143143
-0.199902
-0.234508
-0.271507
-0.256651
-0.211286
-0.194721
-0.19436
-0.212389
-0.219646
-0.228472
-0.215647
-0.201036
-0.19481
-0.184388
-0.161716
-0.0967218
-0.0364904
0.0260048
0.0982363
0.159035
0.172433
0.173453
0.148916
0.121654
0.0906296
0.0628428
0.101732
0.131316
0.139994
0.136339
0.104748
0.0840426
0.0558596
0.0330773
0.0833566
0.126472
0.151415
0.172836
0.176767
0.149015
0.126423
0.0928524
0.0625687
0.0970816
0.123006
0.131937
0.151908
0.13818
0.12433
0.117406
0.102037
0.076307
0.042596
0.040397
0.0410274
0.0291869
0.00829274
-0.00996195
-0.0192402
-0.032888
-0.0290941
-0.00383384
0.00998478
0.0340373
0.0600269
0.0509856
0.022742
0.0124228
-0.0281485
-0.0799837
-0.106566
-0.138283
-0.160368
-0.174788
-0.186737
-0.166697
-0.136226
-0.0541023
0.0166259
0.0515918
0.0989229
0.110926
0.0999775
0.0722676
0.0410612
-0.0458235
-0.126262
-0.157571
-0.19121
-0.205699
-0.192527
-0.181186
-0.177578
-0.213272
-0.253282
-0.27203
-0.294448
-0.309461
-0.29521
-0.289394
-0.282302
-0.269658
-0.277502
-0.293109
-0.297722
-0.302504
-0.304017
-0.278589
-0.256696
-0.237358
-0.20585
-0.176712
-0.144526
-0.0968791
-0.0535475
-0.015189
0.0259069
0.0661376
0.0996792
0.134245
0.164827
0.186955
0.212706
0.230891
0.240311
0.253358
0.251388
0.251299
0.271785
0.286185
0.290078
0.295948
0.301668
0.282318
0.253388
0.222702
0.164692
0.125068
0.0999382
0.0727164
0.0826702
0.0878405
0.0853315
0.0893506
0.0844965
0.0663954
0.0555963
0.0560072
0.0596559
0.0614409
0.0868033
0.121653
0.145887
0.164765
0.184129
0.191245
0.147609
0.112282
0.0832642
0.0479045
0.0159665
-0.0127245
-0.0209927
-0.0275733
-0.0389269
-0.0437247
-0.0491178
-0.0565068
-0.0728058
-0.0965414
-0.117098
-0.142242
-0.161838
-0.169924
-0.165977
-0.138725
-0.119904
-0.101914
-0.0787835
-0.0693975
-0.089975
-0.102049
-0.108297
-0.118268
-0.127909
-0.138723
-0.158856
-0.175258
-0.178501
-0.186234
-0.205593
-0.223639
-0.238512
-0.255635
-0.275001
-0.298383
-0.311294
-0.257222
-0.208058
-0.165912
-0.108797
-0.062067
-0.0357186
-0.0176425
-0.0349621
-0.0539959
-0.0604367
-0.0717618
-0.0531509
-0.0166787
0.0172411
0.0717394
0.130411
0.194839
0.228307
0.231276
0.229872
0.192639
0.165603
0.135962
0.0992219
0.069526
0.0775488
0.101778
0.111657
0.143052
0.187397
0.211411
0.216585
0.230032
0.238712
0.238429
0.24223
0.235751
0.220605
0.209382
0.192291
0.178303
0.191629
0.205553
0.208378
0.211786
0.215943
0.203453
0.189831
0.183277
0.180244
0.175768
0.17518
0.178021
0.178111
0.178144
0.17904
0.151065
0.0936071
0.0612885
0.0322997
0.000836484
-0.0167926
-0.0444945
-0.0989456
-0.146019
-0.175042
-0.199488
-0.220661
-0.223584
-0.228812
-0.230094
-0.230405
-0.233331
-0.235657
-0.238896
-0.23863
-0.223723
-0.210245
-0.187572
-0.158332
-0.140705
-0.130296
-0.125086
-0.150093
-0.169999
-0.187438
-0.211746
-0.233659
-0.249166
-0.258198
-0.268612
-0.253737
-0.226439
-0.208041
-0.17577
-0.142825
-0.114962
-0.0860052
-0.0562195
-0.0246181
0.00843356
0.0359702
0.0464093
0.0599163
0.0718083
0.0709626
0.0714454
0.0517531
0.025168
0.0172431
0.0310722
0.0747901
0.113595
0.162136
0.185661
0.17879
0.155301
0.128686
0.110354
0.0982698
0.112858
0.152264
0.164575
0.179188
0.192158
0.169007
0.153245
0.140863
0.124586
0.112412
0.0997851
0.0902235
0.103696
0.114955
0.123901
0.136148
0.107823
0.0787364
0.069455
0.047381
0.0296556
0.019438
0.00866939
0.00631098
0.00337278
0.00987702
0.021692
-0.000310195
-0.0385479
-0.0452749
-0.0600158
-0.0678026
-0.0603027
-0.0753281
-0.108335
-0.129717
-0.160629
-0.195572
-0.224994
-0.254047
-0.274145
-0.290743
-0.281847
-0.272768
-0.270485
-0.26282
-0.255012
-0.247186
-0.240272
-0.255661
-0.280666
-0.294792
-0.314965
-0.307146
-0.264868
-0.228644
-0.168544
-0.118273
-0.0822398
-0.0385218
9.62159e-05
0.0313501
0.0532665
0.0771402
0.100821
0.120322
0.140691
0.155862
0.155208
0.158495
0.166573
0.181596
0.198481
0.219556
0.239244
0.256691
0.272842
0.276664
0.281863
0.306021
0.344264
0.356033
0.362076
0.375285
0.370397
0.366828
0.3653
0.359336
0.35158
0.336196
0.321111
0.302977
0.283811
0.268898
0.253367
0.23487
0.216019
0.203289
0.199267
0.180744
0.142783
0.11481
0.0862227
0.053516
0.0514535
0.0697198
0.0728336
0.0848492
0.0856723
0.0553184
0.0349935
0.0055149
-0.0331169
-0.0656295
-0.100148
-0.134481
-0.167018
-0.199938
-0.230736
-0.261542
-0.283961
-0.284799
-0.251693
-0.220925
-0.218038
-0.20393
-0.207286
-0.223448
-0.232079
-0.251724
-0.271994
-0.279719
-0.252657
-0.231412
-0.215177
-0.190583
-0.168036
-0.16822
-0.195482
-0.209473
-0.227648
-0.251395
-0.267313
-0.244503
-0.213082
-0.19078
-0.151493
-0.113343
-0.110903
-0.138573
-0.145962
-0.162578
-0.179802
-0.189227
-0.165061
-0.124049
-0.0973906
-0.0620665
-0.0279848
-0.03825
-0.0570352
-0.0618289
-0.069794
-0.0750875
-0.0559819
-0.0307886
-0.0135648
0.0099488
0.0333541
0.0505981
0.0443468
0.0272955
0.0235255
0.0134566
0.00437026
0.00340626
0.0276765
0.049812
0.0613612
0.0754287
0.0945683
0.116534
0.132572
0.120073
0.110712
0.100922
0.0811266
0.0768942
0.0810264
0.0772705
0.0752887
0.0735081
0.0710034
0.0704572
0.0700735
0.0622937
0.0479358
0.0380134
0.0317505
0.0350808
0.0357738
0.0339218
0.0324109
0.0319003
0.0329076
0.0335631
0.0316996
0.0209858
0.0190399
0.0233387
0.0220561
0.0266418
0.0215982
0.000445677
-0.012406
-0.0216308
-0.0210005
0.00216476
0.0188222
0.026101
0.0399859
0.0481627
0.0513546
0.0574218
0.0481826
0.0282065
0.0259492
0.0294807
0.0355529
0.0665691
0.0909182
0.104441
0.121117
0.139968
0.159026
0.17591
0.18767
0.196301
0.185875
0.176005
0.15805
0.132978
0.118136
0.102415
0.0852869
0.0745382
0.0641947
0.0571983
0.0605495
0.0769819
0.0873203
0.0984584
0.111315
0.116886
0.124643
0.137214
0.137155
0.123855
0.104502
0.0667851
0.0480782
0.026394
0.0025479
0.0331103
0.0832171
0.0989042
0.129054
0.149836
0.132483
0.122674
0.09844
0.0654875
0.0435962
0.0676496
0.0802917
0.0761386
0.0681535
0.0457458
0.028682
0.0125944
-0.00624011
-0.0262631
-0.0505526
-0.0731769
-0.0952425
-0.110264
-0.112966
-0.120162
-0.118905
-0.11486
-0.121579
-0.131561
-0.13758
-0.146644
-0.138285
-0.110124
-0.094056
-0.0733121
-0.0573656
-0.0507229
-0.0707594
-0.0944474
-0.106715
-0.122512
-0.129504
-0.124438
-0.109815
-0.0822872
-0.0754601
-0.0736322
-0.0764525
-0.0890173
-0.0987527
-0.0947796
-0.084455
-0.0768397
-0.0642169
-0.0399271
-0.00962738
0.00235438
0.0119093
0.00850808
0.00684945
0.0191779
0.0286639
0.0404921
0.0494887
0.0590889
0.0776514
0.0958983
0.101848
0.106082
0.0981271
0.0860381
0.0816237
0.0818281
0.0912978
0.0938471
0.0953899
0.0896327
0.0824855
0.0878863
0.0801087
0.0559337
0.0414915
0.0257364
0.00666893
-0.00868048
-0.0109687
0.0050542
0.0112413
0.0173818
0.0267559
0.0205979
0.01425
0.0025161
-0.0153971
-0.0325241
-0.0548792
-0.0743729
-0.066761
-0.0478626
-0.0385755
-0.02137
-0.0214312
-0.0438172
-0.0553223
-0.0769579
-0.101217
-0.121976
-0.144641
-0.150763
-0.133395
-0.128931
-0.122513
-0.117005
-0.122927
-0.119298
-0.0977338
-0.0841696
-0.076324
-0.072451
-0.08558
-0.0966617
-0.117097
-0.139632
-0.164334
-0.190458
-0.212713
-0.230445
-0.213688
-0.199017
-0.194658
-0.183792
-0.175114
-0.169696
-0.15613
-0.134706
-0.101976
-0.0624751
-0.0251237
0.0182721
0.0516644
0.0701023
0.0878237
0.089852
0.0579582
0.0236299
-0.00186505
-0.0331566
-0.0525571
-0.0679318
-0.0649979
-0.0567893
-0.0424991
-0.0291573
-0.0264884
-0.0209049
-0.0237344
-0.0317768
-0.0379352
-0.045975
-0.0408624
-0.02612
-0.0234726
-0.0190579
-0.0148167
-0.0181422
-0.0154527
0.0124649
0.038912
0.0570246
0.0788062
0.0870499
0.0930127
0.0772156
0.0564817
0.04517
0.0308416
0.0159151
0.0130838
0.012566
0.0350303
0.0563758
0.0582784
0.068016
0.074535
0.0692397
0.0680562
0.0650661
0.0613118
0.0599682
0.0586315
0.0599814
0.0749549
0.093202
0.0942761
0.0652322
0.0445331
0.0226409
-0.00651208
-0.0265439
-0.0452651
-0.0602827
-0.0714594
-0.0831862
-0.0909325
-0.0876865
-0.0722307
-0.0492138
-0.0300724
-0.00652657
0.0197442
0.0401171
0.0519272
0.0603135
0.0600464
0.0655061
0.0731894
0.0744628
0.0721371
0.0537212
0.0340987
0.0158625
-0.00413776
-0.0188376
-0.0320571
-0.0369719
-0.0324042
-0.0270301
-0.0108898
0.00266294
-0.00221428
-0.0110163
-0.0241089
-0.0331888
-0.0328509
-0.0267303
-0.0218723
-0.0167124
-0.00927906
0.000258648
0.00870647
0.0022743
-0.000708054
-0.00336709
-0.00769513
0.00611865
0.0623991
0.10907
0.103595
0.12928
0.137422
0.133186
0.137395
0.136247
0.128927
0.123873
0.117815
0.109746
0.0959324
0.0790958
0.0564723
0.045793
0.0574737
0.0627583
0.0671336
0.0696657
0.0587721
0.0433663
0.00999542
0.00474941
-0.00459227
-0.0186046
-0.0202454
-0.0187607
-0.0143027
-0.00145586
0.00923934
0.00907635
0.0104912
0.00888519
0.00332748
-0.000929932
-0.0014892
1.76141e-05
-0.00471749
-0.00741553
-0.00540652
-0.000962402
0.00478908
0.0148234
0.0090805
-0.00635141
-0.0128684
-0.0239396
-0.0403157
-0.0565228
-0.0723182
-0.0909935
-0.11056
-0.129318
-0.141414
-0.140847
-0.13091
-0.135491
-0.138314
-0.140663
-0.137804
-0.11906
-0.108736
-0.10145
-0.0961159
-0.0804464
-0.0693945
-0.0595137
-0.040553
-0.00896392
0.0137307
0.033513
0.0423721
0.0478489
0.0474835
0.0473254
0.0544767
0.0619113
0.0756332
0.0894537
0.0995493
0.110169
0.113515
0.110147
0.110994
0.104653
0.0927068
0.095628
0.101316
0.0975897
0.0768515
0.0495607
0.0268393
-0.00100124
-0.0247047
-0.0124393
-0.00643278
-0.000244821
0.0109737
0.0147832
0.0208226
0.0275407
0.0427736
0.0540923
0.0631501
0.0702232
0.0613296
0.0465041
0.0346836
0.0274325
0.0291941
0.0296078
0.0317283
0.0367181
0.0440869
0.0500418
0.0423294
0.0329611
0.0315157
0.0299093
0.0285835
0.0255076
0.0172295
0.00978697
-0.000393441
-0.0112563
-0.0213969
-0.0272993
-0.0285308
-0.0417371
-0.0573381
-0.076087
-0.109805
-0.126131
-0.125521
-0.102611
-0.0782136
-0.0518804
-0.0236663
-0.0181989
-0.0240147
-0.0453907
-0.0476907
-0.0468293
-0.0349582
-0.0212956
-0.00810271
0.0167013
0.0273836
0.0325162
0.0352986
0.0128594
-0.0150317
-0.0175464
-0.0302003
-0.0335057
-0.0237892
-0.0148848
0.00392342
0.0204578
0.0371533
0.0548314
0.0648906
0.0744812
0.0859249
0.0949205
0.101699
0.109205
0.116742
0.120837
0.119431
0.105857
0.0812536
0.0588999
0.0338834
0.0217439
0.0208732
0.0174776
0.0204328
0.0125037
-0.0159628
-0.03576
-0.0495928
-0.0664976
-0.0813555
-0.0895698
-0.0986063
-0.0944115
-0.0830979
-0.0800135
-0.0727124
-0.0762193
-0.094681
-0.0954967
-0.0833911
-0.0793981
-0.0686174
-0.0547329
-0.0471804
-0.0417438
-0.0338343
-0.0326741
-0.0376478
-0.0373111
-0.0392222
-0.041531
-0.0345694
-0.0261098
-0.0202765
-0.0138561
-0.0138271
-0.0208897
-0.000900669
0.00380897
-0.0212086
-0.0317239
-0.0457737
-0.0677258
-0.0726139
-0.0638781
-0.0536216
-0.0461057
-0.0417133
-0.0458903
-0.0466048
-0.0502997
-0.030186
-0.00670319
-0.00727149
0.0028313
0.00999292
0.00879197
0.0130686
0.0176336
0.0201159
0.0179507
0.00483126
-0.00504728
-0.00712459
0.00270913
0.00851614
0.020974
0.0345615
0.0363168
0.0403786
0.0460119
0.0507967
0.0451681
0.0250238
0.0143475
0.00153182
-0.0131296
-0.0097085
-0.00269045
-0.00108522
0.00549959
0.0175914
0.031514
0.0360256
0.045079
0.0475659
0.0429088
0.0428441
0.039294
0.0329273
0.0388199
0.0448953
0.0527573
0.0818894
0.0960572
0.108062
0.119991
0.115599
0.108676
0.0985876
0.0848754
0.09652
0.108852
0.116301
0.13461
0.138351
0.120418
0.0974212
0.0811484
0.0579413
0.0414006
0.0369484
0.0334606
0.0421218
0.0495926
0.0374915
0.0337043
0.0301592
0.0216883
0.0166818
0.0150093
0.011725
0.00878185
0.00664863
0.00386817
-0.00149748
-0.00534009
0.00824048
0.0147524
0.0178979
0.0176339
0.0156101
0.0145979
0.0110769
0.00138222
0.00139153
0.0062674
0.0045705
-0.00208344
-0.00719336
-0.0105155
-0.0136674
-0.0169507
-0.0191486
-0.0208731
-0.0359248
-0.0506245
-0.0671305
-0.0871386
-0.101082
-0.112164
-0.118048
-0.113542
-0.0871349
-0.0671348
-0.05012
-0.0330329
-0.0327993
-0.0511005
-0.0587285
-0.0712734
-0.0840675
-0.0855003
-0.0886846
-0.0825229
-0.0706758
-0.0576374
-0.0406276
-0.0266589
-0.0143742
-0.00454147
-0.00159788
-0.00259753
-0.00862338
-0.00904757
-0.0119694
-0.0115583
-0.00522846
-0.00217373
0.000523448
-0.00572792
-0.0147123
-0.0177944
-0.0233871
-0.029875
-0.033711
-0.0357294
-0.0350242
-0.0303872
-0.0186649
-0.000372362
0.00146098
-0.00513142
-0.00705293
-0.0127806
-0.0291843
-0.0445242
-0.0585812
-0.0787154
-0.0876063
-0.0751479
-0.0665695
-0.0553586
-0.0513029
-0.0454312
-0.0370196
-0.030772
-0.0181534
0.00951445
0.00878627
0.011674
0.0253684
0.0374371
0.0484268
0.0593366
0.0705549
0.0846413
0.106001
0.114011
0.100584
0.0962228
0.0886289
0.0775301
0.0734955
0.0680842
0.0610953
0.0509365
0.0406992
0.03359
0.0420037
0.0476885
0.0514823
0.0565524
0.0542723
0.0534793
0.0536713
0.0508525
0.0345385
0.0176485
0.00461662
-0.00510623
-0.007285
-0.00332662
-0.00678361
-0.0145265
-0.0243455
-0.0424335
-0.0509923
-0.0341271
-0.0229569
-0.0134694
0.00309243
0.0168252
0.0210529
0.0224818
0.0269656
0.0263491
0.0209696
0.0178393
0.0136507
0.000355726
-0.0185822
-0.0319734
-0.0464325
-0.0575763
-0.0626474
-0.0598372
-0.0600611
-0.0591605
-0.0547448
-0.0509785
-0.0631941
-0.072161
-0.0657408
-0.0608516
-0.0587704
-0.0533395
-0.0576885
-0.0635713
-0.0666056
-0.0709369
-0.0713419
-0.0706377
-0.0615332
-0.0525899
-0.0550549
-0.0620745
-0.0649718
-0.0746509
-0.083812
-0.0785593
-0.0740051
-0.0699745
-0.0390449
-0.00619461
-0.00260866
0.00889162
0.020776
0.0238464
0.0205474
0.0182357
0.016237
0.0121837
0.00997
0.0164638
0.0202089
0.0109173
0.00508534
0.000294565
-0.00870388
-0.00899253
-0.00351579
-0.00265877
-0.0132526
-0.0427096
-0.0495061
-0.0570696
-0.0654405
-0.0693194
-0.0646989
-0.0538369
-0.0470548
-0.0374573
-0.0268258
-0.0170373
-0.00584391
-0.0135795
-0.0232383
-0.0256884
-0.0191378
-0.00266624
0.00964409
0.0342555
0.0704035
0.0802785
0.0562076
0.0432735
0.024482
0.0129274
0.0293727
0.0385583
0.0433764
0.0394794
0.0280678
0.0245919
0.0164256
0.0105918
0.0154359
0.0171775
0.0183096
0.020984
0.0188585
0.0175076
0.0180644
0.0177624
0.0183999
0.0236244
0.0361023
0.0309834
0.0263042
0.027361
0.0301331
0.0387373
0.0450156
0.0533639
0.0633078
0.0712453
0.0795611
0.0875499
0.0863133
0.0750704
0.0675919
0.0558164
0.0415231
0.0286386
0.0146849
0.0012923
-0.00304881
-0.00354196
-0.0071549
-0.0055166
-0.00358249
-0.00298277
-0.00087696
0.00104877
0.00265197
0.00409756
0.00178591
-0.000828086
-0.00253566
-0.00531736
-0.00622735
-0.00363048
-0.00780497
-0.0217439
-0.0286864
-0.0179484
-0.011213
-0.00666071
-0.00123955
0.00148372
0.00486656
0.00786521
0.0104923
0.0141147
0.0189945
0.0244211
0.030728
0.0330554
0.0209673
0.0113523
0.00311852
-0.00288939
-0.00126208
-0.00312067
-0.00473902
-0.0117033
-0.0184
-0.0175045
-0.0178868
-0.0174122
-0.0119104
-0.00884229
-0.0106519
-0.0118034
-0.0146133
-0.0219793
-0.0275505
-0.0323094
-0.0359982
-0.0380536
-0.0329892
-0.0287047
-0.0245738
-0.018046
-0.0131583
-0.0145443
-0.0159201
-0.0153601
-0.00700686
0.00599426
0.0160373
0.030471
0.0447998
0.0541117
0.064087
0.0741901
0.0761793
0.0767932
0.0797311
0.0802352
0.0798132
0.0799311
0.0735335
0.0624231
0.0542556
0.043079
0.0313733
0.0237734
0.0198352
0.0136501
0.00545142
-0.00326682
-0.011746
-0.0278219
-0.048823
-0.0503581
-0.0325482
-0.0253396
-0.0128863
0.00277334
0.0038173
0.000359567
0.00378054
0.00766447
0.00989408
0.0134327
0.0121767
-0.00315932
-0.0136563
-0.0130076
-0.0152347
-0.01854
-0.0184454
-0.0195673
-0.0250245
-0.0316781
-0.0357035
-0.0359551
-0.0330903
-0.0237695
-0.0194148
-0.0144769
-0.0153289
-0.0259982
-0.031415
-0.0387943
-0.04116
-0.0326068
-0.0287892
-0.0201485
-0.00430528
0.00733045
0.00985559
0.00661698
0.00325887
-0.0107896
-0.0231036
-0.0344326
-0.047713
-0.0602656
-0.0660413
-0.0601611
-0.0581833
-0.0552088
-0.050155
-0.050825
-0.0511152
-0.0502468
-0.0495648
-0.0379792
-0.0254021
-0.0163113
-0.0117534
-0.00932847
-0.00533912
-0.00304198
0.00109359
0.00853807
0.0144077
0.0192392
0.0144172
0.0100131
0.00371412
-0.00923254
-0.0191712
-0.0286141
-0.0385097
-0.046842
-0.0375737
-0.0204276
-0.0102297
0.000629072
0.00641457
0.0130551
0.0173281
0.0144931
0.031115
0.044419
0.0557325
0.0704925
0.0696011
0.0673541
0.0678714
0.0552736
0.0472123
0.0415083
0.0318577
0.0240175
0.0171908
0.00533101
-0.010627
-0.0283239
-0.0631399
-0.0702731
-0.0518641
-0.0251702
-0.0173871
-0.000895033
0.0123009
0.0146497
0.0223949
0.0294644
0.0306764
0.0171567
-0.00282457
-0.0193185
-0.0114342
-0.00908339
-0.012714
-0.00791907
0.00614362
0.015658
0.0198992
0.00819177
-0.00251423
-0.00557825
-0.00669296
0.00255323
0.0129353
0.0329764
0.0544387
0.0752344
0.0853701
0.0891766
0.0874599
0.0776488
0.0700181
0.0587605
0.0477703
0.0451972
0.0437139
0.0388784
0.0286223
0.0189935
0.00998966
0.000177836
-0.00199411
-0.00505098
-0.0134937
-0.0200143
-0.0284206
-0.0236626
0.00115753
0.00731332
0.0102164
0.011267
-0.003557
-0.00946676
-0.0142234
-0.0103292
-0.0191295
-0.030105
-0.0205437
0.000131917
-0.00261352
-0.0136888
-0.0144602
-0.0252629
-0.037364
-0.0339442
-0.0167355
-0.0115105
-0.00499844
0.000116829
0.00342923
0.00691392
0.00810896
0.00955861
0.0126583
0.0154545
0.0219184
0.0341944
0.0432786
0.0491706
0.0566529
0.0655693
0.0775016
0.082806
0.0768962
0.0757705
0.0714392
0.0426226
0.0168203
0.0241978
0.0194828
0.00375497
-0.00318264
-0.0104841
-0.017605
-0.0164242
-0.0173468
-0.018472
-0.0202745
-0.0318974
-0.0382957
-0.0397897
-0.0401891
-0.0399711
-0.0355778
-0.0319504
-0.022453
-0.00491899
0.0144725
0.0345965
0.0308824
0.0105498
0.000552757
-0.0147859
-0.0260898
-0.0353156
-0.0452916
-0.0533851
-0.0581629
-0.0592724
-0.0593246
-0.0551007
-0.0504298
-0.042183
-0.0347017
-0.0302737
-0.0248014
-0.0200047
-0.0222655
-0.013144
0.00239345
0.00968055
0.016991
0.0098967
0.00321112
-0.00259171
-0.0144526
-0.0266882
-0.0346965
-0.0340119
-0.0367813
-0.028862
-0.0168916
-0.0195128
-0.0176696
-0.0139147
-0.0162071
-0.0181708
-0.00945209
-0.00282053
0.00150941
0.00220282
0.00048315
-0.000840304
-0.00658482
-0.0119956
-0.0179715
-0.0248488
-0.0314996
-0.0402441
-0.0482954
-0.0434519
-0.0335456
-0.0285259
-0.0196785
-0.00984448
-0.00133053
0.000445815
-0.0161839
-0.0264027
-0.0159371
-0.00531928
0.00093594
0.00879823
0.00968979
0.010967
0.0106315
0.00950871
0.00883534
0.00789939
0.00881127
0.0140818
0.0102737
0.00655968
0.0170437
0.0222867
0.0272772
0.0419836
0.0549804
0.051836
0.0498751
0.044051
0.0286623
0.0164712
-0.00550971
-0.00633687
0.0037253
0.00249019
0.00827841
0.0143865
0.00877723
0.00510992
0.000818107
-0.0243346
-0.0398371
-0.0369152
-0.0272242
-0.0197031
-0.00953252
-0.000504695
0.00692046
0.00781904
0.000399033
-0.00233986
-0.00621889
0.00145136
0.0166981
0.0267315
0.0405724
0.0493835
0.0504433
0.0542308
0.0493709
0.0441637
0.0409427
0.0359344
0.0314143
0.0272365
0.0226244
0.0168469
0.0110219
0.00543501
4.19291e-05
-0.00457489
-0.00946115
-0.0142063
-0.0181461
-0.0212924
-0.0132009
0.00031259
0.00924589
0.0203259
0.0226544
0.0230118
0.0260974
0.0264876
0.0268555
0.0280319
0.0286624
0.0276392
0.0255621
0.0251083
0.0250568
0.024512
0.0277844
0.0325966
0.0352716
0.0394877
0.0345901
0.0148927
0.0168479
0.029893
0.0311821
0.0369781
0.0399426
0.0409317
0.0387806
0.0325492
0.0284991
0.0226667
0.0118934
0.00561371
-0.000258135
-0.0057559
-0.0102633
-0.0150842
-0.0186551
-0.0234181
-0.0381049
-0.0509608
-0.0625014
-0.0693367
-0.0471578
-0.0298517
-0.0211702
-0.00494484
0.00243493
0.00532658
0.0121264
0.0142879
0.0142797
0.0164386
0.0172761
0.0147319
0.00533253
-0.00850086
-0.0115573
-0.0144079
-0.0174679
-0.015852
-0.0156554
-0.0154181
-0.0176903
-0.0386189
-0.0454532
-0.0510221
-0.0553768
-0.0492561
-0.0473262
-0.0419535
-0.0322123
-0.0259446
-0.0272328
-0.0315933
-0.0334572
-0.0400896
-0.0482337
-0.0545241
-0.053612
-0.0442727
-0.0398628
-0.0229398
-0.00260942
-0.0119372
-0.00116646
0.0129502
0.00554529
-0.00276129
-0.0042629
-0.00941256
-0.0137443
-0.0175015
-0.0213192
-0.0162935
-0.0107667
-0.00757374
-0.00191213
0.00299943
0.0064506
0.0088208
0.00914053
0.0196061
0.0307805
0.0292566
0.0338842
0.0352075
0.0228873
0.0142442
-0.000436653
-0.023773
-0.0375679
-0.0389927
-0.0328391
-0.0235807
-0.0139321
-0.0063954
-0.000140681
0.00466581
-0.00236614
-0.0115552
-0.0202966
-0.035822
-0.0472554
-0.0370293
-0.0243076
-0.0141169
0.00823761
0.0280499
0.0309917
0.0166391
0.00992362
-0.00532611
-0.0171294
-0.0260379
-0.0280471
-0.0137073
0.00568824
0.0207003
0.0257824
0.0280086
0.0167998
-0.00206054
-0.0242463
-0.0351547
-0.0452624
-0.0479832
-0.0319116
-0.00919553
0.0224558
0.0340609
0.040881
0.0472959
0.0186369
0.00708572
0.00409673
-0.00517505
0.0205087
0.0506943
0.0717158
0.0975119
0.103164
0.0875531
0.0597917
0.0404144
0.0428489
0.0492162
0.0542759
0.0429451
0.0106107
-0.0354096
-0.0892687
-0.120863
-0.0977723
-0.0541571
0.00725143
0.0639404
0.0836806
0.0836298
0.0438117
-0.0136223
-0.0541841
-0.0465638
-0.0235155
0.0121791
0.0442725
0.0598208
0.0679055
0.0319551
-0.00544517
-0.0255229
-0.0269637
0.00586239
0.0141012
0.0302987
0.0404181
0.0331599
0.0223372
0.00574395
-0.0176808
-0.0408323
-0.0578048
-0.0678888
-0.0614772
-0.0440198
-0.0233909
-0.0143433
-0.00810981
-0.0122793
-0.0299739
-0.0362458
-0.0406494
-0.0386591
-0.0213321
-0.0121169
0.00338158
0.0200691
0.0258341
0.0265887
-0.00549954
-0.039091
-0.0636846
-0.0871751
-0.0992653
-0.0692223
-0.0340714
0.00987967
0.0499959
0.0600328
0.0410713
0.0265772
0.00321301
-0.0197358
-0.0326152
-0.0354298
-0.0135311
0.0252001
0.0437404
0.0328094
0.0049445
-0.0334213
-0.0699014
-0.0788831
-0.073612
-0.0674041
-0.0524866
-0.0370853
-0.0206064
0.00130781
0.0124759
0.0202398
0.0283107
0.0330011
0.0404721
0.0495109
0.0520244
0.0509023
0.0500836
0.0485746
0.0425927
0.0387025
0.0331078
0.0275075
0.0234744
0.0169834
-0.00705025
-0.018278
-0.0208707
-0.0184268
0.00171468
0.0173752
0.0247418
0.034388
0.0350238
0.0136883
-0.0118222
-0.0416041
-0.0438032
-0.0227925
0.00164206
0.0206306
0.025026
0.021214
0.0266013
0.0292861
0.0264899
0.0188561
0.00033105
-0.00928132
0.00352622
0.0334099
0.0466345
0.0547146
0.0639448
0.0576594
0.0473874
0.0355942
0.0177967
0.0164452
0.0345871
0.0370729
0.0347987
0.0202273
-0.00394062
-0.0295555
-0.0531907
-0.0646564
-0.0554009
-0.0307363
-0.0132991
0.0134529
0.0359333
0.0449434
0.0538478
0.0434762
0.0246035
0.0153121
-0.00520822
-0.0295948
-0.0498267
-0.0651668
-0.0782695
-0.0865974
-0.0761984
-0.0591252
-0.0425639
-0.0293895
-0.0257776
-0.0236466
-0.0253614
-0.0275442
-0.031853
-0.0397059
-0.0361476
-0.0242358
-0.020131
-0.0113134
0.00316618
0.0135812
0.0228905
0.0368477
0.0397529
0.0115008
-0.0142884
-0.0343253
-0.0461412
-0.0350922
-0.0222023
-0.0131791
0.00114895
0.0124114
0.017505
0.0136298
-0.00234957
-0.0195856
-0.0232599
-0.0237512
-0.0200461
-0.0145502
-0.00977891
-0.00781999
-0.0265567
-0.0400865
-0.0487636
-0.0653086
-0.0763472
-0.0819326
-0.0874747
-0.0892677
-0.0828844
-0.072613
-0.0602238
-0.0485436
-0.0367912
-0.025959
-0.0144225
-7.57154e-05
0.0130928
0.0231718
0.029001
0.0273277
0.0125757
0.008739
0.0161914
0.0217449
0.0244346
0.0294062
0.033636
0.0356599
0.0241934
0.00546942
-0.00512497
-0.012648
-0.00769395
0.0132476
0.0232945
0.028567
0.0363999
0.0468133
0.054001
0.0580699
0.0538452
0.0465896
0.0441302
0.0442423
0.0451875
0.0493864
0.0533568
0.049746
0.0428032
0.0418603
0.0441535
0.0508845
0.0596199
0.0655703
0.0674412
0.0529448
0.0373573
0.0240954
0.0104161
0.00462847
-0.00073879
-0.00320934
0.00208014
0.0199824
0.0391201
0.0513577
0.0543399
0.0441358
0.0207543
0.00752328
-0.00688871
-0.0205658
-0.0243603
-0.0277974
-0.0285131
-0.0221154
-0.0150087
-0.0094402
-0.00720829
0.0039598
0.0224159
0.0342671
0.0459315
0.0370812
0.0169453
0.0202929
0.0192694
0.0221395
0.028254
0.0284682
0.0257882
0.0174389
-0.00145122
-0.0265074
-0.0444351
-0.0521442
-0.0542371
-0.0533682
-0.0494908
-0.0439306
-0.0396192
-0.0407934
-0.0387131
-0.0304482
-0.0211839
-0.0169041
-0.0123513
-0.00893889
-0.00666778
-0.00877124
-0.0120706
-0.0127288
-0.00477882
-0.00393125
-0.0181232
-0.0379073
-0.0414498
-0.0402763
-0.036511
-0.0332243
-0.0268999
-0.0218552
-0.0214784
-0.0213335
-0.0236817
-0.0167177
-0.0111045
-0.00780633
0.000604139
0.00309999
0.00253662
0.00750205
0.0120162
0.0181971
0.0258154
0.0241732
0.0247411
0.0221502
0.0132189
0.00786172
-0.00496402
-0.0164192
-0.0197602
-0.0225226
-0.0110339
0.00229513
0.00810093
0.0183779
0.0265341
0.0252087
0.0193121
0.00808882
-0.00152497
-0.000473266
0.00356259
0.00196422
0.00160158
0.00603176
0.00620052
0.00514766
0.00492642
0.00177209
0.00473571
0.012655
0.0239735
0.0371701
0.0461169
0.0510677
0.0411508
0.0250528
0.0200146
0.00791102
0.000102951
-4.30761e-05
0.0143501
0.0256066
0.0320348
0.0371343
0.0396908
0.040795
0.0399224
0.0403858
0.0404825
0.0397192
0.0407517
0.0429361
0.0382422
0.0289901
0.0211637
0.0306724
0.0365527
0.0356443
0.0403217
0.0353364
0.0222573
0.012507
0.00298278
-0.00577191
-0.00791749
-0.000268566
0.00790876
0.0151724
0.0279974
0.0300394
0.0317424
0.0286443
0.0123917
0.000432711
-0.00963622
-0.0172782
-0.00738004
-0.00480414
-0.00875943
-0.00841126
-0.0123279
-0.00708253
0.0113861
0.023947
0.0285793
0.0235976
0.0100324
-0.010888
-0.0329861
-0.0526843
-0.0458776
-0.0239312
-0.00449757
0.0163428
0.0280943
0.0342748
0.0326838
0.0163961
0.00106237
-0.0156116
-0.0328895
-0.0420549
-0.0370868
-0.0247487
-0.0124984
0.00437998
0.022704
0.032099
0.0330686
0.0309385
0.0304519
0.0277505
0.0270709
0.0355432
0.0399411
0.0401206
0.0255563
0.00838708
-0.00497578
-0.0230969
-0.0408732
-0.0495563
-0.0540581
-0.0647754
-0.0737986
-0.0773417
-0.0747036
-0.0738759
-0.067508
-0.0565278
-0.0526621
-0.0468808
-0.0340362
-0.0230369
-0.00913055
0.00337291
0.00232507
-0.000469635
-0.00478064
-0.00361232
0.0117195
0.0234628
0.0192609
0.0209164
0.00485317
-0.0162108
-0.0184418
-0.0252537
-0.0144473
0.00146185
0.00758424
0.0151681
0.0127706
0.00370345
-0.0116787
-0.0181715
-0.0234294
-0.0267099
-0.00678638
0.0116645
0.0187682
0.0311634
0.0341255
0.0325345
0.0301597
0.0222991
0.0155431
0.009279
-0.00260116
-0.0122104
-0.0159823
-0.0211028
-0.0241017
-0.0231737
-0.0238597
-0.0231183
-0.0205427
-0.0106857
0.00307427
0.013438
0.0287605
0.0440637
0.0444919
0.0435427
0.0352532
0.0176884
-0.00192865
-0.0183819
-0.0271245
-0.0212135
-0.0135773
0.0037283
0.0166566
0.0252667
0.0320923
0.0245623
0.00074267
-0.0340449
-0.0497625
-0.0736915
-0.095777
-0.100438
-0.0831302
-0.046064
-0.0163511
0.00753453
0.034599
0.0533574
0.0654307
0.075015
0.037371
0.000955225
-0.0281696
-0.0342857
-0.0250468
-0.00596483
0.00648045
0.022187
0.0242999
0.0136634
-0.00878018
-0.0395741
-0.0567779
-0.0645251
-0.0461799
-0.0388108
-0.0431247
-0.0473272
-0.0448719
-0.0305164
-0.0248949
-0.0185314
-0.0123884
-0.0116782
-0.011212
-0.0135121
-0.014253
-0.0121572
-0.00586672
0.0012317
0.00201835
-0.00436286
-0.0112822
-0.0215545
-0.0312378
-0.0345405
-0.0292656
-0.016487
-0.00846245
-0.00143711
0.00108293
-0.0122476
-0.0231768
-0.0247707
-0.0243069
-0.0204709
-0.0231411
-0.0293626
-0.0326638
-0.0350351
-0.0324654
-0.019457
-0.0094629
0.00102218
0.00976606
0.0107124
0.0117067
0.0124604
0.014787
0.0267581
0.0332455
0.0345308
0.0403978
0.0421535
0.0384265
0.0337179
0.0277051
0.0132399
0.00337933
-0.000507826
-0.00923133
-0.0170507
-0.0196524
-0.0142376
-0.01246
-0.00552833
0.000790023
0.002219
-0.00094141
-0.00814028
-0.0290001
-0.0418539
-0.0469128
-0.0555218
-0.054748
-0.0429334
-0.0402757
-0.0361835
-0.0287113
-0.0268062
-0.0330405
-0.0353294
-0.0353975
-0.030443
-0.0232286
-0.0179649
-0.00455468
0.012512
0.0176464
0.0156369
0.0156991
0.0112565
0.00483847
0.00180711
0.000183261
0.000348621
0.00303606
0.00426719
0.00647818
0.00824293
0.000246436
-0.00809372
-0.0131552
-0.0134709
-0.0101913
-0.000839825
0.0157669
0.0298708
0.0446542
0.0515257
0.0507959
0.042025
0.0244222
0.0147459
-0.00217079
-0.012489
-0.0135671
-0.0102817
-0.00440153
0.00528155
0.00351998
0.00466892
0.009377
0.0134873
0.0172343
0.018017
0.0139643
0.00916682
0.00861818
0.00763308
0.0134909
0.0238488
0.02014
0.0178961
0.0150764
0.00942284
0.00639147
0.00724114
0.00822601
0.0145053
0.0254171
0.027606
0.0320786
0.035845
0.0376482
0.0399932
0.0402212
0.040073
0.0405546
0.0371828
0.0254479
0.0166731
0.013012
0.00677795
0.00199494
0.00859223
0.0113371
0.0102644
0.0114265
0.00631858
-0.00273076
-0.0101526
-0.0195166
-0.0289978
-0.0300745
-0.0271394
-0.0272122
-0.028284
-0.0270955
-0.0270815
-0.0254653
-0.0213033
-0.020544
-0.0206548
-0.0166629
-0.0143059
-0.0131398
-0.0128541
-0.0109589
-0.00225092
0.00509947
0.00857046
0.0124241
0.011463
0.0112219
0.0211479
0.0262164
0.0252819
0.0168849
0.00994571
0.00421228
-0.00282255
-0.00847349
-0.011936
-0.0138279
-0.0152857
-0.00906457
-0.0086422
-0.0102348
-0.00081886
0.00614354
0.00921599
0.0135767
0.0173151
0.0196186
0.0190128
0.0160414
0.0198411
0.0144281
0.00618391
0.000638589
-0.00252426
-0.00559599
-0.00909634
-0.0127494
-0.0198187
-0.0254571
-0.0241021
-0.0245715
-0.0228042
-0.0201559
-0.0193818
-0.0200241
-0.0242947
-0.0276971
-0.0255925
-0.0175596
-0.00594543
0.00382962
0.0132106
0.028065
0.0351035
0.0268796
0.0165858
0.0054013
-0.00518627
0.00140576
0.00475475
0.00771075
0.0138171
0.0178345
0.0252314
0.0261088
0.0138991
0.0133604
0.0136973
0.00913415
0.0115385
0.0274735
0.035894
0.0322353
0.0319826
0.0229466
0.0140589
0.00969101
0.0049149
0.00364094
0.00348422
0.00284899
0.00295432
0.00430011
0.010901
0.0174432
0.0134626
0.0115092
0.00849249
0.00173917
-0.00292869
-0.00586756
-0.00349891
0.0142695
0.0216044
0.0255336
0.0313418
0.0294985
0.0219834
0.00848074
0.000200357
0.00218593
0.00296991
0.0107222
0.0158608
0.0192665
0.0251739
0.0297832
0.034354
0.0337212
0.0223499
0.0165177
0.0109503
0.00244763
-0.00157056
-0.00600383
-0.00192046
0.0143718
0.0217316
0.0295654
0.0289796
0.0176303
0.00344264
-0.0122523
-0.0285902
-0.034078
-0.0379081
-0.032328
-0.015955
-0.00263374
0.00632673
0.0186154
0.0267226
0.0230955
0.0120588
-0.00312239
-0.0140529
-0.0203957
-0.0152856
-0.00378796
0.00695042
0.019933
0.0218432
0.0136384
0.00507326
-0.00192068
-0.00998714
-0.0105921
-0.00215481
0.00100526
0.00605389
0.0128694
0.0191291
0.0255775
0.0313677
0.0347106
0.0313863
0.0261324
0.0167458
0.0104574
0.00659534
0.00545221
0.012043
0.0118524
0.0013646
-0.000488387
-9.57903e-05
-0.0034653
-0.00587591
-0.00754288
-0.0109404
-0.0132291
-0.0125865
-0.00190952
0.00272602
0.00765311
0.0199553
0.0204651
0.0139778
0.0133684
0.00793807
0.00276154
0.00368465
0.00610399
0.0091459
0.0144294
0.0206682
0.0250392
0.0196416
0.0133902
0.00741855
0.00100113
-0.00773532
-0.00739923
-0.00385108
-0.00222334
0.00255466
0.00749837
0.00267956
-0.00253052
-0.00701095
-0.0173158
-0.0214485
-0.0187097
-0.0193326
-0.0151619
-0.0119426
-0.0115943
-0.0137558
-0.0141354
-0.0127089
-0.0109132
-0.00367998
0.00523702
0.00559524
0.00687839
0.00522013
-0.00195198
-0.0110138
-0.0179407
-0.0259263
-0.0293591
-0.0314874
-0.034297
-0.0314394
-0.0267757
-0.025739
-0.0246264
-0.0251293
-0.0295834
-0.0355597
-0.0406113
-0.0451484
-0.0470782
-0.0451754
-0.0351252
-0.0225071
-0.00929498
-0.0020475
0.00425277
-0.000954291
-0.00739529
-0.00868194
-0.0101861
-0.00986688
0.00364629
0.00740989
0.0115129
0.0207705
0.0114858
-0.00161445
-0.00876115
-0.0103454
-0.0145068
-0.0175817
-0.0131197
-0.00707669
-0.0048053
-0.00905109
-0.0116407
-0.010946
-0.0171093
-0.026403
-0.0338957
-0.0327016
-0.0269408
-0.0214939
-0.0129558
-0.00960022
-0.00917896
-0.00757906
-0.00907636
-0.0123029
-0.00904112
-0.00139348
0.00577643
0.0111496
0.0134906
0.0111623
0.00636585
0.0057577
-0.00196833
-0.00975586
-0.0103933
-0.0108694
-0.0123721
-0.00335002
-0.000771591
-0.00519162
-0.00254496
-0.00401839
-0.00880946
-0.00821167
-0.0105157
-0.013855
-0.0153936
-0.0168402
-0.00953562
0.00413914
0.0103651
0.00406331
0.00730556
0.0100984
0.0107362
0.0129563
0.0149448
0.0169201
0.0205736
0.0282378
0.0348185
0.0398643
0.0449417
0.0490843
0.0508659
0.051531
0.0511617
0.049526
0.0454157
0.0439228
0.0446778
0.0369102
0.0284015
0.0258005
0.0159879
0.00402404
-0.00195886
-0.00671561
-0.014791
-0.020096
-0.0242892
-0.0288602
-0.0267249
-0.0215014
-0.0129426
-0.00508605
0.00225658
0.0103198
0.0178073
0.0258013
0.0337574
0.0362888
0.0366865
0.0343852
0.0304677
0.027099
0.0245905
0.0177695
0.0112262
0.0155218
0.00869935
-0.00028605
0.000412021
-0.000657669
-0.00459708
0.000964583
-0.00813658
-0.0218641
-0.0246478
-0.0239843
-0.0221082
-0.0200807
-0.0130421
-0.0117866
-0.0140261
-0.0189512
-0.0214061
-0.0183854
-0.0257543
-0.0281245
-0.0237713
-0.0174641
-0.00679153
0.000544123
0.011148
0.0163033
0.0127505
0.00205786
-0.00667811
-0.014676
-0.0295783
-0.0246729
-0.0173847
-0.012493
-0.00358958
0.00525388
0.0103647
0.00880088
-0.000184812
-0.0078163
-0.0106635
-0.0146136
-0.0130797
-0.0114691
-0.0114002
-0.0120617
-0.0180157
-0.0133761
-0.00594745
-0.0124454
-0.0198759
-0.0160483
-0.0238988
-0.0295546
-0.0210162
-0.0274623
-0.0336854
-0.020774
-0.0201336
-0.0215242
-0.0214069
-0.0203862
-0.0148711
-0.0107448
-0.00517582
-0.00185787
-0.00058864
0.000787857
0.00409693
0.00415763
0.00528151
0.00820194
0.00797277
0.0107705
0.0176641
0.0216176
0.0221395
0.0200366
0.0143377
0.00941194
0.00407877
-0.00204537
-0.00387848
-0.00334891
-0.00689115
-0.00916111
-0.0110702
-0.0151202
-0.0190448
-0.0197095
-0.0200608
-0.0207641
-0.0218593
-0.024249
-0.0217909
-0.0193322
-0.01844
-0.0151219
-0.010182
-0.00534463
-0.00350013
-0.00481273
-0.00976663
-0.00847764
-0.00453936
-0.0010716
-0.00143609
-0.00823932
-0.0173944
-0.0247152
-0.0193354
-0.0158761
-0.0156419
0.000361292
0.00716489
-0.00271261
-0.00529714
-0.00924179
-0.0159161
-0.0199457
-0.0200977
-0.0155421
-0.00655277
0.000637136
0.00779614
0.0138742
0.0189278
0.0225383
0.0202559
0.0149124
0.0160756
0.0237286
0.0105662
0.00713122
0.0172154
0.0144733
0.013053
0.0164594
0.0176751
0.020095
0.0245401
0.023996
0.0207829
0.0157419
0.00763488
0.00747979
0.0109826
0.0083418
0.00769326
0.00652512
0.00282213
-0.00212531
-0.0032394
-0.00453155
-0.0129325
-0.019612
-0.0179792
-0.00742955
-0.00182681
0.00395953
0.00162422
-0.00836923
-0.0189253
-0.020949
-0.0238184
-0.0284803
-0.0239903
-0.016258
-0.00634081
-0.00206284
0.00396871
0.0122277
0.0164984
0.0157412
0.0116283
0.00670777
0.00184326
-0.0031978
-0.00583554
-0.00504525
-0.00197746
0.00429331
0.00996477
0.0186785
0.0234107
0.0199007
0.0198048
0.0192183
0.0166379
0.0139747
0.00842431
0.00325106
-0.00295021
-0.0122694
-0.0136492
-0.00791577
-0.00743648
-0.00474068
-0.000358559
0.00423078
0.00903876
0.0146444
0.0208168
0.0233852
0.0234698
0.0162106
0.00966205
0.0115493
0.0104674
0.0065229
0.00394866
-0.000301608
0.00106317
0.00544473
0.00635516
0.00993263
0.0185966
0.020113
0.016404
0.0139956
0.00889758
0.00185945
0.00203486
0.00489104
0.00656411
0.0101102
0.0127418
0.0153407
0.0205
0.0242967
0.0208185
0.0168155
0.0182493
0.0178157
0.0190151
0.0193397
0.0135159
0.0122082
0.0126176
0.00662057
0.00479516
0.0102505
0.0108411
0.008598
0.00797488
0.00595026
0.00760114
0.0113444
0.00928907
0.00427007
0.00283054
0.000276154
-0.00451082
-0.00862555
-0.00963766
-0.00954249
-0.00492221
0.00273586
0.00261975
0.00187534
0.00549451
0.00726557
0.0122313
0.0146092
0.00360413
-0.003383
-0.00125517
-0.00336516
-0.00528443
0.00132736
0.00998931
0.00515199
0.000412081
0.00271381
-0.0071307
-0.0272436
-0.0250021
-0.0212724
-0.0191709
-0.00966247
0.0021716
0.0133527
0.0262735
0.0317611
0.0284135
0.0218564
0.0137328
0.0062021
-0.0016977
-0.00466336
-0.00404251
-0.00958602
-0.0128606
-0.0074032
-0.00749868
-0.0157252
-0.0140672
-0.018472
-0.0258429
-0.027968
-0.0324598
-0.0318638
-0.0295643
-0.0266564
-0.0238408
-0.0284126
-0.0315067
-0.0326563
-0.0350743
-0.0336949
-0.0322659
-0.0321524
-0.032062
-0.0316297
-0.0302957
-0.0290661
-0.0271111
-0.0224941
-0.0106097
-0.0115575
-0.0275244
-0.0197136
-0.0157019
-0.0176422
-0.00752219
0.00133669
0.00366636
-0.000978593
-0.00328359
-0.00777262
-0.0153118
-0.018141
-0.0037623
0.00538738
-0.0001895
0.000545548
0.00655268
0.00888717
0.00799705
0.00792742
0.0062768
0.00677904
0.0115733
0.0142785
0.0177507
0.0213616
0.0229241
0.0226973
0.0181455
0.0144428
0.0101613
0.00244228
-0.00539918
-0.00583733
-0.00570807
-0.0090784
-0.0104544
-0.0063737
-0.00211334
0.000113895
0.00255297
0.00704073
0.0121568
0.0158489
0.0194967
0.0214914
0.0239063
0.0274151
0.0298558
0.0295345
0.0255939
0.0174354
0.00970884
-4.62789e-05
-0.00855791
-0.00750227
-0.0082627
-0.0102999
-0.00985115
-0.00954007
-0.00522516
8.69397e-05
0.00397067
0.00250967
0.000755926
0.00146037
0.00280031
0.0128111
0.0213616
0.0254208
0.0227607
0.0168191
0.00519841
-0.0103836
-0.0195302
-0.0170527
-0.0153157
-0.00974476
-0.00519231
-0.00428028
-0.00977131
-0.0141503
-0.0184765
-0.0228761
-0.0234411
-0.0135124
0.00366908
0.0269112
0.0363986
0.0321934
0.0135203
-0.0170708
-0.0516377
-0.0761126
-0.0809746
-0.0623866
-0.0192915
0.0137532
0.00476645
-0.0179013
-0.0387311
-0.066169
-0.076614
-0.0572624
-0.0226591
0.034214
0.0616015
0.0551257
0.0435933
0.00991461
-0.0274767
-0.0456681
-0.0596398
-0.0574409
-0.0515995
-0.0423541
-0.0306016
-0.0205231
-0.0211148
-0.0215623
-0.0215051
-0.0247069
-0.0345977
-0.0405999
-0.0355514
-0.0210216
-0.00433916
0.0106811
0.0244648
0.026951
0.0116906
0.00259908
-0.00661107
-0.0151268
-0.0202246
-0.0207007
-0.0209638
-0.018307
-0.0051751
0.00382954
0.00824092
0.0151809
0.019448
0.0197877
0.0177039
0.0139177
0.0148567
0.0196215
0.0192425
0.016455
0.0171902
0.019338
0.0200386
0.0233468
0.026907
0.018886
0.00945455
0.010002
0.0107406
0.0124065
0.0161881
0.0156502
0.0156838
0.0163572
0.0143463
0.0127438
0.0124925
0.0125396
0.0121616
0.0125359
0.0159846
0.0193063
0.0194788
0.0193734
0.0191986
0.0166372
0.0189274
0.0233227
0.024665
0.026318
0.0241907
0.0185099
0.00989656
-0.000204434
-0.00866552
-0.00860599
-0.00613932
-0.00459755
-0.000540214
-0.000780082
-0.00226876
-0.00783115
-0.0138362
-0.01588
-0.0231786
-0.0271712
-0.0197879
-0.0164105
-0.0149315
-0.0107028
-0.00708908
-0.0038736
-0.00208553
-0.00508234
-0.00761208
-0.0116459
-0.0121005
-0.00746773
-0.00641862
-0.00692845
-0.00618841
-0.00586936
-0.00651069
-0.0101747
-0.0141128
-0.0131276
-0.0102012
-0.00359971
0.00318667
0.0123645
0.020191
0.0213847
0.0243884
0.0286832
0.0306921
0.0262955
0.0180114
0.0179313
0.0128373
0.00252482
-0.00415091
-0.00287939
0.00692649
0.0126756
0.0223918
0.0345054
0.0417246
0.0401407
0.0462671
0.0531272
0.0503773
0.0443023
0.0283059
0.017787
0.0149234
0.00647763
0.000918901
-0.00495751
-0.0143438
-0.0208646
-0.0223526
-0.0245595
-0.0254677
-0.0194678
-0.00949909
-0.00228656
0.00831067
0.0185452
0.0206017
0.0214924
0.0202362
0.0156668
0.0101278
0.0049907
-0.000893284
-0.00134961
0.00366713
0.000898747
-0.00223029
-0.00373978
-0.00722383
-0.00563068
-0.00150835
-0.00143794
-0.00227207
-0.00157149
-0.00161933
-0.00187185
-0.00128976
0.000153123
0.000946847
0.000739973
0.000542203
-0.00112368
-0.00233263
0.000846901
0.00391598
0.00620296
0.00975803
0.0102519
0.00756158
0.0080434
0.00964679
0.0098375
0.00985318
0.0100007
0.0100659
0.00962083
0.00638763
0.00300264
0.000929395
-0.00103182
-0.00443565
-0.0084754
-0.00805934
-0.00572763
-0.0113103
-0.0202644
-0.0277627
-0.0337868
-0.0312481
-0.0299447
-0.0285085
-0.025501
-0.0274335
-0.0313431
-0.0310331
-0.0301185
-0.0295427
-0.027853
-0.0257305
-0.0245611
-0.0242328
-0.0189453
-0.0130075
-0.0107969
-0.00711578
-0.000787553
0.00514877
0.00835816
0.00949
0.00319855
0.000127005
0.000355265
-0.00094422
0.00318371
0.00496853
0.00305001
0.00122867
-0.00514688
-0.00390476
-0.00171084
-0.000314889
0.00435182
0.0072599
0.00666639
0.00710191
0.00687695
0.0053807
0.00456065
0.0062423
0.0112967
0.0131534
0.00929267
0.00726736
0.0059192
0.00307303
0.00113345
0.00361
0.00674282
0.00742283
0.00843599
0.00964859
0.00934234
0.00925682
0.00682413
0.00257781
0.00168522
0.000214984
-0.00210398
-0.00310723
-0.000690479
0.00228317
0.00242432
0.002392
0.00737855
0.0141145
0.0153156
0.0165632
0.0208584
0.0240583
0.0259566
0.02798
0.0236143
0.0195722
0.0261966
0.0291652
0.0283795
0.0305373
0.030509
0.0281025
0.0221981
0.0140198
0.00439554
0.00598175
0.0113237
0.00543237
-6.40335e-05
-0.00133553
-0.00343742
-0.00505506
-0.00230732
7.07227e-06
0.00402738
0.0106719
0.0134488
0.00757292
0.00371159
0.0100102
0.0225793
0.0175662
0.0128648
0.0142385
0.0120463
0.00965843
0.0117698
0.0165329
0.0190352
0.02095
0.0219798
0.0189387
0.0159686
0.0136769
0.0102165
0.00699165
0.00405042
0.000928201
-0.00194321
-0.00340609
-0.00468688
-0.00533161
-0.00552156
-0.00580104
-0.00574399
-0.00844291
-0.0133451
-0.0107155
-0.00835463
-0.0136621
-0.0133671
-0.00828515
-0.0118443
-0.0180813
-0.0147933
-0.0134998
-0.0140196
-0.0119702
-0.0101723
-0.00466389
-0.00431963
-0.015204
-0.00897796
-0.00385697
-0.00323406
-0.000981144
-0.00604217
-0.00767758
-0.0056042
-0.00897962
-0.0127535
-0.0132183
-0.0144822
-0.0141456
-0.0127416
-0.0112041
-0.00917901
-0.00751951
-0.00688122
-0.0085427
-0.0097542
-0.0109648
-0.0116099
-0.0117008
-0.0137733
-0.011644
-0.00760929
-0.00663461
-0.00486034
-0.0023867
-0.000710968
-0.00108464
-0.00432846
-0.00809572
-0.0122932
-0.00993391
-0.00365916
0.00755626
0.00586247
-0.00830864
-0.0128541
-0.015485
-0.00218815
0.00945489
0.0103513
0.00574473
0.000269396
-0.00794068
-0.0187214
-0.0207974
-0.0152565
-0.0102269
-0.00235627
0.00672051
0.00102919
-0.0149135
-0.0206455
-0.0181089
-0.00965183
-0.00100316
0.0059815
0.00566221
0.00229627
-0.000350553
-0.00314117
-0.00344523
-0.00122936
0.0036257
0.0109166
0.0138753
0.00543836
-0.00334841
-0.0115873
-0.0168012
-0.0162278
-0.0129274
-0.00856989
-0.00225005
0.00264942
0.00351148
-0.00370199
-0.0108637
-0.0100207
-0.00785381
-0.0063324
-0.00286539
0.00114829
0.00507875
0.00596323
0.00336798
0.000274707
-0.00200571
-0.00353038
-0.00333597
-0.00102501
-0.000691357
-0.000998233
-0.000216538
0.00188486
0.0034294
0.000798621
-0.00762885
-0.0148021
-0.0122194
-0.00917851
-0.00774941
-0.00362728
-5.83943e-05
-0.000178933
-0.000396399
-0.00139841
-0.00267103
-0.000914074
0.000346213
-0.00183365
-0.00686082
-0.00846901
-0.0103893
-0.0100553
-0.00493174
-0.00377175
-0.00236006
-0.00388886
-0.00673555
-0.00705843
-0.00330772
-0.00194067
-0.000979845
0.000658399
0.00050642
0.000897603
0.0014002
-0.000990908
-0.00366
-0.00323519
-0.000639603
0.000777834
0.00276125
0.00451255
0.00480599
0.00547115
0.00568584
0.00540631
0.00543229
0.00530364
0.00502224
0.0048527
0.00466775
0.00438233
0.0040331
0.00542368
0.0083344
0.0080807
0.00604735
0.00411613
0.00283741
0.00242829
0.00235657
0.00257568
0.0030021
0.00349222
0.00367196
0.00389087
0.00442995
0.00483158
0.00400189
0.00289443
0.00307549
0.00316988
0.00317094
0.00353659
0.00386027
0.00411231
0.00460023
0.00517871
0.00547799
0.00499056
0.00462374
0.00446652
0.00443497
0.00439919
0.0042723
0.00404087
0.00387992
0.00374297
0.00357269
0.0034278
0.00308719
0.00238849
0.00210534
0.00239377
0.0024422
0.0025391
0.0027263
0.00277724
0.00289965
0.00299534
0.0026111
0.00227917
0.00211614
0.00207686
0.0022323
0.00228057
0.00234821
0.00230139
0.00199361
0.00163052
0.00139204
0.00114172
0.00117228
0.00140579
0.00135174
0.00134579
0.00141027
0.00134518
0.00110178
0.00105409
0.00123397
0.00120852
0.0011882
0.00127652
0.00129756
0.00122988
0.00126319
0.00132606
0.00133388
0.00136237
0.00139089
0.00140425
0.00137881
0.0013046
0.00126521
0.00128471
0.00130418
0.00130553
0.00130801
0.00130043
0.00128145
0.00125136
0.00118926
0.00111435
0.00106905
0.00109113
0.00109561
0.00107799
0.00107179
0.00105107
0.00102527
0.000987092
0.00094798
0.000904327
0.000859097
0.000822669
0.000796637
0.000771943
0.00075832
0.000739488
0.00070533
0.000674595
0.00063975
0.000599868
0.000564846
0.000531043
0.000503574
0.000480859
0.000453985
0.000431937
0.000408276
0.000380426
0.000350536
0.00031615
0.000267125
0.00022356
0.000186926
0.000148884
0.000117167
8.64327e-05
5.71841e-05
2.87415e-05
-9.67155e-07
-3.06835e-05
-6.09903e-05
-9.17316e-05
-0.000124422
-0.000159231
-0.00019202
-0.000224555
-0.000256328
-0.000286542
-0.000316423
-0.000345882
-0.000375249
-0.000404653
-0.000433813
-0.000462766
-0.000491404
-0.000519712
-0.000547963
-0.000575864
-0.000603624
-0.000631314
-0.000658884
-0.00068644
-0.0007137
-0.000740682
-0.000767454
-0.000793967
-0.000820226
-0.000846274
-0.000872058
-0.000897515
-0.000922711
-0.000947705
-0.000972463
-0.000996971
-0.00102124
-0.00104528
-0.00106905
-0.00109256
-0.00111581
-0.00113882
-0.00116159
-0.00118411
-0.0012064
-0.00122845
-0.00125026
-0.00127183
-0.00129317
-0.00131427
-0.00133515
-0.00135579
-0.0013762
-0.00139639
-0.00141634
-0.00143608
-0.00145559
-0.00147487
-0.00149394
-0.00151279
-0.00153142
-0.00154984
-0.00156804
-0.00158603
-0.00160381
-0.00162138
0
0
0
0
