0.0139356
0.0140652
0.0141923
0.0143152
0.0144378
0.0145616
0.0146886
0.0147514
0.014728
0.0147363
0.01481
0.0147694
0.014746
0.0152072
0.0151291
0.0138089
0.013806
0.0140273
0.0120834
0.0112875
0.0109992
0.00952897
0.00607372
0.00610477
0.00896569
0.010425
0.0101955
0.00665347
0.00181095
0.0137158
0.0220352
0.0172913
0.00896193
0.00168776
-0.00215398
0.00342726
0.00866099
0.0158741
0.0147692
0.00604493
-0.00508092
-0.00911042
-0.00227197
0.00760034
0.0134247
0.019577
0.014664
0.00103766
-0.0137819
-0.0469072
-0.02996
0.0116309
0.0136786
0.0391218
0.0567018
0.018488
-0.00359153
0.0154054
0.0350395
0.0195914
-0.0176704
-0.0262258
-0.0362716
-0.0486162
-0.0339615
-0.00879806
0.0264857
0.0402337
0.0212966
-0.0207156
-0.0522604
-0.041137
-0.028894
-0.0392345
-0.0463998
-0.0313265
-0.0223975
0.0175527
0.0073033
-0.0256348
0.0378856
0.0632538
0.0139404
-0.0137315
0.00467249
0.00614517
-0.0132633
-0.0401839
-0.0618942
-0.0673548
-0.0457085
-0.0166519
-0.0124299
0.00211766
-0.0110768
-0.0418232
-0.0677923
-0.0424008
-0.00503718
-0.00888522
-0.0125773
-0.00772383
-0.0160744
-0.0311955
-0.0126253
-0.00573974
-4.48764e-05
0.0226377
0.0395471
0.0344258
0.0163369
0.00653861
0.0107403
0.0233868
0.0226716
0.00214353
-0.0107271
-0.0425703
-0.0795061
-0.0570499
0.024765
0.0778633
0.0858057
0.0645488
0.0468111
0.035517
-0.00971883
-0.0336564
-0.00881318
-0.010766
-0.0224019
0.00627956
0.00641218
-0.0171977
-0.0235895
-0.0154018
-0.00702506
-0.0161372
-0.028177
-0.0344568
-0.0486957
-0.0487039
-0.0204473
-0.0200563
-0.0258832
-0.0160604
-0.0423521
-0.0678949
-0.0254432
0.00550151
0.0188166
0.0438219
0.0518656
0.0416008
0.0261583
0.00748715
-0.0149414
-0.034408
-0.0466955
-0.0467289
-0.0269975
-0.0196925
-0.0143054
0.00455388
0.00584282
0.0272384
0.0611838
-0.0107768
-0.0658073
-0.00637233
0.0167344
-0.0675915
-0.068605
0.0418624
0.0905136
0.0965469
0.108284
0.0832774
0.0491359
0.0406274
0.00629282
-0.0429489
-0.0597004
-0.0744284
-0.0337188
0.00374772
-0.0159363
-0.00919752
0.0696618
0.060446
-0.00931448
0.00234647
0.00295382
-0.0315449
-0.050895
-0.0580411
-0.0378106
-0.0102074
0.0378533
0.0461289
0.00650156
-0.0217996
0.0122418
0.0262371
-0.00662127
0.00355369
0.070582
0.061633
-0.0275979
-0.0222643
0.00958134
-0.0157363
-0.0416538
-0.0550139
-0.0594374
-0.0462047
-0.0135895
0.0226056
0.00968772
-0.0315894
-0.0170228
-0.00680625
-0.0119379
-0.0245037
-0.0472774
-0.0514435
-0.0228664
0.011245
0.0541498
0.0732422
0.0501895
0.0297707
0.0395634
-0.0202039
-0.0706951
0.00739386
0.0896042
0.0457213
0.019544
0.0396109
0.0164777
-0.00138821
0.0334646
0.0735431
0.0601277
0.0368787
0.0235689
-0.0128324
-0.0447011
-0.0313023
-0.0132169
-0.0162435
-0.0207807
-0.0169274
-0.0350926
-0.0568954
-0.0656456
-0.0677485
-0.0566885
-0.0316371
-0.0160645
-0.00147422
0.00348352
-0.0194646
-0.00701658
0.0194964
0.0298139
-0.00798135
-0.0457618
-0.0380367
0.031589
0.0673838
0.0533957
0.0619503
0.0499235
0.0070059
0.000356796
-0.00473441
-0.0558728
-0.0403866
-0.00125213
0.0221422
0.0675726
0.0679622
0.0387622
0.0358809
0.0257253
0.00971513
0.00378167
0.0129886
0.00915469
-0.0627525
-0.0867344
-0.0500806
0.0516882
0.0802556
0.0364915
-0.00607163
-0.0639059
-0.0694268
-0.0552215
-0.0416528
-0.00785812
-0.00287402
-0.0226756
-0.0340225
-0.0706805
-0.0904981
0.0110702
0.0741288
0.0447964
0.0184481
-0.0312551
-0.0736185
-0.0355492
0.00838493
0.0317724
0.0232801
-0.00115778
0.0352195
0.0277525
-0.029391
-0.0344508
0.0169283
0.0490646
0.00862265
-0.0464209
-0.0850005
-0.11343
-0.096898
-0.0680145
-0.0335142
0.00644932
0.0314512
0.0316202
-0.00792226
-0.0451834
-0.101692
-0.0977093
0.0135095
0.0599602
0.0352324
0.0482954
0.0750322
0.0721678
0.0682801
0.0571157
0.0292849
0.017819
0.00817362
0.0239494
0.0306948
0.0343637
0.0531384
0.054634
0.00229326
-0.0264245
-0.0342462
-0.0539233
-0.0886018
-0.0753223
-0.00438094
0.0160545
0.0445704
0.0785108
0.0566117
0.0200802
-0.00687015
0.00246638
0.0342441
0.0135589
-0.00596185
0.0437079
0.0689546
0.0067019
-0.0548619
-0.0737648
-0.0317705
-0.000901913
0.00172371
0.00154195
-0.00200673
-0.056792
-0.0869823
-0.031923
-0.0257124
-0.0696805
-0.0357574
-0.00245776
0.00611512
0.00347334
-0.00648217
-0.0121368
-0.0304466
-0.0233444
0.0425922
0.0804557
0.0797721
0.0341828
-0.0330972
-0.0191706
0.0458955
0.0865594
0.0876861
0.0692048
-0.039391
-0.0771496
-0.0176248
0.00838824
0.0548195
0.0824883
0.0597154
0.0180161
0.00546521
0.0447973
0.0561139
0.0255901
-0.000235272
-0.0420118
-0.0813268
-0.0674177
-0.0359483
0.00982101
0.0471532
0.0284352
-0.0314844
-0.0750192
-0.0289691
0.0114729
0.0157122
-0.0312698
-0.0316199
-0.00206748
-0.0125432
-0.0179811
0.0246495
0.0539405
0.0512989
0.0259285
-0.0253265
-0.0528279
-0.0386459
-0.0211301
0.0146575
-0.0171915
-0.0971148
-0.0993706
-0.0476711
-0.00825097
0.0159987
0.0602895
0.090486
0.0729419
0.0270329
0.0175262
0.0161869
-0.0184409
-0.0496441
-0.0698771
-0.0498188
-0.00253252
0.0221643
0.0468456
0.0880874
0.117418
0.136307
0.182337
0.213224
0.167205
0.131778
0.105837
0.0671321
0.058009
0.0984986
0.103724
0.0618777
0.0351897
0.0502491
0.0506777
0.0455542
0.0554768
0.0522345
-0.0235212
-0.0678912
-0.0562569
-0.0748237
-0.0637244
0.00115764
0.0223381
-0.0138178
-0.0252414
-0.0160815
-0.0279843
-0.0462347
-0.0208793
0.00811486
-0.0591453
-0.167562
-0.113613
-0.0126417
-0.016364
0.00867789
0.0470468
-0.032948
-0.135105
-0.163072
-0.153788
-0.138145
-0.162499
-0.177537
-0.065839
-0.00380112
-0.0798054
-0.146394
-0.2015
-0.342212
-0.459852
-0.543851
-0.530984
-0.471041
-0.366943
-0.270953
-0.16147
-0.0218778
0.0793704
0.157375
0.275283
0.438804
0.575253
0.652287
0.67544
0.6063
0.466872
0.399922
0.47733
0.567118
0.608744
0.596058
0.497574
0.425356
0.387813
0.331978
0.167537
-0.0424028
-0.221178
-0.363909
-0.402075
-0.40243
-0.380751
-0.355862
-0.403953
-0.351635
0.0166298
0.205321
0.0918745
-0.0430687
-0.159045
-0.28779
-0.399154
-0.374768
-0.195952
0.0460705
0.0905264
-0.0910378
-0.280949
-0.244259
-0.173748
-0.031533
0.062027
0.0549342
-0.0746882
-0.189653
-0.17762
-0.0231103
0.103631
0.186069
0.233876
0.240825
0.186935
0.0388365
0.035852
0.20002
0.294593
0.13945
0.0175279
0.039256
0.17067
0.214026
0.203302
0.184665
0.0595494
-0.169051
-0.237544
-0.134562
-0.0489424
-0.109705
-0.173411
-0.248596
-0.264104
-0.194608
-0.129069
-0.242166
-0.416179
-0.435589
-0.357602
-0.302657
-0.244827
-0.0805265
0.150137
0.207915
0.146647
0.0934625
0.106297
0.166015
0.319661
0.539587
0.592508
0.308097
0.0639803
0.0661796
0.0948807
0.114592
0.147502
0.255399
0.320552
0.251578
0.0951895
-0.100639
-0.28693
-0.34714
-0.385746
-0.426136
-0.436908
-0.423602
-0.295986
-0.03718
0.176898
0.267364
0.296479
0.0940011
-0.143757
-0.188038
-0.200949
-0.160896
-0.0797355
-0.00704175
0.0634825
0.00783804
-0.216014
-0.324016
-0.298555
-0.108103
0.155798
0.31711
0.367729
0.337326
0.314162
0.325663
0.314386
0.284925
0.277089
0.294357
0.310702
0.352899
0.395283
0.403504
0.430933
0.417624
0.159726
-0.018953
-0.0602199
-0.132573
-0.149795
-0.144449
-0.298006
-0.446645
-0.454927
-0.454183
-0.346431
-0.189376
-0.0296966
0.12731
0.138853
0.074399
0.0367792
0.0739978
0.130167
0.0818953
-0.097173
-0.188813
-0.119182
-0.119217
-0.209369
-0.234129
-0.179815
0.079155
0.295366
0.225031
0.0182656
-0.0698268
-0.190923
-0.373149
-0.489063
-0.495325
-0.399154
-0.213969
0.015178
0.183147
0.250396
0.330628
0.200984
-0.155594
-0.295202
-0.351381
-0.500197
-0.460217
-0.138859
0.0914518
0.135191
0.175316
0.149932
0.0505084
0.0151441
0.0150715
0.081055
0.204763
0.224956
0.224285
0.158881
-0.088109
-0.337655
-0.336713
-0.271745
-0.321181
-0.306965
-0.184516
-0.175957
-0.268339
-0.225316
-0.183147
-0.212488
-0.175974
-0.163856
-0.321616
-0.390095
-0.189951
0.0928146
0.22399
0.381628
0.535352
0.555448
0.45906
0.403527
0.337194
0.199058
0.166771
0.189987
0.066813
-0.0161838
-0.020392
0.0281382
0.00274422
-0.144202
-0.30964
-0.345402
-0.412021
-0.686281
-0.955481
-0.939125
-0.767673
-0.628679
-0.445643
-0.230039
0.025274
0.267415
0.477289
0.557875
0.537754
0.505805
0.535646
0.612149
0.728891
0.809668
0.828925
0.848237
0.854509
0.773927
0.639741
0.523408
0.382836
0.263981
0.195356
0.21983
0.277569
0.2868
0.107074
-0.0980745
-0.185375
-0.212143
-0.151731
-0.0815202
-0.126525
-0.287658
-0.397965
-0.349076
-0.238
-0.103096
0.0387241
0.0264687
-0.0798659
-0.266804
-0.565547
-0.691653
-0.548947
-0.427618
-0.396093
-0.374745
-0.188327
0.159002
0.297515
0.0964281
-0.0820386
-0.261259
-0.436414
-0.590574
-0.744975
-0.701298
-0.452712
-0.0682767
0.313927
0.461766
0.482469
0.508471
0.51144
0.517511
0.478979
0.356601
0.205623
0.151361
0.075082
-0.0720785
-0.235472
-0.30217
-0.282069
-0.260949
-0.227324
-0.180246
-0.133393
-0.101877
-0.0593608
-0.0323171
-0.0536103
-0.106178
-0.149057
-0.245685
-0.386543
-0.257451
-0.00244043
0.0660278
0.0592308
0.00527803
-0.0435797
-0.0324673
0.0654624
0.171301
0.228904
0.276256
0.3681
0.382066
0.289103
0.226826
0.190195
0.180185
0.291852
0.372784
0.341473
0.306456
0.30839
0.267282
0.231877
0.293276
0.303574
0.310662
0.350402
0.0620391
-0.257749
-0.256721
-0.19714
-0.219469
-0.11061
0.0482771
0.0670606
-0.0599337
-0.254961
-0.320818
-0.14794
-0.0561909
-0.0700057
-0.174537
-0.284473
-0.345069
-0.311952
-0.219414
-0.190832
-0.150572
-0.0736487
-0.0220613
-0.0933239
-0.140521
-0.095883
0.0592679
0.225233
0.242896
0.178931
-0.0626006
-0.257436
-0.300756
-0.307327
-0.282814
-0.265438
-0.274487
-0.30178
-0.328192
-0.325484
-0.303981
-0.218399
0.00734215
0.332952
0.462216
0.345559
0.263141
0.260186
0.230592
0.186237
0.0894348
-0.0516672
-0.126609
-0.123708
0.0056836
0.124003
0.215944
0.301246
0.339872
0.324911
0.277927
0.184454
0.0759813
-0.0136313
-0.0295044
0.0480748
0.238638
0.47926
0.598192
0.624525
0.656514
0.585286
0.496869
0.439794
0.300159
0.0992226
-0.0170496
0.0717526
0.126185
0.13679
0.177081
0.222549
0.227365
0.105658
-0.111065
-0.255682
-0.212676
-0.0469667
0.0595865
0.102872
0.156954
0.156
-0.0165687
-0.238103
-0.35977
-0.388814
-0.350527
-0.324691
-0.426564
-0.429565
-0.280532
-0.179837
-0.120978
-0.031562
0.0229811
0.0120429
-0.109013
-0.383302
-0.570434
-0.484861
-0.389003
-0.275322
-0.117234
0.00226242
-0.0774175
-0.156775
-0.099598
-0.0439836
-0.0338587
-0.10897
-0.206069
-0.364776
-0.510195
-0.555497
-0.578366
-0.549281
-0.418543
-0.262896
-0.159957
-0.0878523
-0.00937824
0.0708229
0.122068
0.0763773
-0.0494219
-0.0725429
0.0209085
0.152791
0.269192
0.382069
0.478924
0.575584
0.584488
0.531711
0.50712
0.489538
0.470321
0.494042
0.511508
0.406592
0.244866
0.124926
0.0119553
-0.081888
-0.134228
-0.126838
-0.200442
-0.28613
-0.304369
-0.249946
-0.192184
-0.227638
-0.337296
-0.341016
-0.16999
-0.0361623
0.0541533
0.15146
0.202418
0.195857
0.143104
0.0515516
0.0214687
0.026026
0.0247088
0.0496151
0.108463
0.119389
0.109389
0.127968
0.176163
0.107708
-0.0446664
-0.197874
-0.236012
-0.211122
-0.12448
0.0204329
0.064101
0.0349816
0.0363589
-0.0111273
-0.114655
-0.149104
-0.149332
-0.205356
-0.328961
-0.437634
-0.470513
-0.441325
-0.363514
-0.323212
-0.325741
-0.444345
-0.613907
-0.684378
-0.721626
-0.696713
-0.615574
-0.500907
-0.342134
-0.179789
-0.0479678
0.0309341
0.0840004
0.167522
0.211661
0.190225
0.186653
0.193197
0.212586
0.2376
0.230731
0.202204
0.18727
0.175856
0.196096
0.247312
0.289775
0.307991
0.304577
0.332425
0.345506
0.329724
0.290682
0.237182
0.228554
0.281187
0.341571
0.424285
0.532406
0.5757
0.558614
0.542183
0.518009
0.500311
0.540506
0.558122
0.449191
0.342099
0.303578
0.299721
0.307172
0.326237
0.382479
0.431837
0.40763
0.327669
0.237095
0.148205
0.0815474
0.0827622
0.0669172
0.0155749
-0.00868957
-0.0963902
-0.206424
-0.284071
-0.34394
-0.380335
-0.371636
-0.350877
-0.402831
-0.503823
-0.563939
-0.550548
-0.526286
-0.507569
-0.471267
-0.382063
-0.233262
-0.172358
-0.227187
-0.216316
-0.190281
-0.215389
-0.213371
-0.170856
-0.0279736
0.160702
0.225321
0.255743
0.256837
0.14306
-0.0847285
-0.200777
-0.170729
-0.0552223
0.0781725
0.15965
0.230131
0.237112
0.14832
0.0821237
0.0823791
0.0558664
-0.00240047
-0.0445504
-0.0548236
-0.041493
-0.00808768
0.0459768
0.0873129
0.0860813
0.0508063
0.0378966
0.00233101
-0.0943515
-0.163575
-0.206265
-0.247151
-0.243632
-0.180965
-0.135134
-0.13833
-0.136628
-0.110229
-0.165868
-0.234696
-0.218491
-0.196813
-0.240619
-0.260631
-0.206259
-0.163045
-0.174151
-0.226456
-0.244684
-0.218051
-0.198097
-0.130172
0.00129556
0.0763629
0.0523384
-0.0132322
-0.0804032
-0.144536
-0.169396
-0.156123
-0.154879
-0.170184
-0.167348
-0.164998
-0.182039
-0.113477
0.00714053
0.0486321
0.0271365
0.0139298
-0.00020568
-0.00664412
-0.000524315
-0.0128561
-0.0287963
0.025723
0.0924708
0.141364
0.194219
0.226222
0.250057
0.310567
0.357714
0.346335
0.292386
0.257179
0.237258
0.212375
0.193076
0.187458
0.207757
0.230602
0.198629
0.113086
0.0483849
0.00892441
0.0239145
0.0693258
0.0917557
0.0839624
0.0891638
0.0666946
-0.0299458
-0.110668
-0.160471
-0.17909
-0.187454
-0.182674
-0.126743
0.00147379
0.0816831
0.0742877
0.0794851
0.0955909
0.0665534
0.0152464
0.054918
0.0792577
0.0623719
0.0906901
0.102814
0.0676264
0.0818207
0.120929
0.116853
0.100006
0.120463
0.102209
0.048007
0.00820936
-0.0403055
-0.0815027
-0.0680216
-0.0188105
0.0171772
0.0364916
-0.0087873
-0.0617947
-0.0890281
-0.102992
-0.104424
-0.100836
-0.0755862
-0.0134354
0.0367741
0.0485236
0.0519785
0.0523818
0.031108
-0.0187238
-0.0664375
-0.0901086
-0.0864395
-0.0580872
0.0100169
0.094543
0.139983
0.142086
0.145019
0.148277
0.132509
0.0871939
0.0391358
-0.00624704
-0.0487775
-0.0638559
-0.0445612
-0.0279074
-0.0315048
-0.0282516
0.0068231
0.0219723
-0.010559
-0.0350773
-0.0561033
-0.0848605
-0.124598
-0.174094
-0.170205
-0.0997134
-0.0148994
0.029473
0.0411557
0.0358281
-0.00212221
-0.0190283
0.0263318
0.0833993
0.120284
0.127042
0.103473
0.101387
0.111814
0.110022
0.103852
0.0932539
0.0705775
-0.00247756
-0.0800572
-0.118721
-0.119723
-0.0921085
-0.0434537
-0.0139442
-0.0139089
-0.0233929
-0.0315633
-0.0282902
-0.0305617
-0.0633201
-0.103908
-0.11888
-0.121591
-0.123806
-0.119839
-0.0699489
0.0230941
0.107687
0.128923
0.119019
0.119323
0.113472
0.102543
0.0761787
0.0209484
-0.0238987
-0.0370348
-0.0575296
-0.0890417
-0.102575
-0.0744574
-0.0520282
-0.106131
-0.145568
-0.118815
-0.0918383
-0.0829921
-0.0684117
-0.03939
-0.0289826
-0.0639383
-0.11078
-0.173813
-0.241938
-0.308177
-0.360888
-0.387545
-0.405488
-0.425257
-0.436511
-0.412614
-0.355447
-0.303837
-0.287149
-0.292197
-0.312931
-0.352087
-0.388134
-0.39967
-0.350154
-0.251922
-0.16275
-0.0732807
0.0138545
0.0726411
0.109119
0.130628
0.150888
0.162934
0.156613
0.152053
0.164515
0.165894
0.158475
0.162444
0.167039
0.16111
0.171601
0.192664
0.188059
0.169322
0.155508
0.138791
0.128616
0.138159
0.161121
0.179289
0.183556
0.156221
0.128837
0.103933
0.0743198
0.0446827
0.0143239
-0.0163645
-0.0463663
-0.0748042
-0.0962521
-0.0911482
-0.067448
-0.0417998
-0.001395
0.0513185
0.0949394
0.116571
0.15424
0.195439
0.197488
0.17927
0.186196
0.213357
0.216475
0.188537
0.169083
0.159233
0.15875
0.188193
0.217792
0.258051
0.306306
0.31147
0.291187
0.272463
0.248096
0.240295
0.252477
0.233569
0.203678
0.181619
0.166208
0.149119
0.127469
0.10571
0.0896336
0.117574
0.153426
0.157769
0.158726
0.141435
0.105733
0.0733092
0.0485939
0.0241775
0.00413866
0.00854532
0.0331765
0.0518044
0.0508055
0.041299
0.0523524
0.0632102
0.0568057
0.0429634
0.0219539
-0.00480241
-0.0298427
-0.0513174
-0.0507208
-0.0440567
-0.0371804
-0.0230011
-0.00336579
0.0123095
0.016549
0.0241256
0.0182628
-0.0262909
-0.0489186
-0.0323846
-0.0231784
-0.0161429
0.00850087
0.0347901
0.0590888
0.102339
0.142353
0.15519
0.168425
0.197002
0.178652
0.129293
0.112801
0.120923
0.12255
0.130984
0.150749
0.163577
0.138074
0.09466
0.0557512
0.0143907
-0.0150022
-0.0407135
-0.0698354
-0.0959413
-0.111485
-0.106056
-0.108897
-0.128825
-0.159596
-0.18899
-0.22216
-0.25606
-0.284306
-0.273587
-0.242891
-0.221283
-0.198861
-0.204832
-0.234523
-0.236598
-0.234803
-0.224129
-0.205376
-0.187368
-0.164212
-0.144697
-0.164426
-0.16023
-0.119112
-0.0866841
-0.0573102
-0.0355846
-0.046216
-0.0537115
-0.0548603
-0.0803971
-0.107044
-0.116217
-0.121378
-0.127762
-0.155843
-0.18541
-0.174275
-0.158852
-0.152421
-0.138931
-0.125731
-0.13299
-0.168014
-0.194229
-0.208379
-0.186363
-0.137485
-0.0933088
-0.0739949
-0.0650088
-0.0628506
-0.0652633
-0.067777
-0.0725711
-0.0812926
-0.0921372
-0.0915069
-0.0738832
-0.0387313
-0.00648988
0.0294915
0.0680923
0.1
0.107562
0.0843965
0.0818195
0.119836
0.146195
0.164778
0.169112
0.167722
0.169834
0.169716
0.171885
0.179925
0.186724
0.190924
0.173566
0.145964
0.112514
0.0804396
0.0808018
0.0948996
0.107121
0.0901735
0.0686766
0.0548074
0.0305529
0.00289142
-0.0194021
-0.0390567
-0.0469571
-0.0452602
-0.0298963
-0.00605866
0.0249314
0.055801
0.0528101
0.0383689
0.0314878
0.0470423
0.0657602
0.0489657
0.0208689
-0.00187437
-0.0289603
-0.0535195
-0.0640619
-0.0429674
-0.0150868
-0.0272564
-0.0725103
-0.106176
-0.138478
-0.143369
-0.120754
-0.100821
-0.0777623
-0.0668365
-0.0829306
-0.0866499
-0.0648915
-0.043657
-0.0116858
0.0217371
0.0222556
-0.00786709
-0.0223565
-0.0181416
-0.0210297
-0.0388419
-0.049192
-0.0520125
-0.0602286
-0.0831455
-0.121019
-0.147694
-0.135678
-0.110341
-0.0846113
-0.0631034
-0.0811925
-0.101989
-0.0888357
-0.0720737
-0.0676878
-0.0819128
-0.107293
-0.137171
-0.177535
-0.176246
-0.13016
-0.104428
-0.0889659
-0.0674865
-0.055983
-0.0614921
-0.0633654
-0.0455317
-0.0383367
-0.068575
-0.0808016
-0.0499802
-0.00818926
0.0316521
0.0758002
0.105953
0.10239
0.088542
0.0899236
0.112836
0.136465
0.146122
0.144681
0.134725
0.114099
0.0898766
0.0735176
0.0874902
0.11072
0.120741
0.123861
0.126787
0.129776
0.133448
0.126461
0.0987194
0.0707686
0.044149
0.0359269
0.0406277
0.0401376
0.0597361
0.110422
0.147736
0.145843
0.100257
0.0600567
0.020651
-0.0222329
-0.0394718
-0.0443985
-0.0402245
-0.0243038
-0.00948983
0.00827877
0.0294945
0.0544653
0.0714829
0.063053
0.0425898
0.028189
0.0355253
0.0590924
0.0463426
0.0190819
-0.00182692
-0.0211665
-0.029696
-0.0384163
-0.0481455
-0.0473492
-0.0372779
-0.0422975
-0.0760521
-0.109182
-0.118272
-0.129465
-0.142031
-0.147741
-0.152477
-0.158546
-0.156048
-0.141121
-0.124906
-0.103988
-0.0750287
-0.0461552
-0.0231595
-0.0135451
-0.0227502
-0.0398757
-0.0487152
-0.038259
-0.0196268
-0.0108358
-0.00697474
-0.0292175
-0.052883
-0.0643849
-0.047175
-0.0247494
-0.0105812
0.0044619
0.0149265
0.0242611
0.0426188
0.0780761
0.121399
0.159564
0.1955
0.207782
0.201504
0.186391
0.154795
0.133889
0.147123
0.154166
0.148301
0.146762
0.145154
0.138962
0.132921
0.126298
0.116689
0.101892
0.0827488
0.0591174
0.0396778
0.0232437
0.00606911
-0.0121105
-0.0371285
-0.0495766
-0.0446671
-0.0443824
-0.043472
-0.0396719
-0.0330809
-0.0306999
-0.0460362
-0.0687417
-0.0850976
-0.0929092
-0.102346
-0.10805
-0.0878324
-0.0593106
-0.037205
-0.0373824
-0.0354528
-0.0267189
-0.0193508
-0.0103767
0.00159126
0.0108364
0.0176878
0.0274968
0.0403262
0.0531724
0.0741395
0.0978871
0.117666
0.11362
0.0931407
0.0786511
0.0754744
0.0669279
0.0475993
0.063303
0.0893246
0.104745
0.133835
0.157708
0.156547
0.140387
0.135358
0.121555
0.100513
0.100526
0.102309
0.0806983
0.0547579
0.0291004
0.0100741
-0.00306349
-0.0100219
-0.00117798
0.00332808
-0.00549193
-0.00165956
0.00484287
0.00728076
0.0134843
0.0243701
0.016912
-0.0163125
-0.0506257
-0.0731083
-0.0829701
-0.0676865
-0.0352285
0.00115211
0.00329917
-0.00875939
-0.0111605
-0.0153296
-0.0211056
-0.0271024
-0.0339502
-0.0473073
-0.0656234
-0.0548013
-0.0344606
-0.0323406
-0.0323053
-0.0149731
0.000837203
0.00763832
0.0174098
0.0308665
0.0477602
0.0622555
0.0504784
0.0245098
0.0211899
0.00929672
-0.0108863
-1.2293e-05
0.0174735
0.0170577
-0.00840633
-0.036805
-0.0384673
-0.0173628
-0.000611191
0.0131767
0.0172333
0.0133705
-0.0023333
-0.00881292
0.00861173
0.0247393
0.0279056
-0.0109912
-0.0457881
-0.0611377
-0.0721859
-0.0812116
-0.078718
-0.0417352
-0.00948861
-0.0320587
-0.076533
-0.118377
-0.142023
-0.147815
-0.158638
-0.156194
-0.133834
-0.103372
-0.0858926
-0.0932637
-0.10391
-0.11278
-0.127357
-0.145266
-0.175178
-0.190473
-0.176996
-0.164967
-0.150474
-0.13391
-0.119215
-0.104273
-0.0869322
-0.0649067
-0.0430869
-0.0220467
-0.00295417
0.0142542
0.0155451
0.00273832
-0.0053102
-0.0132208
-0.0115836
-0.00716578
-0.00891661
-0.0120152
-0.0127935
-0.00485242
0.00677353
0.0154629
0.0150448
0.0146032
0.0301232
0.0284967
-0.00531396
-0.0293619
-0.00701761
0.0192156
0.0231778
0.0290688
0.0530654
0.0767078
0.0972316
0.121053
0.126613
0.0974107
0.0845775
0.106696
0.124777
0.130823
0.120491
0.117297
0.130556
0.138791
0.13798
0.118303
0.0987936
0.0903993
0.0892458
0.0854229
0.0869954
0.103749
0.120328
0.132974
0.125945
0.103336
0.0673267
0.0213285
-0.0204847
-0.0477743
-0.0569935
-0.056239
-0.0426609
-0.0402951
-0.0483316
-0.054293
-0.0634306
-0.0735143
-0.086459
-0.102055
-0.116573
-0.137152
-0.167117
-0.192559
-0.203277
-0.205739
-0.19565
-0.183941
-0.176582
-0.173673
-0.170639
-0.16591
-0.158549
-0.158634
-0.167598
-0.172724
-0.175719
-0.179685
-0.183102
-0.18058
-0.171872
-0.154945
-0.112539
-0.0810131
-0.0689929
-0.0480012
-0.0230846
0.00268437
0.0310958
0.0632245
0.0827982
0.080012
0.0817069
0.0871693
0.0928599
0.117282
0.146486
0.168949
0.1762
0.175863
0.170126
0.154658
0.145549
0.141697
0.151679
0.181865
0.189394
0.164445
0.147998
0.134297
0.124699
0.146432
0.172621
0.18191
0.179099
0.167627
0.143826
0.13371
0.144795
0.156955
0.16025
0.125357
0.0989598
0.0917866
0.0750824
0.0645181
0.0543665
0.046348
0.047572
0.0430819
0.0323175
0.0283628
0.0260086
0.0304543
0.0332229
0.0252232
0.0238497
0.0330653
0.0439041
0.0575971
0.0659926
0.0652471
0.0653597
0.0779017
0.0807804
0.070646
0.0713178
0.0841679
0.101818
0.11031
0.111766
0.109587
0.0989301
0.0849466
0.0646274
0.0430216
0.0226281
0.00707727
0.00698852
0.012304
0.00276951
-0.0125074
-0.0265933
-0.0471591
-0.0644633
-0.060409
-0.0401764
-0.0314554
-0.0423442
-0.0533031
-0.0713587
-0.099092
-0.116894
-0.11854
-0.102033
-0.0844227
-0.0927413
-0.11337
-0.124349
-0.135554
-0.153851
-0.164009
-0.151731
-0.127669
-0.113818
-0.103105
-0.0877914
-0.0798641
-0.0787821
-0.0775272
-0.0874365
-0.0962235
-0.108735
-0.125619
-0.129548
-0.136053
-0.137803
-0.13352
-0.114289
-0.0948598
-0.0935384
-0.0919051
-0.0913943
-0.0932778
-0.0717861
-0.0454236
-0.0281607
0.00375208
0.0279485
0.0308169
0.00913401
-0.00053709
0.00674388
0.0183775
0.0429338
0.0627505
0.0714506
0.0672823
0.0598854
0.0563691
0.0454841
0.0329453
0.0260669
0.0170662
0.00533744
-0.0108412
-0.0271734
-0.0298687
-0.0360145
-0.044617
-0.0500914
-0.0581541
-0.0657575
-0.0723808
-0.0715852
-0.0622423
-0.0539374
-0.0401923
-0.0286476
-0.0206281
-0.0112608
-0.00956684
-0.0232317
-0.0410927
-0.0420272
-0.021802
0.00160892
0.0177501
0.0191628
0.0135345
0.0101416
0.00239909
-0.00468454
-0.00463929
-0.000469997
0.00487778
0.0169372
0.0284077
0.0361287
0.0462235
0.0467378
0.0456252
0.0445069
0.0420897
0.0395942
0.0303881
0.0145072
0.00527569
0.00367374
0.0107653
0.0195963
0.034805
0.0449717
0.0448797
0.0427504
0.0413785
0.0358328
0.0320567
0.028476
0.0194718
0.0229095
0.0289213
0.0335546
0.0375345
0.0341852
0.0334093
0.0325064
0.0351357
0.0319077
0.0175316
0.00532804
0.0031967
0.00413621
0.00695257
0.014384
0.030352
0.0438533
0.0591724
0.0750311
0.0766632
0.0673377
0.0483633
0.0271591
0.00613667
-0.00188641
0.0007821
0.00371015
0.0184071
0.0370057
0.0549334
0.0699278
0.0828786
0.0911563
0.0823615
0.0697683
0.066024
0.0591239
0.050818
0.0537051
0.0630303
0.0597352
0.0597606
0.0579801
0.0478119
0.0392044
0.027675
0.00496714
-0.0148844
-0.0337905
-0.0415159
-0.035426
-0.0267281
-0.0259906
-0.0395985
-0.0556547
-0.076269
-0.0966424
-0.112002
-0.130731
-0.130477
-0.122269
-0.110703
-0.093017
-0.0789682
-0.0663524
-0.0726804
-0.0987483
-0.12765
-0.154352
-0.179909
-0.195231
-0.18756
-0.174835
-0.162862
-0.147922
-0.141638
-0.13811
-0.120851
-0.107221
-0.10652
-0.0952451
-0.0821263
-0.0818759
-0.0709312
-0.0551974
-0.0445199
-0.0333349
-0.0231119
-0.0164165
-0.0106577
-0.00979779
-0.0167007
-0.0279921
-0.0232663
-0.00548021
-0.00192654
0.00909583
0.0197494
0.0279838
0.0346612
0.0319796
0.0302396
0.0315328
0.0306984
0.0302283
0.0303201
0.0296174
0.027216
0.0305118
0.0401483
0.0573906
0.0703081
0.0792842
0.0810389
0.0736766
0.0556596
0.0395263
0.0261239
0.0218855
0.0302915
0.0406599
0.0459999
0.0482872
0.0525142
0.0550341
0.0578883
0.0616192
0.0645496
0.0658153
0.0606506
0.0561341
0.0514194
0.0397893
0.0339453
0.0344673
0.0322389
0.0315657
0.0378024
0.0335383
0.0252702
0.031179
0.0458907
0.0576486
0.0628333
0.0498063
0.0342769
0.0219289
0.00578553
-0.00891939
-0.0160515
-0.0278567
-0.0322854
-0.0183634
-0.00593925
0.00817573
0.0200737
0.0250247
0.0380024
0.0334069
0.0138004
-0.000853803
-0.0190712
-0.0400484
-0.0563393
-0.06634
-0.0701925
-0.0713446
-0.064511
-0.0478986
-0.0347905
-0.0136491
0.000938512
-0.0010049
0.00315104
0.00627651
0.00895017
0.0141234
0.0169215
0.0182668
0.0242076
0.0337579
0.0342637
0.0302075
0.0337835
0.0476955
0.0605655
0.067467
0.0688734
0.068183
0.0629655
0.0532142
0.0253427
0.0162797
0.0276437
0.0366123
0.043955
0.0369192
0.0263336
0.0300713
0.0395073
0.0353427
0.0128024
-0.000147802
0.00302842
0.00676705
0.00639221
0.00682963
0.00719801
0.00641976
0.00117996
-0.00263413
-0.00794401
-0.0125307
-0.00678637
0.00218275
0.00792457
0.00633362
-0.000918432
-0.0182255
-0.0427507
-0.0669267
-0.0705207
-0.0581633
-0.0340619
-0.019376
-0.0351511
-0.0425719
-0.0501957
-0.0522973
-0.0427318
-0.0393766
-0.0399344
-0.0386246
-0.0322917
-0.0193435
-0.00322107
0.0141564
0.0269087
0.0286364
0.0176224
0.0175849
0.0366923
0.047824
0.0502904
0.0477584
0.0327768
0.0280949
0.038938
0.0536301
0.0697607
0.0800336
0.0912047
0.11526
0.123673
0.129408
0.140817
0.144382
0.142057
0.138549
0.123819
0.110481
0.104289
0.107836
0.116693
0.12519
0.114793
0.0895428
0.0739939
0.058374
0.0411216
0.0343291
0.0258901
0.0107678
0.00736207
0.00799802
0.00791377
0.0123305
0.018479
0.0297908
0.032074
0.0229113
-0.0015851
-0.0229134
-0.0346498
-0.0447271
-0.0517788
-0.0544894
-0.0494279
-0.040456
-0.051771
-0.0747401
-0.0877615
-0.0905892
-0.0929242
-0.0938534
-0.0935742
-0.0916799
-0.0848562
-0.0757817
-0.0670746
-0.0609312
-0.0619785
-0.0651033
-0.0743223
-0.097701
-0.104361
-0.0957226
-0.0887665
-0.0806694
-0.0702732
-0.0616282
-0.0542252
-0.0504376
-0.0480361
-0.0493626
-0.0646403
-0.0837879
-0.0925661
-0.0905562
-0.0876378
-0.078434
-0.0724623
-0.0703313
-0.0686481
-0.0642533
-0.0630005
-0.0595495
-0.0492929
-0.032353
-0.0203319
-0.0180004
-0.011455
-0.000689707
0.0118655
0.0247021
0.0306055
0.0327947
0.0364662
0.0394026
0.0413882
0.0382827
0.0290672
0.027677
0.0280119
0.0285088
0.0308929
0.0351857
0.0518855
0.0562572
0.0488606
0.043301
0.0392879
0.0361983
0.0275029
0.0175045
0.0278042
0.0371333
0.0443832
0.0437284
0.0327525
0.031711
0.0392023
0.0344674
0.01729
0.0064761
0.00313763
0.00188775
-0.00369276
-0.0122027
-0.0116253
-0.000658663
-0.00474076
-0.022026
-0.0322991
-0.0389288
-0.0499767
-0.0569063
-0.0528433
-0.0424408
-0.0287076
-0.0179306
-0.012154
-0.00494101
-0.000756863
0.000559161
0.00572185
0.00830787
0.00883815
0.0131786
0.0161359
0.0184056
0.0228999
0.0245582
0.0207868
0.0109386
-0.00367544
-0.0125175
-0.0166764
-0.0192142
-0.0184228
-0.0181489
-0.0210923
-0.0291224
-0.0358123
-0.0383396
-0.0376665
-0.0347222
-0.0320031
-0.0242051
-0.0123525
-0.00471669
0.00236171
0.00961471
0.0193435
0.0195125
0.0122307
-0.00162747
-0.0143975
-0.0181609
-0.0204455
-0.0225029
-0.0234074
-0.0218039
-0.0144532
-0.00844382
-0.00467188
-0.000905733
-0.000488348
-0.00550706
-0.0156051
-0.0272051
-0.0339752
-0.0374064
-0.0364325
-0.0327009
-0.0294265
-0.0235405
-0.0164897
-0.015122
-0.0150034
-0.0165902
-0.0196542
-0.0163523
-0.0123332
-0.0108489
-0.00670326
0.000740805
0.00587715
0.00619963
0.00107374
-0.00162898
-0.000670703
0.000693648
0.00278052
0.00787928
0.0146098
0.0173444
0.0240631
0.0276774
0.0304431
0.0319047
0.0312937
0.027287
0.0244189
0.0244087
0.0265993
0.0286781
0.0308963
0.0340471
0.0365832
0.0374051
0.0378954
0.0379767
0.035803
0.0329962
0.030054
0.0261892
0.023943
0.0230459
0.0225559
0.0227018
0.0223111
0.0214214
0.0202757
0.0180075
0.0154582
0.0131249
0.0107353
0.00879159
0.00760149
0.00676651
0.00588335
0.00483495
0.00369763
0.00250917
0.00132321
0.000144375
-0.000524259
-0.00143734
-0.00167058
-0.00121085
-0.000929716
-0.000871272
-0.00105768
-0.00146943
-0.00179273
-0.00204444
-0.00239269
-0.00264364
-0.00277927
-0.00297962
-0.00315145
-0.00333782
-0.00347654
-0.00341426
-0.00336358
-0.00334615
-0.00332486
-0.00327193
-0.00317465
-0.00309532
-0.00306119
-0.00306291
-0.00308144
-0.00307399
-0.00302137
-0.00296971
-0.00290342
-0.00279179
-0.00268167
-0.00256918
-0.00244749
-0.00234565
-0.00226345
-0.00218468
-0.00213315
-0.00209009
-0.00203935
-0.00198895
-0.00193602
-0.00187908
-0.00183104
-0.00178412
-0.00173772
-0.00169854
-0.00166212
-0.00162918
-0.00159933
-0.00157082
-0.0015433
-0.00151686
-0.00149177
-0.00146835
-0.0014466
-0.0014269
-0.00140928
-0.00139315
-0.00137827
-0.00136502
-0.00135343
-0.00134333
-0.00133484
-0.00132795
-0.00132254
-0.00131862
-0.00131618
-0.00131518
-0.00131561
-0.00131744
-0.00132066
-0.00132525
-0.00133117
-0.00133842
-0.00134697
0
0
0
