0.00427831
0.00441067
0.00457124
0.00482346
0.00527439
0.00594508
0.00616495
0.00301932
0.000863507
0.00018152
-0.00170963
-0.00372868
-0.00821549
-0.0138091
-0.0194396
-0.025577
-0.0216661
0.00520831
0.0513256
0.0775563
0.0940325
0.102843
0.154023
0.197955
0.148056
0.0546751
-0.0839784
-0.189944
-0.239075
-0.370506
-0.433732
-0.478812
-0.562271
-0.545557
-0.169974
0.298083
0.550959
0.625013
0.549692
0.397176
0.35869
0.443501
0.506251
0.245071
-0.148708
-0.368041
-0.726111
-0.789634
-0.843793
-0.655572
-0.259001
-0.130466
0.0075841
0.218045
0.355521
0.367683
0.204599
0.11457
0.0947381
0.149546
0.207103
-0.024946
-0.132149
-0.1271
-0.163215
0.124599
0.296174
0.0604974
-0.274494
-0.169956
-0.168913
-0.00391871
0.262738
0.302115
0.232833
-0.0152534
-0.0503413
-0.069464
0.177208
0.703517
0.60107
0.314928
0.0559775
-0.168659
-0.499833
-0.580946
-0.58656
-0.700338
-0.762914
-0.814984
-0.844259
-0.774768
-0.587633
-0.220077
0.14746
0.535473
0.783113
0.761474
0.660754
0.250272
-0.244861
-0.814481
-1.06354
-0.994573
-1.25812
-1.03328
-0.00887883
0.831641
1.20549
1.64744
1.51837
1.53278
1.78511
1.89964
1.90045
1.84914
1.77508
1.45749
0.848712
0.52269
-0.0232084
-0.495742
-0.778166
-1.97248
-2.51945
-1.85655
-2.05264
-1.79636
-0.977648
-0.803022
-0.872102
-0.852041
-0.578251
-0.187911
0.144037
0.576748
1.07364
1.35277
1.89144
1.67801
1.66689
1.89639
1.83465
1.62489
1.20278
0.865301
0.480929
-0.0326312
-0.361885
-0.594275
-1.03043
-1.53439
-1.89557
-2.35494
-2.58303
-2.51711
-2.30738
-1.75198
-1.05857
-0.590917
0.253411
0.745227
1.10689
1.91198
2.59811
2.76527
2.46424
1.96969
1.60738
1.42389
1.14209
0.869793
0.655813
-0.638778
-1.75893
-2.30469
-2.63223
-2.63735
-2.69505
-2.60593
-2.21056
-1.08052
0.0475758
1.0424
2.08005
2.22552
2.09864
1.94463
1.7492
1.31296
0.378983
-0.355393
-0.889614
-1.56148
-2.04121
-1.99924
-1.95215
-1.67788
-1.02221
-0.262931
0.181687
0.656932
0.9555
0.964384
0.737498
0.280479
0.154762
0.24794
0.752451
1.79637
2.07653
1.93187
1.20972
-1.6226
-2.17114
-1.64981
-1.72321
-0.679292
-0.371127
-0.905515
-1.35204
-1.52447
-1.42767
-1.17137
-0.682974
0.682994
0.906727
0.760907
1.15694
1.1781
1.02621
0.847965
0.543636
-0.0942447
-0.502891
0.0323752
0.326392
0.243988
0.0238652
-0.110754
-0.0604626
-0.0966866
-0.0538075
-0.234617
-0.431447
-0.866171
-1.24934
-0.958761
-0.0868666
0.602282
0.57076
0.385364
0.660593
0.853734
0.930898
0.702941
0.204105
-0.558986
-1.49227
-1.34389
-0.763412
0.412564
1.72057
1.55643
1.4796
1.38928
0.404669
-0.311859
0.0703089
-0.271179
-0.613994
-0.654773
-0.848908
-0.965292
-0.847516
-0.721328
-0.647657
-0.461712
-0.105655
0.514489
1.37801
2.23323
2.20311
1.50846
-0.0153671
-1.07499
-1.35316
-1.31669
-0.719423
-0.179683
0.0436802
0.110398
0.189813
0.506484
0.694422
0.839481
0.774015
0.433846
0.327739
0.221169
0.415311
0.46486
-0.156478
-0.702292
-0.750026
-0.960544
-0.58254
-0.0438546
0.44238
0.750711
0.596998
0.41865
0.333649
0.165686
0.128612
0.202458
0.0368046
-0.130192
-0.149611
-0.133022
0.00531003
0.0681478
0.0862285
-0.0805873
-0.185075
-0.258729
-0.378738
-0.424835
-0.487583
-0.571498
-0.639387
-0.679895
-0.522752
-0.390479
-0.309126
-0.0546052
0.183794
0.311112
0.464596
0.582769
0.29031
0.107436
0.319584
0.706467
0.956003
0.877908
0.27613
-0.133139
-0.58562
-1.27268
-1.24843
-1.25674
-1.15164
-0.845635
-0.255235
0.16051
0.150165
-0.029911
-0.10939
0.147554
0.65717
0.873305
0.836866
0.447668
0.123839
-0.761099
-1.07201
-0.852451
-0.825181
-0.509059
-0.247972
0.0176006
0.30081
0.511221
0.728613
0.760142
0.929067
1.22975
1.33979
1.48307
1.25156
0.392608
-0.284554
-0.815461
-1.0532
-0.808647
-0.462505
-0.380006
-0.450998
-0.365488
-0.330992
-0.246306
-0.0714135
0.0823275
0.171168
0.029829
0.0424799
0.339216
0.476738
0.412505
0.0223186
-0.493229
-1.0316
-1.01354
-0.760846
0.0408589
0.38834
-0.0124874
-0.175056
-0.154244
-0.0724571
0.276792
0.388667
0.460689
0.144377
-0.0483405
-0.147556
-0.395355
-0.572815
-0.431562
-0.237773
-0.220755
-0.114279
-0.073839
-0.41696
-0.471439
-0.442686
-0.462134
-0.334563
-0.19978
0.077177
0.298374
0.314058
0.391732
0.146461
-0.0284674
-0.110896
0.145348
0.334898
0.352666
0.186023
-0.190092
-0.360755
-0.399248
-0.441768
-0.419139
-0.442365
-0.632254
-0.740645
-0.772997
-0.548053
-0.309627
-0.0830672
0.208901
0.388612
0.487622
0.571268
0.617403
0.545315
0.504679
0.483407
0.424622
0.350135
0.22598
0.170789
0.142935
0.214199
0.340447
0.352005
0.354444
0.179424
0.0463786
0.000412943
-0.0374396
-0.224416
-0.371046
-0.396896
-0.160987
0.0835114
0.175863
0.365566
0.374609
0.190315
0.186868
0.138524
0.197701
0.241458
0.0976736
-0.00598846
-0.0430172
0.0141163
0.118791
0.0201891
-0.183022
-0.258172
-0.418371
-0.562296
-0.688478
-0.810941
-0.835604
-0.64362
-0.246564
0.145843
0.254287
0.265253
0.435648
0.397156
0.366456
0.432001
0.348638
0.24045
0.131134
-0.144448
-0.364705
-0.376884
-0.225836
-0.171332
-0.144292
-0.0802505
-0.179115
-0.170887
-0.0123324
0.0447251
0.102034
-0.00459182
-0.0586917
-0.0955676
-0.170704
-0.0436016
0.0361282
0.0398776
-0.0632337
-0.130489
-0.148839
0.00617003
0.222776
0.334395
0.547995
0.732069
0.726614
0.813077
0.903566
0.767152
0.566017
0.465985
0.135961
-0.0790422
-0.159149
-0.426042
-0.617869
-0.689201
-0.838143
-0.783495
-0.385467
-0.150458
0.247585
0.57867
0.562158
0.583821
0.436801
0.359118
0.270465
0.24032
0.313284
0.270211
0.0566229
-0.0829975
-0.260459
-0.439668
-0.581651
-0.593362
-0.342882
-0.312074
-0.273115
-0.279348
-0.123905
0.11516
0.219368
0.405904
0.627003
0.730105
0.829639
0.804145
0.54666
0.341944
-0.0153901
-0.310087
-0.33522
-0.412717
-0.495188
-0.465299
-0.414269
-0.405125
-0.326215
-0.139953
0.0520553
0.455114
0.546246
0.577913
0.718312
0.471996
0.31836
0.266582
0.271488
0.281114
0.0324867
-0.120882
-0.265094
-0.462773
-0.593236
-0.462033
-0.260993
-0.162399
0.0611854
0.210475
0.152035
-0.0316509
-0.0193084
0.0723198
0.160189
0.193145
0.261231
0.226004
0.141146
0.12472
0.123448
0.172764
0.18847
0.133051
-0.032543
-0.12545
-0.21249
-0.293205
-0.344825
-0.39035
-0.221573
-0.0690855
-0.04546
-0.190293
-0.24595
-0.253708
-0.056514
0.297966
0.503181
0.464795
0.4244
0.279223
0.213538
0.169641
0.251077
0.282695
0.204477
0.121496
0.0847449
-0.0320477
-0.143216
-0.232971
-0.342828
-0.283931
-0.0839741
-0.015359
0.11511
0.0504997
-0.141461
-0.10802
-0.0473747
0.068908
0.0988002
0.0848436
-0.0930658
-0.218748
-0.33682
-0.416676
-0.381267
-0.418507
-0.334621
-0.164129
-0.0773732
0.06312
0.184462
0.180776
0.0668914
0.0333322
0.0266352
0.0906774
0.12315
0.113181
-0.00127756
-0.0815211
-0.161347
-0.132861
0.0687391
0.12945
0.224988
0.223075
0.0600109
0.0486798
0.00262784
-0.0387063
0.0946001
0.148685
0.0752916
0.0242808
0.042016
0.110354
0.143352
0.168242
0.0537829
-0.159609
-0.300884
-0.443657
-0.482884
-0.255085
-0.122054
0.014491
0.162348
0.183483
0.0635643
-0.0113505
-0.0706339
-0.126484
-0.0963673
-0.115731
-0.0992777
-0.0125949
0.0310661
0.0526511
-0.00140277
-0.0298087
-0.052935
-0.122383
-0.175177
-0.227484
-0.300542
-0.311398
-0.197711
-0.132698
-0.048896
-0.0712016
0.0388018
0.189192
0.322076
0.491952
0.300656
0.208699
0.201781
0.0614374
-0.0809052
-0.382407
-0.557656
-0.590123
-0.707116
-0.601018
-0.326786
-0.184855
-0.0537213
0.0579545
0.168988
0.244255
0.315522
0.229418
0.129122
0.178836
0.361158
0.447307
0.271277
-0.081952
-0.0762767
-0.175748
-0.155654
-0.107222
-0.114623
-0.0636635
-0.0136866
0.0181704
0.063838
0.159001
0.276097
0.357585
0.456655
0.392095
0.177082
0.107861
0.00792005
-0.0698475
-0.209911
-0.358753
-0.400586
-0.404151
-0.284587
-0.237937
-0.15755
0.06345
0.0799719
0.112737
0.227231
0.253795
0.143675
0.0919469
0.0519781
-0.124029
-0.380692
-0.416775
-0.365956
-0.274253
-0.169726
-0.0421865
0.189004
0.359471
0.51599
0.491186
0.161625
-0.0722408
-0.135083
-0.271478
-0.134726
-0.0404055
-0.0496207
-0.209221
-0.316449
-0.360351
-0.449917
-0.359866
-0.154212
-0.105531
-0.0027481
0.11324
-0.0138874
-0.0751309
0.050069
0.208515
0.266102
0.356978
0.268773
0.212581
0.21933
0.129205
-0.0488292
-0.230993
-0.408164
-0.399086
-0.369752
-0.223856
-0.11714
0.0745782
0.30367
0.402464
0.340604
0.394591
0.553672
0.625007
0.690415
0.585082
0.324912
-0.0358576
-0.393391
-0.493185
-0.65958
-0.694457
-0.465409
-0.432894
-0.340613
-0.189454
-0.139248
-0.0748018
0.108737
0.286996
0.409264
0.548686
0.626456
0.704398
0.558613
0.253383
0.00518659
-0.293711
-0.521186
-0.530248
-0.452591
-0.585108
-0.576608
-0.315175
-0.177283
-0.0459827
0.174946
0.239449
0.214103
0.129766
0.0646166
0.00496118
-0.0738759
-0.0524521
-0.0213743
-0.0380151
-0.0494856
-0.0508893
-0.0206661
0.0891044
0.159903
0.227463
0.239805
0.0513405
-0.0322864
-0.0740004
-0.125497
0.00860566
0.076769
0.120172
0.219876
0.233061
0.203693
0.231532
0.226185
0.165563
0.116526
0.0711865
-0.0279058
-0.0119721
0.0941392
0.0975916
0.0477551
-0.055391
-0.112922
-0.206132
-0.177682
-0.141978
-0.257526
-0.301841
-0.310084
-0.195681
-0.0220227
0.0728504
0.226766
0.328035
0.35943
0.454254
0.483226
0.337956
0.267901
0.199927
0.0203302
-0.09697
-0.0361317
-0.106775
-0.347243
-0.443127
-0.559114
-0.716138
-0.56045
-0.261965
-0.200932
-0.058529
0.136649
0.171957
0.245192
0.351956
0.403774
0.335969
0.242129
0.210933
0.132515
0.0168143
-0.0899192
-0.200357
-0.336831
-0.470782
-0.573469
-0.265801
0.0469225
0.08515
0.157599
0.210378
0.384161
0.500479
0.588703
0.599158
0.398959
0.289923
-0.0674977
-0.307642
-0.409714
-0.709178
-0.77208
-0.410607
-0.0687285
0.361687
0.376306
0.294456
0.263316
0.228747
0.234829
0.28508
0.286958
0.224705
0.0262763
-0.0826898
-0.165408
-0.278069
-0.114233
0.0823868
0.176326
0.0177121
-0.162502
-0.203891
-0.34926
-0.488393
-0.345067
-0.155303
-0.0944393
0.126937
0.36773
0.400176
0.436035
0.552723
0.530786
0.33665
0.246239
0.0899486
-0.209701
-0.216126
-0.294119
-0.492703
-0.60196
-0.714913
-0.770804
-0.486098
-0.324987
-0.227333
-0.0327387
0.122512
0.19246
0.302199
0.417392
0.482255
0.366739
0.278682
0.247387
0.218631
0.228572
0.105879
-0.0544748
-0.13718
-0.290481
-0.452276
-0.534998
-0.446837
-0.452162
-0.526897
-0.498994
-0.27217
0.0148768
0.30024
0.485839
0.511891
0.619222
0.494998
0.394507
0.347033
0.231165
0.169212
0.139466
0.0680135
-0.00368098
-0.0656819
-0.130746
-0.19411
-0.157437
-0.0700816
-0.0514984
0.00337822
0.0324466
-0.00075788
0.0107045
0.0594908
0.115568
0.150124
0.130452
0.0349184
0.00580364
-0.0363736
-0.045705
0.0605393
0.0928773
0.0928736
0.00302067
-0.0859133
-0.132327
-0.218785
-0.254234
-0.195688
-0.195708
-0.183203
-0.13037
-0.0166883
0.120134
0.138057
0.202436
0.156927
0.00737491
-0.0408011
-0.138592
-0.261095
-0.342021
-0.306148
-0.268246
-0.283092
-0.328448
-0.390948
-0.411718
-0.441677
-0.360077
-0.233206
-0.15708
0.0039711
0.0724254
0.0285062
0.146211
0.309812
0.352671
0.403398
0.49913
0.487574
0.290603
0.164271
-0.0216473
-0.194389
-0.308259
-0.399834
-0.278258
-0.207333
-0.268291
-0.282194
-0.0738081
0.14031
0.277059
0.448727
0.362251
0.336077
0.424975
0.434597
0.356075
0.220716
0.141123
-0.00875823
-0.114841
-0.00645808
-0.00987111
-0.0870825
-0.0577148
0.0307082
0.0716183
0.110015
0.122838
0.111799
0.123877
0.055898
-0.0513519
-0.109065
-0.199656
-0.188124
-0.106931
-0.108686
-0.0717033
-0.0181879
0.0153048
0.0528879
0.0634331
0.0628326
0.0794924
0.085854
0.0876991
0.0504633
-0.0107895
-0.0421826
-0.0487064
-0.0287027
-0.0421393
-0.0979615
-0.148397
-0.171914
-0.199886
-0.237924
-0.236474
-0.18344
-0.16508
-0.125493
-0.0220655
-0.0341566
-0.052431
0.0540614
0.139953
0.186165
0.246755
0.130519
0.0279264
-0.0193706
-0.144686
-0.238496
-0.282864
-0.293517
-0.186864
-0.162436
-0.156864
-0.0805622
0.000992607
0.0620451
0.174936
0.226476
0.103052
0.0859903
0.0843905
0.166025
0.234766
0.275584
0.243276
0.0768965
0.00992398
-0.0708633
-0.148075
-0.0331335
0.0187434
0.00280814
-0.0386936
-0.0550225
-0.032693
0.0733079
0.134944
0.191086
0.207262
0.0949162
0.045133
-0.0604882
-0.111589
-0.0682736
-0.111036
-0.123194
-0.0656146
-0.0167579
0.00788793
0.0239517
0.0432359
0.0696898
0.12377
0.180428
0.224242
0.279197
0.301079
0.198845
0.144398
0.106063
0.025666
-0.0430901
-0.106093
-0.158701
-0.0783653
-0.0146377
-0.00733188
-0.0692237
-0.120063
-0.13736
-0.187309
-0.226212
-0.149614
-0.0735203
-0.0408312
0.0310378
0.0940177
0.135795
0.192347
0.245951
0.199249
0.0472658
-0.0336834
-0.283959
-0.389504
-0.405982
-0.337923
-0.201552
-0.151685
-0.0685269
0.0230632
0.0459189
0.091718
0.125939
0.140764
0.16987
0.184143
0.118283
0.0660413
0.0702543
0.0830586
0.0171434
-0.0594559
-0.0956794
-0.140944
-0.0135739
0.101231
0.141205
0.226208
0.319766
0.365731
0.234131
0.157561
0.110429
-0.0226317
-0.117081
-0.109678
-0.191962
-0.299368
-0.345982
-0.384344
-0.194926
-0.0535395
0.122959
0.274897
0.253646
0.330762
0.260046
0.189751
0.167217
0.0995177
0.0104019
-0.110149
-0.208341
-0.296659
-0.381738
-0.281267
-0.171517
-0.154207
-0.112339
-0.140025
-0.136216
-0.110831
-0.113261
-0.0462698
0.0436354
0.0935688
0.160699
0.234568
0.205517
0.100488
0.0798913
0.0194593
-0.073523
-0.144041
-0.242935
-0.345882
-0.420405
-0.354998
-0.282695
-0.267664
-0.164584
-0.0415606
0.0434504
0.176942
0.301669
0.371978
0.449153
0.47448
0.49681
0.437395
0.387187
0.360669
0.290717
0.133738
0.0444056
-0.00482719
-0.0110278
-0.00202906
-0.152266
-0.234492
-0.282629
-0.368963
-0.323765
-0.0732469
0.0435904
0.16685
0.357697
0.497212
0.456807
0.419911
0.449965
0.370377
0.238592
0.166938
0.0634905
0.0117108
0.0513862
0.0175253
-0.0526531
-0.0998204
-0.118185
-0.0666007
-0.0478562
-0.120114
-0.207383
-0.246146
-0.286045
-0.121
0.00508814
0.141479
0.257586
0.168925
0.176869
0.239819
0.258685
0.274185
0.257598
0.151428
0.0948809
-0.000320206
-0.141022
-0.267318
-0.424697
-0.509601
-0.4526
-0.475499
-0.531706
-0.54913
-0.569126
-0.371364
-0.0406457
-0.0601877
0.0771514
0.266122
0.202085
0.0921993
0.111985
0.163729
0.205885
0.23305
0.269153
0.148249
0.0135121
-0.0527383
-0.188676
-0.410234
-0.466675
-0.451203
-0.551413
-0.584192
-0.4827
-0.402617
-0.360536
-0.274544
-0.145812
0.046611
0.184121
0.213599
0.282338
0.406125
0.497617
0.565459
0.4607
0.301535
0.214647
-0.0333622
-0.153715
-0.207493
-0.357979
-0.355244
-0.281547
-0.304648
-0.280342
-0.189062
-0.0639048
0.0246321
0.176997
0.329883
0.367348
0.337344
0.305148
0.295592
0.253551
0.201608
0.157435
0.106518
0.0489028
-0.0784964
-0.289955
-0.390878
-0.405286
-0.311306
-0.224784
-0.152543
-0.0176681
0.0794719
0.149169
0.24854
0.259024
0.196978
0.151609
0.0262024
-0.134559
-0.246596
-0.253952
-0.286112
-0.182335
-0.159041
-0.167681
-0.0952768
0.00529341
0.075232
0.168056
0.294297
0.382148
0.279735
0.1347
0.0935707
-0.00872471
-0.13362
-0.241081
-0.287669
-0.324898
-0.279622
-0.183669
-0.166082
-0.1876
-0.157029
-0.0280883
0.0677651
0.124363
0.199142
0.27349
0.226088
0.150592
0.136286
0.0766932
0.0182962
0.0293066
0.012891
-0.100178
-0.166426
-0.200446
-0.26599
-0.323956
-0.257876
-0.139033
-0.0987633
0.0247125
0.214068
0.226366
0.245457
0.326489
0.241742
0.128702
0.0713458
-0.107471
-0.179372
-0.152717
-0.234836
-0.237562
-0.121497
-0.0563645
0.00967478
0.0097863
0.0789626
0.216186
0.282453
0.361978
0.378592
0.278049
0.267058
0.28042
0.25048
0.169972
0.0875471
-0.00699063
-0.0894382
-0.0696645
-0.116912
-0.1733
-0.204124
-0.184483
-0.103498
-0.0732789
-0.0443061
-0.0341392
-0.0185885
0.000145684
0.0208616
0.070456
0.108452
0.143806
0.172635
0.0952779
0.0466621
0.0214466
-0.040647
-0.0949472
-0.142793
-0.196653
-0.203324
-0.103345
-0.0566519
-0.0168781
0.0326976
0.071338
0.115144
0.155861
0.150053
0.0949765
0.0813469
0.0550957
0.0139505
-0.0304918
-0.180399
-0.269258
-0.247104
-0.178173
-0.145891
-0.102236
-0.0389915
-0.0039823
0.0367589
0.0836253
0.122645
0.120919
0.0527409
0.026362
-0.0136568
-0.137873
-0.231265
-0.292232
-0.342187
-0.213683
-0.141264
-0.0987744
0.00206267
0.0731927
0.134943
0.208385
0.270565
0.333411
0.394373
0.364214
0.260622
0.235733
0.177147
0.080433
-0.059197
-0.126008
-0.152396
-0.177037
-0.184151
-0.203115
-0.213243
-0.147183
-0.0490866
0.0157551
0.12668
0.152034
0.146597
0.196033
0.214153
0.216203
0.166479
0.120134
0.0893806
0.0136492
-0.0557961
-0.0907648
-0.0500146
-0.0246916
-0.0640572
-0.0968505
-0.0883851
-0.0482642
-0.0298481
-0.0180203
-0.0491117
-0.0886462
-0.0710304
0.00794699
0.0459857
0.0600525
0.0346417
0.0294794
0.033124
0.0465616
0.0561732
0.0390946
-0.0110554
-0.0378199
-0.0687726
-0.0716966
-0.00554235
0.020541
0.0499288
0.0578232
0.0202499
0.0217567
0.0382988
0.0504709
0.0572833
0.0615933
0.0280298
0.00676025
-0.00820544
-0.0188465
-0.011575
-0.0176393
-0.0158497
-0.0064601
-0.00380456
0.0135291
0.0618287
0.0954646
0.140544
0.195981
0.161623
0.0647768
0.0405416
-0.0175792
-0.0971425
-0.156379
-0.147601
-0.0830198
-0.0787462
-0.0440897
0.0212058
0.0524236
0.0650963
0.0984875
0.125789
0.146693
0.135037
0.0364669
-0.0147094
-0.0408291
-0.10345
-0.0994694
0.00661866
0.0442339
0.0363377
0.0312073
0.0471697
0.0553075
0.074746
0.0894687
0.100842
0.081948
0.0596724
0.0535243
0.0437717
0.0339105
0.0595294
0.0874315
0.0815199
0.0429231
0.0267912
0.00861977
-0.0222622
-0.0342465
0.000807326
0.0160152
0.0261099
0.0502313
0.0447076
0.0310487
0.0332742
0.019847
0.000796288
0.028092
0.0424135
0.0457962
0.0642616
0.0792437
0.0608449
0.0198595
0.00515499
-0.021209
-0.0494439
-0.0687161
-0.0929067
-0.0891223
-0.0610886
-0.058261
-0.0451443
-0.025619
-0.0150933
-0.0376668
-0.0682538
-0.0810567
-0.0566923
0.00604918
0.0299145
0.026031
-0.0375441
-0.0664323
-0.0986787
-0.116194
-0.0422295
-0.00839832
0.00770316
0.0467677
0.0545657
0.0106716
-0.00121561
-0.0159536
-0.0378876
-0.0526868
-0.050019
-0.024401
-0.0162279
-0.00658822
-0.0206311
-0.0406734
-0.0413953
-0.0375844
-0.0419269
-0.0433678
-0.0417101
-0.0368741
-0.0197786
-0.0082065
-0.0291808
-0.0822485
-0.107172
-0.135079
-0.12346
-0.0424272
-0.0349359
-0.0288042
-0.0628842
-0.0984563
-0.103986
-0.0790162
-0.0708055
-0.0763527
-0.110537
-0.12586
-0.10982
-0.116215
-0.101917
-0.0436404
-0.0113793
0.0244503
0.0735144
0.0893553
0.0463303
0.034926
0.022687
-0.0207501
-0.0543017
-0.0813059
-0.109434
-0.137857
-0.145888
-0.120854
-0.116573
-0.109638
-0.063889
0.00886943
0.05499
0.144862
0.273428
0.2956
0.269233
0.198823
0.158809
0.09724
-0.0260226
-0.11675
-0.142675
-0.198141
-0.218056
-0.22132
-0.234095
-0.149097
-0.0734371
-0.0285893
0.0520386
0.131052
0.199809
0.245977
0.099287
0.0062729
-0.0451989
-0.159949
-0.217933
-0.269607
-0.274708
-0.181514
-0.154448
-0.113342
-0.0400182
0.0638537
0.145343
0.170004
0.234965
0.272235
0.128167
0.0406445
0.0114687
-0.0514242
-0.122687
-0.182555
-0.238938
-0.256067
-0.15699
-0.103704
-0.0644312
0.00995695
0.0711717
0.129428
0.128034
0.070909
0.0705449
0.0469872
0.00848335
-0.0114106
0.0194897
0.0621316
0.0778785
0.112536
0.150423
0.150158
0.103467
0.0887229
0.0695994
0.0450151
0.0292017
0.00633561
-0.0379217
-0.0775658
-0.102807
-0.0694484
-0.0437271
-0.0366494
-0.00737964
0.0206083
0.0514744
0.083792
0.113803
0.14572
0.149205
0.0863499
0.0563128
0.0292347
-0.00755858
-0.0293004
-0.0577992
-0.0855481
-0.102137
-0.0695393
-0.0516336
-0.0439896
-0.0179286
0.010075
0.0343292
0.0597119
0.0864331
0.11245
0.136867
0.12415
0.0921509
0.086069
0.0663626
0.0533277
0.0742175
0.0654123
0.00454484
-0.0269905
-0.0560406
-0.104069
-0.144758
-0.139886
-0.0684792
-0.0401973
-0.00581997
0.0312323
0.0268153
0.0414538
0.0571738
0.0620263
0.0726293
0.0831835
0.0742219
0.0252771
-0.00346461
-0.0329882
-0.0830743
-0.119361
-0.0822169
-0.0312294
-0.0181588
-0.00162048
0.00719658
0.0222415
0.0340604
0.0496072
0.0666707
0.0812468
0.0873106
0.0563983
0.0389883
0.0268609
0.00421248
-0.0111399
-0.0269815
-0.039511
-0.0161252
-0.0029026
0.00270378
0.0186802
0.00703971
-0.0130757
-0.0155121
0.000574894
0.0219667
0.0319877
0.0505625
0.06717
0.0347101
-0.00830174
-0.0262781
-0.0613311
-0.0760534
-0.0308438
-0.0164449
-0.0397291
-0.0623621
-0.0658119
-0.0616873
-0.058185
-0.0589575
-0.0479486
0.00999428
0.0591262
0.0853773
0.127684
0.134736
0.0758046
0.0571267
0.0340055
-0.00792645
-0.0379273
-0.0687767
-0.102881
-0.135267
-0.168091
-0.161423
-0.0628239
-0.00971003
0.0306742
0.0305731
0.0276498
0.0568122
0.0954719
0.120136
0.112725
0.0701025
0.0579369
0.0362641
0.0110255
-0.00213265
-0.0218202
-0.040532
-0.0567147
-0.0744722
-0.0594824
-0.006959
0.0147959
0.0441079
0.0517035
0.0345734
0.0413172
0.0367236
0.000342642
-0.04323
-0.0699485
-0.103865
-0.0824343
-0.0266693
-0.0128714
0.0218378
0.065273
0.0706612
0.035631
0.0298264
0.0184652
-0.0035661
0.00500828
0.0144016
0.0120511
0.0193431
0.02599
0.023134
0.0216079
0.0227613
0.0210492
0.0170271
0.00776193
0.000976949
0.00928214
0.0278901
0.034185
0.0461339
0.0546128
0.01765
-0.00622847
-0.0202052
-0.0490734
-0.0745621
-0.0823851
-0.05813
-0.0503099
-0.043364
-0.0254547
-0.016329
-0.0481429
-0.0799371
-0.0670576
-0.0225098
-0.00733249
0.0158736
0.0380553
0.00527062
-0.00880501
-0.0036915
0.0229178
0.0398757
0.0461998
0.0117538
-0.0110757
-0.0233934
-0.0494394
-0.0514584
-0.016483
-0.0053181
0.00917296
0.0348628
0.0519827
0.0376238
0.0169489
0.0122131
-0.00380745
-0.000766239
0.0302038
0.0398167
0.0518759
0.0325976
-0.00221403
-0.0151669
-0.0409342
-0.0503016
-0.0312554
-0.0330379
-0.0298495
-0.0178266
0.0134284
0.0578178
0.0812667
0.104338
0.136273
0.163313
0.154041
0.0659982
0.0168637
-0.0325876
-0.0769352
-0.0343602
-0.0278002
-0.0327672
-0.0372626
-0.0402851
-0.0121004
0.00763583
0.0190312
0.0178072
-0.0404745
-0.0737756
-0.100952
-0.0974421
-0.0615987
-0.0582532
-0.0326324
0.00954595
0.0363228
0.0674189
0.0859637
0.0425211
0.0221632
0.0109945
-0.0151849
-0.0356914
-0.0552747
-0.0763578
-0.0738017
-0.0456095
-0.0388374
-0.025651
-0.00484393
0.0118065
0.0307532
0.0497228
0.0680663
0.0869863
0.0788798
0.0399878
0.0225834
-0.0157907
-0.0320309
0.0016165
-0.000486674
-0.0338705
-0.0557409
-0.084076
-0.0852984
-0.0269695
-0.00953779
-0.00180217
0.0028526
-0.0306682
-0.0389672
-0.0480638
-0.0607953
-0.0209773
0.00618356
0.0189837
0.0516519
0.0920931
0.0849665
0.0687992
0.0798125
0.0892981
0.0919163
0.0893982
0.0361202
-0.00344537
-0.0294024
-0.0567162
-0.0707794
-0.073988
-0.0826842
-0.0672148
-0.046706
-0.0286106
-0.00923507
-0.0275212
-0.0351359
-0.0259836
-0.000563095
0.0106587
0.015233
0.0289607
0.00780812
-0.011468
-0.0167114
-0.0102567
0.00246012
-0.0034729
-0.00785002
-0.024638
-0.0460373
-0.0600469
-0.0284482
0.00582197
0.0228151
0.0592871
0.0840497
0.0404887
0.0189442
0.0163244
0.0296691
0.0377596
0.0262764
-0.00986401
-0.0310974
-0.0509733
-0.0790369
-0.104304
-0.107657
-0.0647456
-0.0495782
-0.0435415
-0.0435834
-0.0721111
-0.0703687
-0.049915
-0.0459127
-0.0193288
0.0159064
0.0495428
0.0663265
0.0747052
0.0746985
0.0572443
0.0506336
0.0309409
0.00428702
-0.0259448
-0.0527284
-0.0838321
-0.116518
-0.0811611
-0.0387453
-0.00692465
-0.028478
-0.00237136
0.0613776
0.074507
0.067005
0.0382299
0.0258002
0.0428811
0.0789432
0.0903963
0.0758585
0.0470353
0.0432146
0.0339601
0.0165613
0.00974994
-0.00095986
-0.0305347
-0.0539783
-0.037312
-0.00876308
-0.00346116
0.0188051
0.0449508
0.0372565
0.00329056
0.00148224
-0.0073844
0.00530764
0.0351254
0.0423465
0.0533592
0.0529637
0.0427994
0.0551849
0.0654398
0.0668589
0.0581625
0.029831
0.0157878
0.00516512
-0.00368493
-0.0142558
-0.0229598
-0.0322782
-0.0383034
-0.0384694
-0.0433568
-0.0539208
-0.0643301
-0.0644634
-0.0619184
-0.0330048
-0.00469424
0.0205752
0.0456609
0.0407061
0.045474
0.0497387
0.0410035
0.0410015
0.0327883
0.0215478
0.0265007
0.0335239
0.0283945
0.0289056
0.0386287
0.045207
0.0454436
0.00719689
-0.0351017
-0.0687144
-0.0939016
-0.0459058
-0.0204052
-0.0152464
0.0136072
0.023185
0.0284776
0.0346542
0.00545654
-0.0132566
-0.0288854
-0.0315357
-0.002278
0.00370058
0.00520258
0.016546
0.0182918
0.0155371
0.023855
0.0357844
0.0396488
0.0206788
-0.0035333
-0.0153022
-0.0300335
-0.00760924
0.00721591
0.0140144
0.0273755
-0.0039193
-0.02466
-0.0275765
-0.0439995
-0.0608707
-0.0735385
-0.078209
-0.00322129
0.0491971
0.071722
0.115927
0.154394
0.112096
0.0695896
0.057254
0.0127738
-0.0343004
-0.0684005
-0.0940788
-0.119494
-0.131449
-0.0768404
-0.0459016
-0.0248546
0.0150027
0.0480313
0.079459
0.113448
0.109011
0.0453368
0.0197888
-0.0149084
-0.0823063
-0.114988
-0.114785
-0.122364
-0.107684
-0.100167
-0.0915319
-0.0754722
-0.0575429
-0.0114305
0.0279246
0.036442
0.0164477
0.019642
0.0256318
0.0215598
0.017805
-0.0142767
-0.0560366
-0.0770079
-0.0821105
-0.0734767
-0.0596872
-0.0515911
-0.0378586
-0.0233274
-0.00230304
0.0388342
0.0425055
-0.019479
-0.040824
-0.0550832
-0.0415171
0.0083979
0.0213839
0.0167036
0.0193947
0.0294339
0.0560395
0.0850199
0.105182
0.123189
0.0765042
0.0462127
0.0317451
-0.00354739
-0.015337
-0.021909
-0.0448046
-0.0707118
-0.0896261
-0.0996134
-0.105086
-0.0668492
-0.0122048
0.00929481
0.0385527
0.0785602
0.100702
0.0900997
0.094342
0.101579
0.0976143
0.0675376
0.014772
-0.00628395
-0.0374014
-0.0701866
-0.0426094
-0.0314324
-0.0377066
-0.0551997
-0.0630396
-0.0260984
-0.00212349
0.01082
0.0382225
0.0270459
-0.00541138
0.00427129
0.0237964
0.0229459
0.0256957
-6.56352e-05
-0.0182547
-0.0110549
-0.0055702
0.0100396
0.028735
0.066424
0.088976
0.0482766
0.0309735
0.0275457
0.00951054
0.0147473
0.0168031
-0.00090082
-0.0145331
-0.0222799
-0.0363347
-0.0199591
0.02213
0.033588
0.0297019
0.0257486
0.0327247
0.0396698
0.0453484
0.0484947
0.0381667
0.0364264
0.0403265
0.0371529
0.0241569
0.0129277
0.00501348
-0.00495093
0.00823337
0.0283237
0.0353633
0.0404833
0.0235765
0.0140002
-0.000410008
-0.0157829
-0.0105236
-0.0131932
-0.0187932
-0.0181788
-0.0198288
-0.0233187
-0.0303213
-0.0324204
-0.0101408
0.00389428
0.0132678
0.0304876
0.0448602
0.0585059
0.0638289
0.034295
0.0171213
-0.0011735
-0.0321198
-0.0611043
-0.0900626
-0.0928461
-0.0650298
-0.0624193
-0.0558509
-0.0663644
-0.077544
-0.0666622
-0.0413472
-0.0204144
0.00850389
0.00559168
-0.0339365
-0.037783
-0.0215371
-0.0247055
-0.0264654
-0.020231
-0.0327946
-0.0495415
-0.0561158
-0.0609977
-0.0418443
-0.0302904
-0.0236367
-0.00808307
0.0104518
0.0335704
0.0531287
0.0726672
0.0857865
0.0364791
-0.00598945
-0.0390888
-0.11514
-0.154966
-0.150765
-0.108233
-0.0817259
-0.0509173
-0.0250514
-0.0461819
-0.0437043
0.00431262
0.0468781
0.0573521
0.0698165
0.0566185
0.0483663
0.0334411
0.00741249
-0.00403799
-0.0176268
-0.0336604
-0.0225636
-0.0107535
-0.011904
-0.00611831
0.00149872
0.000636819
-0.00049386
0.0200215
0.0530176
0.0652174
0.0810626
0.0665793
0.0369396
0.030044
0.0129024
-0.00566327
0.00713532
0.0111247
0.00881131
0.0295215
0.058511
0.0720164
0.070273
0.0699156
0.0731177
0.0398568
-0.000934693
-0.0201849
-0.0476468
-0.0742129
-0.0900002
-0.0656075
-0.037658
-0.0219194
0.00814657
0.0142375
0.0118461
0.0240933
0.0248547
0.021271
0.0131487
-0.00621968
-0.0158662
-0.0117465
-0.00617525
-0.00771245
-0.00756141
-0.00695419
-0.00663409
-0.00681154
-0.00695093
-0.00699402
-0.00709582
-0.00718317
-0.00728737
-0.0227057
-0.050669
-0.0599238
-0.0405109
-0.0344157
-0.0244806
0.00295703
0.00765001
-0.00610528
-0.00357001
-0.00957605
-0.026721
-0.0357102
-0.0339963
-0.0150896
-0.00708643
0.00175076
0.015346
0.0142531
0.0155808
0.0345472
0.0442916
0.0487323
0.0310986
0.0150759
0.00749768
-0.00488205
-0.0174971
-0.0349468
-0.0529411
-0.0442596
-0.0255779
-0.0236323
-0.0114805
0.00445194
0.0179445
0.0352264
0.0509572
0.043482
0.0178401
0.0141605
0.00646711
-0.00896747
-0.0234176
-0.0375957
-0.0456217
-0.0511412
-0.0401585
0.00627263
0.0339677
0.0641142
0.0807924
0.0389993
0.0261119
0.0352248
0.0232444
0.0128317
0.00640867
-0.0135574
-0.0291047
-0.0433924
-0.0470608
-0.0163209
-0.00157458
0.0267256
0.0774234
0.077175
0.0647681
0.0806396
0.0801499
0.0758835
0.0754022
0.0499497
0.0269308
0.00148409
-0.0412529
-0.0508142
-0.0514876
-0.0346055
-0.0215517
-0.0105223
0.016804
0.0568207
0.0722734
0.0784941
0.0808925
0.0426064
0.0203567
-0.018123
-0.0540297
-0.0523061
-0.0397797
-0.013013
-0.0150334
-0.0113153
-0.00926913
-0.0317691
-0.0276783
-0.00252482
0.00253787
0.0127259
0.0157914
-0.00188267
-0.00484282
-0.00154066
-0.00343285
-0.00552238
-0.00465159
0.00621852
0.0291339
0.0423413
0.0554225
0.0345329
0.00136008
-0.00527462
-0.0114128
-0.0272186
-0.0401668
-0.0530122
-0.0595754
-0.0506895
-0.0497183
-0.0441542
-0.000125251
0.0367384
0.0644511
0.0478424
0.0400985
0.0568295
0.0514695
0.0471226
0.0481662
0.0200198
-0.014741
-0.0370801
-0.0543821
-0.0543445
-0.0519802
-0.0312356
-0.0183897
-0.00641009
0.0106688
0.0222381
0.00650595
-0.00470058
-0.00759652
-0.0182267
-0.0136373
-0.0086345
-0.00959412
-0.0136045
-0.0272697
-0.0322834
-0.0208421
-0.017696
-0.0287832
-0.0259019
-0.0226209
-0.0257228
-0.0258666
-0.0310873
-0.0553276
-0.0706458
-0.0717633
-0.0802544
-0.0782559
-0.0647113
-0.0524954
-0.0309671
0.0128977
0.0614642
0.0462277
0.0470167
0.0527214
0.0300422
-0.00245551
-0.0524986
-0.0703885
-0.0824017
-0.112737
-0.101366
-0.0393082
-0.0177989
0.00104568
0.0246065
0.0199185
0.0281287
0.0342916
0.0296246
0.0299651
0.0208694
0.00433508
-0.00427551
-0.0163514
-0.0211667
-0.00965229
-0.00786602
-0.00514513
0.0022112
0.00465164
0.00691978
0.0110044
0.0137885
0.0168193
0.0202627
0.0233704
0.0265772
0.029419
0.028885
0.0281051
0.023
0.0217784
0.0324025
0.03642
0.0361799
0.0352667
0.0264299
-0.0191751
-0.0456125
-0.0554979
-0.0299412
-0.0126655
0.0137264
0.0592667
0.0426742
0.0276478
0.0380249
0.0420611
0.0499886
0.0545496
0.040266
0.0218253
0.0134818
-0.00681056
-0.0336612
-0.05035
-0.0304646
-0.00218044
0.00653973
0.022904
0.0319054
0.041941
0.0527368
0.0597213
0.0680922
0.0710862
0.0641087
0.0617536
0.0471114
0.0310187
0.020987
0.00734483
-0.00743334
-0.0222704
-0.0238115
-0.0101873
-0.0092725
-0.0141775
-0.0297308
-0.03494
-0.0154288
-0.00524968
0.0278989
0.0504432
0.0339543
0.0491344
0.0545056
0.0480202
0.0510853
0.0480303
0.00642691
-0.0349888
-0.0615469
-0.100652
-0.129499
-0.0857243
-0.0643368
-0.0645717
-0.0418132
-0.0184507
0.0180928
0.0527325
0.0751186
0.0970163
0.118596
0.0890682
0.0644047
0.0400825
0.00394305
0.0288224
0.033671
0.0191972
-0.00340602
-0.0207842
-0.0318437
-0.00663389
0.010835
0.00972688
0.0149333
-0.00050069
-0.00338468
0.0171603
0.0202184
0.0117806
0.0133734
0.00534086
-0.00398567
-0.00912922
-0.00244576
0.0118782
0.0164381
0.0220081
0.0294571
0.0358838
0.0379176
0.0382979
0.0411432
0.0411903
0.0406906
0.0410665
0.0405326
0.0305346
0.00533676
-0.0079949
-0.0173228
-0.0340651
-0.0499099
-0.0640208
-0.0636556
-0.0596614
-0.061592
-0.0313935
0.0061237
0.0213668
0.0433909
0.0369938
0.022918
0.0240938
0.0133196
-0.00608497
-0.0194841
-0.0312528
-0.0331482
-0.0284994
-0.0122838
-0.00112734
0.00671439
-0.00581452
-0.0130432
-0.00465602
0.020619
0.0354091
0.0485417
0.0484834
0.0447493
0.0503382
0.0495041
0.0479576
0.0501743
0.0511113
0.0579276
0.0687438
0.0658848
0.0508153
0.0459365
0.042813
0.0503359
0.0547701
0.0537454
0.0527021
0.0617713
0.0700649
0.074194
0.0818043
0.0892965
0.0617627
-0.0193728
-0.0343143
-0.0156029
-0.0256528
-0.0175677
0.00215168
-0.0127707
-0.0249613
-0.0395001
-0.0657435
-0.082953
-0.102693
-0.120897
-0.121213
-0.117564
-0.100097
-0.0873689
-0.0751657
-0.0588023
-0.0440261
-0.0293989
-0.0138919
0.00106233
-0.00868276
-0.0385679
-0.0463836
-0.0608264
-0.0583182
-0.0387237
-0.0382828
-0.0592515
-0.0721256
-0.0553127
-0.0575212
-0.0450702
-0.0254866
-0.0148408
0.000724003
0.0159148
0.0169097
0.0182045
0.0211983
-0.0031327
-0.0208656
-0.0324782
-0.0525765
-0.0687937
-0.0836522
-0.074547
-0.0355375
-0.0318348
-0.0242874
-0.0017271
0.00292309
-0.0198805
-0.0291756
-0.0371973
-0.0552014
-0.0691821
-0.0795589
-0.0726967
-0.0685995
-0.0640195
-0.0552464
-0.0423892
-0.0244933
-0.00995939
0.0101602
0.0239215
0.0183107
0.0105295
0.00140333
-0.0249816
-0.0308276
-0.0267314
-0.0378775
-0.0421728
-0.038169
-0.0314836
-0.0287442
-0.024289
-0.0193799
-0.0152439
-0.00785841
0.0205942
0.0254987
0.0132012
0.0130202
-0.00138751
0.00387179
0.00589443
0.000632107
-0.00208525
-0.00695982
-0.0110221
-0.0154508
-0.0203754
-0.00945124
0.0124419
0.00464467
-0.000255403
-0.00934913
-0.0121809
0.00205447
0.00554895
0.0110781
0.0305208
0.0298928
0.0047582
0.0141747
0.0162363
4.33525e-05
-0.0188896
-0.0341206
-0.0529681
-0.0757185
-0.0765842
-0.0423202
-0.0266957
-0.00703487
0.0215275
0.0467155
0.0713295
0.0879703
0.0918409
0.0771666
0.0671052
0.0449632
0.010929
-0.012233
-0.0370794
-0.0420638
-0.025697
-0.0265353
-0.0167711
-0.0025416
0.0115609
0.0261108
0.045848
0.0411928
0.0121123
0.00873389
-0.00330047
-0.0120079
-0.0116633
-0.0183197
-0.0183779
-0.00208854
0.0043808
0.00527646
0.0138174
0.0155029
0.0129785
0.0161621
0.023213
0.024841
0.00033105
-0.0214701
-0.0198885
-0.00312773
0.00138794
-0.00377668
-0.0119785
-0.0180975
-0.0328769
-0.0421311
-0.0310504
-0.0244486
-0.021714
0.00639074
0.0299529
0.0234316
0.0232135
0.00756229
0.00579742
0.0267347
0.0366728
0.0112874
-0.0121101
-0.0185662
-0.0306253
-0.0369231
-0.00909931
0.00722771
0.0130276
0.0252238
0.0379502
0.0445143
0.0409213
0.0187682
0.00687884
0.0102985
0.0222771
0.022069
0.0239496
-0.00322786
-0.0250597
-0.0171951
0.00727721
0.00998575
0.0163075
0.0311663
0.0396319
0.0410832
0.0398374
0.037645
0.0300912
0.0246158
0.0176223
0.00798079
-0.00237098
-0.0216113
-0.00685009
0.00392848
0.0131921
0.0294064
0.0341837
0.0419713
0.0526
0.058824
0.0596384
0.0608275
0.0622826
0.0508031
0.0425142
0.0370856
0.0254729
0.0125262
-0.000109554
-0.0033054
0.0168012
0.0252214
0.0312837
0.0438638
0.0468624
0.0423498
0.041464
0.0273667
0.011005
-0.000183097
-0.00566982
0.00257903
0.00635264
0.0153538
0.0267105
-0.003036
-0.0261387
-0.0187003
-0.00445956
-1.87195e-05
0.0168324
0.0302553
0.0345235
0.036933
0.0202334
-0.0039861
0.0248984
0.0246291
0.0180811
0.0292361
0.027993
0.0210965
0.0217912
0.0185918
0.00816051
-0.000834515
0.00173769
0.00990137
0.00979891
0.0071164
-0.00443091
-0.00834569
0.00933403
0.020938
0.0272062
0.0304765
-0.00645669
-0.0282093
-0.037123
-0.0515559
-0.0260317
-0.0113334
-0.00934971
-0.00574584
-0.018861
-0.0091754
0.0115985
0.0151087
0.0295522
0.0280319
0.00535721
-0.00140164
-0.0275187
-0.0382082
-0.0238931
-0.0082408
0.00645684
0.0190688
0.00269588
-0.00790283
0.00910152
0.0128924
0.00636027
-0.00481998
-0.0117497
-0.023162
-0.0417736
-0.0400055
-0.0265987
-0.027823
-0.0160338
-0.000822883
0.00217967
-0.000887581
0.00203658
-0.00871891
-0.0270866
-0.0348308
-0.0412244
-0.0273098
-0.0188337
-0.00702653
0.0112682
0.00776336
0.000188591
-0.0105251
-0.0190976
-0.0220574
-0.0138445
-0.0124281
-0.0101362
-0.0034447
-0.0243772
-0.0245903
0.00706031
-0.0201878
-0.0509461
-0.0459182
-0.0440079
-0.0291758
-0.00934657
0.00332902
0.00861582
-0.00653427
-0.0102326
-0.0146028
-0.0253317
-0.0327864
-0.0398921
-0.0479409
-0.0543733
-0.0406132
-0.017452
-0.0116228
0.00176524
0.0185555
0.0261384
0.00670032
-0.00363621
-0.0086447
-0.0226799
-0.0306962
-0.0369119
-0.0459123
-0.0402603
-0.0239863
-0.0198141
-0.0112321
-0.00461729
-0.00122939
0.00475292
0.00942272
0.0134442
0.018009
0.018337
0.0123439
0.0105339
0.00820184
0.00397596
0.000885598
-0.00238929
-0.00619551
-0.00947854
-0.0127566
-0.0160839
-0.0192903
-0.0228551
-0.0239068
-0.00739723
0.00624119
0.0143149
0.02823
0.0356086
0.0307409
0.0188541
0.0102843
0.00190233
-0.00931847
-0.0137349
0.00154037
0.00860061
0.0131191
0.0207132
0.0143366
0.01177
0.0118917
0.00770803
0.00474751
0.00255413
-0.000297094
-0.000318417
0.0187797
0.0346097
0.0312214
0.0197745
0.0197693
0.0145387
-0.000149689
-0.0148461
-0.0232475
-0.0152579
-0.00704337
-0.00660892
-0.000433612
0.00617042
0.0104572
0.0154596
0.0203606
0.0247084
0.0281516
0.0234604
0.0174755
0.0113302
0.00404566
-0.00245745
-0.00754065
-0.0116944
-0.0165077
-0.0205794
-0.0160833
-0.00539376
0.00111629
0.0153534
0.0260653
0.0269998
0.0266297
0.0187655
0.0137093
0.00917305
0.00251152
-0.00390612
-0.0101089
-0.0187616
-0.0268741
-0.026827
-0.0244266
-0.0234611
-0.0152666
-0.0098558
-0.00551188
-0.000578114
-0.00731047
-0.0109712
-0.00198011
-0.00116786
-0.00106639
0.00194381
0.00340449
0.00266759
-0.00295956
-0.00839841
-0.0103482
-0.00548211
-0.00213039
-0.00224334
-0.00178111
-0.000446362
4.84373e-06
-0.000796481
-0.00154722
-0.00176327
-0.00207605
0.000611549
0.00390685
0.00547095
0.00835854
0.00483923
0.00174454
0.00157393
-0.000403582
0.000344828
0.00182202
0.00275424
0.00319355
0.00246182
0.00278848
0.00276706
0.00245335
0.00238824
0.00231318
0.00250695
0.00271447
0.00275239
0.00277269
0.00246431
0.00226589
0.00213055
0.00190057
0.00168826
0.00129843
0.000921553
0.000607189
0.000251091
-3.01028e-05
-0.000567785
-0.00135527
-0.00176526
-0.00192104
-0.000506458
0.000310103
0.000639608
0.00135245
0.00186832
0.00184727
0.00158434
0.00146152
0.00100906
0.000191087
-0.000113705
-0.000293915
-0.000456961
-0.000271745
-0.000313529
-0.000374012
-0.000308808
-0.000282053
-2.99643e-05
0.000216094
6.67042e-05
4.56821e-05
0.000101782
5.22065e-05
-9.11216e-06
-7.12288e-05
-4.12817e-05
3.83071e-05
4.4002e-05
6.47338e-05
4.40623e-05
-2.1314e-05
-3.19116e-05
-5.19935e-05
-7.32533e-05
-7.95401e-05
-0.000105703
-0.000140156
-0.000105413
-6.40444e-05
-4.84778e-05
-2.66458e-05
-7.45224e-07
2.0568e-05
3.77916e-05
5.1553e-05
6.57409e-05
8.35078e-05
8.76136e-05
9.09437e-05
9.91919e-05
0.000105742
0.000112724
0.000120109
0.000128526
0.000140933
0.000152362
0.000164373
0.000176482
0.000188328
0.000200385
0.000211784
0.000222951
0.000233836
0.000244452
0.000255011
0.000265717
0.00027663
0.000287574
0.000298416
0.000309279
0.000320215
0.000331153
0.000342097
0.000353061
0.000364027
0.000374984
0.000385933
0.000396869
0.000407791
0.000418696
0.000429582
0.000440446
0.000451287
0.000462102
0.000472889
0.000483645
0
0
