0.00217736
0.00222337
0.00227063
0.00231797
0.00236502
0.00241818
0.00247622
0.00250743
0.00251682
0.00254025
0.00251775
0.0023274
0.00202026
0.00191581
0.00207514
0.00227089
0.00265266
0.00295886
0.00235552
0.00308803
0.00383985
0.00159776
0.00100688
0.00329522
0.00424635
0.00404785
0.0031629
0.0010449
-0.000160482
0.00234539
0.00511373
0.00740726
0.0102324
0.00954209
0.00748294
0.00552946
0.00185849
-0.00340197
-0.00717016
-0.00611364
-0.0138614
-0.0266871
-0.0244017
-0.0109474
-0.00103978
0.0023494
0.00296717
0.00936405
0.0118995
0.00706835
0.00996604
0.0123795
0.00663193
0.0218345
0.0368763
0.0195699
0.00168614
-0.00423366
-0.014869
-0.0260822
-0.032581
-0.0344508
-0.0276198
-0.00977311
-0.0144392
-0.0425595
-0.0379058
-0.0183062
-0.0158354
-0.01814
-0.016818
-0.0139793
-0.000436067
0.0143812
0.0196441
0.0161618
0.0213562
0.0424065
0.058119
0.0490951
0.0350742
0.0216589
0.0303857
0.0456064
0.0285826
-0.00156696
-0.0197081
-0.0414172
-0.0645527
-0.0727579
-0.0582055
-0.0458008
-0.0331028
-0.0173863
-0.00908912
-0.00537132
0.0137677
0.0439375
0.0705022
0.0969959
0.0904064
0.0509604
0.0136267
-0.0176347
-0.0252579
-0.0308041
-0.0392848
-0.0406906
-0.0242838
-0.00494987
0.00931329
-0.000510257
-0.00967582
0.0182876
0.028244
0.00501106
-0.00589016
-0.0105616
-0.0206761
-0.0258534
-0.023724
-0.00933821
0.00585834
-0.00173676
-0.0240179
-0.0149291
0.00338365
0.00168226
-0.0150719
-0.0262894
-0.0254036
-0.0171796
-0.0100519
0.00061469
0.0113558
0.00205594
-0.0295486
-0.0432807
-0.0169541
0.00825684
-0.00270658
-0.00923997
0.0222313
0.0403474
0.0536118
0.0654672
0.0510601
0.0634734
0.0755843
0.0322648
0.00177639
0.0188501
0.0309343
0.0362389
0.0462403
0.0338284
0.0067964
-0.00710221
-0.00981335
-0.0182337
-0.0338146
-0.029993
-0.0138284
-0.0138899
-0.0319251
-0.0463566
-0.060846
-0.0746052
-0.0548052
-0.020641
-0.00806741
-0.0262736
-0.0335159
-0.00526237
0.0212935
0.0412604
0.0599843
0.046883
0.0338373
0.045503
0.0421024
0.0113378
-0.0126292
-0.0070294
0.00749944
0.00780362
-0.0200925
-0.0466695
-0.0300435
-0.00582346
0.0111199
0.0308925
0.0133968
-0.0149619
-0.0174029
-0.0148594
-0.0205
-0.0244227
-0.0263011
-0.0193358
-0.00910492
-0.00298327
0.000297297
-0.0112481
-0.0260801
-0.0225978
-0.00252139
0.0169124
0.0452993
0.0691135
0.0403325
0.000531997
-0.00717687
-0.013245
-0.0216708
-0.0189587
-0.016855
-0.0140674
-0.00843739
-0.014938
-0.0348585
-0.0461261
-0.0337648
-0.0176805
0.0035484
0.0244012
0.00641365
0.000319838
0.0311951
0.0408511
0.0197256
0.00538151
0.00445606
0.00522919
0.0111034
0.028415
0.0402101
0.0193321
-0.0143795
-0.0419461
-0.0684595
-0.0470681
-0.0100697
0.0132205
0.0158322
0.0112296
0.0129244
0.00741328
-0.0239385
-0.0449849
-0.0281003
-0.0147711
-0.012467
-0.0264551
-0.0423935
-0.0455961
-0.0369802
-0.0311112
-0.0202034
-1.07356e-05
0.0208624
0.0426866
0.0450988
0.0145674
-0.00311578
0.000188087
0.000524646
-0.0211717
-0.064109
-0.0732645
-0.0590393
-0.0650913
-0.0675477
-0.0381725
-0.00973981
0.0195982
0.061057
0.0882452
0.0919145
0.0994683
0.105171
0.0863634
0.0557977
0.0317572
0.0189986
0.0220884
0.00981605
-0.0277503
-0.0610629
-0.0749917
-0.0606947
-0.0508138
-0.0490185
-0.0704666
-0.0711161
-0.0454456
-0.0328421
-0.0434386
-0.0560377
-0.0433384
-0.0199408
-0.00650355
0.00713721
0.0328155
0.0714317
0.0724285
0.0324923
0.00545358
0.011935
0.0554419
0.071975
0.0824922
0.121118
0.159797
0.0967798
0.01164
-0.0281237
-0.0574106
-0.0481856
-0.011774
0.0146473
0.0288262
0.0187695
0.0152425
0.0255465
0.0340832
0.0324517
-0.000336663
-0.0303389
-0.0323469
-0.03635
-0.04444
-0.0501834
-0.0487277
-0.0210941
0.00994171
0.0290352
0.0102346
-0.0167531
-0.0189254
-0.00391907
0.00612337
0.0186722
0.0254416
0.0213315
0.0197671
0.010807
-0.0137919
-0.0244968
-0.00543223
0.00608206
-0.0111945
-0.027417
-0.00678858
0.0367864
0.0473516
0.0505915
0.0555937
0.0338295
0.00982356
-0.00900902
-0.0312554
-0.0390084
-0.0178919
-0.00282701
0.00415664
0.000730635
-0.0264806
-0.0347582
-0.0235171
-0.020787
-0.0285333
-0.0411342
-0.0169222
0.012294
-0.00954739
-0.0419241
-0.0406249
-0.0349915
-0.0141849
0.0299936
0.0518938
0.0549356
0.0697248
0.0832413
0.0620069
0.022079
0.0466024
0.083581
0.0956606
0.082617
0.0593858
0.0179953
-0.0185306
-0.0354134
-0.0374038
-0.00632304
0.0212939
0.0407737
0.0309267
0.0117818
-0.00878669
-0.0286146
-0.0207215
-0.0190591
-0.0530312
-0.0798268
-0.0910752
-0.109021
-0.102598
-0.0561531
-0.019126
0.0028921
-0.000228731
-0.00375824
-0.00600334
-0.00947783
-0.0137388
-0.0420639
-0.0567816
-0.0418852
-0.0491261
-0.0510908
-0.0181572
0.00493571
-0.0106297
-0.019528
-0.00308993
0.0264947
0.0449182
0.06914
0.103145
0.113873
0.0873006
0.0655083
0.047847
0.0655702
0.0969709
0.061048
0.0174857
0.000577262
-0.00940073
-0.0113239
0.000161692
0.00879726
0.00192009
-0.0164143
-0.0293223
-0.0430021
-0.0601885
-0.0528616
-0.0498254
-0.0785604
-0.0973596
-0.0838899
-0.069773
-0.0669531
-0.065617
-0.0340273
0.00446728
0.028115
0.0279728
0.0254417
0.0282482
0.0348867
0.0457379
0.0422755
0.0224548
0.0265163
0.0579678
0.05442
0.0461778
0.0580122
0.072061
0.0814387
0.0549526
0.0198857
-0.0123268
-0.0556778
-0.0951949
-0.0970544
-0.0954032
-0.145808
-0.177555
-0.167795
-0.165997
-0.153258
-0.0821914
-0.000668854
0.0542506
0.0826191
0.0852139
0.0576573
0.0405933
0.0875488
0.155585
0.191635
0.190514
0.147314
0.0987672
0.0359577
0.00561087
-0.0174313
-0.058583
-0.104189
-0.160676
-0.189968
-0.20925
-0.234778
-0.21833
-0.156268
-0.0995623
-0.0545577
-0.0697474
-0.0982361
-0.14414
-0.18087
-0.194081
-0.215037
-0.228762
-0.191235
-0.150103
-0.138077
-0.125492
-0.135368
-0.158106
-0.200674
-0.246482
-0.231115
-0.181491
-0.137764
-0.0607823
0.0441751
0.182143
0.353004
0.543485
0.705955
0.782873
0.826397
0.862434
0.845312
0.821721
0.754296
0.646421
0.537712
0.396985
0.257088
0.137162
0.13317
0.163418
0.12729
0.0568357
-0.00521729
-0.0966767
-0.209377
-0.347485
-0.449079
-0.498541
-0.532647
-0.463162
-0.341618
-0.188112
-0.0729569
-0.0422597
-0.132315
-0.198899
-0.207873
-0.210422
-0.267416
-0.347516
-0.410223
-0.474527
-0.456608
-0.327515
-0.176334
-0.0294824
0.0575468
0.134968
0.208246
0.244767
0.193098
0.129987
0.164845
0.262996
0.335534
0.373898
0.360402
0.274651
0.151094
0.000623783
-0.0893621
-0.165127
-0.234864
-0.283966
-0.31818
-0.362355
-0.379266
-0.313922
-0.247656
-0.192436
-0.151688
-0.130687
-0.132279
-0.130285
-0.059979
0.0179274
0.104165
0.194252
0.254142
0.235906
0.146555
0.085439
0.0739596
0.0701464
0.0720624
0.0910819
0.0870698
0.0503766
0.0482959
0.13375
0.246924
0.363291
0.426146
0.46994
0.533108
0.556111
0.504926
0.430196
0.294144
0.0831671
-0.0614167
-0.177523
-0.320466
-0.409271
-0.439491
-0.485673
-0.531175
-0.569808
-0.593007
-0.543599
-0.407843
-0.258879
-0.116196
0.0178319
0.165608
0.283476
0.336338
0.354243
0.332391
0.320384
0.274454
0.0980926
-0.117882
-0.280953
-0.431345
-0.57191
-0.683984
-0.743959
-0.721776
-0.631903
-0.444728
-0.202261
0.0672243
0.246974
0.396475
0.519731
0.588902
0.600194
0.588897
0.608406
0.600581
0.620835
0.667628
0.65972
0.557001
0.414636
0.263584
0.163418
0.12706
0.0151147
-0.13877
-0.267913
-0.318797
-0.31318
-0.267744
-0.171481
-0.0151489
0.108465
0.185377
0.231921
0.205295
0.127206
0.0444482
-0.031738
-0.0437558
0.0329105
0.158489
0.134884
0.0208843
-0.0768405
-0.173767
-0.196464
-0.120351
-0.0630105
-0.0143075
0.0406142
0.0702867
0.0269096
-0.0303745
-0.0553672
-0.0521809
0.0222734
0.138619
0.204775
0.200172
0.169769
0.117547
-0.0175877
-0.200347
-0.382131
-0.556974
-0.702201
-0.782776
-0.700349
-0.494122
-0.326318
-0.264154
-0.23365
-0.264139
-0.32969
-0.407235
-0.428537
-0.411981
-0.370902
-0.284065
-0.2733
-0.329504
-0.358418
-0.365506
-0.398092
-0.441686
-0.471357
-0.537965
-0.607362
-0.562163
-0.480943
-0.373067
-0.171357
0.0873472
0.309192
0.42131
0.488082
0.573387
0.595118
0.510951
0.415729
0.348107
0.407072
0.526178
0.650444
0.722015
0.686104
0.522361
0.304577
0.0642449
-0.184304
-0.431913
-0.562366
-0.611532
-0.690687
-0.770929
-0.817649
-0.827234
-0.829833
-0.831808
-0.774548
-0.677063
-0.590808
-0.50252
-0.378342
-0.264076
-0.143382
-0.00460236
0.160067
0.351587
0.516278
0.652551
0.779378
0.898332
0.997543
1.06176
1.07067
1.03734
0.991269
0.986304
0.999207
1.01753
1.01986
0.993095
0.979421
0.979692
0.916734
0.827061
0.711935
0.540825
0.387672
0.276505
0.155537
0.0639153
0.0108628
-0.072399
-0.156231
-0.230468
-0.279875
-0.313325
-0.365879
-0.424496
-0.503866
-0.524437
-0.458804
-0.376994
-0.294337
-0.2245
-0.193185
-0.1889
-0.217993
-0.247707
-0.297405
-0.339658
-0.285357
-0.180325
-0.0646396
0.0372979
0.121896
0.18274
0.180031
0.104015
-0.0487844
-0.181608
-0.270841
-0.318912
-0.257491
-0.0879224
0.0666638
0.196363
0.294571
0.369268
0.359628
0.205046
0.00195256
-0.249068
-0.440511
-0.538914
-0.584429
-0.673814
-0.709728
-0.595369
-0.441728
-0.371728
-0.370755
-0.408587
-0.461546
-0.394837
-0.302655
-0.234234
-0.166137
-0.0421588
0.0322555
0.0618251
0.09331
0.141095
0.156166
0.192852
0.294618
0.354864
0.392282
0.468173
0.509814
0.566635
0.64996
0.7041
0.741838
0.781679
0.782263
0.668489
0.526168
0.402303
0.331642
0.315316
0.36277
0.48148
0.586583
0.579335
0.501846
0.380988
0.232766
0.148791
0.120379
0.0412234
-0.0849516
-0.213089
-0.314606
-0.380499
-0.428722
-0.468723
-0.510335
-0.562717
-0.620872
-0.697865
-0.78904
-0.867322
-0.889256
-0.785888
-0.598383
-0.310488
-0.0937734
-0.0415948
-0.00707058
-0.0372953
-0.0989539
-0.173202
-0.248332
-0.29143
-0.268107
-0.209732
-0.121461
-0.0620095
-0.0268316
0.00430526
-0.007754
-0.0274401
-0.0319828
-0.0172991
-0.00100754
-0.0258809
-0.088718
-0.150423
-0.195681
-0.201515
-0.18466
-0.163428
-0.131801
-0.0942732
-0.0589737
-0.032642
-0.0512576
-0.109159
-0.207332
-0.31162
-0.391556
-0.382249
-0.309629
-0.248256
-0.208372
-0.183569
-0.185987
-0.230236
-0.297377
-0.359141
-0.406656
-0.384664
-0.321367
-0.239473
-0.155654
-0.106484
-0.0721217
-0.0193527
0.0530414
0.0936461
0.102977
0.168964
0.285034
0.40612
0.480288
0.501675
0.516334
0.542547
0.538077
0.507083
0.489501
0.478728
0.440658
0.374308
0.3235
0.325107
0.361637
0.409111
0.459799
0.492516
0.505313
0.473703
0.364113
0.200194
0.0317173
-0.090542
-0.140867
-0.082482
-0.0662055
-0.0268883
0.00404637
0.0140875
0.0523304
0.0873158
0.11
0.123458
0.13519
0.152836
0.167861
0.0963965
-0.0101314
-0.0851053
-0.141069
-0.149831
-0.13298
-0.122653
-0.157847
-0.235602
-0.402754
-0.558739
-0.666777
-0.726041
-0.730208
-0.674146
-0.567842
-0.443835
-0.382904
-0.327987
-0.290146
-0.240408
-0.156219
-0.0653767
0.024777
0.101942
0.145514
0.153301
0.133793
0.0961568
0.060781
0.0412217
0.0409398
0.0563176
0.0695773
0.0697819
0.0834327
0.131677
0.163622
0.214127
0.281979
0.336262
0.388763
0.424604
0.446874
0.461249
0.464088
0.461994
0.435037
0.429392
0.439226
0.441868
0.419948
0.398243
0.369935
0.291929
0.179565
0.0386332
-0.0636006
-0.125495
-0.194556
-0.260745
-0.288306
-0.246646
-0.183521
-0.101454
-0.0351892
-0.0159182
-0.00837783
0.00129999
0.0493605
0.122537
0.182214
0.203484
0.217904
0.204884
0.174643
0.190282
0.250109
0.313853
0.390528
0.412113
0.344652
0.290779
0.239703
0.198697
0.180381
0.158688
0.125934
0.0675475
0.0110745
-0.0183662
-0.0226551
0.0278618
0.121818
0.205691
0.264946
0.305104
0.329811
0.325029
0.263598
0.164977
0.0717783
0.0223156
-0.0107445
-0.0530541
-0.106754
-0.177039
-0.247336
-0.304124
-0.343203
-0.371965
-0.383301
-0.34332
-0.272222
-0.217561
-0.198615
-0.184249
-0.165139
-0.178675
-0.219483
-0.274022
-0.351469
-0.401764
-0.414969
-0.384335
-0.342868
-0.283987
-0.182858
-0.0966989
-0.0449451
-0.0160005
0.0467146
0.0913497
0.12598
0.174818
0.214995
0.203121
0.142231
0.0917106
0.0759567
0.109211
0.151156
0.173246
0.152685
0.09369
-0.00444234
-0.097593
-0.138193
-0.144832
-0.153617
-0.171336
-0.20881
-0.252212
-0.301927
-0.351379
-0.392647
-0.41674
-0.411867
-0.396382
-0.388806
-0.384212
-0.383487
-0.383766
-0.388457
-0.370765
-0.332647
-0.311913
-0.302156
-0.309614
-0.339924
-0.385202
-0.454554
-0.472349
-0.406919
-0.34236
-0.276398
-0.207948
-0.156822
-0.115977
-0.0834275
-0.0711967
-0.0437616
0.0201322
0.0913322
0.168045
0.210458
0.228979
0.254928
0.285421
0.297764
0.260386
0.171145
0.091939
0.0628955
0.0619394
0.081459
0.114591
0.168525
0.235165
0.299557
0.332088
0.314954
0.287198
0.296245
0.315682
0.325008
0.327204
0.321743
0.322583
0.335413
0.33477
0.306397
0.267454
0.221333
0.164553
0.0933171
0.00305467
-0.0562696
-0.0657774
-0.0590966
-0.0715033
-0.116838
-0.176336
-0.171635
-0.11598
-0.0861724
-0.0888441
-0.0924507
-0.0782777
-0.0533496
-0.0189025
0.0222929
0.050605
0.0660338
0.053875
0.00694918
-0.0602806
-0.122451
-0.135954
-0.10499
-0.0812234
-0.0672096
-0.0487951
-0.00465098
0.045325
0.0745219
0.0664734
0.0525133
0.0379897
0.012708
-0.0247335
-0.0899255
-0.181719
-0.25448
-0.290108
-0.31696
-0.334261
-0.316312
-0.274243
-0.235896
-0.201756
-0.180971
-0.180582
-0.195481
-0.241702
-0.291061
-0.310353
-0.356078
-0.41828
-0.449194
-0.479576
-0.480371
-0.428183
-0.363993
-0.304294
-0.23906
-0.166613
-0.0875904
-0.0359672
-0.0100579
-0.0321235
-0.0615598
-0.0303044
0.0233057
0.069565
0.118942
0.160317
0.188275
0.220326
0.265286
0.289642
0.282832
0.279395
0.293128
0.31372
0.324243
0.310263
0.305639
0.346806
0.414745
0.462282
0.511133
0.541755
0.547947
0.561293
0.583555
0.59931
0.611208
0.610778
0.588289
0.553058
0.51448
0.472983
0.449374
0.422586
0.381552
0.340506
0.322338
0.330322
0.338926
0.34376
0.330774
0.296049
0.258646
0.211285
0.162046
0.139419
0.118954
0.0812946
0.00587934
-0.0779642
-0.130607
-0.177933
-0.21959
-0.272853
-0.33493
-0.388066
-0.43238
-0.472209
-0.515263
-0.537573
-0.527087
-0.518224
-0.526255
-0.537735
-0.534871
-0.499423
-0.452672
-0.409947
-0.367897
-0.332342
-0.296489
-0.258825
-0.226389
-0.199415
-0.170334
-0.140781
-0.110158
-0.0750285
-0.0312477
0.0292721
0.0943071
0.133989
0.150905
0.142187
0.1107
0.0681708
0.0553922
0.0741864
0.104093
0.136844
0.166497
0.190317
0.210831
0.242028
0.277574
0.304469
0.309489
0.307201
0.287519
0.25306
0.227421
0.237877
0.256358
0.25106
0.225694
0.19399
0.162635
0.137501
0.116622
0.101235
0.108263
0.127535
0.143026
0.146974
0.147885
0.150164
0.146327
0.125032
0.0955393
0.0832585
0.0806429
0.0769063
0.0745412
0.0727579
0.0689534
0.0651625
0.061325
0.0540348
0.0404709
0.0188879
0.00127948
-0.0132611
-0.0322154
-0.0652864
-0.103203
-0.123303
-0.138529
-0.167734
-0.220477
-0.278955
-0.338341
-0.394227
-0.44306
-0.464575
-0.463731
-0.449733
-0.423053
-0.396678
-0.375361
-0.364896
-0.356036
-0.332939
-0.281102
-0.229512
-0.185772
-0.138941
-0.0996747
-0.0668279
-0.0482806
-0.0379377
-0.0250476
-0.0136817
-0.00234528
0.0113422
0.0247864
0.038038
0.0516993
0.0636906
0.0717814
0.0791915
0.0851155
0.0912867
0.10592
0.125037
0.142735
0.15369
0.147706
0.124486
0.108117
0.103313
0.0962342
0.0843893
0.0774679
0.0723941
0.0636416
0.0512757
0.0256539
-0.0219905
-0.0628898
-0.105912
-0.123434
-0.1178
-0.12052
-0.116157
-0.119443
-0.131524
-0.130491
-0.124391
-0.121345
-0.117821
-0.108713
-0.0960312
-0.0873699
-0.0932497
-0.112512
-0.126077
-0.130803
-0.130621
-0.131605
-0.131647
-0.130904
-0.125573
-0.115232
-0.100676
-0.0856292
-0.0737908
-0.0611724
-0.0450556
-0.016967
0.0255685
0.0709926
0.116777
0.162585
0.182471
0.18198
0.183076
0.183573
0.188437
0.199772
0.215387
0.230731
0.239683
0.228334
0.207779
0.186032
0.170543
0.17335
0.17777
0.164699
0.137492
0.106701
0.0698962
0.0331067
-0.00096456
-0.0201237
-0.0215493
-0.0210515
-0.0245226
-0.0331765
-0.0499942
-0.0749256
-0.114327
-0.153401
-0.165191
-0.165774
-0.15606
-0.131926
-0.107575
-0.0830742
-0.0607431
-0.0627699
-0.0843988
-0.0912797
-0.0903509
-0.0625424
-0.0240303
0.00936033
0.0426012
0.0590725
0.0479827
0.0330869
0.01862
0.00430648
-0.00523684
-0.0249071
-0.0655712
-0.10055
-0.115833
-0.13013
-0.142179
-0.146041
-0.13602
-0.122412
-0.109059
-0.10392
-0.115816
-0.1129
-0.0876723
-0.0523267
-0.0184405
-0.00112269
0.00701287
0.0152853
0.0269504
0.0416116
0.045645
0.0358611
0.0233158
0.0121461
0.00376943
-0.00675753
-0.0443955
-0.083565
-0.111485
-0.125878
-0.113776
-0.0915939
-0.0586072
-0.0224478
0.015518
0.0608552
0.105635
0.150318
0.200174
0.250821
0.291249
0.313786
0.332614
0.343358
0.33503
0.306372
0.274543
0.266129
0.271794
0.271567
0.254329
0.23077
0.211899
0.196639
0.17875
0.148309
0.12239
0.118945
0.115233
0.111486
0.110521
0.106121
0.0904436
0.076369
0.0658956
0.0602497
0.0570657
0.0568012
0.0600561
0.0671434
0.0758015
0.0843098
0.0942383
0.113897
0.135178
0.134821
0.121811
0.119497
0.128983
0.148864
0.172434
0.193676
0.194944
0.192951
0.195861
0.195044
0.195092
0.200544
0.206512
0.210067
0.207656
0.192647
0.165808
0.138038
0.106798
0.0725037
0.0332485
-0.0101598
-0.0544328
-0.0876126
-0.108329
-0.120023
-0.130365
-0.140661
-0.148924
-0.157238
-0.172416
-0.190718
-0.20507
-0.22018
-0.236278
-0.249438
-0.258522
-0.267149
-0.27363
-0.278378
-0.284275
-0.297142
-0.321335
-0.349887
-0.376885
-0.400154
-0.409445
-0.40087
-0.389108
-0.378148
-0.366304
-0.357725
-0.360465
-0.360892
-0.344636
-0.322281
-0.300543
-0.277953
-0.247736
-0.215268
-0.192112
-0.172218
-0.153381
-0.140823
-0.128166
-0.114565
-0.107337
-0.0988322
-0.0828411
-0.0630512
-0.0411007
-0.0254877
-0.0211898
-0.0194615
-0.0124782
0.00908401
0.0279982
0.0379642
0.0480542
0.054611
0.058777
0.0712857
0.0951679
0.110719
0.124016
0.132156
0.129239
0.120328
0.111079
0.0994416
0.0841798
0.0685829
0.0513019
0.0390826
0.0407637
0.0523661
0.0630701
0.0558141
0.0466612
0.0472172
0.0562498
0.0864983
0.117823
0.146971
0.175635
0.175672
0.16269
0.150263
0.137521
0.11795
0.0895091
0.0774619
0.082212
0.0940169
0.11687
0.136465
0.13992
0.133286
0.115221
0.0855117
0.0591992
0.0329468
0.00426659
-0.0285044
-0.0638752
-0.0824719
-0.0873183
-0.0940246
-0.10155
-0.129601
-0.162488
-0.185274
-0.207095
-0.214326
-0.211797
-0.204089
-0.196947
-0.19036
-0.186176
-0.180956
-0.169083
-0.150464
-0.127015
-0.103531
-0.0862129
-0.0801844
-0.0799317
-0.0793627
-0.0801747
-0.0893045
-0.102454
-0.110086
-0.115687
-0.127998
-0.150398
-0.176568
-0.189014
-0.182039
-0.159829
-0.133619
-0.108351
-0.0823859
-0.062189
-0.0460398
-0.033655
-0.0236828
-0.0178387
-0.00248925
0.0232797
0.0411383
0.0607688
0.0757702
0.0782757
0.0824009
0.0854572
0.0904292
0.0988019
0.104996
0.110919
0.116554
0.122407
0.144376
0.174852
0.208865
0.243545
0.265753
0.283616
0.308336
0.321312
0.320936
0.316479
0.307642
0.297339
0.286967
0.276211
0.266102
0.256303
0.247854
0.242521
0.236949
0.230798
0.223996
0.217329
0.213779
0.21152
0.208369
0.201649
0.190678
0.179618
0.171488
0.164103
0.148681
0.122022
0.0874958
0.0525936
0.0163417
-0.00694988
-0.010555
-0.0128839
-0.0137452
-0.00801161
-0.00754133
-0.011501
-0.0125384
-0.018308
-0.0300358
-0.0389153
-0.0453967
-0.0496093
-0.0526365
-0.0580692
-0.0570439
-0.0468747
-0.0370618
-0.0200326
0.0031862
0.023311
0.0382305
0.0451183
0.0493582
0.0500089
0.0300719
0.00747611
-0.0046822
-0.00907932
-0.0125136
-0.0147275
-0.0251497
-0.0421415
-0.0459446
-0.04714
-0.0506838
-0.0477372
-0.0429013
-0.04503
-0.0562752
-0.0660308
-0.0633233
-0.0481232
-0.0247392
0.00281727
0.0206104
0.0269988
0.0305166
0.0256102
0.0165523
0.00326155
-0.0161208
-0.0400172
-0.064144
-0.078277
-0.0923001
-0.109153
-0.11719
-0.107354
-0.0944163
-0.0805473
-0.0641741
-0.0563392
-0.0505818
-0.0406925
-0.0297052
-0.0141293
-0.00175865
-0.00175013
-0.00891411
-0.0137253
-0.016977
-0.0212319
-0.0216524
-0.0209668
-0.0221938
-0.0323875
-0.0483103
-0.0629296
-0.0708343
-0.0750782
-0.0700872
-0.0500668
-0.0238416
-0.00198215
0.0161615
0.0358809
0.0560774
0.0734538
0.0874121
0.0969635
0.0930494
0.0802523
0.0692758
0.0584183
0.0469995
0.0339015
0.0102554
-0.0153078
-0.0358051
-0.0525515
-0.0583159
-0.0561727
-0.0529092
-0.0481026
-0.0411265
-0.034791
-0.0285766
-0.0240064
-0.0208512
-0.0167429
-0.00827122
0.00824105
0.0230187
0.0331598
0.0394033
0.0379449
0.0279386
0.00824646
-0.0150396
-0.0442018
-0.07677
-0.109062
-0.133691
-0.147902
-0.148697
-0.141283
-0.137817
-0.134363
-0.128482
-0.121618
-0.114547
-0.102859
-0.0898562
-0.0821315
-0.0824451
-0.0847961
-0.0874056
-0.0821498
-0.074647
-0.0746454
-0.0812948
-0.0908244
-0.0977474
-0.0910405
-0.0772945
-0.0633556
-0.0444038
-0.0217458
0.000478484
0.0193106
0.00952655
-0.00677478
-0.0167062
-0.0300467
-0.0400263
-0.0434378
-0.0412434
-0.0352565
-0.0280431
-0.0219276
-0.0349955
-0.0562438
-0.0731931
-0.0811757
-0.0738596
-0.063398
-0.0549413
-0.0446283
-0.0356936
-0.0257862
-0.00411586
0.0105743
0.00514712
-0.014145
-0.0357172
-0.0621117
-0.0928819
-0.114162
-0.125013
-0.135708
-0.128615
-0.113649
-0.10569
-0.10406
-0.102513
-0.0946678
-0.0798122
-0.0626196
-0.0459049
-0.0283465
-0.0102315
0.00769361
0.0235877
0.0355527
0.0402923
0.0407423
0.0415534
0.0480944
0.0627309
0.0786415
0.0944617
0.105956
0.108862
0.105142
0.102382
0.0984639
0.093862
0.0904886
0.0886124
0.0879122
0.0913274
0.093772
0.0890221
0.0780204
0.0639591
0.0506304
0.0484246
0.0631531
0.0802715
0.0912032
0.0893139
0.0719023
0.0536454
0.038201
0.0245358
0.0223516
0.0265344
0.0296833
0.0312625
0.0294294
0.0313693
0.0420736
0.051868
0.0584439
0.0655007
0.0687671
0.0660237
0.0603692
0.0573709
0.0620877
0.0741161
0.0873004
0.0999705
0.110642
0.109511
0.101614
0.0885472
0.072934
0.0552118
0.0349288
0.0113976
-0.0111601
-0.0209069
-0.0176773
-0.0136073
-0.0130578
-0.0215717
-0.0360895
-0.040752
-0.0282247
-0.0133185
-0.0054164
-0.0137758
-0.0351154
-0.0518497
-0.0664234
-0.0764454
-0.0809877
-0.0748977
-0.0601159
-0.0383095
-0.0207013
-0.0100976
0.00357395
0.0227811
0.0398
0.0478646
0.0533483
0.0434686
0.0256425
0.0136015
0.00362877
0.00298938
0.0171603
0.0283754
0.0344307
0.0377767
0.0353024
0.0184632
-0.000847513
-0.00358812
0.0105702
0.0196113
0.0276592
0.0389023
0.0499291
0.0613751
0.0760899
0.0941667
0.108547
0.118945
0.123827
0.123443
0.120507
0.117648
0.11387
0.10927
0.100578
0.0893339
0.0828473
0.0776438
0.0721016
0.0680883
0.0645391
0.0613469
0.0582211
0.0550945
0.0531916
0.0532124
0.0528948
0.0532615
0.0544626
0.0553533
0.0541375
0.0458248
0.0313115
0.00903905
-0.00672691
-0.00787679
-0.00979016
-0.0136936
-0.0170141
-0.0137337
-0.0074585
-0.0150496
-0.0353558
-0.0592797
-0.0737087
-0.0824809
-0.0881395
-0.0899738
-0.0926297
-0.0967865
-0.101937
-0.103806
-0.100681
-0.0979669
-0.0946743
-0.0931894
-0.09886
-0.0980292
-0.0927596
-0.0766646
-0.0532434
-0.0321406
-0.00932298
0.00851268
0.0109765
0.00595563
-5.70398e-05
-0.00607471
-0.0109497
-0.00264707
0.0110177
0.0173828
0.0239652
0.0232755
0.0108829
0.000768984
-0.0132464
-0.0295751
-0.0401312
-0.0476052
-0.0555752
-0.0596726
-0.0507808
-0.0340902
-0.0164785
0.00463338
0.0138236
0.0135774
0.012251
0.000881341
-0.0163952
-0.0297636
-0.0364401
-0.0378311
-0.0346325
-0.0316631
-0.0283024
-0.024311
-0.0206418
-0.0169412
-0.0144562
-0.0163848
-0.0187711
-0.0197263
-0.0135668
-0.00507455
0.00200207
0.0060794
0.00216323
-0.00140187
-0.00202788
0.00111546
0.00421867
0.00728076
0.00833304
0.00516161
0.00230336
-0.00734218
-0.0253713
-0.043614
-0.0619728
-0.0793423
-0.0926677
-0.102775
-0.104498
-0.105263
-0.102497
-0.0946652
-0.0890972
-0.0855807
-0.0821693
-0.0814021
-0.0810098
-0.075464
-0.0647126
-0.0555354
-0.0503583
-0.048832
-0.051026
-0.0563853
-0.0607229
-0.0599664
-0.0562045
-0.0554442
-0.0593346
-0.0643374
-0.058902
-0.0471213
-0.0325117
-0.0146427
0.00853137
0.0318684
0.0523653
0.0692119
0.0744964
0.0650328
0.0576181
0.0485482
0.0378025
0.0276452
0.0175
0.00757991
0.000258817
0.00139796
0.00185071
-0.00276213
-0.00203991
0.012517
0.0245394
0.027438
0.0355549
0.0545594
0.0732362
0.0917175
0.113201
0.13391
0.14829
0.157704
0.163564
0.162049
0.154039
0.143584
0.129013
0.11159
0.0937757
0.0749671
0.0734807
0.0805087
0.0857671
0.0851261
0.077095
0.0681687
0.0684555
0.0757007
0.0838077
0.0915859
0.100362
0.110435
0.110119
0.099117
0.0819365
0.0607723
0.039131
0.0199765
0.0031718
0.0027095
0.00659963
0.00617886
0.00697177
0.00664284
0.00329422
-8.59e-07
0.000298643
0.00168499
-0.0111394
-0.0295154
-0.0442552
-0.0602529
-0.0729802
-0.0727693
-0.0666598
-0.057709
-0.0503895
-0.0451796
-0.0474073
-0.0531214
-0.0610869
-0.0711985
-0.0815161
-0.0906123
-0.097396
-0.10056
-0.100906
-0.0987293
-0.095438
-0.0923203
-0.0988407
-0.111289
-0.119852
-0.129428
-0.140896
-0.151455
-0.161121
-0.17164
-0.184372
-0.181425
-0.164124
-0.153501
-0.144093
-0.135739
-0.131863
-0.127127
-0.121549
-0.115437
-0.0998808
-0.0800492
-0.0642986
-0.0523848
-0.0450914
-0.0440304
-0.0486006
-0.0610424
-0.0716185
-0.0809816
-0.0916991
-0.10311
-0.113218
-0.118454
-0.117353
-0.107264
-0.0983039
-0.0870861
-0.0700445
-0.0440833
-0.0135476
0.0155009
0.0421582
0.0626144
0.0724081
0.0750285
0.0780091
0.0781361
0.0781232
0.079451
0.0808808
0.0796825
0.0737652
0.0689137
0.0658089
0.060943
0.0450843
0.0269512
0.0157409
0.00945606
0.00653122
0.0106542
0.0167948
0.0242512
0.0448084
0.0672725
0.0793025
0.0839734
0.0721483
0.0547869
0.0417281
0.0320124
0.0273069
0.0220677
0.0188023
0.0217525
0.0332566
0.0464644
0.0560844
0.0577103
0.0514435
0.0450227
0.0497605
0.0668132
0.0814231
0.0973749
0.114722
0.130927
0.146734
0.157092
0.159732
0.15532
0.146092
0.132656
0.114568
0.099504
0.0907566
0.0873158
0.0887324
0.0959454
0.105328
0.11143
0.110388
0.108926
0.109845
0.11039
0.113917
0.119253
0.119069
0.107663
0.0987743
0.0967526
0.0932753
0.0913443
0.0923306
0.0923616
0.0928175
0.096787
0.101393
0.105174
0.108393
0.107759
0.100071
0.0932472
0.0901434
0.087874
0.0783482
0.0632079
0.0494214
0.0350213
0.0216536
0.0143597
0.0152088
0.0155014
0.018357
0.0219147
0.0187453
0.0106867
0.00438968
-0.0025841
-0.00994455
-0.0163618
-0.022317
-0.0216276
-0.0162961
-0.0112808
-0.00617738
-0.0113555
-0.0220993
-0.0335335
-0.0470163
-0.0606223
-0.0745723
-0.0837946
-0.0826896
-0.0758319
-0.0640627
-0.0429162
-0.0229958
-0.0161032
-0.0139238
-0.0228909
-0.0355884
-0.0459708
-0.0511122
-0.056471
-0.0640218
-0.0718364
-0.0773665
-0.0799185
-0.0750438
-0.0699385
-0.0744745
-0.0845338
-0.0977783
-0.106424
-0.106584
-0.105114
-0.104013
-0.102135
-0.100313
-0.0976473
-0.0939406
-0.0906977
-0.0882809
-0.0883606
-0.0954232
-0.107318
-0.123007
-0.131762
-0.141182
-0.148123
-0.150215
-0.148226
-0.139305
-0.128537
-0.120679
-0.113611
-0.105222
-0.0945457
-0.0836014
-0.072687
-0.0611542
-0.0497412
-0.0386038
-0.0289382
-0.0197763
-0.0105986
-0.00451419
-0.000371278
0.00313399
0.00506366
0.00988352
0.0196936
0.0219232
0.0180008
0.017014
0.0171877
0.0174744
0.0216587
0.0301597
0.0481873
0.0650925
0.0771071
0.087586
0.0838053
0.0641559
0.0460798
0.035058
0.0273574
0.0236665
0.0177409
0.00573547
-0.00385418
-0.00898547
-0.00332776
0.00555018
0.012554
0.0213539
0.0313683
0.0396378
0.0436946
0.0415803
0.0280193
0.0140933
0.00586409
0.00449657
0.00303898
0.00284024
0.00321358
0.00444376
0.00999267
0.0174635
0.0278677
0.0373162
0.0449222
0.0531171
0.0612778
0.069298
0.0712345
0.0644118
0.0550865
0.0468486
0.0370062
0.0263078
0.0170456
0.0100257
0.00354486
-0.00156387
-0.00612687
-0.0119373
-0.0142194
-0.0092674
-0.00592867
-0.00656962
-0.0129973
-0.0230546
-0.0299535
-0.0342625
-0.0351366
-0.0339676
-0.0325207
-0.0300705
-0.0223083
-0.0132581
-0.00430623
0.00744622
0.0184453
0.02596
0.0318172
0.0362402
0.0378615
0.0374887
0.034897
0.0292534
0.0208239
0.013988
0.0062041
-0.00800797
-0.0217776
-0.0324695
-0.0461579
-0.0614841
-0.0700897
-0.0730677
-0.0732992
-0.0707664
-0.0649058
-0.0581995
-0.0491465
-0.040912
-0.0338764
-0.027351
-0.0225801
-0.0208203
-0.0216873
-0.0226678
-0.0240304
-0.0258841
-0.0277455
-0.027235
-0.0241689
-0.0220539
-0.0220981
-0.0224335
-0.0211441
-0.0138152
-0.00546061
-0.000430151
-0.00151233
-0.00330298
-0.0044203
-0.0057978
-0.00297351
0.00103463
0.00444872
0.00948691
0.0137011
0.0152763
0.0157495
0.0154652
0.0152129
0.0174195
0.0223155
0.0265584
0.0312325
0.035816
0.0390003
0.0410468
0.0429522
0.0426755
0.0410628
0.0400613
0.0399436
0.0403223
0.0403992
0.0397502
0.0384815
0.0374106
0.0371302
0.0370683
0.0367456
0.0362953
0.0338947
0.0299412
0.0266959
0.0239873
0.0228882
0.0223325
0.021972
0.0216807
0.0212639
0.0201373
0.0174902
0.0149917
0.0127797
0.0105337
0.00850975
0.00666832
0.00494299
0.00346342
0.00225527
0.00109172
-7.45892e-05
-0.00112971
-0.0020028
-0.00224722
-0.00232852
-0.00260703
-0.0030648
-0.00342632
-0.00312422
-0.00274345
-0.00255436
-0.00238342
-0.0029559
-0.00404667
-0.00462075
-0.00501178
-0.00538838
-0.00512853
-0.00471606
-0.00468897
-0.00468315
-0.00464382
-0.0047688
-0.00498268
-0.00512784
-0.00526335
-0.00537938
-0.00548154
-0.00560008
-0.0056671
-0.00560541
-0.00550479
-0.00540921
-0.00528898
-0.00517999
-0.00508259
-0.00498156
-0.00486266
-0.00475064
-0.00465285
-0.00457873
-0.00451744
-0.00446051
-0.00440478
-0.00433924
-0.00428018
-0.00421762
-0.0041375
-0.00404544
-0.00394502
-0.00383746
-0.00372037
-0.00359499
-0.00347074
-0.00334745
-0.0032245
-0.00310111
-0.00297732
-0.00285392
-0.00272998
-0.00260578
-0.00248465
-0.00236572
-0.00224891
-0.0021341
-0.00202092
-0.0019096
-0.00179963
-0.00169111
-0.00158423
-0.00147901
-0.00137555
-0.00127398
-0.00117438
-0.00107685
-0.000981522
-0.000888322
-0.000797216
-0.000708259
-0.000621502
-0.00053698
-0.000454727
-0.000374773
-0.000297142
-0.000221859
-0.000148945
-7.84202e-05
-1.03019e-05
5.5394e-05
0.000118654
0
0
0
