-0.0141224
-0.0141088
-0.0140957
-0.0140826
-0.0140694
-0.0140562
-0.0140432
-0.0140303
-0.0140172
-0.0140042
-0.0139912
-0.0139784
-0.0139651
-0.0139524
-0.0139394
-0.0139262
-0.0139128
-0.0138988
-0.0138846
-0.0138707
-0.0138579
-0.0138461
-0.0138346
-0.0138242
-0.0138132
-0.0138012
-0.0137865
-0.0137723
-0.0137587
-0.0137455
-0.0137286
-0.0137107
-0.0136963
-0.0136901
-0.0136869
-0.0136862
-0.0136832
-0.0136713
-0.013643
-0.0136144
-0.0135962
-0.013584
-0.0135664
-0.0135579
-0.0135638
-0.0135732
-0.0135668
-0.013555
-0.0135416
-0.0135258
-0.0135048
-0.0134879
-0.0134603
-0.0134247
-0.0134049
-0.0134189
-0.0134294
-0.0134255
-0.0134365
-0.013473
-0.0134808
-0.0134543
-0.0134148
-0.0133546
-0.0132339
-0.013088
-0.0129622
-0.0128945
-0.0129163
-0.013033
-0.0131739
-0.0133046
-0.0133075
-0.0131354
-0.0130201
-0.0131196
-0.0132437
-0.0132373
-0.013133
-0.0130225
-0.0129379
-0.0129374
-0.0129405
-0.0128162
-0.0126405
-0.0126489
-0.0128206
-0.0130138
-0.0131896
-0.0133901
-0.0135635
-0.013736
-0.0139175
-0.0140326
-0.0140115
-0.0138823
-0.0136581
-0.0135017
-0.0134295
-0.0131672
-0.0125657
-0.0119506
-0.0116674
-0.0117291
-0.0118084
-0.0117609
-0.0117253
-0.0118407
-0.0117929
-0.0112832
-0.0106204
-0.0106831
-0.0117506
-0.013252
-0.0145033
-0.0152334
-0.0150782
-0.0139807
-0.01245
-0.0111063
-0.010279
-0.010111
-0.0103694
-0.0110821
-0.0126492
-0.0149774
-0.0168913
-0.0175828
-0.017476
-0.017205
-0.0166744
-0.0156464
-0.013896
-0.0117064
-0.00963421
-0.00804496
-0.0063103
-0.0040388
-0.00208369
-0.0022653
-0.00549597
-0.0101554
-0.013332
-0.0144494
-0.0147645
-0.0151107
-0.015323
-0.0154616
-0.015711
-0.0159037
-0.015901
-0.0162717
-0.0172985
-0.0180591
-0.0168886
-0.0138583
-0.0108588
-0.0100531
-0.0120478
-0.0150288
-0.0164986
-0.0164643
-0.0160959
-0.0157697
-0.0154375
-0.0156813
-0.0162001
-0.0159242
-0.0152189
-0.016102
-0.0187604
-0.0210786
-0.0214766
-0.0185407
-0.0104238
-0.000388662
0.00526222
0.00501729
0.00321055
0.00280213
0.00369655
0.0032664
-0.00169555
-0.00943736
-0.0146787
-0.0142557
-0.00944554
-0.0044405
-0.00313949
-0.00564691
-0.0072987
-0.00421304
0.00215531
0.0057247
0.00322822
-0.00158412
-0.00319518
-0.00287473
-0.0057157
-0.0155066
-0.0316107
-0.0475897
-0.0523861
-0.0422605
-0.0274487
-0.0181394
-0.0099948
0.00659761
0.0270194
0.0366327
0.0264114
0.00252146
-0.0238967
-0.0456522
-0.0576429
-0.0582256
-0.0521903
-0.0468002
-0.0409379
-0.030543
-0.0165907
-0.00203962
0.0126923
0.0239579
0.0255655
0.0212531
0.0161326
0.00692717
-0.00972216
-0.0298094
-0.0482527
-0.0592844
-0.0567507
-0.0488894
-0.0440462
-0.0310994
-0.00483467
0.0124094
0.00376207
-0.01284
-0.0137507
-0.00459666
-0.00333361
-0.0135756
-0.028938
-0.0421048
-0.0452749
-0.0369028
-0.0214941
-0.00226816
0.0186955
0.0341325
0.0374068
0.02758
0.00849054
-0.014811
-0.0412585
-0.0655358
-0.0706537
-0.0566582
-0.0395777
-0.0268561
-0.0146215
-0.0022586
0.0091708
0.0225551
0.0361336
0.0462206
0.0571567
0.0676007
0.0635879
0.040517
0.0169146
0.00381691
-0.0143709
-0.049093
-0.0783178
-0.0821271
-0.0759928
-0.0773305
-0.0702052
-0.0372294
0.00153183
0.0144304
0.0166025
0.031886
0.0447404
0.0376439
0.0304279
0.0500758
0.0843501
0.089016
0.0470761
-0.013086
-0.0593415
-0.0775092
-0.0716473
-0.0630882
-0.0565532
-0.0427567
-0.0326025
-0.0375879
-0.041317
-0.0344441
-0.0362348
-0.0521293
-0.0528821
-0.0306256
-0.0178525
-0.0163681
-0.00293889
0.0188393
0.0315046
0.0284824
0.0189393
0.02607
0.0507385
0.0588688
0.0482487
0.0598287
0.0938541
0.0941206
0.0333095
-0.0503479
-0.0972762
-0.104692
-0.100839
-0.100791
-0.0887842
-0.0370865
0.0496372
0.11799
0.118041
0.064816
0.0128686
-0.0122997
-0.0336671
-0.0723179
-0.10023
-0.0739259
-0.00597731
0.0492459
0.068141
0.0600349
0.0338098
0.0178302
0.05347
0.124465
0.158379
0.114178
0.0456542
0.0103126
0.0109087
0.0152596
-0.00654827
-0.0515815
-0.0878524
-0.0987818
-0.0965866
-0.101761
-0.123959
-0.142512
-0.103405
0.00914491
0.124531
0.158995
0.113406
0.0435606
-0.0153689
-0.0417434
0.00315765
0.116124
0.225265
0.264825
0.227184
0.155567
0.0650234
-0.0604852
-0.190324
-0.257944
-0.251512
-0.227373
-0.228427
-0.239082
-0.225497
-0.185683
-0.154392
-0.151897
-0.143526
-0.0794443
0.0465172
0.191603
0.30444
0.341839
0.283043
0.139619
-0.035868
-0.180196
-0.268692
-0.31229
-0.323231
-0.276408
-0.158918
-0.0166926
0.0917911
0.148589
0.171155
0.176265
0.169113
0.137347
0.067987
-0.0089893
-0.0409992
-0.0292888
-0.0328078
-0.104491
-0.238675
-0.343817
-0.309342
-0.158056
-0.0404868
-0.0346211
-0.0529839
-0.0124661
0.105997
0.281029
0.4026
0.339947
0.167153
0.0826003
0.100653
0.0571353
-0.116105
-0.298005
-0.390968
-0.391359
-0.339344
-0.25512
-0.0995906
0.148391
0.397722
0.562521
0.704552
0.833127
0.810627
0.554995
0.174462
-0.228741
-0.64228
-1.01038
-1.31072
-1.48264
-1.39445
-1.0202
-0.493078
0.0581751
0.594539
1.06281
1.33498
1.38929
1.27436
1.03176
0.654895
0.153704
-0.381927
-0.839513
-1.14414
-1.31959
-1.39056
-1.33081
-1.11098
-0.723979
-0.201188
0.313517
0.639387
0.848889
1.00684
1.02898
0.90285
0.723786
0.530146
0.311872
0.0727686
-0.206051
-0.537311
-0.81066
-0.929684
-0.900075
-0.723995
-0.389528
0.00870676
0.320653
0.538859
0.708788
0.785716
0.726893
0.571739
0.333637
-0.0436877
-0.523058
-0.959288
-1.1761
-1.07592
-0.743587
-0.378404
-0.083478
0.167529
0.409928
0.606298
0.714849
0.727385
0.715216
0.729858
0.693368
0.492978
0.158446
-0.170854
-0.417571
-0.583037
-0.666313
-0.656241
-0.567668
-0.44283
-0.294843
-0.0866158
0.212108
0.512999
0.675179
0.658217
0.509603
0.263823
-0.0499635
-0.348972
-0.518759
-0.534276
-0.418831
-0.259341
-0.134504
-0.0301864
0.106198
0.271266
0.42937
0.547637
0.577187
0.511504
0.447573
0.458576
0.459417
0.317471
0.0376705
-0.252442
-0.423108
-0.397179
-0.187328
0.0790048
0.27967
0.303423
0.107434
-0.140829
-0.297692
-0.402485
-0.540887
-0.706385
-0.857573
-0.969575
-0.958283
-0.737365
-0.389748
-0.0630374
0.228391
0.542952
0.863171
1.08483
1.1276
1.0137
0.808225
0.499496
0.117265
-0.203443
-0.395086
-0.514552
-0.635047
-0.746759
-0.760519
-0.638426
-0.401664
-0.106779
0.17456
0.385724
0.531754
0.613821
0.54687
0.306919
0.00287598
-0.297823
-0.596279
-0.848991
-0.950926
-0.817119
-0.459825
-0.0113352
0.386242
0.646223
0.774768
0.842156
0.879883
0.778272
0.420115
-0.0713946
-0.50372
-0.743778
-0.762579
-0.641524
-0.488627
-0.271589
0.117741
0.530742
0.726727
0.738603
0.703616
0.607843
0.398265
0.116656
-0.144675
-0.275273
-0.275346
-0.251502
-0.301918
-0.391171
-0.385594
-0.243864
-0.0238982
0.188988
0.2986
0.32285
0.351661
0.383147
0.304577
0.0617051
-0.246499
-0.481876
-0.592352
-0.634902
-0.669838
-0.670368
-0.568898
-0.378856
-0.190653
-0.0491729
0.0784337
0.261256
0.499393
0.708982
0.812638
0.794098
0.649089
0.365412
0.0489582
-0.105293
-0.175358
-0.37317
-0.64091
-0.730526
-0.54863
-0.228514
0.0592189
0.246891
0.37321
0.478683
0.549053
0.561138
0.515304
0.382363
0.117825
-0.225132
-0.551744
-0.794566
-0.896796
-0.831969
-0.644337
-0.406337
-0.149822
0.121751
0.371619
0.609268
0.84235
1.01411
1.05201
0.931732
0.657781
0.272948
-0.110891
-0.407332
-0.605543
-0.723363
-0.813922
-0.929984
-0.993029
-0.82146
-0.406458
0.0202914
0.296137
0.440978
0.506541
0.488495
0.404948
0.29874
0.140449
-0.0987475
-0.333134
-0.445626
-0.482952
-0.568124
-0.688198
-0.696525
-0.489107
-0.114311
0.287482
0.596229
0.749051
0.723289
0.556801
0.312323
0.0212436
-0.265608
-0.515394
-0.686736
-0.723915
-0.631086
-0.503461
-0.412813
-0.316134
-0.162094
-0.00917307
0.147506
0.387523
0.666717
0.837065
0.833392
0.699513
0.493567
0.266276
0.0447338
-0.184693
-0.415214
-0.585556
-0.626367
-0.487573
-0.218099
-0.0418617
-0.0635892
-0.142927
-0.107481
0.0596749
0.241177
0.338816
0.266084
9.80144e-05
-0.25917
-0.338178
-0.264805
-0.173253
-0.124939
-0.0934238
-0.00107485
0.188192
0.340046
0.273935
0.0353299
-0.157808
-0.164935
-0.0706834
-0.0340976
-0.0255635
0.0795589
0.234611
0.342458
0.41912
0.484653
0.484958
0.413712
0.33141
0.274851
0.23793
0.194101
0.105436
-0.0371202
-0.189354
-0.259017
-0.19345
-0.0755121
-0.00434973
0.0497292
0.119496
0.141666
0.0406528
-0.155966
-0.325399
-0.37566
-0.307754
-0.174719
-0.0162205
0.0947615
0.0960172
0.060184
0.0816516
0.126791
0.102825
0.0103026
-0.0786902
-0.111819
-0.0965703
-0.0644357
-0.0502764
-0.0702822
-0.102085
-0.110564
-0.0962708
-0.0872769
-0.111352
-0.177046
-0.254018
-0.280507
-0.243461
-0.16788
-0.0396564
0.16899
0.406686
0.571345
0.592666
0.467158
0.211362
-0.11919
-0.394055
-0.513188
-0.433852
-0.25678
-0.150618
-0.182237
-0.270123
-0.239294
0.00475509
0.34132
0.561876
0.604007
0.542412
0.450925
0.328927
0.161204
-0.033232
-0.262582
-0.499332
-0.607564
-0.488214
-0.256895
-0.10993
-0.0583615
0.0580811
0.271591
0.455247
0.5343
0.538309
0.476651
0.341855
0.187742
0.0770758
-0.0147915
-0.15427
-0.319671
-0.440625
-0.47753
-0.435154
-0.343176
-0.275777
-0.333351
-0.439277
-0.357663
-0.00489791
0.363071
0.454911
0.316173
0.161364
0.0642126
-0.0219846
-0.0954668
-0.122795
-0.157846
-0.265186
-0.357177
-0.261372
0.00304396
0.164946
0.0952847
0.0227759
0.1537
0.367108
0.416166
0.252952
0.0613148
0.0269274
0.0847353
0.0902487
-0.0130034
-0.22554
-0.482282
-0.682049
-0.690074
-0.427017
-0.0781499
0.10422
0.0858942
0.0808665
0.233968
0.457612
0.599514
0.593606
0.40943
0.116921
-0.0979881
-0.157823
-0.202454
-0.364108
-0.558896
-0.565587
-0.267813
0.169525
0.521238
0.693224
0.701217
0.633594
0.576251
0.599929
0.692505
0.686327
0.449088
0.01379
-0.445083
-0.756014
-0.873301
-0.895391
-0.920224
-0.85602
-0.587476
-0.225347
0.0677576
0.29141
0.500566
0.663619
0.753427
0.792114
0.758029
0.580499
0.256572
-0.153665
-0.58777
-0.98069
-1.26783
-1.38315
-1.29742
-1.10997
-0.940737
-0.77904
-0.546956
-0.226208
0.14668
0.515266
0.773243
0.828692
0.681086
0.426534
0.183889
-0.0182008
-0.24537
-0.457074
-0.4845
-0.342258
-0.192261
-0.127439
-0.100263
-0.013723
0.146273
0.36434
0.594975
0.638437
0.364575
-0.0246064
-0.162194
-0.0407306
-0.000161982
-0.204077
-0.419209
-0.407351
-0.239504
-0.0931511
0.00510578
0.0970233
0.168365
0.169983
0.0984283
-0.00603041
-0.132109
-0.265682
-0.309967
-0.168213
0.111277
0.38661
0.531857
0.517279
0.429097
0.336339
0.26945
0.254262
0.248737
0.150015
-0.0491307
-0.223802
-0.291202
-0.28614
-0.220224
-0.0756349
0.052661
0.0256986
-0.120512
-0.23016
-0.227942
-0.178973
-0.118574
-0.0496738
-0.00735647
-0.0133158
-0.0532394
-0.112592
-0.150972
-0.13639
-0.0992626
-0.0258992
0.144059
0.343395
0.426162
0.392461
0.381252
0.358554
0.16039
-0.14952
-0.335827
-0.32388
-0.260835
-0.284017
-0.325731
-0.279493
-0.211388
-0.214133
-0.273787
-0.355199
-0.429519
-0.452017
-0.377212
-0.209994
-0.000562959
0.226968
0.430645
0.535314
0.487833
0.295199
0.0547919
-0.0887777
-0.110958
-0.187647
-0.419322
-0.711359
-0.921349
-0.966006
-0.812709
-0.518095
-0.224299
0.0329234
0.273772
0.455357
0.534665
0.518205
0.421805
0.268339
0.101797
-0.0675904
-0.27952
-0.487968
-0.583539
-0.553966
-0.431774
-0.157938
0.278821
0.65558
0.82106
0.896506
0.956666
0.875422
0.615668
0.345677
0.148295
-0.0634117
-0.366511
-0.712692
-0.994255
-1.11074
-0.994684
-0.649519
-0.199564
0.128734
0.234385
0.292742
0.408066
0.451965
0.325182
0.116416
-0.0427252
-0.142689
-0.194538
-0.163407
-0.0690755
0.0368515
0.153659
0.262737
0.276871
0.218874
0.259782
0.40502
0.486432
0.413179
0.210365
-0.0928088
-0.451807
-0.727048
-0.809506
-0.826338
-0.94013
-1.0714
-1.04917
-0.874368
-0.65665
-0.438492
-0.20174
0.0118057
0.184523
0.365405
0.564208
0.710657
0.749742
0.694544
0.558589
0.343268
0.0742803
-0.224765
-0.525977
-0.721143
-0.699482
-0.536972
-0.411229
-0.336703
-0.149678
0.190505
0.49942
0.586533
0.44104
0.139906
-0.280789
-0.733719
-0.968718
-0.921254
-0.827789
-0.795433
-0.623532
-0.185294
0.373515
0.85275
1.16767
1.42247
1.6436
1.64873
1.28234
0.722047
0.336423
0.198132
-0.0323396
-0.539617
-1.06513
-1.30501
-1.27345
-1.11568
-0.862322
-0.430766
0.155695
0.603507
0.713163
0.623309
0.485259
0.262615
-0.048588
-0.286899
-0.335885
-0.309691
-0.38206
-0.500515
-0.480331
-0.335549
-0.26648
-0.330084
-0.274204
0.104347
0.552178
0.792147
0.842838
0.815873
0.673563
0.334641
-0.134521
-0.55657
-0.745294
-0.692259
-0.615093
-0.70277
-0.789816
-0.521031
0.136053
0.789656
1.09656
1.25232
1.43809
1.51657
1.38479
1.15142
0.919016
0.687602
0.44315
0.148934
-0.272258
-0.708535
-0.92905
-0.911324
-0.751742
-0.425806
0.0317051
0.345757
0.418555
0.485627
0.630905
0.603807
0.246507
-0.278192
-0.760751
-1.06901
-1.19289
-1.11802
-0.85639
-0.570356
-0.456093
-0.509315
-0.520124
-0.355801
-0.150958
-0.0534546
-0.118106
-0.322965
-0.483534
-0.27948
0.391635
1.1058
1.33093
1.13471
0.936252
0.779053
0.485691
0.182804
0.0631957
-0.10139
-0.449155
-0.504443
0.045788
0.70275
0.876983
0.73289
0.695564
0.694775
0.47209
0.243733
0.27518
0.387239
0.259302
-0.0809182
-0.342598
-0.311825
-0.00315421
0.384143
0.610949
0.610617
0.446655
0.188725
-0.0473433
-0.0787139
0.112754
0.296243
0.326109
0.227927
-0.0162352
-0.443879
-0.862799
-0.974625
-0.64189
-0.0764631
0.260849
0.255978
0.167572
0.291319
0.672535
1.04907
1.07149
0.719885
0.297946
-0.0290441
-0.293811
-0.430733
-0.395994
-0.347847
-0.425856
-0.50784
-0.378548
-0.0475109
0.341388
0.718624
1.08501
1.29806
1.08808
0.350784
-0.507936
-0.845455
-0.783895
-0.898044
-1.31349
-1.68245
-1.73118
-1.42354
-0.818462
-0.125455
0.324636
0.472727
0.574221
0.783556
0.956082
0.938946
0.703016
0.270244
-0.157793
-0.182439
0.340523
1.05089
1.50313
1.66876
1.66841
1.45504
1.09079
0.851958
0.909701
1.05989
0.951342
0.476635
-0.0970869
-0.414305
-0.460765
-0.452208
-0.374134
-0.0859693
0.290621
0.479863
0.382432
0.112494
-0.118317
-0.19752
-0.175234
-0.233939
-0.530391
-0.932431
-1.14479
-0.960484
-0.482311
-0.0897896
0.145908
0.399741
0.67631
0.834029
0.801871
0.642637
0.534596
0.592913
0.663316
0.520767
0.214874
0.00564192
-0.0143647
-0.0672566
-0.25387
-0.309112
-0.10961
0.0790362
-0.040639
-0.354553
-0.39798
0.0111722
0.524906
0.743171
0.706661
0.702634
0.798723
0.830531
0.692491
0.451749
0.247215
0.129067
-0.00774798
-0.267557
-0.49929
-0.417494
0.058261
0.661721
0.988364
0.837691
0.379619
-0.0520304
-0.365181
-0.616257
-0.747717
-0.723723
-0.668305
-0.743554
-0.967444
-1.17406
-1.24494
-1.23119
-1.23234
-1.12594
-0.691614
-0.0565293
0.354815
0.47234
0.652945
0.967481
1.10958
0.965174
0.780626
0.766043
0.781765
0.584203
0.257504
0.0757695
0.115788
0.162122
0.000389825
-0.282549
-0.331022
-0.0128052
0.243376
0.174264
0.0684439
0.239211
0.541184
0.694844
0.789729
1.13127
1.59739
1.78399
1.71199
1.77874
2.04542
2.09702
1.67736
1.06276
0.607381
0.174807
-0.421874
-1.02628
-1.38083
-1.45022
-1.41109
-1.35972
-1.16454
-0.774621
-0.481607
-0.58033
-0.853887
-0.902423
-0.745474
-0.675601
-0.661376
-0.374732
0.076675
0.12681
-0.303647
-0.507417
0.00238136
0.745265
1.17793
1.40612
1.65878
1.73941
1.53373
1.34756
1.39049
1.47396
1.32882
0.947553
0.56852
0.25688
-0.0588844
-0.32308
-0.378371
-0.242651
-0.153656
-0.232796
-0.265208
0.00598654
0.469509
0.72701
0.475202
-0.10033
-0.393932
-0.0909304
0.466402
0.717766
0.503558
0.121859
-0.111469
-0.271422
-0.572949
-0.891513
-0.888784
-0.615811
-0.44327
-0.4276
-0.198573
0.370635
0.893327
1.04921
1.11791
1.38218
1.59623
1.54019
1.42595
1.38437
1.19915
0.71082
0.125896
-0.241154
-0.429412
-0.582901
-0.721093
-0.795784
-0.736431
-0.574273
-0.368967
-0.0403677
0.402663
0.701353
0.63228
0.309452
-0.082678
-0.429298
-0.592018
-0.55131
-0.411555
-0.209608
0.0603493
0.344415
0.581083
0.774423
1.00378
1.25849
1.31328
1.06462
0.713234
0.535268
0.492581
0.278112
-0.155402
-0.415919
-0.248988
-0.0379458
-0.138182
-0.376114
-0.471849
-0.487946
-0.573292
-0.619518
-0.382665
0.142481
0.684145
1.02882
1.16561
1.08306
0.801955
0.541327
0.473695
0.51706
0.556934
0.618951
0.662227
0.533917
0.263845
0.0753506
0.147686
0.378614
0.475112
0.400743
0.348946
0.420315
0.533258
0.463436
0.0249421
-0.513205
-0.546361
-0.0578525
0.286666
0.122717
-0.165665
-0.066325
0.330955
0.51759
0.299345
0.125876
0.338016
0.664245
0.710532
0.567775
0.508213
0.424463
0.106101
-0.24809
-0.446174
-0.459001
-0.207152
0.278702
0.634551
0.549935
0.253001
0.0734861
-0.124821
-0.516167
-0.929824
-1.18596
-1.28782
-1.14386
-0.670251
-0.106593
0.345389
0.666022
0.687632
0.278164
-0.202641
-0.39102
-0.342353
-0.0986839
0.431176
0.900276
0.771215
0.323697
0.206164
0.379139
0.369894
0.223425
0.247949
0.322333
0.28285
0.307046
0.377059
0.135859
-0.51563
-1.13862
-1.25011
-1.10333
-1.11604
-1.15571
-0.867662
-0.367915
-0.0500733
-0.0147926
-0.0383756
0.0221246
0.131576
0.329224
0.648903
0.818392
0.527959
-0.0531374
-0.462743
-0.63664
-0.835045
-1.03682
-1.04302
-0.964151
-1.08342
-1.41488
-1.6602
-1.50765
-1.05131
-0.618163
-0.435164
-0.497912
-0.643863
-0.774041
-0.89905
-0.992429
-0.90642
-0.541856
-0.0254228
0.337481
0.355082
0.0627123
-0.400512
-0.897867
-1.19989
-1.07073
-0.590638
-0.163565
-0.0375295
0.0409345
0.475159
1.04685
1.08859
0.667184
0.336378
0.25255
0.112869
-0.285854
-0.778244
-1.05323
-0.991372
-0.752586
-0.516563
-0.302392
0.0444538
0.710317
1.57783
2.03391
1.42803
-0.00230226
-1.09452
-1.16297
-0.742247
-0.660682
-0.93347
-0.954635
-0.666068
-0.658255
-1.01305
-1.19043
-0.871371
-0.249349
0.353731
0.825308
1.03648
0.763633
0.104806
-0.519205
-0.759486
-0.766389
-0.991565
-1.44982
-1.44287
-0.566358
0.393589
0.587491
0.414325
0.582855
1.06435
1.47726
1.66621
1.436
0.652053
-0.0878287
-0.0550776
0.431491
0.325556
-0.448481
-0.841867
-0.277824
0.397722
0.164072
-0.385664
-0.154198
0.618214
0.949128
0.45873
-0.434361
-1.0354
-1.12409
-1.34977
-2.26357
-3.3466
-3.41376
-2.14955
-0.786931
-0.382575
-0.485892
-0.103092
0.614717
0.621909
-0.454214
-1.51668
-1.48208
-0.750128
-0.495626
-0.881784
-1.05847
-0.524657
0.320114
0.824929
0.583473
-0.285711
-0.936023
-0.658106
-0.0634159
-0.130123
-0.69626
-0.975844
-0.897375
-1.04779
-1.53212
-1.95745
-2.35917
-2.83665
-2.87544
-1.79463
0.161927
2.06291
3.0342
2.75255
1.74617
0.830093
0.427267
0.270811
-0.161182
-0.776773
-0.820277
-0.0588252
0.502145
-0.0102267
-1.01025
-1.4019
-0.981016
-0.519696
-0.920762
-2.13461
-2.99298
-2.61947
-1.1797
0.399357
1.14875
1.01398
0.718465
1.13668
2.50668
4.01297
4.81591
4.32451
2.5399
0.417642
-0.68537
-0.610112
-0.818942
-1.93587
-2.68815
-2.18793
-1.19076
-0.893094
-1.51286
-2.16438
-1.90498
-0.590218
0.909808
1.69484
1.53127
0.924934
0.513834
0.275906
-0.518463
-2.17292
-3.64601
-3.77954
-2.29577
-0.253803
0.914248
0.676791
-0.14506
-0.141525
0.879977
1.67221
1.45123
0.563119
-0.356217
-0.866634
-0.625697
0.439829
1.55897
1.71984
0.758943
-0.465774
-1.05778
-1.11356
-1.19253
-1.39114
-1.51695
-1.5975
-1.64747
-1.40316
-0.80316
-0.251495
-0.145636
-0.303572
-0.170543
0.237064
0.0881439
-1.07602
-2.55386
-3.10324
-2.30226
-0.938115
-0.0158567
0.00121042
-0.459947
-0.940251
-1.20729
-1.03448
-0.536291
-0.205235
-0.322854
-0.493963
-0.113519
0.634189
1.05436
0.935772
0.600706
0.307528
0.175115
0.395432
0.961695
1.38342
1.18941
0.420453
-0.44464
-0.92947
-1.02679
-1.12698
-1.49285
-1.94574
-2.22409
-2.16205
-1.56272
-0.455475
0.786737
1.73589
2.08226
1.67762
0.770394
-0.140761
-0.858224
-1.5549
-1.92634
-1.0163
1.15712
2.76931
2.4398
0.954362
-0.29446
-0.807281
-0.899857
-1.01224
-0.970576
-0.29469
0.82824
1.80282
2.33143
2.43113
2.20678
1.85491
1.75628
2.02636
2.14973
1.79008
1.2331
0.895006
0.812741
0.867754
1.08187
1.41063
1.53285
1.39971
1.42569
1.6905
1.54152
0.540984
-0.778251
-1.60828
-1.78454
-1.93588
-2.30584
-2.61882
-2.84655
-3.12108
-3.23841
-2.90424
-2.34306
-2.11818
-2.24576
-2.36346
-2.1971
-1.61986
-0.665837
0.427781
1.38167
2.00596
2.37848
2.6566
2.87266
2.8468
2.2806
0.937518
-0.851185
-2.10711
-2.63657
-2.90518
-2.97844
-2.46857
-1.27669
0.206603
1.50898
2.43371
3.1249
3.90768
4.82088
5.66036
6.17964
5.95621
4.58815
2.65499
1.57144
1.7624
2.27208
2.39674
2.3203
2.41732
2.54665
2.18753
1.20928
0.229568
-0.0824641
0.367632
0.966174
0.955964
0.236581
-0.604897
-1.00514
-1.13621
-1.71327
-2.76616
-3.30374
-2.63803
-1.3585
-0.834142
-1.75466
-2.96964
-2.73137
-1.11437
0.434572
1.06549
1.13653
1.41822
1.95202
2.23155
2.302
2.53674
2.86119
2.93566
2.62731
1.92879
0.716738
-0.796175
-1.85725
-2.16543
-1.81854
-1.14882
-0.547672
-0.073042
0.606964
1.56111
2.1693
1.91045
1.0079
-0.106142
-1.1035
-1.67558
-1.73972
-1.40305
-0.669443
0.451823
1.62851
2.3914
2.70975
2.90846
3.03736
2.92785
2.57411
1.9779
0.928848
-0.4047
-1.30898
-1.46641
-1.33335
-1.39172
-1.52984
-1.46676
-1.26516
-1.03116
-0.568084
0.226827
0.885563
0.719416
-0.223123
-1.05337
-1.25504
-0.957519
-0.483464
-0.16531
-0.220583
-0.573091
-0.917198
-1.05023
-1.12078
-1.18305
-0.956277
-0.502562
-0.422433
-0.954485
-1.51865
-1.56955
-1.41601
-1.4532
-1.3509
-0.776321
-0.202952
-0.316397
-1.069
-1.83654
-2.24443
-2.6691
-3.35406
-3.86207
-3.69267
-2.97321
-2.19066
-1.65821
-1.36091
-1.12237
-0.849477
-0.552751
-0.117903
0.670269
1.75407
2.68045
3.01377
2.75103
2.12619
1.13745
-0.234388
-1.56091
-2.26417
-2.20653
-1.69187
-1.19126
-0.872601
-0.55715
-0.0782464
0.469981
0.877887
1.12584
1.32462
1.45092
1.42968
1.33211
1.08178
0.446543
-0.346244
-0.370648
0.932748
2.60072
3.28185
3.02757
2.65178
2.36677
1.86786
1.02014
0.105145
-0.373432
-0.261068
-0.279689
-1.13073
-2.63263
-3.67035
-3.16108
-1.33309
0.57182
1.81796
2.80299
3.84298
4.20108
3.41141
2.13675
1.36004
1.41213
1.69382
1.55188
1.18633
1.16142
1.39035
1.40315
1.27829
1.69702
2.74664
3.58024
3.84874
3.89928
3.83166
3.43621
2.86386
2.57793
2.34828
1.27781
-0.582384
-2.21454
-3.06627
-3.78745
-4.98045
-6.20685
-6.60905
-5.98691
-4.83892
-3.69969
-2.54148
-0.962934
1.13638
3.16838
4.135
3.33655
1.37479
-0.150242
-0.558546
-0.314309
0.233384
1.12833
2.21403
2.94465
2.98773
2.66479
2.25387
1.6271
0.942169
0.811509
1.4705
2.25624
2.29657
1.58653
0.86971
0.523354
0.292888
-0.000162796
-0.137964
0.100572
0.499442
0.614815
0.494017
0.506442
0.730407
0.81246
0.448564
-0.202077
-0.763752
-1.14023
-1.53574
-2.07711
-2.65723
-3.12371
-3.34134
-3.23476
-2.99123
-2.91561
-2.90683
-2.52151
-1.49442
0.305164
2.75571
4.90337
5.24942
3.45892
1.10624
-0.355953
-0.913561
-1.15652
-1.41971
-1.59328
-1.33354
-0.26349
1.35402
2.3553
2.32564
1.7267
1.07889
0.746686
1.08521
2.04272
2.74207
2.19943
0.664673
-0.627602
-1.01743
-0.898273
-0.896462
-1.12941
-1.35517
-1.61775
-2.24385
-3.14487
-3.61979
-2.88378
-0.913178
1.47779
2.88354
2.30198
0.532899
-0.894649
-1.16197
-0.482034
0.562881
1.50319
2.11424
2.34895
2.09491
1.24094
0.118667
-0.613349
-0.51479
0.175328
0.88073
1.24908
1.08978
0.416987
-0.659026
-1.95928
-2.97455
-3.07333
-2.20898
-1.37801
-1.53984
-2.04702
-1.65058
-0.268767
1.1243
1.9276
2.20399
1.95771
1.07749
0.00646879
-0.439452
-0.114282
0.411583
0.428982
-0.362087
-1.71951
-3.01859
-3.37153
-2.53424
-0.87814
0.765769
1.43018
0.999505
0.192894
-0.35821
-0.503302
-0.295633
0.165184
0.578496
0.611533
0.302655
-0.212737
-1.19953
-2.78162
-4.02895
-3.96556
-2.8841
-1.55288
-0.232577
1.05919
2.0762
2.49832
2.46956
2.57248
2.89333
2.98098
2.54991
1.69748
0.620558
-0.537614
-1.58171
-2.30418
-2.83981
-3.24156
-3.34672
-3.16801
-2.93375
-2.70381
-2.30299
-1.74105
-1.31869
-1.21262
-1.23868
-1.11859
-0.903089
-0.949308
-1.30644
-1.49661
-1.22522
-0.594712
0.233223
1.05304
1.45086
1.181
0.42186
-0.463747
-1.24222
-1.85344
-2.01545
-1.53509
-0.630502
0.342576
1.18246
1.73443
1.78742
1.43804
1.00106
0.605299
0.274419
0.0150517
-0.424216
-1.10337
-1.26823
-0.396234
0.875336
1.35523
0.804092
0.261096
0.379467
0.585352
0.205815
-0.44856
-0.909416
-1.24211
-1.61721
-1.89773
-1.81835
-1.2077
-0.249111
0.416099
0.334089
-0.105829
-0.144988
0.709675
2.19006
3.21513
2.85739
1.43691
0.354632
0.312855
0.606248
0.434188
0.258868
0.95625
2.24116
2.92413
2.66476
2.25261
1.97976
1.33037
0.274429
-0.451369
-0.430923
-0.222203
-0.420965
-0.813081
-0.962636
-0.987658
-1.26753
-1.74692
-1.88301
-1.4532
-0.949647
-0.786947
-0.768743
-0.51811
0.0229265
0.568187
0.867252
0.854746
0.657551
0.577879
0.746923
0.902853
0.578702
-0.385517
-1.46451
-1.77042
-1.04371
-0.172368
-0.195978
-0.846601
-1.15602
-0.861914
-0.458006
-0.279086
-0.307619
-0.532293
-0.782922
-0.713259
-0.302235
0.0107906
0.0219194
0.0919002
0.531758
0.951504
0.675481
-0.129803
-0.676204
-0.556276
-0.0168907
0.490873
0.79702
1.13242
1.50769
1.34898
0.295289
-1.02126
-1.56268
-1.30862
-1.45607
-2.39383
-2.85173
-2.04942
-0.696147
0.14246
0.299993
0.501373
1.09594
1.493
1.15681
0.663506
0.744252
1.11827
0.916451
0.0445786
-0.727668
-0.840128
-0.526208
-0.0777649
0.54749
1.15834
1.20684
0.688876
0.385555
0.74134
0.963262
0.21172
-0.714216
-0.537656
0.694542
1.76388
1.76466
0.844866
-0.660594
-2.41635
-3.62573
-4.01505
-3.79362
-3.11893
-2.0423
-0.779997
0.348662
1.25381
1.97613
2.45779
2.51193
2.24215
2.23811
2.72674
2.74694
1.45202
-0.269868
-1.09147
-1.00391
-0.769958
-0.876721
-1.38613
-2.13083
-2.55578
-2.16401
-1.45806
-1.1548
-1.04886
-0.512156
0.243734
0.292412
-0.607961
-1.4487
-1.52694
-1.50058
-2.00008
-2.56644
-2.42199
-1.59244
-0.832877
-0.568832
-0.5578
-0.343363
0.177564
0.787282
1.24562
1.45283
1.42359
1.0621
0.490183
0.496133
1.42278
2.32902
1.93456
0.162522
-1.68872
-2.1362
-1.01125
0.472924
1.17207
1.18311
1.26704
1.83906
2.48332
2.2462
0.988644
-0.0821275
-0.284134
-0.0584457
0.106153
0.32693
0.808176
1.2283
0.811306
-0.475655
-1.30785
-0.895794
0.118999
0.632819
0.484976
0.478923
1.13955
1.83863
1.76146
1.34539
1.51919
2.07748
1.98072
0.961175
-0.105066
-0.563972
-0.518304
-0.299973
0.0277163
0.235421
-0.0774552
-0.75634
-1.20359
-1.24362
-1.20526
-1.00361
0.114934
2.20246
3.78092
3.60561
2.47179
2.33421
3.56946
4.54875
4.21057
3.19623
2.25873
1.2897
-0.0443275
-1.56821
-2.45664
-1.99365
-0.979308
-0.511304
-0.563644
-0.408624
0.051506
0.139562
-0.66792
-1.82649
-2.12899
-1.40748
-0.517793
-0.204102
-0.358625
-0.234469
0.522141
1.13996
0.852784
0.225257
0.0850369
0.253224
0.0364731
-0.79043
-1.85036
-2.50019
-2.18242
-1.22537
-0.385619
-0.198282
-0.751011
-1.62372
-2.38302
-2.98876
-3.55077
-3.94324
-3.8879
-3.1302
-1.82062
-0.478568
0.256684
-0.0106616
-0.93344
-1.59599
-1.5737
-1.38035
-1.58736
-1.9437
-1.62244
-0.133061
1.90629
3.19979
3.72966
3.93599
3.31182
1.27858
-1.19766
-2.54131
-1.98274
-0.105699
1.43937
1.53395
0.0484572
-1.96115
-3.05189
-2.7207
-1.75357
-1.25199
-1.47498
-1.804
-1.59434
-0.618479
0.893284
2.20698
2.34449
0.943931
-1.04562
-2.22929
-1.95376
-0.605765
0.614593
0.654296
-0.304243
-1.11711
-1.09633
-0.833325
-1.09365
-1.80961
-2.2797
-1.74595
0.298692
3.40571
5.76316
5.81322
4.36055
3.25228
2.87587
2.34615
1.27723
0.302077
-0.217768
-0.892319
-2.30935
-4.07912
-5.34564
-5.60667
-4.78669
-3.13519
-1.34063
-0.105786
0.670144
1.79154
3.23068
3.8995
3.20764
1.83737
1.01985
1.18347
1.62495
1.48624
0.717312
-0.142494
-0.319047
0.52932
1.57901
1.70293
0.946773
0.455476
0.793894
1.63355
2.55382
3.19722
3.23333
2.28859
0.409183
-1.48791
-2.8575
-3.59897
-3.56893
-2.68677
-1.44458
-0.826097
-1.07836
-1.30783
-0.883431
-0.341922
-0.356757
-0.994794
-1.94037
-2.8378
-3.30134
-3.12143
-2.86345
-3.13164
-3.65722
-3.56022
-2.35052
-0.350617
1.89757
3.92855
5.25127
5.89497
5.79517
4.75628
3.03146
1.31185
0.0481673
-0.860419
-1.63067
-2.34874
-2.80332
-2.5165
-1.29528
0.166112
0.706085
0.277654
0.100794
0.695475
1.30588
1.29337
1.10769
1.49041
2.24174
2.4774
2.12886
2.37484
3.54101
4.26747
3.38746
1.35747
-0.506925
-1.32854
-1.03409
-0.0149875
0.882851
0.901144
0.0687107
-0.973703
-1.78591
-2.68184
-3.88589
-4.53418
-3.94082
-2.59083
-1.7516
-2.0956
-2.85561
-3.11708
-3.18151
-3.82703
-4.80497
-5.09691
-3.98821
-1.77669
0.758675
2.95546
4.45795
5.30186
5.63747
5.43723
4.38733
2.4576
0.294949
-1.33784
-2.26736
-2.36005
-1.13393
1.05783
3.03839
3.8743
3.69969
3.29248
2.82379
1.72356
0.0599071
-0.984529
-1.17642
-1.4405
-2.32627
-3.20874
-2.93635
-1.07729
1.2704
2.49044
2.27367
1.51541
0.882009
0.620553
0.844577
1.56575
2.54235
3.00477
2.42492
1.07135
-0.191244
-0.830138
-1.2703
-1.97637
-2.47716
-1.99545
-0.7969
0.304452
1.0101
1.5324
1.99198
2.37928
2.73181
2.84919
2.0963
0.173836
-2.32268
-4.65926
-6.49277
-7.62004
-7.72985
-6.34738
-3.44439
0.163939
3.42223
5.37845
5.63265
4.9956
4.60899
4.65953
4.36682
3.35249
2.33865
2.0003
1.65099
0.135195
-2.51272
-4.93248
-5.78564
-4.86729
-3.24043
-2.00665
-1.50631
-1.61577
-1.98923
-2.21749
-2.25836
-2.26561
-2.12486
-1.58089
-0.698081
0.157643
0.647113
0.689759
0.300812
-0.438876
-1.28642
-2.10366
-2.63375
-2.41331
-1.29594
0.190782
1.30258
1.84323
2.08402
2.28998
2.49849
2.71548
3.00099
3.33739
3.54839
3.27757
2.15091
0.47764
-0.874575
-1.35466
-1.34876
-1.56665
-1.98007
-1.97223
-1.50247
-1.34047
-1.7336
-2.02725
-1.63716
-0.734868
-0.0172131
0.086662
-0.0718978
0.0415245
0.307393
0.251115
-0.271949
-0.939612
-1.26975
-0.82399
0.555754
2.32513
3.50641
3.40669
2.23161
1.17851
1.13567
1.59786
1.18896
-0.515515
-2.09093
-2.33081
-1.44334
-0.651673
-0.823674
-1.69574
-2.42648
-2.54049
-2.11443
-1.42381
-0.747276
-0.344942
-0.520124
-1.36071
-2.453
-3.01358
-2.44256
-1.20856
-0.0574576
0.751988
1.26278
1.63682
1.99135
2.29352
2.47646
2.53103
2.25938
1.34456
0.0806153
-0.704036
-0.657836
-0.393121
-0.656384
-1.24112
-1.41298
-1.05974
-0.625356
-0.156234
0.752029
2.15639
3.23895
2.96919
1.78166
0.85002
0.777797
1.2823
1.47523
0.789951
-0.550471
-1.72565
-1.9892
-1.41652
-0.363129
0.828943
1.86159
2.63432
3.11385
3.00894
2.31547
1.93647
2.44414
2.92561
2.00415
-0.144209
-1.82847
-2.1042
-1.58337
-1.37238
-1.68375
-2.07577
-2.19961
-2.00186
-1.55851
-0.955616
-0.423557
-0.375565
-0.861271
-1.51028
-1.84298
-1.65905
-1.18392
-0.903298
-1.01937
-1.15282
-0.74955
0.215975
1.31622
1.99783
1.965
1.49373
1.1703
1.18833
1.0316
0.35819
-0.437464
-0.782515
-0.605617
-0.237784
0.0775669
0.266528
0.212644
-0.293105
-1.162
-1.70019
-1.33036
-0.41351
0.251458
0.593399
1.25082
2.38613
3.18765
2.83207
1.47649
0.232179
0.249758
1.43697
2.3181
2.05361
1.29213
0.936219
0.97747
0.67997
-0.329105
-1.67156
-2.54612
-2.4859
-1.97892
-1.61862
-1.29763
-0.554409
0.672005
1.74264
1.85007
0.816313
-0.733622
-1.92658
-2.25937
-1.82409
-1.17314
-0.71155
-0.254216
0.478964
1.30399
1.72503
1.49579
1.01138
0.862928
1.00718
0.778499
-0.0670459
-0.726318
-0.636909
-0.17343
-0.0967314
-0.715685
-1.73733
-2.57145
-2.84105
-2.66815
-2.4621
-2.33339
-2.14345
-1.77292
-1.15668
-0.142504
1.23202
2.46802
3.26895
3.58515
3.40973
2.88412
2.0769
0.829568
-0.756184
-1.81799
-1.53355
-0.458601
0.194268
0.0493323
-0.31379
-0.434663
-0.61539
-1.11666
-1.19232
0.0136829
1.92455
3.21756
3.00744
1.37069
-0.641535
-1.6598
-0.95023
0.471899
1.32192
1.30653
0.828056
0.418677
0.301445
0.208484
-0.280125
-1.11876
-1.85159
-2.05973
-1.88523
-1.85581
-2.22008
-2.60635
-2.47455
-1.83628
-1.30291
-1.33773
-1.86272
-2.29105
-1.9481
-0.506461
1.64806
3.23196
3.51304
2.79536
1.94029
1.66264
1.89981
2.18119
2.1477
1.60003
0.556704
-0.874961
-2.37548
-3.37071
-3.30461
-1.96575
0.0709453
1.51577
1.74126
1.62157
2.02494
2.76692
3.24406
3.10494
2.31725
1.17478
0.326787
0.0591715
0.242303
0.548826
0.449409
-0.411888
-1.7375
-2.67253
-2.60454
-1.82332
-0.890433
-0.0608333
0.540731
0.726247
0.373955
-0.375189
-0.995533
-0.955722
-0.445183
-0.147649
-0.319941
-0.542999
-0.311657
0.117087
-0.189367
-1.31726
-1.83966
-0.907343
0.442916
0.534536
-0.902545
-2.71446
-3.61527
-3.18008
-2.03116
-0.987888
-0.428698
-0.0668428
0.657295
1.88458
3.12603
3.65823
3.12755
2.06011
1.31746
1.08098
0.699592
-0.357791
-1.64088
-2.08195
-1.18672
0.0958514
0.936449
1.5276
2.1599
2.45841
1.94881
0.641228
-0.755348
-1.26622
-0.770876
0.164044
0.704188
0.175504
-1.20253
-2.06506
-1.29106
0.415774
1.45675
1.3637
0.724283
0.214652
0.167709
0.561072
1.22234
1.79543
1.8574
1.09334
-0.252075
-1.31987
-1.67815
-1.8582
-2.37157
-2.65695
-1.70258
0.212076
1.672
1.88913
1.39115
0.98777
0.68747
-0.0532663
-1.13039
-1.96241
-2.46562
-2.85248
-2.85921
-2.08783
-0.845984
0.00110097
0.108094
0.341726
1.32111
2.5197
2.98784
2.4288
1.3551
0.361504
-0.4182
-1.0748
-1.5208
-1.3273
-0.377018
0.723559
1.08759
0.456566
-0.437801
-0.800272
-0.676089
-0.45742
-0.0943982
0.634311
1.4327
1.45972
0.30322
-1.16191
-1.84236
-1.64258
-1.12993
-0.626244
-0.0786354
0.461661
0.534127
-0.0231364
-0.439159
-0.21178
0.171792
0.0434897
-0.468978
-0.547912
0.23706
1.12051
1.06582
0.245069
-0.25411
0.145381
0.978981
1.41636
1.24181
1.02252
1.39453
2.0905
2.23449
1.33985
-0.100137
-1.07902
-1.13733
-0.555663
-0.0207217
-0.154535
-0.750563
-1.12925
-1.16241
-1.36135
-1.95253
-2.36367
-1.90325
-0.74266
0.349089
1.00376
1.35225
1.42164
1.08017
0.394493
-0.245949
-0.379215
-0.128357
0.0848937
0.0100553
-0.263026
-0.410753
-0.314799
-0.271589
-0.578318
-1.07647
-1.52348
-1.86356
-2.03433
-1.8652
-1.24674
-0.268778
0.663743
0.973283
0.531312
-0.239311
-0.938958
-1.35401
-1.39192
-1.25408
-1.20341
-1.03828
-0.27667
1.10021
2.48329
3.20587
3.10397
2.40137
1.50444
0.886953
0.650806
0.268847
-0.537309
-1.19065
-1.02578
-0.304208
-0.0484073
-0.710407
-1.55269
-1.85193
-1.797
-1.69741
-1.21546
0.0196052
1.60366
2.638
2.66451
2.42604
2.44745
2.24173
1.28902
0.0174073
-0.760879
-0.652831
-0.0162202
0.413429
0.493971
0.528013
0.733136
1.21096
1.79699
1.85275
0.984705
0.00268993
-0.0569017
0.492502
0.695756
0.473659
0.496503
0.795679
0.594431
-0.343131
-1.27076
-1.65688
-1.58491
-1.26741
-0.902225
-0.714813
-0.759413
-0.738991
-0.377002
0.0933139
0.286608
0.277075
0.325468
0.312636
-0.0569443
-0.536921
-0.551136
-0.21118
-0.142836
-0.420304
-0.549945
-0.313705
-0.145078
-0.418688
-0.892805
-1.21305
-1.39706
-1.47107
-1.24044
-0.677456
-0.0628184
0.391276
0.78728
1.25313
1.53723
1.07417
-0.236391
-1.77318
-2.6277
-2.23417
-0.963634
0.134562
0.455226
0.36925
0.380635
0.480542
0.477002
0.458813
0.620875
0.860539
0.801199
0.181997
-0.840467
-1.66658
-1.66851
-0.769616
0.411889
1.04382
0.94531
0.690135
0.512851
0.0585631
-0.740493
-1.32599
-1.14827
-0.31364
0.619536
1.27652
1.60142
1.55244
1.05127
0.237879
-0.581321
-1.17234
-1.271
-0.831327
-0.137647
0.206394
-0.118251
-0.522751
-0.364172
0.0807337
0.0659372
-0.499037
-1.02078
-1.13271
-1.07415
-1.06588
-0.95363
-0.57982
-0.104551
0.314139
0.678042
0.814235
0.5669
0.33489
0.650761
1.23032
1.29978
0.817289
0.572455
0.831006
0.976982
0.505401
-0.113152
-0.136845
0.464942
1.07668
1.23135
1.0598
0.804061
0.5344
0.23224
-0.158895
-0.615798
-0.89146
-0.709131
-0.270686
-0.106022
-0.378437
-0.652076
-0.459966
0.0837899
0.459824
0.485207
0.654657
1.13182
1.25197
0.448765
-0.717925
-1.21628
-0.706086
0.114064
0.413874
0.464374
0.834909
1.32307
1.42424
1.02937
0.310806
-0.570893
-1.36915
-1.79505
-1.75896
-1.3698
-0.837853
-0.395016
-0.106368
0.157705
0.43103
0.522564
0.199891
-0.514106
-1.31178
-1.85186
-1.9696
-1.63
-1.07103
-0.827724
-0.9714
-1.01792
-0.632861
-0.0305437
0.336672
0.247868
-0.0466418
-0.0603541
0.428008
1.15156
1.74157
1.95987
1.747
1.26382
0.765319
0.372905
-0.114561
-0.818956
-1.46378
-1.57519
-1.02774
-0.203108
0.407661
0.603048
0.492636
0.211171
-0.17857
-0.461184
-0.333791
0.250966
0.993376
1.51796
1.6501
1.45962
1.02129
0.313836
-0.607778
-1.46821
-1.75455
-1.04534
0.307629
1.28503
1.21658
0.229564
-0.920835
-1.38853
-1.00467
-0.455617
-0.493352
-1.0051
-1.36018
-1.28736
-1.12853
-1.26411
-1.62948
-1.81566
-1.48141
-0.508207
0.881139
2.03992
2.37721
2.0242
1.73657
1.9141
1.99102
1.3872
0.661916
0.495816
0.558041
0.195306
-0.454794
-0.804722
-0.592014
-0.131974
0.0339055
-0.120207
-0.185675
0.174949
0.928953
1.57513
1.47672
0.696569
0.0833753
0.136441
0.366042
0.192969
-0.324539
-0.768293
-0.982104
-1.08046
-0.993849
-0.50315
0.350318
1.15036
1.54258
1.6057
1.50543
1.27841
1.06676
1.03874
0.908154
0.282592
-0.600398
-1.17276
-1.22981
-0.975713
-0.731895
-0.725621
-0.965067
-1.18892
-1.1083
-0.629717
0.068795
0.709501
1.08096
0.992598
0.484426
-0.178589
-0.581896
-0.392035
0.226044
0.792364
0.977271
0.826825
0.562765
0.144759
-0.536923
-1.19198
-1.34742
-0.844674
0.0304393
0.79812
1.18419
1.45672
1.8827
2.12745
1.51443
-0.0307054
-1.71265
-2.62928
-2.38431
-1.50788
-0.586602
0.0578487
0.238763
0.159851
0.24454
0.520714
0.455928
-0.275443
-1.16604
-1.41275
-0.860961
-0.00921121
0.567201
0.667676
0.50474
0.257704
-0.159439
-0.75956
-1.25584
-1.25837
-0.742944
-0.137229
0.297575
0.726344
1.31173
1.76983
1.74124
1.3971
1.24454
1.3857
1.39943
0.972746
0.353855
-0.209029
-0.740213
-1.21959
-1.45235
-1.32343
-0.917768
-0.359137
0.228849
0.650084
0.752572
0.556049
0.135425
-0.438617
-0.917349
-0.88837
-0.246722
0.439894
0.561317
0.0526001
-0.578633
-0.859731
-0.940604
-1.27103
-1.80042
-2.00382
-1.74555
-1.15675
-0.243605
0.923367
1.88433
2.00502
1.1832
0.136948
-0.32339
-0.149634
0.261024
0.69356
1.10703
1.41744
1.60252
1.73668
1.75347
1.41494
0.611563
-0.500715
-1.56218
-2.20868
-2.19795
-1.65483
-1.09887
-0.692086
-0.177523
0.586837
1.37697
1.91864
2.24942
2.47445
2.21731
1.29408
0.387889
0.211243
0.479901
0.309866
-0.71497
-2.13754
-3.1315
-3.54732
-3.54591
-3.09363
-2.21741
-1.11992
0.0708418
1.44875
2.85382
3.56005
3.31321
2.50165
1.62682
0.801755
-0.137349
-1.2385
-2.23408
-2.70519
-2.58732
-2.19871
-1.78746
-1.34085
-0.765958
-0.113139
0.386661
0.531432
0.531264
0.662237
0.953783
1.24574
1.37162
1.3127
1.032
0.436947
-0.25559
-0.714945
-0.73754
-0.385741
0.11953
0.432622
0.199191
-0.51997
-1.0948
-1.071
-0.673804
-0.253218
0.213797
0.857586
1.56847
2.06744
2.2139
2.12216
1.71438
0.824218
-0.273701
-0.988208
-1.08454
-0.914684
-1.01188
-1.48555
-1.91187
-1.83104
-1.26602
-0.568266
-0.065429
0.0915252
0.088673
0.350467
1.03246
1.72823
2.02153
1.88107
1.47086
0.844558
0.0297586
-0.619756
-0.77527
-0.436399
0.0286999
0.152265
-0.15486
-0.583647
-0.956137
-1.3804
-1.7853
-1.86053
-1.3943
-0.571681
0.206265
0.556794
0.340338
-0.106368
-0.183279
0.401851
1.30994
1.94401
1.90316
1.29882
0.622888
0.211214
0.159081
0.368811
0.707613
0.883211
0.530766
-0.294576
-1.18923
-1.79541
-1.8481
-1.1993
-0.023519
1.00039
1.10319
0.251719
-0.765346
-1.13422
-0.802715
-0.290239
0.0346151
0.210573
0.327309
0.394647
0.503673
0.907755
1.634
2.14906
2.04355
1.47447
0.934323
0.745798
0.645762
0.171109
-0.745328
-1.61137
-1.83871
-1.58437
-1.42675
-1.60037
-1.78984
-1.46649
-0.453322
0.646145
0.966572
0.527219
0.139451
0.206101
0.435427
0.46356
0.273025
0.0326329
-0.15369
-0.329085
-0.45052
-0.331598
0.0907908
0.601855
1.00198
1.27819
1.37624
1.06948
0.36546
-0.313614
-0.610223
-0.713054
-0.974256
-1.31553
-1.39685
-1.30401
-1.41961
-1.58783
-1.17656
-0.0117233
1.20829
1.66627
1.35812
0.79032
0.169594
-0.55463
-1.1413
-1.23624
-0.951926
-0.703009
-0.513742
0.094979
1.29158
2.44859
2.75027
2.25452
1.4707
0.499101
-0.688112
-1.53825
-1.37838
-0.547523
0.0413193
0.0538555
-0.259767
-0.582955
-0.811339
-1.03072
-1.26201
-1.35539
-1.11933
-0.50855
0.180262
0.367198
-0.206315
-0.99447
-1.12695
-0.509743
0.147867
0.284214
0.0602872
-0.0160248
0.263747
0.566577
0.472627
0.153038
0.201173
0.753975
1.40741
1.76531
1.77539
1.52144
0.997467
0.391504
0.0566873
0.0814138
0.115223
-0.252131
-0.929619
-1.47572
-1.43796
-0.768106
-0.0887375
0.162392
0.147173
0.193162
0.241359
-0.10478
-1.02298
-2.00907
-2.31975
-1.84219
-0.967297
0.0347184
0.912163
1.38624
1.51286
1.55239
1.51355
1.06706
0.000382975
-1.26328
-1.76774
-0.987257
0.628826
1.85769
1.60117
0.189272
-0.996168
-1.04312
-0.388462
-0.00135057
-0.332679
-1.02742
-1.32292
-0.926782
-0.388245
-0.226173
-0.275602
0.12459
1.33927
2.81376
3.42632
2.63003
1.37158
0.591467
0.202668
-0.312479
-1.05152
-1.67925
-1.95042
-1.88384
-1.55737
-1.0626
-0.560295
-0.0798253
0.529198
1.12988
1.16939
0.429191
-0.431755
-0.651837
-0.260092
0.365672
1.05341
1.68177
2.02786
1.90071
1.30617
0.521045
-0.138484
-0.484385
-0.540213
-0.497726
-0.484873
-0.461892
-0.317692
-0.0878962
0.0182237
-0.0817873
-0.145319
-0.0251796
0.0114658
-0.268159
-0.526356
-0.28538
0.310919
0.661725
0.5001
0.123272
-0.0731305
-0.0935373
-0.179192
-0.302565
-0.164803
0.303093
0.745984
0.808123
0.594163
0.419866
0.33646
0.121173
-0.310843
-0.737523
-0.847747
-0.641015
-0.397626
-0.351863
-0.464787
-0.494372
-0.298446
0.0372484
0.344745
0.504923
0.431847
0.138094
-0.149715
-0.204077
-0.0493519
0.112394
0.208874
0.225608
0.062885
-0.284344
-0.663746
-0.867121
-0.706765
-0.211009
0.330087
0.576601
0.520129
0.383575
0.225651
-0.109035
-0.521357
-0.510595
0.0870204
0.731417
0.952575
0.752131
0.35956
-0.0793991
-0.533997
-0.883688
-0.981848
-0.77227
-0.421021
-0.316653
-0.635221
-1.10312
-1.21329
-0.740698
-0.0290752
0.507156
0.668811
0.530933
0.358738
0.377319
0.502118
0.37086
-0.126777
-0.622335
-0.796757
-0.762403
-0.786133
-0.910123
-0.90433
-0.560691
-0.0302736
0.318005
0.40528
0.477784
0.690506
0.904932
0.954994
0.794926
0.509419
0.325489
0.345002
0.424908
0.345996
0.0412838
-0.317583
-0.452985
-0.333575
-0.292668
-0.541402
-0.731686
-0.370371
0.555841
1.4815
1.77656
1.36765
0.683377
0.00748249
-0.65718
-1.17531
-1.3027
-1.11148
-0.908766
-0.88515
-0.932332
-0.737855
-0.174082
0.493629
0.828218
0.673212
0.265271
0.00443178
0.100648
0.414362
0.652083
0.661062
0.443958
0.112407
-0.125572
-0.0726175
0.264412
0.617186
0.788449
0.809696
0.758899
0.597756
0.250098
-0.200616
-0.48415
-0.43495
-0.243355
-0.139531
-0.104867
-0.0170372
0.0629212
-0.0445627
-0.3973
-0.831654
-1.12435
-1.147
-0.805744
-0.0670354
0.759885
1.18376
1.10956
0.930485
0.954133
0.910912
0.459132
-0.244878
-0.730482
-0.753636
-0.489713
-0.201416
0.0699127
0.37984
0.631113
0.577775
0.165253
-0.385322
-0.804281
-0.926306
-0.739673
-0.376214
-0.121954
-0.210326
-0.53887
-0.637096
-0.203527
0.486548
1.02035
1.28934
1.50807
1.69866
1.62097
1.18865
0.583326
-0.0679343
-0.750267
-1.29459
-1.45596
-1.34771
-1.18384
-0.975094
-0.667409
-0.319548
-0.0068922
0.258234
0.43453
0.463483
0.352375
0.186557
0.127082
0.239929
0.268473
-0.0759291
-0.608499
-0.856145
-0.613468
-0.0816119
0.36504
0.534074
0.56582
0.656442
0.732271
0.595472
0.365874
0.3329
0.463152
0.499533
0.396471
0.307081
0.269263
0.191017
0.0214213
-0.227997
-0.494197
-0.645047
-0.603274
-0.463044
-0.384971
-0.455351
-0.56002
-0.531102
-0.336535
-0.102561
0.0229262
0.0190242
0.00171685
0.0368803
0.0161603
-0.162635
-0.400109
-0.443776
-0.174266
0.1829
0.305487
0.219546
0.19253
0.27644
0.275478
0.113528
-0.0507401
-0.0732371
-0.00954966
0.0285738
0.0354607
0.0670286
0.126542
0.192849
0.272707
0.305686
0.168841
-0.153303
-0.443226
-0.457221
-0.264861
-0.0778237
-0.0127996
-0.108327
-0.333965
-0.540747
-0.539784
-0.229653
0.370047
1.05869
1.50261
1.38439
0.728136
0.00328452
-0.351719
-0.294739
-0.125896
0.0536884
0.261086
0.313104
0.0579086
-0.378462
-0.751964
-0.855823
-0.575348
0.0351649
0.679312
0.959032
0.74406
0.286514
-0.0164829
0.0193694
0.121762
-0.0963522
-0.480369
-0.562207
-0.248638
0.0908073
0.194786
0.275678
0.594445
0.954942
0.979954
0.57801
0.0518487
-0.248213
-0.33077
-0.414726
-0.515829
-0.474146
-0.262108
0.00551517
0.178434
0.15111
-0.0222863
-0.159972
-0.202919
-0.271099
-0.347489
-0.231163
0.0912831
0.263243
-0.033284
-0.629453
-0.996759
-0.795314
-0.339648
0.0116941
0.228245
0.303041
0.144735
-0.225512
-0.472147
-0.178672
0.538175
1.12663
1.12628
0.577672
-0.12116
-0.55331
-0.605527
-0.538163
-0.63971
-0.918036
-1.10766
-0.921567
-0.324761
0.357261
0.754839
0.88957
1.02946
1.22335
1.1745
0.70158
0.11117
-0.165189
-0.125683
-0.0501821
-0.103838
-0.231643
-0.292307
-0.172935
0.0847258
0.310589
0.316807
0.00994909
-0.474655
-0.780064
-0.725035
-0.501033
-0.321336
-0.185608
-0.00857103
0.305066
0.736503
1.04248
1.09526
1.00372
0.900637
0.79212
0.619727
0.402634
0.210174
0.058676
-0.0768957
-0.1945
-0.246323
-0.240726
-0.276064
-0.408315
-0.527165
-0.430025
-0.0847615
0.285556
0.464321
0.443836
0.326861
0.178328
-0.046527
-0.36595
-0.571441
-0.486139
-0.215396
-0.0273608
-0.0350162
-0.10818
-0.155703
-0.210047
-0.229473
-0.0966134
0.202011
0.564725
0.815867
0.778627
0.416815
-0.0949247
-0.506459
-0.668151
-0.646908
-0.603455
-0.576589
-0.50136
-0.381627
-0.26696
-0.119163
0.0947748
0.263185
0.257609
0.159198
0.191088
0.378784
0.524898
0.458633
0.265439
0.189583
0.211185
0.152937
0.0626637
0.111735
0.287473
0.411318
0.378165
0.204241
-0.0123426
-0.115939
-0.062176
-0.0980519
-0.440606
-0.843404
-0.932276
-0.716051
-0.494127
-0.376496
-0.287302
-0.127633
0.176426
0.570422
0.812331
0.686018
0.305802
-0.0683632
-0.328259
-0.500215
-0.529007
-0.345299
-0.0710323
0.0904219
0.163198
0.298058
0.415273
0.303821
0.031558
-0.0436018
0.314004
0.800941
0.834675
0.484475
0.152475
-0.153414
-0.651169
-1.22662
-1.52538
-1.344
-0.849786
-0.404287
-0.0483809
0.335279
0.722913
1.04442
1.2496
1.2149
0.784485
0.0285386
-0.65744
-0.882997
-0.632712
-0.247992
-0.037305
0.0675932
0.274124
0.531665
0.658065
0.625895
0.510234
0.376534
0.275124
0.210495
0.0375783
-0.394602
-0.909645
-1.20072
-1.1554
-0.95273
-0.742211
-0.453227
0.0099408
0.542813
0.943921
1.1602
1.21957
1.10055
0.805907
0.440672
0.162371
0.0186354
-0.137475
-0.455971
-0.78437
-0.80273
-0.468441
-0.132757
-0.0548286
-0.201893
-0.450239
-0.730855
-1.0141
-1.11984
-0.823474
-0.180248
0.408624
0.57998
0.460952
0.408909
0.440806
0.301278
-0.0463272
-0.340018
-0.372566
-0.32199
-0.477965
-0.743713
-0.763096
-0.452431
-0.0724277
0.0989912
0.0959954
0.163946
0.462077
0.861301
1.05526
0.961052
0.678512
0.330563
0.0188675
-0.167905
-0.192008
-0.0927082
0.0473639
0.122719
0.0761894
-0.063521
-0.254226
-0.49078
-0.773284
-0.975878
-0.858647
-0.45745
-0.0506972
0.149914
0.184553
0.230093
0.32217
0.331481
0.217328
0.109216
0.0688053
0.0687261
0.111656
0.189532
0.239005
0.209736
0.1309
0.0354992
-0.0994068
-0.263711
-0.36489
-0.363534
-0.356628
-0.432969
-0.482906
-0.32406
-0.0202693
0.198762
0.212101
0.10076
-0.00278488
-0.0995325
-0.208442
-0.194984
0.0415683
0.30141
0.301191
0.0918282
-0.0692317
-0.072558
0.0133962
0.106872
0.169326
0.171733
0.132235
0.131977
0.228404
0.356024
0.386724
0.292174
0.159654
0.0294569
-0.132936
-0.288731
-0.315612
-0.268771
-0.375878
-0.685357
-0.877126
-0.63651
-0.063146
0.532616
0.914761
1.00585
0.852594
0.509922
0.0151516
-0.485788
-0.759549
-0.689571
-0.384106
-0.114942
-0.0760501
-0.165776
-0.144277
0.0578947
0.295507
0.48307
0.644211
0.733591
0.646404
0.392775
0.130748
-0.000228572
-0.0492053
-0.171197
-0.370002
-0.45868
-0.32665
-0.116762
-0.0661359
-0.182658
-0.250698
-0.13498
0.103474
0.360875
0.540483
0.567654
0.435232
0.198067
-0.0242528
-0.159711
-0.239869
-0.34582
-0.536245
-0.765601
-0.88651
-0.672415
-0.105522
0.419188
0.700051
0.810033
0.777829
0.558704
0.168761
-0.313156
-0.708147
-0.78274
-0.569816
-0.333471
-0.168976
0.00441682
0.21365
0.40595
0.513034
0.456681
0.261675
0.014221
-0.192413
-0.293395
-0.289687
-0.216697
-0.0543068
0.172071
0.241705
0.0246007
-0.253372
-0.259251
-0.0149171
0.157795
0.0863446
-0.0854934
-0.227934
-0.400116
-0.574967
-0.555239
-0.208054
0.327345
0.700723
0.694229
0.446312
0.254173
0.178165
0.106177
-0.0242586
-0.197071
-0.36201
-0.387471
-0.177573
0.0807552
0.109905
-0.144879
-0.422596
-0.493467
-0.427672
-0.450301
-0.591023
-0.587488
-0.208505
0.403676
0.929496
1.14954
1.05139
0.784847
0.526515
0.38276
0.282961
0.150768
0.0259708
-0.0421995
-0.0904593
-0.183852
-0.296446
-0.312207
-0.18196
-0.00715203
0.0986553
0.0993563
0.00230368
-0.133467
-0.198149
-0.179625
-0.188029
-0.298532
-0.471713
-0.656741
-0.72869
-0.511328
-0.0126522
0.503686
0.741298
0.721232
0.539701
0.248758
-0.0122437
-0.126162
-0.130243
-0.129387
-0.183068
-0.265646
-0.300426
-0.246173
-0.1452
-0.0296363
0.100988
0.206596
0.255884
0.318796
0.454762
0.535461
0.364585
-0.050566
-0.436733
-0.548759
-0.480634
-0.487556
-0.534784
-0.422223
-0.155482
0.0784991
0.222908
0.397739
0.670997
0.886573
0.832888
0.56766
0.34079
0.300245
0.358218
0.309614
0.0762828
-0.203897
-0.369255
-0.443002
-0.526689
-0.617516
-0.64343
-0.596516
-0.45728
-0.120387
0.377805
0.778353
0.885328
0.769923
0.649155
0.595534
0.486208
0.169144
-0.262245
-0.466138
-0.340834
-0.10418
-0.036812
-0.218828
-0.444382
-0.447827
-0.233388
-0.0413832
0.0377253
0.176311
0.448334
0.604329
0.416746
0.0301199
-0.274265
-0.38129
-0.41156
-0.455994
-0.507437
-0.575119
-0.689266
-0.825964
-0.860392
-0.709062
-0.450188
-0.078688
0.467571
1.03331
1.34745
1.2935
0.990752
0.662248
0.414025
0.143506
-0.26384
-0.744232
-1.04214
-0.968725
-0.645117
-0.30605
-0.044214
0.216776
0.473776
0.608296
0.595787
0.579528
0.649211
0.621187
0.27867
-0.226336
-0.646778
-0.898905
-1.00745
-0.943975
-0.632265
-0.0777314
0.524197
0.868243
0.877224
0.736334
0.562586
0.304881
-0.0566019
-0.373571
-0.460748
-0.325829
-0.188191
-0.127408
-0.040135
0.098549
0.1648
0.090659
-0.013823
0.00375416
0.131633
0.251083
0.283002
0.229888
0.136623
0.0206101
-0.171563
-0.431728
-0.570856
-0.463774
-0.24104
-0.0587968
0.0931644
0.302771
0.574264
0.73872
0.574307
0.167791
-0.234326
-0.473844
-0.499499
-0.377151
-0.253749
-0.206407
-0.150083
-0.0089063
0.112588
0.140101
0.201974
0.363867
0.431411
0.213239
-0.109106
-0.207374
-0.115781
-0.0849667
-0.169743
-0.251778
-0.24935
-0.190377
-0.0838937
0.141301
0.448153
0.614885
0.479549
0.15894
-0.112412
-0.270819
-0.383823
-0.487641
-0.559486
-0.580149
-0.543217
-0.43493
-0.222042
0.074289
0.348924
0.511702
0.546927
0.476164
0.329684
0.156964
0.041475
0.0588939
0.23582
0.468824
0.527976
0.374454
0.154904
-0.0408653
-0.237397
-0.4358
-0.559132
-0.561667
-0.500196
-0.436351
-0.305448
-0.0181134
0.352461
0.635396
0.736753
0.692932
0.546398
0.26714
-0.0580057
-0.20762
-0.13953
-0.0440159
-0.0441496
-0.118479
-0.28523
-0.517391
-0.64
-0.51986
-0.231036
0.025356
0.104786
-0.000237316
-0.169239
-0.232073
-0.15366
-0.028312
0.121688
0.324665
0.521249
0.612506
0.580661
0.504957
0.449345
0.358875
0.167597
-0.0355302
-0.1234
-0.162745
-0.329657
-0.535021
-0.494214
-0.271597
-0.149498
-0.19593
-0.232928
-0.128426
0.059212
0.17765
0.152315
0.0807869
0.0933099
0.173548
0.203315
0.131999
0.03319
0.0107205
0.0680673
0.12136
0.166889
0.271583
0.422826
0.464478
0.25124
-0.21835
-0.76453
-1.09021
-1.12961
-0.929559
-0.497829
0.023536
0.3377
0.346584
0.315477
0.452506
0.524273
0.308648
-0.012792
-0.144042
-0.116469
-0.16417
-0.351724
-0.490745
-0.409653
-0.195583
-0.0387874
0.0569818
0.205909
0.408717
0.583164
0.698426
0.710989
0.571789
0.281446
-0.0848545
-0.41149
-0.601232
-0.63542
-0.558939
-0.417528
-0.243928
-0.0858925
-0.0107883
0.0150846
0.112937
0.301894
0.419934
0.320958
0.0893747
-0.0466659
0.0207903
0.224697
0.40119
0.42788
0.346697
0.229086
0.0362385
-0.267689
-0.566084
-0.663423
-0.518658
-0.324213
-0.237091
-0.165179
0.0525787
0.341068
0.508401
0.45156
0.250481
0.0407434
-0.129992
-0.25847
-0.244101
-0.01188
0.242142
0.258902
0.0583145
-0.132698
-0.162378
-0.0620686
0.0708437
0.169767
0.248587
0.313139
0.324752
0.282525
0.232512
0.163081
0.0461105
-0.0164989
0.115765
0.319604
0.301541
0.00501879
-0.350601
-0.555447
-0.558503
-0.43327
-0.276705
-0.158932
-0.0806362
0.0103895
0.127753
0.193217
0.110239
-0.108401
-0.280917
-0.253902
-0.0384419
0.216055
0.383154
0.465793
0.50189
0.427253
0.201743
-0.0443714
-0.222643
-0.342465
-0.406681
-0.414601
-0.382563
-0.293056
-0.101965
0.120355
0.233596
0.244574
0.29794
0.417512
0.459743
0.364749
0.255528
0.214832
0.124174
-0.123544
-0.441824
-0.68108
-0.775929
-0.683496
-0.310548
0.218371
0.471018
0.34984
0.127459
0.00764217
-0.0650403
-0.226301
-0.459972
-0.527087
-0.200099
0.389774
0.854694
1.01062
0.869029
0.485702
0.0521157
-0.182195
-0.202117
-0.254126
-0.387827
-0.439376
-0.3924
-0.425291
-0.601932
-0.71537
-0.57752
-0.332925
-0.14842
0.0278575
0.277447
0.510392
0.559052
0.378952
0.116757
-0.0968891
-0.281505
-0.39779
-0.283469
0.0446169
0.30867
0.30135
0.100538
-0.130696
-0.378336
-0.647429
-0.816033
-0.744657
-0.464166
-0.153116
0.0572819
0.202733
0.361967
0.495484
0.47853
0.301523
0.11028
0.0247311
-0.0125684
-0.109627
-0.211069
-0.214385
-0.162143
-0.156841
-0.188552
-0.144312
0.0605763
0.352921
0.518324
0.480117
0.309025
0.090526
-0.114282
-0.256095
-0.302314
-0.238852
-0.128047
-0.0936773
-0.109
-0.034045
0.152802
0.321848
0.342153
0.230037
0.13528
0.0965876
-0.0273429
-0.275823
-0.474559
-0.492775
-0.447828
-0.510283
-0.580988
-0.417019
-0.0390473
0.33196
0.521514
0.520731
0.458953
0.425226
0.39717
0.333839
0.252075
0.170848
0.0880378
0.0233982
0.0260126
0.123166
0.269972
0.375923
0.386334
0.312219
0.197
0.0981062
0.0711414
0.107527
0.087415
-0.125685
-0.495401
-0.805466
-0.921988
-0.909293
-0.823625
-0.556805
-0.0460404
0.490876
0.751452
0.752902
0.734083
0.712889
0.546193
0.279218
0.101159
0.0562845
0.0174076
-0.0877402
-0.23158
-0.381001
-0.51661
-0.566878
-0.479431
-0.378954
-0.41441
-0.463498
-0.297256
0.0490225
0.370807
0.582706
0.695234
0.662035
0.412794
0.07395
-0.0506812
0.0752774
0.216806
0.17964
-0.0206667
-0.231188
-0.302561
-0.215579
-0.109446
-0.122112
-0.209031
-0.252205
-0.214209
-0.12803
-0.0219735
0.0456401
-0.00176094
-0.0973224
-0.133699
-0.142317
-0.209306
-0.27979
-0.220612
0.0225661
0.318007
0.419237
0.327265
0.26374
0.343475
0.431475
0.345634
0.102666
-0.111691
-0.225005
-0.322462
-0.409268
-0.384452
-0.204322
0.0393853
0.176222
0.123161
-0.0330321
-0.1298
-0.104592
-0.0364603
-0.0574995
-0.16588
-0.212323
-0.0521474
0.259743
0.477173
0.504822
0.428392
0.36426
0.361332
0.369566
0.294574
0.135515
-0.00597208
-0.0876111
-0.159472
-0.245037
-0.312002
-0.338533
-0.366799
-0.464351
-0.619969
-0.726733
-0.681722
-0.442095
-0.0459746
0.360474
0.628924
0.695325
0.618208
0.53375
0.442412
0.256762
0.023721
-0.123585
-0.137987
-0.0836283
-0.0281358
0.0348016
0.115241
0.166924
0.152137
0.0630997
-0.0817602
-0.220335
-0.244919
-0.0648699
0.222767
0.381311
0.285498
0.0833782
-0.0129512
-0.0145981
-0.0307348
-0.0455199
0.00751619
0.0703415
0.016599
-0.166522
-0.346105
-0.369756
-0.224891
-0.077468
-0.0544144
-0.112804
-0.161297
-0.150851
-0.0217163
0.238571
0.493322
0.547064
0.330368
0.00637868
-0.262779
-0.437194
-0.514401
-0.487794
-0.382257
-0.293283
-0.292853
-0.299049
-0.20231
-0.0499164
0.0306011
0.0288292
0.0171564
0.018066
0.0111913
0.0206097
0.0839861
0.163767
0.197143
0.195504
0.208206
0.202381
0.1262
0.0657412
0.102302
0.145563
0.089356
0.00521208
0.00891232
0.0537182
0.0301718
-0.0296546
-0.021984
0.0147608
-0.0164839
-0.073821
-0.0313217
0.11764
0.220393
0.174813
0.0843857
0.0883305
0.132766
0.103753
0.0337214
0.00762529
-0.0308592
-0.160612
-0.282752
-0.25356
-0.0766499
0.108555
0.19847
0.257641
0.387265
0.530577
0.529447
0.367001
0.157094
-0.0181826
-0.124101
-0.151831
-0.159176
-0.228238
-0.333637
-0.374158
-0.365586
-0.383563
-0.383166
-0.249268
0.0157425
0.262654
0.347836
0.251948
0.103151
0.00345723
-0.0282418
-0.0168331
0.00929489
0.0642337
0.183877
0.307116
0.276401
0.0756307
-0.156824
-0.324134
-0.430023
-0.47184
-0.443264
-0.402827
-0.384632
-0.337997
-0.230571
-0.070665
0.147046
0.392288
0.586068
0.677756
0.659035
0.573304
0.437882
0.253569
0.0541831
-0.125994
-0.280824
-0.354072
-0.262454
-0.0416762
0.174875
0.283408
0.309114
0.347003
0.425356
0.457162
0.312022
-0.0038763
-0.315626
-0.490635
-0.560052
-0.582408
-0.512796
-0.271567
0.013628
0.0748221
-0.0219214
-0.039263
0.0505277
0.101534
0.0495368
-0.0230345
-0.0735717
-0.165134
-0.277834
-0.279847
-0.11354
0.0857463
0.193858
0.252918
0.357125
0.482559
0.53256
0.456431
0.265385
-0.00521226
-0.26273
-0.384791
-0.323536
-0.203467
-0.201186
-0.234804
-0.12166
0.0796597
0.206211
0.271046
0.339532
0.319071
0.131056
-0.088519
-0.19948
-0.161866
-0.0351816
0.0542427
0.0379869
-0.0247894
-0.0734983
-0.13279
-0.189834
-0.157729
-0.0169165
0.107749
0.0879387
-0.0371069
-0.132797
-0.151904
-0.173714
-0.23216
-0.278173
-0.289664
-0.27654
-0.202617
-0.007431
0.232978
0.308566
0.189702
0.046636
0.0363767
0.152344
0.270525
0.30569
0.322239
0.384353
0.378763
0.177952
-0.130454
-0.355207
-0.439744
-0.453052
-0.40088
-0.273217
-0.148649
-0.0806874
-0.0169995
0.0871571
0.161561
0.117998
-0.0070964
-0.0846024
-0.0592667
0.00252006
0.0389269
0.0344357
-0.0146041
-0.104369
-0.204554
-0.283421
-0.334291
-0.332027
-0.229625
-0.0573507
0.0909006
0.179146
0.243978
0.27892
0.252975
0.221103
0.22806
0.196661
0.0465283
-0.126286
-0.165204
-0.0817948
-0.0438982
-0.113287
-0.150317
-0.0501331
0.114991
0.243881
0.293598
0.242979
0.0861573
-0.141523
-0.361573
-0.488965
-0.512573
-0.448179
-0.261558
0.0638905
0.375696
0.440848
0.306751
0.145475
0.021565
-0.0864653
-0.182563
-0.210944
-0.140493
-0.0627546
-0.0674089
-0.0643103
0.0442765
0.161148
0.165813
0.0977003
0.0761297
0.126046
0.170086
0.157249
0.106564
0.0240344
-0.10541
-0.251194
-0.341764
-0.347597
-0.300438
-0.24276
-0.187238
-0.148031
-0.09495
0.0464845
0.25037
0.335885
0.215804
0.0645641
-0.0225628
-0.156225
-0.363033
-0.468141
-0.333022
-0.0482618
0.152413
0.128608
-0.0333115
-0.161921
-0.223321
-0.301344
-0.41436
-0.409852
-0.127179
0.31604
0.598188
0.562826
0.386391
0.338759
0.407605
0.372513
0.171999
-0.00269031
-0.0219391
-0.010227
-0.0741132
-0.179243
-0.28604
-0.332949
-0.234991
-0.0553529
0.0603748
0.145135
0.314643
0.535273
0.644074
0.538481
0.295827
0.075257
-0.0319146
-0.116973
-0.27777
-0.474454
-0.572727
-0.498165
-0.317863
-0.161896
-0.078468
0.00341011
0.148143
0.286963
0.299
0.168649
0.00643701
-0.0698367
-0.0640356
-0.0689034
-0.0918875
-0.0376482
0.113959
0.233128
0.203181
0.0769016
-0.0104912
0.015842
0.113079
0.213904
0.256751
0.187963
0.0345948
-0.112111
-0.159473
-0.097939
-0.0542357
-0.104962
-0.188565
-0.253197
-0.318978
-0.352935
-0.303028
-0.238017
-0.209788
-0.145083
-0.0118697
0.138626
0.243299
0.255288
0.183043
0.099795
0.0537799
0.00206495
-0.0566851
-0.0351847
0.0812169
0.171902
0.155702
0.0930331
0.0824539
0.108204
0.0857568
0.0119579
-0.0313123
-0.0324833
-0.0835228
-0.22779
-0.3493
-0.335634
-0.248216
-0.189033
-0.143841
-0.0499795
0.0883778
0.205155
0.251453
0.201593
0.049501
-0.173329
-0.336717
-0.293677
-0.0920809
0.0881091
0.148724
0.121485
0.0863483
0.0646624
0.0390781
0.0257717
0.0476443
0.0629665
0.023284
-0.0509641
-0.1495
-0.272907
-0.340699
-0.295118
-0.180813
-0.0622149
0.0404274
0.114814
0.153855
0.196817
0.250223
0.257066
0.207413
0.15393
0.0873503
-0.0304617
-0.128786
-0.10535
-0.00775771
0.0484489
0.0265559
-0.0442124
-0.109426
-0.120936
-0.105788
-0.115738
-0.146065
-0.174569
-0.191685
-0.158143
-0.0435632
0.102795
0.208315
0.249147
0.264165
0.27109
0.242489
0.143007
0.00958866
-0.046935
0.0354699
0.161499
0.201583
0.180886
0.149782
0.0839237
-0.0296312
-0.160933
-0.285074
-0.36516
-0.354157
-0.276454
-0.166667
0.0010395
0.19551
0.310372
0.308554
0.213222
0.0657181
-0.0642644
-0.136477
-0.168017
-0.157695
-0.0929597
-0.0189643
0.00514718
-0.0135184
-0.0383455
-0.0527264
-0.0302457
0.0527645
0.172538
0.245526
0.181772
0.00857973
-0.144256
-0.209982
-0.221647
-0.194283
-0.108036
0.0124545
0.110632
0.200259
0.308959
0.367056
0.287166
0.118631
-0.0217283
-0.115285
-0.206664
-0.26245
-0.213181
-0.0900178
0.034626
0.135812
0.236613
0.360933
0.462862
0.434033
0.257154
0.0609409
-0.0788608
-0.207438
-0.316529
-0.305449
-0.156482
-0.000106443
0.0753283
0.129544
0.228822
0.285729
0.180447
-0.00618323
-0.0770498
-0.0288099
-0.023591
-0.0931626
-0.10792
-0.0388275
0.012647
-0.0391661
-0.184801
-0.310085
-0.29453
-0.177359
-0.0767914
-0.00325011
0.0837741
0.164486
0.224267
0.293191
0.379362
0.426341
0.369529
0.230466
0.0524317
-0.142001
-0.298817
-0.359474
-0.350818
-0.337784
-0.289277
-0.128517
0.0698989
0.125274
0.0269389
-0.0620363
-0.0644055
-0.0596426
-0.0614728
0.0533328
0.274585
0.385553
0.256164
0.014776
-0.134288
-0.189834
-0.240988
-0.21387
-0.0491994
0.106572
0.104372
0.0163785
-0.00778184
0.0430696
0.0928978
0.102032
0.0885594
0.0783082
0.0595635
0.000896881
-0.106015
-0.219099
-0.264791
-0.204444
-0.0756204
0.0631185
0.187946
0.288006
0.316593
0.22777
0.0287692
-0.19721
-0.30724
-0.276019
-0.182076
-0.107602
-0.0679144
-0.0153719
0.0502478
0.0816557
0.0839328
0.0896262
0.057527
-0.0547126
-0.160055
-0.148662
-0.0345884
0.0839855
0.126565
0.0656667
-0.0472959
-0.125032
-0.135109
-0.100344
-0.0521317
-0.0131882
0.0127918
0.0360051
0.0516749
0.0420379
0.0417028
0.129488
0.300538
0.442142
0.446469
0.347028
0.27654
0.210897
0.0295357
-0.223994
-0.379623
-0.360789
-0.23041
-0.0789966
0.0482843
0.148165
0.221488
0.24363
0.196794
0.111119
0.0397441
-0.00770109
-0.0504805
-0.0715261
-0.00379855
0.167046
0.352323
0.44575
0.414065
0.26652
0.0630799
-0.0657554
-0.0788853
-0.0531068
-0.0811879
-0.184826
-0.301823
-0.324537
-0.224694
-0.108832
-0.0428325
0.0320643
0.127142
0.155093
0.0864689
9.00732e-05
-0.0555925
-0.0722627
-0.0209727
0.112793
0.242944
0.259168
0.191077
0.150194
0.142403
0.0626975
-0.117731
-0.30051
-0.37395
-0.313141
-0.155045
0.0406636
0.197166
0.24145
0.164813
0.0604458
0.0197862
0.0608903
0.154645
0.224361
0.133196
-0.14887
-0.394411
-0.396223
-0.202191
-0.0408821
-0.0541815
-0.118536
-0.0623931
0.0895785
0.184899
0.167937
0.122766
0.092061
0.0152956
-0.150228
-0.346959
-0.442658
-0.358708
-0.175861
-0.0579494
-0.0679543
-0.138913
-0.13579
0.0231436
0.267457
0.431494
0.399401
0.250017
0.0910843
-0.041104
-0.127266
-0.161604
-0.163356
-0.142052
-0.0839868
0.000436451
0.0676236
0.105263
0.154963
0.205824
0.154504
-0.0344697
-0.207136
-0.204589
-0.0999995
-0.0691992
-0.123372
-0.121046
-0.00232486
0.136864
0.201164
0.1638
0.0635364
-0.0425568
-0.114699
-0.164577
-0.220079
-0.252349
-0.213595
-0.125699
-0.0489961
0.0398405
0.178414
0.306488
0.344576
0.289309
0.181152
0.055228
-0.0282503
-0.0218263
0.02035
0.0121286
-0.050557
-0.100741
-0.115529
-0.134663
-0.154045
-0.13002
-0.071206
-0.0350206
-0.059317
-0.120991
-0.168776
-0.146203
-0.0426164
0.0701498
0.145003
0.192869
0.219323
0.17548
0.0130097
-0.213857
-0.349442
-0.307832
-0.199437
-0.160842
-0.179384
-0.180982
-0.154828
-0.135329
-0.12237
-0.0799912
0.00817172
0.113886
0.195524
0.24317
0.270023
0.266867
0.211942
0.128585
0.0759526
0.0527599
0.0269156
0.00368779
-0.00127127
-0.00891531
-0.0559537
-0.144877
-0.245226
-0.329463
-0.369555
-0.333114
-0.215766
-0.0713665
0.0310758
0.0752882
0.0746678
0.0371857
-0.0300441
-0.0935086
-0.117112
-0.110593
-0.0974532
-0.0687098
-0.0297103
-0.0277908
-0.058985
-0.0626044
-0.00817703
0.0763854
0.137167
0.135649
0.0838826
0.0147482
-0.0598037
-0.118535
-0.105929
-0.004681
0.112668
0.184863
0.227914
0.22069
0.112604
-0.0544584
-0.169388
-0.194578
-0.176633
-0.132001
-0.0427717
0.0567168
0.0968641
0.070406
0.00461284
-0.0712265
-0.125896
-0.144091
-0.136139
-0.124916
-0.13831
-0.170087
-0.1709
-0.125668
-0.0772742
-0.0548274
-0.0287824
0.0255061
0.0760294
0.0932057
0.0869867
0.0814454
0.0883189
0.0951422
0.0832942
0.0647338
0.0856868
0.162922
0.22355
0.159139
-0.0180304
-0.16663
-0.182432
-0.118148
-0.0922521
-0.105726
-0.0669814
0.03852
0.141147
0.169039
0.105867
0.00430746
-0.0724453
-0.107763
-0.13681
-0.161688
-0.159039
-0.115273
-4.2885e-05
0.190412
0.343939
0.35044
0.281143
0.235648
0.180933
0.0658263
-0.0544491
-0.0965613
-0.0903977
-0.165324
-0.324016
-0.410936
-0.364116
-0.22335
0.0284638
0.348172
0.496432
0.338693
0.0685917
-0.100633
-0.177024
-0.216781
-0.203295
-0.147194
-0.0976775
-0.0516838
0.0136063
0.0619791
0.0899309
0.146014
0.208569
0.195219
0.0986823
-0.00930322
-0.0739236
-0.0795429
-0.0329048
0.0231938
0.0220353
-0.0628965
-0.16314
-0.169849
-0.0736447
0.00637652
0.00268178
-0.0274825
-0.00969209
0.0562322
0.11576
0.140202
0.151231
0.153349
0.0893856
-0.0733091
-0.239045
-0.255077
-0.107893
0.0550725
0.125442
0.1512
0.180189
0.152673
0.035219
-0.0932142
-0.125294
-0.0552843
0.00784023
-0.00596739
-0.0407372
-0.0211833
0.0325188
0.0499178
0.0201248
0.00129586
0.0138811
-0.00845294
-0.0835324
-0.0951257
-0.0123374
0.0486154
0.0292957
-0.00698481
-0.0203757
-0.0434967
-0.0724461
-0.0370112
0.0850043
0.217678
0.264818
0.175126
-0.00510872
-0.157758
-0.210624
-0.161289
-0.0566079
0.0629759
0.176082
0.242612
0.211573
0.110231
0.0485999
0.0571998
0.0173343
-0.114929
-0.200446
-0.107748
0.114968
0.30452
0.343232
0.25193
0.124388
0.0142
-0.0780428
-0.125938
-0.0836609
0.0156141
0.0431373
-0.0357601
-0.0790703
-0.00922461
0.0665039
0.034956
-0.0699269
-0.129357
-0.114681
-0.069327
0.00409206
0.112851
0.19211
0.139877
-0.0329317
-0.183576
-0.168182
0.0118393
0.180682
0.196922
0.128736
0.102718
0.0882357
0.0145757
-0.0436862
0.0320264
0.133771
0.0549237
-0.0907635
-0.0722868
0.0676307
0.119761
0.0546016
0.0114824
0.0284822
-0.000369539
-0.10433
-0.16643
-0.1158
-0.0593356
-0.100626
-0.162534
-0.104418
0.0449693
0.140553
0.117597
0.00931179
-0.133014
-0.23661
-0.237728
-0.150968
-0.071705
-0.0625118
-0.0324848
0.0855629
0.178142
0.121537
0.0107036
0.00306552
0.122977
0.276482
0.341984
0.28823
0.146556
-0.0188549
-0.124723
-0.116875
-0.0282372
0.0484279
0.0805538
0.114602
0.148686
0.1142
0.0102091
-0.0723069
-0.0752298
-0.0220768
0.025372
0.0233485
-0.0256359
-0.0653773
-0.0527313
-0.0259601
-0.0174781
0.00782536
0.0476206
0.026975
-0.0486521
-0.0739162
-0.00652541
0.0619184
0.030133
-0.0846734
-0.178781
-0.203418
-0.173601
-0.0805893
0.0706699
0.180215
0.153987
0.0460186
-0.0189965
-0.00356592
-0.004562
-0.084341
-0.154899
-0.106165
0.00163864
0.0275021
-0.0265007
-0.0185548
0.101242
0.216752
0.210025
0.10222
-0.00734173
-0.0416013
0.016341
0.113316
0.164402
0.136908
0.0516896
-0.0826153
-0.220841
-0.258038
-0.167259
-0.0377624
0.0384645
0.050307
0.00852872
-0.0453898
-0.0424814
0.0176224
0.0795336
0.107767
0.0852589
0.0181628
-0.041751
-0.0415775
-0.000226262
0.0237475
-0.00442731
-0.0571716
-0.0743417
-0.0586315
-0.063521
-0.0881446
-0.101909
-0.112282
-0.137632
-0.137928
-0.0678461
0.0384221
0.128011
0.181544
0.180792
0.137036
0.110801
0.125076
0.117554
0.0329129
-0.076699
-0.136747
-0.133697
-0.0946149
-0.0218704
0.101696
0.243982
0.308309
0.223909
0.0223255
-0.184106
-0.261785
-0.165017
-0.0329821
-0.0526323
-0.176013
-0.208012
-0.141831
-0.0628986
0.0289608
0.141959
0.215766
0.200302
0.0976342
-0.0301617
-0.094205
-0.10912
-0.155563
-0.242249
-0.284644
-0.213728
-0.0709991
0.0422997
0.089367
0.114211
0.150892
0.171538
0.127889
0.0393536
-0.0206128
-0.0495229
-0.0723009
-0.0377725
0.0631078
0.0787184
-0.0924568
-0.275573
-0.281349
-0.121903
0.0895909
0.2438
0.278352
0.161056
-0.0413288
-0.194293
-0.203485
-0.0826269
0.0467135
0.105697
0.143006
0.182273
0.185528
0.156362
0.12103
0.0606613
-0.0329471
-0.100152
-0.110519
-0.094413
-0.0837761
-0.0664368
-0.0122808
0.0669198
0.093528
0.0204696
-0.0616184
-0.0643703
-0.0234926
-0.0254796
-0.0788815
-0.124066
-0.113869
-0.0497981
0.0192232
0.0542282
0.0810404
0.125403
0.133269
0.0453305
-0.0762022
-0.106895
-0.036191
-0.0017506
-0.0529974
-0.0689285
0.0380304
0.149712
0.117924
-0.0138183
-0.0914746
-0.0934441
-0.111214
-0.145678
-0.117505
-0.0316977
0.0442076
0.101391
0.171355
0.197743
0.118616
0.0284667
0.0641797
0.161016
0.111337
-0.11709
-0.287453
-0.205139
-0.031622
0.0403705
0.0355169
0.03991
0.0635305
0.0884396
0.105918
0.0976707
0.0424154
-0.0532336
-0.134858
-0.145016
-0.0937226
-0.0301465
0.0166082
0.0246132
-0.0227625
-0.0735377
-0.0497025
0.0308268
0.0535516
-0.0157951
-0.0426794
0.0441417
0.124045
0.105228
0.0359283
0.00451323
0.0499401
0.165926
0.343687
0.510432
0.47523
0.1536
-0.292375
-0.635251
-0.75284
-0.603736
-0.249525
0.0869275
0.180076
0.0825311
0.00418038
-0.0535799
-0.22941
-0.433705
-0.38479
0.0275085
0.540758
0.755181
0.690181
0.505393
0.160274
-0.339198
-0.711738
-0.733024
-0.509643
-0.236121
0.115749
0.589056
0.904798
0.76847
0.302915
-0.110937
-0.326312
-0.518966
-0.657129
-0.444321
0.103784
0.585379
0.695131
0.520098
0.338624
0.183449
-0.128783
-0.578438
-0.830276
-0.613129
-0.0641376
0.386254
0.499152
0.325176
0.0724131
-0.0406074
-0.0011215
0.104745
0.226204
0.30157
0.227293
-0.0115069
-0.223572
-0.258701
-0.233908
-0.262149
-0.21603
-0.00848806
0.166231
0.0726252
-0.186495
-0.250282
-0.0389176
0.213408
0.310009
0.295024
0.321027
0.382734
0.329805
0.131225
-0.0565983
-0.163357
-0.20773
-0.195469
-0.117759
0.0209764
0.164725
0.20039
0.108212
-0.0207028
-0.154937
-0.300815
-0.330674
-0.135093
0.130582
0.228767
0.124406
-0.0184819
-0.110349
-0.168005
-0.160637
-0.0397843
0.139328
0.210765
0.111248
0.0359
0.14723
0.330487
0.334721
0.0993466
-0.201172
-0.374923
-0.387216
-0.299332
-0.120569
0.160421
0.413849
0.426508
0.203433
-0.00805621
-0.108785
-0.205243
-0.318107
-0.332827
-0.235104
-0.137002
-0.0680068
0.0592922
0.231479
0.280625
0.175778
0.0939457
0.100216
0.0658102
-0.0535933
-0.118746
-0.0204656
0.140547
0.171365
0.0208804
-0.167513
-0.234025
-0.140346
0.00359579
0.0727616
0.105382
0.180546
0.202461
0.0428023
-0.20898
-0.310603
-0.179347
0.0338491
0.0977954
-0.0416908
-0.157643
-0.116461
-0.0459345
-0.0827503
-0.19207
-0.260674
-0.219589
-0.0853262
0.0744969
0.211219
0.301812
0.311713
0.215245
0.0589291
-0.0726982
-0.12774
-0.110958
-0.125102
-0.252424
-0.387052
-0.335338
-0.120011
0.0584198
0.119889
0.162829
0.247921
0.30821
0.288143
0.226685
0.163459
0.0917988
0.00052351
-0.0916767
-0.135571
-0.108709
-0.059926
-0.0470347
-0.0584903
-0.0376141
0.0353494
0.108973
0.118901
0.0791457
0.0113424
-0.0994063
-0.226217
-0.261943
-0.146108
0.0339991
0.128321
0.113488
0.0709493
0.0260897
-0.00148695
0.0599892
0.182346
0.191175
0.00893113
-0.217167
-0.317692
-0.267589
-0.117029
0.0580282
0.168144
0.154083
0.0291655
-0.105931
-0.167909
-0.154932
-0.0963718
-0.00953568
0.070334
0.0924093
0.0663912
0.0690729
0.120071
0.144019
0.066996
-0.0901629
-0.235734
-0.276226
-0.176535
-0.00322153
0.111873
0.0939681
-0.0106729
-0.102547
-0.106898
-0.0315184
0.0486429
0.101835
0.126999
0.11098
0.0699174
0.0690919
0.0990609
0.0534756
-0.0820989
-0.171304
-0.128399
-0.0638244
-0.0794387
-0.114244
-0.0769595
0.00523527
0.0483196
0.0284722
-0.0166193
-0.0673268
-0.128216
-0.162379
-0.124914
-0.0427015
0.0265657
0.0992085
0.199793
0.261312
0.262106
0.26857
0.279766
0.190493
-0.0149098
-0.207924
-0.253744
-0.153207
-0.0306871
0.060415
0.137514
0.173964
0.126401
0.0208717
-0.0909933
-0.207551
-0.295015
-0.263332
-0.119176
0.0367845
0.144428
0.201867
0.180888
0.0583262
-0.0811886
-0.133661
-0.101881
-0.0687229
-0.0938708
-0.14855
-0.167155
-0.126246
-0.0667486
-0.0293197
0.0115258
0.0714194
0.110863
0.102716
0.0736421
0.0606224
0.049634
0.0070927
-0.0389673
-0.0285608
0.0186339
0.0340513
0.0320559
0.0855971
0.16202
0.150305
0.0527681
-0.0579264
-0.14432
-0.189373
-0.173866
-0.0951356
-0.00468781
0.00597513
-0.0702743
-0.122722
-0.069852
0.038337
0.118638
0.134023
0.0875212
0.00414758
-0.0769834
-0.112222
-0.101671
-0.0964545
-0.118191
-0.120983
-0.0670007
0.00179851
0.0292325
0.052297
0.113812
0.179158
0.197723
0.181108
0.170402
0.185531
0.195197
0.134776
-0.00201942
-0.126745
-0.151407
-0.0994138
-0.0763944
-0.128918
-0.179992
-0.163123
-0.132864
-0.141949
-0.132814
-0.0145386
0.201217
0.382576
0.398584
0.2569
0.110991
0.0411357
0.00668799
-0.0325294
-0.0800676
-0.129619
-0.175746
-0.208227
-0.193943
-0.0904602
0.086436
0.231807
0.264612
0.19834
0.0894917
-0.0120516
-0.0755782
-0.111325
-0.121936
-0.0672353
0.0535249
0.155756
0.150551
0.0402936
-0.0731248
-0.121052
-0.125128
-0.102488
-0.0336187
0.0321882
0.00486285
-0.0705182
-0.0504313
0.0601106
0.141182
0.155795
0.137461
0.0837644
0.000406048
-0.0813973
-0.165197
-0.230814
-0.219543
-0.155637
-0.09948
-0.050769
-0.0135697
-0.0359599
-0.0754148
-0.0282899
0.0603498
0.0796643
0.0346173
0.00514816
0.00961686
0.00760529
-0.021466
-0.065036
-0.102662
-0.126813
-0.129642
-0.0897397
0.00658741
0.117557
0.165456
0.114883
0.015651
-0.0463776
-0.0535956
-0.0381826
-0.0285839
-0.0465537
-0.0882626
-0.123407
-0.130169
-0.123943
-0.125354
-0.128985
-0.101059
-0.0364796
0.00972147
-0.0151999
-0.0608644
-0.0248798
0.0749606
0.146503
0.170188
0.184098
0.187267
0.134604
0.017415
-0.0861755
-0.0860547
-0.00483159
0.045348
-0.00400967
-0.0941099
-0.13041
-0.13916
-0.194297
-0.245888
-0.206834
-0.103373
-0.0217731
0.0237462
0.0689442
0.096193
0.0575528
-0.018204
-0.0759086
-0.0982629
-0.0871375
-0.0277819
0.0741199
0.143004
0.0950002
-0.022024
-0.0742878
-0.0394165
-0.00722052
-0.0149611
-0.00611905
0.0697869
0.188438
0.251688
0.187708
0.037923
-0.0753361
-0.0815481
-0.0369512
-0.0179311
-0.041485
-0.0673727
-0.0377133
0.042507
0.10277
0.0921633
0.0401132
0.0136362
0.0148798
-0.0227379
-0.0939178
-0.110823
-0.0548746
0.0306225
0.0974044
0.0823293
-0.0525986
-0.239812
-0.327683
-0.263524
-0.102696
0.0533153
0.116146
0.0976434
0.0646682
0.0374063
0.011718
0.0110525
0.0167661
-0.00972744
-0.0146036
0.0774416
0.204163
0.234551
0.152626
0.0329908
-0.0729596
-0.152505
-0.201125
-0.210013
-0.175876
-0.111255
-0.0213812
0.0969172
0.2071
0.214912
0.080392
-0.0825962
-0.137799
-0.11235
-0.118248
-0.166725
-0.18861
-0.177636
-0.160123
-0.133112
-0.084188
-0.0182102
0.0417046
0.100302
0.175215
0.213471
0.156811
0.0634094
0.0256823
0.0222333
-0.0310348
-0.115834
-0.12991
-0.0553293
0.0508097
0.133665
0.159107
0.128602
0.071268
0.00875684
-0.0466267
-0.0751366
-0.0857442
-0.108123
-0.131687
-0.10194
-0.00162151
0.111333
0.163593
0.135502
0.0811849
0.0673483
0.0896918
0.0990837
0.095349
0.125232
0.141438
0.03898
-0.121471
-0.204137
-0.181468
-0.108593
-0.0404796
0.00319853
0.0269476
0.0343343
0.0352123
0.076176
0.186757
0.300971
0.326464
0.215857
-0.0227166
-0.256414
-0.299184
-0.179271
-0.0800323
-0.025955
0.0769428
0.204601
0.234685
0.154583
0.0780136
0.0488457
0.018999
-0.0221154
-0.0335397
-0.014462
-0.0128049
-0.056869
-0.106511
-0.0944124
-0.0258508
0.0482114
0.107423
0.153389
0.153386
0.0716821
-0.0499344
-0.139146
-0.196541
-0.2416
-0.246444
-0.194011
-0.113632
-0.0105384
0.119744
0.215537
0.226426
0.162337
0.0709092
-0.000302071
-0.0438971
-0.0814674
-0.1118
-0.123882
-0.13653
-0.155711
-0.132815
-0.0361156
0.0825154
0.142155
0.12938
0.100835
0.0715986
0.00614471
-0.0765408
-0.102583
-0.0593719
-0.0293114
-0.0743127
-0.131426
-0.115802
-0.0638388
-0.0147439
0.0560211
0.142842
0.186922
0.165285
0.111159
0.0538063
-0.0103556
-0.0934548
-0.172736
-0.223907
-0.262165
-0.291015
-0.263166
-0.164932
-0.0675449
-0.0109962
0.0482627
0.141588
0.244875
0.323981
0.367826
0.364675
0.292737
0.150058
-0.0510856
-0.260724
-0.394544
-0.411492
-0.325865
-0.17022
-0.0226832
0.0363863
0.053325
0.0919959
0.119459
0.0900014
0.0311148
0.00675723
0.0352053
0.0575301
0.0240573
-0.0152487
0.00290338
0.0439284
0.03578
-0.031814
-0.120247
-0.156377
-0.0952834
0.0289603
0.131783
0.184808
0.225619
0.245164
0.171968
0.0136951
-0.116281
-0.186028
-0.203703
-0.143068
-0.0217262
0.0686583
0.0712828
0.0373549
0.031697
0.0264182
-0.0398635
-0.145101
-0.184773
-0.109321
-0.00570098
0.0421032
0.0510919
0.0653681
0.0748182
0.065452
0.0459535
0.0135027
-0.0331859
-0.0640874
-0.053164
-0.0106196
0.0265992
0.0117549
-0.0473961
-0.0682765
-0.0133579
0.04053
0.045037
0.0594756
0.103015
0.109809
0.0691535
0.0446512
0.0639178
0.0834687
0.0628089
0.0145602
-0.0260706
-0.0670799
-0.136783
-0.187002
-0.136952
-0.0204669
0.0374036
0.00849715
-0.00131168
0.0457862
0.0767968
0.0438485
-0.0229781
-0.0773701
-0.0925227
-0.0632943
-0.0149551
0.0133932
0.0171159
0.0215495
0.0264566
0.00251499
-0.0450706
-0.0618631
-0.021415
0.0207832
0.0222285
0.0111771
0.0179765
0.0221331
0.00240663
-0.0256221
-0.0347586
-0.029324
-0.0234858
-0.00150867
0.0491847
0.108326
0.151502
0.157058
0.120894
0.0752277
0.0436714
0.00776074
-0.0283441
-0.0399252
-0.0565412
-0.107191
-0.115346
-0.0270755
0.0740295
0.129486
0.144255
0.116924
0.0669959
0.017856
-0.0250714
-0.047433
-0.0410818
-0.0487096
-0.101263
-0.140526
-0.0965811
0.00317417
0.0635665
0.0454921
0.0166907
0.0227735
0.00830123
-0.0543655
-0.104589
-0.0996068
-0.0615546
-0.00675861
0.0423019
0.0420273
0.0158854
0.04356
0.124772
0.174797
0.152457
0.0572862
-0.0691777
-0.122217
-0.0840999
-0.0454444
-0.0604246
-0.0784321
-0.0363021
0.0391656
0.0564719
0.0114125
0.0217638
0.121755
0.196309
0.15885
0.0573056
-0.0475193
-0.132491
-0.137625
-0.066078
-0.00435158
0.0162633
0.0435255
0.0668404
0.015116
-0.0817378
-0.106833
-0.0458747
-0.00518042
-0.0418938
-0.0794691
-0.0191223
0.118371
0.198814
0.163153
0.108247
0.102753
0.076484
-0.0234739
-0.117311
-0.1187
-0.0829557
-0.120439
-0.226805
-0.275606
-0.207894
-0.0969476
0.0157655
0.181455
0.381662
0.456239
0.333109
0.176004
0.0704282
-0.0344151
-0.108715
-0.0787538
-0.0205737
-0.0643411
-0.158116
-0.171893
-0.112374
-0.0580118
-0.0406213
-0.0430836
-0.0204837
0.0559215
0.132245
0.14615
0.131944
0.104803
0.0355837
-0.0420607
-0.0734708
-0.058834
-0.0113996
0.028391
-0.000848608
-0.0304285
0.0434759
0.139561
0.120314
0.0177561
-0.0372819
-0.0108261
0.0215123
-0.00342651
-0.0588218
-0.0813333
-0.0763687
-0.10622
-0.150166
-0.121824
-0.0342854
0.022778
0.0377195
0.0402606
0.0180444
-0.0203141
-0.0174648
0.0503632
0.11903
0.114757
0.0610871
0.0152154
-0.0228644
-0.0721239
-0.109595
-0.115723
-0.119898
-0.144335
-0.158436
-0.113649
-0.00382465
0.135858
0.257543
0.30565
0.257614
0.16699
0.0963543
0.04141
-0.0315108
-0.120779
-0.187487
-0.211253
-0.206029
-0.168655
-0.0763515
0.0652738
0.203054
0.276998
0.268536
0.196075
0.0915474
0.0182548
0.0185767
0.0189752
-0.052586
-0.137504
-0.15475
-0.127254
-0.120041
-0.103763
-0.015353
0.0892226
0.105035
0.0251023
-0.0576085
-0.0752686
-0.0456165
-0.00757981
0.00925725
-0.0205732
-0.0741942
-0.0845424
-0.017173
0.0809993
0.119781
0.0636168
-0.0202779
-0.0615517
-0.0630153
-0.0335228
0.0586903
0.19047
0.255256
0.179586
0.0239133
-0.075409
-0.0916982
-0.0766935
-0.0678312
-0.0973696
-0.170341
-0.233134
-0.222029
-0.136013
-0.0222348
0.0810356
0.117931
0.074971
0.022355
0.0287178
0.0822343
0.119267
0.086875
-0.000730151
-0.0684898
-0.0645656
-0.0222006
-0.0111646
-0.0594694
-0.129257
-0.154159
-0.115513
-0.0360023
0.040983
0.0665896
0.0244558
-0.0477074
-0.069385
-0.0132414
0.0403515
0.0365087
-0.00115961
-0.0392255
-0.0678715
-0.0810793
-0.0792632
-0.0736954
-0.0536474
-0.0114153
0.0145184
-0.00260223
-0.0278417
-0.0207453
0.0248597
0.0958358
0.151028
0.154272
0.108584
0.0551924
0.0320614
0.028769
0.00451344
-0.0841004
-0.210574
-0.244942
-0.144615
-0.00962713
0.0633944
0.0691224
0.0364583
0.00970199
0.0173999
0.0195643
-0.0124818
-0.0432772
-0.0839702
-0.150202
-0.160214
-0.0592488
0.0535055
0.0688427
0.0435083
0.0461544
0.0587951
0.0627817
0.0585094
0.0319751
-0.00621269
-0.00782008
0.0315833
0.0655483
0.0712826
0.0683439
0.075094
0.0849629
0.081239
0.0562095
0.00409387
-0.0516377
-0.0497018
0.0227585
0.0905251
0.0876048
0.0203367
-0.070265
-0.125943
-0.123221
-0.0793327
-0.00513125
0.0923209
0.146994
0.0944411
-0.0178845
-0.0898534
-0.0966836
-0.0426071
0.0787461
0.169606
0.0976491
-0.079328
-0.169329
-0.154651
-0.151831
-0.149188
-0.0836648
-0.0132647
-0.00669218
-0.0257555
-0.0147149
0.00507983
-0.0140348
-0.0593983
-0.0643441
0.00352951
0.079209
0.0835016
0.0280631
-0.0250738
-0.042954
-0.0346687
-0.0222442
-0.0114336
0.0252573
0.0968032
0.142949
0.117629
0.0784987
0.0710067
0.0501472
-0.01793
-0.103246
-0.157052
-0.163011
-0.14756
-0.102931
0.0146635
0.16852
0.234798
0.155118
0.023588
-0.0495119
-0.0880188
-0.118119
-0.0723461
0.0431547
0.115395
0.0934148
0.0577573
0.0707443
0.0957922
0.0645845
-0.0479922
-0.177226
-0.221269
-0.18389
-0.158597
-0.160023
-0.113183
-0.0298841
-0.00733321
-0.0324668
0.0151603
0.131763
0.183527
0.104088
-0.0190174
-0.0947154
-0.115339
-0.100506
-0.0656637
-0.0410667
-0.0327892
0.0216099
0.148332
0.23719
0.17735
0.0406845
-0.041013
-0.0690886
-0.091098
-0.0787755
0.00242154
0.109149
0.149761
0.0831862
-0.0254884
-0.0859646
-0.0905353
-0.0863591
-0.093666
-0.0958266
-0.086706
-0.0668295
-0.0174701
0.0533732
0.102384
0.114176
0.106069
0.0624994
-0.0244734
-0.0912228
-0.0904708
-0.0631625
-0.0375789
0.00802163
0.0620945
0.0725828
0.0174552
-0.066097
-0.102843
-0.0398306
0.0609872
0.0976621
0.0394236
-0.0569333
-0.106517
-0.0756057
-0.0132407
-0.00228039
-0.0399725
-0.0468032
-0.0108634
0.000573657
-0.0244383
-0.0390357
-0.0414743
-0.0722195
-0.126926
-0.166408
-0.168358
-0.123743
-0.0466564
0.0191677
0.0543137
0.0737008
0.0726921
0.0443687
0.00938837
-0.00361341
0.0167274
0.038029
0.00301965
-0.0858149
-0.150124
-0.143647
-0.0939762
-0.0261701
0.0396771
0.0689045
0.0608446
0.0634184
0.0995867
0.127472
0.10977
0.0650602
0.0179684
-0.041069
-0.117976
-0.170766
-0.137417
-0.0110141
0.11977
0.168682
0.145553
0.118154
0.1009
0.0460747
-0.0630812
-0.156218
-0.154382
-0.081926
-0.0197054
-0.0279754
-0.0895233
-0.108021
-0.034192
0.0505604
0.0688916
0.0375179
-0.0139036
-0.0748803
-0.0995224
-0.0500209
0.0219093
0.0457389
0.023491
-0.00242373
-0.017801
-0.00961104
0.0366996
0.0923365
0.122643
0.131287
0.129894
0.0938561
0.0151327
-0.0449045
-0.0426737
-0.0302732
-0.0565482
-0.066001
-0.00958714
0.0277889
-0.0259207
-0.0862481
-0.0602049
0.0201964
0.0636434
0.022718
-0.0754554
-0.141504
-0.113364
-0.0157185
0.0637282
0.0858637
0.10108
0.127112
0.12749
0.112717
0.112853
0.0696106
-0.0704961
-0.216551
-0.252585
-0.181511
-0.0821399
-0.0263815
-0.0274233
-0.0212149
0.0325156
0.0918551
0.121931
0.145306
0.17468
0.183019
0.161066
0.13223
0.091537
0.0222165
-0.055309
-0.097043
-0.0859076
-0.0469497
-0.0134832
0.0111228
0.0292367
0.0101337
-0.0570597
-0.11313
-0.0884715
0.00739528
0.0955095
0.119407
0.0871832
0.0346696
-0.00715818
-0.0155418
-0.000841522
0.000948426
-0.0306985
-0.0581717
-0.0105479
0.111088
0.188542
0.108747
-0.0694231
-0.194141
-0.192062
-0.113222
-0.0427792
-0.00106506
0.0103957
-0.00391119
-0.0051717
0.0373257
0.097267
0.135553
0.141709
0.114434
0.0614727
0.0151302
-0.00411596
-0.0140527
-0.0392227
-0.0711113
-0.0974561
-0.127231
-0.141366
-0.0975289
-0.023384
-0.00071372
-0.015518
0.0241925
0.0958323
0.0808714
0.00879699
-0.00044485
0.0469295
0.0582406
0.0352528
0.051303
0.0891215
0.0704404
0.00471426
-0.035219
-0.0254726
-0.00994084
-0.0412897
-0.117187
-0.171956
-0.158337
-0.124093
-0.10973
-0.0915441
-0.0301855
0.0750276
0.187532
0.234026
0.159891
0.026001
-0.0623683
-0.0640419
-0.0270727
-0.0240768
-0.0721605
-0.112747
-0.0990393
-0.0623975
-0.0422768
-0.0338771
-0.0310289
-0.0113486
0.0634229
0.157799
0.168679
0.0643558
-0.0516016
-0.0997026
-0.0898067
-0.0648871
-0.0631851
-0.0899379
-0.0849775
0.00763726
0.120408
0.154992
0.108731
0.0579675
0.0328144
-0.0032161
-0.0668751
-0.0992606
-0.0476793
0.0476288
0.114326
0.126468
0.0929425
0.0375268
-0.00852731
-0.0327801
-0.0523503
-0.0748972
-0.0674572
-0.0158184
0.0245701
0.00536372
-0.0409857
-0.0389352
0.0316265
0.100503
0.112935
0.0749432
0.0257956
0.000360528
0.00164163
-0.0106647
-0.0564871
-0.0819559
-0.042296
0.0156649
0.0329144
0.00827184
-0.0309444
-0.0688489
-0.0882545
-0.0725307
-0.0339307
0.0199164
0.0801455
0.104562
0.0777568
0.0427212
0.0387819
0.0417752
0.000987018
-0.070062
-0.106015
-0.0736308
-0.00213165
0.0475236
0.0419838
-0.00878392
-0.0769143
-0.114534
-0.0809583
-0.0117213
0.0166507
0.00956865
0.0378764
0.0845617
0.0674743
0.00908113
-0.020846
-0.0204671
-0.0157204
-0.0140292
-0.0308681
-0.0660805
-0.0831558
-0.0718837
-0.0586598
-0.0494833
-0.0312219
0.00776005
0.0748174
0.141151
0.149209
0.102676
0.0580805
0.0170853
-0.0427672
-0.0840916
-0.0739097
-0.0486849
-0.024215
0.0191833
0.0444566
0.0102845
-0.0461495
-0.0790131
-0.0873629
-0.0618928
-0.0193227
-0.0213292
-0.0613424
-0.0712947
-0.0362144
0.000829959
0.00418211
-0.0346767
-0.0848946
-0.0829261
-0.0202031
0.0415288
0.0737822
0.100221
0.117504
0.0943401
0.0365284
-0.0121495
-0.0291403
-0.0394393
-0.0500103
-0.0390196
-0.0116513
-0.00334179
-0.0291053
-0.0628946
-0.0549168
0.0104431
0.0697113
0.0436761
-0.0402152
-0.0846837
-0.0555908
0.00133608
0.0293618
0.0107808
-0.0356618
-0.0808246
-0.114351
-0.123911
-0.078022
0.0255265
0.1114
0.0992586
0.0342871
5.35385e-05
0.0216035
0.0707521
0.100858
0.0925222
0.0685101
0.0614848
0.0691938
0.0535196
-0.013792
-0.103685
-0.143406
-0.0937477
0.00464844
0.0670665
0.0509263
-0.00277841
-0.0363043
-0.0543995
-0.0844726
-0.109467
-0.089027
-0.0281894
0.0232345
0.0422025
0.0408649
0.043978
0.0700477
0.106641
0.128721
0.102179
0.00807613
-0.0963373
-0.137645
-0.105089
-0.05897
-0.0434872
-0.0380878
-0.00733515
0.0176939
-0.00572652
-0.0314034
-0.00823283
0.0244179
0.0134675
-0.0164869
-0.0073846
0.0286444
0.0381519
0.0367405
0.0585103
0.0739516
0.0488033
0.0142513
0.00713655
0.0235709
0.0474674
0.054503
0.0106706
-0.0692155
-0.116508
-0.108927
-0.0771409
-0.0435579
-0.0289347
-0.0399759
-0.0261907
0.050133
0.138518
0.163441
0.13145
0.111732
0.122723
0.11787
0.0661493
-0.010228
-0.0649199
-0.0967756
-0.1426
-0.189614
-0.174982
-0.089332
-0.00499776
0.0430948
0.0698154
0.0834807
0.073545
0.042811
0.0146416
-0.0113871
-0.0550221
-0.104722
-0.132846
-0.14277
-0.135278
-0.0907001
-0.0245103
0.0335848
0.0961297
0.173367
0.204098
0.153766
0.105622
0.118467
0.106108
-0.0169846
-0.139541
-0.0949751
0.0297319
0.0449271
-0.0559252
-0.150636
-0.157292
-0.0884273
-0.00672453
0.0596633
0.110328
0.119019
0.0723315
0.0323898
0.0589133
0.0958653
0.0586625
-0.040896
-0.1374
-0.188829
-0.161458
-0.0564951
0.038684
0.0436527
-0.00871512
-0.0163963
0.0466748
0.0858214
0.0389717
0.000150747
0.0581999
0.136725
0.106848
-0.00489356
-0.058287
-0.0171837
0.0259884
0.00916422
-0.0236488
0.00984519
0.106944
0.174702
0.155848
0.106976
0.0646827
0.00661846
-0.0636262
-0.107012
-0.120247
-0.126498
-0.115892
-0.0572013
0.0293044
0.0824795
0.0791181
0.0579632
0.0496642
0.0365566
0.00608289
-0.0112007
-0.010387
-0.0215499
-0.0390388
-0.026196
0.0161594
0.0499556
0.038683
-0.0139033
-0.041703
-0.00370178
0.0453564
0.0387141
0.000782702
-0.0168622
-0.028014
-0.0548771
-0.068862
-0.0545444
-0.031969
-0.0148713
-0.00522701
-0.00630661
-0.0117887
-0.0150496
-0.012161
0.0119358
0.0434154
0.0389289
0.000125974
-0.0201335
-0.00927362
0.020715
0.0769149
0.127859
0.10498
0.0197345
-0.0583566
-0.114146
-0.149958
-0.0909276
0.08192
0.209571
0.185385
0.0695895
-0.0146761
-0.0321035
-0.0325266
-0.0407248
-0.0178199
0.0394392
0.0531606
-0.0053461
-0.0513693
-0.0229262
0.0272538
0.0495378
0.067339
0.0819194
0.0746046
0.0551429
0.0223565
-0.0221416
-0.0319218
0.0127522
0.0719702
0.103012
0.081359
0.0200123
-0.0189279
0.00231184
0.0212733
-0.0237035
-0.0707426
-0.0417399
0.0161449
0.0363579
0.0496171
0.0902663
0.125032
0.118446
0.0618707
-0.0257572
-0.0762186
-0.0503837
0.017897
0.064704
0.0470883
-0.0262232
-0.101999
-0.119697
-0.0932831
-0.10742
-0.165053
-0.178117
-0.105115
0.0186971
0.147945
0.240902
0.235828
0.116919
-0.0142545
-0.0520872
-0.0184409
-0.0114367
-0.053899
-0.047677
0.0360188
0.0674213
0.00116526
-0.046368
-0.00488464
0.0614387
0.0920129
0.100299
0.078798
0.00596171
-0.0688926
-0.111347
-0.127746
-0.111585
-0.0683074
-0.0367214
-0.0253314
0.00225462
0.0537448
0.0974004
0.112477
0.0842267
0.00907366
-0.0567423
-0.0251573
0.0793417
0.122202
0.076087
0.0254137
0.0146536
0.0171823
0.00485048
-0.0235286
-0.0532029
-0.0607924
-0.0324201
0.0222659
0.0593156
0.0471656
0.017821
0.00951586
0.0235568
0.0396661
0.0373744
-0.00785458
-0.0671357
-0.0961107
-0.0812011
-0.0199221
0.0733539
0.143011
0.123967
0.0577183
0.0259452
0.0332825
0.0307532
0.0104195
0.00051156
0.0108872
0.0207453
0.0149026
0.0212748
0.0313974
-0.0161279
-0.101421
-0.122934
-0.0642117
-0.0237096
-0.0478088
-0.0797227
-0.0630439
-0.0272907
-0.0260801
-0.048506
-0.0383668
-0.00106676
0.0271871
0.0733665
0.163459
0.219758
0.162999
0.0476095
-0.0199893
-0.0227461
-0.0261064
-0.0511965
-0.0539565
-0.0419711
-0.0457529
-0.057737
-0.0545584
-0.0337738
-0.0222975
-0.0325375
-0.045918
-0.047495
-0.0118111
0.0722278
0.145398
0.125764
0.0315292
-0.0318725
-0.0545752
-0.0819194
-0.0857918
-0.023576
0.0446596
0.0544777
0.0464004
0.0639001
0.0693484
0.0335894
0.00953536
0.0178374
0.0093104
-0.0286052
-0.0625956
-0.0801177
-0.0693534
-0.0396851
-0.0355069
-0.0542733
-0.046562
-0.0107007
0.0193427
0.0542538
0.0905721
0.0817305
0.0241027
-0.022029
-0.0315469
-0.0198571
0.00719033
0.0417714
0.0620865
0.070621
0.0910547
0.108689
0.0925292
0.0580363
0.0449381
0.050127
0.0259139
-0.0406195
-0.0910659
-0.0861699
-0.0537762
-0.0253574
-0.00818773
-0.00849083
-0.0210368
-0.0365465
-0.0472907
-0.0336725
-0.00315881
0.0213941
0.0368463
0.0644218
0.0950236
0.0811165
0.037793
0.0329386
0.0665315
0.0741875
0.0270974
-0.0332003
-0.0433945
-0.010589
0.00488106
-0.00369067
0.00430359
0.0150333
0.00337627
-0.00400128
0.0204909
0.0367555
-0.00627648
-0.0707437
-0.0984072
-0.0849808
-0.0529809
-0.0161109
0.0113946
0.0259599
0.0459051
0.0712481
0.0820887
0.0662444
0.0335774
0.00788343
0.0146848
0.0501524
0.0632223
0.00375741
-0.0990103
-0.179181
-0.185656
-0.0827532
0.0997509
0.232161
0.186279
0.0177323
-0.0696413
-0.00385234
0.0977931
0.0997811
-0.00681057
-0.121463
-0.133917
-0.0479557
0.0237458
0.0408613
0.04182
0.0498996
0.0555281
0.0541196
0.0647269
0.0833992
0.0672483
0.00602552
-0.0433152
-0.0441996
-0.0357757
-0.0541701
-0.0522868
0.0200761
0.104304
0.11123
0.0498642
0.00819281
0.0226857
0.0368971
-0.00134467
-0.0548393
-0.0457619
0.00642783
0.0145348
-0.0276025
-0.0397173
0.00211612
0.0420909
0.0375764
0.028791
0.0453449
0.0502458
0.0327586
0.0289367
0.0541449
0.0684268
0.0293693
-0.0341119
-0.0593909
-0.0449298
-0.0305067
-0.0238852
-0.0157811
-0.0159613
-0.0137448
0.0120102
0.0353541
0.0161055
-0.00460595
0.0248861
0.0664015
0.062356
0.0248842
0.00287861
0.00593955
0.00604789
-0.00782153
-0.0149461
-0.0101586
-0.0111908
-0.0243471
-0.0227385
-0.00275773
-0.00685094
-0.0349526
-0.0419068
-0.0117404
0.0238292
0.0313166
0.0187975
0.0111279
0.00276149
-0.0142957
-0.0267568
-0.0199807
-0.00134391
0.00868926
0.00730247
0.0135981
0.0209171
0.00465064
-0.021127
-0.0294036
-0.0224851
-0.0105652
0.00926804
0.0351412
0.0448526
0.0194949
-0.0208493
-0.0410434
-0.031822
-0.00892788
0.015131
0.0322549
0.0312173
0.00719021
-0.019226
-0.0223793
-0.00643404
5.51328e-05
-0.00947476
-0.0189796
-0.0193929
-0.00952433
0.00602031
0.0189302
0.0244052
0.0272545
0.0263813
0.0177528
0.00394741
-0.0091985
-0.0165785
-0.0217287
-0.0238593
-0.0208337
-0.0162665
-0.0104799
-0.000851258
0.00811894
0.014445
0.0248985
0.0367201
0.0363888
0.0203825
-0.00331056
-0.0215218
-0.023254
-0.014648
-0.00936048
-0.010387
-0.00800228
0.00191909
0.0139219
0.0203293
0.0196948
0.017165
0.0157998
0.0155777
0.0129586
0.0095723
0.0102004
0.00847929
-0.00269807
-0.01636
-0.0187809
-0.00992659
-0.00471754
-0.00698097
-0.00555029
0.000365755
0.00498469
0.0101714
0.0177893
0.0173941
0.00243814
-0.0156232
-0.0197917
-0.00892849
4.22731e-05
-0.00104124
-0.00191279
0.00343189
0.00532317
-0.00154896
-0.00748185
-0.00129619
0.00984285
0.0120721
0.00514867
-0.00053164
0.000454726
0.000839642
-0.00444598
-0.0101445
-0.0107207
-0.00718548
-0.00283015
0.000203666
0.000151526
-0.00206004
-0.00158288
0.00192019
0.00392574
0.00393471
0.00281685
0.000150137
-0.00315443
-0.004562
-0.00406308
-0.00367371
-0.0010117
0.00537499
0.00996586
0.00831178
0.00511684
0.00437072
0.00226485
-0.00239196
-0.00594621
-0.0078083
-0.00934679
-0.00955407
-0.00773515
-0.00430283
-0.000920469
-0.000131474
-0.00247341
-0.00366157
0.000410583
0.00477616
0.00454394
0.00244502
0.00122271
-0.000803713
-0.00403649
-0.00632351
-0.00688023
-0.00654772
-0.00477503
-0.00151757
0.000521459
0.000777933
0.00129026
0.00331304
0.00526487
0.00469766
0.00140669
-0.00178237
-0.0027511
-0.00303439
-0.00415904
-0.00465639
-0.0038178
-0.00321176
-0.00344913
-0.00276207
-0.000931414
-0.000277635
-0.0011777
-0.00172378
-0.00126785
-0.00130492
-0.00310174
-0.00526278
-0.00525479
-0.00330309
-0.00147256
-0.000492481
-9.087e-05
-0.000857005
-0.00313543
-0.0045743
-0.00305995
-0.00112334
-0.00222004
-0.00441862
-0.00455769
-0.00348736
-0.00334772
-0.0035949
-0.00300464
-0.00261967
-0.00363778
-0.00534193
-0.00611413
-0.00510671
-0.00316923
-0.00199366
-0.00218442
-0.00301134
-0.00339506
-0.00332577
-0.00344208
-0.00367926
-0.00371195
-0.00360033
-0.00355054
-0.00353557
-0.0035477
-0.00355107
-0.00344195
-0.00318595
-0.00287278
-0.00264707
-0.00275019
-0.00328106
-0.00394604
-0.00434231
-0.00420248
-0.00382575
-0.00371679
-0.00384278
-0.00373868
-0.0033147
-0.00320622
-0.00355293
-0.00386843
-0.00410608
-0.00460388
-0.00530325
-0.00550356
-0.00470008
-0.00349042
-0.00298587
-0.00351147
-0.00437673
-0.00477082
-0.00451414
-0.00407075
-0.00403089
-0.00441969
-0.00484038
-0.00494269
-0.00457773
-0.00386008
-0.00327834
-0.00342524
-0.00429734
-0.0052442
-0.0056206
-0.00538886
-0.00492035
-0.00451267
-0.0042841
-0.00424586
-0.00437956
-0.00452742
-0.00450509
-0.00440142
-0.00442949
-0.00458075
-0.00475757
-0.00495819
-0.00514081
-0.00519221
-0.00509959
-0.00497788
-0.00492136
-0.00495046
-0.00502546
-0.00504969
-0.00495726
-0.0048
-0.00470701
-0.00476032
-0.00490566
-0.00504098
-0.00511835
-0.00513915
-0.00510713
-0.00505548
-0.00505309
-0.00512624
-0.00521227
-0.00524881
-0.00525564
-0.00526766
-0.0052775
-0.00526211
-0.00522482
-0.0052051
-0.00523263
-0.00528069
-0.00531137
-0.00531622
-0.00531026
-0.00531116
-0.00532035
-0.00533729
-0.00536085
-0.00537692
-0.00538111
-0.00538659
-0.00540135
-0.00542081
-0.00543887
-0.00545527
-0.00547233
-0.00548765
-0.00549734
-0.00550042
-0.00550142
-0.00550749
-0.0055198
-0.0055331
-0.00554677
-0.00556161
-0.00557395
-0.00558201
-0.00558953
-0.00559949
-0.00560934
-0.00561733
-0.00562556
-0.00563517
-0.00564518
-0.00565507
-0.00566296
-0.00566715
-0.00567164
-0.00568114
-0.00569261
-0.00570025
-0.00570533
-0.00571188
-0.00571965
-0.00572676
-0.00573284
-0.00573859
-0.0057447
-0.00575133
-0.00575793
-0.00576394
-0.0057695
-0.00577495
-0.0057803
-0.00578541
-0.00579029
-0.00579505
-0.00579967
-0.00580405
-0.0058082
-0.00581222
-0.00581606
-0.00581965
-0.00582308
-0.00582642
-0.00582962
-0.00583258
-0.00583533
-0.00583791
-0.00584034
-0.00584259
-0.00584466
-0.00584653
-0.00584823
-0.00584974
-0.00585108
-0.00585223
-0.0058532
-0.005854
-0.00585461
-0.00585503
-0.00585528
-0.00585534
-0.00585521
-0.0058549
-0.00585441
-0.00585373
-0.00585287
-0.00585182
-0.00585059
-0.00584917
-0.00584756
-0.00584577
-0.00584379
-0.00584163
-0.00583928
-0.00583674
-0.00583401
-0.0058311
-0.005828
