0.0297746
0.0745904
0.0720012
0.0400998
0.0674306
0.111051
0.0786273
-0.0221429
0.0429363
0.0399485
0.0309389
0.0498239
0.00482008
0.0368811
0.0328123
0.00447871
-0.0721899
-0.0422757
0.032796
-0.0260633
-0.00474922
0.054615
-0.0249297
-0.0794592
-0.0753668
-0.0348137
0.0708686
0.0378816
-0.147619
0.193584
0.271499
-0.0215738
-0.00062677
-0.00365509
0.0276879
-0.0669738
-0.0612107
-0.0258945
-0.0778585
-0.131087
-0.0720059
-0.0273441
-0.115254
-0.218104
-0.263592
-0.134615
-0.0743559
-0.116361
-0.173796
-0.111144
-0.132943
-0.0744408
0.0861655
-0.0225759
-0.135381
-0.0202135
0.0972477
-0.0127357
0.0723072
0.0571944
-0.010553
-0.0672806
0.0438489
-0.0682882
-0.361689
-0.0107126
-0.332653
-0.256339
0.150137
-0.130318
-0.200394
-0.119975
0.308388
0.236325
0.119164
0.209864
-0.111107
-0.0121128
0.117943
-0.324619
-0.304371
-0.139488
-0.391285
-0.276105
-0.218158
-0.0391261
0.185131
0.0859418
0.0238709
-0.110747
-0.231708
-0.317708
-0.458914
-0.61489
-0.60248
-0.602181
-0.398211
-0.0507949
0.0484238
0.146116
-0.0373451
-0.0273309
0.339134
0.394716
0.469234
0.271075
-0.268755
-0.296107
-0.183462
-0.380769
-0.179234
0.223125
0.221358
0.393674
0.32503
0.20442
0.457833
0.163777
0.0405766
0.471157
0.231469
-0.220742
-0.233626
-0.0367303
-0.0871034
-0.100978
0.360579
0.382635
0.0912091
0.0609714
0.0436211
0.0440063
-0.304406
-0.863332
-1.0686
-1.20894
-1.40797
-1.45942
-1.44968
-1.56434
-1.62199
-1.43682
-1.37964
-0.999186
0.921562
1.96912
2.70127
4.17157
5.73072
4.61382
1.55582
1.69473
2.51559
2.53688
2.92725
2.95233
1.83202
1.41367
1.41976
1.29343
1.27427
0.847728
-0.198117
-2.07432
-2.50483
-1.14244
-0.6011
-1.65085
-2.81034
-3.43156
-4.52486
-5.78973
-5.68178
-3.52362
-1.86333
-1.66694
-1.8469
-1.35573
-0.47741
0.69286
1.85826
2.95162
3.57548
0.822818
0.742507
2.86832
3.44989
4.41137
3.36526
1.85154
2.5032
3.07344
2.62699
1.6921
0.540343
-0.283713
-1.67371
-2.83991
-3.84715
-1.27165
1.57297
-0.663447
-1.27264
-0.140857
-0.159812
-0.731215
-1.54964
-1.8432
-1.87358
-2.00585
-1.70228
-1.76164
-1.97176
-1.4877
-1.56136
-1.70856
-0.53213
0.0736406
0.0173776
0.589194
0.748098
1.94003
2.87057
4.16155
3.21857
-1.22381
-0.136814
0.871387
-0.236974
-0.503521
-0.842747
-0.759102
0.204382
1.12311
1.05371
1.21576
0.818594
-0.249654
-1.50721
-1.7723
-1.22731
-1.55289
-1.62671
-1.32204
-1.86148
-2.26263
-2.24277
-0.263704
0.669476
0.0126539
0.688249
1.34833
0.799468
0.625926
1.05615
0.845636
0.942648
1.21068
1.58528
1.42426
0.811858
0.674846
0.106278
0.0810135
-0.0936909
-1.10874
-0.735931
-0.250517
-0.829607
-1.17417
-1.24944
-1.31045
-0.290664
-0.035625
-0.133864
0.447346
0.86904
1.08118
1.19963
1.05992
0.799344
0.0159027
-0.828314
-0.839293
0.0353837
0.535321
-0.422588
-0.718162
-0.695172
-0.482629
-0.295294
-0.383819
0.124238
0.288413
0.0969002
0.407547
1.09347
1.04743
1.06824
0.74849
-0.657105
-0.927793
-0.65113
0.492546
1.80243
1.39143
0.430575
-0.00604551
0.888072
1.32501
0.54691
0.675295
1.13738
1.14974
1.02201
0.715886
0.70029
0.648378
-0.195897
-0.861282
-1.12538
-1.62408
-2.24443
-2.52388
-2.30273
-1.54086
-1.18169
-0.935193
1.01189
1.50857
1.67041
2.81997
3.24753
2.27095
0.70191
0.161067
-0.561804
-0.749208
-1.34795
-1.83539
-1.19511
-0.921958
-0.512341
0.18659
0.885421
1.16031
0.5668
0.136863
0.499659
-0.168873
-1.08589
-1.24715
-0.778436
0.862618
0.942037
0.46038
-0.226164
-0.825114
-0.929182
-1.2765
-1.41255
-1.51946
-1.42347
-1.20212
-0.769322
-0.677139
-0.817783
-1.22863
-1.48025
-1.40953
-0.676219
-0.391533
-0.384796
0.00961557
0.704217
0.939482
1.1097
1.313
2.03165
1.00878
-1.25376
-0.588113
-0.597351
-0.979329
-0.955911
-1.10082
-0.800067
-0.24929
0.303656
-0.395586
-1.46596
-1.2116
-1.14408
-0.308583
0.237115
0.16436
0.42869
0.29366
0.317346
0.679467
0.922675
1.28554
0.83583
-0.196603
0.513498
1.20964
1.36493
1.43669
1.71233
1.91342
1.69083
1.64954
1.34862
0.895234
0.545976
0.093839
-0.0741622
-0.0260301
-0.076109
-0.359505
-0.897199
-1.36008
-1.78112
-0.57036
0.0209528
-1.15309
-1.44203
-1.4077
-1.56108
-2.00135
-1.60433
0.179438
0.493309
-0.112052
-0.158776
-0.322615
-0.105635
0.130426
0.384659
0.523179
1.15028
1.80332
2.7037
1.27175
-1.01209
-0.179886
0.271466
-0.110228
-0.392423
-0.289412
-0.39171
-0.490489
-0.624794
-0.697705
0.495968
1.45948
1.71447
2.45478
2.22444
0.562927
0.12668
0.0438412
0.0654801
0.55977
0.224411
-0.435819
-0.383104
-0.536856
-0.818438
-1.06089
-1.21573
-1.43928
-1.65549
-2.35089
-1.9035
1.13254
0.576934
0.329736
0.706147
-1.28517
-1.08982
-0.136902
0.293606
0.0575407
0.186389
0.687958
1.29232
0.404119
-0.315495
0.448957
0.441498
0.0514309
-0.360917
-0.278224
-0.0736197
-0.0841298
-0.6204
-0.868646
-0.890522
-1.03363
-0.328359
0.20747
0.101336
0.345401
0.60221
0.562608
0.569167
0.408113
0.0659306
0.222678
0.590081
0.582314
0.61606
0.916009
1.1253
0.863297
0.300011
0.346039
0.471267
0.187067
0.104906
0.197385
0.189944
-0.0774937
-0.346531
-0.749805
-1.03121
-1.25293
-0.698444
0.369841
0.109768
0.0168474
0.284922
0.0411712
-0.168624
0.0351056
0.377539
0.469582
0.508486
0.461505
0.208195
0.171278
0.0232658
-0.100407
0.122522
0.175697
0.298895
0.500031
0.395059
-0.0577841
-0.25428
-0.211182
-0.182199
-0.149948
-0.207901
-0.228819
-0.103486
-0.0488849
-0.115996
-0.0991601
0.0777208
-0.138451
-0.591989
-0.635101
-0.71007
-0.757911
-0.570387
-0.422856
-0.355154
-0.128406
0.144103
0.17072
0.186291
0.325493
0.421552
0.439531
0.35842
0.318521
0.28731
0.229468
0.172755
0.141802
0.0895276
0.11855
0.0114763
-0.285202
-0.401982
-0.20159
0.123952
0.120126
0.13854
0.181794
0.0822649
-0.0131063
0.0167321
-0.12749
-0.32795
-0.302631
-0.261448
0.220757
0.623635
0.6562
0.722861
0.756485
0.672996
0.496563
0.385414
0.0250148
-0.263734
-0.360759
-0.505676
-0.578671
-0.355946
0.0271356
0.164625
0.269347
0.27011
0.156069
0.0881095
-0.107249
-0.406867
-0.545879
-0.600605
-0.601713
-0.500202
-0.4529
-0.457268
-0.447761
-0.39767
-0.289044
-0.147741
-0.0642345
-0.0678038
-0.0603977
0.0211984
0.199286
0.287468
0.310597
0.165383
-0.098324
-0.173896
0.0225019
0.187163
0.227783
0.302339
0.306384
0.194884
-0.121514
-0.332444
-0.416585
-0.472678
-0.422164
-0.169581
0.127815
0.19822
0.303782
0.455854
0.485406
0.378142
0.13819
0.0200401
0.0141148
-0.00358595
0.0608302
0.257083
0.322509
0.351518
0.4489
0.468653
0.25328
-0.0389523
-0.177047
-0.347558
-0.445729
-0.34454
-0.222909
-0.153608
-0.0878447
0.00477715
0.102877
0.159243
0.229603
0.264787
0.25357
0.0558567
-0.0379481
0.0259739
-0.0413318
-0.111766
-0.123285
-0.134163
-0.231078
-0.314748
-0.278316
0.0102846
0.283981
0.389515
0.456224
0.471503
0.439712
0.224403
0.0886029
0.0448754
-0.134548
-0.24327
-0.228371
0.0639367
0.332264
0.283518
0.139779
0.00846579
0.00995908
0.0165202
0.00541833
-0.0434086
-0.212787
-0.259365
-0.207233
-0.152052
-0.151359
-0.270959
-0.274544
-0.159868
0.00894731
0.0956351
0.111101
0.167641
0.203909
-0.0939602
-0.327545
-0.316637
-0.318715
-0.293973
-0.280187
-0.387982
-0.266449
0.151085
0.251706
0.202517
-0.0131851
-0.0497993
0.0424948
-0.228406
-0.401236
-0.36235
-0.278443
-0.0292321
0.0950788
0.0971586
0.146949
0.197999
0.186764
0.184556
0.165564
0.115804
0.138465
0.212546
0.142364
0.082988
0.07846
-0.0440409
-0.139693
-0.229596
-0.27158
-0.269151
-0.0196005
0.10382
-0.0590148
-0.108725
-0.0038371
0.156359
0.115925
-0.195481
-0.234775
-0.0338458
-0.0225205
0.00451852
-0.00177913
-0.00558778
0.0103657
-0.00604794
-0.154819
-0.0865261
0.124679
0.0565964
0.0756586
0.176108
0.089013
-0.116945
-0.135707
-0.093914
-0.094034
-0.0422747
-0.0356074
-0.0812691
0.00389688
0.112413
0.0788971
0.0759684
0.143462
0.154317
0.0724805
-0.0616456
-0.105188
-0.0318668
0.0728518
0.186837
0.213676
0.229711
0.248074
0.243186
0.265268
0.319068
0.4158
0.410303
0.429896
0.22266
0.0483206
0.123762
0.0459039
0.0153074
0.0339113
0.0888707
0.196529
0.101409
0.0607366
0.254241
0.415698
0.548797
0.576697
0.455768
0.499752
0.719367
0.809773
0.669931
-0.0541768
-0.445668
-0.672094
-1.52142
-1.96931
-2.4657
-2.81098
-2.97999
-1.39081
-0.00943857
-0.850548
-0.506643
-0.151171
-0.122969
0.170657
0.222041
0.0780924
-0.0339986
0.224782
0.517949
1.0665
1.66406
1.77519
1.52231
1.08614
0.936271
0.995662
0.891029
0.583648
0.249207
-0.0165408
-0.20286
-0.276855
-0.366793
-0.437038
-0.624217
-0.922092
-1.30911
-1.66819
-1.7611
-1.52479
-1.33455
-1.2878
-0.856688
-0.506161
-0.395367
-0.143131
0.0935628
0.352537
0.759873
1.01479
1.17132
1.34492
1.35549
1.25041
1.13297
1.1321
0.807916
0.480786
0.455526
0.241852
0.0206106
-0.0642151
-0.181458
-0.393902
-0.669121
-0.816181
-0.912851
-1.01314
-1.08218
-0.741495
-0.232117
-0.0948102
0.149684
0.394658
0.601058
0.885308
1.12526
1.26348
1.48667
1.70854
1.75454
1.01822
0.439859
0.426139
-0.0810037
-0.524932
-0.787852
-1.25136
-1.54992
-1.10245
-0.806184
-0.863326
-0.88666
-1.135
-1.09918
-0.553925
-0.335276
-0.281021
-0.152416
-0.12394
-0.0330195
0.216988
0.587597
0.993633
1.17938
0.800226
0.813289
1.02655
0.616655
-0.0337755
-0.401369
-0.609227
-0.670163
-0.736007
-1.01637
-1.07856
-1.07823
-0.898301
-0.272081
0.266295
0.465756
0.544176
0.467118
0.397518
0.231156
0.130879
0.201862
0.492109
0.732085
0.807108
0.826704
0.315551
0.311217
0.571856
0.654157
0.615927
0.411473
0.2546
-0.192067
-0.69592
-1.05896
-1.09995
-1.04071
-1.16395
-1.19611
-0.618237
-0.219611
-0.337477
-0.184641
0.136807
0.576738
0.885492
0.95854
0.815945
0.388204
0.524968
0.999256
0.940308
0.201113
-0.100787
0.15374
-0.292592
-0.586935
-0.803578
-0.821281
-0.946161
-0.926009
-1.49158
-1.05447
1.01228
0.955132
0.838181
-0.0145367
-0.273091
0.910567
1.30681
1.30359
1.2862
1.39921
0.85952
-0.0564598
-0.19679
-0.152174
-0.284837
-0.151907
-0.240157
-0.699169
-1.17224
-0.794172
-0.438259
-1.01665
-0.882901
0.0810493
-0.0871176
-0.69047
-0.530698
-0.252793
0.0880874
1.04184
1.31013
0.877372
0.836266
0.29665
0.135472
0.769616
1.30212
1.19856
1.24443
0.6195
-0.218096
-0.383511
-0.821427
-0.909062
-0.474346
-0.331664
-0.560392
-0.853825
-1.09616
-1.21907
-1.25204
-1.18599
-0.834389
-0.258188
-0.0861556
-0.0942008
0.293066
0.843148
1.64572
2.29159
2.48364
1.86392
-0.446384
-0.506567
-0.248107
-1.20996
-0.909215
0.258721
-0.0290599
-0.763812
-0.413328
-0.319441
-0.198705
0.131348
0.191889
-0.587275
-0.292048
0.264125
-0.18344
-0.681415
-0.505999
-0.202745
0.104798
0.670358
0.748013
0.369092
0.0175194
0.186379
0.232217
0.139072
0.0264444
-0.103676
-0.381087
-0.694444
-0.813598
-0.815869
-0.571409
-0.485305
-0.35196
-0.0475528
0.107854
0.193319
0.255103
0.265988
0.23354
0.137448
0.0912364
0.0527116
0.0804704
0.1801
0.320275
0.264827
-0.134593
-0.208952
-0.130423
-0.112769
-0.110729
-0.317615
-0.425591
-0.426439
-0.393311
-0.162152
0.0756142
0.243239
0.346639
0.341054
0.296663
0.233801
0.14135
0.0487695
0.00242051
-0.0691483
-0.115437
-0.033577
0.0422956
0.0269547
0.0587051
0.0886163
0.0758847
0.0987389
-0.12026
-0.271056
-0.212526
-0.220059
-0.242516
-0.258776
-0.146547
-0.0276703
0.0211843
0.0243473
-0.0132534
0.0833323
0.239474
0.326964
0.362484
0.323325
0.200029
0.143346
0.142311
0.090707
0.0146425
-0.094119
-0.182878
-0.243569
-0.247762
-0.175226
-0.0962119
-0.0261945
0.0848665
0.111601
0.0517407
0.057584
0.089177
0.0314258
-0.0944181
-0.0941824
-0.0127292
0.125271
0.261943
0.329441
0.131707
-0.18749
-0.220421
-0.213207
-0.162981
-0.161276
-0.184591
-0.0245285
0.107765
0.137049
0.155108
0.0822735
-0.00219654
0.151388
0.249865
0.137906
0.0375025
-0.0409398
-0.113375
-0.0583203
0.127282
0.136204
-0.00446311
-0.0110342
0.0529764
-0.00965229
-0.12404
-0.186559
-0.226197
-0.258328
-0.264819
-0.159925
-0.0316601
-0.00645411
0.085875
0.28877
0.283118
0.0842039
0.05873
0.136985
0.136971
0.131249
0.135603
0.130921
0.0707205
0.0353504
0.0367955
-0.0124992
-0.0724896
-0.0847491
-0.00408586
0.037423
-0.0202185
-0.0645755
-0.143169
-0.132348
0.116378
0.0782882
-0.0582721
0.0248496
-0.0106513
-0.074141
-0.069848
-0.10295
-0.11587
-0.0411256
-0.00542538
-0.0444954
-0.0702307
-0.0457163
-0.0417338
-0.135662
-0.210338
-0.191702
-0.199115
-0.194853
-0.140901
-0.0980547
-0.0168037
0.109659
0.213041
0.257666
0.266486
0.0974661
-0.0856178
-0.0817966
-0.00861336
0.0520748
0.0314654
0.0408239
0.0665957
0.0595006
0.0593125
0.0455898
0.00310839
0.0145753
0.0531912
0.0225147
-0.0145093
0.00682312
0.0506664
0.0477683
0.0431207
0.110074
0.157586
0.17256
0.179277
0.152158
0.165502
0.238203
0.246219
0.154645
0.0463872
-0.00381378
-0.031304
-0.0669811
-0.0543177
-0.0486616
-0.0357287
-0.0203569
-0.0415406
-0.0752894
-0.0913055
-0.0648988
-0.0298457
-0.031838
-0.0669172
-0.0516767
-0.0250309
-0.0227656
0.0254612
0.0790156
0.0926658
0.0577053
-0.00330499
-0.0477221
-0.0798743
-0.123762
-0.134143
-0.126242
-0.134985
-0.13527
-0.0727118
0.0531614
0.0622811
0.0239395
0.0214035
-0.0117406
-0.0702846
-0.0667738
-0.00583606
0.0495436
0.055293
0.06645
0.131115
0.19617
0.203338
0.184206
0.142054
0.0789389
0.00973648
-0.0964314
-0.158347
-0.195013
-0.20527
-0.169186
-0.127954
-0.0730777
-0.00399733
0.026998
0.018389
0.0236442
0.0386553
0.0676705
0.0940165
0.0973915
0.103645
0.107809
0.0680907
0.0114087
0.0246285
0.0361687
-0.00141167
-0.029846
-0.0355896
-0.0373151
-0.0350025
-0.0421963
-0.0605559
-0.0918207
-0.105363
-0.0664261
-0.0543989
-0.049769
-0.0153814
0.0158873
0.0431073
0.0493955
0.0777345
0.108022
0.122007
0.127434
0.104962
0.0512929
-0.0222789
-0.0408831
-0.0592475
-0.0688058
-0.0659593
-0.0604042
-0.0833379
-0.0624195
0.0336685
0.0600742
0.0461257
0.0407235
0.0351411
-0.0116051
-0.0487155
-0.0649445
-0.0482769
-0.00537016
-0.02172
-0.0304231
-0.0326692
-0.066093
-0.103685
-0.119497
-0.113148
-0.0920445
-0.0946421
-0.0830458
0.0548598
0.148533
0.0393665
-0.0804557
-0.00835499
0.0767402
0.0159435
-0.0395157
-0.0691055
-0.105113
-0.109214
-0.0455017
-0.00473081
0.0619794
0.168003
0.0868522
-0.0494173
-0.0257611
0.126373
0.202738
0.144786
0.0473093
-0.0184202
0.0335929
0.185715
0.188958
0.0535647
0.0108744
-0.0329157
-0.0876817
-0.0444273
0.0656601
0.0858232
0.0464399
-0.0113365
-0.059347
0.0268585
0.0938813
0.0648023
0.0790357
0.101106
0.0786131
0.0702546
0.0781893
0.0864136
0.0580523
-0.0225885
-0.111096
-0.16211
-0.190432
-0.213557
-0.21824
-0.143134
-0.087112
-0.0601681
-0.0397919
-0.0836503
-0.120562
-0.0939589
-0.048324
-0.0296686
0.00170148
-0.00309427
-0.0356392
-0.011787
0.0209414
0.00644838
-0.0226291
-0.0831042
-0.134713
-0.0974581
-0.0351832
-0.0248178
-0.0093348
0.0548985
0.0673122
0.0477884
0.0955375
0.149454
0.0538996
-0.0698735
-0.0633491
-0.0927705
-0.0770502
0.028104
0.0445734
-0.0126979
-0.0470987
-0.0393565
-0.0710288
-0.0948546
-0.062653
-0.0430866
0.00228926
0.0451558
0.0636919
0.103879
0.142617
0.105374
0.049809
0.0317785
0.03314
-0.00243391
-0.0602592
-0.0651759
-0.0189332
0.0307578
0.0378057
0.0718425
0.124602
0.148192
0.124891
0.112826
0.127969
0.129288
0.0795766
0.0147313
0.0428387
0.0538026
0.0363078
0.0918536
0.161923
0.137061
0.0860687
0.0336169
0.0102333
-0.000955367
-0.0338555
-0.0115879
-0.0232669
-0.0791484
-0.104102
-0.0884428
-0.0425854
0.00195228
-0.0284402
-0.0187388
-6.1225e-05
-0.0243466
-0.0119367
0.0036017
-0.0169056
-8.79143e-05
0.0389307
0.00566818
-0.08873
-0.121533
-0.0775268
-0.0547023
-0.0432833
-0.0266365
0.00963231
0.0639638
0.0829494
0.0897097
0.164163
0.159458
0.108491
0.0861526
0.0291881
0.0107281
0.0260845
-0.0119179
-0.0286287
-0.00994385
-0.0181582
-0.0500632
-0.0461025
-0.037054
-0.0913801
-0.101534
-0.0249924
-0.0152941
-0.0570853
-0.0332428
-0.0330208
-0.0493922
-0.0298679
-0.000617528
0.015878
0.0472175
0.0667619
0.0460723
0.0183856
-0.0376897
-0.0570997
-0.0482709
-0.0678307
-0.0825924
-0.0599189
-0.0423034
-0.0471089
-0.0630797
-0.0558198
-0.0328562
-0.0190487
-0.000143197
0.000529716
-0.0425298
-0.0345196
0.0238506
0.0121489
-0.011068
-0.00727321
-0.023732
-0.0439288
0.00367662
0.0276583
-0.0113174
-0.00903454
0.0392176
0.0296846
-0.0113244
-0.0221455
-0.0208484
-0.0284874
-0.0543726
-0.0780308
-0.0700959
-0.0450405
-0.0241834
0.0136944
0.0514024
0.0616732
0.0292161
-0.0242406
-0.0371025
-0.0326997
-0.0537798
-0.0471536
-0.042105
-0.0266261
0.00819567
-0.0100964
-0.0477225
-0.0533875
-0.027645
-0.0327456
-0.0238277
0.017096
0.00728138
0.00781797
0.0253477
0.0346263
0.0408309
0.0183748
0.00527337
0.00130993
-0.0180496
-0.0511557
-0.0666961
-0.0606646
-0.0461488
-0.0306613
0.00683123
0.0336572
0.0435845
0.0566284
0.0466094
0.0404465
0.0247551
0.000394368
-0.0138458
0.00361039
0.0295133
0.0266731
0.0256567
0.0174512
0.00763328
0.0158861
0.0276871
0.0336043
0.02164
0.00327128
-0.00363929
-0.00645024
-0.00584006
0.00234527
0.0124847
0.0162337
0.0209284
0.0242741
0.0259262
0.0241034
0.0250885
0.0332192
0.0302827
0.0245016
0.0228376
0.0164021
0.00479136
0.00241659
-0.00273215
-0.0104378
-0.0176084
-0.0177391
-0.0129496
-0.0124951
-0.00274326
-0.000585758
-0.00481949
0.000641723
0.00441141
0.00090841
-0.000209583
-0.000121991
0.00233221
0.0018239
0.00460725
0.0117887
0.013741
0.0122281
0.0113469
0.0116632
0.00971636
0.0056768
0.00465689
0.00488873
0.00114192
-0.00278862
-0.00615766
-0.00636075
-0.00545247
-0.00413348
-0.00288293
-0.00250053
-0.0031804
-0.00283742
-0.00163989
-0.00238584
-0.00420336
-0.00551302
-0.00670855
-0.00753612
-0.00669005
-0.00578354
-0.00472912
-0.00386183
-0.00296049
-0.00182698
-0.00151066
-0.000962207
4.26038e-05
0.000956426
0.00127578
0.00151159
0.00200942
0.0021745
0.00216558
0.0020537
0.00222782
0.00252319
0.00252223
0.00264054
0.00275653
0.00275407
0.00281779
0.00283121
0.00273002
0.00279366
0.0028803
0.00290363
0.00289646
0.00286725
0.00283542
0.00278544
0.00270897
0.00261993
0.00252732
0.00241312
0.00228187
0.00215919
0.00203607
0.00189518
0.00173962
0.00157249
0.00139285
0.00120063
0.000996749
0.000781744
0.00055623
0.000320846
7.60411e-05
