-0.0697743
-0.0696836
-0.0695929
-0.0695023
-0.0694118
-0.0693213
-0.069231
-0.0691406
-0.0690505
-0.0689603
-0.0688704
-0.0687804
-0.0686905
-0.0686005
-0.0685105
-0.0684205
-0.0683304
-0.0682407
-0.0681512
-0.0680617
-0.0679723
-0.0678834
-0.0677946
-0.0677058
-0.0676169
-0.0675282
-0.0674394
-0.067353
-0.0672689
-0.0671838
-0.0670916
-0.066994
-0.0668965
-0.0668022
-0.0667059
-0.0666112
-0.0665245
-0.0664444
-0.0663617
-0.0662836
-0.0662219
-0.0661659
-0.06609
-0.0659976
-0.0659016
-0.0657973
-0.0656731
-0.0655488
-0.0654509
-0.0653818
-0.0653185
-0.0652493
-0.0651693
-0.0650929
-0.0650306
-0.064966
-0.0648558
-0.0647088
-0.0645871
-0.0644975
-0.0643799
-0.0642436
-0.0641758
-0.0642109
-0.0642497
-0.0641867
-0.0640031
-0.0637755
-0.0635867
-0.0634487
-0.0633431
-0.063302
-0.0632651
-0.0631957
-0.0632467
-0.0634496
-0.0635404
-0.0633729
-0.0630738
-0.0627689
-0.0624653
-0.0622947
-0.0623617
-0.0624957
-0.0624704
-0.0622775
-0.0621159
-0.0621489
-0.0622459
-0.062117
-0.0617425
-0.0614959
-0.0615614
-0.0617171
-0.0617195
-0.0615063
-0.0612191
-0.0612964
-0.0618599
-0.0623054
-0.062193
-0.06173
-0.0611881
-0.0604868
-0.0594553
-0.0583434
-0.0579662
-0.0587587
-0.0596997
-0.0599754
-0.0601221
-0.0608787
-0.0617573
-0.0617289
-0.0605843
-0.0593347
-0.0590409
-0.0594149
-0.0593057
-0.0583729
-0.0574281
-0.0574234
-0.0581225
-0.0586234
-0.0589648
-0.0602458
-0.0624571
-0.063928
-0.0629456
-0.0599167
-0.0569686
-0.0560423
-0.056797
-0.0574322
-0.0577396
-0.0581911
-0.0579924
-0.0567437
-0.0549351
-0.0528299
-0.0509909
-0.0512055
-0.0543586
-0.0586966
-0.0613874
-0.0617057
-0.0614208
-0.0614234
-0.0602323
-0.0576504
-0.055974
-0.0566568
-0.0582868
-0.0589458
-0.0582021
-0.0563257
-0.0532496
-0.0504502
-0.0503898
-0.0522377
-0.0544458
-0.058164
-0.0632631
-0.0668365
-0.0677973
-0.0680173
-0.0659618
-0.058554
-0.0497906
-0.0481542
-0.0543593
-0.0591618
-0.0560684
-0.0499243
-0.0479936
-0.0490077
-0.0493823
-0.0483987
-0.0462294
-0.0456482
-0.0509056
-0.0619035
-0.0704107
-0.0679583
-0.0582942
-0.0506476
-0.0474022
-0.0460554
-0.0460767
-0.0483627
-0.0515374
-0.0523021
-0.0481284
-0.0412959
-0.0368304
-0.0381605
-0.0456715
-0.0570962
-0.0664657
-0.0680338
-0.0652271
-0.0624785
-0.0603645
-0.0600921
-0.0595658
-0.0528459
-0.0425475
-0.0402066
-0.0466533
-0.0510964
-0.0492938
-0.0469524
-0.048176
-0.0547653
-0.0659134
-0.0749598
-0.0781932
-0.0799609
-0.0801011
-0.077489
-0.0759192
-0.0706002
-0.0454817
-0.00524093
0.0201172
0.0229964
0.0113002
-0.0157824
-0.0543182
-0.0873793
-0.105934
-0.111848
-0.106435
-0.0972327
-0.0882771
-0.0671549
-0.0301458
0.00111063
0.00850765
-4.45617e-05
-0.0113267
-0.0260869
-0.0448471
-0.0632165
-0.0801249
-0.0913886
-0.0918009
-0.0921139
-0.100134
-0.0992956
-0.0794023
-0.0512318
-0.0236796
-0.00029215
0.0120403
0.0137437
0.00880626
-0.00665549
-0.030992
-0.0644863
-0.107965
-0.138499
-0.131328
-0.10501
-0.0900979
-0.0671433
-0.0117647
0.0458595
0.0686533
0.0607615
0.0439
0.0283957
0.00721376
-0.0345845
-0.0941573
-0.144837
-0.157155
-0.126293
-0.0799318
-0.0531015
-0.0517434
-0.0560757
-0.0535623
-0.0507677
-0.0431635
-0.0189317
0.00419683
0.00272665
-0.0114439
-0.0193283
-0.035244
-0.0701272
-0.0978302
-0.100422
-0.0970284
-0.0998475
-0.087803
-0.0396858
0.0285507
0.065868
0.0500897
0.00690618
-0.0193976
-0.017905
-0.0241842
-0.0570053
-0.101232
-0.144058
-0.165224
-0.146381
-0.104791
-0.0758988
-0.0647979
-0.0642164
-0.0758055
-0.0831123
-0.0603858
-0.0201362
0.011026
0.0290229
0.0325457
0.0201282
0.0107004
0.0157705
0.0248272
0.0307665
0.0316303
0.0143863
-0.0268698
-0.0756065
-0.118252
-0.141915
-0.119302
-0.0599223
-0.0173743
-0.0338486
-0.101216
-0.177861
-0.197068
-0.117383
0.000873427
0.0670423
0.0935395
0.129504
0.149045
0.101134
-0.000503126
-0.111784
-0.184642
-0.149904
-0.0164378
0.129511
0.194937
0.121977
-0.0489996
-0.207489
-0.267493
-0.243601
-0.215969
-0.205146
-0.173833
-0.099332
0.00403652
0.0632204
0.00505271
-0.10233
-0.106975
0.00272772
0.0991617
0.107307
0.0597715
0.0163367
0.00354186
0.00582712
-0.000578882
-0.00645187
0.025759
0.10734
0.199879
0.226565
0.12164
-0.123432
-0.376933
-0.439627
-0.31365
-0.141391
-0.0329837
-0.005727
-0.017987
-0.0487066
-0.10384
-0.148689
-0.141671
-0.0987379
-0.0303531
0.0603461
0.113731
0.0590702
-0.0782267
-0.191035
-0.224509
-0.18432
-0.0954704
0.00833098
0.0992592
0.167045
0.215791
0.234427
0.196538
0.0833214
-0.0905659
-0.231675
-0.234672
-0.145211
-0.140139
-0.268528
-0.35195
-0.256699
-0.0962258
-0.0419456
-0.0829527
-0.0604934
0.108314
0.28223
0.276606
0.171231
0.096329
0.0404865
-0.0174153
-0.0533814
-0.0792495
-0.121047
-0.159177
-0.175616
-0.197039
-0.227703
-0.232264
-0.200336
-0.122127
0.0569953
0.330569
0.549451
0.585396
0.462373
0.288403
0.150789
0.0546259
-0.0836546
-0.316176
-0.580361
-0.782096
-0.846563
-0.747247
-0.538039
-0.319311
-0.158051
0.000269712
0.258609
0.562054
0.768833
0.779794
0.626126
0.413673
0.197987
-0.0407204
-0.289383
-0.502887
-0.74606
-1.03008
-1.18856
-1.05651
-0.655357
-0.144735
0.298639
0.578606
0.817703
1.05047
1.12945
0.97037
0.640148
0.220202
-0.223144
-0.589765
-0.847118
-1.13538
-1.45346
-1.55247
-1.25032
-0.603884
0.231339
1.04745
1.53769
1.5802
1.34103
1.00383
0.628355
0.229486
-0.159202
-0.482838
-0.688837
-0.843514
-1.00016
-1.11305
-1.07596
-0.805454
-0.352569
0.0605254
0.274818
0.440863
0.752177
1.07105
1.14366
0.949583
0.623751
0.238631
-0.196106
-0.586004
-0.82695
-0.935567
-0.978791
-0.903383
-0.591852
-0.0720627
0.414716
0.629721
0.715039
0.820061
0.815721
0.574755
0.203
-0.147155
-0.434426
-0.67595
-0.852459
-0.882073
-0.647946
-0.233704
0.136006
0.365624
0.556427
0.778068
0.890794
0.731487
0.359771
-0.0229452
-0.238714
-0.264153
-0.236653
-0.264784
-0.3143
-0.301485
-0.21067
-0.114112
-0.0526029
0.0445127
0.213735
0.341635
0.369945
0.419275
0.479258
0.326077
-0.0975174
-0.61686
-1.04949
-1.26048
-1.11216
-0.612683
-0.0428117
0.329135
0.494644
0.569852
0.627386
0.631393
0.481048
0.200993
-0.0122329
-0.0454651
0.00684141
-0.0266438
-0.185668
-0.359131
-0.378667
-0.201014
-0.0200252
0.0243135
0.0329174
0.141096
0.266631
0.231401
0.0723798
-0.00307907
-0.0103864
-0.15314
-0.391772
-0.514827
-0.483204
-0.435411
-0.471887
-0.557297
-0.543056
-0.356514
-0.0877714
0.131159
0.330436
0.636246
1.00971
1.16135
0.900381
0.461922
0.102989
-0.142703
-0.304694
-0.408357
-0.509101
-0.568182
-0.461231
-0.255938
-0.105399
0.0380309
0.239026
0.378106
0.369684
0.304847
0.237367
0.132654
0.0191096
-0.0584428
-0.148168
-0.329192
-0.559454
-0.716623
-0.614592
-0.169495
0.344116
0.648765
0.711079
0.64283
0.509904
0.3525
0.206329
-0.0101977
-0.370249
-0.738069
-0.896753
-0.789689
-0.509461
-0.198719
0.0475599
0.224824
0.369259
0.540433
0.72066
0.785042
0.648773
0.372608
0.0474102
-0.290607
-0.555132
-0.624537
-0.585609
-0.594287
-0.618301
-0.544227
-0.350772
-0.0616918
0.288772
0.586448
0.758388
0.845806
0.878826
0.801898
0.574924
0.22045
-0.170724
-0.41734
-0.510024
-0.610188
-0.787284
-0.875086
-0.673255
-0.22657
0.243241
0.567641
0.72435
0.793302
0.807544
0.757674
0.631696
0.424948
0.131163
-0.22335
-0.494956
-0.581258
-0.574456
-0.610096
-0.674506
-0.634525
-0.420317
-0.139436
0.0473181
0.176821
0.333535
0.47725
0.507579
0.372631
0.113175
-0.178199
-0.429804
-0.606889
-0.689695
-0.646875
-0.544639
-0.492364
-0.4699
-0.313934
0.0436491
0.42026
0.643826
0.728077
0.697392
0.527733
0.279665
0.0950663
0.0334051
0.0157981
-0.0853664
-0.305294
-0.529117
-0.581969
-0.457454
-0.339135
-0.28696
-0.122992
0.218328
0.540917
0.61746
0.451201
0.186604
-0.0810516
-0.305503
-0.393747
-0.287109
-0.161039
-0.230228
-0.440984
-0.542227
-0.390286
-0.0761345
0.194385
0.272028
0.280215
0.39121
0.545205
0.518462
0.248871
-0.0844404
-0.310454
-0.401984
-0.35261
-0.186797
-0.0408485
-0.0191865
-0.0382865
0.0172231
0.0960759
0.0719926
-0.0436739
-0.119967
-0.0818197
0.0525015
0.178389
0.146276
-0.0725713
-0.289623
-0.283912
-0.1176
0.0807919
0.290446
0.446702
0.46083
0.406256
0.409593
0.400087
0.219063
-0.0535326
-0.207241
-0.21198
-0.157126
-0.0828246
-0.0289962
-0.0577167
-0.117017
-0.0941208
-0.0255483
-0.0137931
-0.0461698
-0.0234609
0.110801
0.25276
0.199491
-0.0254854
-0.260208
-0.455165
-0.618034
-0.658726
-0.497272
-0.205011
0.039273
0.137447
0.216763
0.397132
0.556558
0.50366
0.258936
0.0452869
0.00413213
0.0335198
-0.0377027
-0.185031
-0.263417
-0.237369
-0.213992
-0.267914
-0.32444
-0.270862
-0.147324
-0.0344638
0.0790785
0.226684
0.355168
0.38964
0.290732
0.116423
0.0411366
0.120121
0.216313
0.190468
0.0691248
-0.0497593
-0.133161
-0.125443
0.0408669
0.228645
0.238142
0.135313
0.148934
0.330167
0.512404
0.542176
0.365512
0.0610237
-0.239121
-0.426461
-0.480434
-0.449467
-0.34762
-0.0976635
0.28472
0.570245
0.671465
0.688553
0.694933
0.671308
0.594325
0.46587
0.27851
0.0403086
-0.188492
-0.32667
-0.346963
-0.295647
-0.246391
-0.247929
-0.291144
-0.310044
-0.221821
0.0393992
0.404602
0.622822
0.524601
0.212877
-0.0644871
-0.154586
-0.154027
-0.261529
-0.501572
-0.684212
-0.630734
-0.348256
-0.0519139
0.0196099
-0.0923517
-0.0585732
0.259856
0.621987
0.679619
0.360936
-0.0461504
-0.257991
-0.26174
-0.27093
-0.38384
-0.533793
-0.638495
-0.657782
-0.610675
-0.551116
-0.483188
-0.370142
-0.214279
-0.0352686
0.177485
0.380886
0.461983
0.361977
0.114645
-0.172356
-0.309768
-0.209703
-0.034544
-0.0235719
-0.199651
-0.380768
-0.40794
-0.24778
-0.0305966
0.0963156
0.103082
0.0933458
0.201524
0.438999
0.666915
0.719757
0.568486
0.316163
0.0564314
-0.170962
-0.351158
-0.478929
-0.564071
-0.624695
-0.592929
-0.360103
0.00107814
0.31807
0.539221
0.68281
0.675927
0.486249
0.290152
0.218144
0.1648
-0.0278102
-0.331227
-0.545886
-0.556165
-0.435617
-0.335654
-0.32133
-0.309596
-0.188711
0.0813446
0.465517
0.811694
0.905343
0.747322
0.62587
0.695011
0.70615
0.433292
0.02329
-0.242675
-0.316
-0.29665
-0.234719
-0.166053
-0.152478
-0.174466
-0.129045
-0.00602754
0.106505
0.219972
0.382205
0.455372
0.319149
0.106354
0.0458799
0.105929
0.0423056
-0.210391
-0.413953
-0.397513
-0.316768
-0.361244
-0.449082
-0.35943
-0.06783
0.187779
0.237663
0.155477
0.091394
0.058433
0.0127239
-0.0471476
-0.0910645
-0.0913759
-0.0511479
-0.00142417
0.0392708
0.0809515
0.145875
0.234038
0.300437
0.299189
0.25122
0.187954
0.0648312
-0.133093
-0.278116
-0.272204
-0.188315
-0.136592
-0.0656657
0.140574
0.436752
0.683349
0.825093
0.885141
0.904629
0.916854
0.902917
0.807535
0.664685
0.563843
0.466331
0.340196
0.25993
0.229598
0.194097
0.230027
0.458042
0.734363
0.785581
0.636532
0.519257
0.483907
0.395309
0.247032
0.149993
0.0829193
-0.0446728
-0.146464
-0.113933
-0.0278544
0.017506
0.0552053
0.0785431
0.0595519
0.111765
0.282009
0.394054
0.337267
0.23845
0.195775
0.128531
0.0135202
-0.0443788
-0.0583542
-0.135049
-0.273314
-0.398823
-0.478056
-0.525727
-0.521766
-0.404255
-0.182078
0.0535046
0.193525
0.163736
-0.0111878
-0.220463
-0.283943
-0.14022
-0.0618017
-0.284949
-0.655618
-0.863668
-0.895568
-0.919917
-0.904744
-0.695936
-0.383906
-0.154723
0.0501643
0.333777
0.625631
0.859334
1.06538
1.11986
0.849701
0.44324
0.120977
-0.173935
-0.484751
-0.622804
-0.42948
-0.0520818
0.156562
0.114348
0.145385
0.441006
0.792833
0.989881
0.988258
0.797397
0.554489
0.473206
0.485148
0.351886
0.131544
0.126638
0.388064
0.607767
0.600549
0.504872
0.462286
0.419339
0.314827
0.190326
0.0981516
0.0635496
0.111579
0.192647
0.142657
-0.0924121
-0.376575
-0.564497
-0.650333
-0.653591
-0.480445
-0.0412291
0.503535
0.862337
0.935371
0.840155
0.718124
0.609613
0.469467
0.269671
0.0556118
-0.0835822
-0.0752802
-0.0207802
-0.104322
-0.232684
-0.153081
0.114205
0.267534
0.201362
0.157875
0.301905
0.475753
0.436596
0.0984041
-0.377953
-0.638102
-0.458549
-0.139116
-0.140355
-0.426273
-0.510059
-0.167237
0.167196
0.0443868
-0.317555
-0.385736
-0.0549083
0.377555
0.610435
0.562329
0.374458
0.252511
0.240775
0.188086
0.0812297
0.0990664
0.28716
0.490869
0.603282
0.637273
0.620467
0.536516
0.35563
0.0839859
-0.184613
-0.344027
-0.41727
-0.563515
-0.836054
-1.12975
-1.36345
-1.45903
-1.32122
-1.06207
-0.91648
-0.874982
-0.526156
0.350217
1.17607
1.47228
1.42503
1.46992
1.68533
1.79029
1.4854
0.791734
0.190762
0.0979216
0.269128
0.219992
-0.0156293
0.0410318
0.52522
0.959182
0.94678
0.849645
1.04298
1.30084
1.14913
0.527358
-0.182643
-0.541382
-0.512475
-0.579882
-1.00385
-1.3318
-1.03127
-0.300355
0.15254
0.00798052
-0.319585
-0.390587
-0.258086
-0.143715
-0.131796
-0.244519
-0.420775
-0.489511
-0.428677
-0.389796
-0.329799
-0.0734894
0.262459
0.353154
0.229457
0.272327
0.663777
1.0619
1.05494
0.798635
0.542753
0.169298
-0.363384
-0.709683
-0.686511
-0.725749
-1.15396
-1.55542
-1.41143
-0.850315
-0.376801
-0.190402
-0.18598
-0.359746
-0.492769
-0.149487
0.495829
0.612835
-0.0264573
-0.536019
-0.28602
0.230887
0.28111
-0.00710331
-0.136513
-0.0413369
0.135842
0.416738
0.71181
0.738614
0.506663
0.338567
0.282186
0.121485
-0.105532
-0.148138
0.0314462
0.237749
0.331155
0.254154
0.0568477
-0.114014
-0.124113
-0.00303509
0.0754315
0.0327783
0.0169357
0.119747
0.083712
-0.347087
-0.965432
-1.20071
-0.784409
-0.125573
0.116615
-0.0815718
-0.129016
0.168459
0.453203
0.655812
1.03273
1.54982
1.79885
1.48856
0.810428
0.217454
-0.113137
-0.245754
-0.164715
0.151417
0.544365
0.764444
0.768633
0.822594
1.04376
1.11678
0.781436
0.293726
0.0169576
-0.109778
-0.298212
-0.483713
-0.580916
-0.623676
-0.574645
-0.491519
-0.593641
-0.81917
-0.784032
-0.413159
-0.121037
-0.0466455
0.0701433
0.260232
0.223701
-0.124121
-0.563357
-0.908165
-1.12793
-1.20172
-1.02082
-0.628897
-0.267567
-0.117357
-0.0795878
0.0907591
0.352546
0.419543
0.242891
0.0437597
-0.00105912
0.0980414
0.142791
-0.141958
-0.732404
-1.14525
-1.03799
-0.689389
-0.588666
-0.65834
-0.449399
0.106893
0.558423
0.597683
0.5155
0.585926
0.67442
0.619607
0.467243
0.382446
0.507714
0.730377
0.687303
0.21999
-0.421356
-0.810409
-0.78638
-0.651959
-0.675666
-0.712816
-0.546166
-0.250285
-0.0525934
-0.0200834
-0.0278273
-0.04924
-0.142921
-0.185584
-0.0830046
-0.104122
-0.432096
-0.712425
-0.574314
-0.112079
0.365755
0.742117
0.970193
0.941259
0.728089
0.624437
0.754595
0.882116
0.714511
0.378076
0.404489
0.941956
1.52488
1.64101
1.33111
1.08568
1.17423
1.46324
1.6108
1.37264
0.942927
0.690635
0.621198
0.466157
0.167718
-0.115948
-0.385183
-0.709138
-0.928626
-0.836042
-0.525714
-0.267307
-0.12006
0.064328
0.208088
0.00703968
-0.499045
-0.978857
-1.25382
-1.44532
-1.74349
-2.14679
-2.35192
-2.08249
-1.65816
-1.59953
-1.92146
-2.14208
-1.95996
-1.46087
-0.797431
-0.0296145
0.582529
0.746051
0.662634
0.829632
1.25875
1.39816
0.915669
0.079626
-0.627105
-1.0499
-1.176
-1.00242
-0.690024
-0.520802
-0.652606
-0.909469
-0.83905
-0.252102
0.438831
0.691499
0.568984
0.574435
0.905693
1.28898
1.56737
1.87397
2.01432
1.51341
0.578559
0.0284263
0.0333107
-0.236869
-0.974414
-1.13137
-0.326823
0.685687
1.23443
1.32897
1.22758
0.950569
0.498433
0.156774
0.170034
0.373139
0.524903
0.552002
0.339896
-0.235953
-0.964848
-1.37507
-1.30524
-0.986382
-0.591119
-0.263183
-0.403477
-1.14621
-1.75494
-1.39333
-0.296636
0.427166
0.286715
-0.142875
-0.102933
0.404132
0.797832
0.757545
0.613213
0.709926
0.678568
0.134695
-0.405921
-0.242372
0.477972
1.02497
1.13641
1.06391
0.893861
0.579534
0.337158
0.358761
0.428024
0.281963
0.0542386
-0.135894
-0.516776
-1.10382
-1.4846
-1.35196
-0.901528
-0.55037
-0.519428
-0.607837
-0.503519
-0.26068
-0.0582275
0.0378895
-0.0160869
-0.143552
-0.165027
-0.170933
-0.312089
-0.301461
0.141958
0.731852
0.984014
0.888806
0.949474
1.26718
1.17716
0.425079
-0.294657
-0.220406
0.471715
0.871344
0.620845
0.23928
0.16806
0.143708
-0.0425818
-0.0775576
0.178736
0.33057
0.0657571
-0.30517
-0.12015
0.732653
1.58299
1.8733
1.67801
1.25629
0.782693
0.41264
0.136005
-0.224084
-0.674643
-0.971986
-0.950506
-0.725341
-0.505452
-0.344616
-0.148915
0.099608
0.27448
0.331062
0.414647
0.747778
1.31763
1.59413
1.02281
0.128623
0.115289
0.902616
1.08663
-0.0322776
-1.5309
-2.06139
-1.46561
-0.68467
-0.516016
-0.669236
-0.644382
-0.462758
-0.262177
-0.0138856
0.125347
-0.280353
-1.10016
-1.37117
-0.949537
-0.548262
-0.312816
0.155726
0.610819
0.49398
0.382532
1.19631
2.22501
2.15506
1.17011
0.416601
0.281689
0.235196
0.00923146
-0.0160225
0.377722
0.884531
1.02682
0.807068
0.740414
0.90058
0.67741
0.0901426
0.118428
0.693669
0.708279
0.116408
-0.118474
0.17237
0.21074
-0.159527
-0.368343
-0.375815
-0.514619
-0.639835
-0.623324
-0.806045
-1.34879
-1.72363
-1.45937
-1.13153
-1.36069
-1.64838
-1.15694
-0.189412
0.240177
0.0165072
0.133958
0.932664
1.36392
0.764031
0.03368
-0.0534118
-0.0699878
-0.694819
-1.36326
-1.31651
-0.894279
-0.678954
-0.592831
-0.304147
0.291952
1.07345
1.77395
2.09503
2.13225
2.08568
2.04664
2.00425
1.84005
1.50761
1.19309
1.11644
1.28424
1.54271
1.69365
1.51474
0.962133
0.335908
0.0454984
0.120152
0.376864
0.807092
1.36981
1.66344
1.43099
1.16654
1.62058
2.40437
2.29236
1.35855
0.692216
0.857388
1.56576
2.1493
2.19053
1.59188
0.680399
0.282342
0.761001
1.61068
1.96613
1.63546
1.35787
1.75008
2.12768
1.47991
0.446342
0.47068
1.37255
1.73081
1.19343
0.78553
0.825613
0.644791
0.256059
0.292205
0.671564
0.812588
0.861789
1.45568
2.50385
2.99177
2.23286
0.904981
0.27692
0.686724
1.20602
1.02057
0.754729
1.48194
2.54185
2.57543
2.01811
1.96809
2.2121
2.09141
1.91095
1.9301
1.57116
0.862448
0.843424
1.93609
2.97512
2.69444
1.45789
0.496303
0.113255
-0.244551
-0.515941
-0.193778
0.382557
0.495147
0.0182873
-0.527564
-0.338117
0.71487
1.27315
0.10632
-2.00214
-2.82982
-1.46103
0.27232
0.542003
0.131718
0.832912
2.21065
2.02491
-0.300629
-2.14047
-1.26925
1.05932
1.82883
0.286354
-1.51029
-1.79856
-0.982813
-0.299304
-0.301976
-0.765634
-1.15091
-1.10328
-0.777301
-0.484117
-0.101799
0.504595
0.753619
-0.0400356
-1.22065
-1.42609
-0.967462
-0.845774
-1.04581
-1.03271
-0.814662
-0.572388
-0.442865
-0.916811
-2.12421
-3.00265
-2.50137
-1.28243
-0.661703
-0.690507
-0.217033
1.2692
2.55235
2.42134
1.47576
1.01746
1.48566
2.3541
2.69736
1.64855
-0.613268
-2.12652
-1.12711
1.62957
3.51328
3.12089
1.41707
0.238907
0.505832
1.69533
3.04899
3.99647
3.83607
2.36046
0.786978
0.766976
1.84042
1.96721
0.810817
-0.0791618
-0.118071
-0.20019
-0.925469
-1.6858
-1.57007
-0.446641
0.768435
1.27365
1.025
0.502544
0.11369
-0.132647
-0.581273
-1.43229
-2.22239
-2.06551
-0.431031
1.84158
3.20837
2.86422
1.31666
0.0982628
0.219027
1.13407
1.89561
2.42795
2.69719
2.11758
0.477251
-0.938316
-0.432503
1.08036
1.39224
0.0256051
-1.44697
-1.59963
-0.773529
0.137173
0.988359
1.7243
1.88397
1.31089
0.742315
0.848959
1.33153
1.42804
1.03958
0.591172
-0.155594
-1.7052
-3.39801
-3.66198
-2.04122
0.153482
1.58868
1.99436
1.93868
1.34231
-0.0777711
-1.35911
-1.09493
0.614335
2.21528
2.45755
1.61668
0.601458
0.0519128
0.268288
0.950896
1.17912
0.552877
0.0100634
0.409476
1.26615
1.81099
2.13621
2.47264
2.37519
1.18335
-0.511227
-0.922121
-0.102155
0.284914
-0.380449
-0.879688
-0.221154
0.939333
1.31233
0.529894
-0.462184
-0.517945
0.719529
2.29296
2.83797
2.05537
0.806559
-0.275368
-1.52474
-3.04835
-3.87402
-3.23688
-1.72278
-0.560848
-0.167623
0.192095
1.21054
2.5326
3.53482
4.10458
4.22381
3.62847
2.36495
1.122
0.552796
0.483027
0.336786
0.0333495
-0.214585
-0.40805
-0.450133
0.0801006
1.07611
1.337
0.21288
-1.03602
-1.11936
-0.532238
-0.432914
-0.785896
-0.917634
-0.973943
-1.35434
-1.4262
-0.30749
1.53951
2.52425
1.92446
0.335502
-1.15197
-1.73148
-1.4613
-0.79934
-0.241998
0.0218455
0.363477
1.22237
2.3552
3.10131
3.35362
3.5319
3.88301
4.21106
4.03852
3.22555
2.66244
3.53814
5.2893
6.40899
6.24969
5.12071
3.44057
1.42167
-0.51606
-1.61439
-1.60418
-1.2052
-1.12714
-1.28147
-1.17125
-0.544425
0.295919
0.998409
1.7355
2.80101
3.8663
4.3772
3.83783
2.00964
-0.886949
-3.9159
-5.64245
-5.843
-4.79
-2.82046
-1.13367
-1.03302
-2.37935
-3.48886
-2.86842
-1.15858
-0.131559
-0.597236
-1.62853
-2.04397
-1.6708
-1.17418
-1.13635
-1.3035
-0.99259
-0.318297
0.0230508
-0.214935
-0.640426
-0.895793
-1.06539
-1.29784
-1.47874
-1.39402
-1.02167
-0.539043
-0.260099
-0.525639
-1.36825
-2.27707
-2.695
-2.75635
-2.67196
-2.37013
-2.01083
-2.07753
-2.83026
-3.99444
-5.12599
-6.14341
-6.93361
-7.10661
-6.3884
-5.02916
-3.49603
-2.19956
-1.4853
-0.957653
-0.131837
0.864885
1.62602
1.9369
1.7507
1.13877
0.408367
-0.216584
-1.08962
-2.26426
-2.98874
-2.82383
-2.3841
-2.50783
-3.16595
-3.76425
-4.16479
-4.56083
-4.75607
-4.20032
-2.87444
-1.65473
-1.35392
-1.87737
-2.3569
-2.25444
-1.66467
-0.994249
-0.737979
-1.10445
-1.93203
-2.96326
-4.01841
-4.91683
-5.28132
-5.25469
-5.48302
-6.04237
-6.1897
-5.5608
-4.79542
-4.42166
-4.06994
-3.26845
-2.07094
-0.927535
-0.268015
-0.149079
-0.265346
-0.269269
-0.112173
0.0985094
0.299302
0.494417
0.721623
1.08986
1.62739
2.01468
1.77919
0.681211
-0.714109
-1.46207
-1.25205
-0.683002
-0.519962
-0.7851
-0.951483
-0.89961
-0.976336
-1.26601
-1.39452
-1.10223
-0.740955
-0.968405
-1.78178
-2.54821
-2.64226
-2.02516
-1.36941
-1.27717
-1.87632
-2.90323
-3.83342
-4.37951
-4.34304
-3.6644
-2.42991
-0.728201
1.16504
2.32444
1.66797
-0.45588
-2.33531
-2.82984
-2.22126
-1.43965
-0.770691
0.155688
1.05764
1.0203
-0.296807
-1.9142
-2.33
-1.38217
-0.249522
0.144316
0.0171352
0.105505
0.459549
0.628742
0.597713
0.738785
1.21797
1.78622
1.84895
0.934745
-0.571765
-1.76389
-2.34024
-2.64655
-2.78478
-2.30065
-1.23088
-0.68766
-1.20972
-2.11234
-2.40978
-1.78803
-0.714481
0.384002
1.32557
1.65593
0.978207
-0.248109
-1.19703
-1.71195
-2.15766
-2.59453
-2.63101
-2.10672
-1.55842
-1.74193
-2.66538
-3.59517
-3.67035
-2.72515
-1.45456
-0.470666
0.213465
0.970125
1.6927
1.76832
0.970698
0.158202
0.439041
1.72081
2.55786
2.1234
1.49503
1.63447
1.75018
0.868279
-0.471296
-1.01559
-0.748772
-0.573798
-0.524779
0.0729034
0.918531
1.10024
0.876537
1.54336
3.03243
3.77133
3.5073
3.24498
3.40213
3.58819
3.33667
2.43521
0.673112
-1.57968
-3.01943
-3.35676
-3.35425
-3.54394
-3.84059
-4.18063
-4.78285
-5.52073
-5.64598
-4.74956
-3.21607
-1.53395
-0.248902
-0.041873
-0.988114
-2.17089
-2.37342
-1.64492
-0.761086
-0.32955
-0.611918
-1.43209
-2.34193
-3.11414
-3.73726
-3.92152
-3.21739
-1.75054
-0.36232
0.475827
1.13956
2.08864
3.07449
3.40818
3.26007
3.55536
4.57576
5.42902
5.08378
3.5311
1.86697
1.22867
1.17551
0.874521
0.289426
-0.35115
-1.12673
-2.15746
-3.30873
-4.1918
-4.39097
-3.96545
-3.2678
-2.5535
-1.79964
-1.06147
-0.69045
-0.733552
-0.60698
-0.0349988
0.350217
0.0684572
-0.490872
-0.845176
-1.33626
-2.53826
-3.90565
-4.1455
-2.71069
-0.580911
0.624982
0.407217
-0.406255
-0.848028
-0.711834
-0.442314
-0.274666
-0.106611
0.163514
0.519188
0.867985
1.05805
1.04602
0.970895
1.05767
1.34679
1.66934
1.63694
0.922777
-0.367951
-1.5893
-1.9574
-1.65171
-1.29181
-1.12788
-1.1678
-1.48479
-2.1538
-2.81941
-2.71288
-1.52326
0.0571027
0.852187
0.475752
-0.199595
-0.13709
0.457285
0.257674
-1.08155
-2.28328
-2.42739
-1.83541
-0.878494
0.516173
2.18622
3.29069
3.07718
2.262
1.84451
1.88653
1.81779
1.30733
0.654755
0.341634
0.281569
-0.121621
-1.00466
-1.76145
-1.93539
-1.83886
-1.99043
-2.33656
-2.32281
-1.74868
-1.09825
-0.818998
-0.855194
-1.01577
-1.28895
-1.69067
-1.95009
-1.71137
-1.25574
-1.13545
-1.41111
-1.56397
-1.11418
-0.133673
0.791322
1.03386
0.609612
0.226961
0.472222
1.11711
1.41396
0.787983
-0.648656
-1.96503
-2.23922
-1.57816
-0.71905
-0.0133357
0.488557
0.616964
0.297353
0.0256073
0.564543
1.69777
2.39855
1.90456
0.506231
-0.567385
-0.51326
0.276026
0.721533
0.249664
-0.549364
-0.911546
-0.828618
-0.650066
-0.489366
-0.199417
0.202313
0.246564
-0.338448
-1.04392
-1.19726
-0.622885
0.262702
0.748974
0.417048
-0.400262
-0.80509
-0.371181
0.280439
0.263455
-0.2864
-0.548379
-0.219416
0.263784
0.536857
0.806836
1.19576
1.41605
1.34344
1.22124
1.12806
0.670532
-0.32253
-1.23164
-1.35784
-0.825952
-0.490869
-0.927834
-1.65718
-1.77264
-1.05485
-0.269171
0.0805404
0.309845
0.979268
2.02241
2.72342
2.24766
0.829274
0.0726365
0.700817
1.88632
2.36102
1.53613
-0.080981
-1.17068
-0.742428
0.653328
1.34741
0.710829
-0.316174
-0.615469
-0.0594237
0.648838
0.877278
0.517996
0.12866
0.238054
0.729502
1.0452
0.949885
0.753951
0.793861
0.961721
0.940329
0.80808
0.927427
1.35364
1.66234
1.21133
-0.0592404
-0.909428
-0.128914
1.44693
2.03824
1.37221
0.72917
0.963693
1.45252
1.52414
1.50904
1.66126
1.27561
-0.264381
-2.15551
-2.93215
-2.38687
-1.65523
-1.61606
-1.83569
-1.53661
-0.78707
-0.20202
0.0737882
0.345015
0.768716
1.23309
1.70317
2.27629
2.72222
2.51796
1.61486
0.794283
0.840604
1.23941
0.57076
-1.23339
-2.75848
-2.63814
-0.866927
1.10344
2.1101
2.23947
2.20281
2.40905
2.48563
1.77495
0.288546
-1.23015
-1.97776
-1.69698
-0.733652
0.510091
1.72715
2.48481
2.49319
2.03759
1.62793
1.21173
0.455881
-0.352648
-0.741353
-0.642953
-0.188567
0.533624
1.25744
1.60419
1.19586
0.0817057
-0.858041
-0.834602
0.146397
1.19976
1.50558
1.20471
1.18946
1.92345
2.72841
2.62714
1.56044
0.380881
0.0566219
0.587566
0.876208
0.483245
0.240959
0.465261
0.385885
-0.389809
-1.13237
-1.15436
-0.753035
-0.701532
-1.13923
-1.1622
-0.0700134
1.68375
2.93595
3.0801
2.40082
1.57927
1.10225
0.933808
0.647908
0.147636
-0.147603
0.170885
0.92152
1.63236
2.24484
2.89029
3.45107
3.78221
4.08026
4.66404
5.26012
5.15932
3.63148
1.01934
-0.708842
-0.623333
0.288998
0.593413
0.12951
-0.211279
0.0326962
0.323974
0.347183
0.665214
1.47896
2.04577
1.78855
1.06834
0.474832
0.0853882
-0.0803064
-0.0191769
-0.0855226
-0.759387
-1.89886
-2.71854
-2.78315
-2.35353
-1.76265
-0.970345
0.120319
0.959698
0.811383
-0.266263
-1.29309
-1.32245
-0.540609
0.161124
0.54648
1.02478
1.54716
1.4476
0.462729
-0.836964
-1.73244
-1.89624
-1.84171
-2.14894
-2.7588
-3.08749
-2.72637
-1.91831
-1.2459
-0.909679
-0.562221
0.0427656
0.534932
0.46026
0.0457152
0.130058
1.13409
2.29421
2.75027
2.88736
3.33838
3.89946
3.97128
3.2557
1.61277
-0.667635
-2.30743
-2.6171
-1.97804
-1.0576
-0.381713
-0.263957
-0.72403
-1.23859
-1.02806
-0.119811
0.601205
0.564705
0.307828
0.520461
0.914412
0.578219
-0.540946
-1.314
-1.09234
-0.603172
-0.658729
-1.23089
-1.75663
-1.80179
-1.36945
-0.7434
-0.195086
0.0281645
-0.128173
-0.19589
0.415822
1.5315
2.30549
2.36939
2.30256
2.21243
1.24116
-0.848347
-2.97991
-4.03559
-4.0378
-3.71485
-3.1588
-2.16702
-1.29944
-1.27373
-1.68897
-1.43063
-0.0591502
1.67814
2.50166
2.21878
1.50386
1.06536
1.10353
1.04828
0.340968
-0.779581
-1.41785
-1.01067
-0.199141
-0.058694
-0.780629
-1.56996
-1.47904
-0.352555
0.914539
1.62407
2.18934
2.99306
3.44741
2.76505
1.15527
-0.437144
-1.49654
-1.89683
-1.78395
-1.35276
-0.970136
-0.87188
-0.614194
0.303701
1.48321
1.97054
1.57544
1.17565
1.42796
2.01764
2.34799
2.10357
1.0721
-0.720261
-2.5717
-3.57968
-3.41517
-2.24572
-0.491257
1.25864
2.74211
4.09877
5.03823
4.97657
3.53086
1.12635
-1.07731
-2.14088
-2.07122
-1.2811
-0.190321
0.611761
0.77
0.425822
0.327034
1.06919
2.01519
1.7734
0.128503
-1.60721
-2.54242
-2.94283
-2.959
-2.26176
-1.00679
0.0950419
0.864106
1.82492
3.13754
3.98004
3.61688
2.47556
1.36415
0.217037
-1.44702
-3.1522
-3.83245
-3.88275
-4.35637
-5.2321
-5.62326
-4.79158
-2.69936
-0.232987
1.23513
1.06107
-0.165499
-1.35304
-1.69601
-1.30019
-1.02169
-1.06768
-0.826696
-0.241095
0.150402
0.291813
0.649561
1.17492
1.17278
0.32084
-0.418757
0.321035
1.95386
2.49169
1.33358
-0.197169
-0.667671
0.125484
1.25792
1.82937
1.75754
1.44785
1.12678
1.02785
1.40241
1.96291
2.02115
1.4872
1.10908
1.20241
1.16406
0.492945
-0.416904
-0.980911
-1.21837
-1.45689
-1.77498
-1.93474
-1.57498
-0.635817
0.438879
0.934763
0.427834
-0.565432
-1.04152
-0.639801
0.178546
1.01915
1.56215
1.24719
-0.40455
-2.69684
-3.70109
-2.99958
-1.8979
-1.47395
-1.54768
-1.21803
-0.127656
1.48493
3.21036
4.52308
5.13192
4.6923
3.31578
1.8699
1.18191
0.990308
0.314046
-0.694697
-0.847808
-0.0163801
0.564575
-0.109315
-1.53618
-2.30089
-1.78826
-0.526633
0.655467
1.44284
2.02539
2.66227
3.07443
2.63291
0.870083
-1.67673
-3.33256
-3.39051
-2.43428
-1.68893
-2.07249
-3.39494
-4.51178
-4.40231
-2.99668
-1.0387
0.612219
1.45796
1.29859
0.275307
-1.08835
-2.23471
-2.92693
-3.64359
-4.62226
-5.20426
-4.59445
-2.87903
-0.725407
1.41071
3.21308
4.14874
4.17726
3.55541
2.43964
0.793822
-1.05988
-2.14306
-1.71855
-0.598694
-0.395612
-1.08654
-1.19209
0.0143229
1.70579
2.68818
2.66943
2.13633
1.71716
1.55539
1.32739
0.625023
-0.35452
-0.856477
-0.189238
1.25279
1.89912
0.953251
-1.01761
-2.74043
-3.28453
-2.55686
-1.19697
-0.162971
-0.00547514
-0.435763
-0.808763
-0.741271
-0.20232
0.528955
0.981589
0.674387
-0.585487
-2.22314
-3.4215
-3.8626
-3.80872
-3.54624
-2.96067
-1.81922
-0.355575
0.827941
1.72706
2.51207
3.01242
3.04627
2.82254
2.77224
2.92765
2.69813
1.77778
0.715164
0.0614158
-0.375273
-1.10909
-2.25666
-3.20238
-3.01126
-1.75827
-0.255238
0.626146
0.454353
-0.161672
-0.248655
0.345556
0.891371
0.912857
0.844161
0.978504
1.02112
0.984189
1.39365
2.34909
3.12934
3.15487
2.83069
2.7659
2.94838
2.80893
1.85447
0.28399
-0.802287
-0.333073
0.86476
1.34253
0.801733
0.00476744
-0.203585
0.246251
0.722976
0.679218
0.151648
-0.649309
-1.50519
-1.97949
-1.70151
-0.885533
-0.179714
-0.056731
-0.57848
-1.5572
-2.68235
-3.60789
-3.68554
-2.30947
0.28459
2.61802
2.79859
1.24896
-0.384303
-1.18656
-1.17074
-0.861008
-0.658156
-0.537775
-0.426891
-0.491021
-0.704686
-0.689956
-0.354059
-0.0980448
-0.293901
-0.890512
-1.53768
-1.79328
-1.41237
-0.64541
-0.0539742
0.0361435
-0.121954
-0.150804
-0.334023
-1.22612
-2.53536
-3.35268
-3.08837
-2.01451
-0.844798
0.216135
1.587
3.24747
4.1567
3.78538
2.62895
1.5435
0.866946
0.455253
0.190342
0.0501819
-0.22964
-0.960714
-1.82703
-2.09382
-1.36664
0.0103668
1.29174
2.05724
2.29128
2.30306
2.23601
2.01243
1.39074
0.0887822
-1.83125
-3.59596
-4.22062
-3.6479
-2.75406
-2.06154
-1.30605
-0.206626
0.843411
1.31891
1.52989
2.19188
3.16794
3.53055
2.77546
1.49288
0.867576
1.72218
3.39512
3.67465
1.6192
-1.56141
-3.9832
-4.65891
-3.91223
-2.36411
-0.256718
1.98542
3.3689
3.58701
2.79907
1.20132
-0.764843
-2.07008
-1.70106
0.0201094
1.60352
2.07643
1.71018
1.21866
1.04183
1.08633
0.720662
-0.370199
-1.51761
-2.01337
-1.93861
-1.75064
-1.4513
-0.574235
0.959538
2.47007
3.07282
2.56929
1.5043
0.455968
-0.221382
-0.34198
0.0950805
0.816141
1.20903
0.786356
-0.0976103
-0.659915
-0.748959
-0.948853
-1.69532
-2.55134
-2.62502
-1.59799
-0.218254
0.815594
1.42028
1.85354
2.29985
2.60387
2.40608
1.73327
1.07234
0.441628
-0.385895
-0.971767
-0.577176
0.752861
2.05207
2.39216
1.60915
0.326547
-0.630974
-0.875607
-0.567337
-0.0959024
0.227647
0.247566
0.0560485
0.173396
0.968176
2.04571
2.48896
1.89961
0.821243
0.17281
0.243208
0.443378
0.423674
0.469586
0.716036
0.873744
0.761569
0.575714
0.48918
0.436042
0.489503
0.907995
1.54547
1.69161
0.983273
0.095351
-0.175155
0.142254
0.400414
0.451297
0.594298
0.887728
1.13424
1.29364
1.37587
1.23676
0.75156
-0.039822
-1.04177
-2.05705
-2.72925
-2.6141
-1.62386
-0.387985
0.306521
0.484927
0.725178
1.34104
2.23638
3.11154
3.59076
3.40574
2.46271
0.951413
-0.896721
-2.64236
-3.59122
-3.23796
-1.60232
1.04074
3.67742
4.5196
3.2441
1.19763
-0.0455285
0.048559
0.932169
1.56041
1.11372
-0.14373
-1.20667
-1.67129
-1.92157
-2.12237
-1.83577
-0.611851
0.966911
1.48672
0.761025
-0.540506
-2.0227
-3.16398
-3.14041
-1.81657
-0.291542
0.0862197
-0.734116
-1.6346
-1.89608
-1.85547
-1.99581
-2.22411
-2.20784
-1.87656
-1.29275
-0.446213
0.562804
1.53892
2.20117
2.23345
1.62073
0.935127
0.924951
1.41748
1.74298
1.55075
0.7885
-0.341146
-1.40228
-1.80736
-1.3882
-0.896229
-0.993059
-1.43552
-1.46668
-0.746574
0.373545
1.24216
1.42644
0.951021
0.285856
-0.0400582
0.151479
0.542799
0.629485
0.351743
0.222153
0.691682
1.41882
1.70544
1.20279
0.307821
-0.232949
-0.265043
-0.434011
-1.20172
-1.94928
-1.88695
-0.96542
0.257654
1.37995
2.22071
2.47353
1.89913
0.811289
-0.0637211
-0.416502
-0.535702
-0.87577
-1.58077
-2.30461
-2.42427
-1.64981
-0.612855
-0.108046
-0.341953
-0.840055
-0.8358
-0.0282538
1.25635
2.18247
1.8884
0.601084
-0.623102
-1.13644
-1.34816
-2.03051
-3.02946
-3.09425
-1.54872
0.591173
1.85857
1.81723
0.96602
0.109876
-0.118128
0.388502
1.151
1.45296
0.757154
-0.977037
-3.06893
-4.47502
-4.72383
-3.96337
-2.52566
-0.770408
1.17085
2.7979
3.34916
2.65315
1.41745
0.681141
1.01352
2.08936
3.01675
3.11471
2.26447
0.674888
-1.20852
-2.80768
-3.34179
-2.14247
0.138803
2.0576
2.44469
1.26737
-0.0333463
-0.0514309
1.44853
3.22553
3.38834
1.82524
0.0794005
-0.555998
-0.10717
0.618364
1.04371
1.08906
0.674169
-0.171007
-0.914105
-0.970251
-0.210183
0.993324
2.12659
2.81566
2.79432
2.29878
1.72116
1.2788
0.966064
0.539739
-0.204864
-1.12173
-1.68085
-1.44554
-0.740439
-0.146378
0.277452
0.738908
1.008
0.554531
-0.580238
-1.61065
-1.99007
-1.9205
-1.71146
-1.44404
-1.2161
-1.20283
-1.30452
-1.04475
-0.205686
0.878954
1.65077
1.75241
1.24636
0.444714
-0.0988585
0.0807817
0.670865
0.977012
0.718669
0.265675
0.0969143
0.24296
0.367032
0.284094
-0.0127078
-0.692071
-1.72818
-2.52935
-2.29053
-0.967581
0.388895
0.720933
0.0200197
-0.619103
-0.618274
-0.437259
-0.54361
-0.696513
-0.530541
-0.270979
-0.454898
-1.07995
-1.79913
-2.43885
-2.89829
-2.93683
-2.51077
-1.9766
-1.68712
-1.54279
-1.29994
-1.06747
-1.05541
-1.07993
-0.85336
-0.509377
-0.280611
0.0411284
0.740124
1.61495
2.20889
2.41868
2.43247
2.2176
1.39063
0.000169115
-1.10316
-1.66908
-2.02808
-2.15024
-1.75504
-1.02351
-0.454274
-0.0553466
0.551642
1.28891
1.60507
1.28856
0.640737
0.0356477
-0.292628
-0.121528
0.536391
1.14499
1.20182
0.716345
0.0815762
-0.280013
-0.238346
0.0725429
0.408206
0.570017
0.586609
0.513155
0.293997
-0.0685821
-0.356675
-0.320594
-0.0652301
0.117912
0.248759
0.562705
1.04061
1.5012
1.90316
2.16626
1.85844
0.760216
-0.442023
-0.890933
-0.447939
0.314163
0.654775
0.272504
-0.730621
-1.86812
-2.34107
-1.8939
-0.869943
0.171173
0.959797
1.38587
1.10896
0.112999
-0.698338
-0.524771
0.253472
0.767583
0.540495
-0.288457
-1.29915
-2.16706
-2.3209
-1.33309
0.552141
2.15055
2.2808
1.24463
0.145102
-0.63272
-1.2452
-1.46788
-1.04679
-0.32426
0.0314099
-0.104964
-0.290928
-0.254572
-0.191326
-0.308428
-0.573766
-0.905963
-1.17337
-1.11764
-0.724569
-0.539958
-0.882092
-1.14545
-0.655283
0.436075
1.33422
1.34173
0.595476
-0.226258
-0.580436
-0.403574
-0.0611671
0.129075
0.180155
0.351301
0.770839
1.19476
1.25838
0.909887
0.536877
0.5456
0.834885
1.03562
1.1642
1.54983
2.14982
2.37222
1.86733
1.19134
0.811716
0.490595
-0.0608135
-0.650984
-0.941623
-1.01259
-1.34779
-2.12625
-3.00443
-3.55078
-3.62869
-3.32135
-2.87627
-2.62983
-2.55882
-2.16038
-1.10261
0.294327
1.53243
2.22223
2.10499
1.21979
0.0911354
-0.330671
0.226045
1.30899
2.27125
2.62526
2.27336
1.39773
0.45138
0.103506
0.495287
0.961928
1.03153
1.03178
1.32366
1.70932
1.76276
1.49427
1.27992
1.26412
1.25355
1.16312
0.929759
0.333127
-0.722258
-1.68381
-1.65517
-0.762693
0.189869
0.591375
0.312852
-0.264319
-0.722831
-0.721244
-0.104764
0.614074
0.782511
0.326108
-0.210206
-0.436693
-0.528656
-0.893134
-1.53496
-1.91933
-1.63497
-0.845774
0.168563
1.22614
1.97162
1.85115
0.847981
-0.0376604
-0.0208834
0.613593
1.03388
0.778497
0.291347
0.303902
1.09211
2.21568
2.89723
3.0003
2.76986
2.39539
1.96748
1.46941
0.721965
-0.323429
-1.23545
-1.52437
-1.21877
-0.666758
-0.228032
-0.140401
-0.555858
-1.42849
-2.22905
-2.48826
-2.28566
-1.99305
-1.75522
-1.40227
-0.819233
-0.122193
0.420208
0.614139
0.537679
0.308732
0.042687
-0.122309
-0.213241
-0.445765
-0.823822
-0.904037
-0.358953
0.505767
1.20253
1.62499
1.96744
2.28367
2.36897
2.10042
1.59129
0.85092
-0.132059
-1.03013
-1.40391
-1.2429
-0.954985
-0.877676
-0.945727
-0.889015
-0.572413
-0.112274
0.250581
0.291207
0.00211192
-0.297004
-0.390287
-0.481637
-0.722113
-0.942662
-1.03287
-1.11575
-1.17351
-0.927885
-0.418272
-0.179714
-0.473412
-0.824519
-0.565071
0.214738
0.776109
0.721419
0.546428
0.882746
1.53432
1.89441
1.76359
1.3715
0.946492
0.396996
-0.50846
-1.45664
-1.67488
-0.990015
-0.0865041
0.327034
0.280142
0.208824
0.0561371
-0.463965
-1.02313
-1.13333
-0.995411
-1.22183
-1.76528
-1.91501
-1.07162
0.41806
1.40733
1.4559
0.690762
-0.607349
-1.88219
-2.35984
-1.64954
-0.310564
0.703326
1.14042
1.38116
1.7424
2.35473
3.07028
3.28702
2.55878
1.37148
0.627535
0.554557
0.654801
0.443811
-0.0376779
-0.50509
-0.758788
-0.655162
-0.184003
0.292613
0.268894
-0.234167
-0.743493
-0.955114
-0.860809
-0.535905
-0.184999
-0.177357
-0.612076
-1.17886
-1.39179
-0.991886
-0.11115
0.8736
1.43267
1.35978
0.699623
-0.177907
-0.582682
-0.32467
0.0218734
-0.0470956
-0.297201
-0.24547
-0.0473913
-0.130258
-0.443738
-0.67285
-0.725918
-0.693367
-0.604301
-0.393738
-0.0523402
0.229764
0.202411
-0.227798
-0.894164
-1.45591
-1.60357
-1.31268
-0.980847
-0.816818
-0.580699
-0.0705642
0.589083
1.25611
1.86921
2.19755
1.98587
1.44411
1.05902
1.06003
1.30748
1.56358
1.61138
1.19862
0.149779
-1.23575
-2.22228
-2.37085
-2.00326
-1.7662
-1.77498
-1.43882
-0.289544
1.25332
2.39136
2.626
2.07206
1.39365
1.09349
1.03128
0.694195
-0.0551178
-0.805102
-1.10859
-1.03653
-0.989469
-1.21615
-1.6223
-1.88584
-1.80494
-1.55339
-1.40702
-1.35764
-1.20953
-0.992562
-1.03184
-1.40886
-1.77684
-1.9727
-2.08376
-2.02876
-1.58251
-0.784545
0.0568005
0.605921
0.788284
0.916117
1.28535
1.77512
2.05442
1.94985
1.48411
0.862837
0.500014
0.632136
0.900074
0.824531
0.446692
0.142731
0.0494455
-0.124383
-0.502664
-0.699312
-0.544195
-0.318976
-0.181342
0.0834232
0.557832
0.917437
0.648106
-0.319034
-1.24301
-1.6423
-1.67107
-1.65126
-1.56597
-1.16817
-0.476269
0.0870708
0.215807
-0.000129997
-0.3253
-0.535686
-0.364594
0.209039
0.849291
1.16124
0.952827
0.509668
0.214165
0.114713
0.0702726
0.0900639
0.340024
0.635483
0.393637
-0.417811
-1.05847
-0.976797
-0.459907
-0.0192596
0.262157
0.602784
0.95205
0.878987
0.310338
-0.229723
-0.317713
-0.0917075
-0.0304506
-0.429875
-0.976591
-1.03081
-0.601595
-0.197734
-0.12256
-0.174699
0.0500455
0.623631
1.07374
0.823177
0.0333683
-0.551492
-0.507391
-0.178601
-0.0049356
0.0598785
0.338869
0.846785
1.11846
0.763064
-0.00599866
-0.703717
-0.921298
-0.510836
0.371428
1.30824
1.67667
1.32956
0.553299
-0.233363
-0.631281
-0.611477
-0.512035
-0.737033
-1.29415
-1.60248
-1.25818
-0.431011
0.373246
0.870614
1.13252
1.25303
1.09751
0.645332
0.271329
0.222789
0.226743
0.0196363
-0.126092
0.320545
1.32363
2.0369
1.87292
1.00415
0.0917832
-0.307081
-0.234754
-0.0238723
0.214332
0.425828
0.298048
-0.241959
-0.680017
-0.520798
0.00618463
0.224405
-0.170856
-0.782556
-1.09779
-1.07604
-0.941868
-0.752949
-0.534376
-0.467922
-0.646535
-0.800432
-0.545606
0.0870759
0.845928
1.4921
1.72093
1.3209
0.415175
-0.52586
-0.998427
-1.0383
-1.14082
-1.30663
-1.01544
-0.247877
0.373459
0.462206
0.339792
0.298504
0.157044
-0.101197
-0.0658408
0.43266
0.966996
1.10693
0.99122
0.905433
0.716314
0.25821
-0.182023
-0.295163
-0.393789
-0.957967
-1.79011
-2.12587
-1.62876
-0.72976
0.0149537
0.321948
0.196242
-0.108402
-0.197665
0.188831
0.913082
1.50826
1.56763
1.05496
0.344521
-0.141534
-0.442295
-0.791652
-1.01433
-0.849181
-0.475364
-0.334021
-0.525285
-0.63764
-0.317603
0.451857
1.35248
1.80476
1.56199
0.766516
-0.190145
-1.062
-1.866
-2.5861
-2.90408
-2.52486
-1.6245
-0.602679
0.26734
0.621892
0.252774
-0.364406
-0.358733
0.655602
2.06246
3.10585
3.5191
3.18905
2.00169
0.17512
-1.18184
-0.829811
0.706737
1.63597
1.03069
-0.294124
-1.22555
-1.56965
-1.84652
-2.34333
-2.4141
-1.3838
0.246429
1.39408
1.56543
1.248
1.30219
1.80526
2.1093
2.01122
1.83032
1.72344
1.56024
1.18494
0.536688
-0.433122
-1.49853
-2.05903
-2.03648
-1.75093
-1.27201
-0.471516
0.369788
0.607281
0.164209
-0.193659
0.0307818
0.380429
0.367402
0.157423
0.138101
0.389608
0.630331
0.453275
-0.141543
-0.769206
-1.06784
-1.04218
-0.942
-0.829954
-0.534332
-0.0501619
0.3167
0.412448
0.401908
0.582871
0.995364
1.25215
1.00632
0.490648
0.191856
0.17708
0.113846
-0.272082
-0.903767
-1.3243
-0.939605
0.214849
1.14756
1.24305
0.849211
0.567554
0.589802
0.65902
0.512384
0.0425179
-0.650971
-1.21951
-1.49009
-1.45629
-1.19214
-0.827475
-0.466399
-0.0957187
0.298757
0.579143
0.685267
0.747755
0.83456
0.753843
0.299856
-0.305669
-0.564072
-0.311121
0.0511437
0.267506
0.376911
0.330283
0.0655108
-0.268315
-0.495201
-0.604054
-0.622737
-0.536597
-0.345561
-0.018299
0.498593
0.974244
0.928284
0.405583
0.0810368
0.144024
0.0243859
-0.50678
-1.00411
-1.0852
-0.868448
-0.602546
-0.389369
-0.202265
-0.0407377
0.0981548
0.269411
0.498754
0.746128
0.949926
0.990015
0.754105
0.376812
0.200632
0.331013
0.501284
0.460073
0.255772
0.053633
-0.0719464
-0.134488
-0.186112
-0.290014
-0.413732
-0.420619
-0.185336
0.284472
0.717898
0.793252
0.435877
-0.0898959
-0.416736
-0.434272
-0.29284
-0.152786
-0.063449
-0.0370839
-0.115211
-0.32129
-0.571798
-0.796593
-1.03632
-1.24379
-1.12586
-0.548792
0.158814
0.640153
0.857288
0.883571
0.730413
0.492043
0.462297
0.817749
1.19324
1.16533
0.799118
0.429017
0.0940311
-0.407776
-1.14916
-1.87016
-2.1167
-1.76937
-1.08065
-0.488666
-0.218987
-0.0981631
0.198641
0.752574
1.28603
1.5398
1.54972
1.45081
1.25167
0.890071
0.3287
-0.379554
-0.992194
-1.31876
-1.2829
-0.947459
-0.50206
-0.0864896
0.296399
0.673673
0.9663
0.959123
0.566979
0.0273069
-0.23581
-0.124908
0.0479982
0.0190126
-0.110314
-0.152936
-0.126862
-0.119287
-0.0869929
0.00850476
0.0503477
-0.142851
-0.503821
-0.70062
-0.634302
-0.451487
-0.271771
-0.185869
-0.278207
-0.53391
-0.769396
-0.743014
-0.390473
0.147979
0.611659
0.760925
0.577622
0.218561
-0.212829
-0.655843
-0.917875
-0.892281
-0.733017
-0.58418
-0.451548
-0.355152
-0.296326
-0.105896
0.34584
0.850664
1.09629
0.997962
0.734383
0.547877
0.51391
0.516647
0.370586
0.0371463
-0.291088
-0.387749
-0.276434
-0.144969
-0.0946908
-0.00480862
0.301479
0.709478
0.852074
0.505292
-0.227914
-0.893423
-1.03056
-0.749718
-0.538399
-0.563234
-0.497857
-0.147379
0.276526
0.492882
0.497457
0.447454
0.288274
-0.141986
-0.623195
-0.761669
-0.470155
-0.114555
0.0596191
0.23295
0.576881
0.832094
0.665736
0.183204
-0.312527
-0.76076
-1.17027
-1.40707
-1.36564
-1.164
-0.992758
-0.813728
-0.515485
-0.135049
0.226205
0.508891
0.702255
0.838743
0.912708
0.802663
0.465869
0.126229
0.0902908
0.290636
0.322221
0.0579344
-0.0848446
0.154838
0.445166
0.448576
0.280048
0.148045
0.0232591
-0.213835
-0.478794
-0.552752
-0.430023
-0.224202
-0.0105703
0.145222
0.235602
0.323195
0.479902
0.661241
0.670967
0.409262
0.00739442
-0.284102
-0.325785
-0.125716
0.241757
0.608453
0.746663
0.574099
0.191975
-0.276905
-0.673343
-0.819992
-0.695477
-0.448923
-0.272289
-0.187748
-0.120848
-0.0398033
0.117974
0.480483
1.04851
1.57717
1.73059
1.36349
0.525605
-0.614731
-1.66934
-2.25223
-2.15646
-1.25198
0.306448
1.674
1.91597
1.07893
-0.093649
-0.865807
-0.900019
-0.438152
-0.0350034
-0.118686
-0.517297
-0.810811
-0.719312
-0.245858
0.255956
0.450336
0.414451
0.443702
0.545777
0.523298
0.429926
0.485366
0.605961
0.481033
0.0525684
-0.381653
-0.549496
-0.479809
-0.319175
-0.13382
-0.0382269
-0.173053
-0.414729
-0.439366
-0.180481
0.0348539
0.0525055
0.0452703
0.144261
0.27715
0.351306
0.306744
0.174489
0.136627
0.209926
0.127949
-0.27549
-0.778521
-0.943335
-0.566621
0.0498297
0.455246
0.580382
0.630966
0.682403
0.643342
0.480851
0.29038
0.134886
-0.0491253
-0.356461
-0.701217
-0.808676
-0.570299
-0.258951
-0.129383
-0.107742
-0.0207451
0.0576132
-0.0146876
-0.124876
-0.0450565
0.202867
0.369482
0.266012
-0.0262412
-0.22251
-0.128574
0.16374
0.461342
0.597603
0.467929
0.101536
-0.325079
-0.567351
-0.633155
-0.707395
-0.893957
-1.07026
-0.975071
-0.520048
0.0597905
0.396318
0.36094
0.17755
0.0729133
0.0992868
0.189946
0.220845
0.0799328
-0.253508
-0.681021
-0.979734
-0.912568
-0.430052
0.236994
0.758115
0.981153
0.98611
0.943299
0.909626
0.758629
0.407459
-0.0315425
-0.390152
-0.611138
-0.646382
-0.458258
-0.181366
0.0629605
0.286942
0.491285
0.58877
0.550963
0.537751
0.733972
1.00204
0.946232
0.451009
-0.153554
-0.500837
-0.615116
-0.752877
-0.82367
-0.562435
-0.193174
-0.0673855
-0.0802984
0.119763
0.526659
0.801891
0.64629
0.156814
-0.182561
-0.199507
-0.09086
-0.0419353
-0.150786
-0.432164
-0.63478
-0.423787
0.00704449
0.165226
0.0942032
0.160003
0.356106
0.407798
0.287517
0.133604
-0.0355902
-0.18805
-0.166086
0.0242191
0.0992368
-0.0986429
-0.38925
-0.427227
-0.0553689
0.437841
0.667461
0.473074
0.0642275
-0.204067
-0.168054
-0.0140138
-0.0849552
-0.381004
-0.490004
-0.193054
0.309071
0.685498
0.761256
0.579343
0.286185
0.0515007
-0.0779819
-0.158868
-0.269384
-0.416547
-0.459717
-0.270528
0.0779679
0.335354
0.304354
-0.00908411
-0.507386
-0.979827
-1.17823
-1.0125
-0.587011
-0.104944
0.21596
0.318795
0.322019
0.313806
0.267683
0.13671
-0.0855681
-0.348812
-0.497291
-0.41027
-0.118316
0.173295
0.261774
0.176901
0.0795861
0.0424619
0.026114
0.0242096
0.110489
0.268929
0.317762
0.117522
-0.246483
-0.486647
-0.356081
0.0481733
0.345917
0.312998
0.0289521
-0.329725
-0.636355
-0.790214
-0.695552
-0.409974
-0.19022
-0.180684
-0.245263
-0.137701
0.172709
0.473539
0.520491
0.282789
-0.012496
-0.235129
-0.414637
-0.558575
-0.599188
-0.461901
-0.166055
0.0778312
0.0554737
-0.0741552
0.0194835
0.356776
0.653589
0.682583
0.455022
0.129622
-0.102084
-0.210209
-0.24966
-0.255683
-0.294796
-0.437202
-0.64721
-0.74634
-0.587777
-0.296356
-0.0709224
0.0413306
0.149863
0.354215
0.624771
0.827107
0.846193
0.624913
0.208359
-0.22611
-0.47838
-0.527912
-0.563107
-0.734482
-0.876922
-0.717705
-0.349063
-0.00594632
0.289336
0.580629
0.726867
0.53906
0.160729
0.0426615
0.30215
0.492979
0.284811
-0.0893372
-0.298866
-0.319222
-0.284859
-0.236811
-0.156259
-0.110689
-0.148472
-0.167299
-0.0428836
0.162424
0.246428
0.128051
-0.0560959
-0.126393
-0.0274257
0.148961
0.284496
0.358179
0.39261
0.283545
-0.0592861
-0.429772
-0.623992
-0.645512
-0.568276
-0.40028
-0.202786
-0.145719
-0.258677
-0.31141
-0.139086
0.107987
0.206273
0.0380337
-0.372575
-0.83148
-1.0632
-0.877669
-0.418159
0.055682
0.358194
0.443158
0.390828
0.268851
0.0952249
-0.106434
-0.306371
-0.440094
-0.345687
-0.00351379
0.350968
0.493916
0.412788
0.228982
0.0341584
-0.165918
-0.370984
-0.526648
-0.581422
-0.532785
-0.349424
-0.0141604
0.272296
0.335729
0.288688
0.37769
0.626162
0.808086
0.812655
0.763749
0.746691
0.641482
0.313535
-0.150062
-0.492548
-0.598517
-0.59611
-0.614292
-0.603389
-0.52357
-0.47069
-0.46314
-0.409642
-0.272333
-0.0767385
0.201325
0.52746
0.698094
0.652154
0.539842
0.512262
0.548317
0.516019
0.402375
0.31055
0.247204
0.11961
-0.0466548
-0.134376
-0.146787
-0.152939
-0.129399
-0.0214716
0.109223
0.147143
0.102146
0.0793162
0.11808
0.166509
0.170545
0.113484
-0.0227229
-0.215644
-0.361818
-0.37266
-0.279382
-0.180762
-0.11486
-0.0653745
0.0180917
0.194943
0.38701
0.440953
0.366313
0.356749
0.427339
0.358453
0.0926648
-0.0894337
0.00218001
0.192056
0.273497
0.252135
0.180058
0.0576794
-0.084856
-0.135604
-0.04247
0.0149085
-0.123657
-0.343676
-0.423531
-0.338539
-0.219001
-0.137503
-0.0857263
-0.0563312
-0.0474034
-0.065921
-0.126387
-0.211655
-0.250132
-0.163189
0.0377634
0.228259
0.282074
0.183335
-0.00192822
-0.175062
-0.240034
-0.114219
0.207324
0.510619
0.55446
0.316772
0.0104623
-0.121813
-0.0467427
0.101905
0.213241
0.243938
0.160172
-0.0205263
-0.199208
-0.300727
-0.34053
-0.322023
-0.181673
0.0731731
0.329947
0.533556
0.683671
0.738723
0.702606
0.677961
0.64326
0.432403
0.094924
-0.119154
-0.145938
-0.12968
-0.180614
-0.300873
-0.446468
-0.553461
-0.580982
-0.531061
-0.374476
-0.0939247
0.220699
0.477926
0.59525
0.460084
0.0982458
-0.244034
-0.38113
-0.388389
-0.437938
-0.542222
-0.520313
-0.237311
0.128452
0.290499
0.37196
0.579205
0.778354
0.718162
0.4221
0.11129
-0.0360874
0.0191289
0.177283
0.291591
0.249928
0.0580434
-0.154346
-0.196303
0.0474781
0.445481
0.710665
0.722686
0.579317
0.393536
0.186425
-0.0914887
-0.488394
-0.853637
-0.848084
-0.472071
-0.00196939
0.338945
0.462983
0.404094
0.271257
0.138481
-0.0306479
-0.282449
-0.537463
-0.639029
-0.563171
-0.42473
-0.299911
-0.128784
0.164621
0.427595
0.411539
0.162519
-0.0561344
-0.0927068
0.0133446
0.162399
0.260501
0.255672
0.23603
0.235797
0.135887
-0.0837609
-0.234795
-0.201983
-0.0349534
0.155203
0.256948
0.284276
0.325667
0.365999
0.271305
-0.0211302
-0.329311
-0.323093
0.0929374
0.594572
0.79002
0.594409
0.1953
-0.175773
-0.404828
-0.462567
-0.352153
-0.167176
0.0402142
0.252632
0.338454
0.189479
-0.0772178
-0.25727
-0.275666
-0.172257
0.00490426
0.136758
0.0650643
-0.193244
-0.380209
-0.262381
0.0291164
0.152583
0.0839911
0.118584
0.348481
0.552666
0.560825
0.463019
0.405846
0.403821
0.352969
0.158208
-0.150455
-0.366632
-0.32981
-0.159047
-0.104162
-0.192778
-0.205864
-0.0752827
0.0137674
-0.0815226
-0.2379
-0.219297
0.0139162
0.282249
0.475167
0.621114
0.685394
0.588352
0.328269
-0.0353839
-0.430379
-0.6823
-0.57646
-0.25608
-0.0216409
0.029445
0.0313974
0.141784
0.34917
0.506709
0.56796
0.64404
0.705757
0.55509
0.188777
-0.212031
-0.518262
-0.68787
-0.707583
-0.617869
-0.486435
-0.288437
0.0504587
0.451866
0.683508
0.593367
0.323373
0.176745
0.14334
-0.0178276
-0.335264
-0.580948
-0.663094
-0.737779
-0.866398
-0.884079
-0.699361
-0.42527
-0.171709
0.0665436
0.317625
0.524254
0.579755
0.491825
0.401038
0.396621
0.419391
0.3897
0.280307
0.102453
-0.131469
-0.424131
-0.665665
-0.68328
-0.413598
-0.030135
0.218302
0.312233
0.396935
0.416236
0.157908
-0.309916
-0.71332
-0.867375
-0.790881
-0.577652
-0.282683
0.08874
0.455194
0.592993
0.424254
0.155357
-0.0232638
-0.0813422
-0.0498289
0.0243353
0.0511078
-0.000221085
0.00155707
0.124862
0.240663
0.208283
0.0561749
-0.104684
-0.17929
-0.143727
-0.0777818
-0.0178374
0.0667614
0.140792
0.160011
0.175173
0.191559
0.111344
-0.014644
-0.0645109
-0.108855
-0.207983
-0.241435
-0.162888
-0.135208
-0.201226
-0.180153
-0.031737
0.102237
0.160899
0.19651
0.226559
0.219162
0.181967
0.148602
0.0922316
-0.0201721
-0.100449
-0.0230799
0.180557
0.332923
0.294337
0.121498
0.00572805
0.0322106
0.0813685
0.0334016
-0.0788067
-0.14234
-0.107096
-0.0259334
-0.00337612
-0.0730306
-0.198906
-0.324434
-0.410761
-0.460409
-0.476312
-0.398299
-0.213538
-0.0422892
0.0552191
0.105579
0.117105
0.0791775
0.0252101
0.0126415
0.0244105
-0.00970689
-0.0783557
-0.0950602
-0.0427248
0.0107931
0.0186579
0.0105946
0.0135877
0.0139769
0.0268147
0.0930404
0.18047
0.191867
0.0749426
-0.136319
-0.387127
-0.621763
-0.765764
-0.758804
-0.544867
-0.176524
0.22026
0.570853
0.869325
1.09484
1.1337
0.91043
0.49395
0.018578
-0.393742
-0.664746
-0.797624
-0.836162
-0.783201
-0.595299
-0.245621
0.165811
0.412559
0.392901
0.252032
0.229097
0.384896
0.512602
0.439569
0.182617
-0.11049
-0.327061
-0.486033
-0.660215
-0.778115
-0.676311
-0.389254
-0.0919263
0.159534
0.368532
0.483513
0.477223
0.37738
0.241517
0.0982237
-0.0896395
-0.315618
-0.412584
-0.245385
0.0620476
0.220361
0.0916024
-0.157923
-0.319384
-0.303951
-0.122766
0.163952
0.438264
0.554742
0.465372
0.250159
0.00320749
-0.21779
-0.316562
-0.214959
-0.0192548
0.0530338
-0.0283961
-0.0660747
0.0365143
0.142411
0.120814
0.0472078
0.0509816
0.0805354
-0.0402799
-0.290314
-0.396866
-0.287436
-0.137162
-0.0755908
-0.0594311
-0.0167858
0.0314377
0.0124181
-0.106421
-0.280215
-0.382912
-0.33406
-0.205234
-0.121343
-0.0998357
-0.112687
-0.137563
-0.0940507
0.11078
0.437869
0.752477
0.92213
0.853888
0.406943
-0.397106
-1.11715
-1.45973
-1.46095
-1.26619
-0.900819
-0.32724
0.341763
0.822066
0.957461
0.889212
0.779621
0.698493
0.644954
0.521175
0.258096
-0.0574451
-0.313543
-0.585049
-0.928606
-1.20024
-1.22187
-1.00742
-0.677958
-0.230523
0.334619
0.771184
0.927851
0.842323
0.652964
0.483771
0.386427
0.334136
0.27214
0.172383
0.0304016
-0.143079
-0.334759
-0.555057
-0.755727
-0.728551
-0.305657
0.284197
0.658719
0.698319
0.535887
0.288915
-0.0234933
-0.341479
-0.418961
-0.128385
0.224111
0.376944
0.362948
0.307364
0.280517
0.283111
0.252402
0.165364
0.0917408
0.0393376
-0.0757874
-0.261697
-0.422435
-0.498169
-0.483711
-0.350119
-0.125936
0.0679932
0.169789
0.208486
0.210069
0.186653
0.156177
0.112656
0.0518906
-0.015846
-0.139395
-0.357118
-0.5732
-0.665575
-0.597291
-0.379713
-0.0638485
0.227037
0.419279
0.544191
0.629375
0.636468
0.521834
0.269974
-0.0516784
-0.282185
-0.403695
-0.508761
-0.592159
-0.580327
-0.515231
-0.513479
-0.504989
-0.251751
0.251448
0.758341
1.04323
1.06919
0.893172
0.605877
0.316005
0.0683888
-0.147777
-0.317077
-0.389263
-0.375225
-0.372132
-0.430086
-0.464313
-0.424089
-0.395906
-0.402579
-0.339389
-0.183516
-0.0267648
0.109088
0.268123
0.345831
0.195356
-0.0417162
-0.128193
-0.050229
0.0247531
0.058743
0.157874
0.316527
0.324278
0.0469581
-0.323388
-0.497263
-0.441083
-0.301659
-0.158148
0.00753027
0.177764
0.293476
0.35983
0.386777
0.349936
0.245511
0.105323
-0.0411562
-0.207481
-0.412875
-0.595613
-0.672132
-0.586033
-0.368074
-0.0955464
0.175005
0.433845
0.662559
0.764808
0.704663
0.550661
0.305429
-0.0593357
-0.405908
-0.491832
-0.333451
-0.269013
-0.415084
-0.507913
-0.359523
-0.119926
-0.00762799
-0.0346682
-0.0711777
-0.0196488
0.0699014
0.114207
0.165347
0.312288
0.462338
0.389119
0.0175477
-0.397572
-0.523527
-0.372081
-0.211365
-0.151564
-0.0790789
0.111163
0.359303
0.477445
0.345155
0.134665
0.071165
0.14363
0.125592
-0.0943599
-0.341532
-0.355747
-0.1273
0.0793142
0.149677
0.194718
0.314432
0.473053
0.562045
0.498979
0.277047
-0.0163181
-0.230442
-0.277831
-0.195575
-0.0860845
-0.0295496
-0.0236919
-0.00372793
0.0722367
0.173339
0.24278
0.229718
0.117536
-0.0168048
-0.0554237
0.0428962
0.191198
0.277261
0.312412
0.321888
0.258955
0.0985247
-0.0686479
-0.111455
-0.0254159
0.0621422
0.0856025
0.115688
0.189856
0.220356
0.139202
0.000264045
-0.106523
-0.135924
-0.148064
-0.238026
-0.389397
-0.448209
-0.317593
-0.0757977
0.128646
0.201403
0.151254
0.073206
0.0389372
0.01644
-0.0548756
-0.134128
-0.121224
-0.0399789
0.00610965
0.0121902
0.0245137
0.0319148
0.00948186
-0.0311595
-0.0553012
-0.0487869
-0.0411912
-0.073329
-0.130879
-0.147419
-0.0787039
0.0285559
0.0918457
0.0384432
-0.127341
-0.265037
-0.292785
-0.284296
-0.335425
-0.420783
-0.445032
-0.346975
-0.149999
0.0474941
0.177571
0.259691
0.339973
0.454062
0.589837
0.654003
0.56788
0.364012
0.10838
-0.185854
-0.44658
-0.513908
-0.358479
-0.138739
-0.00024715
0.0664981
0.125999
0.181836
0.227178
0.289598
0.349152
0.307916
0.0935547
-0.223207
-0.467276
-0.537374
-0.459224
-0.285914
-0.0552491
0.182386
0.358986
0.376432
0.203171
0.0227601
0.00631306
0.0919323
0.103881
0.00200962
-0.134935
-0.240885
-0.242453
-0.097476
0.0736036
0.11761
0.0739869
0.0610172
0.071225
0.0284621
-0.0398333
-0.0497432
-0.0197703
-0.0101262
-0.0044792
0.0120591
-0.012534
-0.10046
-0.173307
-0.142406
-0.038253
0.0914547
0.260106
0.449676
0.554981
0.518306
0.379659
0.190227
-0.0284269
-0.26153
-0.438274
-0.501944
-0.45401
-0.315062
-0.161355
-0.118949
-0.174092
-0.131675
0.0890465
0.345682
0.43089
0.293486
0.124563
0.0739276
0.0529949
-0.0594229
-0.207357
-0.28419
-0.28536
-0.261044
-0.217951
-0.15876
-0.121362
-0.111117
-0.0729258
0.0288713
0.147216
0.198896
0.161271
0.104714
0.0983362
0.123161
0.136842
0.141965
0.13272
0.0786399
0.00113073
-0.0634055
-0.165113
-0.323335
-0.400129
-0.277871
-0.0154091
0.243856
0.400012
0.419969
0.357219
0.320898
0.327407
0.280322
0.124901
-0.0975718
-0.301941
-0.389227
-0.357648
-0.333138
-0.34501
-0.300706
-0.192737
-0.0948839
-0.0132197
0.099493
0.219317
0.231726
0.100828
-0.00921929
0.00597094
0.0438634
0.0241657
0.0331442
0.12525
0.225922
0.276582
0.310947
0.345795
0.330941
0.233004
0.0789308
-0.0435127
-0.0485709
0.0343707
0.112417
0.141349
0.0905139
-0.062839
-0.250677
-0.366975
-0.408111
-0.402168
-0.317917
-0.147225
0.0718336
0.260839
0.292044
0.131847
-0.0658148
-0.108889
-0.010921
0.0354638
-0.0178552
-0.0691916
-0.0627274
-0.00834227
0.0924919
0.238119
0.369341
0.348696
0.122137
-0.146401
-0.27831
-0.28563
-0.285156
-0.299562
-0.268391
-0.197158
-0.132933
-0.078777
-0.0660219
-0.131403
-0.179434
-0.0908565
0.0752068
0.12696
-0.00587821
-0.181297
-0.242811
-0.196461
-0.134627
-0.106366
-0.0994506
-0.0881204
-0.0561772
0.0118178
0.0905661
0.0979017
-0.0074844
-0.156645
-0.228403
-0.168796
-0.0518065
-0.000224511
-0.0541499
-0.15292
-0.185697
-0.099363
0.0461556
0.12348
0.0714608
-0.00467434
0.00499523
0.0681373
0.0991281
0.102363
0.124845
0.144984
0.106736
0.0344548
0.00809562
0.0342018
0.0322879
-0.08647
-0.304879
-0.492335
-0.566003
-0.538645
-0.444073
-0.268368
-0.0257708
0.188705
0.259235
0.153169
-0.0551202
-0.253146
-0.378822
-0.410593
-0.296736
-0.080259
0.104152
0.185739
0.172101
0.0749951
-0.0607277
-0.124904
-0.0538145
0.0987335
0.230992
0.283309
0.26887
0.215542
0.124763
0.00546079
-0.106103
-0.198686
-0.273536
-0.281739
-0.182403
-0.0642779
-0.0470526
-0.0700524
-0.0276648
0.0521277
0.114534
0.184703
0.271378
0.327683
0.321922
0.224976
0.0284367
-0.170909
-0.257904
-0.227202
-0.147131
-0.0721266
-0.0656263
-0.148486
-0.210079
-0.15958
-0.0402051
0.0695974
0.177612
0.342356
0.513121
0.497132
0.221327
-0.0961281
-0.207918
-0.170233
-0.176697
-0.210236
-0.113829
0.0551421
0.0971622
0.0199026
-0.0329259
-0.0334477
-0.0417111
-0.096739
-0.181401
-0.231557
-0.206825
-0.152725
-0.115376
-0.108613
-0.102616
-0.0217671
0.149465
0.29128
0.289646
0.213462
0.177493
0.151256
0.0367297
-0.1504
-0.294921
-0.340685
-0.322042
-0.237519
-0.0518633
0.192232
0.396866
0.492775
0.475031
0.362986
0.174601
0.00296106
-0.0527682
0.0133478
0.101086
0.113047
0.0584881
-0.013465
-0.081298
-0.125765
-0.144128
-0.155163
-0.156333
-0.144114
-0.121705
-0.0736097
-0.0219175
-0.030527
-0.0571095
0.00187813
0.105561
0.149378
0.0926241
-0.0515904
-0.21733
-0.306108
-0.289926
-0.234533
-0.131529
0.0484372
0.192349
0.201433
0.171933
0.277085
0.49658
0.601857
0.501837
0.28677
0.0655164
-0.124313
-0.277259
-0.387107
-0.467505
-0.54772
-0.62443
-0.643646
-0.57191
-0.421981
-0.223031
0.0056972
0.251654
0.471607
0.62889
0.671983
0.582733
0.42338
0.258149
0.0932711
-0.0428161
-0.0887387
-0.0597344
-0.03034
-0.0285809
-0.0325041
-0.0294381
-0.0215264
0.00518782
0.0553012
0.0663967
0.00968729
-0.0207992
0.0404934
0.127849
0.142549
0.0622588
-0.0669388
-0.171366
-0.213781
-0.185645
-0.10516
-0.0149792
0.0632617
0.140459
0.239602
0.357679
0.418565
0.365093
0.238336
0.127063
0.0418924
-0.0465907
-0.134448
-0.20253
-0.21177
-0.147276
-0.084637
-0.090934
-0.128458
-0.131529
-0.126667
-0.167087
-0.219465
-0.210571
-0.118225
0.0239811
0.136329
0.154744
0.114071
0.0999597
0.129636
0.165877
0.186176
0.144855
0.0160781
-0.113986
-0.143221
-0.0916903
-0.0385288
-0.0207298
-0.043119
-0.0549925
0.0284634
0.198969
0.342122
0.372761
0.26767
0.0731923
-0.0928785
-0.163509
-0.173107
-0.161841
-0.133843
-0.0888438
0.00416602
0.171936
0.332902
0.424776
0.43906
0.348022
0.133919
-0.125606
-0.331681
-0.456619
-0.483919
-0.402549
-0.252212
-0.0813407
0.0733557
0.176265
0.227639
0.279986
0.325943
0.264087
0.0573457
-0.182409
-0.35562
-0.46856
-0.515476
-0.434743
-0.253609
-0.113727
-0.0542013
-0.0161839
0.053699
0.17919
0.315845
0.356823
0.268313
0.122451
-0.0258766
-0.158058
-0.230262
-0.200892
-0.0948763
0.0310354
0.143605
0.228695
0.305901
0.359795
0.339365
0.25746
0.179598
0.106091
0.00497282
-0.0793465
-0.109368
-0.15102
-0.244565
-0.336524
-0.373982
-0.342406
-0.241097
-0.111726
-0.0396949
-0.04984
-0.0647977
-0.0157134
0.0837714
0.175384
0.21989
0.192097
0.0808918
-0.0668721
-0.164455
-0.157372
-0.0869923
-0.0561686
-0.113362
-0.232852
-0.334771
-0.316959
-0.181335
-0.034879
0.047942
0.112107
0.195261
0.222837
0.144981
0.0617706
0.0594913
0.0659013
0.00268717
-0.0465118
0.0271024
0.120575
0.106912
0.0883211
0.1603
0.195425
0.101256
0.0106295
0.0407282
0.128304
0.181482
0.172832
0.0874341
-0.048652
-0.157118
-0.20203
-0.215796
-0.214852
-0.162244
-0.0427952
0.0651815
0.0880628
0.0673656
0.0813238
0.116366
0.0878585
-0.0304198
-0.144012
-0.14125
-0.0521886
0.0327673
0.0551495
0.00498455
-0.0640482
-0.0934412
-0.044368
0.0651171
0.123818
0.0810734
0.00419717
-0.0327108
-0.0349572
-0.0299559
-0.013118
-0.00840936
-0.0693306
-0.152695
-0.172377
-0.147174
-0.127936
-0.0993428
-0.0760906
-0.114923
-0.170617
-0.140892
-0.0337695
0.0699031
0.135213
0.154794
0.103439
0.00595194
-0.0274331
0.0718488
0.207299
0.218392
0.0914732
-0.0360627
-0.0537197
0.0201601
0.0826609
0.0437913
-0.0825898
-0.187911
-0.198081
-0.115005
0.0193485
0.152878
0.219859
0.146783
-0.0262974
-0.172193
-0.196053
-0.109326
0.0103801
0.134731
0.273184
0.35445
0.281994
0.106487
-0.0519901
-0.151525
-0.201541
-0.196139
-0.131245
-0.0700323
-0.100492
-0.191684
-0.229667
-0.191263
-0.109292
0.0251481
0.201587
0.299703
0.212409
0.0441922
-0.0766148
-0.154205
-0.225803
-0.256485
-0.20154
-0.0831824
0.0257061
0.0666903
0.0489446
0.00945014
-0.0181835
-0.0334897
-0.0674761
-0.102259
-0.0563302
0.084373
0.213367
0.239179
0.177876
0.0859512
0.000275029
-0.0722399
-0.127851
-0.12898
-0.066532
0.0121513
0.047118
0.0188948
-0.0341845
-0.0708054
-0.0774391
-0.0505026
0.00304055
0.0615281
0.0963778
0.0915874
0.0461053
-0.00981776
-0.0182626
0.0200635
0.0315295
-0.0260974
-0.11875
-0.180589
-0.13553
0.015519
0.113958
0.0273859
-0.141618
-0.189919
-0.0890393
0.0368702
0.0866629
0.0455313
-0.0507664
-0.161275
-0.25145
-0.27434
-0.201634
-0.0546792
0.0822731
0.122091
0.051799
-0.0355765
-0.0396447
0.0172932
0.0309272
-0.033421
-0.0999696
-0.0695611
0.0409951
0.0885867
0.0200893
-0.0391021
0.00284904
0.102986
0.192353
0.243957
0.233952
0.147555
-0.00912747
-0.210702
-0.399909
-0.522685
-0.507013
-0.350602
-0.150449
0.00972242
0.124796
0.201781
0.206123
0.142279
0.0715882
0.035974
0.0457101
0.0876437
0.102977
0.0567178
-0.00253069
-0.0533056
-0.144763
-0.281521
-0.380551
-0.365088
-0.243353
-0.0916274
0.0223119
0.0972833
0.171904
0.255306
0.342659
0.404481
0.364649
0.191108
-0.0244094
-0.183704
-0.293292
-0.360202
-0.330206
-0.209784
-0.0963688
-0.0406245
0.0152043
0.130022
0.269718
0.351507
0.329053
0.222853
0.0861416
-0.054971
-0.16891
-0.193307
-0.128899
-0.0602882
-0.0444581
-0.060958
-0.0755459
-0.0839516
-0.0790879
-0.0214503
0.0858072
0.143198
0.0796046
-0.0337584
-0.0442541
0.0963491
0.269689
0.342703
0.285724
0.183164
0.0919155
0.0225974
-0.00976477
-0.0119537
-0.00887991
0.0200267
0.088433
0.12165
0.0730391
-0.00951735
-0.0546896
-0.0480215
-0.0290924
-0.0528977
-0.11783
-0.141814
-0.0879379
-0.0148057
0.0554993
0.148036
0.223985
0.217406
0.162693
0.136793
0.115958
0.0571968
-0.0175981
-0.0755105
-0.101909
-0.0844603
-0.0397934
-0.0265673
-0.0688614
-0.109346
-0.101532
-0.0766846
-0.0607939
-0.0214197
0.0503223
0.0827161
0.0314697
-0.0361737
-0.0448572
-0.000875645
0.0421967
0.0487525
0.0316916
0.0247778
0.0321437
0.0235607
-0.0131604
-0.0548102
-0.0597494
-0.00705533
0.0726907
0.101243
0.0368516
-0.0542112
-0.111772
-0.163184
-0.24251
-0.301307
-0.272153
-0.183999
-0.114793
-0.031269
0.14204
0.329116
0.394659
0.309127
0.138941
-0.0391614
-0.158722
-0.168651
-0.136399
-0.140958
-0.174858
-0.175805
-0.0938797
0.0416397
0.108228
0.0562329
0.00854407
0.0286659
0.0405743
-0.0090085
-0.0774012
-0.105661
-0.0877463
-0.0445356
0.0577635
0.254076
0.421983
0.386572
0.166059
-0.0405283
-0.110015
-0.0757048
0.00850912
0.0901339
0.096268
0.00721598
-0.100731
-0.143988
-0.118923
-0.0656114
-0.0273985
-0.0359088
-0.0519148
-0.0123508
0.0484817
0.0539841
0.0204112
0.0178169
0.00744196
-0.123642
-0.337082
-0.434911
-0.328138
-0.103203
0.129775
0.307301
0.353863
0.231607
0.0867951
0.073783
0.160746
0.186729
0.0476787
-0.21257
-0.409669
-0.362156
-0.128656
0.0799421
0.160303
0.178542
0.20402
0.21897
0.195043
0.161985
0.149625
0.122222
0.0364369
-0.0899726
-0.175923
-0.145035
-0.0132396
0.113966
0.123646
0.047356
-0.0153759
-0.0288707
-0.0386228
-0.0937374
-0.183699
-0.237191
-0.205164
-0.153168
-0.165711
-0.206795
-0.153862
0.0361618
0.261982
0.391287
0.391904
0.309896
0.18901
0.0450158
-0.104132
-0.208293
-0.225929
-0.17229
-0.0894172
-0.0180934
0.0240368
0.0368381
0.0477515
0.0823033
0.0858164
-0.0177081
-0.17458
-0.21968
-0.0908593
0.0921685
0.183982
0.157703
0.083063
0.0325689
0.0122134
-0.00378051
-0.00094359
0.0526642
0.150419
0.287155
0.424892
0.433304
0.205098
-0.108487
-0.198341
-0.10242
-0.0510627
-0.0904169
-0.104279
-0.0185795
0.114314
0.177853
0.139441
0.103788
0.127856
0.119647
-0.0165438
-0.204227
-0.243153
-0.0621201
0.108275
0.0267731
-0.179888
-0.234736
-0.15315
-0.121534
-0.131563
-0.0398635
0.0736395
0.00798171
-0.123669
-0.092208
0.0619305
0.137049
0.111255
0.12727
0.209335
0.20247
0.0482533
-0.090542
-0.0736365
0.00647455
-0.000971686
-0.0898833
-0.147366
-0.114946
-0.00183328
0.130499
0.17843
0.108362
0.0109506
-0.0312662
-0.0553825
-0.106792
-0.122899
-0.050201
0.0417607
0.0281829
-0.0846283
-0.139676
-0.069076
-0.00550425
-0.0658889
-0.147503
-0.113682
0.0164746
0.137892
0.200922
0.202461
0.139448
0.033641
-0.0496149
-0.0494479
0.0059028
0.0257579
-0.0210492
-0.0778448
-0.102469
-0.0717961
0.0443865
0.171132
0.17736
0.0778787
0.0170649
0.0286208
0.0148347
-0.0490709
-0.0932839
-0.0998803
-0.0982875
-0.0694326
0.0110352
0.0942194
0.104271
0.0544378
0.0325532
0.0437229
0.0135825
-0.0631947
-0.128523
-0.151003
-0.139193
-0.106648
-0.0661984
-0.0182223
0.0612659
0.13857
0.132928
0.060638
0.0208016
0.020921
-0.0184345
-0.0899248
-0.0874231
-0.0133325
0.0333653
0.019215
-0.015413
-0.048512
-0.0668308
-0.021915
0.105896
0.239221
0.262822
0.123485
-0.106237
-0.266185
-0.257929
-0.130996
-0.0163842
0.0156345
-0.0156393
-0.0613852
-0.0971663
-0.122748
-0.123602
-0.0836926
-0.0291883
0.00813866
0.0299271
0.0131392
-0.0548783
-0.114828
-0.0963682
0.0102895
0.148289
0.218553
0.17902
0.0946525
0.0250144
-0.0438044
-0.137463
-0.245866
-0.30896
-0.252153
-0.111826
0.00620175
0.0433576
0.0374414
0.058459
0.104552
0.121679
0.0883203
0.0354595
-0.00686613
-0.0298193
-0.0418784
-0.0450483
-0.0316866
-0.0222224
-0.0413268
-0.0435932
-0.00982915
-0.0128928
-0.0562865
-0.0475579
0.0293353
0.105968
0.142713
0.105237
0.00114871
-0.0646741
-0.00879974
0.0911139
0.096248
-0.00113486
-0.10799
-0.165551
-0.180914
-0.158356
-0.092932
-0.0409682
-0.0623254
-0.125807
-0.141521
-0.082909
-0.00706209
0.0625984
0.152011
0.236501
0.262058
0.251487
0.252183
0.194056
0.00375961
-0.209014
-0.332967
-0.407609
-0.45252
-0.385388
-0.209552
-0.0237071
0.135649
0.266347
0.328909
0.278284
0.144959
-0.00594085
-0.13001
-0.207287
-0.233026
-0.197202
-0.125587
-0.087142
-0.078409
-0.0324104
0.0321983
0.04631
0.050196
0.116472
0.182018
0.134731
-0.0240996
-0.162467
-0.163624
-0.0557029
0.028906
0.0291924
0.023137
0.0497688
0.0468209
-0.000945487
-0.031329
-0.023379
-0.0183729
-0.0385853
-0.0753478
-0.0960417
-0.0529455
0.0334865
0.0556006
-0.0361025
-0.153972
-0.202064
-0.160051
-0.0605838
0.0526235
0.115213
0.071869
-0.058338
-0.188113
-0.170296
0.0270446
0.176688
0.163103
0.105183
0.0949285
0.0744571
0.0170549
0.00186233
0.0271407
-0.0451677
-0.204998
-0.212828
0.0390826
0.303262
0.306525
0.145242
0.057812
0.0833695
0.105367
0.0795685
0.0165056
-0.0618708
-0.095683
-0.0665133
-0.0675831
-0.166398
-0.262905
-0.239567
-0.0807837
0.124788
0.248538
0.202989
0.0158009
-0.164722
-0.188778
-0.0677792
0.0422866
0.0324756
-0.0650568
-0.14541
-0.134563
-0.0459842
0.0455061
0.0991768
0.123379
0.122916
0.0764262
-0.0201324
-0.121782
-0.17662
-0.19432
-0.214639
-0.183692
-0.0377847
0.122675
0.17642
0.136657
0.0808843
0.0533223
0.0799946
0.149783
0.169871
0.0588871
-0.1322
-0.26503
-0.267415
-0.179826
-0.0553584
0.114049
0.293042
0.333408
0.171205
0.00138625
0.0204614
0.160206
0.187424
-0.00598621
-0.322545
-0.5898
-0.680936
-0.574916
-0.317596
0.0817255
0.566905
0.863935
0.734041
0.292828
-0.147353
-0.351714
-0.321842
-0.242631
-0.179031
-0.0387678
0.161391
0.261245
0.162825
-0.0757047
-0.277303
-0.273104
-0.0726111
0.0890064
0.0848762
0.113965
0.26968
0.317333
0.0910619
-0.237676
-0.34191
-0.116636
0.173378
0.211391
0.0396676
-0.13412
-0.241941
-0.271307
-0.113678
0.21654
0.429728
0.363239
0.124982
-0.0698497
-0.0420002
0.152651
0.271829
0.132183
-0.176716
-0.346044
-0.243424
-0.00575842
0.0982694
-0.0555679
-0.297076
-0.395707
-0.39642
-0.426164
-0.405202
-0.234747
0.0112391
0.184529
0.215596
0.186157
0.208902
0.268034
0.263431
0.185097
0.103859
0.0545745
0.0147455
-0.0252365
-0.0530945
-0.0807835
-0.136709
-0.217613
-0.268216
-0.20581
-0.0123109
0.211821
0.350891
0.377929
0.279253
0.102212
0.00701294
0.0637188
0.127293
0.0525504
-0.118914
-0.265733
-0.291739
-0.192868
-0.0377849
0.0535464
0.0153503
-0.0527909
-0.0256399
0.0550198
0.0542374
-0.0131399
0.00185715
0.149066
0.289412
0.294632
0.19094
0.0761149
9.6423e-05
-0.0548339
-0.141445
-0.260165
-0.332048
-0.281617
-0.151606
-0.0763033
-0.101268
-0.124677
-0.0583739
0.0536916
0.113563
0.105897
0.0868547
0.0674776
0.00717235
-0.0757292
-0.0956185
-0.0523967
-0.0233618
-0.0318874
-0.0345372
-0.017388
-0.0192638
-0.0540501
-0.0814871
-0.0588247
0.0227446
0.123831
0.164343
0.123028
0.0878181
0.0934009
0.0696115
-0.00160878
-0.0629099
-0.0860748
-0.0816919
-0.0577166
-0.0282168
-0.0342476
-0.0876165
-0.126474
-0.0957964
-0.0114045
0.0415016
0.0154828
-0.041365
-0.0818318
-0.114908
-0.122601
-0.0630615
0.0514912
0.1867
0.300809
0.311782
0.15271
-0.102086
-0.264975
-0.301909
-0.269325
-0.15681
0.0559062
0.287464
0.409876
0.298132
-0.00533746
-0.209101
-0.180696
-0.0654051
-0.0257959
-0.0471572
-0.0613441
-0.0748749
-0.0952251
-0.0831278
-0.0332566
0.0086202
0.0388477
0.0930825
0.157555
0.176408
0.14813
0.125684
0.104618
0.0345014
-0.0266421
0.0486814
0.204842
0.255833
0.159937
0.0579742
0.030103
-0.00623308
-0.086152
-0.131638
-0.11943
-0.0860074
0.00150699
0.175855
0.320224
0.313335
0.194266
0.0664378
-0.0169944
-0.0695665
-0.127578
-0.171813
-0.161534
-0.129835
-0.105949
-0.0599603
0.00332004
0.0226069
-0.0109063
-0.014874
0.0678278
0.173038
0.237087
0.233647
0.131527
-0.0674575
-0.248225
-0.269832
-0.165049
-0.0987241
-0.119264
-0.112184
-0.0189527
0.0649779
0.057299
0.0350801
0.0810637
0.1159
0.0553428
-0.0411754
-0.0717322
-0.0311967
0.0034993
-0.00908226
-0.0291765
-0.00237382
0.0515143
0.0643397
0.0166287
-0.0170153
0.0442465
0.182147
0.265933
0.198382
0.0822723
0.0480112
0.0153651
-0.0908078
-0.131615
-0.0114342
0.100032
0.0713117
0.0352284
0.137452
0.303812
0.352049
0.2075
-0.0141625
-0.167111
-0.202381
-0.154418
-0.0968001
-0.0848609
-0.125929
-0.173116
-0.170877
-0.109866
-0.0180146
0.0661443
0.108331
0.124555
0.147432
0.143391
0.0708991
-0.0197943
-0.0668869
-0.0985083
-0.148917
-0.198981
-0.224978
-0.215874
-0.164738
-0.08757
-0.00896335
0.0459524
0.0628659
0.087049
0.180811
0.313033
0.373031
0.291795
0.0931531
-0.126315
-0.25982
-0.266133
-0.180257
-0.0640917
0.0351027
0.0976021
0.137546
0.164273
0.141334
0.0689412
0.0210357
0.00297099
-0.0644623
-0.196801
-0.301359
-0.316188
-0.237222
-0.0893304
0.0347115
0.0689116
0.0414629
0.0263732
0.0412423
0.0592203
0.0824533
0.115972
0.111584
0.0447464
-0.029082
-0.0727223
-0.0997766
-0.11643
-0.127478
-0.123779
-0.0560709
0.0702935
0.171125
0.168224
0.0462776
-0.118866
-0.214492
-0.18193
-0.0912889
-0.0667049
-0.110391
-0.178455
-0.256725
-0.290213
-0.207922
-0.0276132
0.168942
0.288741
0.272202
0.178507
0.143642
0.191997
0.198387
0.0518909
-0.170756
-0.261676
-0.207747
-0.164378
-0.194111
-0.207666
-0.136539
-0.0237836
0.0842434
0.186719
0.249833
0.241124
0.180145
0.110662
0.0437844
-0.0194561
-0.0603812
-0.06908
-0.0245995
0.0696189
0.117047
0.0549184
-0.0342489
-0.0473222
-0.00208251
0.0312504
0.0159503
-0.0287474
-0.0605353
-0.0622577
-0.0677707
-0.106388
-0.14868
-0.138329
-0.0664072
0.0236316
0.0986093
0.138935
0.147909
0.133571
0.0779325
-0.0115459
-0.0725567
-0.0805887
-0.0762161
-0.0607556
-0.0222871
-0.0281931
-0.115068
-0.166286
-0.0973823
0.0164568
0.0953166
0.122719
0.0997102
0.0605108
0.035747
-0.0171758
-0.124384
-0.183072
-0.106729
0.0207243
0.0889094
0.0954702
0.0901321
0.0972397
0.101195
0.0749856
0.0375436
0.0180457
-0.0192526
-0.122484
-0.238375
-0.254204
-0.146234
-0.0180873
0.022453
0.0241174
0.0632969
0.106045
0.105979
0.101918
0.127044
0.108767
-0.0052033
-0.0881848
-0.0300883
0.105149
0.163163
0.0908534
-0.0208449
-0.0740639
-0.0943651
-0.11484
-0.0829513
0.00206003
0.0305602
-0.0434231
-0.107699
-0.0232092
0.164945
0.242073
0.138648
0.00597358
0.00773334
0.117125
0.174775
0.127551
0.0292145
-0.0764622
-0.173356
-0.237256
-0.203887
-0.0667514
0.0780395
0.125001
0.0399091
-0.125774
-0.255769
-0.274266
-0.221758
-0.158675
-0.0895052
-0.00222126
0.109186
0.210233
0.221914
0.173422
0.14511
0.11957
0.0320607
-0.0790129
-0.119102
-0.0498908
0.086172
0.208286
0.228263
0.087848
-0.096995
-0.141724
-0.0496923
0.0233665
0.0206807
0.0269939
0.10245
0.188265
0.186797
0.0736085
-0.0696907
-0.153272
-0.189776
-0.226937
-0.231139
-0.139123
0.0109453
0.0958745
0.0617856
-0.0306503
-0.0653449
0.0150867
0.110396
0.0976735
-0.0194787
-0.11418
-0.101263
-0.0285977
0.0114148
0.0279566
0.0586491
0.0563508
0.0124992
0.0219335
0.098883
0.124526
0.0495525
-0.0306313
-0.0376536
-0.0290694
-0.0722417
-0.138803
-0.146898
-0.0730666
0.0144109
0.0481349
0.0354874
0.010802
-0.0327854
-0.099195
-0.133633
-0.0769502
0.0447387
0.140372
0.159333
0.118694
0.0734501
0.073166
0.102761
0.0861903
0.00142077
-0.088233
-0.148945
-0.166776
-0.117617
-0.0355287
0.000257858
-0.0129743
-0.0152572
-0.00575721
0.00557918
0.0573557
0.130158
0.145848
0.0824676
0.0194589
0.0154626
0.0242324
-0.0213268
-0.0741043
-0.0435364
0.0351076
0.0703571
0.0735769
0.0958601
0.110682
0.0629502
-0.000451691
0.00833968
0.0411835
0.013535
-0.0371338
-0.0227377
0.0269815
-0.00167066
-0.139679
-0.254416
-0.19305
-0.0244021
0.0752174
0.0826258
0.10364
0.171576
0.215232
0.193486
0.158044
0.150336
0.123563
0.0234733
-0.105406
-0.1627
-0.138991
-0.117045
-0.130264
-0.128669
-0.0925469
-0.0535041
-0.0134809
0.0518434
0.134624
0.161269
0.0784184
-0.025541
-0.038257
0.0338813
0.0869818
0.0482841
-0.0682328
-0.180306
-0.200621
-0.140134
-0.0929459
-0.0804316
-0.044193
0.0198164
0.0558071
0.0723071
0.106255
0.124741
0.102566
0.0680491
0.0291249
-0.0419469
-0.11909
-0.139517
-0.0764559
0.0273113
0.0699794
0.0285242
-0.011325
0.0196387
0.0811917
0.10547
0.101599
0.0992136
0.0808581
0.0291765
-0.0488711
-0.134054
-0.174756
-0.130727
-0.0493459
-0.00564414
-0.0175905
-0.0472239
-0.0621248
-0.0427554
0.0052268
0.0401044
0.0474225
0.0511583
0.0360476
-0.0314932
-0.118054
-0.174474
-0.198773
-0.164908
-0.0393425
0.115903
0.199366
0.186844
0.125008
0.0645346
0.0320154
0.0194689
0.00192765
-0.0404566
-0.11344
-0.168309
-0.150339
-0.0814166
-0.0299045
-0.00517806
0.0308496
0.0713665
0.0700816
0.033863
0.0285131
0.0606453
0.0743245
0.0266622
-0.0675994
-0.133057
-0.113015
-0.0627642
-0.0600633
-0.0636129
-0.00135282
0.0950353
0.151252
0.150324
0.128355
0.118941
0.11279
0.0700104
0.0110627
-0.00892225
-0.0235727
-0.0872706
-0.138277
-0.0990672
-0.015991
0.0347683
0.0532846
0.016037
-0.0774954
-0.128089
-0.0865499
-0.0487629
-0.0655646
-0.0371214
0.0947805
0.234592
0.277314
0.196761
0.0433612
-0.100886
-0.185434
-0.173733
-0.0739456
0.0341465
0.0555913
0.00996094
0.00715184
0.0549051
0.0772793
0.0722134
0.0745802
0.0511027
-0.0120031
-0.0481495
-0.0182829
0.0429951
0.105765
0.153328
0.128033
-0.000149314
-0.146764
-0.197208
-0.13016
-0.0356488
-0.0119393
-0.0421119
-0.0383156
0.0014303
0.0163899
-0.0123769
-0.0404017
-0.00570847
0.105991
0.213794
0.209979
0.118442
0.0650834
0.0746087
0.029257
-0.126572
-0.287931
-0.329727
-0.252129
-0.129425
-0.00911994
0.0966773
0.176694
0.194943
0.125091
0.0245078
-0.0240439
-0.0447665
-0.120043
-0.199203
-0.163257
-0.0413334
0.00483181
-0.101087
-0.227605
-0.190576
-0.0337976
0.0662179
0.0662901
0.0705377
0.133452
0.198948
0.189125
0.0992285
-0.000990755
-0.0662616
-0.111534
-0.125501
-0.0794062
-0.0137106
-0.00191407
-0.0245273
-0.0110692
0.0297121
0.0636925
0.0807392
0.058474
0.000455118
-0.0479329
-0.0684537
-0.0772799
-0.0786047
-0.0834189
-0.108546
-0.135474
-0.11536
-0.0360267
0.0518886
0.0963793
0.0986577
0.0906934
0.0715354
0.00768019
-0.0915506
-0.15164
-0.121549
-0.024218
0.0869067
0.166936
0.171342
0.117711
0.0831291
0.0667613
0.00525657
-0.0797299
-0.10957
-0.0805257
-0.0473045
-0.0413521
-0.0568834
-0.0564242
0.00451444
0.110459
0.181508
0.180512
0.153023
0.123146
0.0562562
-0.0469949
-0.123278
-0.122366
-0.0495381
0.0363583
0.0800941
0.0619045
-0.00976843
-0.0751031
-0.0631888
0.00346883
0.0567039
0.110123
0.199798
0.241766
0.138485
-0.0115948
-0.0624918
-0.0413758
-0.0524148
-0.0800795
-0.0733334
-0.0519825
-0.0195574
0.0446477
0.0953129
0.0830565
0.0461277
0.0190867
-0.00871726
-0.0177062
0.021251
0.078791
0.0900715
0.0277283
-0.0546634
-0.0653303
-0.0196781
-0.0302563
-0.0778795
-0.0657253
-0.0109653
0.0368495
0.0876767
0.12962
0.111547
0.022423
-0.109748
-0.219974
-0.212095
-0.083907
0.0377873
0.0870625
0.104311
0.103418
0.0865267
0.0989612
0.172239
0.259151
0.279196
0.200607
0.0377232
-0.131842
-0.20912
-0.233554
-0.274014
-0.296616
-0.249439
-0.16643
-0.107445
-0.0508627
0.058409
0.200742
0.288443
0.26949
0.186195
0.120365
0.0843281
0.0432997
-0.00255297
-0.0482505
-0.102454
-0.146026
-0.124731
-0.0239354
0.0915677
0.131519
0.097018
0.0831067
0.105837
0.0836404
-0.0250851
-0.161088
-0.228279
-0.191008
-0.108102
-0.0603761
-0.0592642
-0.0390158
0.0469198
0.153703
0.202791
0.170627
0.0979754
0.0605242
0.0782835
0.101373
0.0806465
0.0431896
0.043692
0.0667339
0.052396
-0.00451097
-0.0401868
-0.0229319
0.0151904
0.0272077
0.0133791
0.0312075
0.122662
0.222754
0.225093
0.156135
0.125159
0.134218
0.0829473
-0.0616406
-0.201848
-0.233886
-0.163879
-0.0924821
-0.0516445
-0.00156981
0.0463435
0.0507235
0.042353
0.0651554
0.0891083
0.0938405
0.121807
0.163057
0.150024
0.0780173
0.000843393
-0.0527373
-0.082622
-0.0935883
-0.0679596
0.018998
0.124644
0.147323
0.0629748
-0.0359394
-0.0756831
-0.0628083
-0.0440263
-0.0402768
-0.026032
0.0204438
0.0649797
0.0710051
0.0807734
0.136345
0.168343
0.123859
0.0500091
-0.00975295
-0.07819
-0.170384
-0.23797
-0.202705
-0.0589092
0.0726403
0.0895232
0.0424115
0.0390346
0.0858621
0.127948
0.14514
0.113086
0.0392309
-0.00976288
-0.01438
-0.0374112
-0.0911143
-0.111798
-0.099013
-0.106055
-0.0959281
-0.0089724
0.10791
0.165634
0.145642
0.0895785
0.0596637
0.0618188
0.0320436
-0.0335061
-0.0583339
-0.0340652
-0.0209874
-0.0240143
0.00610222
0.0655457
0.101878
0.0962504
0.0556363
0.0225846
0.0538545
0.111595
0.0982294
0.0107286
-0.0520085
-0.051592
-0.0310804
0.00738443
0.077057
0.137235
0.138882
0.0856957
0.015459
-0.0611869
-0.145997
-0.202308
-0.207142
-0.182933
-0.138935
-0.0774155
-0.0425236
-0.054789
-0.039347
0.0393581
0.105977
0.0865931
0.00474837
-0.0812167
-0.111282
-0.0396874
0.0955422
0.188134
0.144438
-0.0114171
-0.148871
-0.143086
0.00559205
0.146844
0.148605
0.052633
-0.0188031
-0.0380453
-0.0593116
-0.0946409
-0.0698219
0.0363899
0.0921858
0.0337742
-0.0149508
0.0269862
0.03919
-0.0734517
-0.204261
-0.201858
-0.0720027
0.0600512
0.150642
0.203167
0.216231
0.195627
0.121585
-0.0144955
-0.121005
-0.111216
-0.0470616
-0.030548
-0.0463363
-0.00889513
0.0883257
0.137429
0.0899947
0.044625
0.0684057
0.0955643
0.0596891
-0.00514893
-0.0366712
-0.0404783
-0.0329697
0.000641633
0.0366932
0.0297647
-0.0127859
-0.0301207
0.00636088
0.0678172
0.109154
0.0848017
-0.000730921
-0.0569884
-0.0380361
-0.0070374
-0.00744795
0.00355105
0.0498162
0.0882162
0.0978673
0.098781
0.0792433
0.0279208
-0.0202255
-0.0457506
-0.0780051
-0.111371
-0.089003
-0.00811566
0.0715278
0.115038
0.145449
0.175241
0.167356
0.10816
0.0434839
-0.0113763
-0.0728959
-0.114939
-0.110706
-0.0738675
-0.0208151
0.0312312
0.0456778
0.00821687
-0.0304044
-0.0309385
-0.0154967
-0.0203609
-0.0362855
-0.0475285
-0.0591829
-0.0427957
0.0502731
0.178893
0.227773
0.163323
0.0657304
0.0209627
0.0276452
0.0134791
-0.0396443
-0.0722197
-0.0553697
-0.0411552
-0.0715266
-0.10418
-0.0773974
-0.00402328
0.0675001
0.120444
0.130754
0.0654322
-0.0465014
-0.117237
-0.0969894
-0.0516256
-0.0915238
-0.189442
-0.200448
-0.0708703
0.0745408
0.1114
0.0455859
-0.0247925
-0.0144135
0.0582036
0.105037
0.0925727
0.0604816
0.029754
-0.0241602
-0.0971922
-0.124238
-0.0692854
-0.00179197
0.0227557
0.0323334
0.0627589
0.0796077
0.0339454
-0.0375624
-0.0460832
0.0170204
0.0832928
0.0975201
0.0580453
0.000759713
-0.0344381
-0.0390924
-0.0335825
-0.027597
-0.0064995
0.0426339
0.101771
0.116188
0.0588168
-0.017538
-0.0577849
-0.0608624
-0.0568265
-0.0574628
-0.0491722
-0.00893153
0.0602619
0.1166
0.105058
0.0232527
-0.0598923
-0.0890265
-0.0784865
-0.110406
-0.209767
-0.257057
-0.150779
0.0038398
0.0578365
0.0213028
-0.0301913
-0.0638013
-0.0501957
0.0123719
0.0494244
0.0220241
0.000724008
0.0329524
0.0616956
0.0251527
-0.0538236
-0.101896
-0.096996
-0.0520979
0.0243331
0.0805713
0.0562333
-0.0232485
-0.0581084
-0.0289085
-0.0156561
-0.0579302
-0.108615
-0.124488
-0.0845623
0.0137055
0.119854
0.170612
0.160118
0.106476
0.00351212
-0.10175
-0.119246
-0.0440476
0.017798
0.000469323
-0.0340593
-0.0396756
-0.0431888
-0.0353214
0.0163491
0.0725775
0.0791829
0.0652926
0.0668786
0.0589256
0.010982
-0.0762205
-0.158439
-0.136807
0.0185573
0.187681
0.218394
0.0965938
-0.0731714
-0.168944
-0.0957657
0.0754596
0.178356
0.132072
0.00579926
-0.0927936
-0.158139
-0.208437
-0.188762
-0.0879875
0.0185678
0.0809324
0.120897
0.157782
0.154304
0.0538987
-0.105117
-0.183154
-0.132505
-0.0530362
-0.00204731
0.0526528
0.105528
0.08712
-0.0102203
-0.0780972
-0.047919
0.024971
0.0410845
-0.0255188
-0.0949466
-0.102869
-0.0776882
-0.0710645
-0.0638176
-0.0158689
0.0450705
0.0698302
0.0707947
0.0820616
0.101897
0.104858
0.0611237
-0.0325197
-0.124551
-0.174499
-0.180031
-0.138835
-0.0575226
0.015796
0.0267957
-0.0149222
-0.0716657
-0.0993858
-0.0829785
-0.0690625
-0.0744531
-0.0520277
-0.0102131
-0.0165759
-0.0374341
-0.0116371
0.0117933
-0.00857804
-0.00561746
0.066845
0.131571
0.121574
0.0843243
0.071636
0.0755762
0.0567366
-0.0284298
-0.153639
-0.198798
-0.104786
0.0158539
0.0788081
0.099791
0.0972418
0.0843275
0.0831168
0.0750303
0.021413
-0.0534225
-0.0945832
-0.081874
-0.0460244
-0.0361347
-0.0795274
-0.133224
-0.123796
-0.0536366
0.0134055
0.0455429
0.0474469
0.0582092
0.131238
0.232441
0.230341
0.0725543
-0.0877245
-0.11862
-0.063009
-0.0151568
-0.0145986
-0.0739904
-0.167315
-0.199373
-0.12518
-0.0337685
0.0156413
0.0775369
0.166388
0.201579
0.149257
0.0798158
0.0324948
-0.0312356
-0.108787
-0.147761
-0.136492
-0.114458
-0.0919749
-0.0433961
0.00159329
-0.000710293
-0.0172008
-0.0102255
-0.0116862
-0.0356813
-0.0361357
0.00690896
0.059526
0.0982261
0.130142
0.13681
0.0949722
0.0290214
-0.0103849
-0.00538755
0.0092044
-0.00502968
-0.0273422
-0.00935348
0.0323972
0.0218056
-0.0704621
-0.165582
-0.161149
-0.0567909
0.0482007
0.0978768
0.101737
0.0678166
0.0119726
-0.0278242
-0.00628874
0.0669651
0.100113
0.0478187
-0.0394301
-0.079435
-0.0493317
0.00433663
0.0468246
0.0867563
0.122644
0.13471
0.112177
0.0477734
-0.0394855
-0.0883174
-0.0655075
-0.0226597
-0.0120808
0.0111876
0.0742898
0.136095
0.181819
0.206349
0.165511
0.070978
0.00714301
0.00309484
0.015798
0.0123739
-0.00529199
-0.00684505
0.0299199
0.0724927
0.0712797
0.039355
0.0194401
0.0107817
0.00341451
0.00473795
-0.0102317
-0.0774259
-0.143575
-0.103924
0.00793875
0.0752217
0.0661014
0.0497501
0.0865426
0.164302
0.18445
0.0836334
-0.0199064
-0.0260575
0.00245745
-0.00810549
-0.0259962
-0.0120162
0.0109795
0.0309152
0.0677604
0.123674
0.176962
0.202884
0.171551
0.0765853
-0.0269128
-0.0600295
-0.00951987
0.0390119
0.0251449
-0.00291949
0.0190647
0.0502129
0.0296079
-0.00256894
0.0190952
0.0665925
0.0816947
0.0399364
-0.0373145
-0.0873283
-0.0437518
0.0458228
0.0970315
0.059133
-0.00484265
-0.00966397
0.0435585
0.0888683
0.0873861
0.0618464
0.0542289
0.0737705
0.0759639
0.0283205
-0.0492135
-0.115274
-0.137076
-0.105938
-0.0551939
-0.0262731
-0.00362622
0.0490352
0.109134
0.122546
0.0704927
-0.00985587
-0.0483358
-0.02276
0.00614462
-0.0239873
-0.0968823
-0.150189
-0.135741
-0.0643455
-0.0108524
-0.015417
-0.0254313
0.00786743
0.0557188
0.0707076
0.044777
0.0118652
0.0152845
0.05694
0.0750248
0.0294973
-0.0380633
-0.0807472
-0.091867
-0.0682935
-0.00740846
0.0671212
0.111721
0.10937
0.0908149
0.0777615
0.0710619
0.0791039
0.0909571
0.060255
-0.0258665
-0.0974514
-0.0875058
-0.0151895
0.0303432
0.0165891
0.0212711
0.0731028
0.0854132
0.0262168
-0.0138432
0.000803457
0.0282426
0.0417042
0.0420588
0.0460966
0.0706056
0.0988944
0.113395
0.127419
0.132037
0.0940732
0.0168927
-0.0545387
-0.0762731
-0.0254186
0.0608599
0.0931607
0.0608097
0.0477642
0.0741821
0.0706911
0.0354668
0.0332811
0.0622354
0.0687682
0.0642353
0.0852194
0.109016
0.0824414
-0.0131105
-0.11978
-0.141512
-0.0703987
-0.0035593
0.000253854
-0.00924967
0.0489853
0.163533
0.20199
0.0971338
-0.0259814
-0.0457032
-0.0244049
-0.067123
-0.127272
-0.104447
-0.0281933
0.0185135
0.0271271
0.0222171
0.00954325
0.00735625
0.0322671
0.0677218
0.089871
0.0945911
0.0812342
0.0501366
0.0196858
-0.000884004
-0.0348162
-0.0836562
-0.0958157
-0.0292373
0.0817844
0.146986
0.125184
0.0476782
0.00346245
0.0470475
0.106949
0.100031
0.0482379
0.0177926
0.0166419
-0.00277988
-0.0618039
-0.114088
-0.115148
-0.081012
-0.0427198
0.0136302
0.0991459
0.162143
0.155661
0.0921119
0.00544562
-0.0684696
-0.0892899
-0.059694
-0.0397035
-0.0547338
-0.065922
-0.0316295
0.0420396
0.0984265
0.0903933
0.0322583
-0.0103899
0.00663341
0.0547866
0.0928521
0.108083
0.094222
0.033854
-0.0674732
-0.133789
-0.0928245
-0.00318788
0.0297803
0.00596226
-0.00446111
0.0306163
0.0879557
0.111818
0.0631726
0.0034619
0.00104747
0.0147902
-0.0195182
-0.0631496
-0.0544833
-0.00909487
0.0285131
0.0535153
0.0716732
0.0625475
0.0223192
-0.0278575
-0.0687015
-0.078694
-0.0449933
0.0166564
0.0700899
0.0791296
0.0367256
-0.0103158
-0.0127484
0.00896396
0.0114028
-0.0153462
-0.0694283
-0.141638
-0.168355
-0.094204
0.0273022
0.119824
0.156888
0.130447
0.0629017
-0.000286356
-0.0326919
-0.0295942
0.00554582
0.0337658
0.00903595
-0.0339724
-0.0399227
-0.0422065
-0.0741095
-0.0873708
-0.0610262
-0.0469635
-0.0416389
0.00577
0.0716903
0.104423
0.0963226
0.0420854
-0.0531841
-0.124979
-0.126391
-0.0765115
-0.0157005
0.00684924
-0.0208325
-0.0359725
0.0180035
0.0801782
0.0598528
-0.00789346
-0.033708
-0.0188401
0.0036442
0.0387459
0.0783827
0.0859346
0.0458245
-0.0346116
-0.129086
-0.17182
-0.127172
-0.0142014
0.0983933
0.125068
0.0656572
0.0193418
0.0335059
0.0304278
-0.0212546
-0.0412086
-0.00543287
0.0113313
-0.014309
-0.0184171
0.0348922
0.0813455
0.0372523
-0.0702773
-0.114535
-0.0460469
0.0363428
0.0426373
0.0211515
0.0125312
-0.0260669
-0.0791575
-0.0807896
-0.0464064
-0.0142044
0.0397432
0.0989129
0.0700166
-0.0377181
-0.0750319
-0.0239212
0.00728113
-0.00823099
-0.0205985
-0.0117523
0.00945499
0.0390414
0.0539508
0.0412864
0.0408289
0.0739907
0.0780623
0.00108693
-0.0853241
-0.0994575
-0.0781092
-0.0831253
-0.0839229
-0.0443204
-0.00212297
0.00216363
-0.0267178
-0.0717514
-0.0927209
-0.0336211
0.0680511
0.108583
0.0771933
0.0427115
0.0283447
0.0167885
0.0131259
0.0175121
-0.00851774
-0.0857898
-0.176424
-0.204142
-0.133903
-0.0254286
0.037556
0.0332163
0.0136944
0.00852234
0.0270234
0.0885683
0.152406
0.133056
0.00477374
-0.143783
-0.182707
-0.100606
0.00413898
0.0257275
-0.028827
-0.0549988
0.0019292
0.0890311
0.157958
0.197503
0.178645
0.100187
0.0186785
-0.0364186
-0.0937231
-0.153792
-0.173205
-0.150486
-0.106414
-0.0707196
-0.0715364
-0.0770696
-0.0341283
0.0301949
0.0452076
0.011138
-0.0302804
-0.0639185
-0.0869469
-0.106383
-0.131382
-0.137787
-0.0951399
-0.0293616
0.0228203
0.0635031
0.095837
0.102521
0.0780154
0.0276482
-0.0353768
-0.0787266
-0.0974513
-0.098573
-0.0638661
-0.014679
-0.0282438
-0.109095
-0.140344
-0.052657
0.0567977
0.111602
0.119813
0.0796667
0.000105295
-0.0534713
-0.0481729
-0.0333433
-0.0340715
-0.0275701
-0.0216582
-0.0324981
-0.0434451
-0.044151
-0.0340202
-0.00650195
0.0175839
0.0191958
0.0159053
0.0172871
0.00334709
-0.0290464
-0.0586112
-0.0815529
-0.103262
-0.106212
-0.0865084
-0.0665988
-0.0571446
-0.0440809
-0.0146576
0.0268936
0.0570182
0.0552629
0.0363163
0.0286248
0.0264988
0.0134607
-0.000470551
-0.00582514
-0.0155242
-0.0295746
-0.0297536
-0.0189075
-0.0156873
-0.0159157
-0.00434183
0.0155145
0.0161286
-0.0197159
-0.0561528
-0.0469678
-0.00309807
0.0117808
-0.0267156
-0.0737165
-0.0863889
-0.0814952
-0.0755362
-0.041199
0.0222616
0.0623133
0.0591005
0.0626972
0.0919655
0.0738442
-0.0240926
-0.108709
-0.117332
-0.0936331
-0.0826936
-0.0671995
-0.0332166
-0.00405921
0.00980629
0.0301
0.0613767
0.0719844
0.0478167
0.0142665
-0.00320527
0.000835469
0.0174526
0.0256573
0.00423728
-0.0406564
-0.089428
-0.124697
-0.125649
-0.0783681
0.00174788
0.0809993
0.140523
0.157398
0.117608
0.052842
-0.00395113
-0.0717499
-0.161248
-0.20869
-0.156866
-0.0577624
0.00712847
0.0266011
0.0349965
0.0556644
0.0815009
0.0763248
0.0130672
-0.0771908
-0.123265
-0.0919302
-0.0294597
-0.00657162
-0.0391106
-0.0918167
-0.11921
-0.0965897
-0.0174153
0.080532
0.123389
0.0885616
0.0281201
0.000276522
0.00696384
0.00445906
-0.0167324
-0.023607
-0.00574345
0.00674208
-0.00953934
-0.0414724
-0.0604985
-0.0628753
-0.0632472
-0.0575836
-0.0279183
0.0160161
0.0364099
0.0142607
-0.0216266
-0.0378446
-0.0496753
-0.063095
-0.0497786
-0.0217809
-0.0272891
-0.0551734
-0.0430034
0.0105607
0.0391401
0.0349333
0.0304649
0.0237356
0.00678759
-0.00178546
0.00705057
0.00734656
-0.0243469
-0.0638162
-0.0697886
-0.0404413
-0.0102977
-0.00803272
-0.0329158
-0.0595385
-0.0571733
-0.0287219
0.00128257
0.0137195
0.00665998
-0.00350518
-0.0020031
0.00344021
-0.00930796
-0.0391371
-0.0578014
-0.0472536
-0.0242975
-0.0119021
-0.0106911
-0.00963066
-0.00527484
0.00419173
0.0184029
0.0217685
0.00244952
-0.0260337
-0.0421413
-0.0415707
-0.0297684
-0.0132906
-0.000741536
0.00776105
0.0227983
0.0376715
0.0281833
-0.00253304
-0.0194844
-0.011001
-0.00649898
-0.0187868
-0.0303401
-0.0290703
-0.0212086
-0.0177052
-0.0200896
-0.0192309
-0.0107054
-0.00267445
-0.00292469
-0.0121407
-0.0248631
-0.029094
-0.0196342
-0.0127866
-0.0234985
-0.0344567
-0.0262072
-0.0110971
-0.0105035
-0.0170616
-0.0127393
-0.000162265
0.0077706
0.011751
0.0168229
0.0186406
0.0118969
-0.00282061
-0.0200647
-0.031672
-0.0325114
-0.0252131
-0.0178605
-0.0141435
-0.0133027
-0.0140863
-0.0137937
-0.00694956
0.00573429
0.0145733
0.0153197
0.00983021
0.00176362
-0.00530942
-0.0121003
-0.021679
-0.0309673
-0.0315317
-0.0254862
-0.0239313
-0.0255802
-0.0181021
-0.00260563
0.00690082
0.00654515
0.00498848
0.00113739
-0.011963
-0.0261753
-0.0278302
-0.0200588
-0.0177479
-0.0214694
-0.0178614
-0.00666287
-0.00219877
-0.00674926
-0.00891752
-0.00427725
-0.00103699
-0.00505482
-0.0118529
-0.0142232
-0.0110111
-0.00732442
-0.00710153
-0.00776063
-0.00629762
-0.00481221
-0.00533994
-0.00663582
-0.0089937
-0.0126206
-0.0141461
-0.0117801
-0.00808046
-0.00526671
-0.00439507
-0.00713663
-0.011566
-0.0130726
-0.0123784
-0.0113533
-0.00757103
-0.00209301
-0.00145666
-0.00643965
-0.00838025
-0.0036654
-0.000176264
-0.00268645
-0.00644975
-0.00838243
-0.00967114
-0.0101312
-0.00875851
-0.00585855
-0.00276488
-0.00204932
-0.00480021
-0.00720568
-0.0054796
-0.00293151
-0.00422717
-0.00849444
-0.0123037
-0.0132697
-0.00967974
-0.00349253
-0.000432189
-0.00220812
-0.00479728
-0.00517755
-0.00487157
-0.00608386
-0.00776328
-0.00739086
-0.00530105
-0.00453028
-0.00561449
-0.00507103
-0.00265093
-0.00248036
-0.00515393
-0.00780608
-0.00859602
-0.00725832
-0.00526398
-0.00480866
-0.00576964
-0.00560312
-0.00350231
-0.00150753
-0.00168933
-0.0035476
-0.0050624
-0.00539467
-0.00547002
-0.00610497
-0.00669916
-0.00607533
-0.00406781
-0.00194409
-0.001403
-0.00232214
-0.0023558
-0.00153132
-0.00259507
-0.00500124
-0.00540681
-0.00359541
-0.00255162
-0.00349113
-0.0046808
-0.00447025
-0.00342304
-0.00253203
-0.00194081
-0.00151934
-0.00146293
-0.00194045
-0.00273068
-0.00337242
-0.00352404
-0.00318875
-0.00258535
-0.00230366
-0.00283765
-0.00362129
-0.00353335
-0.00272314
-0.00219824
-0.00195126
-0.00139503
-0.000649446
-0.000122822
0.000189214
0.000109484
-0.000817221
-0.00203388
-0.00246113
-0.00209671
-0.00179202
-0.00187493
-0.00179741
-0.00121544
-0.000770137
-0.000995312
-0.00115214
-0.000611851
0.000151972
0.000460597
0.000308269
-1.81684e-05
-0.00042096
-0.000806087
-0.000847589
-0.000416545
0.000142661
0.000452285
0.000458224
0.000383516
0.000578886
0.00102857
0.00118608
0.000809744
0.00028762
0.000147108
0.000571789
0.00119993
0.00153158
0.00135606
0.000975225
0.000927908
0.00122175
0.00143564
0.00130488
0.000942511
0.000697246
0.000903075
0.00154435
0.00218329
0.0024187
0.00225607
0.00193823
0.00174407
0.00178882
0.00188655
0.00187817
0.00187517
0.00199678
0.00218564
0.00232921
0.00234671
0.00225868
0.00220251
0.0023482
0.00266815
0.00290553
0.00296214
0.00293083
0.0029052
0.00291571
0.00296089
0.00301267
0.00304811
0.0030897
0.00315839
0.0032321
0.00328992
0.00334462
0.00341642
0.00350518
0.00359767
0.00367721
0.00373733
0.00377909
0.00381144
0.00384984
0.00390288
0.00396458
0.00402219
0.00407051
0.00411887
0.00417666
0.00424597
0.00431925
0.00438593
0.00444414
0.00450281
0.00456493
0.0046212
0.0046698
0.00472279
0.00478524
0.00484877
0.00490619
0.00496016
0.00501482
0.00507127
0.00512943
0.00518799
0.00524366
0.00529625
0.00535035
0.00540862
0.00546775
0.00552328
0.00557554
0.00562801
0.00568231
0.00573752
0.0057926
0.00584746
0.00590222
0.00595705
0.0060117
0.00606576
0.0061192
0.00617223
0.00622486
0.00627733
0.00633004
0.00638286
0.00643532
0.00648747
0.0065396
0.00659162
0.00664324
0.00669435
0.00674511
0.00679575
0.0068464
0.00689694
0.00694719
0.00699715
0.00704689
0.00709645
0.00714579
0.00719486
0.00724369
0.00729229
0.00734066
0.00738879
0.00743665
0.00748426
0.00753163
0.00757877
0.00762566
0.0076723
0.00771868
0.00776481
0.00781069
0.00785631
0.00790167
0.00794676
0.00799159
0.00803616
0.00808045
0.00812448
0.00816823
0.0082117
0.00825491
0.00829783
0.00834047
0.00838283
0.00842491
0.0084667
0.0085082
0.00854942
0.00859034
0.00863096
0.0086713
0.00871133
0.00875107
