0.000652178
0.00065264
0.000653228
0.000654393
0.000654603
0.000640099
0.000569857
0.000431827
0.000222809
-0.000147829
-0.00048324
-0.000773797
-0.00122298
-0.00154973
-0.00178609
-0.00249376
-0.00322493
-0.00364768
-0.00402535
-0.00398022
-0.00472889
-0.0051761
-0.00515458
-0.00523032
-0.00318795
0.000397477
0.00125594
-0.000354602
-0.00174919
-0.00354281
-0.00730438
-0.0126847
-0.0191421
-0.025708
-0.0260487
-0.0205593
-0.0171443
0.00564919
0.0267784
0.0417055
0.0437295
0.0327558
0.0113093
-0.0120369
-0.027269
-0.0640689
-0.0572667
-0.0212982
-0.0268795
0.0049416
0.0490262
0.0571469
0.0590836
0.0526266
0.0320127
0.00785406
-0.0121023
-0.0354667
-0.0437334
-0.0283447
-0.0207491
-0.00606777
0.00763458
0.0403543
0.0783443
0.0963036
0.126625
0.157062
0.153846
0.142241
0.134144
0.118774
0.10374
0.0569294
0.0149296
-0.035036
-0.0748222
-0.111049
-0.147773
-0.165177
-0.173498
-0.186822
-0.193871
-0.19915
-0.212592
-0.225553
-0.229235
-0.219702
-0.190398
-0.150237
-0.103128
-0.0786696
-0.0400888
0.00527336
0.0363063
0.0621008
0.104587
0.143081
0.175471
0.21315
0.248405
0.258865
0.227096
0.210876
0.196356
0.126773
0.0695992
0.0370563
-0.0194938
-0.0763556
-0.103814
-0.108427
-0.132482
-0.155462
-0.17112
-0.194427
-0.215416
-0.230451
-0.23132
-0.222628
-0.206023
-0.149967
-0.0963639
-0.0547079
0.0129846
0.0769374
0.125684
0.170533
0.198596
0.214339
0.244521
0.254475
0.247807
0.242186
0.23372
0.216341
0.161178
0.108834
0.0834351
0.0503687
0.0363894
0.0201605
-0.0211486
-0.0416819
-0.0553937
-0.0853621
-0.117175
-0.127162
-0.112348
-0.104928
-0.0783852
-0.0534401
-0.035472
-0.00766504
0.00651753
0.0155937
0.0312173
0.0457486
0.0712201
0.102794
0.124855
0.149071
0.159964
0.159224
0.165478
0.159848
0.146261
0.139811
0.101242
0.0661485
0.0534237
0.022774
-0.0090907
-0.0352504
-0.0641555
-0.0920493
-0.119934
-0.150052
-0.166183
-0.175427
-0.20366
-0.227347
-0.22436
-0.223898
-0.221398
-0.207189
-0.193375
-0.160317
-0.109068
-0.0586765
-0.0208781
0.0314197
0.0701511
0.0576304
0.045305
0.0436963
0.0298293
-0.00134452
-0.0417173
-0.0573039
-0.0714209
-0.0904375
-0.074669
-0.0608203
-0.05903
-0.0434646
-0.0210512
-0.00970831
0.00709502
0.0268178
0.050348
0.0820258
0.110349
0.109695
0.0966086
0.0897953
0.0604255
0.0309034
0.0168211
-0.0106676
-0.0363095
-0.0459098
-0.0496971
-0.058475
-0.0718988
-0.0778971
-0.0840777
-0.0839757
-0.0736763
-0.0710196
-0.0572848
-0.0392478
-0.0193996
0.000316744
0.0340134
0.0713401
0.0981795
0.139753
0.167808
0.157674
0.174491
0.187816
0.181346
0.155389
0.148183
0.111455
0.076315
0.0551518
0.00545359
-0.024069
-0.0222322
-0.0102666
0.00593228
0.0132646
0.0489888
0.0847709
0.103416
0.13634
0.159792
0.164671
0.17488
0.195894
0.188763
0.14375
0.0927549
0.0382411
6.94753e-05
-0.0326407
-0.0587258
-0.053102
-0.0736383
-0.0816001
-0.0833829
-0.0866396
-0.0808746
-0.0755381
-0.0700595
-0.0585006
-0.044958
-0.0327875
-0.0351222
-0.036504
-0.0226639
-0.0114397
0.00340272
0.0274463
0.0381073
0.0242203
0.042719
0.0423108
0.0363173
0.0429415
0.0407446
0.0350909
0.0250833
-0.00126567
-0.0232148
-0.0302383
-0.0626265
-0.0879577
-0.112471
-0.134333
-0.142746
-0.154124
-0.161515
-0.151522
-0.144759
-0.146899
-0.138931
-0.130099
-0.124122
-0.112228
-0.0929187
-0.0656535
-0.0457435
-0.0271816
-0.00357283
0.0132053
-0.00219724
-0.00685943
-0.00506282
-0.0108101
-0.0107398
-0.00598751
0.00687087
0.0114108
0.0154642
0.024976
0.0328667
0.0381834
0.0424888
0.0431721
0.0300112
0.00816157
0.00469078
-0.0109184
-0.0227623
-0.010588
-0.0171397
-0.025786
-0.0308994
-0.0428507
-0.0559438
-0.0641742
-0.0676226
-0.0604004
-0.0603715
-0.0696742
-0.0740412
-0.0698191
-0.0461026
-0.0317662
0.00833401
0.0413893
0.0639625
0.099165
0.133356
0.162138
0.167696
0.162256
0.136397
0.116788
0.08981
0.0613118
0.0202901
-0.0199364
-0.0561715
-0.104301
-0.139199
-0.13209
-0.125774
-0.122223
-0.116674
-0.111743
-0.107374
-0.122511
-0.142188
-0.141217
-0.148822
-0.150137
-0.140905
-0.133432
-0.112166
-0.0716817
-0.0548467
-0.0292691
0.00483603
0.0302942
0.0463036
0.0483511
0.0547102
0.0629803
0.0718079
0.099859
0.121361
0.129585
0.149379
0.169033
0.1661
0.148963
0.140408
0.121271
0.0737041
0.0739269
0.0856274
0.0602969
0.0420368
0.0337907
0.0202659
0.00709925
-0.00477955
-0.018429
-0.0365649
-0.0588108
-0.0671528
-0.0678145
-0.0604692
-0.0336417
-0.0146619
0.0164362
0.0510697
0.0775659
0.110903
0.154109
0.164162
0.166631
0.178964
0.165475
0.149719
0.137265
0.116766
0.109802
0.113036
0.103416
0.0902019
0.0832028
0.0544137
0.0291421
0.0119392
-0.0106313
-0.0365814
-0.017615
0.00881054
-0.00698654
-0.00312454
0.0106737
-0.00261937
-0.0129159
-0.0194266
-0.0379227
-0.0474294
-0.0490302
-0.027795
-0.00742737
0.00686108
0.0279099
0.0460283
0.0504956
0.0418825
0.0389245
0.0477709
0.0554033
0.0750696
0.0872486
0.10055
0.108406
0.0994237
0.0844924
0.0859467
0.0856679
0.0909566
0.106962
0.112381
0.11548
0.11907
0.111589
0.107511
0.101219
0.0920808
0.0761584
0.0653152
0.0463809
0.0130577
-0.0212612
-0.0452405
-0.0778748
-0.123217
-0.133533
-0.119599
-0.133351
-0.12526
-0.102353
-0.080111
-0.0639461
-0.0455109
-0.0209405
0.0073395
0.0437738
0.0695543
0.0945862
0.0934934
0.0757031
0.0653357
0.0430999
0.0111854
-0.00413886
-0.00315347
-0.000551023
0.00105272
-0.00629348
-0.0114223
-0.0220685
-0.0255162
-0.0341022
-0.0422056
-0.044899
-0.0424527
-0.0470983
-0.0572135
-0.0865628
-0.124859
-0.136841
-0.156986
-0.163834
-0.155413
-0.150195
-0.130561
-0.116578
-0.110123
-0.107818
-0.0962321
-0.0861405
-0.0706687
-0.0497665
-0.0337731
-0.0174682
0.0001546
0.018569
0.0366535
0.0545007
0.0676231
0.0724859
0.0644866
0.0537668
0.0572535
0.0301631
0.000558742
-0.00576388
-0.0252277
-0.0340586
-0.0335097
-0.0322814
-0.022985
-0.0186939
-0.0137322
-0.00610297
0.00197014
0.00858353
0.00429836
0.00527398
0.00675957
-0.00279833
-0.0119334
-0.017957
-0.0208084
-0.000557655
0.0301871
0.051192
0.0682464
0.0864476
0.0797277
0.0449116
0.0119944
-0.000199965
-0.0229334
-0.0481836
-0.0368509
-0.0239285
-0.0142036
0.0203739
0.0311545
0.0118685
0.000157266
-0.0288454
-0.0732579
-0.100666
-0.112174
-0.111023
-0.0901615
-0.0877973
-0.0760435
-0.0553044
-0.0693137
-0.0750829
-0.082886
-0.105729
-0.130695
-0.157882
-0.177397
-0.192415
-0.194085
-0.181074
-0.160301
-0.101894
-0.0573116
-0.0324122
0.0155229
0.064546
0.103846
0.0935827
0.0911567
0.0890605
0.0684233
0.0566362
0.0467565
0.0450452
0.055428
0.0609639
0.0618167
0.0621748
0.0381127
0.0112458
-0.0234119
-0.0704304
-0.0971679
-0.134132
-0.152937
-0.135369
-0.111843
-0.0895157
-0.0597453
-0.013721
0.0140893
0.0472717
0.0509154
0.0351271
0.0376633
0.0180633
-0.00709286
-0.0194188
-0.039774
-0.059068
-0.0637549
-0.0615509
-0.0590321
-0.0516038
-0.0502091
-0.0452309
-0.0378582
-0.0318254
-0.0176214
0.00093144
0.00674128
0.00368357
-0.00234443
-0.00547727
-0.00803039
-0.013096
-0.0236306
-0.0463277
-0.066554
-0.089213
-0.11291
-0.126461
-0.11886
-0.112686
-0.0967812
-0.0856466
-0.0796057
-0.0634466
-0.0488435
-0.036298
-0.0231635
-0.017074
-0.0362037
-0.0638149
-0.0615439
-0.073589
-0.0905574
-0.0748654
-0.0465128
-0.0279835
0.000226796
0.0281328
0.0771898
0.112548
0.141728
0.155915
0.157583
0.140463
0.101835
0.0534777
0.0324677
-0.00850264
-0.0629952
-0.0744644
-0.0642321
-0.0729158
-0.0526989
-0.0237857
-0.000748971
0.0462154
0.0798064
0.117101
0.157028
0.169638
0.193296
0.215444
0.209605
0.218818
0.224837
0.22309
0.217944
0.202057
0.178074
0.165422
0.150401
0.130537
0.112259
0.0977453
0.0834071
0.0651994
0.0494204
0.0342136
0.0183315
0.00891346
0.00852355
0.0205984
0.0279389
0.0311368
0.0403089
0.0492574
0.0593308
0.0721158
0.0859166
0.103135
0.111212
0.122986
0.131338
0.121423
0.111255
0.1183
0.113299
0.107823
0.107404
0.101655
0.0888536
0.0837884
0.0863512
0.0843825
0.0972947
0.110224
0.113571
0.12658
0.136907
0.137453
0.142253
0.13549
0.111209
0.0922445
0.0613883
0.0394225
0.0217192
0.0216775
0.0323625
0.0362449
0.0288339
0.0327438
0.0355119
0.00705908
-0.00351959
-0.00548031
-0.0217299
-0.0392076
-0.0643253
-0.0926137
-0.129489
-0.16512
-0.196282
-0.228206
-0.223592
-0.199322
-0.186384
-0.154549
-0.136282
-0.114864
-0.103048
-0.106027
-0.102986
-0.096468
-0.0921369
-0.0834815
-0.0700087
-0.0613166
-0.0557488
-0.0443679
-0.0351704
-0.0330845
-0.0344353
-0.0270846
-0.0225502
-0.0146821
-0.00492159
-0.00461623
-0.00538542
-0.00777921
-0.00643893
0.00161896
0.00836033
0.00880413
0.0137405
0.0203922
0.0313994
0.0403572
0.0496454
0.0594138
0.0723961
0.0782161
0.0740806
0.0824401
0.0834605
0.0750057
0.0640539
0.0505142
0.0326129
0.0134472
-0.000888484
-0.0190533
-0.0275468
-0.0133078
0.00254203
0.0101629
0.033865
0.0591618
0.0694335
0.0625755
0.0660648
0.0574535
0.0316832
-0.00260334
-0.0345372
-0.0590339
-0.0911459
-0.131521
-0.146759
-0.125812
-0.134747
-0.142638
-0.137851
-0.136019
-0.134844
-0.131728
-0.129362
-0.12672
-0.124035
-0.127307
-0.139354
-0.153656
-0.169188
-0.184882
-0.198126
-0.202577
-0.191549
-0.177874
-0.153908
-0.123666
-0.0997302
-0.0762607
-0.0488104
-0.0521655
-0.0614537
-0.0698079
-0.0685195
-0.0720251
-0.0830146
-0.0896899
-0.0991614
-0.110588
-0.124224
-0.156742
-0.179512
-0.20274
-0.227602
-0.246993
-0.254399
-0.255205
-0.247191
-0.225199
-0.20065
-0.178386
-0.150048
-0.122957
-0.0902022
-0.0603497
-0.0314979
-0.000395728
0.0301861
0.0312684
0.0167757
0.0170675
0.0103969
-0.00565905
-0.0169067
-0.0156838
-0.00733362
0.000850524
0.0169318
0.0318575
0.0519312
0.0691337
0.0711214
0.0747469
0.0827459
0.0662058
0.0561231
0.0487271
0.0288438
0.0133186
-0.00189904
-0.000712916
-0.00475296
-0.0158533
-0.0284614
-0.0389141
-0.0497687
-0.052054
-0.0405073
-0.0257149
-0.0139271
-0.00470893
0.021283
0.0456024
0.0599868
0.0822122
0.104754
0.124237
0.145287
0.158646
0.167086
0.186768
0.202197
0.22418
0.248504
0.254773
0.257372
0.26417
0.259814
0.24743
0.23803
0.214252
0.189188
0.15219
0.0995998
0.0403764
0.00472014
-0.0145902
-0.0198404
-0.0436315
-0.0480505
-0.0480353
-0.044498
-0.0385829
-0.0392289
-0.0339218
-0.0212239
-0.0109344
0.00258493
0.026089
0.0667886
0.086243
0.108438
0.137821
0.139548
0.125726
0.123896
0.107908
0.0728722
0.0595318
0.0250022
-0.0531531
-0.0824231
-0.0740737
-0.0975923
-0.0826463
-0.0727238
-0.0652011
-0.0342248
-0.0236702
-0.0133804
-0.00965511
-0.0148845
-0.00632406
-0.00078035
0.00897515
0.034986
0.0573551
0.0695837
0.0894828
0.111905
0.131367
0.15177
0.170956
0.178999
0.182759
0.173952
0.155365
0.143448
0.119042
0.0875409
0.0699077
0.0645312
0.0706225
0.0760053
0.070463
0.0723607
0.0734505
0.0613221
0.0603431
0.060456
0.0566029
0.068366
0.0933749
0.0979202
0.106822
0.12268
0.121263
0.103979
0.0858841
0.078429
0.0423103
0.0030815
-0.0134269
-0.0448352
-0.0695624
-0.0838529
-0.114265
-0.134711
-0.132883
-0.133252
-0.144443
-0.152132
-0.161349
-0.180716
-0.195598
-0.204813
-0.21945
-0.220503
-0.206656
-0.203971
-0.175868
-0.145108
-0.137029
-0.113046
-0.100007
-0.108124
-0.102847
-0.0918745
-0.0896824
-0.0761172
-0.0426915
-0.00818378
0.00723882
0.0427202
0.0746983
0.0974035
0.0981762
0.0904953
0.0802158
0.0831466
0.0759355
0.0537274
0.0451339
0.0333181
0.0161989
0.000787716
0.00129715
0.0129753
0.0105089
0.00813822
0.0141728
0.00872058
-0.0204604
-0.0299802
-0.0372135
-0.0546545
-0.0640118
-0.0680882
-0.075585
-0.0680743
-0.0615905
-0.0606087
-0.045194
-0.0345679
-0.0332211
-0.0314335
-0.0338135
-0.050985
-0.0572395
-0.0606491
-0.0714202
-0.0722702
-0.0590068
-0.0525005
-0.0544046
-0.046953
-0.0393958
-0.0354406
-0.0367842
-0.0343186
-0.0375317
-0.0419748
-0.0378014
-0.0379981
-0.0303586
-0.022028
-0.0206182
-0.0143427
-0.012304
-0.0185498
-0.0242966
-0.0386623
-0.0563868
-0.0600255
-0.0568899
-0.0469969
-0.05407
-0.0574854
-0.0546236
-0.0734652
-0.0786269
-0.079129
-0.0873443
-0.0875193
-0.0852091
-0.0819413
-0.0773737
-0.0723745
-0.0692146
-0.0664399
-0.0701015
-0.0692707
-0.0636249
-0.0461365
-0.0325646
-0.0183512
0.00706025
0.0209848
0.0261765
0.0187366
0.00733891
0.00463451
0.000795758
-0.00888733
-0.0175321
-0.0283036
-0.0404963
-0.049429
-0.0644411
-0.0787404
-0.0878962
-0.0996336
-0.106192
-0.0911002
-0.0735479
-0.0511297
-0.0375819
-0.0234757
-0.0155786
-0.00627456
-0.00202684
-0.0034968
0.00549323
0.00874912
0.0112368
0.0202459
0.0264746
0.0362957
0.0561324
0.0667544
0.0702254
0.079256
0.0670363
0.0309473
0.0262682
0.0133268
-0.00675125
-0.00395062
0.0117773
0.013807
0.0201802
0.0344432
0.0585183
0.0725978
0.0824862
0.0834557
0.0838969
0.0795932
0.0773131
0.0802734
0.0769897
0.08581
0.0950833
0.0982323
0.104493
0.121881
0.129888
0.120352
0.107732
0.0980904
0.0925058
0.0734307
0.0521946
0.0412362
0.0244237
0.0140426
0.0116255
0.0140691
0.0260376
0.0298246
0.0383584
0.0611581
0.0777156
0.08196
0.0815788
0.0878219
0.0740152
0.0588386
0.0483882
0.0349198
0.024976
0.0207537
0.0223606
0.0443189
0.0660227
0.0764363
0.091465
0.109251
0.106104
0.109776
0.107998
0.0822862
0.0814634
0.075208
0.0589975
0.0542256
0.049848
0.0431989
0.0461348
0.0428769
0.0508471
0.0549373
0.0505897
0.0491139
0.0417274
0.0395914
0.0384241
0.0430408
0.0539664
0.0660072
0.0720837
0.0754473
0.0768337
0.0670714
0.0513501
0.0479774
0.0383902
0.0118406
-0.0019091
-0.0158083
-0.0396098
-0.0585641
-0.0776912
-0.0939555
-0.101012
-0.102942
-0.105156
-0.101128
-0.0922136
-0.0909811
-0.0865056
-0.0787298
-0.0756266
-0.0763273
-0.0751152
-0.0663332
-0.0562618
-0.0323414
-0.0175525
-0.00869571
0.0053635
0.0049047
-0.00633992
-0.014979
-0.0128677
-0.0327764
-0.0537801
-0.0636181
-0.0843462
-0.101973
-0.101776
-0.100158
-0.107024
-0.0881353
-0.0669832
-0.0512749
-0.0250764
-0.0125976
-0.0154826
-0.00413876
0.0044046
0.00814745
0.0154673
0.0232156
0.0292967
0.0365997
0.0425671
0.0431126
0.0266678
0.0137675
0.00446516
-0.0196626
-0.0325287
-0.033868
-0.0350119
-0.0107281
-0.00396561
-0.00324197
0.0130121
0.013971
0.000650404
0.000298301
-0.00551995
-0.0077054
-0.00184797
0.00108094
0.00903347
0.0199705
0.0324448
0.0449214
0.0469588
0.0478593
0.0560165
0.0579471
0.0569602
0.0608076
0.0625682
0.0598275
0.0538377
0.0435751
0.0155086
-0.0015827
-0.00948128
-0.0315348
-0.0517695
-0.07001
-0.0608299
-0.0605512
-0.06056
-0.0550123
-0.0587997
-0.0600708
-0.0640039
-0.0698693
-0.0746304
-0.077714
-0.0774608
-0.07681
-0.0706449
-0.0565495
-0.0407806
-0.0356796
-0.031146
-0.0326198
-0.0483061
-0.0573758
-0.0594839
-0.0645077
-0.0642277
-0.0548877
-0.040116
-0.0315017
-0.0316715
-0.032345
-0.0424319
-0.0472687
-0.0532918
-0.060876
-0.0650628
-0.0626693
-0.045277
-0.0296088
-0.00777994
0.0132356
0.0300571
0.0502909
0.0558488
0.0672916
0.0775826
0.0862301
0.0965797
0.104794
0.112851
0.120635
0.117919
0.109268
0.113834
0.113185
0.108949
0.107392
0.103044
0.0982443
0.0884091
0.0750025
0.0641747
0.0464948
0.0198131
0.00188273
-0.0096951
-0.00709616
0.000730507
0.0130356
0.022153
0.0429887
0.0558284
0.0578906
0.0722362
0.0794599
0.0822956
0.0867328
0.0849172
0.0807274
0.084231
0.0830083
0.083595
0.0868426
0.0857518
0.0858245
0.0788208
0.0662694
0.0508442
0.0263498
0.0125137
0.0046919
-0.00959711
-0.0120947
-0.01028
-0.00774946
0.000211447
0.00658021
0.0148433
0.0218266
0.0275352
0.0203897
0.0042306
0.00610807
0.0021257
-0.00764904
-0.00619919
0.0132743
0.0162961
0.0168153
0.023384
0.0257829
0.0287542
0.0312862
0.0302791
0.0262605
0.0212724
0.0174378
0.0114564
0.00820943
0.0104
0.00675967
0.00272703
0.000741279
-0.0103142
-0.00688538
0.00923812
0.0194812
0.0379247
0.0501623
0.0613726
0.0670072
0.0680213
0.0647324
0.0577685
0.0556523
0.0460722
0.0276254
0.0204145
0.00821391
0.00861067
0.0113727
-0.000948083
-0.00460086
-0.0133429
-0.0305963
-0.0466517
-0.061966
-0.0758249
-0.0916167
-0.101027
-0.100788
-0.106329
-0.109082
-0.104108
-0.0997488
-0.0920048
-0.0837349
-0.0788172
-0.0708101
-0.0621747
-0.0516948
-0.0404149
-0.01885
-0.00364518
0.0112942
0.0293527
0.0463124
0.0620595
0.0690736
0.0696877
0.0629769
0.0499027
0.0378755
0.00859627
-0.0205508
-0.0293418
-0.0412629
-0.0562295
-0.0608654
-0.0505225
-0.0431653
-0.0426651
-0.0416353
-0.0353709
-0.0281853
-0.0210416
-0.00798513
0.0132616
0.0419755
0.054929
0.071745
0.0967914
0.116559
0.136275
0.154559
0.158199
0.169567
0.177444
0.171348
0.16032
0.156268
0.146915
0.130206
0.121063
0.109684
0.0967933
0.09042
0.0887163
0.0758128
0.0539762
0.0458966
0.0165981
-0.0298736
-0.045177
-0.0724618
-0.108003
-0.127759
-0.137994
-0.144327
-0.14407
-0.138503
-0.126218
-0.115082
-0.100997
-0.0889997
-0.0857854
-0.0868381
-0.08962
-0.088551
-0.0882549
-0.0906789
-0.0780666
-0.0638113
-0.050078
-0.0357173
-0.0253864
-0.0203798
-0.0200541
-0.0302504
-0.0389173
-0.0396501
-0.0468999
-0.0568703
-0.0651635
-0.0637969
-0.0682775
-0.0733825
-0.0701459
-0.0639998
-0.0627278
-0.0586812
-0.0541804
-0.0501402
-0.041559
-0.0341021
-0.028947
-0.017774
-0.00831606
-0.00132516
0.0088161
0.0196863
0.0286829
0.0376124
0.0435557
0.0458232
0.0462059
0.0467926
0.048238
0.0494609
0.0531002
0.0610564
0.0656767
0.071132
0.073995
0.0733249
0.066043
0.0576864
0.0557761
0.0509579
0.0486099
0.0563237
0.0666643
0.0641712
0.0688381
0.073983
0.0712969
0.0698178
0.0694236
0.0695836
0.068867
0.0741179
0.0768944
0.0764945
0.079659
0.082522
0.0841552
0.0854503
0.0836463
0.0826231
0.0840112
0.0832043
0.0823199
0.0810622
0.0737577
0.0628575
0.0505169
0.0385817
0.0277555
0.0169015
0.0119462
0.0097355
0.0126116
0.022848
0.0340914
0.045658
0.0586385
0.0704345
0.0781901
0.0839483
0.087075
0.0811252
0.0782844
0.0750723
0.0658725
0.062617
0.0635345
0.0612056
0.0559232
0.054193
0.0499802
0.0434163
0.0329858
0.0237207
0.0167675
0.00742586
-0.00206119
-0.0110382
-0.0190782
-0.026459
-0.0354501
-0.0437539
-0.0513652
-0.0566379
-0.0611281
-0.0600624
-0.0591443
-0.0521202
-0.0507463
-0.0453309
-0.0257966
-0.0160981
-0.00283077
0.0118449
0.0244828
0.038997
0.0534105
0.0648951
0.0744797
0.0876169
0.0925907
0.0965044
0.10535
0.10604
0.0962707
0.085015
0.0718746
0.0631199
0.0526462
0.0389937
0.0273612
0.015524
0.00302178
-0.0084392
-0.017357
-0.0286166
-0.0401359
-0.0467993
-0.0493625
-0.0470832
-0.0358896
-0.0299386
-0.0222299
-0.00341417
0.0114129
0.0216578
0.0374554
0.0526724
0.0593297
0.0587937
0.0610319
0.0443975
0.0202904
0.0134174
0.000216593
-0.0192082
-0.0310259
-0.0354245
-0.0400674
-0.0484725
-0.0510636
-0.0556733
-0.0643959
-0.0754366
-0.0859755
-0.100376
-0.116238
-0.127437
-0.140594
-0.148662
-0.156378
-0.161577
-0.168468
-0.169248
-0.171642
-0.166463
-0.165779
-0.166927
-0.16367
-0.161839
-0.160522
-0.162419
-0.168362
-0.167807
-0.168495
-0.171257
-0.173188
-0.169749
-0.161625
-0.161404
-0.157185
-0.151545
-0.147947
-0.14321
-0.137582
-0.1324
-0.127726
-0.12254
-0.11764
-0.115081
-0.112078
-0.115603
-0.118384
-0.115693
-0.117516
-0.12021
-0.121206
-0.122658
-0.124459
-0.126312
-0.128304
-0.129949
-0.1295
-0.126978
-0.121429
-0.112381
-0.0999147
-0.0864993
-0.0786863
-0.0669158
-0.0603008
-0.0545252
-0.0489243
-0.0459614
-0.0430858
-0.0357991
-0.0256412
-0.0142326
0.00623905
0.018699
0.0312475
0.0436567
0.0470265
0.0480753
0.0292718
0.0215335
0.0174934
-0.00552143
-0.019059
-0.0302811
-0.0425028
-0.0412811
-0.0306452
-0.036917
-0.0425868
-0.0382375
-0.0428611
-0.0533738
-0.0632125
-0.0697067
-0.077086
-0.0869976
-0.0939651
-0.0961436
-0.093627
-0.0902219
-0.0681561
-0.0440706
-0.039527
-0.0216865
-0.00108965
0.0106836
0.0187269
0.0347376
0.0487669
0.0598114
0.0731045
0.090849
0.106854
0.119982
0.135929
0.150973
0.155682
0.161262
0.162245
0.163949
0.164605
0.162147
0.158802
0.154065
0.145273
0.141793
0.13459
0.123795
0.117537
0.110117
0.0995601
0.0891073
0.0808847
0.071622
0.0644122
0.0570714
0.0508237
0.0541417
0.0495076
0.0471728
0.0502444
0.0565037
0.0572888
0.0535757
0.0545493
0.0445855
0.0371213
0.0266472
0.0180445
0.0103574
0.00898786
0.0101994
0.0152512
0.0229839
0.030427
0.0417729
0.0502118
0.0584378
0.063498
0.0667948
0.0672795
0.0650661
0.0640847
0.0651918
0.0710887
0.0894287
0.0925135
0.0971289
0.103019
0.0941288
0.0816057
0.0661676
0.0521702
0.0341348
0.0172247
0.000318037
-0.0146609
-0.0177089
-0.0198308
-0.0194716
-0.0169659
-0.0201222
-0.0188183
-0.0162502
-0.0164685
-0.0229712
-0.0259157
-0.0286564
-0.0360547
-0.0395833
-0.044192
-0.0500154
-0.0548868
-0.0599269
-0.0651678
-0.0702352
-0.0753421
-0.0804816
-0.08559
-0.0907059
-0.0958329
-0.102525
-0.113443
-0.11869
-0.123587
-0.127132
-0.121038
-0.113417
-0.110191
-0.105001
-0.0930424
-0.0798205
-0.073118
-0.0626049
-0.0510415
-0.0419727
-0.0368326
-0.0319644
-0.0297961
-0.0306884
-0.0300847
-0.0275366
-0.0278537
-0.0255284
-0.021965
-0.02173
-0.0200543
-0.0233218
-0.0271799
-0.0265922
-0.0353087
-0.0407904
-0.0431334
-0.0492862
-0.053261
-0.0533464
-0.0499369
-0.0475232
-0.0459982
-0.0440634
-0.0409744
-0.0381481
-0.0354509
-0.0332897
-0.0330623
-0.0309178
-0.0293422
-0.0325798
-0.032842
-0.0318784
-0.0330485
-0.0298304
-0.026391
-0.0268848
-0.0269524
-0.0324549
-0.0328715
-0.0328109
-0.0352645
-0.0284471
-0.0232048
-0.0174191
-0.00665395
-0.00300745
-0.00480359
-0.0156483
-0.0190599
-0.022713
-0.0282425
-0.0275562
-0.0272687
-0.0220042
-0.012376
-0.00262559
0.0119618
0.0223198
0.0314663
0.0344559
0.0342344
0.0335388
0.0320675
0.0312242
0.0300063
0.0268873
0.0240289
0.022903
0.0312881
0.0381678
0.0449647
0.0521947
0.0585998
0.0653851
0.0640239
0.0679814
0.0631825
0.0565053
0.0567289
0.0522472
0.0478858
0.0477649
0.0459779
0.0502083
0.0534099
0.0584869
0.0622589
0.0594554
0.0573517
0.0522116
0.0403182
0.0288193
0.0235161
0.0172426
0.0143755
0.0128069
0.0155646
0.0202792
0.0252375
0.0316958
0.0356692
0.0365986
0.039323
0.0446121
0.0471252
0.048871
0.0517307
0.0543405
0.0542496
0.0549438
0.0564707
0.0518238
0.0494127
0.0473772
0.043883
0.0378835
0.0330141
0.0255189
0.0182187
0.0175284
0.0160818
0.00916615
0.00531331
-0.00272103
-0.0097898
-0.0191038
-0.039301
-0.0482361
-0.0581945
-0.0736376
-0.0839747
-0.0910805
-0.0872616
-0.0847351
-0.0779044
-0.0751238
-0.0726226
-0.0688926
-0.0676033
-0.062929
-0.0594742
-0.0552612
-0.0509846
-0.0477637
-0.0437103
-0.0396796
-0.0358279
-0.0314205
-0.0245586
-0.0141394
-0.00859071
-0.00226686
0.00717365
0.0150663
0.0119451
0.0131371
0.0126016
0.0102041
0.0104859
0.0088498
0.0098293
0.022698
0.0311537
0.0307224
0.0392903
0.0464475
0.0508358
0.0548427
0.0588739
0.0643725
0.067591
0.0628746
0.0568161
0.0598388
0.0542703
0.0467415
0.0471206
0.0473905
0.0534334
0.0592621
0.0588876
0.0635179
0.0669073
0.0674618
0.0653961
0.0648421
0.0664073
0.0653289
0.0653793
0.0720811
0.0747307
0.078473
0.0866164
0.0918536
0.0967199
0.103192
0.10502
0.0984715
0.0902414
0.0899287
0.0772196
0.0534267
0.0460863
0.0341834
0.0167706
0.00318005
-0.00962878
-0.0226599
-0.0367697
-0.0496868
-0.0581098
-0.0687357
-0.0799233
-0.0881594
-0.0890435
-0.0914247
-0.0952626
-0.0949517
-0.0897602
-0.0881591
-0.0825219
-0.0723307
-0.0689609
-0.0586623
-0.0477891
-0.0347502
-0.0217898
-0.0116519
-0.00258046
0.00405165
0.00787637
0.0110489
0.0137581
0.0133437
0.00991648
0.00735429
0.00316043
-0.000279653
-0.00340234
-0.0030737
-0.00458276
-0.00779734
-0.00626726
-0.0048389
-0.00104382
0.00761869
0.0139479
0.0174916
0.0235697
0.0234394
0.0200347
0.0090766
0.0091346
0.00688505
-0.000800984
-0.0055172
-0.00949158
-0.00873039
-0.0120008
-0.016297
-0.018249
-0.0184974
-0.0131281
-0.0136315
-0.014696
-0.0210065
-0.0271641
-0.027397
-0.0361155
-0.0413836
-0.045595
-0.0476353
-0.038119
-0.0350578
-0.0342907
-0.0250508
-0.0191345
-0.0180426
-0.015036
-0.0102123
-0.0149263
-0.0149863
-0.012218
-0.0138288
-0.0102004
-0.00139381
0.000586001
0.00380875
0.00910555
0.00919071
0.00814485
0.000617115
-0.00443888
-0.00683422
-0.015358
-0.0250448
-0.0296323
-0.032343
-0.0371786
-0.0420818
-0.0426314
-0.0425453
-0.0424034
-0.0389323
-0.0406212
-0.0407891
-0.0385962
-0.0381871
-0.0377125
-0.0367511
-0.0359671
-0.0337602
-0.031012
-0.0241655
-0.0199126
-0.0172087
-0.0121764
-0.0113681
-0.0100397
-0.00567921
-0.0033111
-0.000407147
0.00239507
0.00699458
0.0130497
0.0161939
0.0205029
0.025233
0.0252495
0.0266441
0.0322321
0.02997
0.022112
0.0214809
0.0181838
0.0140311
0.0115494
0.0112673
0.010855
0.0147388
0.0146249
0.0146567
0.0170474
0.0183997
0.0196235
0.0212464
0.0231197
0.0265377
0.0315397
0.0351563
0.0380881
0.0405052
0.037626
0.0385977
0.0387866
0.0379059
0.0376513
0.0369743
0.0362475
0.035687
0.0350403
0.0319075
0.0282353
0.0254765
0.0199877
0.0136525
0.0139654
0.0166137
0.0299068
0.032343
0.0327506
0.0407214
0.0393118
0.0416697
0.0441374
0.040359
0.0338443
0.03247
0.0293748
0.0249803
0.0256961
0.0269084
0.0330532
0.0399194
0.0415439
0.0470483
0.0524684
0.0531837
0.0571432
0.058475
0.058537
0.0604346
0.0603061
0.0611328
0.0619081
0.0641685
0.0671631
0.0677954
0.0696956
0.0676231
0.0639591
0.0635988
0.056959
0.0533776
0.0479601
0.0413627
0.0369007
0.0311664
0.0258981
0.0218413
0.0200102
0.0219126
0.0228642
0.0262571
0.0259801
0.0270222
0.0297905
0.027318
0.0239093
0.025626
0.0243932
0.0279834
0.0345019
0.0371779
0.0419938
0.0458909
0.045258
0.0437857
0.0407046
0.0327216
0.0230847
0.0176598
0.00974706
0.00113853
-0.00552059
-0.00563566
-0.00288929
-0.00301423
-0.00337926
-0.0025566
-0.00575942
-0.014653
-0.0194613
-0.023199
-0.0286343
-0.0277139
-0.0262589
-0.0177735
-0.007705
-0.00276773
0.00768223
0.0244102
0.0350267
0.0415802
0.0445237
0.0497055
0.0425448
0.0346504
0.041633
0.0340999
0.0255988
0.0275851
0.0307639
0.0309077
0.0360321
0.0406844
0.0447745
0.0472604
0.044787
0.031662
0.0290077
0.0268047
0.0185191
0.0123153
0.00658123
0.000707328
-0.00398509
-0.00571013
-0.00624783
-0.00905078
-0.00812739
-0.00939183
-0.0104856
-0.0109144
-0.0152038
-0.0207148
-0.0249477
-0.0280159
-0.0328148
-0.0339649
-0.0338169
-0.0313395
-0.0227789
-0.0219033
-0.0129172
-0.00544733
-0.00225135
-0.00424705
-0.0010947
0.00395417
0.00476423
0.00656639
0.0152384
0.0246137
0.0268641
0.0265519
0.025728
0.0267831
0.021512
0.0126057
0.00758341
0.00350184
0.00225564
0.00502118
-0.000189665
-0.00256154
-0.0024669
-0.00420488
-0.0087756
-0.0212406
-0.0288177
-0.0379926
-0.0471873
-0.0551954
-0.0542037
-0.0548903
-0.055995
-0.0570615
-0.0578559
-0.0574499
-0.0574448
-0.0604208
-0.0676666
-0.0691548
-0.0714946
-0.0728014
-0.0693849
-0.0718723
-0.0730545
-0.0719181
-0.0722132
-0.0742036
-0.076221
-0.0763656
-0.0768188
-0.0706957
-0.0664757
-0.0585475
-0.050103
-0.0455913
-0.0376722
-0.0286673
-0.0226911
-0.0285855
-0.0260368
-0.0200017
-0.0196335
-0.00928313
-0.00190674
0.000881265
0.0100631
0.0174992
0.0237833
0.0315867
0.0389439
0.0415779
0.0402733
0.0462629
0.0500577
0.0513177
0.0544247
0.0622853
0.0742161
0.0709227
0.062931
0.0695953
0.070894
0.0683918
0.0694572
0.0743357
0.0782176
0.0844402
0.0899882
0.0936901
0.0935212
0.0933557
0.0971651
0.0919864
0.0907935
0.088737
0.0824488
0.0806098
0.0772913
0.0710869
0.064351
0.0601636
0.0547123
0.0477888
0.0421919
0.036491
0.031338
0.0319038
0.0278473
0.0246953
0.0262413
0.0238538
0.0219813
0.021159
0.0142726
0.00884194
0.00667136
0.000981568
-0.00315418
-0.00129044
-0.00376774
-0.00772478
-0.00847209
-0.0100497
-0.0126723
-0.016293
-0.0205831
-0.0268856
-0.0327125
-0.0412427
-0.0473545
-0.0538255
-0.0615864
-0.0685975
-0.074585
-0.0721594
-0.0681785
-0.0719819
-0.0698175
-0.0683234
-0.0679388
-0.066149
-0.0651842
-0.0673763
-0.0678791
-0.0670267
-0.067951
-0.0686503
-0.0705386
-0.0753683
-0.0787601
-0.0820503
-0.0855523
-0.0893505
-0.0914786
-0.0873185
-0.0833264
-0.0856528
-0.08352
-0.0805832
-0.0806187
-0.0879784
-0.0898051
-0.0894387
-0.0935353
-0.0965719
-0.0976051
-0.0927954
-0.0927366
-0.0886224
-0.0833659
-0.0785151
-0.0681164
-0.0627027
-0.0566602
-0.0521382
-0.0508322
-0.0490835
-0.0567612
-0.0570528
-0.0598243
-0.0648159
-0.0674778
-0.0661327
-0.0652073
-0.0685183
-0.068721
-0.0684549
-0.0692992
-0.0696504
-0.0699448
-0.0704302
-0.0712642
-0.0755027
-0.0781224
-0.0790282
-0.0780631
-0.0732374
-0.0738434
-0.0690085
-0.0637705
-0.0602405
-0.0497488
-0.0437685
-0.0386308
-0.0307784
-0.024408
-0.0263912
-0.0358891
-0.031407
-0.0312602
-0.0359872
-0.036528
-0.0364254
-0.0385863
-0.039506
-0.0355443
-0.0332463
-0.0338704
-0.0317063
-0.0295691
-0.0282392
-0.0264623
-0.0271756
-0.0303805
-0.0294
-0.0296183
-0.0302683
-0.0246503
-0.0236365
-0.0236029
-0.0200641
-0.0169178
-0.0149776
-0.0154887
-0.0209118
-0.0214219
-0.0223782
-0.030575
-0.0367053
-0.039306
-0.0452277
-0.0468053
-0.046518
-0.0518102
-0.0535215
-0.0510482
-0.0523792
-0.050739
-0.0479889
-0.0481523
-0.0461171
-0.0402364
-0.0367498
-0.0346918
-0.031415
-0.0354636
-0.0365437
-0.0338268
-0.035351
-0.0365121
-0.0366517
-0.037486
-0.0345859
-0.0306947
-0.0312338
-0.0292599
-0.0267706
-0.0296254
-0.031918
-0.0301674
-0.0331917
-0.0369641
-0.0375837
-0.0399166
-0.0409175
-0.0385122
-0.0399202
-0.0402449
-0.0350477
-0.0333158
-0.0305458
-0.0232196
-0.0202093
-0.015647
-0.00712587
-0.00195256
0.00231294
0.00237792
0.00294545
-0.00195353
-0.00247796
-0.00232864
-0.00565979
-0.000441661
0.00682465
0.00481257
0.00886483
0.0145694
0.0170623
0.0198
0.0210837
0.0212387
0.0135924
0.0139128
0.0152721
0.0109425
0.0089033
0.0134536
0.0182727
0.0165514
0.0208489
0.0312071
0.0346464
0.0389439
0.0489871
0.0567816
0.0626147
0.0706442
0.0778274
0.0808192
0.086673
0.0936076
0.098694
0.108103
0.116817
0.122527
0.130699
0.138975
0.14593
0.147199
0.15013
0.155469
0.146642
0.144548
0.144847
0.139491
0.136455
0.133457
0.129157
0.123075
0.118121
0.114146
0.108881
0.103756
0.0991764
0.0971614
0.0944198
0.0901209
0.0941716
0.0980168
0.0951675
0.0967992
0.0991692
0.0999344
0.101371
0.102903
0.104162
0.105554
0.106949
0.108303
0.109461
0.109273
0.10999
0.11111
0.105417
0.0985288
0.0989096
0.0944433
0.0879199
0.0843914
0.0800091
0.0749273
0.070444
0.0679369
0.0658865
0.0632568
0.0619705
0.0594037
0.0574143
0.0558255
0.0538685
0.0516587
0.0458303
0.0409322
0.0340002
0.0223808
0.0159055
0.00708039
-0.00239751
-0.0110985
-0.0202915
-0.028672
-0.0327671
-0.0404589
-0.0464672
-0.0440944
-0.0488066
-0.0538049
-0.0531773
-0.0532155
-0.0559789
-0.0570151
-0.0581142
-0.0622229
-0.0644556
-0.065913
-0.0688421
-0.0710466
-0.0702135
-0.070988
-0.0730729
-0.0732417
-0.0723539
-0.0726977
-0.0731556
-0.0738864
-0.0806372
-0.0830604
-0.0806806
-0.0836303
-0.0867311
-0.0875924
-0.0893957
-0.0912758
-0.0917797
-0.0925011
-0.0935642
-0.0873756
-0.0829138
-0.0852911
-0.0853939
-0.0820832
-0.0813131
-0.080941
-0.079558
-0.078688
-0.077883
-0.076875
-0.0727409
-0.0656046
-0.0637241
-0.0626676
-0.0661075
-0.0642576
-0.0614794
-0.0608543
-0.0604119
-0.0582224
-0.05248
-0.0441388
-0.0299589
-0.0240749
-0.0166757
-0.0107923
-0.00538651
-0.00207951
0.000649201
-0.00353184
-0.00414112
-0.00239472
-0.00465461
-0.00436696
-0.00309964
-0.0056399
-0.0079331
-0.00755013
-0.00626634
-0.00683282
-0.00751872
-0.00718268
-0.00651344
-0.00579445
-0.00369835
-0.000754318
0.000750442
0.0036398
0.00494218
0.00453988
0.00660873
0.00656109
0.0064815
0.013117
0.0120031
0.00995367
0.0181747
0.0206365
0.0187382
0.020534
0.0227284
0.0227741
0.0231785
0.0226426
0.0230594
0.0240664
0.0289187
0.0310352
0.0315815
0.032827
0.0238217
0.0247043
0.0287691
0.0264019
0.0266063
0.0322166
0.0359919
0.0359128
0.0381453
0.0425469
0.0465953
0.0495452
0.0550697
0.0599378
0.0685872
0.0729557
0.0717951
0.0781765
0.0799589
0.0790022
0.0790647
0.0770034
0.0738538
0.0734719
0.0713289
0.0677992
0.0679126
0.0705236
0.0663965
0.0617194
0.0586475
0.0551085
0.0506701
0.047459
0.0441294
0.0396726
0.0355882
0.0320323
0.0282709
0.0228384
0.0172054
0.0135094
0.00980235
0.00864195
0.0112259
0.0122092
0.0135273
0.0137931
0.0143546
0.013273
0.0118753
0.00986872
0.00873165
0.00663515
0.00473492
0.00306254
0.00466075
0.0062304
0.0105703
0.0202303
0.0202178
0.0212572
0.028174
0.0347663
0.0390837
0.0443331
0.0500746
0.0539124
0.057698
0.0597473
0.0575037
0.0608559
0.0638289
0.0638333
0.0643213
0.0654662
0.0651575
0.0646772
0.069667
0.0759784
0.0697548
0.0648584
0.0691365
0.0674586
0.0649092
0.0645005
0.0620995
0.0586477
0.0589961
0.0614352
0.0596702
0.0588953
0.0615382
0.0642224
0.0643878
0.0655923
0.0671101
0.0694984
0.0734643
0.0749562
0.0749112
0.0769283
0.0699173
0.0622348
0.0683612
0.0708728
0.0617365
0.0631124
0.067114
0.0641892
0.0662431
0.0679042
0.067182
0.0664421
0.0671323
0.0671292
0.0629684
0.0600183
0.0577024
0.0526868
0.0444292
0.0369926
0.0326465
0.0256164
0.0183055
0.014431
0.0107071
0.00416106
0.00142202
-0.00144085
-0.00549408
-0.00343533
-0.00484992
-0.0064279
-0.00620577
-0.00557786
-0.00473611
-0.00732388
-0.00955052
-0.0107355
-0.0127742
-0.0246405
-0.0336782
-0.0342776
-0.0415868
-0.0469355
-0.0478629
-0.0539881
-0.0584367
-0.0614203
-0.0657575
-0.0719546
-0.0778254
-0.0784537
-0.0785957
-0.0814622
-0.0779124
-0.0661838
-0.0618843
-0.0576889
-0.0462917
-0.0342763
-0.0225624
-0.0149018
-0.00510052
0.00397465
0.00814026
0.0114076
0.0158164
0.0179807
0.0193921
0.0171142
0.0192062
0.0212842
0.0197927
0.0193076
0.0172085
0.0141266
0.0130396
0.00843983
0.00537278
0.00301376
-0.000680364
-0.000860767
0.00199002
-0.00208714
-0.00452439
-0.003044
5.92278e-05
0.000519946
-0.00443331
-0.00864464
-0.00775799
-0.0113612
-0.0149245
-0.0187318
-0.0228203
-0.0208775
-0.0227199
-0.0287372
-0.0357206
-0.038335
-0.0445323
-0.0547294
-0.0600001
-0.0664914
-0.0742047
-0.0797618
-0.0865804
-0.093974
-0.0985002
-0.0977389
-0.102055
-0.101891
-0.101856
-0.105408
-0.105262
-0.103521
-0.101892
-0.0946562
-0.0851382
-0.0788925
-0.0746484
-0.0679158
-0.064598
-0.0612364
-0.0629632
-0.0597053
-0.0543978
-0.0542449
-0.0543273
-0.0519467
-0.0495979
-0.0460403
-0.0439298
-0.0413965
-0.0365066
-0.0344139
-0.0384438
-0.0374481
-0.0355942
-0.037556
-0.0354806
-0.0327485
-0.0334888
-0.0304755
-0.0221169
-0.0195979
-0.0167488
-0.0106564
-0.00607751
-0.00252177
-0.000161772
0.00121732
-0.00467266
-0.00406051
-0.00307648
-0.00615295
-0.00755116
-0.0108975
-0.0184672
-0.0210533
-0.0236718
-0.0276921
-0.024424
-0.0251483
-0.0278497
-0.0235952
-0.0216609
-0.0246074
-0.0264169
-0.0249492
-0.0248509
-0.0248616
-0.0248451
-0.0226506
-0.0212437
-0.0208789
-0.0184586
-0.0163604
-0.0154591
-0.0154211
-0.0140465
-0.0126924
-0.0124016
-0.0116616
-0.0101312
-0.00734961
-0.00610272
-0.00466369
-0.00117483
0.00136558
0.00308378
0.00520128
0.0075834
0.00934743
0.0112993
0.0143928
0.0176958
0.0197731
0.0213819
0.0215722
0.0236798
0.0255415
0.0211404
0.0157194
0.0108897
0.00248616
-0.000749154
-0.00484659
-0.00927621
-0.0109467
-0.0156419
-0.0172454
-0.0166318
-0.019651
-0.021153
-0.021786
-0.0225879
-0.0236559
-0.0248477
-0.02688
-0.0284738
-0.0298768
-0.0321533
-0.0339827
-0.036931
-0.0398437
-0.0416536
-0.0420303
-0.0430492
-0.0462773
-0.0492033
-0.0531567
-0.0646362
-0.0655413
-0.0661885
-0.0692416
-0.0719641
-0.0747018
-0.0735654
-0.0711019
-0.07047
-0.0666577
-0.0654101
-0.0670313
-0.0666507
-0.0661032
-0.0699147
-0.0705319
-0.0702373
-0.0692944
-0.0710945
-0.0794565
-0.0822551
-0.0831046
-0.0882098
-0.0936948
-0.0978064
-0.101917
-0.106468
-0.11127
-0.118324
-0.123505
-0.121675
-0.123905
-0.125675
-0.123747
-0.125382
-0.124566
-0.117021
-0.117911
-0.119985
-0.113585
-0.108397
-0.108202
-0.10566
-0.100307
-0.0942477
-0.0897042
-0.0779862
-0.0697346
-0.0661051
-0.0586435
-0.0502021
-0.043904
-0.0368848
-0.0278007
-0.0173577
-0.0101873
-0.00305909
0.00650384
0.0160464
0.0229153
0.0282021
0.0365352
0.0439589
0.0490267
0.0540597
0.0502966
0.0531789
0.0570281
0.0561335
0.0550514
0.0547418
0.0568492
0.0589699
0.0589054
0.0626645
0.0662112
0.0671918
0.0695849
0.0731958
0.0812449
0.08635
0.0828221
0.0839289
0.0895036
0.0915791
0.0942739
0.106101
0.112232
0.114975
0.122828
0.125234
0.123939
0.12869
0.129793
0.124895
0.111617
0.109388
0.103604
0.0936566
0.0881983
0.0814221
0.0805508
0.080668
0.0744984
0.073337
0.0758841
0.0868741
0.0851424
0.0738367
0.0775704
0.0766872
0.0688129
0.0673228
0.0619456
0.0551459
0.0466552
0.0376167
0.0341274
0.0274993
0.026633
0.023981
0.0238408
0.0226692
0.0235259
0.0264228
0.0241103
0.0244425
0.0250584
0.0242501
0.0236266
0.0240217
0.0250846
0.0294831
0.0314431
0.0321807
0.0350793
0.0376386
0.0397025
0.0414871
0.039272
0.0396334
0.0412814
0.0403441
0.0365076
0.033985
0.0314243
0.0263927
0.0239341
0.0238867
0.0230337
0.0204186
0.0197518
0.0185472
0.0171427
0.0150439
0.00956163
0.00730561
0.00998919
0.0133587
0.0137468
0.0216934
0.0250998
0.028135
0.0333878
0.0316382
0.0309134
0.0254387
0.0238704
0.0237799
0.0198808
0.0177852
0.0212835
0.0200474
0.0163011
0.0148735
0.0149072
0.0145894
0.0137534
0.0128678
0.0136252
0.0135491
0.00903781
0.00319512
0.00175021
-0.001778
-0.000804311
-0.00276151
-0.00248679
0.000268009
0.000423084
0.0047022
0.0073743
0.0118907
0.0117351
0.00674483
0.00962254
0.0080945
0.0044985
0.00385421
-0.000599789
0.00262043
0.0101188
0.004405
-0.000127531
0.00292285
0.000684137
-0.00502094
-0.00637961
-0.0104431
-0.0143414
-0.015632
-0.0191117
-0.020139
-0.008858
-0.00856594
-0.0102714
-0.00491763
-0.0060831
-0.00635558
-0.0041691
-0.00932782
-0.0112789
-0.0114175
-0.015048
-0.0199596
-0.0200135
-0.0187329
-0.0200516
-0.0147924
-0.0139571
-0.0135257
-0.0102587
-0.00815507
-0.00562536
-0.00198411
-7.02272e-05
-0.0005412
0.0012308
0.00309874
0.00344138
0.00375682
0.00402299
0.00457119
0.00416461
0.00215108
-0.00303533
-0.00508676
-0.00982928
-0.00968456
-0.00755428
-0.0119359
-0.00576333
0.00282416
-0.00258852
-0.00143826
0.00335866
0.000133209
0.000483013
0.0022192
0.00136839
0.000965772
-0.000932078
-0.00192781
-0.00305575
-0.00579102
-0.0144516
-0.0174271
-0.0186527
-0.02464
-0.0294859
-0.0271516
-0.0244224
-0.0270947
-0.0250664
-0.0263423
-0.0269228
-0.0256146
-0.0264035
-0.0274732
-0.020623
-0.0144447
-0.0150743
-0.0121108
-0.00668746
0.00161897
0.00581895
0.00582862
0.00993325
0.0151629
0.0179251
0.0212638
0.0250138
0.0273695
0.0296174
0.0328745
0.034282
0.0364651
0.039094
0.0389687
0.0371396
0.0387461
0.0392615
0.0412734
0.0454526
0.045003
0.0389468
0.0424785
0.0512256
0.0489606
0.0499342
0.0447844
0.0376018
0.0390914
0.0355977
0.0307458
0.0283294
0.0259872
0.0224962
0.0185729
0.0147413
0.012396
0.010126
0.00705737
0.00720031
0.00595312
0.00587539
0.00731036
0.00634078
0.00760139
0.0103426
0.0107552
0.0118083
0.0131097
0.0141027
0.0155542
0.0171023
0.0185094
0.0212916
0.0230936
0.0239198
0.0249634
0.0208884
0.021038
0.0278971
0.0239721
0.0224682
0.0245719
0.0170038
0.011946
0.0190873
0.0160546
0.0123852
0.00828265
0.00491536
0.000527761
-0.015841
-0.0146803
-0.0144189
-0.0272779
-0.0302545
-0.0283247
-0.0296544
-0.0298938
-0.0306033
-0.031059
-0.0307045
-0.0299102
-0.0287008
-0.0243291
-0.0217634
-0.0219316
-0.0165932
-0.012015
-0.00878686
-0.00481793
-0.0105077
-0.00808938
-0.00416517
-0.00673726
-0.00396503
-0.0046078
-0.00963081
-0.00839038
-0.00750447
-0.00752379
-0.00823238
-0.00810426
-0.00359239
0.000503242
-0.0010966
-0.00302792
-0.000610878
0.000647336
0.00456425
0.00836034
0.00848335
0.00718764
0.00946672
0.0155307
0.0195575
0.0182155
0.01998
0.0215689
0.0218148
0.0208524
0.0185508
0.0183905
0.0168427
0.0150266
0.0130724
0.0076215
0.00258729
-0.000828754
-0.00382462
-0.00796917
-0.0125905
-0.0167568
-0.0214479
-0.0189254
-0.0175571
-0.0255214
-0.0259527
-0.0245255
-0.0271672
-0.0282589
-0.0255346
-0.0243711
-0.0237013
-0.0206658
-0.0192663
-0.0165264
-0.0133656
-0.00797916
-0.00688077
-0.00853676
-0.00392583
-0.000165063
-0.000764546
-0.00200058
0.00132182
0.0106717
0.0130912
0.0156961
0.0219674
0.0283584
0.0321787
0.0288585
0.0327917
0.038302
0.0314448
0.024866
0.0296337
0.0279712
0.0291942
0.0306479
0.0312867
0.0359154
0.0374079
0.0374269
0.039416
0.0425014
0.0432223
0.0362699
0.0335547
0.0351143
0.0326127
0.0278686
0.0261136
0.0315167
0.0325683
0.0314623
0.0350769
0.0377601
0.0395387
0.0435149
0.0515112
0.0543123
0.0524191
0.0577368
0.067546
0.0684653
0.0644365
0.0681302
0.0666286
0.0652291
0.0611505
0.0537413
0.0533246
0.0508356
0.0453349
0.0410591
0.0365413
0.0306168
0.0234658
0.0191191
0.0156109
0.00942626
0.00495283
0.00108711
-0.00398406
-0.00882977
-0.0100372
-0.00984764
-0.014043
-0.0161738
-0.0164785
-0.0166314
-0.0181672
-0.0201523
-0.0213591
-0.0164722
-0.0107706
-0.0135636
-0.0126594
-0.0089509
-0.0084399
-0.00736802
-0.00634443
-0.00590692
-0.00672497
-0.00723937
-0.00821117
-0.0101422
-0.0200359
-0.0241237
-0.028164
-0.0371477
-0.0465055
-0.0521505
-0.0571877
-0.0650508
-0.0721915
-0.0783957
-0.0806739
-0.0805247
-0.0864451
-0.0904493
-0.0939383
-0.0974902
-0.100244
-0.100084
-0.102652
-0.105042
-0.105151
-0.106012
-0.101952
-0.101435
-0.105169
-0.103636
-0.102596
-0.10124
-0.0970861
-0.102594
-0.107132
-0.105797
-0.109508
-0.11216
-0.113746
-0.114454
-0.115732
-0.117512
-0.115632
-0.115086
-0.115286
-0.109493
-0.107481
-0.106108
-0.10202
-0.0997142
-0.100426
-0.0986144
-0.0962615
-0.0963244
-0.0955725
-0.0975454
-0.101947
-0.101244
-0.100225
-0.102327
-0.103554
-0.103838
-0.103321
-0.0987427
-0.0981044
-0.102867
-0.106543
-0.100169
-0.0967147
-0.104592
-0.106881
-0.10205
-0.104152
-0.106023
-0.106872
-0.109331
-0.110632
-0.112443
-0.111788
-0.110441
-0.112074
-0.11028
-0.108422
-0.10768
-0.101479
-0.0992716
-0.10101
-0.0974412
-0.0918656
-0.0894983
-0.0874381
-0.0833217
-0.0765778
-0.0715802
-0.068052
-0.0629105
-0.0574769
-0.0502458
-0.0434517
-0.0399605
-0.0360173
-0.0296358
-0.0253902
-0.0249973
-0.0200582
-0.00963972
-0.00645154
-0.00748148
-0.00186048
0.00359728
0.0100385
0.0153794
0.0183011
0.0228495
0.0283636
0.0315263
0.0342311
0.0360929
0.0328239
0.0321343
0.02704
0.0248839
0.0248315
0.0218179
0.021596
0.0213803
0.0229572
0.023697
0.0219664
0.0220691
0.0235198
0.0266831
0.027614
0.0284887
0.0314891
0.0333631
0.0348819
0.0370392
0.0389292
0.037854
0.0369818
0.0387144
0.0387767
0.039763
0.0406147
0.0422866
0.0486141
0.0504046
0.0492264
0.0517598
0.0549028
0.0575134
0.0598279
0.0627808
0.0684458
0.07172
0.0750688
0.0809614
0.0857558
0.095286
0.105534
0.109636
0.11157
0.118791
0.125884
0.132444
0.138489
0.143959
0.147691
0.152884
0.157709
0.160331
0.164873
0.167329
0.168582
0.172439
0.175034
0.177052
0.179597
0.180182
0.180705
0.182383
0.181104
0.181488
0.183088
0.183323
0.183642
0.184506
0.184984
0.184622
0.184389
0.183888
0.182273
0.180425
0.175675
0.173858
0.172815
0.169645
0.159835
0.149397
0.151069
0.145481
0.132102
0.127087
0.121945
0.113071
0.104913
0.100061
0.0949001
0.0873852
0.0820175
0.0762521
0.0688617
0.062587
0.0542713
0.0458927
0.0426655
0.0350152
0.0234515
0.017957
0.0140738
0.00272019
-0.00726309
-0.00398182
-0.00633962
-0.00989166
-0.0130172
-0.013394
-0.0123213
-0.0133238
-0.0140771
-0.0196937
-0.0230724
-0.0238926
-0.0251794
-0.0261462
-0.0251392
-0.0257311
-0.0251455
-0.0218279
-0.0218565
-0.0215844
-0.0191576
-0.0144903
-0.0115463
-0.0109474
-0.00856583
-0.00666032
-0.0093328
-0.00823811
-0.00611897
-0.00213058
-0.000684439
6.9883e-06
0.00236802
0.00507823
0.010262
0.0136756
0.0159941
0.0198661
0.0235906
0.0266581
0.030144
0.0283872
0.023698
0.0263172
0.0253397
0.0201846
0.0184261
0.0148485
0.0113868
0.0114486
0.00992251
0.00609194
0.00041027
-0.00318876
-0.00775945
-0.0126519
-0.0144082
-0.0176308
-0.0181071
-0.0214127
-0.0277409
-0.0276675
-0.0254014
-0.0289834
-0.0330645
-0.0337639
-0.0365795
-0.0436412
-0.0465005
-0.048383
-0.0529652
-0.0582548
-0.0623418
-0.0716592
-0.0809677
-0.0840999
-0.091668
-0.0997699
-0.105399
-0.110691
-0.116612
-0.119643
-0.123928
-0.124201
-0.125647
-0.125934
-0.125314
-0.124728
-0.123073
-0.12645
-0.126298
-0.124355
-0.125188
-0.131484
-0.13806
-0.134458
-0.13584
-0.139052
-0.135597
-0.1363
-0.134113
-0.128942
-0.128567
-0.12712
-0.124637
-0.122192
-0.118156
-0.113671
-0.104949
-0.0970279
-0.0859387
-0.0785139
-0.0730757
-0.0624279
-0.0490052
-0.03889
-0.030699
-0.0214696
-0.0172999
-0.00932871
-0.00799696
-0.00915583
-0.00267982
-0.000696346
0.000153162
-0.000226214
-0.0030117
-0.00163532
0.000324723
0.00151887
0.00121819
0.00150022
0.00093674
0.00178602
0.00625867
0.0083795
0.00931725
0.0130344
0.0156721
0.0178544
0.0207623
0.0234982
0.0260991
0.0306712
0.0368423
0.0378209
0.039784
0.0430592
0.0395757
0.0404229
0.0393583
0.0365983
0.0375904
0.0379931
0.0357078
0.0343488
0.0341286
0.0332534
0.0326609
0.033654
0.0348454
0.0368309
0.0375011
0.0412997
0.0455138
0.0453013
0.0457962
0.0471433
0.0468707
0.0480156
0.0488428
0.0494118
0.0521184
0.0529729
0.0524936
0.0535949
0.0514758
0.0506296
0.0486853
0.0445667
0.0447065
0.0435069
0.0387717
0.0348784
0.0346371
0.0318121
0.0268322
0.0234919
0.0200099
0.0194323
0.0188405
0.0157353
0.0147524
0.0164387
0.0161384
0.0162503
0.0161241
0.0130969
0.0163728
0.0222209
0.0144861
0.0120445
0.0154832
0.0181082
0.0186827
0.0193266
0.020882
0.022035
0.0216383
0.0183559
0.0176659
0.0159833
0.0136513
0.00935532
0.00623873
0.0102144
0.0130698
0.00496246
0.00626582
0.00999827
0.0101794
0.00962111
0.00864664
0.01021
0.0111895
0.0123909
0.0149705
0.0191376
0.0218045
0.0224473
0.0300988
0.0319249
0.0312446
0.0362351
0.0427002
0.047215
0.04398
0.044487
0.0473773
0.0467172
0.0463727
0.0470976
0.046762
0.0446047
0.0426443
0.0403531
0.038929
0.0404661
0.0392675
0.0359515
0.0354938
0.0352444
0.0354702
0.0346199
0.031645
0.0325414
0.0325876
0.0299699
0.0286957
0.025925
0.0255204
0.0282518
0.0271
0.0289182
0.0303041
0.0284642
0.0284455
0.0292899
0.0268758
0.0260195
0.0251182
0.0235294
0.022404
0.0198952
0.0161687
0.0128025
0.00792867
0.00471471
0.000960943
-0.00225577
-0.00387999
-0.00754347
-0.0107382
-0.0131566
-0.0160018
-0.0181723
-0.0203899
-0.0231393
-0.025699
-0.0293487
-0.0321806
-0.0345729
-0.0374713
-0.0404674
-0.04326
-0.046075
-0.0488675
-0.0516661
-0.0538202
-0.054145
-0.0563332
-0.0591292
-0.0638914
-0.0664683
-0.0671674
-0.0693987
-0.0725518
-0.0753455
-0.0784208
-0.0810167
-0.0862089
-0.0909651
-0.0915197
-0.092242
-0.0963879
-0.0981695
-0.0986228
-0.100559
-0.101843
-0.103529
-0.107922
-0.110006
-0.111228
-0.107972
-0.105813
-0.107634
-0.106864
-0.106348
-0.106193
-0.106399
-0.105405
-0.104133
-0.104119
-0.102919
-0.101147
-0.100682
-0.100924
-0.0994395
-0.0936385
-0.0913278
-0.091066
-0.0882852
-0.0841861
-0.0808149
-0.0775618
-0.0693793
-0.0704142
-0.0721055
-0.065855
-0.0620997
-0.0601414
-0.0574038
-0.0522841
-0.0469504
-0.045637
-0.0433301
-0.038539
-0.0350137
-0.032171
-0.030558
-0.0284941
-0.0249629
-0.018448
-0.0130625
-0.0126619
-0.0166729
-0.0136738
-0.00984714
-0.00809017
-0.00738527
-0.00628614
-0.00427476
-0.00074753
0.00253711
0.00415321
0.006099
0.00861169
0.0111285
0.0133292
0.0144594
0.0153746
0.0175919
0.0188287
0.0192744
0.0206366
0.0211756
0.0206935
0.0215715
0.022639
0.0246783
0.0255919
0.0267859
0.0285533
0.0298754
0.0328463
0.0362634
0.0377919
0.0399812
0.0414045
0.0439627
0.0491763
0.0508004
0.0507939
0.0540057
0.0554537
0.0565369
0.0599007
0.0620582
0.0635578
0.0659104
0.0679618
0.0699987
0.0720259
0.0730827
0.0747372
0.0778578
0.0810654
0.0810273
0.0813818
0.0841343
0.0854143
0.0874897
0.0898465
0.0907209
0.0913963
0.0927898
0.0910855
0.0908463
0.09199
0.0932754
0.0936832
0.0937324
0.0941587
0.0942255
0.0913479
0.0908024
0.0925322
0.0936416
0.0930354
0.0940986
0.0949465
0.0946649
0.0949878
0.0955703
0.0939355
0.0928283
0.0930817
0.0922938
0.0913648
0.0897975
0.0876002
0.0879411
0.0880245
0.0862978
0.0851358
0.0840009
0.0830149
0.0807485
0.0789024
0.077612
0.0752877
0.0733235
0.0699581
0.0659065
0.0638933
0.0611934
0.058023
0.054704
0.0495224
0.0459267
0.0419044
0.0361556
0.0319476
0.0293998
0.029245
0.0252651
0.0203418
0.0183182
0.0155914
0.0115539
0.00830915
0.00522501
0.00158997
-0.00203921
-0.00539652
-0.0080165
-0.0104913
-0.0144373
-0.0191538
-0.0223156
-0.0247922
-0.0277421
-0.0316833
-0.0349795
-0.0379214
-0.0400508
-0.0422694
-0.0479377
-0.0527362
-0.0543747
-0.0577777
-0.0596333
-0.0615782
-0.0666162
-0.0704121
-0.0713618
-0.0726472
-0.0761752
-0.080088
-0.0823761
-0.0856127
-0.0901016
-0.0901378
-0.0889388
-0.0923672
-0.0959106
-0.0958563
-0.0926081
-0.0940065
-0.0950317
-0.10398
-0.107546
-0.106391
-0.111256
-0.115742
-0.118414
-0.122085
-0.124624
-0.125082
-0.12804
-0.130087
-0.126637
-0.1259
-0.1262
-0.120625
-0.118598
-0.119091
-0.119159
-0.116019
-0.108403
-0.105937
-0.107976
-0.104186
-0.101625
-0.10093
-0.0985
-0.0956544
-0.0940585
-0.0958071
-0.0961983
-0.094387
-0.0947174
-0.0951636
-0.0958452
-0.0963229
-0.0965665
-0.0967998
-0.0951448
-0.0939201
-0.0901498
-0.088309
-0.0865219
-0.0813598
-0.0780679
-0.0765328
-0.0733864
-0.0694319
-0.0640072
-0.0600789
-0.0548399
-0.0494995
-0.0484082
-0.0483206
-0.0436001
-0.0412136
-0.0405182
-0.0383334
-0.0349572
-0.0332678
-0.0354085
-0.0316234
-0.0273116
-0.0274788
-0.0256025
-0.0231052
-0.0231112
-0.0224317
-0.0204181
-0.0169324
-0.0135103
-0.0119011
-0.00801405
-0.00468059
-0.00217655
0.00106827
0.00429699
0.0072609
0.0102477
0.0108201
0.0114391
0.0137368
0.0143412
0.0157842
0.0174983
0.0192524
0.0228123
0.0248931
0.0287411
0.0330107
0.0361404
0.0381092
0.0403977
0.0440229
0.0462113
0.0478811
0.050582
0.052945
0.0552367
0.0576634
0.0603027
0.0633464
0.0673194
0.0716704
0.0734502
0.0763922
0.0804477
0.0836245
0.0867361
0.0902756
0.0936535
0.0969869
0.101578
0.106098
0.109165
0.11098
0.114603
0.118189
0.12076
0.123805
0.126536
0.128142
0.130973
0.134645
0.13627
0.133291
0.133999
0.135063
0.132616
0.132262
0.131749
0.12951
0.128282
0.126182
0.123977
0.124382
0.125982
0.123855
0.11907
0.117797
0.117236
0.116899
0.116113
0.113673
0.111838
0.111049
0.108349
0.102401
0.101188
0.101854
0.0979922
0.0932958
0.0903777
0.0882086
0.0877099
0.0866241
0.0838258
0.0826732
0.081518
0.0798769
0.0792814
0.0788367
0.0762208
0.0722789
0.0714565
0.0739876
0.0735915
0.071397
0.0680161
0.0664903
0.069153
0.0673182
0.064688
0.0647338
0.0617526
0.0550269
0.0531391
0.0510407
0.0469261
0.0434066
0.0403997
0.0370773
0.0340923
0.0316255
0.0282426
0.0236507
0.02024
0.0169088
0.0129704
0.0117231
0.00977151
0.0047328
0.00141391
0.000687795
-0.00226631
-0.00781712
-0.0110478
-0.0111109
-0.0132261
-0.0172976
-0.0195604
-0.019091
-0.0209939
-0.0255918
-0.0279332
-0.0273479
-0.029501
-0.0298003
-0.0283868
-0.0332256
-0.0361034
-0.0319097
-0.032205
-0.0338012
-0.0323545
-0.0327512
-0.0366674
-0.0376857
-0.0328216
-0.0287592
-0.0310255
-0.0307991
-0.0282382
-0.0275774
-0.0272081
-0.0255667
-0.0221527
-0.0207981
-0.0217795
-0.0212934
-0.0164235
-0.013923
-0.0149847
-0.0138301
-0.0123155
-0.0134854
-0.0106515
-0.00905959
-0.00915386
-0.00766092
-0.00625921
-0.00410276
-0.00201687
-0.00157031
0.00017419
0.00442613
0.00624604
0.00869815
0.0121278
0.0132033
0.0133155
0.016337
0.0193717
0.0233196
0.0267824
0.0249295
0.0261867
0.0304225
0.0324356
0.0331901
0.0330136
0.0340669
0.0322302
0.0308696
0.0313601
0.0305111
0.0295883
0.0284285
0.0247652
0.0231897
0.021644
0.0182138
0.0159384
0.0139648
0.011515
0.00887624
0.00573748
0.00315569
0.00289661
0.00285414
0.000932347
-0.00114876
-0.00576937
-0.00425146
-0.00130187
-0.00417799
-0.00445176
-0.00357069
-0.00399344
-0.00437336
-0.00640705
-0.00655171
-0.00483318
-0.0069016
-0.0106127
-0.0106862
-0.0106879
-0.0122963
-0.0137232
-0.0143029
-0.0142899
-0.0160569
-0.0185866
-0.0192219
-0.0199724
-0.01862
-0.0188662
-0.0189844
-0.0185383
-0.022629
-0.0264096
-0.0253154
-0.0254638
-0.0294347
-0.0324665
-0.0333398
-0.0341827
-0.0343414
-0.0354476
-0.0348246
-0.0353021
-0.0372949
-0.0374972
-0.0379564
-0.0393912
-0.041274
-0.0450254
-0.0466725
-0.0484133
-0.0511587
-0.0535419
-0.0599567
-0.06743
-0.0639616
-0.0619494
-0.0680008
-0.0690499
-0.0723603
-0.0767845
-0.078176
-0.0813767
-0.0849739
-0.0867861
-0.0883479
-0.0923664
-0.0967312
-0.0957097
-0.0968365
-0.0995148
-0.09913
-0.100371
-0.102905
-0.104001
-0.104347
-0.105675
-0.107077
-0.109761
-0.114191
-0.115819
-0.11744
-0.120095
-0.122789
-0.124662
-0.126257
-0.128724
-0.1322
-0.134851
-0.135593
-0.135594
-0.136746
-0.137035
-0.133846
-0.132481
-0.136206
-0.135006
-0.133719
-0.13459
-0.132246
-0.129531
-0.132308
-0.132227
-0.126389
-0.124459
-0.122179
-0.117308
-0.113124
-0.103708
-0.100305
-0.0994181
-0.0925402
-0.0897079
-0.0893957
-0.0846469
-0.0813817
-0.0796001
-0.07857
-0.0772067
-0.0746305
-0.0728089
-0.071343
-0.0704202
-0.0699905
-0.0684016
-0.0651878
-0.0612056
-0.0612262
-0.0613596
-0.0594687
-0.0614815
-0.0613648
-0.0594088
-0.0594109
-0.0592776
-0.0556217
-0.0539892
-0.0547235
-0.055183
-0.0537816
-0.0559884
-0.0583127
-0.0508584
-0.0461824
-0.0534381
-0.0529835
-0.0495667
-0.0507873
-0.0497106
-0.0464107
-0.0433145
-0.0419383
-0.0398351
-0.0376121
-0.0362517
-0.037596
-0.0365744
-0.0374195
-0.0388125
-0.0378845
-0.0373132
-0.0388798
-0.04092
-0.0392413
-0.036338
-0.0367774
-0.0353519
-0.0334939
-0.03202
-0.0304134
-0.0288106
-0.0251213
-0.0209591
-0.0194685
-0.0177895
-0.0146824
-0.0120043
-0.00963267
-0.00416596
0.00116085
0.00342852
0.00336765
0.0047275
0.00937828
0.0126699
0.0142597
0.0184076
0.0235014
0.0264078
0.0311227
0.0358098
0.0394457
0.0423027
0.0463136
0.0503476
0.0531566
0.0553279
0.0585702
0.0603851
0.0622838
0.0650066
0.0665528
0.0681114
0.0703706
0.0725342
0.0744319
0.0763751
0.078768
0.0828126
0.0854085
0.087653
0.0894246
0.0912498
0.0939627
0.0959598
0.0981451
0.100718
0.102804
0.105324
0.108127
0.110427
0.110971
0.109814
0.112085
0.113772
0.113701
0.114041
0.111009
0.105467
0.114603
0.115877
0.109816
0.111758
0.113199
0.112045
0.112292
0.111938
0.109641
0.109604
0.110228
0.108669
0.106635
0.106285
0.105695
0.107173
0.110543
0.105015
0.0987307
0.103672
0.103753
0.0988474
0.094675
0.0974484
0.101632
0.097918
0.0915873
0.0906359
0.090526
0.088281
0.0867316
0.0850487
0.0803372
0.0781
0.0784552
0.0774324
0.0800127
0.0796195
0.0763787
0.0724249
0.0722246
0.0687886
0.0617875
0.0647774
0.065827
0.0628791
0.0625068
0.0619234
0.0625905
0.0604953
0.0598343
0.0657038
0.0628565
0.0563785
0.0599325
0.0605506
0.0583326
0.0584192
0.0551025
0.0514789
0.056885
0.0557474
0.0531218
0.0521565
0.0538831
0.0601433
0.0584851
0.05472
0.0586022
0.061692
0.0606325
0.0592949
0.0618234
0.0637214
0.0617256
0.0653675
0.072939
0.0665821
0.0662913
0.0732878
0.0747317
0.0760227
0.0739752
0.0737414
0.0757318
0.0747797
0.0735797
0.0722687
0.0689393
0.0677123
0.0653671
0.0630655
0.0647519
0.0636695
0.0610705
0.0608746
0.0595847
0.0566071
0.0521548
0.0513101
0.0510749
0.047598
0.0429192
0.0396219
0.0381694
0.0347327
0.028444
0.0249822
0.0237671
0.0244432
0.0190056
0.00790038
0.00560777
0.00820539
0.00562548
-0.00193914
-0.0102598
-0.0132626
-0.0155399
-0.0198837
-0.0244842
-0.0269731
-0.0333145
-0.0388138
-0.0386619
-0.0412472
-0.0461001
-0.04835
-0.0508745
-0.0530754
-0.0546007
-0.0571577
-0.0574633
-0.0579046
-0.0591693
-0.0595101
-0.0605137
-0.0616089
-0.0624911
-0.0621866
-0.0614999
-0.0619899
-0.0594223
-0.0582117
-0.0628633
-0.0639014
-0.0620721
-0.0627834
-0.061624
-0.0600915
-0.0680876
-0.0656575
-0.0587352
-0.0638733
-0.0640764
-0.0603251
-0.0586239
-0.058749
-0.0608968
-0.0581929
-0.0556157
-0.0552342
-0.0533186
-0.0522621
-0.0520948
-0.0505864
-0.0498448
-0.0503435
-0.049547
-0.0470109
-0.043218
-0.0422717
-0.0428026
-0.0403471
-0.0365555
-0.0341545
-0.0376587
-0.0376591
-0.0348405
-0.0308621
-0.0284378
-0.0279357
-0.0289748
-0.0284353
-0.0233212
-0.0182825
-0.018247
-0.0191186
-0.0157689
-0.00968144
-0.00733307
-0.00600934
-0.00666652
-0.00468588
-0.0012734
0.000684224
0.00273405
0.00508657
0.00709836
0.00789966
0.0090905
0.0112001
0.0133251
0.0162329
0.0177812
0.0181989
0.0197919
0.0217756
0.0226291
0.0213115
0.0212659
0.0223347
0.0230973
0.0237323
0.0238548
0.0239834
0.0240913
0.0202963
0.0173961
0.0172713
0.0147668
0.012194
0.0115964
0.0126218
0.0113795
0.0131977
0.0148499
0.0132431
0.012467
0.0146917
0.0185365
0.0191282
0.0186601
0.0173066
0.0193151
0.0210839
0.0202405
0.0193391
0.0194635
0.0187788
0.0183877
0.0189407
0.0185421
0.0181066
0.0173023
0.0157483
0.0149978
0.0146699
0.0153968
0.0136208
0.00871961
0.00851434
0.01229
0.0112681
0.00807109
0.00743826
0.00755767
0.00628021
0.00517325
0.00435979
0.0031964
0.00205261
0.000446203
-0.000855073
-0.00160014
-0.00271888
-0.00390745
-0.00489485
-0.0069222
-0.0138539
-0.0165667
-0.0188699
-0.0202755
-0.0187972
-0.0222486
-0.0242252
-0.024921
-0.028526
-0.031677
-0.0347498
-0.0370891
-0.0367301
-0.0373758
-0.0408115
-0.0430572
-0.0436078
-0.0431738
-0.0444877
-0.0460126
-0.0481485
-0.0495994
-0.0494741
-0.0494769
-0.051938
-0.0562973
-0.0564866
-0.0542591
-0.05613
-0.0561046
-0.0550856
-0.054592
-0.0528606
-0.0544028
-0.0576898
-0.0560461
-0.050118
-0.0502604
-0.0539962
-0.0511611
-0.0482908
-0.0465498
-0.0455131
-0.0474428
-0.0463675
-0.0449847
-0.0439328
-0.0415267
-0.0407538
-0.0393384
-0.0396016
-0.041198
-0.0385415
-0.0374359
-0.0383325
-0.0380304
-0.0377879
-0.0392532
-0.0389467
-0.0373392
-0.0370464
-0.0354065
-0.0370864
-0.040326
-0.0385126
-0.0364492
-0.0391715
-0.0435033
-0.0398671
-0.0355728
-0.0383365
-0.0382717
-0.0378693
-0.0377319
-0.035862
-0.0357991
-0.0391597
-0.0407643
-0.0403225
-0.0417213
-0.0432755
-0.0443435
-0.0449056
-0.041816
-0.0411883
-0.0417633
-0.0405223
-0.0392256
-0.0365071
-0.0347994
-0.0344182
-0.0342478
-0.0316453
-0.0284312
-0.0273565
-0.0242226
-0.0213554
-0.0208083
-0.0207651
-0.0177995
-0.0153844
-0.0145942
-0.0135126
-0.0133083
-0.0121225
-0.00976068
-0.00684595
-0.0058626
-0.00514516
-0.00271277
0.00036706
0.00175077
0.00341002
0.00527571
0.00551985
0.007622
0.0130762
0.0140593
0.0140179
0.017144
0.0186836
0.0199416
0.0219014
0.0241399
0.026141
0.0265178
0.0266048
0.0277712
0.0275166
0.0292746
0.034842
0.0354405
0.0316797
0.0333867
0.0380753
0.0376473
0.038014
0.0395639
0.0407169
0.0423594
0.0434819
0.0435238
0.0436072
0.0448683
0.0454635
0.0457467
0.0464996
0.0480197
0.048729
0.0488592
0.0491716
0.049782
0.0489185
0.0487656
0.0494127
0.0491938
0.0483725
0.0475918
0.0482002
0.0491443
0.0486858
0.0494777
0.0507642
0.0488714
0.0483843
0.0491008
0.0484403
0.0483825
0.0485714
0.0477591
0.0473327
0.0479758
0.0480345
0.0456297
0.0427094
0.042521
0.0410842
0.039541
0.0384251
0.0369834
0.0357505
0.0345392
0.0353266
0.0371734
0.0355988
0.033613
0.034024
0.0337675
0.0326187
0.0308327
0.0295601
0.0288369
0.0280183
0.026868
0.0259867
0.025225
0.0242509
0.0221968
0.0195864
0.0187775
0.0183587
0.0166855
0.0141367
0.0126083
0.0113752
0.0104394
0.00984383
0.007606
0.00476642
0.0040595
0.00354839
0.00175773
0.00101191
-0.000293262
-0.00312753
-0.00429727
-0.00516831
-0.0051935
-0.00645626
-0.00977904
-0.0113556
-0.0114389
-0.0125945
-0.0146892
-0.0156426
-0.0149211
-0.0153162
-0.016436
-0.0179988
-0.0192003
-0.018812
-0.0192477
-0.0195178
-0.0194383
-0.0201709
-0.0207837
-0.020827
-0.0218016
-0.022786
-0.0228679
-0.0224985
-0.0229322
-0.0233169
-0.0234716
-0.0237213
-0.0238039
-0.0233001
-0.0228627
-0.0239661
-0.0250516
-0.0237646
-0.0234788
-0.0239508
-0.0234858
-0.0231947
-0.0229918
-0.0227446
-0.022748
-0.0224331
-0.0213429
-0.020804
-0.0207835
-0.0203102
-0.0205354
-0.0202594
-0.018846
-0.0182209
-0.0188682
-0.0183397
-0.0173715
-0.0169899
-0.0161866
-0.015423
-0.015564
-0.0154238
-0.0148429
-0.0148905
-0.0145148
-0.0138249
-0.012969
-0.0126641
-0.0123408
-0.0110125
-0.0102554
-0.0107525
-0.00989175
-0.00877725
-0.00861351
-0.00829401
-0.00774522
-0.00736496
-0.00705708
-0.00674845
-0.00648937
-0.00616295
-0.00589093
-0.00581561
-0.00568953
-0.00522877
-0.00496871
-0.0053077
-0.0054496
-0.00503825
-0.00483646
-0.0046456
-0.00425621
-0.00421296
-0.00406245
-0.0036686
-0.00328361
-0.00308681
-0.00289925
-0.00257888
-0.00221919
-0.00198011
-0.00168353
-0.00129025
-0.00101903
-0.000595546
-0.000218482
-0.000321201
-6.16724e-05
0.000336552
0.000753876
0.000924832
0.000820567
0.00101484
0.00127065
0.00135927
0.00148652
0.00175413
0.0018915
0.00196762
0.00204104
0.00220219
0.00238655
0.00246879
0.00255146
0.0026103
0.0026948
0.00279099
0.00287347
0.00293522
0.00301404
0.00308457
0.00314808
0.00323758
0.00327345
0.00327177
0.0033237
0.0034025
0.00352056
0.00353406
0.00347241
0.00351948
0.00359937
0.00362149
0.00357357
0.00355837
0.00358372
0.00360053
0.00358724
0.003554
0.00352009
0.00350958
0.00348515
0.00346002
0.00343315
0.00340192
0.0033738
0.00333058
0.00328424
0.0032547
0.00322863
0.00321
0.00314284
0.00307771
0.00307001
0.00304353
0.00299809
0.00297441
0.00294256
0.00290787
0.00287777
0.00284525
0.00279825
0.00275088
0.0027197
0.0026798
0.00263938
0.00261058
0.0025766
0.00252159
0.00249063
0.00248271
0.00244869
0.00240477
0.00236748
0.00234275
0.00231832
0.00227809
0.00224451
0.00222216
0.00218848
0.00214934
0.00211963
0.00208932
0.00205589
0.00202435
0.00199361
0.00196243
0.00193134
0.00190018
0.00186949
0.00183923
0.00180878
0.00177776
0.00174758
0.00171859
0.00168972
0.00165998
0.00163072
0.00160192
0.00157299
0.00154436
0.00151593
0.00148712
0.00145852
0.00142998
0.0014013
0.00137333
0.0013451
0.00131679
0.00128872
0.00126055
0.00123255
0.00120475
0.00117697
0.00114924
0.00112161
0.00109409
0.00106663
0.00103927
0.00101187
0.000984511
0.000957277
0.000930089
0.00090291
0.000875779
0.000848709
0.000821726
0.000794809
0.000767927
0.00074111
0.000714359
0.000687673
0.000661054
0.000634499
0.000608017
0.000581605
0.000555262
0.000528994
0.000502802
0.000476682
0.000450637
0.000424671
0.000398783
0.000372974
0.000347246
0.000321601
0.000296038
0.000270561
0.000245169
0.000219864
0.000194647
0.00016952
0.000144483
0.000119539
9.46866e-05
6.99288e-05
4.52662e-05
2.07e-05
-3.76883e-06
0
0
0
0
