-0.0211361
-0.0199491
-0.0182975
-0.0164046
-0.0146961
-0.0137741
-0.0142989
-0.0168617
-0.02166
-0.0283357
-0.036205
-0.0442599
-0.0512965
-0.0563276
-0.0591046
-0.0600095
-0.0585619
-0.0538727
-0.0453638
-0.0330777
-0.0174404
0.000569161
0.0195033
0.0384677
0.0578795
0.0788848
0.10143
0.123696
0.142348
0.152963
0.151367
0.134414
0.0985697
0.0410759
-0.0357394
-0.12281
-0.208179
-0.279333
-0.328285
-0.356513
-0.369218
-0.369676
-0.361069
-0.343235
-0.313658
-0.270973
-0.215085
-0.143552
-0.0545133
0.0496592
0.16086
0.266903
0.357049
0.420833
0.444466
0.418541
0.347689
0.250065
0.138948
0.0229072
-0.0883863
-0.18524
-0.2589
-0.303578
-0.316759
-0.30415
-0.277294
-0.236291
-0.175923
-0.0938184
0.00605949
0.114648
0.224115
0.324521
0.400191
0.430753
0.399542
0.304307
0.161164
-0.00986967
-0.18911
-0.353334
-0.484874
-0.571804
-0.605361
-0.582059
-0.513881
-0.424036
-0.317307
-0.189275
-0.0364889
0.143761
0.351803
0.577603
0.795416
0.963637
1.03078
0.951668
0.711882
0.342394
-0.0997153
-0.538682
-0.891892
-1.11381
-1.20468
-1.18953
-1.09731
-0.954203
-0.760625
-0.51262
-0.218307
0.110489
0.457897
0.797823
1.1001
1.34349
1.49671
1.51777
1.38162
1.10345
0.728985
0.299604
-0.124939
-0.47273
-0.72015
-0.874382
-0.92492
-0.867097
-0.724705
-0.534296
-0.309171
-0.0593199
0.1941
0.429972
0.639109
0.822736
0.983328
1.10372
1.15193
1.10004
0.942339
0.705522
0.428264
0.141027
-0.121275
-0.318749
-0.42248
-0.425377
-0.355163
-0.262706
-0.168837
-0.077075
0.0108134
0.0919882
0.160167
0.207822
0.228758
0.222868
0.194293
0.138155
0.0447818
-0.0887545
-0.250623
-0.415737
-0.563694
-0.676107
-0.735468
-0.732075
-0.672663
-0.579274
-0.465685
-0.329994
-0.16697
0.0244715
0.241595
0.478267
0.71833
0.938115
1.12233
1.26155
1.34061
1.33584
1.23151
1.03509
0.769538
0.451501
0.107484
-0.222447
-0.491196
-0.656922
-0.697538
-0.627111
-0.495787
-0.34183
-0.174499
0.00613005
0.200215
0.410822
0.636252
0.863788
1.0688
1.21863
1.28142
1.23916
1.0995
0.884571
0.604623
0.27973
-0.0476485
-0.33252
-0.550064
-0.692571
-0.758753
-0.751282
-0.693055
-0.622956
-0.556446
-0.495683
-0.44057
-0.390634
-0.348155
-0.319561
-0.312084
-0.328739
-0.366431
-0.422044
-0.497492
-0.592148
-0.696594
-0.790523
-0.847727
-0.847852
-0.783479
-0.667895
-0.530617
-0.387579
-0.241091
-0.090355
0.063365
0.213039
0.34469
0.439141
0.477776
0.450998
0.363192
0.220876
0.0247544
-0.213097
-0.456351
-0.654326
-0.779825
-0.827885
-0.802035
-0.717759
-0.6026
-0.469268
-0.318626
-0.153958
0.0150131
0.176863
0.321551
0.437816
0.510469
0.524938
0.478511
0.385448
0.263518
0.121534
-0.0293088
-0.170291
-0.282289
-0.351083
-0.368665
-0.337316
-0.275008
-0.204505
-0.130893
-0.0490471
0.0481762
0.166546
0.308043
0.467426
0.628459
0.766485
0.856856
0.881091
0.835316
0.737134
0.613447
0.475366
0.328813
0.182233
0.0424104
-0.0846439
-0.193038
-0.276843
-0.330899
-0.35684
-0.365984
-0.370554
-0.374981
-0.379506
-0.382589
-0.380588
-0.366925
-0.332828
-0.270634
-0.177979
-0.0603513
0.0735761
0.215954
0.355102
0.475487
0.56155
0.601047
0.59078
0.539269
0.455476
0.340033
0.197259
0.0434273
-0.098298
-0.211442
-0.286496
-0.322211
-0.324564
-0.301641
-0.263288
-0.208953
-0.134512
-0.0403845
0.0672947
0.182662
0.301943
0.419371
0.525049
0.604198
0.641285
0.626466
0.563216
0.466689
0.34433
0.199101
0.0396057
-0.120038
-0.26597
-0.384898
-0.468617
-0.521171
-0.554946
-0.573139
-0.570956
-0.543838
-0.491574
-0.415797
-0.313211
-0.182753
-0.0323786
0.122903
0.274892
0.422307
0.563422
0.687361
0.774741
0.804698
0.7641
0.655329
0.491567
0.292862
0.0900616
-0.0910136
-0.232682
-0.325585
-0.376104
-0.40302
-0.416342
-0.418154
-0.409406
-0.387969
-0.350089
-0.295345
-0.229022
-0.158167
-0.0876179
-0.022283
0.030556
0.0623219
0.0666491
0.0438651
0.00290689
-0.045013
-0.0926402
-0.132715
-0.156124
-0.153475
-0.11877
-0.0543965
0.0269979
0.111359
0.191812
0.264169
0.323382
0.361819
0.371637
0.349591
0.300625
0.232876
0.147071
0.0441869
-0.0672028
-0.171249
-0.252571
-0.298034
-0.300182
-0.26357
-0.202576
-0.123487
-0.0272827
0.0802842
0.183879
0.260143
0.28917
0.260038
0.178019
0.0629312
-0.0726906
-0.220805
-0.36759
-0.494644
-0.590887
-0.652239
-0.676389
-0.662184
-0.617982
-0.560183
-0.494167
-0.421354
-0.346561
-0.278922
-0.229682
-0.20887
-0.221057
-0.259806
-0.309869
-0.362267
-0.409541
-0.441384
-0.445855
-0.412675
-0.339083
-0.234354
-0.113964
0.013926
0.141406
0.255797
0.34264
0.392529
0.401474
0.365376
0.286666
0.178647
0.0541061
-0.0774029
-0.202853
-0.307133
-0.380631
-0.420039
-0.425792
-0.404555
-0.368514
-0.320793
-0.257097
-0.173678
-0.0722666
0.0386167
0.149897
0.254765
0.347541
0.424286
0.484724
0.532225
0.56862
0.593332
0.607395
0.615162
0.621274
0.627469
0.634197
0.64162
0.649688
0.658292
0.667796
0.678873
0.691664
0.704939
0.715606
0.718691
0.708312
0.679567
0.631218
0.565734
0.484451
0.391548
0.295548
0.202958
0.115731
0.0339985
-0.040459
-0.105445
-0.159769
-0.202978
-0.235506
-0.25972
-0.277247
-0.288441
-0.294673
-0.298341
-0.299867
-0.298753
-0.294776
-0.28838
-0.280454
-0.271559
-0.262409
-0.254212
-0.24859
-0.247157
-0.250831
-0.259018
-0.269468
-0.279849
-0.288368
-0.2933
-0.293001
-0.286024
-0.271317
-0.249593
-0.223869
-0.197193
-0.170463
-0.14356
-0.116249
-0.0886089
-0.0614968
-0.0365018
-0.0155844
-0.000281157
0.00947595
0.0148407
0.0152165
0.00882568
-0.00541941
-0.0264487
-0.0513309
-0.0784761
-0.106341
-0.13253
-0.154275
-0.168473
-0.172306
-0.163716
-0.140137
-0.0982979
-0.0380902
0.0359273
0.119106
0.207407
0.294099
0.369651
0.427249
0.466213
0.484979
0.479633
0.449167
0.395429
0.314898
0.205483
0.0706361
-0.0858378
-0.253506
-0.414704
-0.555473
-0.668152
-0.749428
-0.799506
-0.822838
-0.821605
-0.799444
-0.758762
-0.696959
-0.613607
-0.515226
-0.412172
-0.310578
-0.214891
-0.129857
-0.060338
-0.00998018
0.0183417
0.0207912
-0.00184225
-0.0422137
-0.0932553
-0.146491
-0.190629
-0.217439
-0.224075
-0.214279
-0.196232
-0.172689
-0.14128
-0.0988457
-0.043074
0.0278193
0.111752
0.199913
0.279872
0.346044
0.39997
0.447469
0.49204
0.532039
0.563354
0.581809
0.585579
0.577392
0.56287
0.542594
0.514446
0.476621
0.428553
0.369911
0.300048
0.221062
0.13968
0.065137
0.00418731
-0.0394501
-0.0652392
-0.0739708
-0.0664596
-0.0454829
-0.0122003
0.0368662
0.104534
0.187999
0.277415
0.361267
0.432476
0.487198
0.522687
0.535491
0.525455
0.496198
0.4473
0.377457
0.291026
0.199793
0.116232
0.0458814
-0.0119063
-0.0621071
-0.108953
-0.153983
-0.197828
-0.240193
-0.278806
-0.310469
-0.332101
-0.340873
-0.334967
-0.315974
-0.289107
-0.258216
-0.224336
-0.188334
-0.152586
-0.121257
-0.0989612
-0.0895035
-0.0942621
-0.111761
-0.140973
-0.181314
-0.229088
-0.277545
-0.322141
-0.359507
-0.386448
-0.399797
-0.397081
-0.379531
-0.3526
-0.320662
-0.28553
-0.249232
-0.214845
-0.186831
-0.170625
-0.171156
-0.190615
-0.225156
-0.265824
-0.30683
-0.343107
-0.368383
-0.376562
-0.363775
-0.331235
-0.285064
-0.229016
-0.162691
-0.086224
-0.00267952
0.0838844
0.17048
0.253354
0.327291
0.386531
0.425853
0.439815
0.421306
0.368268
0.287529
0.190149
0.0929221
0.01408
-0.0389169
-0.0663758
-0.0680023
-0.0457296
-0.0071291
0.0401385
0.0936182
0.151548
0.211173
0.270326
0.325916
0.37289
0.404653
0.415629
0.404709
0.374716
0.325409
0.258675
0.183726
0.114463
0.0575707
0.0107745
-0.0314564
-0.0717724
-0.111451
-0.152058
-0.194899
-0.240615
-0.289151
-0.339848
-0.391726
-0.443756
-0.494082
-0.539753
-0.577053
-0.602544
-0.614479
-0.614402
-0.605557
-0.585632
-0.547995
-0.486752
-0.401258
-0.297734
-0.183802
-0.0673353
0.0400917
0.124966
0.179554
0.204619
0.206251
0.183845
0.136597
0.0679323
-0.0200065
-0.12251
-0.229421
-0.330028
-0.411838
-0.462206
-0.474518
-0.452907
-0.409465
-0.347356
-0.262848
-0.154478
-0.0256611
0.119283
0.269917
0.406439
0.507604
0.571167
0.607214
0.615381
0.592827
0.540548
0.458732
0.3489
0.221155
0.0921026
-0.0247355
-0.116776
-0.171774
-0.181911
-0.15053
-0.0927116
-0.0201804
0.0631135
0.153486
0.246086
0.337895
0.425159
0.500795
0.552463
0.567296
0.538981
0.474788
0.394218
0.31127
0.234209
0.169968
0.123109
0.0947176
0.0830591
0.0884742
0.108806
0.137442
0.168864
0.197721
0.217151
0.220903
0.206036
0.175367
0.136357
0.0929287
0.0461024
-0.00234341
-0.0484686
-0.0865177
-0.111157
-0.118927
-0.110333
-0.0889048
-0.0539976
-0.00273824
0.0646157
0.141809
0.218934
0.288896
0.345842
0.383864
0.398377
0.389703
0.363617
0.323926
0.271144
0.207989
0.141279
0.0779074
0.0227799
-0.0202544
-0.0480554
-0.0592028
-0.0571339
-0.0496377
-0.0414807
-0.0344059
-0.0295513
-0.0280333
-0.0309751
-0.0389706
-0.0521325
-0.0716184
-0.0992762
-0.135179
-0.175694
-0.213554
-0.241798
-0.256505
-0.25759
-0.248652
-0.232578
-0.207905
-0.172104
-0.124804
-0.0690121
-0.00871004
0.0536188
0.115071
0.171744
0.220308
0.258905
0.286836
0.302002
0.301356
0.284482
0.255276
0.218331
0.175648
0.129636
0.084802
0.0457496
0.013396
-0.0142301
-0.0385558
-0.0582401
-0.0709411
-0.0753319
-0.0725685
-0.0660313
-0.0575726
-0.0476738
-0.0368356
-0.0261791
-0.0175356
-0.0129704
-0.0142775
-0.0222721
-0.0359422
-0.0534197
-0.0757303
-0.105209
-0.143265
-0.189352
-0.241543
-0.297162
-0.351144
-0.396255
-0.42617
-0.437616
-0.431403
-0.410521
-0.378139
-0.337272
-0.288135
-0.23145
-0.171485
-0.114901
-0.0651082
-0.0233874
0.00775231
0.0236211
0.0205115
-0.00117818
-0.0379497
-0.0867419
-0.141111
-0.190923
-0.229104
-0.251702
-0.258339
-0.252592
-0.239556
-0.225324
-0.213815
-0.206869
-0.20563
-0.211223
-0.224139
-0.24235
-0.260834
-0.275054
-0.283693
-0.285289
-0.277179
-0.257334
-0.225499
-0.18184
-0.125647
-0.0566538
0.0224662
0.106419
0.190176
0.267547
0.331748
0.379769
0.414327
0.438886
0.449968
0.441158
0.40787
0.348583
0.264925
0.163808
0.0531957
-0.0568036
-0.155357
-0.232275
-0.28131
-0.302884
-0.302974
-0.287506
-0.25922
-0.215926
-0.153788
-0.0705054
0.0337658
0.152539
0.273475
0.380375
0.458842
0.503626
0.520063
0.517167
0.495843
0.454577
0.393609
0.316974
0.232625
0.150798
0.083278
0.0362066
0.0100775
0.00300443
0.011806
0.0339001
0.0651933
0.102821
0.145889
0.19263
0.238642
0.277072
0.302429
0.313274
0.308497
0.287239
0.252124
0.208397
0.162489
0.122858
0.0960132
0.082047
0.0781003
0.0833863
0.0969048
0.117038
0.143588
0.175164
0.20799
0.237591
0.258781
0.267507
0.265133
0.256346
0.243606
0.229213
0.216227
0.206166
0.199524
0.196508
0.198126
0.205442
0.218398
0.235608
0.253746
0.267506
0.272445
0.265995
0.245531
0.209921
0.159659
0.0969884
0.0274002
-0.0433194
-0.109111
-0.164307
-0.205098
-0.229718
-0.237176
-0.227541
-0.202744
-0.1675
-0.126424
-0.0843073
-0.0451278
-0.0112107
0.0162256
0.0364318
0.0474975
0.0478828
0.0377149
0.0189766
-0.00773442
-0.0421405
-0.0825776
-0.127199
-0.173571
-0.219006
-0.260816
-0.296153
-0.322449
-0.338016
-0.342619
-0.336603
-0.318682
-0.288779
-0.249239
-0.203845
-0.159121
-0.122548
-0.0997486
-0.0913653
-0.0942463
-0.10508
-0.119669
-0.135524
-0.151537
-0.166577
-0.179025
-0.186978
-0.189034
-0.185003
-0.176364
-0.165847
-0.154187
-0.140801
-0.126586
-0.114351
-0.107405
-0.107272
-0.112939
-0.121429
-0.130741
-0.139871
-0.14794
-0.154281
-0.158883
-0.162238
-0.164638
-0.166045
-0.166468
-0.16601
-0.16441
-0.161094
-0.155416
-0.146559
-0.132848
-0.112074
-0.082851
-0.0456127
-0.00389573
0.035842
0.0679822
0.0885032
0.0940628
0.0816767
0.0513482
0.00612964
-0.0502635
-0.111299
-0.169686
-0.21893
-0.253353
-0.271166
-0.275376
-0.267515
-0.248874
-0.223194
-0.194422
-0.166331
-0.143597
-0.130623
-0.130436
-0.14335
-0.165658
-0.191546
-0.21758
-0.240728
-0.256888
-0.261494
-0.250846
-0.224206
-0.184378
-0.13403
-0.0753732
-0.0124317
0.0503772
0.108044
0.15571
0.19127
0.215028
0.228055
0.231455
0.226033
0.214203
0.198956
0.182288
0.166532
0.154389
0.148769
0.152627
0.167763
0.193611
0.228279
0.269406
0.31267
0.353462
0.389218
0.417962
0.436169
0.439237
0.424276
0.391403
0.341663
0.280852
0.219268
0.162855
0.112686
0.0686168
0.032079
0.00458816
-0.014292
-0.0270496
-0.035156
-0.038305
-0.0365025
-0.0308426
-0.0220521
-0.00914992
0.00928262
0.033937
0.0644388
0.0994656
0.136228
0.171709
0.204244
0.233267
0.259223
0.283451
0.306848
0.327841
0.342901
0.347605
0.337683
0.308968
0.256944
0.181564
0.0902062
-0.00572286
-0.0921194
-0.154717
-0.189699
-0.202049
-0.195437
-0.170613
-0.129788
-0.0760441
-0.0143852
0.0461257
0.0969738
0.135705
0.163744
0.180825
0.184225
0.172299
0.145424
0.102537
0.0447273
-0.0238355
-0.0985378
-0.172951
-0.240885
-0.296292
-0.333998
-0.351665
-0.352789
-0.345863
-0.33579
-0.324093
-0.311695
-0.299091
-0.286516
-0.274221
-0.262399
-0.250767
-0.238139
-0.222167
-0.199606
-0.167024
-0.121897
-0.0647004
-0.00105049
0.0598814
0.113295
0.158921
0.196305
0.222152
0.232126
0.22217
0.186304
0.116723
0.0113269
-0.121574
-0.267286
-0.406958
-0.520179
-0.591009
-0.62208
-0.630063
-0.620411
-0.594108
-0.553661
-0.499111
-0.431004
-0.352259
-0.26677
-0.181466
-0.104881
-0.0421528
0.0046471
0.0334796
0.0411125
0.0276315
-0.00245343
-0.0462192
-0.100245
-0.157424
-0.210095
-0.253817
-0.286773
-0.30831
-0.315941
-0.307111
-0.283031
-0.248244
-0.204331
-0.153317
-0.100675
-0.0532669
-0.0150048
0.0128897
0.0308044
0.0403904
0.0414091
0.0330701
0.0161436
-0.00781548
-0.0373042
-0.0690733
-0.098576
-0.122452
-0.138678
-0.146421
-0.145423
-0.137626
-0.127443
-0.118137
-0.110301
-0.102819
-0.0937684
-0.0815793
-0.065426
-0.0454437
-0.0224424
0.00290109
0.029341
0.0547818
0.077024
0.0944275
0.106297
0.1135
0.117938
0.120048
0.119771
0.117575
0.114172
0.109807
0.104743
0.0996403
0.095303
0.0923717
0.0911368
0.0914712
0.0930897
0.0957804
0.098958
0.101545
0.10217
0.0993398
0.091825
0.0793709
0.0627925
0.0428292
0.0205231
-0.00245049
-0.0239454
-0.0410502
-0.0505337
-0.0499544
-0.0392023
-0.0212107
0.000313952
0.023101
0.0448503
0.0630152
0.0759618
0.0830574
0.0843359
0.081053
0.0757953
0.0703807
0.0659282
0.0634721
0.0636406
0.06645
0.0710784
0.0764082
0.0820665
0.087931
0.0936573
0.0986926
0.102516
0.104868
0.105998
0.106697
0.107749
0.109968
0.114008
0.11988
0.126425
0.130995
0.129344
0.116148
0.0859823
0.0354102
-0.0346889
-0.119531
-0.208033
-0.284819
-0.341488
-0.376183
-0.389612
-0.380969
-0.352431
-0.30951
-0.252334
-0.181071
-0.100151
-0.016573
0.0595363
0.117469
0.152298
0.16394
0.150913
0.112974
0.0531978
-0.0239511
-0.107332
-0.180623
-0.23519
-0.269081
-0.282347
-0.272843
-0.240675
-0.189427
-0.123162
-0.0516579
0.00880971
0.045296
0.0575465
0.0514706
0.0292674
-0.00645629
-0.0518038
-0.102562
-0.152259
-0.194865
-0.226761
-0.24687
-0.255803
-0.252349
-0.236503
-0.211302
-0.179667
-0.143938
-0.10738
-0.0727941
-0.0416148
-0.014344
0.00878048
0.0259797
0.0347657
0.0337172
0.0234669
0.00747635
-0.00964628
-0.0260461
-0.0414523
-0.0558844
-0.0694692
-0.0823292
-0.0943892
-0.105594
-0.115977
-0.125171
-0.132654
-0.138211
-0.142277
-0.145825
-0.149513
-0.153583
-0.158021
-0.162593
-0.166922
-0.170712
-0.173977
-0.177076
-0.180664
-0.185524
-0.192178
-0.200275
-0.20827
-0.213417
-0.212504
-0.203271
-0.185475
-0.161113
-0.132373
-0.101204
-0.0700254
-0.0405181
-0.0136588
0.00984869
0.0291963
0.0425597
0.0481224
0.0446474
0.0305563
0.00582371
-0.0278937
-0.0688715
-0.113632
-0.156888
-0.192452
-0.216881
-0.230346
-0.235471
-0.233252
-0.223731
-0.208145
-0.188135
-0.163501
-0.133749
-0.0987256
-0.0569703
-0.00742454
0.0487455
0.107625
0.164483
0.215999
0.25997
0.295176
0.320625
0.335314
0.339138
0.331593
0.31311
0.285369
0.249529
0.208393
0.16629
0.126253
0.0901763
0.0591717
0.0336407
0.0140999
0.00039092
-0.00879924
-0.0141549
-0.0154375
-0.0128587
-0.00753908
-0.000143281
0.0103345
0.0256219
0.0471678
0.07547
0.109318
0.146619
0.186387
0.227517
0.267726
0.303959
0.334093
0.357737
0.375526
0.386634
0.389567
0.384261
0.372533
0.355809
0.334725
0.310961
0.287522
0.266856
0.250351
0.238199
0.230469
0.228904
0.235341
0.250207
0.272439
0.298644
0.323173
0.341474
0.350035
0.346702
0.332507
0.311908
0.289181
0.267204
0.248899
0.237533
0.236199
0.246778
0.268377
0.296899
0.328492
0.360556
0.389877
0.412831
0.42759
0.432986
0.427907
0.413112
0.390648
0.361487
0.327943
0.29456
0.265498
0.244679
0.235003
0.236365
0.244912
0.255763
0.265603
0.271354
0.270022
0.259478
0.238505
0.205638
0.160099
0.104409
0.043725
-0.0173034
-0.0730229
-0.117155
-0.14574
-0.157612
-0.152754
-0.133291
-0.103933
-0.0666615
-0.0232494
0.0239657
0.0728706
0.120171
0.162019
0.196195
0.221441
0.234853
0.232218
0.21034
0.166897
0.101013
0.0176287
-0.0731776
-0.161476
-0.237602
-0.296838
-0.339347
-0.366634
-0.379676
-0.380106
-0.370016
-0.35248
-0.327606
-0.293672
-0.250475
-0.200107
-0.145188
-0.0902151
-0.0411322
-0.00125221
0.0285461
0.0475774
0.0525751
0.0405462
0.0104138
-0.0390404
-0.104861
-0.179056
-0.255636
-0.330145
-0.397335
-0.451524
-0.488402
-0.507405
-0.512263
-0.506594
-0.493114
-0.475377
-0.455067
-0.4327
-0.409183
-0.385743
-0.364108
-0.346522
-0.335267
-0.331713
-0.335625
-0.34488
-0.357178
-0.371656
-0.387606
-0.40379
-0.418216
-0.428348
-0.431985
-0.427729
-0.414189
-0.387151
-0.342623
-0.280695
-0.206806
-0.128039
-0.0520123
0.0127328
0.0606976
0.0897793
0.0986225
0.0831763
0.0421679
-0.0197765
-0.0957549
-0.173943
-0.242109
-0.294204
-0.329066
-0.347222
-0.347282
-0.328422
-0.289076
-0.226139
-0.141465
-0.0460715
0.044413
0.120355
0.177353
0.215099
0.23499
0.238374
0.229912
0.21566
0.197071
0.173851
0.145792
0.11308
0.0776805
0.0431488
0.013223
-0.00866234
-0.0203124
-0.0218258
-0.0149983
-0.00223118
0.0145217
0.0347069
0.0575617
0.081265
0.103916
0.124054
0.140681
0.153638
0.16399
0.173253
0.181845
0.189723
0.197014
0.204066
0.211177
0.218537
0.22625
0.234219
0.242103
0.249379
0.255437
0.259666
0.26168
0.26149
0.259251
0.254713
0.24783
0.239044
0.228711
0.217458
0.206723
0.198714
0.195869
0.200103
0.211792
0.228947
0.248523
0.269157
0.289886
0.308909
0.323282
0.329383
0.324244
0.307242
0.28143
0.251478
0.219329
0.186054
0.153277
0.122494
0.0948151
0.0709951
0.051942
0.0391635
0.0334115
0.0331961
0.0354681
0.0392032
0.0443674
0.0506602
0.0574017
0.0638129
0.069321
0.0735508
0.0765461
0.0788838
0.0814046
0.0845335
0.0883362
0.0924781
0.096139
0.0980207
0.0966251
0.0907233
0.0799018
0.064893
0.0466151
0.0243764
-0.0029246
-0.035612
-0.0733305
-0.115746
-0.161278
-0.206579
-0.24819
-0.284446
-0.315595
-0.343425
-0.369323
-0.392532
-0.411138
-0.422777
-0.424669
-0.4154
-0.396417
-0.370647
-0.339304
-0.303932
-0.267559
-0.232981
-0.201966
-0.175454
-0.153618
-0.135495
-0.118791
-0.101326
-0.0816576
-0.0586585
-0.0315924
-0.000535645
0.0338131
0.0717005
0.113501
0.158033
0.201458
0.237616
0.260798
0.266312
0.248842
0.204391
0.134319
0.0447043
-0.0552522
-0.15402
-0.243017
-0.315523
-0.36671
-0.396166
-0.407088
-0.399786
-0.375792
-0.338739
-0.290493
-0.235617
-0.182799
-0.139851
-0.110585
-0.0960355
-0.0976514
-0.115175
-0.144654
-0.181986
-0.223356
-0.263372
-0.296819
-0.319251
-0.327594
-0.320816
-0.298702
-0.263245
-0.217868
-0.166256
-0.115197
-0.0738489
-0.047425
-0.0349971
-0.0320084
-0.0373456
-0.0505623
-0.0693203
-0.091093
-0.114621
-0.138698
-0.162071
-0.184151
-0.204563
-0.222544
-0.237221
-0.248045
-0.254368
-0.255288
-0.250669
-0.241537
-0.22841
-0.210046
-0.185041
-0.153181
-0.115685
-0.0764586
-0.0411358
-0.012701
0.00842816
0.022849
0.0306275
0.0327715
0.0318282
0.0295034
0.026092
0.0217949
0.0176017
0.0154912
0.018214
0.0285437
0.0483211
0.0780058
0.115945
0.156739
0.192861
0.218925
0.231286
0.226731
0.203069
0.162023
0.109265
0.0532107
0.0033609
-0.0349768
-0.0602309
-0.0724922
-0.0696096
-0.0505303
-0.0183402
0.02179
0.0644989
0.102592
0.129176
0.141451
0.139605
0.123055
0.0938435
0.0583738
0.0230679
-0.00721622
-0.0281383
-0.0364809
-0.0307745
-0.0104619
0.0227803
0.0645638
0.112265
0.162874
0.212268
0.254607
0.284218
0.300106
0.302366
0.293168
0.277652
0.259336
0.240549
0.223791
0.211631
0.206472
0.20948
0.219204
0.232075
0.246293
0.261537
0.277241
0.291756
0.302318
0.305915
0.300644
0.286161
0.262672
0.231829
0.196704
0.161079
0.129916
0.106638
0.0892451
0.0744682
0.0616046
0.0509836
0.042815
0.0370075
0.0329943
0.0290107
0.0222187
0.010091
-0.00851416
-0.0328074
-0.0605386
-0.087785
-0.108345
-0.115242
-0.105009
-0.0787103
-0.0385891
0.0118386
0.0646004
0.109141
0.141106
0.162316
0.177784
0.189916
0.199973
0.209353
0.218023
0.225065
0.2296
0.231421
0.231072
0.229098
0.225281
0.219061
0.209962
0.198004
0.18354
0.166056
0.144656
0.119203
0.0911759
0.0633305
0.0374718
0.0151146
-0.00149428
-0.0101225
-0.00926301
0.000898927
0.0181715
0.0408379
0.066838
0.0927919
0.115843
0.134577
0.148115
0.154769
0.15319
0.143243
0.124634
0.0962299
0.0586975
0.0162933
-0.024973
-0.0615747
-0.0917833
-0.115237
-0.132111
-0.140107
-0.136562
-0.120874
-0.0945346
-0.0598042
-0.0221847
0.0102601
0.0331367
0.0448524
0.0439713
0.0298868
0.00471689
-0.0280003
-0.0647708
-0.100118
-0.127482
-0.142817
-0.144946
-0.134871
-0.116798
-0.0971506
-0.0781727
-0.0596118
-0.0410541
-0.0231613
-0.0080357
0.00170743
0.0045532
0.00071127
-0.00904571
-0.0240675
-0.0424519
-0.061
-0.0760366
-0.0837085
-0.0823277
-0.0748778
-0.0652007
-0.0544792
-0.0430277
-0.0317531
-0.0227921
-0.019666
-0.0266656
-0.0479978
-0.0873942
-0.145763
-0.217391
-0.290505
-0.355602
-0.406899
-0.441842
-0.461982
-0.470985
-0.470571
-0.463173
-0.451886
-0.434952
-0.408217
-0.368234
-0.313314
-0.242343
-0.157519
-0.0675945
0.0112563
0.0637427
0.0929914
0.107126
0.109412
0.101366
0.0866256
0.0709251
0.0564974
0.0439386
0.0342194
0.0289536
0.0295619
0.0360476
0.0461946
0.0569688
0.0674805
0.0779435
0.0884198
0.097963
0.104573
0.105562
0.0979844
0.08
0.05156
0.0132836
-0.0312757
-0.0753763
-0.11352
-0.142187
-0.159731
-0.166008
-0.159811
-0.140486
-0.109688
-0.0692603
-0.0214709
0.0290333
0.0770257
0.119347
0.154483
0.182707
0.205165
0.220304
0.225928
0.221751
0.21018
0.194043
0.174334
0.151937
0.12812
0.103804
0.0802207
0.059315
0.0435122
0.0352594
0.0365773
0.0482728
0.0687108
0.0954364
0.128642
0.168806
0.214273
0.261274
0.306784
0.348514
0.384061
0.410078
0.420511
0.40948
0.375205
0.321042
0.250824
0.171245
0.092813
0.023182
-0.032169
-0.0699595
-0.0912651
-0.100637
-0.0996524
-0.0883036
-0.069148
-0.0473597
-0.0259057
-0.0054186
0.0140152
0.0318785
0.0469962
0.0582973
0.065045
0.0663784
0.0625818
0.0561558
0.0508251
0.0492972
0.053179
0.0627055
0.0761187
0.0906657
0.104579
0.116269
0.123691
0.124596
0.116923
0.0984474
0.0662166
0.0198057
-0.035462
-0.0887256
-0.130087
-0.154454
-0.160019
-0.144713
-0.10878
-0.0570155
0.00562287
0.0743877
0.142074
0.200929
0.243479
0.26382
0.260604
0.238668
0.204427
0.161802
0.116641
0.0778263
0.0519645
0.0403053
0.0405939
0.0496457
0.0625732
0.0757991
0.0864959
0.0909926
0.0850184
0.0648738
0.0287538
-0.0237078
-0.0911149
-0.166445
-0.237715
-0.296689
-0.340485
-0.369048
-0.380167
-0.369314
-0.334777
-0.279791
-0.208014
-0.123549
-0.0345659
0.0495208
0.122407
0.180446
0.222809
0.249935
0.260379
0.254973
0.239205
0.218847
0.195793
0.170869
0.145468
0.121007
0.0991694
0.0817247
0.069978
0.0639925
0.0618086
0.0606155
0.0593253
0.0578538
0.056425
0.0554422
0.0552696
0.0560685
0.0575721
0.0589503
0.0587554
0.0551413
0.0463238
0.0313463
0.0104539
-0.0154049
-0.0440354
-0.0730993
-0.101499
-0.128624
-0.153907
-0.176808
-0.196567
-0.211542
-0.22015
-0.222101
-0.21834
-0.209058
-0.195124
-0.178992
-0.163044
-0.14799
-0.133463
-0.118761
-0.103407
-0.0872886
-0.0707263
-0.0546244
-0.0404527
-0.030159
-0.0259974
-0.0297725
-0.0415642
-0.0593708
-0.0810556
-0.104783
-0.128201
-0.149291
-0.166978
-0.180989
-0.191963
-0.200629
-0.205466
-0.203641
-0.192559
-0.170315
-0.134815
-0.0857749
-0.0276389
0.0314962
0.0865956
0.134614
0.173442
0.202327
0.220544
0.225472
0.215448
0.191084
0.152211
0.100419
0.0428595
-0.00931168
-0.0494573
-0.0753474
-0.0872814
-0.0845632
-0.0671343
-0.0376619
0.00142162
0.0478288
0.0969521
0.143037
0.18155
0.209061
0.224078
0.226997
0.217221
0.196096
0.167739
0.134365
0.0971867
0.0588289
0.0233148
-0.00632746
-0.0284414
-0.0430334
-0.0511281
-0.0530243
-0.0500325
-0.0446137
-0.0374846
-0.0287081
-0.0187363
-0.00819837
0.00266404
0.0138512
0.0254534
0.0376815
0.0508079
0.0650845
0.0805644
0.0971099
0.114748
0.133397
0.152377
0.170123
0.184171
0.191652
0.190339
0.180034
0.163548
0.145142
0.127092
0.11079
0.0974978
0.0881362
0.0831801
0.0830479
0.0887521
0.100467
0.11655
0.134624
0.152679
0.168284
0.178755
0.182287
0.177944
0.165525
0.146586
0.123536
0.0985421
0.0748972
0.056634
0.0455325
0.0418532
0.0468201
0.0606231
0.0809412
0.104094
0.125479
0.140559
0.147329
0.145131
0.134005
0.1166
0.0979388
0.0812199
0.0677651
0.058644
0.0550923
0.0579638
0.0674377
0.0819092
0.0982285
0.11489
0.13088
0.144481
0.153028
0.153461
0.143588
0.123498
0.0965316
0.0671031
0.0384365
0.0135053
-0.00536625
-0.0173927
-0.0228115
-0.0210151
-0.0121612
0.00192364
0.0197187
0.0402643
0.0616969
0.0812894
0.0974986
0.109889
0.118408
0.12182
0.118337
0.107217
0.0894816
0.066525
0.038958
0.00831789
-0.022254
-0.0496049
-0.0715035
-0.0867497
-0.0949471
-0.0950938
-0.0866167
-0.0704538
-0.0476301
-0.0194303
0.0113197
0.0414398
0.0690313
0.0928627
0.112189
0.126271
0.132797
0.129449
0.115665
0.0922874
0.0600889
0.0221489
-0.0154966
-0.0476154
-0.0718244
-0.0880457
-0.097005
-0.0994731
-0.0975578
-0.093944
-0.0893883
-0.0839052
-0.0776245
-0.0712413
-0.0663368
-0.0652214
-0.0703299
-0.0833444
-0.104544
-0.13202
-0.162385
-0.193044
-0.221527
-0.245713
-0.264124
-0.276389
-0.283741
-0.287781
-0.288213
-0.284249
-0.27613
-0.265448
-0.2538
-0.241409
-0.228126
-0.21454
-0.202315
-0.193712
-0.190647
-0.193653
-0.200991
-0.210033
-0.218693
-0.224839
-0.226531
-0.222655
-0.2133
-0.199253
-0.180884
-0.159416
-0.137397
-0.11698
-0.0991344
-0.0842324
-0.0727769
-0.0650453
-0.0607831
-0.0592922
-0.0589635
-0.0579853
-0.0553296
-0.0505708
-0.0439221
-0.0363766
-0.0291514
-0.0226785
-0.0169425
-0.0119815
-0.00852484
-0.00836987
-0.0136966
-0.0260568
-0.0451945
-0.0688934
-0.0949739
-0.121053
-0.144298
-0.162486
-0.174307
-0.17998
-0.181001
-0.177855
-0.170613
-0.160483
-0.149979
-0.141163
-0.134698
-0.130114
-0.12625
-0.122512
-0.118852
-0.115321
-0.111831
-0.108018
-0.103259
-0.0968564
-0.0884013
-0.0782233
-0.0677113
-0.0590157
-0.0541692
-0.0547088
-0.0610749
-0.0720607
-0.0857575
-0.10151
-0.118882
-0.137021
-0.155242
-0.172556
-0.187427
-0.197991
-0.202543
-0.200324
-0.192014
-0.178506
-0.159938
-0.137285
-0.112783
-0.0880914
-0.0644133
-0.0431084
-0.0257395
-0.0138571
-0.00841403
-0.0089732
-0.0129053
-0.0167346
-0.0190595
-0.0197799
-0.0190179
-0.0168132
-0.0134407
-0.00967543
-0.00645764
-0.00455863
-0.0046915
-0.00760988
-0.0142094
-0.0248224
-0.0387285
-0.0545583
-0.0699918
-0.0820827
-0.088593
-0.0884567
-0.0824024
-0.0725328
-0.0595261
-0.0429875
-0.0229384
-0.000226103
0.0244547
0.0506745
0.0773165
0.102133
0.121854
0.132974
0.133128
0.122843
0.105778
0.0857335
0.0667996
0.0530839
0.0464424
0.0465656
0.0519824
0.060944
0.0720707
0.0848701
0.0987807
0.112893
0.125586
0.1343
0.135979
0.128158
0.110558
0.0856579
0.0565149
0.0262567
-0.00132349
-0.0235165
-0.0387708
-0.0469996
-0.0491854
-0.0447511
-0.0325064
-0.012909
0.0116335
0.0391142
0.0666244
0.0902107
0.107524
0.11843
0.123786
0.123665
0.118785
0.110933
0.100911
0.088958
0.0756155
0.0615445
0.0480065
0.0370488
0.0311291
0.0321816
0.0404687
0.0539655
0.0700127
0.0884014
0.109987
0.135098
0.162937
0.191692
0.218173
0.23776
0.245604
0.238421
0.216297
0.182121
0.139264
0.0928602
0.0475138
0.00600434
-0.029612
-0.0579914
-0.0788306
-0.0919482
-0.0955945
-0.0887828
-0.0728526
-0.0496184
-0.0198316
0.0145068
0.0493836
0.0812806
0.108501
0.130911
0.149499
0.16439
0.173405
0.173859
0.164568
0.147532
0.127275
0.106257
0.0860238
0.0681556
0.0535908
0.0421287
0.0323654
0.0226732
0.0120894
-4.49132e-05
-0.0142345
-0.0306242
-0.0487267
-0.0674228
-0.0857218
-0.103056
-0.119034
-0.133372
-0.145957
-0.156682
-0.164749
-0.168684
-0.167173
-0.159625
-0.145656
-0.124914
-0.0986605
-0.0701924
-0.0425958
-0.0177319
0.00328763
0.0201451
0.0334782
0.0439239
0.0505399
0.0519883
0.0479196
0.0394802
0.0281538
0.0146629
6.89731e-05
-0.0136795
-0.0243944
-0.0305441
-0.0315006
-0.0271797
-0.0173783
-0.00298095
0.0137083
0.0309589
0.0483442
0.0660013
0.0842796
0.103581
0.124048
0.14529
0.166193
0.184926
0.19928
0.207323
0.20829
0.203288
0.194279
0.181905
0.166827
0.150677
0.135291
0.121849
0.111058
0.103114
0.0979018
0.0960352
0.097964
0.102951
0.109131
0.115035
0.119682
0.122266
0.122337
0.120112
0.11658
0.112723
0.108819
0.104842
0.100797
0.0968384
0.0933331
0.0908129
0.089828
0.090632
0.0928535
0.0955569
0.0979984
0.0994757
0.0992997
0.097105
0.0932522
0.0887871
0.0846517
0.0813445
0.0791675
0.0784556
0.0796112
0.0827668
0.0874498
0.0925866
0.0974102
0.102184
0.107456
0.113315
0.119083
0.123082
0.122843
0.115739
0.099782
0.0739376
0.0388419
-0.00127065
-0.0389584
-0.0686251
-0.0893143
-0.102923
-0.110126
-0.110864
-0.106348
-0.0988894
-0.0890862
-0.0771348
-0.0639953
-0.0508708
-0.0386576
-0.028242
-0.0208467
-0.017412
-0.0178791
-0.0209331
-0.0251586
-0.0300954
-0.0355176
-0.0408792
-0.0452124
-0.0471888
-0.0454588
-0.0392276
-0.0287299
-0.0148348
0.00126493
0.017291
0.0300715
0.0377492
0.0416661
0.0445583
0.0476639
0.0513204
0.0555395
0.0600885
0.0645963
0.068635
0.0718929
0.0742337
0.0757343
0.0766036
0.0768569
0.0762394
0.0744743
0.0714907
0.0676113
0.063378
0.0587922
0.0532947
0.0460996
0.0365017
0.0241521
0.00928923
-0.00674493
-0.0215086
-0.0327234
-0.0396675
-0.0432084
-0.0447754
-0.0447607
-0.0432224
-0.0406104
-0.0376611
-0.0345762
-0.0312668
-0.0276379
-0.0236305
-0.019259
-0.0145329
-0.00942704
-0.00396749
0.00166342
0.00707538
0.0116922
0.0148542
0.0160359
0.0151494
0.0128484
0.0102908
0.00802958
0.00620356
0.00477015
0.00354722
0.00239122
0.00124592
0.000101721
-0.00104375
-0.00216131
-0.00309315
-0.00353131
-0.00311403
-0.00155782
0.00118953
0.00481388
0.00883082
0.0133052
0.018667
0.0254181
0.0339126
0.0441836
0.0561335
0.0696397
0.0843097
0.0996707
0.114966
0.128903
0.139746
0.145786
0.146065
0.141197
0.133165
0.123131
0.111622
0.0992566
0.0863673
0.0729773
0.0591865
0.0453934
0.0322533
0.0205603
0.0110535
0.00426582
0.000234881
-0.00191686
-0.00365769
-0.00608245
-0.0101523
-0.0167231
-0.0262202
-0.0383137
-0.0521496
-0.0669926
-0.0816987
-0.0944816
-0.103534
-0.107881
-0.107955
-0.10569
-0.103131
-0.10106
-0.099593
-0.0986683
-0.0983431
-0.0988733
-0.100534
-0.103394
-0.107219
-0.111802
-0.117244
-0.123618
-0.130734
-0.138254
-0.145796
-0.152763
-0.15829
-0.161325
-0.160791
-0.156056
-0.147252
-0.134676
-0.118373
-0.099163
-0.0786928
-0.0578271
-0.0372618
-0.018088
-0.00175574
0.0100178
0.0156657
0.0148352
0.00948241
0.00312902
-0.00265388
-0.00762006
-0.0120673
-0.0167882
-0.0227449
-0.0305835
-0.0403588
-0.0513457
-0.0620646
-0.0710099
-0.0771192
-0.0799564
-0.0795925
-0.0758818
-0.0691695
-0.0607502
-0.0519985
-0.0435614
-0.0358671
-0.0295997
-0.0257334
-0.0250954
-0.0277238
-0.0323271
-0.0368302
-0.0405901
-0.0439893
-0.0476668
-0.0516973
-0.0551632
-0.0565344
-0.0544832
-0.0485147
-0.039356
-0.028396
-0.0164016
-0.00420264
0.0067991
0.0147246
0.0176929
0.0148455
0.00745029
-0.0014559
-0.00968506
-0.0160759
-0.0199695
-0.021363
-0.0207579
-0.0182148
-0.0131975
-0.00536948
0.00498478
0.0171431
0.0297666
0.041657
0.052202
0.0611688
0.0684643
0.0734426
0.0749325
0.0720173
0.0648518
0.0546864
0.0424589
0.0290397
0.0157068
0.00348666
-0.00720523
-0.016517
-0.0249135
-0.0324614
-0.0389261
-0.0441982
-0.0485528
-0.0525306
-0.0561848
-0.0592893
-0.061596
-0.0629755
-0.0635687
-0.0637602
-0.0638304
-0.0639656
-0.064365
-0.0652459
-0.0667891
-0.0690608
-0.0720234
-0.0756083
-0.0795115
-0.0830537
-0.0852848
-0.0853884
-0.0830028
-0.0785796
-0.0735779
-0.0697758
-0.0679509
-0.0679437
-0.0690217
-0.0707067
-0.0730865
-0.0764494
-0.0810064
-0.0868537
-0.0940548
-0.102233
-0.110342
-0.116951
-0.120554
-0.11995
-0.114834
-0.106268
-0.0959442
-0.0846105
-0.0728551
-0.0617942
-0.0530803
-0.0483802
-0.0485545
-0.0530527
-0.0602037
-0.0693099
-0.0803581
-0.0929572
-0.105944
-0.117128
-0.123867
-0.124734
-0.120224
-0.112344
-0.102336
-0.0909258
-0.0794194
-0.069611
-0.0626241
-0.0590323
-0.0594936
-0.0647725
-0.0746804
-0.0875868
-0.101642
-0.115096
-0.125937
-0.132438
-0.133455
-0.128298
-0.116566
-0.0995215
-0.0806543
-0.0635014
-0.0494086
-0.0380088
-0.0280905
-0.0190912
-0.0111155
-0.00430176
0.00154161
0.00695168
0.0121091
0.0168721
0.0210154
0.0243626
0.0268718
0.0286654
0.0298474
0.0303786
0.0302418
0.0296005
0.0287029
0.0274839
0.0256944
0.023098
0.019584
0.0152922
0.0105161
0.00526977
-0.00069955
-0.0076863
-0.0159081
-0.0255814
-0.0368843
-0.0494906
-0.0621904
-0.0729629
-0.0796709
-0.0806176
-0.0753206
-0.0654214
-0.0540396
-0.0426263
-0.0316923
-0.0216237
-0.0126941
-0.00505212
0.0012962
0.00624032
0.00969651
0.0120261
0.013988
0.0159274
0.0179942
0.0203438
0.023104
0.0263157
0.0298364
0.0333635
0.0366725
0.0396249
0.0421014
0.0439644
0.0449098
0.0444399
0.0421635
0.0381478
0.0329973
0.0273343
0.0216568
0.0166262
0.0131316
0.0121746
0.0146475
0.0207759
0.0294949
0.0384675
0.0457181
0.0512322
0.0561062
0.0608511
0.0651949
0.0683999
0.0695606
0.0680246
0.0638649
0.0580493
0.0516555
0.0450943
0.038469
0.0318281
0.0252054
0.0186026
0.0119386
0.00504937
-0.00230058
-0.0103611
-0.0192886
-0.0289987
-0.0391223
-0.0492041
-0.058663
-0.066744
-0.0726619
-0.0758766
-0.0764528
-0.0749525
-0.0714071
-0.0655985
-0.0577962
-0.0489978
-0.0403477
-0.0324709
-0.0256525
-0.0198963
-0.0149097
-0.0104414
-0.00682361
-0.00471618
-0.00475222
-0.00722131
-0.0121151
-0.0199477
-0.0312662
-0.045687
-0.0612237
-0.074592
-0.083136
-0.0855665
-0.0817895
-0.0720265
-0.0579705
-0.0427141
-0.0278733
-0.0135741
0.000429576
0.0137901
0.0252239
0.0330822
0.0363256
0.0352361
0.0310842
0.0241527
0.0146957
0.00386357
-0.00671255
-0.0159082
-0.0230357
-0.0278588
-0.0309124
-0.0332739
-0.035441
-0.037324
-0.0386934
-0.0394092
-0.0396229
-0.0398012
-0.0405172
-0.0422259
-0.0451244
-0.0489408
-0.0529045
-0.0561214
-0.0578403
-0.0575499
-0.0552103
-0.0514171
-0.046991
-0.0421586
-0.0368868
-0.0312155
-0.0253451
-0.0195251
-0.0139051
-0.00858243
-0.00366325
0.000621773
0.00394993
0.00610935
0.00719012
0.00757444
0.00748394
0.00684875
0.0055543
0.00363226
0.00132544
-0.00107414
-0.00340539
-0.00557092
-0.00751425
-0.00924193
-0.0108416
-0.0124272
-0.0140367
-0.0156657
-0.0173047
-0.0189537
-0.020636
-0.0223985
-0.0243027
-0.0264286
-0.0289164
-0.0318554
-0.0351517
-0.0384239
-0.0409804
-0.0419469
-0.0405894
-0.0366482
-0.0307054
-0.0239502
-0.0169515
-0.00998523
-0.00338634
0.00251534
0.0075297
0.0116904
0.0152246
0.0182514
0.0205276
0.0217452
0.0218023
0.0210118
0.0199644
0.018898
0.0177882
0.0164877
0.0147499
0.0123203
0.00896262
0.00441883
-0.00131113
-0.00766041
-0.013418
-0.0170235
-0.0169775
-0.0123303
-0.00333741
0.00815666
0.0197867
0.0307602
0.0413146
0.0520099
0.0631193
0.0742333
0.0842946
0.0917938
0.095251
0.0938913
0.0884042
0.0806522
0.0716329
0.0621882
0.0535613
0.0469182
0.0430178
0.0419825
0.0433907
0.0470056
0.0522949
0.0584895
0.0653074
0.0724528
0.0792396
0.0845884
0.0873786
0.0869753
0.0836421
0.0784467
0.0719976
0.0640703
0.0543096
0.0426065
0.0292666
0.0154456
0.00333551
-0.00463961
-0.00777368
-0.00731359
-0.00521098
-0.00217896
0.00163208
0.00600271
0.010782
0.0159581
0.0214336
0.0268658
0.0317144
0.035419
0.0376738
0.0386777
0.0392855
0.040644
0.0434434
0.0478572
0.0534774
0.0594549
0.0652861
0.070856
0.0762307
0.0815438
0.086887
0.092124
0.0965961
0.0992162
0.098879
0.0950056
0.0881741
0.0800519
0.0721229
0.0660596
0.0638965
0.0675601
0.0781098
0.0946228
0.113843
0.132141
0.147593
0.159515
0.168282
0.175225
0.181405
0.186606
0.190003
0.190892
0.189237
0.185913
0.181972
0.177898
0.173921
0.170223
0.166936
0.164122
0.161788
0.160011
0.158824
0.158208
0.158177
0.158583
0.159001
0.158833
0.15738
0.154019
0.148497
0.141275
0.133449
0.125833
0.11895
0.113283
0.109317
0.107691
0.109324
0.114822
0.123914
0.135765
0.149853
0.165227
0.180438
0.194828
0.20824
0.220663
0.231767
0.240311
0.244723
0.243936
0.23822
0.229256
0.218416
0.206229
0.193159
0.179665
0.166079
0.152862
0.140726
0.130481
0.122768
0.117665
0.114738
0.113915
0.115225
0.118133
0.12168
0.125518
0.129583
0.133672
0.137322
0.139816
0.140381
0.138484
0.134216
0.128381
0.121753
0.11438
0.10604
0.0966416
0.0863761
0.0755341
0.064339
0.0531612
0.0426585
0.0337188
0.0273148
0.0242401
0.0245988
0.0274297
0.0313851
0.0360742
0.0414985
0.0474702
0.05352
0.0590604
0.063373
0.0657127
0.0656323
0.0633335
0.0595936
0.054767
0.0489414
0.042427
0.0358271
0.029844
0.0253186
0.0230831
0.0236041
0.0265523
0.0307924
0.0353695
0.0398686
0.0440054
0.0474408
0.0497411
0.0503487
0.0487272
0.0448065
0.0394067
0.0339879
0.029347
0.0257775
0.0232395
0.0213174
0.0195152
0.0177254
0.0160825
0.014774
0.0139359
0.0135423
0.0133935
0.0132926
0.0131401
0.0129084
0.0126402
0.0124486
0.0124847
0.0128717
0.013601
0.0144252
0.0147851
0.0138345
0.010613
0.00438717
-0.00490444
-0.0165288
-0.0297458
-0.0439372
-0.0581895
-0.0714438
-0.0825558
-0.0904457
-0.0944998
-0.0949295
-0.093084
-0.0907593
-0.0886866
-0.0869895
-0.0856124
-0.0843769
-0.0831209
-0.081883
-0.080886
-0.0803683
-0.0804304
-0.0808754
-0.0811794
-0.0807245
-0.0791133
-0.0762706
-0.0724246
-0.0677173
-0.0621752
-0.0560602
-0.0501065
-0.045517
-0.0436063
-0.0452171
-0.0502278
-0.0572259
-0.0642391
-0.0702512
-0.0749303
-0.0783959
-0.081199
-0.0838969
-0.0867161
-0.0896952
-0.0928215
-0.0960592
-0.0993517
-0.102545
-0.105393
-0.10758
-0.108798
-0.108873
-0.107917
-0.106359
-0.104592
-0.102633
-0.10031
-0.0974262
-0.0938701
-0.0897065
-0.0850886
-0.0798897
-0.0738462
-0.0667611
-0.0586606
-0.0497714
-0.0401138
-0.0296409
-0.018559
-0.00749801
0.00256895
0.0106586
0.0160349
0.0185797
0.019098
0.0188213
0.0183456
0.0180197
0.0182607
0.0195137
0.0221014
0.0259411
0.0302645
0.0335318
0.033864
0.0297592
0.0206967
0.00783237
-0.00607927
-0.0186473
-0.0287639
-0.0361324
-0.0406744
-0.0419433
-0.0397615
-0.0347798
-0.0279182
-0.0191883
-0.0085586
0.00335791
0.0154088
0.0257817
0.0322227
0.0329437
0.0275665
0.0179992
0.00773266
-0.00147329
-0.00902703
-0.0147706
-0.0187327
-0.0209322
-0.0217717
-0.0220817
-0.0224748
-0.0230985
-0.0239252
-0.0248762
-0.0258592
-0.026785
-0.027652
-0.0285432
-0.0295617
-0.0307619
-0.0321111
-0.0334861
-0.0347527
-0.0357749
-0.0364518
-0.0367689
-0.0368383
-0.0368263
-0.0368143
-0.0368339
-0.0369041
-0.037026
-0.0371836
-0.0373345
-0.0374152
-0.0373526
-0.0370988
-0.0366735
-0.0362151
-0.0360071
-0.0364626
-0.0380342
-0.0410495
-0.0454986
-0.0509032
-0.0566254
-0.062482
-0.0684994
-0.0746529
-0.0807345
-0.0862553
-0.0904208
-0.0922042
-0.0906966
-0.0855074
-0.0766744
-0.0642509
-0.0491894
-0.0335064
-0.0188577
-0.0064388
0.00283382
0.00828167
0.00909504
0.0050321
-0.00255226
-0.0109162
-0.0181847
-0.0235764
-0.0269598
-0.0288143
-0.0297505
-0.0297955
-0.0287863
-0.0267863
-0.0240165
-0.0205999
-0.0168637
-0.0135328
-0.0115191
-0.0115967
-0.0141266
-0.0189254
-0.0257229
-0.034482
-0.044714
-0.054966
-0.0630172
-0.0669534
-0.0656739
-0.0595134
-0.0507112
-0.0421832
-0.03513
-0.0295088
-0.0247622
-0.0205282
-0.0167359
-0.0133767
-0.0104964
-0.00822148
-0.00653284
-0.00516621
-0.00386294
-0.00236343
-0.000381118
0.00232605
0.00581942
0.00989713
0.0142192
0.0184437
0.0221332
0.02476
0.0258596
0.0252637
0.0233618
0.0209808
0.0186193
0.0166592
0.0155574
0.0157748
0.0176281
0.0210619
0.0255897
0.0307808
0.036677
0.0434007
0.0508061
0.0583575
0.0652933
0.0707864
0.0741038
0.0749149
0.0736715
0.0713999
0.0685192
0.0652777
0.062227
0.0602794
0.060602
0.064264
0.0717244
0.082214
0.0940022
0.106116
0.117808
0.128053
0.13565
0.139531
0.139339
0.136019
0.131552
0.127007
0.122498
0.117797
0.112621
0.10685
0.100707
0.0948477
0.0903103
0.0882789
0.089642
0.0944335
0.101565
0.109573
0.117375
0.12384
0.127643
0.127569
0.123045
0.114771
0.104637
0.0939794
0.0829685
0.0713746
0.0591061
0.0465383
0.034708
0.0252545
0.0200366
0.0204059
0.0263013
0.0358626
0.046843
0.0579803
0.0681974
0.0761462
0.0803842
0.0798547
0.0746
0.0662364
0.0569531
0.0474556
0.0377117
0.0276738
0.0175147
0.00778858
-0.0006174
-0.00671742
-0.00985711
-0.0102101
-0.00893531
-0.00728622
-0.00571784
-0.00425099
-0.00274545
-0.000991678
0.00117336
0.00375646
0.00650419
0.00885312
0.00997729
0.00897519
0.00510657
-0.00203236
-0.0118915
-0.0227744
-0.0327608
-0.0402072
-0.0437424
-0.042512
-0.0364111
-0.0268984
-0.0169113
-0.00866665
-0.00263273
0.00188715
0.00577946
0.00894146
0.0106223
0.00997991
0.00656906
0.000879916
-0.00578319
-0.0126146
-0.0193248
-0.0257274
-0.0315035
-0.0358921
-0.0379588
-0.0370814
-0.0335112
-0.0285282
-0.0235386
-0.0191907
-0.0157125
-0.0132644
-0.0122524
-0.0131121
-0.0159589
-0.0205477
-0.026812
-0.0348767
-0.0444712
-0.0547488
-0.0648346
-0.0740638
-0.0818322
-0.0875262
-0.090397
-0.0899527
-0.0865515
-0.0812428
-0.0744159
-0.0664136
-0.0579944
-0.0499138
-0.042772
-0.0370809
-0.0332917
-0.0318407
-0.0327348
-0.0352309
-0.0383771
-0.0420583
-0.0465292
-0.0518825
-0.0577516
-0.0631218
-0.0663946
-0.0658458
-0.0606189
-0.0515812
-0.0411283
-0.0311512
-0.0222388
-0.0145043
-0.00806456
-0.00293149
0.000878917
0.00285829
0.00244752
-0.000398869
-0.00522271
-0.0118562
-0.0198896
-0.0284356
-0.0368011
-0.0444715
-0.0509533
-0.0558179
-0.0586567
-0.0587644
-0.0555171
-0.049032
-0.0401323
-0.0292239
-0.0169497
-0.00447487
0.0073645
0.0180643
0.0272684
0.0346059
0.0392285
0.0399546
0.0360843
0.0277982
0.0156135
0.00101067
-0.0132512
-0.0246359
-0.0317412
-0.0343868
-0.0332673
-0.0285675
-0.0206995
-0.0103808
0.00218811
0.0164469
0.0310173
0.0444293
0.0559782
0.0657019
0.0743099
0.0825719
0.0902629
0.0964996
0.10023
0.100651
0.0976279
0.0914752
0.082345
0.0709874
0.0590538
0.0481031
0.0391246
0.0326422
0.0287363
0.027327
0.0283453
0.0313052
0.035687
0.0418651
0.0501855
0.059855
0.0694921
0.0781167
0.0848723
0.0886085
0.0879908
0.0823407
0.0725581
0.0612949
0.0512853
0.0435904
0.0381839
0.034773
0.0327784
0.0315976
0.0312474
0.0319446
0.0336752
0.0362031
0.0395447
0.0437171
0.0485708
0.0540001
0.0599507
0.0662244
0.072357
0.0776315
0.0811796
0.0822092
0.0803563
0.076075
0.0704391
0.0638242
0.0560061
0.0467399
0.0359898
0.0241332
0.0122608
0.00202736
-0.00525983
-0.009134
-0.0103007
-0.0102358
-0.00941764
-0.00786441
-0.00577388
-0.00370899
-0.00253572
-0.00303707
-0.00575358
-0.010712
-0.0173808
-0.0253467
-0.0344384
-0.04428
-0.0542989
-0.0640831
-0.0732004
-0.0810666
-0.0869025
-0.0899655
-0.0900205
-0.087677
-0.0838729
-0.0788049
-0.072531
-0.0655236
-0.0586072
-0.0526238
-0.0484782
-0.0470892
-0.0492075
-0.0549336
-0.06364
-0.075005
-0.0886161
-0.103364
-0.117895
-0.131195
-0.142415
-0.150917
-0.15659
-0.15964
-0.159535
-0.155824
-0.14909
-0.140794
-0.131807
-0.1229
-0.115098
-0.109182
-0.105342
-0.102955
-0.100927
-0.0988859
-0.0969154
-0.0951869
-0.0938533
-0.092902
-0.0921192
-0.0911605
-0.0897035
-0.0875276
-0.0846449
-0.0813926
-0.0783256
-0.0759202
-0.0745349
-0.0743074
-0.0749875
-0.0759756
-0.0767683
-0.0769955
-0.0763616
-0.0747209
-0.072196
-0.0692025
-0.0661498
-0.0631599
-0.060212
-0.0572616
-0.0542996
-0.0514234
-0.0488852
-0.0470225
-0.0461231
-0.0462586
-0.0471592
-0.0483787
-0.0496684
-0.0508329
-0.0516206
-0.0517519
-0.0510014
-0.0493338
-0.0470062
-0.044418
-0.0417756
-0.0392363
-0.0370231
-0.0354108
-0.0346563
-0.0348711
-0.0358811
-0.0372939
-0.0389653
-0.0409762
-0.0434305
-0.0463359
-0.0495526
-0.0529089
-0.0563201
-0.0597342
-0.0630976
-0.0663638
-0.069507
-0.0725441
-0.0755484
-0.0786314
-0.0818674
-0.085252
-0.0886716
-0.0918803
-0.0945147
-0.0961697
-0.0965404
-0.0956027
-0.0936813
-0.0911239
-0.0880164
-0.0844264
-0.0805472
-0.0765605
-0.0725071
-0.0683891
-0.0642569
-0.0602586
-0.056704
-0.0540386
-0.052709
-0.0529757
-0.0547628
-0.057877
-0.0624466
-0.0684832
-0.0755354
-0.082872
-0.0896872
-0.0949514
-0.0974152
-0.0958449
-0.0896218
-0.0795005
-0.0673522
-0.0542339
-0.0410024
-0.0286702
-0.0179721
-0.00936533
-0.00295397
0.00140961
0.0042983
0.00669434
0.00907965
0.011441
0.0136136
0.0154313
0.0168515
0.0180308
0.0193542
0.0213495
0.0245242
0.0291968
0.0354088
0.0426882
0.0497856
0.0548042
0.0560585
0.0528467
0.0459699
0.0373937
0.0283932
0.0200473
0.013497
0.00925135
0.00694641
0.00552183
0.00414213
0.00252913
0.000659895
-0.00141552
-0.00362773
-0.00591871
-0.00822223
-0.010474
-0.0126691
-0.0148437
-0.0170212
-0.0191974
-0.0213324
-0.0233704
-0.0252608
-0.0269934
-0.0286122
-0.0301784
-0.0316868
-0.0331056
-0.0344157
-0.0356468
-0.0369009
-0.0383618
-0.0402639
-0.0428225
-0.0461219
-0.0499999
-0.0540646
-0.0579877
-0.0615285
-0.0645
-0.0668161
-0.0685682
-0.0700263
-0.0714126
-0.0726973
-0.0737332
-0.0743875
-0.0746506
-0.0747291
-0.0750829
-0.0763394
-0.0790102
-0.0831447
-0.0881084
-0.0927266
-0.0960222
-0.0972867
-0.0962231
-0.0932663
-0.0894558
-0.0854935
-0.0817435
-0.0785325
-0.0761984
-0.0750248
-0.07508
-0.076031
-0.0772517
-0.0784488
-0.0794766
-0.0801516
-0.0802592
-0.0796081
-0.0781534
-0.0760608
-0.0735322
-0.070664
-0.0676669
-0.065014
-0.0634353
-0.0637663
-0.0666255
-0.0719976
-0.0789351
-0.0859929
-0.0922282
-0.0970239
-0.100026
-0.101351
-0.101687
-0.1019
-0.102261
-0.102662
-0.102849
-0.102518
-0.10145
-0.0996275
-0.0972907
-0.0947728
-0.092334
-0.0902061
-0.0885904
-0.0875808
-0.0870735
-0.086735
-0.0861453
-0.0848874
-0.0825927
-0.0790724
-0.0745041
-0.0694301
-0.0643676
-0.0598376
-0.0564859
-0.0549955
-0.0558804
-0.0591787
-0.0645332
-0.0720179
-0.0818261
-0.0935437
-0.106128
-0.118772
-0.130578
-0.140317
-0.146574
-0.148118
-0.144674
-0.137693
-0.129769
-0.12191
-0.114123
-0.106136
-0.0975729
-0.0882331
-0.078274
-0.0683699
-0.0596955
-0.0537489
-0.0519393
-0.0549259
-0.0618845
-0.0704483
-0.0784458
-0.0855913
-0.0926594
-0.100279
-0.108788
-0.118122
-0.127645
-0.136148
-0.142058
-0.144109
-0.142463
-0.138748
-0.134641
-0.130612
-0.12641
-0.121574
-0.115756
-0.108968
-0.101752
-0.0951022
-0.0899297
-0.0867718
-0.0855475
-0.0854611
-0.0855485
-0.0852294
-0.084085
-0.0817538
-0.0779784
-0.0725136
-0.0649897
-0.0553762
-0.0442961
-0.0326626
-0.0212992
-0.0112047
-0.0035791
0.000518186
0.00068981
-0.00221963
-0.00638063
-0.0107953
-0.0153206
-0.020062
-0.0251144
-0.0303926
-0.0355859
-0.0401628
-0.0434922
-0.045079
-0.0448648
-0.0434224
-0.0415913
-0.0397126
-0.0378511
-0.0360093
-0.0341681
-0.0323267
-0.030505
-0.0287365
-0.0270398
-0.0254022
-0.023787
-0.0221831
-0.0205862
-0.0189885
-0.0173819
-0.0157639
-0.0141429
-0.0125413
-0.0109864
-0.00949891
-0.00806973
-0.00663957
-0.00508799
-0.00324814
-0.000949396
0.00190526
0.0052559
0.00888472
0.0126054
0.0162422
0.0195604
0.0222762
0.0241281
0.0249949
0.0250347
0.0246478
0.0240556
0.0231713
0.0218313
0.0199924
0.0178836
0.0160985
0.0155911
0.017481
0.0226501
0.0312097
0.041985
0.0528454
0.062548
0.0709716
0.078634
0.0860387
0.0931369
0.0995296
0.104728
0.108418
0.110744
0.112329
0.113689
0.114997
0.116279
0.117517
0.118682
0.119756
0.120745
0.12168
0.122595
0.123503
0.124397
0.125249
0.126018
0.126665
0.127172
0.127561
0.127875
0.128102
0.128147
0.127874
0.127165
0.125975
0.124384
0.122507
0.120174
0.117054
0.112841
0.107425
0.101051
0.0941555
0.0866654
0.0782616
0.0687435
0.0582727
0.0475302
0.0375217
0.0292668
0.0236176
0.0209279
0.0206316
0.0214279
0.0226047
0.0240153
0.0255856
0.0270976
0.0280824
0.0278631
0.0257518
0.0213864
0.0151127
0.00800989
0.00107486
-0.00515132
-0.0104094
-0.0147183
-0.0184604
-0.022233
-0.0263071
-0.0306852
-0.0351861
-0.0394473
-0.0429817
-0.0452865
-0.0460299
-0.0452671
-0.0435698
-0.0416955
-0.0399387
-0.0382898
-0.0366062
-0.0346686
-0.0322779
-0.029353
-0.0260361
-0.0227301
-0.0200572
-0.0187841
-0.0196247
-0.0229138
-0.0282545
-0.0344703
-0.0404547
-0.0459863
-0.051417
-0.0572567
-0.0636264
-0.0699357
-0.074962
-0.077142
-0.0752399
-0.0691434
-0.0604782
-0.0520256
-0.0452639
-0.0405977
-0.0376819
-0.0357236
-0.0346058
-0.0345359
-0.035608
-0.0375904
-0.0400937
-0.0430202
-0.0462975
-0.0496466
-0.0525774
-0.0545156
-0.0549915
-0.0538541
-0.0515208
-0.0488041
-0.0460872
-0.0434962
-0.0411154
-0.0389876
-0.0371221
-0.0354515
-0.0338477
-0.0322208
-0.0305622
-0.0288867
-0.0272129
-0.0255499
-0.0239019
-0.0222671
-0.0206486
-0.0190528
-0.0174933
-0.0159758
-0.0144941
-0.0130161
-0.0114883
-0.00984427
-0.00803931
-0.00608723
-0.00410589
-0.00232828
-0.00107932
-0.000678966
-0.00129326
-0.00274952
-0.00448424
-0.00579442
-0.00601045
-0.00455339
-0.0011469
0.00391566
0.00978595
0.0157648
0.0215762
0.0271325
0.0324211
0.0374946
0.0424713
0.0475029
0.0526419
0.0578415
0.062996
0.0679744
0.0726521
0.0769644
0.0809492
0.0847471
0.0884811
0.092212
0.0959703
0.0997675
0.103579
0.107332
0.110888
0.114049
0.116541
0.117945
0.117888
0.116349
0.11393
0.111844
0.111277
0.112934
0.116878
0.12239
0.128421
0.134487
0.140368
0.145839
0.150648
0.154548
0.157431
0.159481
0.161167
0.162827
0.164507
0.166126
0.167572
0.168762
0.169682
0.170419
0.171156
0.172089
0.173244
0.17443
0.175237
0.175086
0.173401
0.169861
0.164722
0.158818
0.152973
0.148002
0.144814
0.14422
0.146586
0.151415
0.157416
0.163663
0.170034
0.176724
0.183921
0.191582
0.19926
0.206053
0.210729
0.212081
0.20947
0.203425
0.19561
0.187334
0.178984
0.170577
0.162107
0.153712
0.145744
0.138698
0.133037
0.128933
0.126006
0.123483
0.12104
0.118608
0.116148
0.113615
0.110941
0.108057
0.104926
0.101599
0.0981922
0.0947406
0.0912542
0.0877685
0.0843558
0.0811207
0.0781701
0.0755646
0.0732636
0.0711243
0.0690311
0.0669406
0.0648382
0.0627146
0.0605638
0.0583858
0.056196
0.0540317
0.0519571
0.0500506
0.0483834
0.0469812
0.0457881
0.0446638
0.0434811
0.0422237
0.0409711
0.0398713
0.0391115
0.0388542
0.0391549
0.0398773
0.0407026
0.0413284
0.0416004
0.0415352
0.0413703
0.0415834
0.0428259
0.0457362
0.0506314
0.0571529
0.0640486
0.0695373
0.0721828
0.0711708
0.0666959
0.0602816
0.0539853
0.048816
0.0450315
0.04246
0.0407802
0.0399805
0.0400894
0.0408901
0.0419389
0.0430216
0.0441353
0.0453179
0.046596
0.0479655
0.0494008
0.0508753
0.0523819
0.0539378
0.0555813
0.0573543
0.0592775
0.0613213
0.0634129
0.0655066
0.0675879
0.0696555
0.0717175
0.0737889
0.0758882
0.078029
0.0802078
0.0823904
0.0845091
0.0864699
0.0881756
0.0895648
0.0906583
0.0915732
0.0924329
0.09328
0.094123
0.0949708
0.0958446
0.0967803
0.0978208
0.0989963
0.1003
0.101688
0.103135
0.1046
0.105996
0.107194
0.108051
0.108461
0.108422
0.108086
0.107665
0.107242
0.106834
0.106434
0.106035
0.105629
0.105213
0.104782
0.104333
0.103856
0.103345
0.102799
0.10224
0.101715
0.101306
0.10111
0.101211
0.101635
0.102316
0.103142
0.104068
0.105051
0.105997
0.106748
0.107101
0.106855
0.105904
0.104319
0.102418
0.100555
0.0985529
0.0958092
0.0915495
0.0851176
0.0763842
0.0661304
0.0559736
0.0473939
0.0414527
0.0386461
0.0385403
0.0398393
0.0415311
0.0432987
0.0450549
0.0466647
0.0478407
0.0481404
0.0470956
0.0444379
0.040374
0.0355588
0.0304335
0.0249805
0.0190238
0.0124365
0.00527652
-0.00221792
-0.00973249
-0.0168192
-0.0229032
-0.0274411
-0.030153
-0.0312982
-0.0316521
-0.031834
-0.0320347
-0.0322689
-0.0324993
-0.0326915
-0.0328354
-0.0329513
-0.0330691
-0.0332052
-0.033334
-0.0333868
-0.0332664
-0.0329016
-0.0323153
-0.0317019
-0.0314628
-0.0321751
-0.0344401
-0.0386464
-0.0446571
-0.0517024
-0.0588806
-0.0656805
-0.0717817
-0.0769751
-0.0812258
-0.0847606
-0.0878998
-0.0904901
-0.0921242
-0.0924706
-0.0915059
-0.0896319
-0.0873238
-0.0848114
-0.0822793
-0.0800111
-0.0783828
-0.0777933
-0.0784987
-0.0804185
-0.083062
-0.0859036
-0.0887365
-0.0914982
-0.0941428
-0.0966269
-0.0989096
-0.100989
-0.10293
-0.104841
-0.106713
-0.108474
-0.110041
-0.111363
-0.11246
-0.113428
-0.114368
-0.115319
-0.116274
-0.1172
-0.118048
-0.118773
-0.119348
-0.119795
-0.120176
-0.120547
-0.120931
-0.121334
-0.121749
-0.122157
-0.122529
-0.122832
-0.123034
-0.123125
-0.123125
-0.123083
-0.123024
-0.122956
-0.12288
-0.122805
-0.122741
-0.122706
-0.122705
-0.122737
-0.122774
-0.122779
-0.122711
-0.122569
-0.122426
-0.122464
-0.122982
-0.124367
-0.127094
-0.131702
-0.1384
-0.146677
-0.155205
-0.162538
-0.16789
-0.171123
-0.172583
-0.172486
-0.170804
-0.167578
-0.162767
-0.156389
-0.148985
-0.141601
-0.134978
-0.129433
-0.125069
-0.122116
-0.120895
-0.121423
-0.123161
-0.125349
-0.127725
-0.130248
-0.132822
-0.135235
-0.137139
-0.138152
-0.138001
-0.13671
-0.134674
-0.132326
-0.129811
-0.12718
-0.124509
-0.121896
-0.119449
-0.117278
-0.115453
-0.113942
-0.112609
-0.111351
-0.110144
-0.108976
-0.10781
-0.106575
-0.105171
-0.103501
-0.101514
-0.0992576
-0.0968972
-0.0946224
-0.0924754
-0.0903566
-0.0880495
-0.0852553
-0.0816871
-0.0772096
-0.0720002
-0.0665924
-0.061639
-0.0577503
-0.0554167
-0.0548181
-0.0555878
-0.0569213
-0.0583403
-0.0597114
-0.0610132
-0.0622624
-0.0634814
-0.0647058
-0.0660007
-0.0674995
-0.0694404
-0.0721091
-0.0756963
-0.0801204
-0.0848641
-0.0889854
-0.091538
-0.0920821
-0.0908587
-0.0886895
-0.08622
-0.0836422
-0.0810028
-0.0783863
-0.0759872
-0.0741265
-0.0731796
-0.0734167
-0.0747976
-0.0768865
-0.0791766
-0.081418
-0.0834653
-0.0851961
-0.086544
-0.0875567
-0.0884294
-0.0894333
-0.0908764
-0.093091
-0.0963362
-0.100645
-0.105699
-0.110992
-0.116194
-0.121025
-0.125183
-0.128414
-0.130634
-0.132075
-0.133218
-0.134327
-0.135443
-0.136541
-0.137596
-0.138626
-0.139702
-0.140946
-0.142491
-0.144422
-0.146707
-0.149211
-0.151859
-0.154611
-0.157387
-0.160025
-0.16229
-0.163917
-0.164713
-0.164681
-0.164105
-0.163371
-0.162607
-0.161806
-0.160946
-0.160031
-0.159127
-0.158364
-0.157907
-0.157882
-0.158295
-0.159004
-0.159759
-0.160133
-0.15954
-0.157389
-0.15334
-0.147617
-0.141128
-0.134992
-0.130001
-0.126669
-0.125155
-0.125067
-0.125574
-0.126211
-0.127185
-0.12904
-0.132338
-0.13734
-0.143688
-0.15041
-0.156512
-0.161099
-0.163449
-0.163288
-0.161109
-0.157937
-0.154142
-0.149814
-0.145128
-0.140224
-0.135247
-0.130468
-0.126312
-0.123244
-0.121592
-0.121295
-0.121836
-0.122637
-0.123473
-0.124258
-0.124908
-0.125292
-0.125233
-0.124563
-0.123222
-0.121317
-0.118986
-0.116106
-0.112507
-0.10818
-0.103392
-0.0986076
-0.0942228
-0.0905824
-0.0879276
-0.0862536
-0.0852243
-0.0843666
-0.0834882
-0.0825506
-0.0815573
-0.0805325
-0.079511
-0.0785377
-0.0776757
-0.0769895
-0.0765302
-0.0762994
-0.0762336
-0.0761777
-0.0758544
-0.0748774
-0.0728504
-0.0695276
-0.0650195
-0.0598637
-0.0546903
-0.0498641
-0.0455942
-0.0419642
-0.0388806
-0.0360449
-0.0331346
-0.0301078
-0.0271435
-0.0245408
-0.0226374
-0.021666
-0.0215997
-0.022058
-0.0224829
-0.0223454
-0.0211413
-0.0184876
-0.0143326
-0.00910701
-0.00349737
0.00209615
0.0073505
0.011882
0.0153044
0.0173727
0.018183
0.0182473
0.018119
0.0180386
0.0181217
0.018484
0.0192345
0.0204387
0.0220433
0.0238576
0.0256956
0.0275266
0.0293893
0.0313309
0.0333727
0.0354867
0.037578
0.0394919
0.0410407
0.042072
0.0425456
0.042616
0.0425661
0.0425156
0.0424803
0.0424501
0.042398
0.0423088
0.042181
0.0420355
0.0419064
0.0418306
0.0418238
0.041861
0.0418565
0.0416734
0.0411519
0.0401767
0.0387606
0.0370861
0.03542
0.034132
0.0336893
0.0345457
0.0369395
0.0406568
0.0450617
0.0496678
0.0541029
0.0579205
0.0606068
0.0617313
0.0611825
0.0594289
0.0573732
0.0555313
0.054203
0.0536352
0.0539389
0.0550087
0.0564813
0.0579987
0.0594421
0.0608154
0.0621509
0.0634919
0.0648754
0.0663415
0.0679317
0.0696926
0.0716593
0.0738381
0.0761742
0.0785746
0.0810081
0.0835038
0.0860913
0.0887658
0.0914534
0.0940013
0.0961896
0.0977903
0.0986578
0.0988453
0.0986338
0.0983213
0.0980138
0.0977209
0.0974249
0.0971044
0.0967475
0.0963658
0.09599
0.0956639
0.0954268
0.095297
0.0952513
0.095239
0.0952335
0.0952267
0.0952137
0.0951945
0.0951712
0.0951498
0.0951374
0.0951426
0.0951683
0.0952112
0.0952545
0.0952679
0.0952084
0.0950344
0.0947212
0.0942841
0.0937778
0.0932535
0.0927386
0.092252
0.0918058
0.0913999
0.0910145
0.0906078
0.0901177
0.0894887
0.0887026
0.0878232
0.0870302
0.0866266
0.0869908
0.08846
0.0911601
0.0948252
0.0989067
0.103168
0.107497
0.111708
0.115505
0.118501
0.120339
0.120876
0.12038
0.119454
0.118437
0.117394
0.116316
0.115195
0.11407
0.113041
0.11225
0.111828
0.111827
0.112142
0.112564
0.113004
0.113448
0.113894
0.114345
0.114803
0.115266
0.115728
0.116189
0.116655
0.117148
0.117701
0.118352
0.119129
0.12003
0.121011
0.122018
0.123046
0.124114
0.125239
0.126414
0.127597
0.128704
0.129618
0.130218
0.130435
0.130307
0.130006
0.129741
0.129563
0.129391
0.129039
0.128247
0.126748
0.124383
0.121227
0.117592
0.113747
0.109824
0.105958
0.102352
0.0992718
0.0969791
0.0956078
0.0950244
0.0948307
0.0947131
0.0945766
0.0944187
0.094263
0.0941355
0.0940517
0.0940138
0.0940127
0.0940339
0.0940623
0.0940867
0.0941011
0.0941048
0.0940997
0.0940894
0.0940773
0.0940663
0.0940584
0.0940555
0.0940587
0.094069
0.0940843
0.0941004
0.0941095
0.0941032
0.0940746
0.0940242
0.093965
0.0939257
0.0939478
0.0940778
0.0943486
0.0947599
0.0952584
0.0957555
0.096204
0.0966132
0.0970341
0.0975472
0.0982321
0.099123
0.100151
0.101098
0.101584
0.101118
0.0992411
0.0957406
0.0908831
0.0853312
0.079438
0.0732924
0.0670173
0.0609107
0.0554907
0.051424
0.0493135
0.0493865
0.0511615
0.0535949
0.0561118
0.0586402
0.0612866
0.064194
0.0674172
0.070835
0.074092
0.0766274
0.0777968
0.0771143
0.0745436
0.0707055
0.0665235
0.0624787
0.0588078
0.0556705
0.053112
0.0510256
0.0491441
0.047241
0.0453015
0.0434385
0.041803
0.0405278
0.039655
0.0390972
0.0386826
0.0382847
0.0377784
0.0370208
0.0358766
0.0342708
0.0322511
0.0299915
0.0276334
0.0252412
0.0228777
0.020646
0.0186849
0.0171362
0.0160769
0.0154435
0.0150277
0.0146594
0.0142753
0.0138568
0.0134008
0.0129209
0.0124527
0.0120633
0.0118481
0.0119138
0.0123373
0.0131129
0.0141438
0.0153472
0.0166108
0.0177183
0.0183347
0.0180611
0.0165674
0.0137761
0.0100486
0.00602502
0.00190105
-0.00237484
-0.00684655
-0.0114237
-0.0157568
-0.0192591
-0.0212358
-0.0211478
-0.0189448
-0.0153024
-0.0112346
-0.00725649
-0.00362748
-0.000550531
0.00186743
0.00367151
0.00512194
0.00655672
0.00812702
0.00986755
0.0117576
0.0137051
0.0155369
0.0169965
0.0177834
0.0176439
0.0165046
0.0146147
0.0124572
0.0102714
0.00817771
0.00630872
0.00480615
0.0037899
0.00328381
0.00313899
0.00308748
0.00302551
0.0029423
0.00284237
0.00273487
0.00262548
0.00252308
0.00244699
0.00243533
0.00254363
0.00283189
0.00333719
0.00404076
0.00485634
0.00569337
0.00651849
0.00732942
0.00813601
0.00895695
0.00981496
0.0107326
0.0117243
0.012788
0.0138992
0.0150249
0.0161497
0.017268
0.0183764
0.0194743
0.020563
0.0216485
0.0227415
0.023857
0.0250089
0.0262018
0.0274203
0.0286206
0.0297287
0.0306522
0.0313086
0.0316665
0.0317894
0.0318184
0.0318404
0.0318825
0.0319475
0.0320245
0.0320947
0.0321344
0.032122
0.0320468
0.0319215
0.0317929
0.031747
0.0319011
0.032375
0.0332425
0.0344742
0.0359208
0.0374261
0.0389359
0.0404449
0.041957
0.0434713
0.0449747
0.0464427
0.0478479
0.0491743
0.0504333
0.0516634
0.0528968
0.0541426
0.0553949
0.0566353
0.0578366
0.0589694
0.0600144
0.0609759
0.0618938
0.0628332
0.0638391
0.0649171
0.0660225
0.0670501
0.0678406
0.0682125
0.0680264
0.0672684
0.0661074
0.0647874
0.0634044
0.0619938
0.0606138
0.0593641
0.0583835
0.0578109
0.0577203
0.0580431
0.0585721
0.0591481
0.0597324
0.0603352
0.0609733
0.0616498
0.062341
0.0629942
0.0635381
0.0639074
0.0640766
0.0640939
0.0640722
0.064104
0.0642391
0.0644786
0.0647503
0.0648914
0.0646559
0.0637677
0.0620171
0.0593943
0.0561489
0.052591
0.0489066
0.0453144
0.0421568
0.0398755
0.0388893
0.0393967
0.0411447
0.0434912
0.0460305
0.0485735
0.0509212
0.0528123
0.053948
0.0541098
0.0533118
0.0519168
0.0504351
0.0491042
0.0479969
0.0471189
0.0463952
0.0457104
0.0450099
0.0442993
0.0435924
0.0428866
0.0421403
0.0412782
0.0402015
0.0388334
0.037167
0.035302
0.0333805
0.0314611
0.0295524
0.0276506
0.0257409
0.0238085
0.0218413
0.0198392
0.0178169
0.0158109
0.0138752
0.0120761
0.0104662
0.0090595
0.00780788
0.00663616
0.00551113
0.0044098
0.0032901
0.00209564
0.000769158
-0.000709849
-0.00228639
-0.00379618
-0.00497032
-0.00548821
-0.00510018
-0.00378631
-0.00189651
-5.92679e-05
0.00110598
0.00102407
-0.000696584
-0.00398843
-0.00815922
-0.0120653
-0.0143279
-0.0138182
-0.0105137
-0.00551636
-0.000148815
0.00483337
0.00889383
0.011449
0.0118606
0.00976082
0.00543281
-0.000101321
-0.00552432
-0.00967395
-0.011845
-0.0124955
-0.0122653
-0.0120054
-0.0126668
-0.0143529
-0.0164955
-0.0183795
-0.019553
-0.0198396
-0.0193659
-0.0184492
-0.0173642
-0.0163201
-0.0153011
-0.014174
-0.0129169
-0.0116739
-0.0106425
-0.0100462
-0.0101066
-0.0109533
-0.0124751
-0.0141944
-0.0153894
-0.015627
-0.0150862
-0.014357
-0.0138806
-0.0138759
-0.0144272
-0.015536
-0.0173037
-0.0199229
-0.0234829
-0.0278401
-0.0327031
-0.0376154
-0.0419412
-0.0449062
-0.0459746
-0.0452865
-0.0431545
-0.0396462
-0.0348679
-0.0289046
-0.0220745
-0.0152065
-0.00940141
-0.00542598
-0.00365491
-0.0041125
-0.0064239
-0.0101838
-0.0152661
-0.0213721
-0.0278295
-0.0336252
-0.0382456
-0.0424878
-0.0467484
-0.050976
-0.0549727
-0.0584219
-0.0610421
-0.0626892
-0.0634856
-0.0636848
-0.0631614
-0.0616164
-0.058889
-0.0551491
-0.0510018
-0.0470677
-0.0433098
-0.0394721
-0.0356885
-0.0323834
-0.0300335
-0.0289565
-0.0291395
-0.0301853
-0.0317134
-0.0337103
-0.0362512
-0.039212
-0.0422157
-0.0447973
-0.0469642
-0.0493955
-0.0529828
-0.05814
-0.0647188
-0.0721534
-0.0794971
-0.0856293
-0.0900103
-0.0926085
-0.0936684
-0.0936944
-0.0929518
-0.0916558
-0.0899749
-0.0880471
-0.0861789
-0.0848184
-0.0843017
-0.0847464
-0.0860454
-0.0880277
-0.0904054
-0.0928023
-0.094884
-0.0963331
-0.0969497
-0.0968721
-0.0967287
-0.0975276
-0.100097
-0.104484
-0.109918
-0.115308
-0.120153
-0.124568
-0.128875
-0.13332
-0.137909
-0.142111
-0.14513
-0.146717
-0.147163
-0.146049
-0.142656
-0.13664
-0.128494
-0.11972
-0.11198
-0.106199
-0.102715
-0.101684
-0.103488
-0.108132
-0.114834
-0.122036
-0.127768
-0.131319
-0.133075
-0.133703
-0.133238
-0.131315
-0.127494
-0.121716
-0.114771
-0.108063
-0.102398
-0.0981011
-0.0952241
-0.0936723
-0.0936611
-0.0954618
-0.0989206
-0.103392
-0.10827
-0.112733
-0.115625
-0.116107
-0.114813
-0.112746
-0.11031
-0.107554
-0.104498
-0.101297
-0.0982337
-0.0957013
-0.0941146
-0.0937046
-0.0943375
-0.0954963
-0.0963752
-0.09629
-0.0953356
-0.093922
-0.0920642
-0.0895815
-0.0863085
-0.0821776
-0.0773234
-0.0722471
-0.0676786
-0.064195
-0.0622133
-0.0618606
-0.0628739
-0.0648521
-0.0670379
-0.0684734
-0.0683373
-0.0660063
-0.0610959
-0.0533402
-0.0431604
-0.0318852
-0.0210258
-0.0120591
-0.00585779
-0.00218763
-0.000236772
0.000311187
-0.000355436
-0.00209153
-0.00488856
-0.00855351
-0.0127638
-0.0172242
-0.0216265
-0.0257548
-0.0294613
-0.0325534
-0.0345873
-0.0350925
-0.033873
-0.0312309
-0.0282315
-0.0263683
-0.0263549
-0.0280633
-0.0307722
-0.0338214
-0.0369482
-0.040196
-0.0437029
-0.0473796
-0.0508137
-0.0534796
-0.0549251
-0.0547695
-0.0525724
-0.0481634
-0.0421166
-0.0357358
-0.0301368
-0.0257871
-0.0228374
-0.0215763
-0.0221504
-0.0243176
-0.0273092
-0.0299195
-0.0314993
-0.0322398
-0.0323405
-0.0316954
-0.0301288
-0.0275534
-0.0239232
-0.0192127
-0.0135608
-0.00727416
-0.000981332
0.00454037
0.00884037
0.0118665
0.0138621
0.0149488
0.0152462
0.015157
0.0153408
0.0162126
0.017757
0.019886
0.0226748
0.0262141
0.0305735
0.0358593
0.0420189
0.0487672
0.0554706
0.0612156
0.065459
0.0683486
0.0698148
0.0696134
0.0677843
0.064937
0.0622019
0.0603897
0.0595706
0.0594181
0.0598192
0.060726
0.062027
0.0637094
0.065958
0.0689351
0.0725568
0.0764347
0.0800813
0.0831587
0.0854972
0.0871098
0.0881131
0.0886675
0.0891268
0.0900335
0.091837
0.094674
0.0983882
0.102708
0.107086
0.110662
0.112696
0.113249
0.113004
0.11245
0.111614
0.110334
0.108479
0.106108
0.103564
0.101332
0.0997162
0.0988075
0.0984475
0.09833
0.0984232
0.098842
0.0996784
0.100905
0.102325
0.103677
0.104683
0.105062
0.104597
0.103268
0.101258
0.0987338
0.0959255
0.0931914
0.0908186
0.0889874
0.0878444
0.0876271
0.0884535
0.0900791
0.091793
0.0926648
0.092098
0.0899681
0.0867476
0.0834162
0.081072
0.0808211
0.0833308
0.0884025
0.0946565
0.0999576
0.103148
0.104393
0.104516
0.103761
0.10207
0.0994937
0.0962641
0.0925563
0.0882534
0.0832384
0.0775799
0.0715495
0.0657112
0.0608246
0.0573895
0.0553397
0.0542313
0.0539865
0.0548018
0.0567584
0.059549
0.0625296
0.0652801
0.0674668
0.0687121
0.0685338
0.0662946
0.0616361
0.054922
0.0473227
0.0404998
0.0361935
0.0346149
0.0343948
0.0349243
0.036045
0.037531
0.0391739
0.0409401
0.0428155
0.0446481
0.046157
0.0470234
0.0470127
0.0460912
0.0444041
0.0419051
0.0384756
0.0341474
0.0291241
0.023854
0.0191389
0.0158623
0.0142415
0.0138636
0.0142312
0.0148807
0.0153113
0.0152703
0.0147027
0.0136935
0.0123751
0.0106131
0.00820543
0.00520277
0.00214983
-0.000280758
-0.00185796
-0.00248507
-0.00209158
-0.000814084
0.0011001
0.00355042
0.00637347
0.00924232
0.0118802
0.0140673
0.0155998
0.0162642
0.0159997
0.0149693
0.0133954
0.0116492
0.0103325
0.0100039
0.0107008
0.0120016
0.0134512
0.014692
0.0153604
0.0151106
0.0138024
0.0116966
0.00932548
0.00689403
0.0043789
0.00193434
-3.42984e-05
-0.000899567
8.78506e-05
0.00349665
0.00932212
0.0167307
0.024598
0.0325829
0.0406946
0.048707
0.0559384
0.0616759
0.0661573
0.070076
0.0733964
0.0757152
0.0767943
0.0768195
0.0762347
0.0749908
0.0728134
0.069537
0.0652606
0.0604508
0.0559626
0.0526765
0.0511373
0.0512627
0.0524384
0.0541591
0.0560414
0.05779
0.0593013
0.060584
0.0617199
0.062833
0.0640694
0.0655369
0.0672367
0.0690425
0.0706989
0.071846
0.0720706
0.0710117
0.0685289
0.0649101
0.0607133
0.0560379
0.0510437
0.0465833
0.0436671
0.0423238
0.0422586
0.0431926
0.0448068
0.0472521
0.0509939
0.0563828
0.0633631
0.0714099
0.0792273
0.085267
0.0890564
0.0901736
0.0883672
0.0840904
0.0785034
0.0731829
0.068947
0.0654927
0.062203
0.0584416
0.0538072
0.0484427
0.0429666
0.0380784
0.0339698
0.0304931
0.0276576
0.0256173
0.0245208
0.0245375
0.0259416
0.028782
0.0325643
0.0362497
0.0389144
0.0404321
0.0411932
0.0414351
0.0412344
0.0406152
0.0394466
0.0375851
0.0349304
0.0312494
0.0263372
0.0202663
0.0133964
0.00621011
-0.000536356
-0.00594029
-0.00953319
-0.0113506
-0.0114512
-0.0100274
-0.00715998
-0.0030742
0.00153535
0.00566288
0.00831486
0.00908333
0.00810489
0.00558978
0.00155568
-0.00387979
-0.010602
-0.0183779
-0.0264159
-0.0332466
-0.0371562
-0.0368822
-0.0322824
-0.0246684
-0.0158432
-0.00815138
-0.00325533
-0.00080701
0.000346441
0.000502902
-0.000488784
-0.00291804
-0.00737496
-0.0142079
-0.0229595
-0.0324754
-0.0419687
-0.0507867
-0.058283
-0.0639519
-0.0674409
-0.0683481
-0.0662803
-0.0610902
-0.0535691
-0.0454534
-0.0381865
-0.0330949
-0.0312202
-0.0324419
-0.0356227
-0.0400911
-0.0452887
-0.0508586
-0.0569776
-0.0632121
-0.0687061
-0.0731973
-0.0766219
-0.0785681
-0.0785906
-0.0764467
-0.0724133
-0.0675111
-0.0629497
-0.0595176
-0.0578533
-0.0585864
-0.0619388
-0.0672851
-0.0733122
-0.0792591
-0.0848557
-0.0897351
-0.0932863
-0.0947308
-0.0932163
-0.0882473
-0.0803944
-0.0715565
-0.064064
-0.0595559
-0.0585513
-0.0608341
-0.0655165
-0.0709315
-0.0762937
-0.0815954
-0.0867312
-0.0913868
-0.0951406
-0.0975933
-0.0984654
-0.0976924
-0.095404
-0.0920149
-0.0881032
-0.0841047
-0.0801195
-0.0764136
-0.0734671
-0.0717931
-0.0717499
-0.0733653
-0.07611
-0.0790487
-0.0817427
-0.084015
-0.0856188
-0.086296
-0.0859095
-0.0845622
-0.0827319
-0.0812069
-0.0805289
-0.0808529
-0.0819335
-0.0831991
-0.0840928
-0.08428
-0.0840066
-0.0834394
-0.0826456
-0.081728
-0.0808187
-0.080023
-0.0792003
-0.0779744
-0.0758571
-0.0724282
-0.0675701
-0.0617152
-0.0559788
-0.0518791
-0.0501454
-0.0499436
-0.0500834
-0.0496587
-0.0481087
-0.0458371
-0.0438199
-0.0425853
-0.0422075
-0.0425202
-0.0434795
-0.045028
-0.0469164
-0.0487356
-0.0501355
-0.050895
-0.0509377
-0.0504185
-0.0496878
-0.0490538
-0.0487908
-0.0490405
-0.0496517
-0.0501777
-0.0500535
-0.0490432
-0.0472836
-0.0451319
-0.0427725
-0.0401403
-0.0369293
-0.032737
-0.0274351
-0.0215669
-0.0161261
-0.0121208
-0.00963463
-0.00819834
-0.00735646
-0.00698307
-0.00709986
-0.00778054
-0.00913195
-0.0111353
-0.0136547
-0.0163194
-0.0184418
-0.0191014
-0.0174764
-0.0135818
-0.00895773
-0.00541411
-0.00296124
-0.00057524
0.00216738
0.00519391
0.00825376
0.0111876
0.0139296
0.0164662
0.0187548
0.0207074
0.0222624
0.0234181
0.0242181
0.0246622
0.0247056
0.0243495
0.0236681
0.0226791
0.0212463
0.0192063
0.0164921
0.0131457
0.00927075
0.00518025
0.00140544
-0.00155551
-0.00330272
-0.00364191
-0.00272597
-0.0010452
0.00103409
0.00340915
0.00598967
0.0085621
0.010823
0.0125301
0.0135451
0.0139059
0.0137924
0.01323
0.0121528
0.0105912
0.00873557
0.00680751
0.00491696
0.00313147
0.00151859
0.000170031
-0.000777977
-0.00121824
-0.00115793
-0.00073476
-4.6992e-05
0.000992395
0.00252517
0.0046214
0.00718881
0.0100189
0.0130536
0.0163015
0.0197418
0.0233268
0.0270801
0.0311302
0.0354714
0.0398106
0.0435941
0.0461716
0.0469595
0.0456869
0.0425402
0.0379327
0.0326936
0.0278507
0.0235494
0.0195935
0.0159936
0.0128621
0.0103209
0.00851685
0.00782902
0.00864946
0.0110098
0.0142797
0.0173096
0.0192629
0.0195658
0.0178018
0.0139566
0.00875941
0.00355561
-0.000717727
-0.00371709
-0.00564487
-0.00710307
-0.00854926
-0.0101319
-0.0116459
-0.0126646
-0.0127649
-0.0118666
-0.0103798
-0.0087264
-0.00713645
-0.00582391
-0.00513652
-0.00545906
-0.00702036
-0.00964546
-0.0126257
-0.015164
-0.0171508
-0.0190341
-0.0215012
-0.0248973
-0.0286951
-0.031772
-0.033224
-0.0327026
-0.0306053
-0.0279186
-0.0253464
-0.0234769
-0.0228901
-0.0239181
-0.0264209
-0.0299135
-0.0335611
-0.036191
-0.0369727
-0.0361185
-0.0344813
-0.0323883
-0.029624
-0.0258359
-0.0208497
-0.0149867
-0.00902479
-0.00362837
0.000767715
0.00393531
0.00591406
0.00702674
0.00760501
0.00772413
0.00729808
0.00597436
0.00330533
-0.000924114
-0.00641373
-0.0123538
-0.0180241
-0.0228926
-0.0263461
-0.0278712
-0.0273722
-0.0254756
-0.0232791
-0.0212321
-0.0193733
-0.0176533
-0.0160665
-0.0146857
-0.0136324
-0.0130848
-0.0132642
-0.0142767
-0.0160166
-0.0182431
-0.0206335
-0.0231198
-0.0257718
-0.0286818
-0.0321297
-0.0365538
-0.0422819
-0.0492183
-0.0567023
-0.0637684
-0.0694831
-0.0725883
-0.072339
-0.0697186
-0.0661163
-0.0623645
-0.0594333
-0.0584045
-0.0598067
-0.0633568
-0.0679663
-0.0723238
-0.0752802
-0.0762723
-0.0752852
-0.0726763
-0.069264
-0.0658517
-0.0627306
-0.0598528
-0.0568832
-0.0533742
-0.0491501
-0.0444027
-0.0396789
-0.035732
-0.0331812
-0.031823
-0.030967
-0.0303256
-0.0298177
-0.0293607
-0.0288311
-0.0280597
-0.0268843
-0.0252192
-0.0231585
-0.0210671
-0.0195992
-0.0195102
-0.0211808
-0.0243757
-0.028067
-0.0308035
-0.0319605
-0.0317487
-0.0308637
-0.0297673
-0.0286349
-0.0275768
-0.0267074
-0.0261724
-0.026076
-0.0263907
-0.0268953
-0.0271733
-0.0268056
-0.025715
-0.0241877
-0.0227481
-0.0217654
-0.0212423
-0.0208667
-0.0201595
-0.0188222
-0.0168923
-0.0148007
-0.013314
-0.0132381
-0.0151939
-0.0193041
-0.0248442
-0.0302996
-0.0342648
-0.0359884
-0.0353263
-0.0327658
-0.0294099
-0.0261776
-0.0234481
-0.0212992
-0.0196665
-0.0185074
-0.0177064
-0.0168779
-0.0152349
-0.0121367
-0.00760103
-0.00234433
0.00240133
0.00539783
0.00626364
0.00597133
0.00626747
0.00810817
0.0116194
0.0162021
0.0208003
0.0245447
0.0268024
0.0273995
0.0266855
0.0252126
0.0234619
0.0220434
0.0216747
0.0227962
0.0254225
0.0289967
0.0325069
0.035283
0.0372989
0.0387308
0.0396533
0.0401497
0.0403427
0.0402151
0.0396111
0.0384377
0.0368323
0.0352526
0.0343896
0.0347552
0.0362323
0.0381048
0.0395204
0.0397423
0.0381859
0.0346204
0.0292472
0.0223809
0.0147066
0.00763425
0.00297822
0.00183475
0.00424459
0.00937217
0.0165287
0.0249214
0.0331935
0.0399722
0.0445378
0.0468434
0.0473734
0.0465657
0.0446641
0.0418117
0.0374673
0.0307251
0.0210723
0.00915835
-0.00324173
-0.0145468
-0.0232581
-0.0280199
-0.0280016
-0.023033
-0.0143626
-0.0048793
0.00275309
0.00767835
0.00949391
0.00812041
0.0041881
-0.00136529
-0.00725895
-0.0117863
-0.0136914
-0.0125325
-0.00886763
-0.00416915
0.000295602
0.00391677
0.00641831
0.00773752
0.00796999
0.00729752
0.00604662
0.00442594
0.00249593
0.000425352
-0.00142483
-0.00265786
-0.00293522
-0.00209537
-0.000215196
0.00254066
0.00574804
0.00881905
0.0112124
0.0124216
0.0120931
0.0102415
0.00722653
0.00329691
-0.00110239
-0.0051715
-0.00818047
-0.00991883
-0.0105421
-0.0100664
-0.00833145
-0.00537641
-0.0016565
0.00216574
0.00548434
0.00767068
0.00828287
0.00750619
0.00566457
0.00291565
-0.00049146
-0.00429375
-0.00835159
-0.012466
-0.016329
-0.0197204
-0.0226359
-0.0252783
-0.0278581
-0.0302908
-0.0323777
-0.0340475
-0.035427
-0.0368756
-0.0388388
-0.0414131
-0.0443287
-0.0473205
-0.0502506
-0.0530001
-0.055433
-0.0574175
-0.058809
-0.0593686
-0.058943
-0.057675
-0.0561395
-0.0551526
-0.0550701
-0.0557636
-0.0566896
-0.0571567
-0.0568317
-0.0557329
-0.0541234
-0.0522281
-0.050122
-0.0478322
-0.0453671
-0.0426818
-0.0396232
-0.0358484
-0.0311046
-0.0256926
-0.0203105
-0.0154011
-0.0110843
-0.00738568
-0.00443928
-0.0024251
-0.00159583
-0.00226001
-0.00447679
-0.00797377
-0.0125423
-0.0178612
-0.0233115
-0.0282257
-0.031873
-0.0336417
-0.0333747
-0.0313446
-0.0277179
-0.0226752
-0.016522
-0.00982805
-0.00342825
0.0022019
0.00687759
0.0104985
0.0127777
0.0133203
0.0120583
0.00962565
0.00721494
0.00563776
0.0053879
0.00666095
0.00921479
0.0124857
0.0155748
0.0174191
0.0175506
0.016305
0.0144656
0.0127184
0.0115932
0.011283
0.0116236
0.0122252
0.0127601
0.0129277
0.0124227
0.0109823
0.00844642
0.00476769
-2.81816e-05
-0.00566797
-0.0116698
-0.0173875
-0.0224066
-0.0265531
-0.0293358
-0.0301301
-0.0285447
-0.024512
-0.017924
-0.00900312
0.00144311
0.0126917
0.0239428
0.0342112
0.0428516
0.0494532
0.0536346
0.0551978
0.0542939
0.0508895
0.0448277
0.0365929
0.027465
0.0187536
0.0116786
0.00647799
0.0021105
-0.00224488
-0.00690549
-0.0141618
-0.0178602
-0.0193457
-0.0173729
-0.0114744
-0.00256315
0.00709143
0.0154734
0.0222739
0.0279797
0.0331072
0.0381157
0.0429458
0.0471947
0.0503694
0.0520247
0.0518213
0.0493507
0.0444689
0.0376014
0.0295051
0.0210721
0.0129709
0.00550748
-0.00109925
-0.00642225
-0.0100206
-0.0117159
-0.0114898
-0.00918902
-0.00504227
0.0002297
0.00615233
0.0121058
0.0171246
0.020211
0.0205544
0.0179196
0.0128631
0.00638605
-0.000154864
-0.00576194
-0.00999111
-0.0124762
-0.0129851
-0.0114213
-0.00795509
-0.00310658
0.00232711
0.00757564
0.012615
0.0178398
0.0234821
0.0292629
0.0345971
0.0391948
0.0429498
0.0452895
0.0455849
0.0438202
0.040807
0.0376533
0.0347632
0.0320475
0.0292104
0.0259748
0.0221256
0.0174701
0.0118078
0.00499897
-0.00294352
-0.0114791
-0.0195594
-0.0263632
-0.0314286
-0.0344051
-0.0348589
-0.0325745
-0.0275986
-0.0204972
-0.0126713
-0.0054928
0.00130018
0.00852451
0.015586
0.02133
0.0249743
0.0260796
0.0247342
0.02143
0.0172538
0.0135725
0.0111016
0.010059
0.0103876
0.0115999
0.0128015
0.0132359
0.0126036
0.0110493
0.0091963
0.00801355
0.00817499
0.00960769
0.0120608
0.0152905
0.0187886
0.0217583
0.023458
0.0233691
0.0213335
0.0175741
0.0125872
0.00723866
0.00236313
-0.00116899
-0.00261476
-0.00184269
0.000380243
0.00247753
0.00299383
0.00117789
-0.00293396
-0.00839974
-0.0137586
-0.0179209
-0.0202545
-0.020475
-0.0185094
-0.0146318
-0.00919438
-0.00239304
0.00530272
0.0131615
0.0206735
0.0276012
0.0337503
0.0384468
0.0409371
0.0408785
0.0383783
0.0340588
0.0284484
0.0222753
0.0163012
0.0111485
0.00767358
0.00659904
0.00799517
0.0114891
0.0161993
0.0208421
0.0249028
0.0286419
0.0323996
0.0359443
0.0386802
0.0402246
0.0405702
0.0396798
0.0374525
0.0340971
0.030176
0.0261367
0.0223358
0.0191944
0.0171289
0.0163396
0.0167593
0.0183093
0.0210407
0.0248849
0.0296615
0.0349712
0.0399293
0.0432148
0.0435925
0.0406861
0.0351243
0.0277435
0.0197345
0.0120222
0.00505597
-0.000570711
-0.0042322
-0.00567745
-0.0054237
-0.00448242
-0.00314277
-0.000989442
0.00258415
0.00804378
0.0154327
0.0240883
0.0327495
0.0399289
0.0443724
0.0459165
0.0452084
0.0425615
0.0383426
0.0330179
0.0269657
0.0208427
0.0154129
0.0107195
0.00648571
0.00252771
-0.0013511
-0.0052738
-0.00909985
-0.0124929
-0.0150213
-0.0162555
-0.015985
-0.0144355
-0.0122322
-0.00987484
-0.00767246
-0.00571837
-0.00384787
-0.00173334
0.00095192
0.00445641
0.00889433
0.0142327
0.0201872
0.0262952
0.0319487
0.0364752
0.0395111
0.0411329
0.0418349
0.0420863
0.0419402
0.0413037
0.0401706
0.038681
0.036988
0.0352105
0.0334929
0.0319964
0.0308065
0.029777
0.0284893
0.0263376
0.0227796
0.0177168
0.0117053
0.0059158
0.00147262
-0.00123655
-0.00248614
-0.00288304
-0.00310343
-0.00392784
-0.00594739
-0.00927184
-0.0134356
-0.0173788
-0.0199006
-0.0204408
-0.0191209
-0.0163943
-0.0125702
-0.00814782
-0.00400056
-0.000968715
0.0005818
0.000766512
1.95099e-05
-0.000984348
-0.00136734
-0.000555178
0.00140266
0.00402178
0.0068927
0.00984389
0.0127342
0.015329
0.017297
0.0183426
0.0183026
0.0170824
0.0143639
0.00996502
0.00419726
-0.00221737
-0.00851376
-0.0138839
-0.0178354
-0.0201537
-0.0208213
-0.0202097
-0.0189273
-0.017542
-0.0164118
-0.0154921
-0.0144646
-0.0128962
-0.0104756
-0.00732826
-0.00407499
-0.00167261
-0.000836448
-0.00151191
-0.00318339
-0.00541278
-0.00766355
-0.00937544
-0.0103253
-0.0106254
-0.0106432
-0.0107981
-0.0115166
-0.0130413
-0.0153177
-0.0179447
-0.0203133
-0.0220755
-0.0231442
-0.0236449
-0.0237037
-0.0232692
-0.022264
-0.0207145
-0.0187359
-0.0164352
-0.0139848
-0.0115696
-0.00943003
-0.00785649
-0.00706645
-0.00703975
-0.00744281
-0.00781338
-0.00791377
-0.00766236
-0.00699663
-0.00570987
-0.00365085
-0.00111719
0.000936477
0.00151883
7.55066e-05
-0.00345279
-0.00866806
-0.0145843
-0.0201298
-0.0247
-0.0278255
-0.0289467
-0.0277421
-0.0245729
-0.0204085
-0.0160578
-0.0121325
-0.00852367
-0.00478505
-0.000993673
0.00239377
0.00496101
0.00642829
0.00651899
0.00521353
0.00289623
-2.28755e-05
-0.00344101
-0.00730611
-0.0114696
-0.0155896
-0.019105
-0.0213349
-0.0217607
-0.0205407
-0.0184179
-0.0159842
-0.0137118
-0.0121331
-0.0116974
-0.0125957
-0.0146058
-0.0171351
-0.0196731
-0.0217788
-0.0230214
-0.0232192
-0.0225547
-0.0212975
-0.0193885
-0.0167193
-0.0134262
-0.0100474
-0.00742463
-0.0061711
-0.00646209
-0.00805479
-0.0105744
-0.0135532
-0.0164374
-0.0190675
-0.0215005
-0.0237442
-0.0257377
-0.0274018
-0.028708
-0.0296283
-0.0300772
-0.0299982
-0.0293614
-0.0281612
-0.026551
-0.0248949
-0.0235773
-0.0226672
-0.022004
-0.021433
-0.0208716
-0.0202553
-0.0195107
-0.0185589
-0.0173338
-0.0158245
-0.0141252
-0.0124317
-0.0109234
-0.00969833
-0.00878263
-0.00814584
-0.007723
-0.00736107
-0.0068208
-0.00589979
-0.00451748
-0.00271792
-0.000599413
0.00173023
0.00411658
0.00644255
0.00860527
0.0104623
0.0118017
0.0123527
0.0119405
0.010663
0.00886716
0.00684458
0.0048771
0.00310433
0.00145969
-0.000144951
-0.00163667
-0.00282175
-0.00351189
-0.00372405
-0.00363786
-0.0032732
-0.00251714
-0.0012748
0.000418325
0.00231812
0.00402114
0.00531591
0.0063642
0.00724502
0.00787545
0.00812799
0.00790625
0.00721216
0.00618385
0.00512473
0.00435103
0.00401659
0.00411185
0.0044714
0.0048782
0.00525246
0.00559681
0.00594269
0.00633112
0.00679075
0.00732739
0.0079291
0.00855078
0.00910743
0.0094899
0.00961261
0.00946621
0.00913327
0.00873092
0.00831025
0.00789665
0.00752771
0.00725942
0.00716122
0.00729351
0.00768189
0.00829801
0.00911653
0.0102072
0.0116369
0.0133633
0.0151856
0.0168033
0.0179088
0.0181932
0.0176745
0.0166268
0.0151437
0.0133033
0.0112948
0.00933854
0.0077028
0.00661759
0.00604835
0.00586961
0.00596741
0.00618681
0.00642503
0.00666162
0.00691471
0.00723412
0.00767373
0.00825919
0.00896228
0.00968212
0.0102472
0.0104868
0.0103914
0.0100884
0.00969482
0.00921264
0.00859251
0.0077996
0.006856
0.00587582
0.0050285
0.00440878
0.00403092
0.00386078
0.00387965
0.00403779
0.00421129
0.00424262
0.00407319
0.00375394
0.00336788
0.00300278
0.0027389
0.00262542
0.00267115
0.00283219
0.00301783
0.00314436
0.00314196
0.0029568
0.00257142
0.00203101
0.00144213
0.00090982
0.000507284
0.000280469
0.000218344
0.000233896
0.000245585
0.00021459
0.000126058
-1.45852e-05
-0.00017939
-0.000316669
-0.000363579
-0.000277497
-5.57619e-05
0.000256003
0.000569905
0.00078725
0.000873356
0.000852348
0.00075144
0.000597251
0.000390731
0.000127881
-0.000177415
-0.000484394
-0.000748713
-0.000999075
-0.00130181
-0.00165018
-0.00196975
-0.00216252
-0.00218261
-0.00205175
-0.00185788
-0.00171258
-0.00167158
-0.00174105
-0.00188204
-0.00202858
-0.00214702
-0.00222474
-0.00225773
-0.00224609
-0.00218223
-0.00205701
-0.00187168
-0.00164791
-0.00141942
-0.00119721
-0.000979917
-0.000764196
-0.000545154
-0.000319991
-9.28169e-05
0.000120466
0.000291889
0.000387648
0.000380627
0.000266089
7.70427e-05
-0.000121149
-0.000276185
-0.000368182
-0.000394675
-0.000355529
-0.00025817
-0.000125207
1.75931e-05
0.000163069
0.000310459
0.000454528
0.000583509
0.000681392
0.000734364
0.000736668
0.000697632
0.000640248
0.000582252
0.000530078
0.000486808
0.000455589
0.000440066
0.00044327
0.000466732
0.000510866
0.000572128
0.000641011
0.000708045
0.000773643
0.000844388
0.000927789
0.0010268
0.00113487
0.00123882
0.00132939
0.00140501
0.00146606
0.00150966
0.00153338
0.00153936
0.00153613
0.00153574
0.00154716
0.00157699
0.00162869
0.00169972
0.00178132
0.00186409
0.00193939
0.00199787
0.00203418
0.00205359
0.00206454
0.00206869
0.00206485
0.00205286
0.00203531
0.00201669
0.00199855
0.00198122
0.00196524
0.00195156
0.00194136
0.00193542
0.00193368
0.0019353
0.00193979
0.00194765
0.00195935
0.00197465
0.00199272
0.00201226
0.00203133
0.00204868
0.00206411
0.00207786
0.00209028
0.00210147
0.00211082
0.0021171
0.00211884
0.00211494
0.00210528
0.00209087
0.00207261
0.00205144
0.00202951
0.00200984
0.00199374
0.00198095
0.00197061
0.00196216
0.00195631
0.00195439
0.0019574
0.00196525
0.00197662
0.00199026
0.00200563
0.0020218
0.00203696
0.00204946
0.00205928
0.00206733
0.00207428
0.00207942
0.00208103
0.00207806
0.00207119
0.00206221
0.00205233
0.00204185
0.00203076
0.00201905
0.00200683
0.00199415
0.00198113
0.0019681
0.0019555
0.00194361
0.00193237
0.00192157
0.00191089
0.0019002
0.00188955
0.00187907
0.00186894
0.00185927
0.0018501
0.00184138
0.00183283
0.00182379
0.00181355
0.00180189
0.00178909
0.00177557
0.00176161
0.00174727
0.00173254
0.00171745
0.00170207
0.00168655
0.00167112
0.00165598
0.00164129
0.00162697
0.00161287
0.0015989
0.00158495
0.00157091
0.00155669
0.00154222
0.00152751
0.0015126
0.00149756
0.0014824
0.00146714
0.00145177
0.00143629
0.00142071
0.00140504
0.00138931
0.00137353
0.00135769
0.0013418
0.00132586
0.00130985
0.00129378
0.00127765
0.00126145
0.00124519
0.00122886
0.00121247
0.00119602
0.0011795
0.00116292
0.00114628
0.00112958
0.00111281
0.00109599
0.00107911
