-0.00892964
-0.00895069
-0.00897391
-0.00895398
-0.00878457
-0.00893094
-0.00977676
-0.011551
-0.0129845
-0.0118325
-0.010361
-0.0147891
-0.0283589
-0.0128761
0.00546302
0.0137201
0.0063699
-0.052208
-0.0904791
-0.127393
-0.052856
0.0975188
0.124841
0.161703
0.146479
-0.0173242
-0.119326
-0.145833
-0.179156
-0.0299629
-0.0954342
-0.250398
-0.265922
-0.146026
-0.0530428
0.0113722
0.159528
0.272041
0.340724
0.42249
0.312004
0.21824
0.104343
-0.172863
-0.467956
-0.599862
-0.249485
0.0855827
0.132103
0.191916
0.0251785
-0.0482634
0.434289
0.645111
0.433892
-0.018616
-0.3408
-0.067937
0.180622
0.32694
0.579178
0.522738
0.147553
-0.341445
-0.636818
-0.648348
-0.60593
-0.327883
0.0769634
0.119286
-0.117585
-0.175552
-0.215824
-0.227284
0.32857
0.649454
0.799702
0.991218
0.78475
0.094379
-0.159578
-0.150687
-0.388769
-0.289013
-0.213724
-0.309908
-0.278441
-0.325514
-0.45157
-0.565739
-0.667001
-0.807221
-0.585685
-0.127242
0.152693
0.321402
0.767742
1.10042
1.21569
0.82742
0.320558
-0.196985
-0.333499
-0.377535
-0.567405
-0.597197
-0.3694
-0.195022
-0.0414305
0.114511
0.20233
0.238323
0.154492
0.117604
0.0668374
0.0675328
0.195323
0.209406
0.274098
0.40246
0.402463
0.13186
0.0152517
0.0489171
-0.231586
-0.607385
-0.796089
-0.798435
-0.837064
-0.72206
-0.273453
0.26705
0.719627
0.80474
0.795158
0.649682
0.444717
0.350201
0.231637
0.0895771
-0.0317413
-0.190273
-0.330026
-0.387907
-0.286433
-0.488904
-0.82579
-0.802129
-0.787591
-0.516751
-0.228564
0.257078
0.734416
1.17904
0.894306
0.449153
0.517188
0.584039
0.276398
-0.0452871
-0.071004
-0.161379
-0.396291
-0.51265
-0.579718
-0.662995
-0.574474
-0.448109
-0.705802
-0.846959
-0.644895
-0.219018
0.310072
0.458409
0.543558
0.90557
1.14295
1.18254
0.957319
0.51588
0.292825
0.166432
-0.00542455
-0.117628
-0.425831
-0.67301
-0.589458
-0.232744
-0.130325
-0.0968431
-0.181362
-0.414662
-0.345925
0.0250029
0.107141
0.148641
0.182669
0.303929
0.5693
0.329427
-0.250256
-0.52518
-0.427713
-0.0470142
0.298091
0.346923
0.471376
0.13974
-0.331487
-0.512445
-0.659757
-0.338205
-0.0415193
0.157008
0.452225
0.503501
0.222912
0.043772
0.0411748
0.0220561
-0.231974
-0.368712
-0.41623
-0.496414
-0.39149
-0.325244
-0.288126
-0.186169
-0.0964167
0.0634385
0.278445
0.327233
0.268911
0.138576
0.452538
0.701653
0.661696
0.30141
0.192178
0.188182
0.190789
-0.0659846
-0.49491
-0.58029
-0.526832
-0.41759
-0.532956
-0.681896
-0.672521
-0.456993
-0.124223
0.0929732
0.334096
0.522331
0.508676
0.208134
0.180448
0.561684
0.696857
0.297445
-0.0942108
-0.147582
-0.426433
-0.369438
-0.0974061
-0.0988248
-0.0177322
0.261774
0.341858
0.363606
0.161145
-0.192193
-0.448815
-0.617383
-0.462846
-0.0800073
0.113476
0.273109
0.518348
0.716731
0.658815
0.407228
0.292263
0.300553
0.344784
0.0440238
-0.356273
-0.785708
-0.744817
-0.481814
-0.260205
-0.0963
0.108699
0.120708
-0.216736
-0.397759
-0.422966
-0.33128
-0.131528
-0.0693926
-0.0597633
-0.167921
0.0856477
0.37839
0.57461
0.552435
0.326068
0.0640996
-0.341005
-0.433616
-0.291457
-0.153496
-0.170415
-0.0467769
-0.0776791
-0.34309
-0.419394
-0.259578
0.0798136
0.17283
0.270612
0.45759
0.165023
-0.299321
-0.358106
-0.693106
-0.432931
0.129546
0.304187
0.585767
0.741011
0.727497
0.496398
0.283328
0.0793099
-0.171094
-0.359429
-0.357419
-0.200554
-0.388138
-0.326726
0.0269755
0.187169
0.410595
0.330225
-0.107306
-0.280452
-0.169482
-0.245136
-0.502014
-0.198471
0.332783
0.586228
0.640843
0.710004
0.799309
0.580358
0.263549
-0.263232
-0.514371
-0.478333
-0.465889
-0.0782353
0.418814
0.583888
0.670246
0.460398
-0.0934303
-0.866966
-1.48454
-0.962346
-0.796343
-0.635845
-0.0377182
0.187317
0.329427
0.599034
0.523297
0.21417
0.146899
0.0284537
-0.100982
-0.125504
-0.181586
-0.268062
-0.310549
0.0242172
0.460185
0.466728
0.637905
0.699224
0.287012
-0.121292
-0.340961
-0.441956
-0.529197
-0.416085
-0.576745
-0.449768
-0.160665
0.00034177
0.342122
0.441138
0.57175
0.686684
0.663829
0.695675
0.534151
-0.105918
-0.410153
-0.846116
-1.26175
-1.20271
-0.753751
-0.474936
0.134031
1.0356
1.28997
1.51824
0.943114
0.248129
0.343722
0.0390862
-0.617486
-0.793831
-0.216184
0.269656
0.249679
0.602502
0.976056
0.983943
0.719392
0.160344
-0.102743
-0.388026
-0.731072
-0.976471
-1.08667
-1.07232
-0.585695
-0.442317
-0.239674
0.173945
0.396066
-0.163669
-0.510693
-0.622724
-0.713543
-0.444913
0.0465737
0.385283
0.871505
1.16788
1.26206
0.990685
0.701318
0.409097
0.0864612
-0.000585112
-0.140263
-0.298042
-0.466289
-0.658426
-0.759263
-0.96266
-0.959182
-0.410883
-0.249537
-0.273063
-0.197322
-0.294089
-0.0596577
0.258538
0.484556
0.608432
0.752335
0.748304
0.394328
0.139288
-0.104929
-0.16905
0.136776
0.181807
0.170168
0.0392419
0.0131401
-0.0038758
-0.132583
-0.410966
-0.609742
-0.726597
-0.610561
-0.312565
-0.0333097
0.262732
0.438922
0.570205
0.510002
0.329121
0.246654
0.103264
-0.0513917
-0.090708
-0.163296
-0.272931
-0.34579
-0.432089
-0.50974
-0.291891
0.0213238
0.127977
0.149416
0.166452
-0.0402389
0.0404552
0.419697
0.486707
0.522535
0.616141
0.559871
0.138364
-0.239347
-0.449407
-0.664585
-0.569042
-0.204658
-0.0111136
0.290921
0.535949
0.570021
0.597956
0.167094
-0.353762
-0.505099
-0.627771
-0.613895
-0.308331
-0.18282
-0.14835
-0.0620917
-0.0686891
-0.175258
-0.0546394
0.159639
0.331924
0.435643
0.373268
0.163587
0.0929578
0.0246072
-0.099841
-0.192828
-0.0359604
0.0488348
-0.0600948
-0.146588
-0.153956
-0.227856
-0.308355
-0.343902
0.00966609
0.247219
0.359577
0.520369
0.56853
0.462659
0.415166
0.301041
0.0477291
-0.209725
-0.202091
-0.284344
-0.339343
-0.197532
-0.182551
-0.168781
-0.107924
-0.113426
-0.23235
-0.424617
-0.38295
0.166698
0.267467
0.200805
0.39475
0.448136
0.248219
0.156496
0.143684
0.0867277
0.0296652
-0.00449254
-0.0437624
-0.109619
-0.227327
-0.313058
-0.375819
-0.265355
-0.083144
-0.0400692
-0.0369702
0.0519167
0.0147323
-0.171686
-0.240904
-0.195821
0.0270989
0.0637446
0.157659
0.324313
0.405257
0.476442
0.550839
0.460838
0.193602
0.0335657
-0.115032
-0.323871
-0.572028
-0.744203
-0.659916
-0.457992
-0.39605
-0.241517
-0.0260071
0.158499
0.323706
0.44316
0.546711
0.501591
0.323677
0.319441
0.254814
0.178305
0.334161
0.317116
0.016956
-0.172895
-0.28171
-0.41363
-0.535159
-0.51794
-0.275641
-0.0075616
0.14988
0.283387
0.476356
0.230785
0.104353
0.0810386
0.0132453
0.163503
0.0261628
-0.220947
-0.360515
-0.388123
-0.297624
-0.210712
-0.203459
-0.130247
-0.0636393
-0.00590996
0.0591936
0.0982229
0.154555
0.2754
0.195562
0.0601534
0.0770312
0.0150088
-0.0432363
-0.0659991
-0.103216
-0.137437
-0.167693
-0.20147
-0.229194
-0.265116
-0.34439
-0.220144
0.0116646
0.247927
0.364128
0.513748
0.576686
0.222066
-0.0284063
-0.14677
-0.313759
-0.436294
-0.311791
-0.376089
-0.418704
-0.0620898
0.0934505
0.058574
0.181786
0.232062
0.113587
-0.029687
-0.162783
-0.202811
0.0807752
0.134676
0.125354
-0.00569235
-0.160704
-0.184543
-0.191219
-0.0527976
0.0596497
0.168052
0.241417
0.111699
-0.0111363
-0.0469166
-0.124281
-0.0991938
0.103328
0.188469
0.281278
0.412983
0.548677
0.523098
0.217181
-0.244667
-0.672801
-0.650162
-0.703116
-0.521261
-0.359388
-0.268991
-0.149283
-0.00882894
0.136638
0.265681
0.390681
0.520336
0.63664
0.73429
0.749146
0.54789
0.362588
0.154642
-0.068912
-0.300792
-0.559192
-0.657897
-0.7307
-0.636378
-0.356813
-0.228373
-0.152049
0.0347346
0.218194
0.267459
0.337344
0.515146
0.628148
0.536723
0.286183
0.177485
0.0468422
-0.0754943
-0.154642
-0.120706
0.0142149
-0.00947554
-0.246016
-0.356936
-0.378108
-0.239251
0.0518033
0.344284
0.49359
0.574757
0.669742
0.722077
0.463715
0.135443
-0.0862568
-0.382871
-0.661652
-0.566944
-0.367893
-0.393786
-0.295134
-0.0519821
0.0304732
0.0946145
0.060156
-0.13311
-0.16317
0.0528542
0.24043
0.490753
0.782738
0.679023
0.324232
0.235747
0.174604
-0.0758378
-0.293788
-0.447204
-0.465098
-0.242757
-0.178648
-0.205273
-0.176185
-0.144251
-0.151885
-0.145684
-0.125404
-0.109745
-0.0946686
-0.138472
-0.243225
-0.289107
-0.156952
0.0313013
0.151612
0.249183
0.252439
0.314428
0.349567
0.32049
0.237097
0.104266
-0.0418904
-0.135095
-0.201677
-0.248537
-0.254461
-0.120779
-0.0851332
-0.0698485
-0.0582965
-0.0633966
-0.0466877
-0.0204517
-0.0103272
-0.00417934
-0.0041479
-0.0197827
-0.0163912
0.00818207
0.0378085
0.0923729
0.109459
-0.0318293
-0.146994
-0.251389
-0.367946
-0.473227
-0.294534
-0.0632459
0.11177
0.216318
0.36571
0.280053
0.123259
-0.0142617
-0.15911
-0.182436
-0.2128
-0.189135
-0.0572668
0.035842
0.143935
0.258218
0.144867
0.0279658
-0.0311649
-0.107837
-0.158701
0.00746794
0.187803
0.166774
0.206153
0.165965
0.0926065
0.130818
0.207632
0.215406
0.145035
0.0374908
-0.0958357
-0.248551
-0.434323
-0.589327
-0.637276
-0.520396
-0.301409
-0.150581
0.0328616
0.228873
0.502559
0.815678
0.847579
0.604319
0.531593
0.301408
0.140282
0.0686539
-0.171674
-0.350468
-0.412042
-0.18538
-0.0780762
-0.0960926
0.016512
0.070575
0.0741281
0.107663
0.0858039
0.00362406
-0.0606925
-0.127209
-0.149965
-0.184477
-0.227826
-0.193952
-0.0855769
-0.028511
0.051396
0.0985992
0.00141105
0.0430454
0.115165
0.0818949
0.044174
0.0383142
0.0140018
0.0367456
0.115919
0.0816713
-0.0525056
-0.102627
-0.0353143
0.0382295
-0.0167595
-0.0267156
0.00511971
0.0460453
0.104113
0.186599
0.229062
0.0233295
-0.222585
-0.312892
-0.31772
-0.355073
-0.371323
-0.361668
-0.253679
-0.134875
-0.0743339
0.0217104
0.119944
0.186759
0.26681
0.365136
0.352524
0.24582
0.227283
0.17016
0.083944
0.0235546
-0.038883
-0.102648
-0.175319
-0.329652
-0.485811
-0.635893
-0.798421
-0.612497
-0.383392
-0.19548
-0.118099
0.0309002
0.143335
0.225415
0.321255
0.385224
0.346333
0.33219
0.341592
0.316796
0.27632
0.213422
0.132957
-0.068613
-0.218203
-0.28596
-0.416054
-0.527866
-0.398387
-0.213447
0.0128818
0.132863
0.254341
0.386095
0.417513
0.439
0.369279
0.198975
0.0193796
-0.121809
-0.263497
-0.251794
-0.180565
-0.200043
-0.265436
-0.190275
-0.0394065
0.043485
0.167256
0.278711
0.296149
0.250254
0.265471
0.244444
0.175017
0.0895681
-0.0357904
-0.0955545
-0.160914
-0.22139
-0.230624
-0.145921
-0.095343
-0.0430628
0.0423007
0.163523
0.271482
0.309807
-0.0106271
-0.13059
-0.160597
-0.281202
-0.210238
-0.122636
-0.112135
-0.0598961
-0.0681805
-0.0862746
-0.0469459
-0.048048
-0.0968133
-0.127667
-0.0707848
-0.0338581
-0.0271611
0.00784223
0.0408264
0.066561
0.112575
0.166694
0.283754
0.455037
0.442664
0.316653
0.278354
0.0853761
-0.0729809
-0.178381
-0.322001
-0.367662
-0.255641
-0.27293
-0.291515
-0.198301
-0.0626223
0.0358896
0.103667
0.160705
0.257467
0.36094
0.474896
0.394854
0.372187
0.377906
0.311459
0.106127
-0.0997951
-0.226296
-0.311397
-0.40849
-0.372723
-0.231533
-0.181862
-0.103339
-0.0496331
0.00295864
0.146669
0.30327
0.481317
0.489708
0.393597
0.340735
0.23763
0.111536
-0.0217488
-0.155663
-0.249388
-0.233927
-0.17166
-0.163794
-0.141386
-0.100319
-0.075341
-0.0522899
-0.0628228
-0.0809856
-0.0814719
-0.0622478
-0.0333287
0.0330587
0.153425
0.233401
0.32054
0.335148
0.188947
0.099687
-0.000544762
-0.119639
-0.18129
-0.194188
-0.229856
-0.222165
-0.184103
-0.158006
-0.0981657
0.00841298
0.104598
0.212886
0.283529
0.314633
0.257615
0.218314
0.191988
0.137259
0.08986
0.0448884
0.0169704
0.044587
0.0511217
0.047727
0.0158479
-0.0399278
-0.12515
-0.2972
-0.483619
-0.541857
-0.476379
-0.368556
-0.236231
0.0294646
0.146872
0.211542
0.293917
0.287151
0.169634
0.115421
0.0419347
-0.0171688
-0.0308905
-0.0288353
-0.0271547
-0.0282502
-0.0433481
-0.0674112
-0.0817619
-0.0583463
0.016939
0.0924488
0.165032
0.211601
0.247779
0.27061
0.175095
0.101385
-0.00148332
-0.102097
-0.147943
-0.215887
-0.18816
-0.150886
-0.157732
-0.188699
-0.205902
-0.149309
-0.061591
0.0467327
0.219123
0.248848
0.264003
0.17087
0.0344677
-0.0944203
-0.171057
-0.0643581
-0.0141734
-0.0310024
-0.01918
-0.0983707
-0.18628
-0.279594
-0.359802
-0.419033
-0.331844
-0.151817
0.0123857
0.0481733
0.11452
0.198197
0.108876
0.0526942
0.103953
0.193558
0.231893
0.292036
0.332272
0.108625
-0.0615077
-0.0832983
-0.103064
-0.166621
-0.1823
-0.204577
-0.240701
-0.242729
-0.14276
-0.0969477
-0.0894483
-0.0292638
0.00769571
0.0302
0.0653821
0.128488
0.22462
0.265542
0.14838
0.115886
0.10606
0.0186878
-0.0555948
-0.105852
-0.130394
-0.161766
-0.201343
-0.232558
-0.218584
-0.162491
-0.0847858
0.0266736
0.0503919
0.0883136
0.061974
0.027091
0.042835
0.0516179
0.0448933
0.043715
0.0311754
0.0223006
0.0226295
0.0348557
0.0376869
0.0188649
0.00487487
-0.00219727
0.00233377
0.0106297
0.00654082
-0.0162962
-0.0312235
-0.0401676
-0.0550911
-0.0694938
-0.0704213
-0.0294908
0.000176249
0.0319873
0.0553238
-0.00208496
-0.0375256
-0.062405
-0.108133
-0.106362
-0.0949016
-0.135654
-0.148356
-0.107707
-0.0797601
-0.0509609
-0.010819
0.0175397
0.0526211
0.12468
0.182748
0.204424
0.238893
0.211082
0.0926131
-0.0262288
-0.102773
-0.146094
-0.186499
-0.104143
-0.0485541
0.0100988
0.0974145
0.164566
0.186575
0.21916
0.186303
0.0924649
0.0452683
-0.0208947
-0.0997267
-0.143988
-0.151333
-0.175598
-0.150431
-0.116674
-0.0824964
0.0427853
0.144019
0.173961
0.196647
0.237326
0.1802
0.123025
0.0728636
0.0523965
0.0264173
0.00413344
-0.000707643
-0.0207647
-0.0466052
-0.0575027
-0.0471952
-0.04581
-0.0462661
-0.0395966
-0.0418106
-0.0605373
-0.0718306
-0.0825869
-0.0981582
-0.111722
-0.116781
-0.0581979
-0.00232482
0.0393196
0.138018
0.210957
0.248925
0.308883
0.322088
0.171782
0.0264891
-0.0902239
-0.140882
-0.19567
-0.245038
-0.195768
-0.176955
-0.170729
-0.146868
-0.129933
-0.114207
-0.0879993
-0.0303114
0.0337089
0.120147
0.18016
0.200063
0.183761
0.110595
0.111247
0.091795
0.0503098
0.0281619
-0.00152112
-0.0383769
-0.111691
-0.188536
-0.217819
-0.111814
-0.0739574
-0.0591928
0.0257448
0.101979
0.126314
0.0850467
-0.00622928
-0.0592507
-0.128866
-0.176357
-0.184007
-0.129001
-0.0931801
-0.0442355
0.0264094
0.0822594
0.117653
0.142122
0.179056
0.19815
0.139752
0.101005
0.0882216
0.0524516
0.0182403
-0.00844948
-0.0387376
-0.0648095
-0.0867831
-0.0804357
-0.0619815
-0.0590524
-0.0469548
-0.0481166
-0.0731399
-0.0831521
-0.0961057
-0.0738637
-0.00484342
0.0744666
0.166643
0.21648
0.248165
0.174693
0.107133
-0.032913
-0.179084
-0.230235
-0.308355
-0.292534
-0.141773
-0.0802993
-0.0371331
-0.0591787
-0.0555062
-0.0452466
0.00523014
0.0842961
0.118802
0.172248
0.233983
0.252263
0.251515
0.222922
0.156907
0.049308
-0.0656711
-0.164742
-0.255767
-0.336999
-0.267606
-0.0989777
-0.0331742
0.074684
0.151233
0.125864
0.112128
0.119436
0.107442
0.0988339
0.0977498
0.102054
0.103192
0.0957597
0.0785259
0.0486525
-0.0146356
-0.0460613
-0.0778452
-0.139623
-0.159144
-0.0264336
0.00850448
0.0256445
0.0632456
0.0743298
0.101912
0.136783
0.13832
0.0656809
0.0354121
0.0115062
-0.0407275
-0.0949466
-0.156649
-0.122808
-0.0779801
-0.073211
-0.0382209
-0.00796275
0.00835837
0.0334648
0.0475755
0.0557735
0.067682
0.0745227
0.0817367
0.0858846
0.0888859
0.0855206
0.0755778
0.0607241
0.0402793
0.0225189
-0.00142627
-0.0500067
-0.123465
-0.207461
-0.253862
-0.252625
-0.197846
-0.138382
-0.00262852
0.0740095
0.12297
0.196507
0.241554
0.262147
0.178029
0.144263
0.137584
0.0899725
0.0705459
0.0740223
0.0719406
0.0777949
0.083347
0.0650258
0.00763272
-0.0244969
-0.0503501
-0.0916778
-0.113818
-0.0835621
-0.0708399
-0.0643317
-0.0353601
-0.00736148
0.00296829
0.00755776
0.0214539
0.0301656
0.036559
0.0454567
0.0389791
0.0184669
0.0131749
0.00653608
-0.00581018
-0.00323716
0.0187451
0.0280087
0.0329798
0.0300289
-0.000858517
-0.0189092
-0.0291407
-0.0485681
-0.0662702
-0.0811108
-0.0798549
-0.0617197
-0.0589594
-0.0549555
-0.0455776
-0.0144358
0.028145
-0.0255021
-0.0552078
-0.0498316
-0.0373806
-0.0296223
-0.02162
-0.00766628
0.00450094
0.0173778
0.0320725
0.0346484
0.0110279
-0.00223405
-0.0142063
-0.00192298
0.036634
0.0387481
0.0529413
0.0435638
0.0136802
-0.000518397
-0.0261246
-0.0546758
-0.082539
-0.138479
-0.166978
-0.121881
-0.12262
-0.110496
-0.0779059
-0.0518317
-0.0151303
0.00113842
0.0138984
0.0367507
0.0498781
0.0382169
0.0300626
0.0280964
0.0171035
0.00413108
-0.0059344
-0.0176345
-0.0418749
-0.0686431
-0.0723827
-0.080264
-0.0848471
-0.0864591
-0.087383
-0.0683756
-0.0491495
-0.029435
-0.00485204
0.0177128
0.0306807
0.00599572
-0.00810553
-0.0179752
-0.0457986
-0.0682718
-0.085993
-0.107746
-0.119352
-0.0541151
0.00617506
0.0414802
0.10276
0.156868
0.119487
0.101844
0.104523
0.0738341
0.0406546
0.0177915
-0.00223057
-0.0205841
-0.0411045
-0.0658829
-0.095021
-0.101234
-0.112188
-0.104003
-0.0652039
-0.046111
-0.0114857
0.027521
0.052902
0.0656302
0.0911143
0.104079
0.0646312
0.0453748
0.0293011
-0.00113563
-0.046599
-0.0743807
-0.0428693
-0.0475677
-0.0562355
-0.0532999
-0.0540914
-0.056912
-0.0352939
0.00735077
0.0322251
0.0943693
0.153036
0.117285
0.0586476
0.0662569
0.0283267
-0.0364615
-0.0487654
-0.0688707
-0.099126
-0.0986476
-0.0716498
-0.0618111
-0.0433789
-0.00472037
0.0241904
0.0448192
0.0657263
0.0607306
0.00376231
-0.0223242
-0.0293203
-0.0566373
-0.0583265
-0.0260277
-0.01912
-0.01041
0.00463105
0.00613212
0.0104742
0.00908332
0.00343808
0.000174716
-0.00606977
-0.0105221
-0.0127394
-0.0168294
-0.0214741
-0.0259097
-0.0295839
-0.0310508
-0.0315148
0.00828658
0.065944
0.0582198
0.0744793
0.0863754
0.0700402
0.0875222
0.128272
0.138789
0.151953
0.11883
0.0723521
0.0335009
-0.0216278
-0.0824245
-0.125803
-0.165805
-0.169091
-0.125705
-0.117878
-0.0904346
-0.0473889
-0.018421
0.0108491
0.0334616
0.0561175
0.069262
0.0755475
0.0730057
0.0582759
0.052091
0.0428335
0.0310703
0.0249206
0.045292
0.0644301
0.0789143
0.0951107
0.067593
0.0471903
0.0322117
0.00148567
-0.0238334
-0.0500396
-0.0922172
-0.0910013
-0.0499908
-0.0450295
-0.0176131
0.0199145
0.0552333
0.0982452
0.129524
0.132054
0.143695
0.154559
0.132421
0.0974053
0.0518388
-0.0129728
-0.0753656
-0.101208
-0.0949386
-0.105497
-0.105016
-0.0955338
-0.0578571
-0.0121694
0.0351226
0.10322
0.131984
0.118602
0.0868331
0.0614686
0.040194
0.0104409
-0.00778072
-0.00898509
-0.00269236
-0.00313628
-0.00943578
-0.0192408
-0.0244851
-0.0272368
-0.0292365
-0.0325781
-0.0204328
0.0215006
0.0798476
0.0965276
0.105604
0.123578
0.133747
0.125505
0.108425
0.0867603
0.0509114
0.022504
-0.00751565
-0.0306636
-0.0446936
-0.0415259
-0.0211785
-0.0146197
-0.00219205
0.0140707
0.0120097
-0.00749525
-0.0138736
-0.0225312
-0.0157935
0.00133739
0.00762517
0.0167933
0.00645766
-0.005601
-0.00646457
0.0111663
0.0238137
0.0327791
0.0451441
0.0219665
-0.00693186
-0.0218205
-0.0483222
-0.0751829
-0.098486
-0.0886501
-0.021988
-0.0112416
0.00665887
0.0473507
0.0482881
0.0212751
0.0185454
0.00876314
0.000572582
-0.000485496
-0.00628368
-0.0104037
-0.0142974
-0.0206606
-0.0259156
-0.0324847
-0.0403978
-0.043291
-0.00904903
0.027499
0.0300971
0.045529
0.0663935
0.0517152
0.0239932
0.0185479
0.00704334
-0.0143683
-0.034301
-0.0510477
-0.0662419
-0.0831019
-0.101384
-0.09635
-0.0822969
-0.0672346
-0.0402113
-0.0183769
0.00422691
0.0291527
0.0468948
0.0255065
0.0178132
0.0316336
0.0277451
0.0254512
0.0280979
0.0227081
-0.0146886
-0.042158
-0.0444807
-0.0608317
-0.0789263
-0.070498
-0.0328722
-0.020137
-0.022911
-0.00988248
0.00203058
0.0143187
0.0261108
0.0208805
0.014331
0.0146229
0.010026
0.00494396
-0.00421121
-0.0358332
-0.0576012
-0.0713095
-0.0950178
-0.115963
-0.103926
-0.0652682
-0.0514262
-0.0222421
0.0200241
0.0259091
0.0343869
0.00925589
-0.0228961
-0.0310937
-0.0526877
-0.073539
-0.0611859
-0.0527489
-0.0572153
-0.0681456
-0.0759653
-0.0859655
-0.0991655
-0.0927099
-0.0701101
-0.0617487
-0.041293
-0.0183746
-0.00130088
0.0189231
0.0350958
0.0159258
-0.000266016
0.00350805
-0.000507279
-0.00836896
-0.0104925
-0.0164316
-0.0297792
-0.0270653
-0.00259429
0.00639798
-0.00317437
-0.00917197
-0.0104301
-0.0158079
-0.0183441
-0.0210376
-0.0168752
-0.00764376
-0.00334919
0.001087
0.00477622
0.00890786
0.012749
0.0181203
0.0281465
0.0356714
0.0372196
0.0404131
0.046992
0.0598305
0.0670914
0.0489661
0.0371839
0.0234397
0.00041652
-0.0297957
-0.0610324
-0.10655
-0.144187
-0.146386
-0.133876
-0.125051
-0.111251
-0.0838453
-0.0381649
0.0186061
0.0709464
0.127292
0.170587
0.204223
0.238576
0.150019
0.0453225
0.0297
-0.0466133
-0.120933
-0.171528
-0.229297
-0.238984
-0.126235
-0.0763084
-0.0528214
0.0177357
0.0481554
0.0620884
0.0830978
0.0394154
0.0279734
0.0538833
0.0444335
0.0435659
0.0521232
0.0439814
0.0316845
0.0269086
0.0178787
0.0102446
0.0232614
0.0348267
0.0443857
0.0626612
0.0762704
0.0703154
0.0592714
0.0573544
0.0524176
0.0492411
0.0449909
0.0323607
0.0191545
-0.00389312
-0.042948
-0.0476778
-0.0554585
-0.0609182
-0.0315472
-0.0131797
0.00678669
0.0333239
0.0540581
0.0492367
0.0419108
0.0442892
0.0385035
0.0294086
0.0116996
0.00185748
0.0514107
0.0901899
0.0885118
0.0698624
0.0302958
0.00891953
-0.0216465
-0.0574083
-0.0570406
-0.0297609
-0.0284896
-0.0307846
-0.0507711
-0.0645298
-0.0761909
-0.0605744
-0.0224505
-0.00610087
0.0134387
0.0373699
0.0583773
0.0788715
0.094634
0.105014
0.121374
0.139812
0.134319
0.0933231
0.0540085
0.0228872
0.0501814
0.0382821
-0.00203971
-0.0173478
-0.0367997
-0.0658039
-0.0891776
-0.0906855
-0.0555777
-0.0392608
-0.0199263
0.0104804
0.0320759
0.0521801
0.0760067
0.0879364
0.0754772
0.0753808
0.0926833
0.101957
0.109115
0.108453
0.0727828
0.0479394
0.0135228
-0.0305628
-0.0559915
-0.0082247
0.0226479
0.0371405
0.0676091
0.0911056
0.071197
0.03858
0.0264825
0.00117227
-0.0262628
-0.039361
-0.0514602
-0.0686067
-0.0819569
-0.0937246
-0.0760298
-0.0389467
-0.00543776
0.0500462
0.0590198
0.0549619
0.0754702
0.0566384
0.0118734
-0.00287456
-0.0184828
-0.0437941
-0.040476
-0.014568
-0.00960941
0.00390731
0.0229677
0.0319316
0.010154
-0.00419262
-0.0123334
-0.0156355
-0.0027623
-0.000379799
0.00491498
-0.00403823
-0.0385348
-0.0571477
-0.0785507
-0.0959043
-0.102603
-0.109401
-0.0648841
-0.0263527
0.0215178
0.0855097
0.0799647
0.0715113
0.0819704
0.0649638
0.0428183
0.0281621
0.00201948
-0.0221565
-0.0415826
-0.045346
-0.0521394
-0.0606941
-0.049051
-0.0392364
-0.0359276
-0.02786
-0.0201023
-0.0249496
-0.0357281
-0.0405165
-0.0510798
-0.045749
-0.0107623
0.00807882
0.0272105
0.047765
0.0597058
0.0687378
0.0496267
0.0357867
0.0159956
-0.0163471
-0.0407567
-0.056461
-0.0609448
-0.0727531
-0.0806943
-0.0723531
-0.0687212
-0.0665479
-0.0548831
-0.0458819
-0.0382945
-0.0186662
0.0124702
0.0288821
0.042135
0.0666749
0.0988234
0.099858
0.0675798
0.0610187
0.0486692
0.0278598
0.0126981
-0.0182672
-0.0767646
-0.0878329
-0.0591407
-0.0660949
-0.0621124
-0.046999
-0.0409078
-0.0431294
-0.0495411
-0.0510954
-0.0554151
-0.0608691
-0.0649806
-0.0694754
-0.0559118
-0.019261
0.00309657
0.0386255
0.0723383
0.0759357
0.0797267
0.0857763
0.0813766
0.0728368
0.065936
0.0449113
0.0264387
0.00750486
-0.0197057
-0.0392059
-0.0491125
-0.0646573
-0.0798538
-0.0810452
-0.0645682
-0.0581943
-0.0516296
-0.0405418
-0.0314626
-0.0228387
-0.0134951
-0.00448412
-0.00775442
-0.0408484
-0.0560294
-0.0208572
0.00303825
0.0154947
0.0246191
0.00621392
0.00138211
-0.00490796
-0.0149529
-0.0167731
-0.021526
-0.0267648
-0.0301287
-0.0416355
-0.0624439
-0.0710576
-0.0431058
-0.025403
-0.0145713
-0.00922416
-0.0289128
-0.035575
-0.0432521
-0.0416435
-0.026789
-0.0215306
-0.00715807
0.00910246
0.0191117
0.00809772
-0.00591356
-0.0113845
-0.0238185
-0.0122529
0.0243355
0.0374469
0.0528714
0.076385
0.0915555
0.0737903
0.0532529
0.0449403
0.0263092
0.00784421
-0.00752166
-0.0247531
-0.0417611
-0.039836
-0.0211221
-0.0174134
-0.00700642
0.00751218
0.0179561
0.0295391
0.0287702
0.010959
0.00448301
-0.00469042
-0.0183521
-0.0228251
-0.0168671
-0.0172653
-0.0166867
-0.0131269
-0.0114746
-0.0115926
-0.0108471
-0.0100061
-0.00971978
-0.0092232
-0.00800821
-0.00524544
-0.00308867
-0.000550056
0.00625828
0.0126826
0.00645004
-0.0128472
-0.0224794
-0.0247467
-0.00580256
0.00674284
0.0195572
0.038312
0.0357606
0.0155729
0.0118058
0.00159318
-0.0129158
-0.0233185
-0.0297911
-0.00316063
0.0173378
0.0288676
0.0427159
0.056079
0.06926
0.075111
0.0565942
0.0453633
0.0358676
0.0143182
-0.00326607
-0.0183144
-0.0205693
-0.016489
-0.0200774
-0.0192161
-0.0162753
-0.0146666
-0.0129204
-0.0106623
-0.00664779
-0.00145028
0.00254561
0.00848065
0.0239873
0.0373732
0.0505486
0.0678259
0.0832302
0.0878342
0.066674
0.0555682
0.0468836
0.0352042
0.0254516
0.0153677
0.00549622
-0.00327414
-0.0107333
-0.0189189
-0.0174401
0.00784914
0.0228109
0.0278803
0.038898
0.0442176
0.030576
0.0241653
0.0201161
0.0240389
0.0345386
0.0387335
0.0461983
0.0411594
0.0215157
0.0138547
0.00260113
-0.0117813
-0.0226511
-0.013531
0.00756869
0.0109132
0.0147086
0.029158
0.0409233
0.0444724
0.0488582
0.0400765
0.0236734
0.00909453
-0.0310706
-0.0493094
-0.0652464
-0.0808393
-0.0436114
-0.0209468
-0.00901607
0.0249274
0.0608048
0.0881208
0.0887937
0.0715325
0.0727847
0.0649524
0.0527695
0.0443134
0.0255825
0.00659719
-0.00618306
-0.0187681
-0.0326802
-0.0389548
-0.0451634
-0.0435158
-0.0300963
-0.0227264
-0.00647335
0.010042
0.0208939
0.0129871
0.00910122
0.0093238
0.0025437
-0.00742806
-0.0153253
-0.0232783
-0.0231744
5.00953e-05
0.0110765
0.0147252
0.021649
0.00967379
0.00119116
-0.00993397
-0.0270798
-0.0323187
-0.0245024
-0.0250708
-0.0241872
-0.0199796
-0.0191793
-0.0178215
-0.0148928
-0.0119428
-0.00952076
-0.00669364
-0.00616498
-0.0115424
-0.0145183
-0.0166499
-0.0205559
-0.0239387
-0.0252143
-0.0200303
-0.0167235
-0.0140541
-0.00667522
-1.77212e-05
0.000190769
-0.00757416
-0.0107324
-0.0146444
-0.0219371
-0.0260244
-0.0167983
-0.0108723
-0.00736593
0.000299618
-0.000242631
-0.00810052
-0.00922753
-0.0115918
-0.0155294
-0.0183413
-0.0211544
-0.0242137
-0.0225358
-0.00967048
-0.00301569
-0.00359154
0.00110094
0.0122289
0.0118938
-0.00315906
-0.00410543
0.00779957
0.0212044
0.0265798
0.0324457
0.0208799
0.012272
0.0100627
0.0236353
0.0428809
0.0524334
0.0121881
-0.0141227
-0.0283474
-0.0528675
-0.0227131
-0.00651329
-0.00143626
0.0151038
0.00559898
-0.0197432
-0.0468649
-0.0757926
-0.105091
-0.0993647
-0.0718789
-0.0654972
-0.0316654
0.00652333
0.0309546
0.0552654
0.0827009
0.0991724
0.0805567
0.0725769
0.0682038
0.0525639
0.0295965
-0.010461
-0.0282742
-0.0453332
-0.0802415
-0.081451
-0.0605744
-0.063152
-0.0572968
-0.0458502
-0.0397745
-0.0327638
-0.0248783
-0.020659
-0.0198223
-0.0164252
-0.0132846
-0.007665
-0.00205728
0.00303294
0.00917141
0.0126108
-0.0030965
-0.0159883
-0.0166865
-0.014776
0.000140888
0.00869916
-0.00573901
-0.0230761
-0.0254645
-0.0148955
0.00261082
-0.0113742
-0.0414712
-0.0476511
-0.0637374
-0.0852268
-0.0824861
-0.0502378
-0.0351975
-0.0112275
0.0325679
0.0569756
0.0734076
0.0590903
0.000350978
-0.0100194
-0.0229315
-0.0662683
-0.0698852
-0.043315
-0.0468415
-0.0229094
0.0237931
0.0499749
0.0833138
0.114062
0.0815732
0.0529333
0.0384782
0.00174051
-0.028885
-0.0386978
-0.0464257
-0.0618955
-0.0614523
-0.0481153
-0.0445077
-0.0287184
-0.0064141
0.004381
0.0144862
0.0280454
0.0336266
0.0402412
0.0487767
0.0554894
0.0624894
0.0596778
0.0437808
0.0366627
0.0304282
0.024492
0.0182687
0.0125062
0.00828581
0.00448778
0.000409932
0.00693658
0.0194431
0.0227831
0.0279017
0.0158045
-0.00133934
-0.0152691
-0.0383039
-0.0361161
-0.0373071
-0.0460014
-0.0347043
-0.013492
-0.00629263
-0.00289778
0.00113341
-0.00709677
0.00582063
0.0484911
0.0399207
0.0289314
0.0358321
0.04852
0.0339306
-0.00199382
-0.0254131
-0.0573614
-0.0661659
-0.0393694
-0.0363923
-0.0266988
-0.0060088
0.0186454
0.0674867
0.056914
-0.02128
-0.0208409
0.0314578
0.0377584
-0.0179091
-0.0510792
-0.0329158
0.0141155
0.031558
0.030409
0.0106601
0.00825394
0.00307919
0.0056492
0.00798432
0.0129055
0.0287004
0.0396769
0.0355972
0.0159395
0.0124372
0.0381449
0.0526232
0.0558033
0.0212637
-0.00629367
-0.0212676
-0.0441694
-0.0493862
-0.00866415
0.0138159
0.0320033
0.0615666
0.0520248
0.0201387
0.0109255
-0.0214797
-0.0186727
-0.00100598
-0.0361601
-0.0498452
-0.0541144
-0.0651783
-0.0405826
-0.0221903
0.00137221
0.0394062
0.0519062
0.051381
0.066727
0.0406641
-0.0125974
-0.00536902
-0.0100424
-0.0216161
-0.0233821
-0.0259877
-0.0284162
-0.00767631
0.0174861
0.0264117
0.0420887
0.0503923
0.0413049
0.039312
0.0385028
0.0334953
0.0300356
0.0267147
0.0188065
0.0113565
0.0103457
0.00776427
0.00437169
0.00745389
0.00989906
0.0106287
0.0133075
0.015656
0.0175261
0.0279261
0.0448337
0.0299157
0.0148529
0.0111675
0.0124343
0.021521
0.0246453
0.0309289
0.0381847
0.0409652
0.0268487
0.0123586
0.00996111
0.0142137
0.0108504
-0.0276656
-0.0312184
-0.0332903
-0.0399451
-0.0343758
-0.0245215
-0.0197991
-0.0319107
-0.032854
-0.0187956
0.0104307
0.0493433
0.0241758
0.0183536
0.0285803
0.0183241
0.0104965
0.00685557
0.00161543
0.00419655
0.005813
0.00225321
-0.00612377
-0.011325
-0.0131062
-0.0167091
-0.0209103
-0.0282118
-0.036169
-0.0322103
-0.0179353
-0.0180805
-0.0126519
0.00360886
0.00121961
-0.00881943
-0.00746729
-0.00913349
-0.012679
-0.0141528
-0.0140859
-0.013766
-0.0146566
-0.019958
-0.0246448
-0.0271508
-0.0299783
-0.0257508
-0.0184509
-0.00254502
0.00890499
-0.00195426
-0.00782331
-0.00548729
-0.010632
-0.0148618
-0.0162753
-0.0183383
-0.0206054
-0.0224532
-0.0243219
-0.0278437
-0.0311611
-0.0326756
-0.0337028
-0.0270702
-0.0198363
-0.00721731
-0.0015164
-0.00303034
0.00242375
0.00541776
0.00654122
0.00820672
0.0036283
-0.000569094
-0.00269585
-0.00647976
-0.00929435
-0.00996582
-0.0112468
-0.012359
-0.0125725
-0.0128524
-0.00983253
-0.0050102
-0.00287776
-0.000221572
0.00255925
0.000312384
-0.00292249
-0.000385317
-0.000462772
-0.000810392
0.00114778
0.00206725
0.00253707
0.00333223
0.00418763
0.00409376
0.0029352
0.00264523
0.00231399
0.0017457
0.0010428
-0.000752728
-0.00134536
-0.00155096
-0.00175088
-0.00100429
-0.00068287
-0.000380288
0.000129321
0.000496228
0.00080995
0.00116773
0.00170543
0.00211302
0.00241335
0.00266025
0.00236431
0.00214965
0.00224414
0.00220392
0.00213858
0.00217492
0.00226243
0.00230599
0.00234061
0.00238356
0.00242643
0.00247539
0.00249847
0.00251214
0.00245354
0.00232304
0.00229012
0.00226915
0.00226432
0.0023274
0.00232022
0.00226806
0.00221618
0.002193
0.00216646
0.00214337
0.00213578
0.00210404
0.00203169
0.00198439
0.00196256
0.00192239
0.00188645
0.00185823
0.00183984
0.00181555
0.00178498
0.00175278
0.00172086
0.00169258
0.0016686
0.00164351
0.00161632
0.0015898
0.00156538
0.00154201
0.00152023
0.00149809
0.00147692
0.00145799
0.00144029
0.0014235
0.0014079
0.00139358
0.00138051
0.0013687
0.00135819
0.00134898
0.00134101
0.00133435
0.00132901
0.00132499
0.00132231
0.00132096
0.00132094
0.00132228
0.00132496
0.00132897
0.00133432
0.00134099
0.00134899
0.00135829
0
