0.0181336
0.017907
0.0175278
0.0170098
0.0164476
0.0159905
0.0157069
0.0155093
0.0152517
0.0147703
0.0139699
0.0129638
0.0119253
0.011034
0.0103938
0.00992098
0.00939791
0.00860191
0.00739604
0.00596857
0.00495136
0.00508862
0.00666449
0.00909809
0.0116768
0.0148857
0.0201952
0.0290245
0.0411516
0.0541304
0.0649751
0.0710896
0.0721595
0.0705525
0.0679062
0.0654248
0.0638161
0.0632846
0.063293
0.0627227
0.0600838
0.053721
0.0433759
0.0312651
0.0193255
0.00873044
0.000667082
-0.00324471
-0.00312698
-0.00212705
-0.00129632
-0.000617662
-0.000729868
-0.00281412
-0.00817147
-0.0166687
-0.0243646
-0.0249327
-0.0188763
-0.0125778
-0.00991668
-0.0120495
-0.017411
-0.0227019
-0.0271164
-0.0314851
-0.0367429
-0.0430261
-0.048922
-0.0515711
-0.0480563
-0.0383946
-0.0261964
-0.0116129
0.00601507
0.0242231
0.0384768
0.0445042
0.0420999
0.0367022
0.0313205
0.0257015
0.0195254
0.0129964
0.00618872
-0.00118934
-0.00947114
-0.0186249
-0.027427
-0.0333724
-0.0335108
-0.0271888
-0.0177664
-0.00798234
0.00248366
0.0141859
0.0258329
0.0341122
0.0355436
0.0301753
0.0231455
0.0175664
0.0154564
0.0186445
0.0263125
0.0345287
0.0421111
0.0494554
0.0562435
0.0613325
0.0629304
0.059125
0.0508834
0.0426337
0.0377972
0.0385501
0.0443361
0.0512232
0.0578241
0.0637264
0.0671905
0.0655973
0.0576183
0.0444779
0.0249026
1.82695e-05
-0.0238761
-0.0441603
-0.061074
-0.0731346
-0.0757726
-0.0671608
-0.053032
-0.0391105
-0.0266273
-0.015194
-0.00447239
0.00492768
0.00943767
0.00589329
-0.00337525
-0.0105702
-0.00965567
0.00121893
0.0178633
0.0338933
0.0471896
0.0578761
0.0661585
0.070258
0.0674133
0.0582379
0.0466075
0.0335153
0.0192501
0.00497646
-0.00920153
-0.0238817
-0.0398058
-0.0569869
-0.0736521
-0.0858505
-0.0889876
-0.0820721
-0.0711115
-0.0626642
-0.0591345
-0.0594375
-0.0601005
-0.0602277
-0.0618311
-0.0669434
-0.0747117
-0.0801602
-0.0779137
-0.0656354
-0.0471768
-0.0287405
-0.0122873
0.00267477
0.0174264
0.0333452
0.0497966
0.0643557
0.074172
0.0782601
0.0793115
0.080497
0.0808442
0.0769388
0.0662607
0.0503457
0.0338528
0.0182812
0.00320917
-0.0113899
-0.0237401
-0.029372
-0.0251021
-0.0138073
-0.00237677
0.00379208
0.000820376
-0.0107234
-0.0232225
-0.0292303
-0.0244081
-0.0100539
0.00612539
0.0211886
0.0345629
0.044532
0.0492304
0.0494203
0.0496127
0.0511456
0.052489
0.0507007
0.0422352
0.0263519
0.00802017
-0.00559391
-0.00916108
-0.0021844
0.00932488
0.0212149
0.0308142
0.0334668
0.0241127
0.00332245
-0.0202418
-0.0429362
-0.0631031
-0.0770651
-0.0813191
-0.076442
-0.066691
-0.052425
-0.0344641
-0.015222
0.00152052
0.00988672
0.00538749
-0.00914055
-0.0247882
-0.038043
-0.0485546
-0.0562009
-0.061143
-0.0616603
-0.053748
-0.0368898
-0.0168946
0.00359209
0.0225899
0.0359631
0.0395699
0.0343281
0.0282011
0.0252873
0.0265124
0.0310421
0.0358752
0.0398708
0.043739
0.0483337
0.0533358
0.0565759
0.0541858
0.0437101
0.0276717
0.0117621
0.000291355
-0.00372173
-0.000681877
0.00414447
0.00732023
0.0083303
0.00791002
0.00778888
0.00916988
0.0110772
0.010366
0.00334932
-0.0109387
-0.0280364
-0.0418293
-0.0457771
-0.0354975
-0.0145004
0.00733463
0.0259229
0.0403928
0.0497422
0.0519137
0.0449246
0.0319794
0.0183879
0.00522548
-0.00793463
-0.0202021
-0.0283169
-0.0276882
-0.0177198
-0.00486425
0.00527601
0.00999117
0.00927866
0.00685813
0.00643474
0.00912086
0.0134021
0.0153062
0.0108016
-0.001375
-0.0181595
-0.0363691
-0.0541273
-0.0678213
-0.0720025
-0.0636667
-0.0473302
-0.0307417
-0.0169966
-0.00686975
-0.000125731
0.00517394
0.0100711
0.0121537
0.00863878
0.000796044
-0.0048187
-0.00260289
0.00704393
0.0170105
0.0209312
0.0146092
-0.00132512
-0.019371
-0.0344967
-0.0457239
-0.0543131
-0.06274
-0.0705098
-0.0729238
-0.0649464
-0.0473469
-0.0279739
-0.00945555
0.00913811
0.0279131
0.0447372
0.054134
0.050057
0.0334676
0.015012
-0.00050983
-0.0127309
-0.0224719
-0.0316399
-0.0400102
-0.0430612
-0.0356759
-0.0187014
-0.000430259
0.015466
0.0289895
0.0401491
0.0466557
0.0444521
0.0337097
0.0208589
0.00858219
-0.00231489
-0.00968219
-0.0106432
-0.00258919
0.0124329
0.029676
0.0457928
0.0561629
0.0548559
0.0402454
0.0190938
-0.00209901
-0.0219491
-0.039848
-0.0537035
-0.0596555
-0.0569284
-0.0507352
-0.0443368
-0.0385277
-0.0347515
-0.0351036
-0.0403652
-0.0481516
-0.0563228
-0.0623525
-0.06217
-0.0523241
-0.0342886
-0.0137564
0.00712241
0.0263941
0.0392495
0.0403621
0.0297517
0.0156453
0.00199247
-0.012734
-0.0303677
-0.049746
-0.0655422
-0.0717296
-0.0664412
-0.0552577
-0.0439648
-0.034282
-0.0267275
-0.0217363
-0.0187778
-0.0161626
-0.014655
-0.0170209
-0.0245257
-0.0339246
-0.0384041
-0.0321323
-0.0150405
0.00528506
0.0233305
0.034063
0.0323838
0.01931
0.00498458
-0.00211125
0.000793367
0.0104323
0.0193095
0.0241544
0.0249322
0.0237289
0.0235673
0.0250573
0.0266825
0.0258705
0.0201831
0.00983871
-0.00119813
-0.00907682
-0.0105587
-0.00467706
0.0048302
0.0134934
0.0184351
0.0179254
0.0128572
0.00743213
0.00631035
0.0145752
0.034622
0.0614709
0.0866452
0.105552
0.115477
0.112527
0.0938143
0.0649485
0.0349906
0.00621205
-0.0209328
-0.0438546
-0.057417
-0.0534389
-0.0314817
-0.00447044
0.0191743
0.0327473
0.0291923
0.00923316
-0.0156162
-0.0395714
-0.0639347
-0.0893384
-0.112712
-0.126726
-0.123537
-0.104318
-0.0824855
-0.0629971
-0.044851
-0.0267667
-0.00858023
0.00669145
0.0133694
0.00814999
-0.00483081
-0.0186843
-0.031567
-0.0437856
-0.0548427
-0.062656
-0.0639844
-0.0585945
-0.051157
-0.0440122
-0.0386873
-0.0376303
-0.042246
-0.0505086
-0.05803
-0.0613607
-0.0581934
-0.0493518
-0.0395305
-0.0301864
-0.0188458
-0.00281801
0.0171369
0.0348915
0.041505
0.0297728
0.00202654
-0.0301747
-0.059178
-0.077172
-0.0749573
-0.050864
-0.0175216
0.012879
0.0379446
0.059197
0.0767949
0.0854049
0.0806746
0.0665667
0.0504877
0.0344298
0.0188242
0.00587988
-0.000944869
1.70075e-05
0.00555856
0.0118035
0.0163876
0.0165386
0.00991134
-0.00218589
-0.0144661
-0.0226161
-0.0231822
-0.01534
-0.00334853
0.00889655
0.0204055
0.0303153
0.0369306
0.0393014
0.0392407
0.0397539
0.0416616
0.0437141
0.042952
0.0356644
0.0204563
0.000831284
-0.0185468
-0.0341963
-0.0430835
-0.0447993
-0.0438252
-0.0450941
-0.0505915
-0.0594132
-0.0675814
-0.0709782
-0.0684164
-0.0625321
-0.0568434
-0.051962
-0.0469742
-0.0411787
-0.0349531
-0.0301429
-0.029298
-0.0336037
-0.04116
-0.0496278
-0.0573104
-0.0616136
-0.0594867
-0.0505611
-0.0390459
-0.0281663
-0.0196695
-0.0152307
-0.015052
-0.0166031
-0.0173745
-0.0168122
-0.0155484
-0.0151316
-0.0171377
-0.0219055
-0.0277063
-0.0319625
-0.0316737
-0.0248389
-0.0129043
0.000267375
0.0108445
0.0139337
0.0056018
-0.0118226
-0.0297244
-0.041818
-0.0437504
-0.0348535
-0.021202
-0.00820735
0.00322004
0.0136304
0.0235249
0.0335089
0.0440212
0.0548386
0.0652587
0.074212
0.0804468
0.0827798
0.0805948
0.076055
0.0727923
0.0723851
0.074206
0.0761595
0.0753689
0.0684164
0.0535533
0.0335831
0.0132062
-0.00546024
-0.0209758
-0.0317196
-0.0370097
-0.036095
-0.0283739
-0.0170512
-0.00595889
0.000318961
-0.00385418
-0.0203933
-0.0435125
-0.066623
-0.0863777
-0.0999761
-0.105888
-0.106763
-0.107362
-0.105892
-0.0968406
-0.0772411
-0.0503284
-0.0209753
0.0063415
0.0247843
0.0271856
0.0138773
-0.00331827
-0.0163845
-0.0239944
-0.0276659
-0.0288915
-0.0273733
-0.0243809
-0.0228188
-0.0247423
-0.0303686
-0.0377419
-0.0458071
-0.0539407
-0.0598687
-0.0600098
-0.052187
-0.0391465
-0.0262248
-0.0165657
-0.0114793
-0.00973293
-0.00657572
0.00190098
0.014482
0.0246266
0.0261226
0.0174704
0.00357711
-0.0106015
-0.0232942
-0.0331309
-0.0383279
-0.0385836
-0.0365148
-0.0335019
-0.0277233
-0.0172049
-0.00263082
0.0134055
0.0308675
0.0500403
0.0683687
0.0797836
0.0774457
0.0609962
0.0403529
0.0231819
0.0122265
0.00700785
0.00344666
-0.00156546
-0.00783762
-0.013289
-0.015417
-0.0128272
-0.00689089
-0.000691156
0.0030923
0.00216334
-0.00394317
-0.0119175
-0.0170751
-0.0156903
-0.00654442
0.00705901
0.0206994
0.0338462
0.0473152
0.0605083
0.0703679
0.0714855
0.0600752
0.0392009
0.015151
-0.00895091
-0.0292827
-0.04066
-0.0415111
-0.0369083
-0.0319086
-0.0282015
-0.0274357
-0.0318705
-0.0417332
-0.0534898
-0.0646319
-0.0718701
-0.0703625
-0.057651
-0.037698
-0.0163649
0.00568663
0.02855
0.0489343
0.0601696
0.0565965
0.0409051
0.0232379
0.00849972
-0.00142615
-0.0056988
-0.00662656
-0.00815218
-0.0131983
-0.0235833
-0.0381076
-0.0504104
-0.0528304
-0.0397532
-0.0137363
0.0142429
0.0354733
0.0422769
0.0305557
0.00695702
-0.0163688
-0.0315969
-0.0333119
-0.0207879
-0.00231536
0.0141758
0.0262436
0.0338906
0.038699
0.0427187
0.0448451
0.0439094
0.0416084
0.0409495
0.0442096
0.0514278
0.0599711
0.0688041
0.0771461
0.0827964
0.0829098
0.0766521
0.0673212
0.0580723
0.0494135
0.0409878
0.0325191
0.0239652
0.0154905
0.00719075
-0.00117597
-0.00982235
-0.0179262
-0.0234603
-0.0244252
-0.0212035
-0.0172813
-0.0140916
-0.0116811
-0.0100861
-0.00928167
-0.00953104
-0.0126093
-0.0200523
-0.0308177
-0.0423135
-0.0525547
-0.0595233
-0.061734
-0.060338
-0.0587426
-0.058569
-0.059989
-0.0620398
-0.0621833
-0.0569984
-0.0443001
-0.0261448
-0.0076104
0.00641446
0.0108791
0.00337185
-0.011657
-0.0276576
-0.0432004
-0.0579726
-0.0693449
-0.0727171
-0.0638165
-0.0446033
-0.022489
0.000345107
0.0231035
0.042171
0.0529523
0.0545067
0.0532407
0.0562738
0.0657656
0.0788735
0.0905772
0.0952182
0.087659
0.0681553
0.0448258
0.0224901
0.00178527
-0.0166603
-0.031476
-0.0413417
-0.0447364
-0.0377409
-0.0210067
-0.00272696
0.0136383
0.0280924
0.0410011
0.0524342
0.0590794
0.0554009
0.0397839
0.0187263
-0.00200639
-0.0225064
-0.0450249
-0.070078
-0.093709
-0.107357
-0.102528
-0.0803741
-0.0543996
-0.0294687
-0.00542519
0.0160777
0.0317643
0.0393751
0.0418854
0.0444346
0.0485187
0.0527098
0.0534169
0.0448638
0.0233887
-0.00691176
-0.0360402
-0.0545379
-0.0548546
-0.037858
-0.0161975
0.00329555
0.0217058
0.0416213
0.0639555
0.0856466
0.0996422
0.0987
0.0834435
0.0642661
0.0445091
0.0243529
0.00786339
0.00272474
0.0154902
0.0422959
0.0702522
0.092939
0.108093
0.113464
0.104777
0.0824702
0.0575667
0.0365616
0.018681
0.000711197
-0.0186022
-0.0387174
-0.0582143
-0.0753787
-0.0883436
-0.0942679
-0.0925564
-0.0867956
-0.0779462
-0.0655965
-0.0518973
-0.0401726
-0.0351148
-0.040492
-0.054102
-0.06847
-0.0794971
-0.0851396
-0.0844155
-0.0781231
-0.0641633
-0.0415054
-0.0146329
0.012985
0.0388147
0.0585588
0.0679406
0.0667017
0.0585389
0.0444211
0.0267042
0.00719105
-0.0140813
-0.0348465
-0.0489036
-0.0486331
-0.031418
-0.00222459
0.0317273
0.0587875
0.0695809
0.0625373
0.0468868
0.0314115
0.0182419
0.00850986
0.00421017
0.00589824
0.0102607
0.014755
0.0198261
0.0260201
0.0317989
0.0331259
0.0255712
0.00935536
-0.00832219
-0.0220206
-0.0309226
-0.0375491
-0.044735
-0.0537991
-0.0651439
-0.0776573
-0.0879656
-0.0913566
-0.0845898
-0.0699277
-0.0540022
-0.0391994
-0.0262364
-0.0171841
-0.0154218
-0.0228918
-0.0356495
-0.0473836
-0.0521353
-0.0445
-0.02438
0.00056423
0.0269398
0.0553447
0.0836906
0.105729
0.116757
0.117079
0.10717
0.0921442
0.0768964
0.0624025
0.0492283
0.0388315
0.0327806
0.0323832
0.039322
0.0510103
0.0605893
0.0647218
0.064742
0.0649747
0.0661415
0.0656166
0.0601776
0.0486711
0.0340622
0.0194766
0.00585444
-0.00698559
-0.0196341
-0.032967
-0.0473797
-0.0611488
-0.0704629
-0.0714759
-0.0644053
-0.0549313
-0.0453732
-0.0370148
-0.0331573
-0.0376785
-0.050728
-0.0663913
-0.0810594
-0.091221
-0.0919279
-0.0812044
-0.0638029
-0.0455902
-0.0307127
-0.0245038
-0.0314524
-0.049388
-0.0697481
-0.0877712
-0.0993612
-0.0996354
-0.0883024
-0.0725145
-0.0566078
-0.0419694
-0.0313761
-0.0283149
-0.0328177
-0.0385491
-0.0397132
-0.0308228
-0.00891278
0.0215567
0.0530817
0.0822514
0.106615
0.123275
0.132276
0.137392
0.13751
0.130368
0.115998
0.0946297
0.0705436
0.0489574
0.0352241
0.0333589
0.0426757
0.0598736
0.0788689
0.0930751
0.101172
0.101936
0.0910205
0.0690151
0.0450698
0.0231306
0.00369601
-0.0129598
-0.0278453
-0.0422684
-0.0530068
-0.0547379
-0.0463344
-0.0336422
-0.0220922
-0.0154479
-0.0169906
-0.0263282
-0.0381121
-0.0496007
-0.061049
-0.0719809
-0.080191
-0.082301
-0.0763256
-0.0648423
-0.0524417
-0.0405535
-0.0296823
-0.0208357
-0.014759
-0.0105076
-0.00605561
6.74705e-05
0.00863012
0.0190871
0.0292411
0.0353212
0.0330519
0.021929
0.00822087
-0.000867327
0.000417211
0.0136856
0.0323
0.0465614
0.0480926
0.0322715
0.00407958
-0.0242753
-0.0487743
-0.0703043
-0.0895746
-0.104262
-0.108293
-0.0990341
-0.0824306
-0.0640785
-0.044619
-0.0251333
-0.0103167
-0.00720561
-0.0188936
-0.0387756
-0.0574387
-0.0674894
-0.0628828
-0.0440424
-0.0208115
0.00107884
0.0209597
0.0380667
0.0506944
0.0563385
0.0548285
0.0520398
0.054857
0.0675937
0.0882341
0.105677
0.108714
0.0930626
0.0659415
0.0390492
0.0173455
0.00219703
-0.00711009
-0.0134778
-0.0159314
-0.0139679
-0.0108962
-0.00817804
-0.00409256
0.00445715
0.0193627
0.0381533
0.0546401
0.0625418
0.0586313
0.0475561
0.0408289
0.0455611
0.0611828
0.0791776
0.0918762
0.0951598
0.0890379
0.0791345
0.0698224
0.0610816
0.0518919
0.042699
0.0357309
0.033576
0.036084
0.0394423
0.0420078
0.0438899
0.0455199
0.0475048
0.0499541
0.0513564
0.0473875
0.0333805
0.00949115
-0.0173784
-0.0439341
-0.0712201
-0.0996332
-0.125422
-0.138746
-0.128424
-0.0948211
-0.0543166
-0.0135289
0.0244718
0.0513931
0.0576485
0.0423551
0.0186919
-0.00802796
-0.0399542
-0.0748194
-0.102087
-0.110406
-0.0971168
-0.0736813
-0.04989
-0.0247926
0.0051874
0.0392166
0.0693852
0.086266
0.0876767
0.0803316
0.0651093
0.0430131
0.0189061
-0.00587057
-0.0297522
-0.0481058
-0.0541356
-0.044056
-0.0241523
-0.00513191
0.00901024
0.0192632
0.0293112
0.0422674
0.0578533
0.0720725
0.0779477
0.0690926
0.0468472
0.0221176
-0.00077704
-0.02203
-0.0418891
-0.0609923
-0.0805125
-0.101877
-0.125814
-0.150939
-0.171807
-0.179782
-0.168436
-0.142173
-0.114023
-0.0888294
-0.0665507
-0.0469531
-0.0290706
-0.012351
0.00160166
0.0120679
0.0224223
0.0377363
0.0613773
0.0922757
0.127164
0.162925
0.192413
0.203834
0.188658
0.15337
0.116309
0.0830134
0.0510933
0.0178386
-0.0174123
-0.0501954
-0.0721036
-0.0768584
-0.0683487
-0.0580886
-0.049384
-0.0404482
-0.0300025
-0.0191111
-0.0119498
-0.013395
-0.0241843
-0.0382502
-0.0509378
-0.0604428
-0.0663494
-0.0701352
-0.0738614
-0.0785462
-0.0849603
-0.0935771
-0.103145
-0.11016
-0.109509
-0.0976054
-0.0772861
-0.056727
-0.0394049
-0.0252577
-0.0123686
0.00219784
0.0178111
0.0303109
0.0343527
0.0277641
0.0152313
0.00323563
-0.00325226
-0.000232959
0.0121421
0.0272181
0.0396692
0.0467138
0.0472965
0.0438005
0.0403936
0.0401683
0.0461233
0.0598897
0.0788287
0.0986315
0.117579
0.134172
0.146043
0.152051
0.154615
0.157089
0.159513
0.160618
0.160258
0.16046
0.164997
0.176286
0.191035
0.198589
0.188808
0.163023
0.134752
0.108899
0.0844793
0.0614696
0.0432305
0.0365203
0.0443107
0.0604422
0.0782965
0.0954862
0.108998
0.11391
0.106632
0.0901438
0.0706597
0.0444436
0.00417523
-0.0491367
-0.103289
-0.150455
-0.188245
-0.217369
-0.238502
-0.253534
-0.263851
-0.266213
-0.260333
-0.252966
-0.250047
-0.252963
-0.258586
-0.26183
-0.258294
-0.245521
-0.226248
-0.206624
-0.188091
-0.16895
-0.147663
-0.123875
-0.098722
-0.0747595
-0.0562696
-0.0468871
-0.0456809
-0.0467265
-0.045108
-0.0350825
-0.0107676
0.0275499
0.0713594
0.11946
0.176757
0.242481
0.304705
0.348707
0.362555
0.344619
0.310704
0.273788
0.234368
0.192808
0.155683
0.129531
0.112646
0.09711
0.0806288
0.0640579
0.0477712
0.0314499
0.0145803
-0.00166145
-0.0137724
-0.0172696
-0.0111516
-0.000354197
0.0116991
0.0225629
0.0270674
0.0187234
-0.00428916
-0.0342764
-0.064046
-0.0921804
-0.118214
-0.139557
-0.150163
-0.141116
-0.112387
-0.0776846
-0.0425507
-0.00951411
0.0147621
0.022931
0.0149633
0.00322048
-0.00376181
-0.00453339
-0.00174154
0.000728977
0.000403812
-0.0050728
-0.0176363
-0.0360767
-0.0566812
-0.078423
-0.0994757
-0.114129
-0.115304
-0.101777
-0.0820163
-0.0611034
-0.0409711
-0.0261233
-0.0234311
-0.0361369
-0.0576627
-0.0783825
-0.0900477
-0.0848664
-0.0614671
-0.0301101
-0.000130342
0.0274987
0.0549433
0.0841454
0.114743
0.143643
0.166458
0.180824
0.189044
0.19456
0.196669
0.193408
0.182349
0.158605
0.122674
0.0850127
0.0533325
0.029064
0.0109059
0.00235179
0.00544564
0.0136548
0.0185312
0.0150265
0.00217241
-0.0154646
-0.033097
-0.0525911
-0.0780137
-0.109297
-0.139255
-0.155887
-0.147664
-0.115134
-0.0757649
-0.0382969
0.0008677
0.0480982
0.105561
0.166877
0.223144
0.268768
0.30446
0.336103
0.36161
0.375676
0.379241
0.378911
0.377332
0.375645
0.375443
0.376247
0.374883
0.365501
0.342802
0.30825
0.271086
0.231701
0.184547
0.125988
0.0557457
-0.0316654
-0.136467
-0.244895
-0.344982
-0.428733
-0.488078
-0.52132
-0.534794
-0.536241
-0.526205
-0.508068
-0.484955
-0.456661
-0.426533
-0.403263
-0.393602
-0.392425
-0.388285
-0.374
-0.348169
-0.316122
-0.284509
-0.25349
-0.220725
-0.186004
-0.153843
-0.132646
-0.128886
-0.138239
-0.146398
-0.143996
-0.127617
-0.100692
-0.0705733
-0.0359271
0.00679721
0.0558632
0.106713
0.157439
0.206641
0.25183
0.289584
0.315351
0.326904
0.326061
0.314408
0.297896
0.278738
0.255982
0.231465
0.209764
0.195309
0.190101
0.194243
0.208874
0.231853
0.261561
0.297306
0.332995
0.359969
0.375697
0.38356
0.381836
0.368565
0.343321
0.30684
0.266532
0.227486
0.191118
0.158125
0.128903
0.105869
0.0966145
0.10555
0.126026
0.149266
0.1685
0.174659
0.159054
0.124328
0.0877211
0.0561136
0.0289977
0.00563622
-0.012309
-0.019856
-0.0172348
-0.0135103
-0.0145808
-0.0227204
-0.0366389
-0.0506049
-0.0628403
-0.0770291
-0.0995491
-0.134853
-0.179964
-0.226091
-0.269814
-0.310444
-0.346529
-0.37397
-0.381482
-0.361718
-0.323958
-0.284015
-0.246727
-0.212015
-0.180182
-0.151051
-0.123296
-0.0970319
-0.0730993
-0.0512165
-0.0322197
-0.0199785
-0.0177796
-0.0230567
-0.0287339
-0.0324797
-0.0354143
-0.0392658
-0.0448772
-0.0490561
-0.0443913
-0.0235433
0.0120271
0.0497665
0.0839399
0.113641
0.13832
0.156747
0.161471
0.147475
0.121464
0.0943691
0.0682212
0.0409163
0.0117127
-0.0163633
-0.0360474
-0.0386612
-0.0229457
0.000183317
0.0235988
0.0449491
0.060573
0.065645
0.0586403
0.0450144
0.0275072
0.0026977
-0.0307091
-0.0662826
-0.0956173
-0.114642
-0.126023
-0.135759
-0.142966
-0.143207
-0.135366
-0.123172
-0.107395
-0.0884227
-0.06905
-0.0533553
-0.0464456
-0.0500882
-0.0586497
-0.0634174
-0.0570507
-0.0354796
-0.00309271
0.0303007
0.0633783
0.0990286
0.137057
0.171604
0.192214
0.191373
0.174009
0.154682
0.137217
0.119084
0.0984475
0.0766679
0.0587152
0.0503291
0.0521174
0.0557089
0.0512225
0.03167
-0.00202099
-0.0387027
-0.0717359
-0.096979
-0.111056
-0.116443
-0.122368
-0.132117
-0.143225
-0.150033
-0.145047
-0.123959
-0.0915948
-0.0584502
-0.0248502
0.0150902
0.0652945
0.122228
0.175979
0.221112
0.258681
0.293738
0.323867
0.339059
0.330476
0.297024
0.249455
0.203318
0.164675
0.133147
0.105311
0.0794857
0.0604003
0.0528886
0.0563692
0.068163
0.0826612
0.0958935
0.103351
0.099369
0.0827376
0.0604494
0.0390303
0.0189344
-0.00203868
-0.0264818
-0.0556119
-0.0880061
-0.120892
-0.152354
-0.180488
-0.20363
-0.22146
-0.234237
-0.243082
-0.248568
-0.248607
-0.242816
-0.23495
-0.227123
-0.21904
-0.210141
-0.200922
-0.193688
-0.19188
-0.197422
-0.208883
-0.225202
-0.242418
-0.25442
-0.258429
-0.256624
-0.25317
-0.246001
-0.230019
-0.201323
-0.155833
-0.097623
-0.0378406
0.0212949
0.0829033
0.148989
0.217797
0.284167
0.339619
0.375815
0.390817
0.385995
0.364014
0.336296
0.307533
0.275097
0.238596
0.204206
0.183704
0.186101
0.207564
0.233615
0.258748
0.28041
0.292661
0.288814
0.269139
0.242871
0.207639
0.157995
0.0981507
0.0383284
-0.0138364
-0.0530866
-0.0770981
-0.0922529
-0.108679
-0.130723
-0.158477
-0.188669
-0.215896
-0.23838
-0.257748
-0.276433
-0.290948
-0.294607
-0.284973
-0.26835
-0.251356
-0.235699
-0.221421
-0.20839
-0.195799
-0.181807
-0.165243
-0.146144
-0.125733
-0.104416
-0.0814457
-0.057496
-0.0363765
-0.0241697
-0.0245924
-0.0326153
-0.0358051
-0.0272655
-0.00926443
0.00785495
0.0170869
0.0168601
0.0124775
0.0157548
0.0308162
0.051114
0.0719706
0.0920232
0.108998
0.118658
0.116921
0.10468
0.0861966
0.0597023
0.0244101
-0.0144412
-0.0556919
-0.0979912
-0.134593
-0.153718
-0.14629
-0.118262
-0.0873796
-0.0589926
-0.0312711
-0.00318424
0.0244596
0.0492548
0.0702978
0.0896378
0.108923
0.128668
0.149264
0.170641
0.192115
0.21164
0.225707
0.230767
0.225304
0.206623
0.169731
0.117816
0.0617729
0.00338027
-0.0582412
-0.118263
-0.166299
-0.195536
-0.210334
-0.218298
-0.220385
-0.215323
-0.206354
-0.196897
-0.187088
-0.175345
-0.159998
-0.141108
-0.121399
-0.103247
-0.0888202
-0.0795353
-0.0740363
-0.0691645
-0.0645795
-0.0609082
-0.0570433
-0.0495094
-0.0338278
-0.00893056
0.0203107
0.0501269
0.0778005
0.0990667
0.109894
0.111568
0.111853
0.111932
0.108593
0.0997821
0.0865339
0.0707522
0.0541837
0.0408358
0.0363071
0.042471
0.0539665
0.0654884
0.075644
0.0842393
0.091186
0.0973058
0.10457
0.116705
0.137855
0.168089
0.201112
0.232771
0.258366
0.270852
0.265142
0.239985
0.196751
0.146968
0.0994451
0.0582532
0.026358
0.00193408
-0.0222194
-0.0478531
-0.0726882
-0.0943443
-0.111305
-0.123213
-0.129201
-0.13084
-0.131299
-0.129628
-0.123081
-0.111523
-0.0980632
-0.0833809
-0.0674041
-0.0527075
-0.0448814
-0.0503338
-0.0696472
-0.0952411
-0.12514
-0.1624
-0.205447
-0.245677
-0.277217
-0.30032
-0.319783
-0.334916
-0.339658
-0.33155
-0.316291
-0.29956
-0.28197
-0.264005
-0.248487
-0.23995
-0.239909
-0.241772
-0.232202
-0.199785
-0.144528
-0.0817001
-0.0196049
0.0421649
0.103859
0.162099
0.210672
0.246094
0.272536
0.294564
0.307427
0.304748
0.288423
0.266606
0.239806
0.20675
0.171162
0.137473
0.110377
0.0934313
0.0867403
0.0898644
0.100861
0.114547
0.129193
0.142522
0.148932
0.142373
0.123545
0.102622
0.0850675
0.0727719
0.0659777
0.0613839
0.0550128
0.0415596
0.015456
-0.0236066
-0.0671699
-0.109366
-0.14719
-0.176808
-0.19324
-0.189319
-0.165937
-0.136938
-0.105196
-0.0692369
-0.033166
-0.00498871
0.00634467
0.000320253
-0.00869898
-0.00524085
0.0138729
0.0391648
0.059203
0.0678506
0.065156
0.0581941
0.0536637
0.0535349
0.0568457
0.0607757
0.0630475
0.0618212
0.0551798
0.042736
0.0257615
0.000990783
-0.0337531
-0.0729379
-0.107982
-0.136345
-0.161166
-0.185011
-0.207672
-0.228508
-0.24796
-0.265158
-0.273254
-0.263112
-0.230964
-0.18033
-0.121909
-0.071032
-0.0344044
-0.0150696
-0.0154014
-0.0308508
-0.0535984
-0.0801123
-0.106519
-0.129792
-0.146276
-0.15236
-0.147851
-0.132304
-0.110834
-0.0905997
-0.0767433
-0.0726342
-0.0764457
-0.0807147
-0.078724
-0.0640518
-0.0336653
0.00793386
0.0557977
0.102426
0.141875
0.169749
0.185819
0.19521
0.194692
0.180688
0.157495
0.129188
0.0991273
0.069197
0.0424864
0.024273
0.0185474
0.02483
0.0385837
0.0535467
0.0662745
0.073552
0.0716784
0.0607017
0.047881
0.0409803
0.0454149
0.0618283
0.0830003
0.1024
0.118548
0.131561
0.139746
0.135475
0.110736
0.0661704
0.00919117
-0.0449283
-0.0856139
-0.10909
-0.119183
-0.122487
-0.125103
-0.129655
-0.136116
-0.143677
-0.149633
-0.149957
-0.142697
-0.128815
-0.107161
-0.0784277
-0.049469
-0.026199
-0.0101903
0.00171647
0.0141893
0.0282963
0.0427189
0.0549342
0.0623325
0.0635931
0.058978
0.0536327
0.057882
0.0763836
0.103881
0.131587
0.15567
0.174837
0.188884
0.198867
0.203167
0.199895
0.189436
0.167884
0.131398
0.0831955
0.0288528
-0.0192792
-0.0500751
-0.0633275
-0.0631058
-0.0524948
-0.0399231
-0.0303391
-0.023858
-0.0210326
-0.0249382
-0.0383706
-0.0622004
-0.095016
-0.13209
-0.172023
-0.212018
-0.245097
-0.26291
-0.263146
-0.255285
-0.249342
-0.248359
-0.251405
-0.255085
-0.256868
-0.253234
-0.239126
-0.209477
-0.159285
-0.0924416
-0.0220952
0.046595
0.111096
0.166409
0.208196
0.23581
0.248233
0.246486
0.229961
0.202654
0.168178
0.132873
0.1002
0.071116
0.0468973
0.0283264
0.0147281
0.00765938
0.00876806
0.0163112
0.030915
0.0523557
0.0805853
0.11242
0.140007
0.157401
0.164446
0.167888
0.17218
0.178521
0.187991
0.201186
0.216641
0.231024
0.243224
0.252293
0.253426
0.240695
0.213157
0.174929
0.131105
0.0833137
0.029929
-0.0280545
-0.0861727
-0.139453
-0.183092
-0.21483
-0.234467
-0.24443
-0.252968
-0.262177
-0.269888
-0.273863
-0.271767
-0.263152
-0.250034
-0.231892
-0.206943
-0.175766
-0.137291
-0.0897047
-0.0382155
0.00373811
0.0301993
0.045421
0.0532238
0.0550424
0.0551447
0.0556
0.0558276
0.0550791
0.0530413
0.0503104
0.0484069
0.0493327
0.0539293
0.0598839
0.0618078
0.0537925
0.0332099
0.00298931
-0.034784
-0.0754252
-0.115956
-0.155014
-0.189679
-0.216459
-0.233734
-0.24085
-0.232771
-0.207626
-0.167956
-0.118562
-0.068766
-0.0236758
0.0143678
0.0443759
0.0660197
0.0797676
0.0907859
0.101414
0.110317
0.115449
0.114635
0.105685
0.0883872
0.0618349
0.026326
-0.0117857
-0.0467925
-0.0752538
-0.0959106
-0.111207
-0.122539
-0.125428
-0.116009
-0.0962918
-0.0675579
-0.0345166
-0.00864296
0.00526233
0.00883746
-0.00035149
-0.0221785
-0.0524772
-0.0852427
-0.109738
-0.121801
-0.122806
-0.114515
-0.10315
-0.0912351
-0.0776039
-0.061821
-0.044567
-0.0268526
-0.0102882
0.00313311
0.0125186
0.0193656
0.0258226
0.0320528
0.0376067
0.0429414
0.0496758
0.0596843
0.0737245
0.0911668
0.113704
0.143356
0.17791
0.2122
0.242033
0.264293
0.279108
0.290654
0.29877
0.302672
0.304884
0.307269
0.310367
0.313849
0.316166
0.314688
0.307127
0.294459
0.281156
0.267401
0.250424
0.228429
0.202969
0.178119
0.154679
0.129705
0.0977481
0.0540293
-0.000389848
-0.0588942
-0.117404
-0.171032
-0.213321
-0.240694
-0.255717
-0.259567
-0.252007
-0.238344
-0.220894
-0.20043
-0.18171
-0.17156
-0.173648
-0.183861
-0.194452
-0.201375
-0.202615
-0.19815
-0.191541
-0.18607
-0.182527
-0.180002
-0.175905
-0.165951
-0.146076
-0.116748
-0.084354
-0.0505469
-0.0123133
0.0312477
0.0738651
0.10285
0.1129
0.11081
0.0999986
0.0853303
0.0713259
0.0586227
0.047024
0.0359855
0.0251456
0.0142917
0.00229443
-0.0132084
-0.0340382
-0.0590247
-0.0845662
-0.109744
-0.135102
-0.160874
-0.18646
-0.210407
-0.231231
-0.248825
-0.264295
-0.275438
-0.277176
-0.265908
-0.239986
-0.196746
-0.141622
-0.0859058
-0.036712
0.000498398
0.0239234
0.0381614
0.044969
0.046412
0.0487042
0.0556679
0.0686778
0.086775
0.109313
0.134033
0.156762
0.174433
0.185578
0.189819
0.186523
0.178836
0.171385
0.16416
0.154183
0.13796
0.114368
0.0858133
0.0529276
0.0176565
-0.0155783
-0.0427095
-0.0612091
-0.0722573
-0.0777786
-0.0772337
-0.072319
-0.0663937
-0.0603703
-0.0547017
-0.050595
-0.0495258
-0.0516105
-0.0553634
-0.061831
-0.0721252
-0.0832899
-0.0878136
-0.0796026
-0.0613635
-0.0422421
-0.0260115
-0.0127019
-0.00139357
0.00912992
0.0167217
0.0174261
0.0101382
-0.00115707
-0.0145704
-0.0302557
-0.0475716
-0.066249
-0.0852713
-0.101066
-0.107911
-0.100687
-0.0812636
-0.0574048
-0.0315157
-0.00602896
0.0116887
0.0137855
-0.000116079
-0.0190831
-0.0367858
-0.0533619
-0.0703038
-0.0885795
-0.108074
-0.12816
-0.147903
-0.166089
-0.181319
-0.192416
-0.197927
-0.192684
-0.172123
-0.134181
-0.076537
-0.00654261
0.0639076
0.131784
0.197903
0.261591
0.316946
0.356923
0.379819
0.386506
0.377686
0.358947
0.327556
0.282443
0.232286
0.180495
0.129657
0.0861527
0.0573026
0.0436251
0.0350128
0.0255443
0.0152096
0.00505124
-0.00421401
-0.0119906
-0.0160007
-0.013019
-0.00232148
0.0117513
0.0250638
0.0368487
0.0475612
0.0568541
0.0622143
0.0612761
0.0547412
0.0445199
0.0311964
0.0182072
0.0133368
0.0224697
0.042804
0.0643789
0.0819037
0.0932339
0.0982546
0.100705
0.104356
0.111319
0.122781
0.138133
0.15445
0.168787
0.177079
0.175363
0.164643
0.152094
0.139107
0.123669
0.105238
0.0854332
0.0646687
0.0399975
0.00773883
-0.0318383
-0.0718658
-0.105415
-0.128861
-0.143853
-0.155683
-0.165298
-0.173144
-0.181765
-0.192887
-0.206663
-0.220902
-0.232559
-0.240899
-0.247521
-0.253689
-0.257624
-0.256396
-0.249249
-0.238686
-0.224609
-0.204771
-0.179298
-0.151013
-0.116774
-0.0716172
-0.0174646
0.0341931
0.0738896
0.100956
0.121921
0.136794
0.139997
0.131527
0.119891
0.107264
0.0916793
0.0729114
0.0529582
0.0329833
0.0131374
-0.0064903
-0.0263174
-0.0470128
-0.0694497
-0.0937017
-0.118797
-0.144031
-0.168016
-0.187652
-0.198857
-0.197567
-0.183958
-0.162153
-0.132244
-0.0975307
-0.0670577
-0.0456292
-0.0333404
-0.029092
-0.0285997
-0.027758
-0.0249839
-0.0190579
-0.00962204
0.00151724
0.0120007
0.0200645
0.0241862
0.0245704
0.0238935
0.0235028
0.0230515
0.0221386
0.0208539
0.019855
0.0194195
0.01829
0.0137165
0.00338257
-0.0115848
-0.0258866
-0.0340776
-0.032047
-0.0209617
-0.00854558
0.0020013
0.0104908
0.016721
0.0207461
0.0219907
0.0181645
0.00795607
-0.00814506
-0.0307848
-0.056985
-0.0793357
-0.0898351
-0.0833525
-0.0611725
-0.0243522
0.0240863
0.0708903
0.104746
0.122615
0.128247
0.120577
0.0972795
0.0599775
0.0151364
-0.0235132
-0.0465797
-0.0527293
-0.046311
-0.0302786
-0.0113898
0.00671362
0.0243689
0.0419239
0.0596082
0.0773846
0.0950866
0.112877
0.131498
0.151138
0.170194
0.184468
0.188463
0.179299
0.161957
0.144233
0.128072
0.112247
0.0952309
0.0758532
0.0541559
0.0314018
0.00871684
-0.0137025
-0.0357801
-0.0571955
-0.0774277
-0.0960559
-0.112224
-0.126025
-0.139123
-0.151741
-0.159335
-0.155292
-0.137319
-0.111804
-0.0852733
-0.059842
-0.0373955
-0.0209445
-0.0121142
-0.00794704
-0.00405396
-3.85735e-05
0.00264401
0.00302363
0.0014415
-0.00131368
-0.00649363
-0.0157067
-0.0277866
-0.0378235
-0.0418846
-0.0405246
-0.0384987
-0.0378754
-0.0382688
-0.038266
-0.03543
-0.0272396
-0.0128307
0.00646499
0.0326055
0.0680827
0.109951
0.152132
0.19103
0.224322
0.25122
0.273208
0.288419
0.291489
0.281244
0.262681
0.239855
0.216179
0.190543
0.160177
0.125731
0.0924864
0.0662033
0.0501561
0.0434197
0.0436445
0.0456131
0.0439797
0.037022
0.026485
0.0162151
0.00750868
0.000172243
-0.00651319
-0.0134759
-0.0208155
-0.0281539
-0.0353436
-0.0425244
-0.0500655
-0.0579659
-0.0654345
-0.0707497
-0.0723117
-0.0703333
-0.0671338
-0.0646786
-0.0655201
-0.0724298
-0.0854856
-0.100035
-0.111693
-0.119939
-0.126128
-0.128507
-0.123403
-0.110787
-0.0965011
-0.0840805
-0.0754498
-0.071753
-0.0712913
-0.0705855
-0.0689491
-0.0676012
-0.067734
-0.0694265
-0.070442
-0.066449
-0.0532677
-0.0317456
-0.00929582
0.00976339
0.0239987
0.0340856
0.0433636
0.0531254
0.0625354
0.0705485
0.0771862
0.0833677
0.089497
0.0955175
0.101417
0.107499
0.114595
0.123625
0.13487
0.147822
0.161264
0.17284
0.180461
0.183978
0.185956
0.188198
0.191349
0.195728
0.200647
0.203365
0.198938
0.182719
0.154199
0.115203
0.0682037
0.0206412
-0.0232375
-0.0614112
-0.093123
-0.119851
-0.139207
-0.14527
-0.138243
-0.128211
-0.119746
-0.113722
-0.110809
-0.110151
-0.109388
-0.107887
-0.106164
-0.104566
-0.103351
-0.102565
-0.102176
-0.101774
-0.100426
-0.0967414
-0.0898208
-0.0801825
-0.0685885
-0.0545827
-0.0386138
-0.0225817
-0.00766207
0.00552379
0.0169139
0.0268405
0.0334018
0.0336533
0.0276501
0.0195448
0.0102775
-0.000760518
-0.0132303
-0.0274617
-0.043282
-0.0580362
-0.0662139
-0.0621176
-0.0461047
-0.026689
-0.00737393
0.0102299
0.022059
0.0235916
0.014975
0.00402701
-0.0044964
-0.0108427
-0.0171497
-0.0244599
-0.0324202
-0.0397797
-0.0447083
-0.0451302
-0.0381563
-0.0231845
-0.00395057
0.018269
0.043863
0.0712165
0.0987859
0.12654
0.155048
0.184522
0.214079
0.241228
0.262457
0.275525
0.281289
0.280125
0.273137
0.260298
0.237653
0.205009
0.170551
0.141561
0.120883
0.106403
0.0932315
0.0812764
0.0722649
0.0658088
0.0598459
0.0525505
0.0425189
0.0296489
0.0157017
0.00133211
-0.0139815
-0.0303789
-0.0470763
-0.063537
-0.0794339
-0.0944648
-0.108526
-0.12127
-0.1303
-0.131604
-0.123785
-0.110733
-0.095183
-0.0757847
-0.051924
-0.025897
0.00188828
0.030782
0.0570257
0.0743483
0.0778362
0.0704573
0.0619823
0.0572681
0.0577554
0.0629228
0.0693384
0.0748164
0.0780506
0.0774053
0.0718453
0.0626407
0.0512418
0.0367668
0.0191643
0.000926309
-0.0151329
-0.0260623
-0.0308697
-0.0325522
-0.0348642
-0.0424036
-0.0605783
-0.0909441
-0.127504
-0.163903
-0.197513
-0.226157
-0.247934
-0.262106
-0.266121
-0.257896
-0.240527
-0.213801
-0.17836
-0.14275
-0.116511
-0.105257
-0.106019
-0.108354
-0.106174
-0.095521
-0.0739381
-0.0441466
-0.0117311
0.0196466
0.0485905
0.0745544
0.0979428
0.119256
0.133793
0.136838
0.132317
0.127452
0.123551
0.117879
0.106755
0.0882867
0.0641728
0.0356056
0.00500318
-0.0222304
-0.0413619
-0.0495528
-0.0458388
-0.0313898
-0.00671791
0.0305929
0.075917
0.116448
0.145239
0.163455
0.176426
0.18543
0.190074
0.187668
0.176896
0.158383
0.133091
0.10774
0.0925743
0.0888497
0.0880505
0.0854843
0.0784208
0.064002
0.0421761
0.0181218
-0.00248133
-0.0169553
-0.0241344
-0.0240043
-0.020405
-0.0165833
-0.0127552
-0.00910582
-0.00719031
-0.00919307
-0.0154049
-0.0229184
-0.0296631
-0.0337011
-0.0329363
-0.0275827
-0.0211113
-0.0156929
-0.012983
-0.0147801
-0.0208085
-0.0278295
-0.0338505
-0.0388981
-0.0435964
-0.0483712
-0.0531764
-0.0581599
-0.0638361
-0.0707171
-0.0781037
-0.0831809
-0.0816055
-0.0704802
-0.0504445
-0.0215902
0.0129112
0.0449748
0.0694821
0.0855169
0.096352
0.103602
0.105431
0.101685
0.0941262
0.0810266
0.0612743
0.0388927
0.0198654
0.00610542
-0.00488134
-0.0160133
-0.0267529
-0.0345521
-0.0378023
-0.0378298
-0.0375162
-0.0382694
-0.0404918
-0.0437204
-0.0466205
-0.0477781
-0.0460612
-0.0416493
-0.0365912
-0.0321074
-0.0281152
-0.0238606
-0.0181663
-0.00991105
0.0010476
0.0134798
0.0271472
0.0432687
0.0617862
0.0792264
0.0892114
0.0851877
0.0673014
0.0448211
0.0212737
-0.0011671
-0.0161976
-0.0169326
-0.00362954
0.0130732
0.0276573
0.0365533
0.0348199
0.0207087
-0.00139957
-0.0286792
-0.0576649
-0.0812352
-0.0923721
-0.0885239
-0.0752406
-0.0564552
-0.031461
-0.00245019
0.0252731
0.0481166
0.0650697
0.0784856
0.0902569
0.0971089
0.0944849
0.0820459
0.0631682
0.038167
0.0100135
-0.0127949
-0.0269408
-0.0351553
-0.039328
-0.0392148
-0.0366758
-0.0346832
-0.0332657
-0.0297609
-0.0200048
-0.000964625
0.0263112
0.0585044
0.0883354
0.108731
0.120549
0.127401
0.129836
0.129596
0.129369
0.129213
0.127719
0.123132
0.114244
0.101332
0.0843695
0.0618327
0.0352494
0.01128
-0.00563882
-0.016838
-0.0264597
-0.0345513
-0.0395708
-0.042266
-0.0453165
-0.0514931
-0.0627374
-0.0790915
-0.0996605
-0.122012
-0.14138
-0.154581
-0.16189
-0.166925
-0.170029
-0.168151
-0.158849
-0.141082
-0.113539
-0.0794452
-0.0449546
-0.0133568
0.0132359
0.0340582
0.0506278
0.063072
0.0711748
0.0747443
0.0728909
0.0668618
0.0580721
0.0476112
0.0387815
0.0360756
0.0409736
0.0502577
0.0612766
0.0738303
0.0863854
0.0947344
0.0946549
0.0860947
0.074388
0.0610038
0.0465898
0.0346789
0.0287454
0.0290943
0.0314638
0.0330582
0.0332158
0.0318443
0.029468
0.0272088
0.0249777
0.0213876
0.0148816
0.00519244
-0.00627042
-0.0195633
-0.0357047
-0.0537883
-0.0702652
-0.0827004
-0.0912613
-0.0982212
-0.103414
-0.104474
-0.10085
-0.0958974
-0.0936826
-0.0954284
-0.0989865
-0.100474
-0.0973797
-0.0898348
-0.0809059
-0.0726314
-0.0674439
-0.0691415
-0.0807862
-0.103533
-0.13693
-0.17258
-0.198702
-0.212597
-0.221044
-0.229429
-0.236699
-0.239507
-0.236584
-0.22922
-0.214401
-0.189018
-0.155857
-0.122113
-0.0981314
-0.0867433
-0.0846156
-0.0916441
-0.105783
-0.124238
-0.143395
-0.155431
-0.153856
-0.139988
-0.123775
-0.107436
-0.088345
-0.0657336
-0.0416439
-0.0173065
0.00707021
0.0313653
0.0557376
0.0801279
0.104075
0.126245
0.144273
0.155634
0.159323
0.154469
0.143303
0.127199
0.105737
0.0811209
0.0561715
0.032736
0.0129143
-0.00158033
-0.0100871
-0.00978923
0.000281133
0.0144235
0.0270215
0.037228
0.0468447
0.0571828
0.0666686
0.0715673
0.0686228
0.0577529
0.0401155
0.0160422
-0.0108123
-0.0359193
-0.0565366
-0.0714835
-0.0811246
-0.0834408
-0.0773687
-0.0672283
-0.0568129
-0.0458088
-0.0326214
-0.0170053
-0.0011852
0.0116762
0.0186732
0.0196832
0.0186381
0.0178163
0.0173342
0.017341
0.0187336
0.0228489
0.0301828
0.0405186
0.0546833
0.0714665
0.0859982
0.0946665
0.0973881
0.0980507
0.0992352
0.101603
0.105595
0.11133
0.117897
0.12359
0.128007
0.131956
0.136509
0.140803
0.142214
0.13813
0.128846
0.118416
0.108472
0.0989545
0.0896531
0.079982
0.0685527
0.052368
0.0292318
0.00154057
-0.0236293
-0.0405741
-0.0474298
-0.048285
-0.0491635
-0.0515025
-0.0544365
-0.056917
-0.0581111
-0.0576305
-0.0557455
-0.0535013
-0.0516004
-0.0497787
-0.047161
-0.0427212
-0.0359506
-0.0270037
-0.0148592
0.00133039
0.0199357
0.0383895
0.0541551
0.0645517
0.0679756
0.0649252
0.0589695
0.052917
0.0468092
0.040388
0.0346291
0.0317941
0.0336589
0.0391867
0.0451822
0.0484646
0.045595
0.0346547
0.0179148
-0.00129369
-0.0229062
-0.046551
-0.0699095
-0.0913891
-0.11012
-0.125728
-0.136396
-0.138001
-0.129981
-0.118782
-0.109444
-0.10395
-0.102446
-0.102747
-0.102763
-0.101335
-0.0972141
-0.0894358
-0.0786686
-0.0665761
-0.0556954
-0.048569
-0.0449713
-0.0418561
-0.0381568
-0.0342648
-0.0308409
-0.02869
-0.0289571
-0.0334269
-0.0423633
-0.0531556
-0.0639414
-0.0736323
-0.080551
-0.083113
-0.0809501
-0.0746085
-0.0668735
-0.0589514
-0.0501343
-0.0400438
-0.029511
-0.0201885
-0.014027
-0.0119369
-0.012401
-0.0136465
-0.0144128
-0.0126557
-0.00578247
0.00684605
0.0219299
0.0357672
0.046778
0.0548775
0.0613302
0.0666821
0.0689344
0.0662958
0.0602903
0.0547442
0.0528339
0.0564195
0.0645189
0.0736744
0.0821629
0.088534
0.0906928
0.0876814
0.0816593
0.0758265
0.0707399
0.0655058
0.0591905
0.0517085
0.0446128
0.0410222
0.0441778
0.0541788
0.0594472
0.0725924
0.0870952
0.102911
0.118007
0.129261
0.133243
0.127535
0.113418
0.0911284
0.0602404
0.0254967
-0.00726248
-0.0348685
-0.0565494
-0.0737239
-0.0853301
-0.0903185
-0.0918187
-0.0929415
-0.0941336
-0.0950601
-0.0957355
-0.0966974
-0.0986893
-0.101941
-0.10575
-0.109567
-0.113602
-0.11823
-0.12318
-0.126917
-0.126805
-0.120633
-0.107794
-0.0867162
-0.0565719
-0.021812
0.0130103
0.046425
0.0775164
0.105232
0.128926
0.147195
0.159354
0.16791
0.174116
0.175893
0.171714
0.162809
0.149417
0.132394
0.115258
0.0992102
0.083778
0.0685328
0.0546263
0.0440566
0.0374403
0.0327726
0.0281023
0.0232243
0.0185535
0.0142352
0.0095925
0.00298524
-0.00789645
-0.0248625
-0.0470326
-0.0726784
-0.101634
-0.131576
-0.15747
-0.176657
-0.189662
-0.19648
-0.194257
-0.182958
-0.1664
-0.145564
-0.123676
-0.107715
-0.0986965
-0.0947238
-0.0951456
-0.0976297
-0.100412
-0.103717
-0.107719
-0.111577
-0.113316
-0.11066
-0.103062
-0.0923104
-0.0776569
-0.0572835
-0.0331424
-0.0110005
0.00526811
0.014373
0.0159911
0.00880569
-0.00566489
-0.0249572
-0.0461443
-0.0644753
-0.0782674
-0.0885324
-0.0950247
-0.093922
-0.0830641
-0.0658089
-0.0451554
-0.0244603
-0.00775608
0.00386093
0.0120786
0.0174359
0.0187033
0.0165358
0.0137357
0.0112511
0.00888227
0.0064173
0.00368314
0.000881173
-0.00117783
-0.00115391
0.00179764
0.00691566
0.0125489
0.0191376
0.0279508
0.0389408
0.0502802
0.0611599
0.0715785
0.0816913
0.0917659
0.101886
0.1116
0.119342
0.122001
0.116713
0.103501
0.0833755
0.0567159
0.0282751
0.00506105
-0.0106789
-0.0215966
-0.0302541
-0.0347745
-0.032979
-0.0265696
-0.018685
-0.00991159
-0.000442824
0.00809217
0.0137073
0.0158069
0.0160868
0.0162138
0.0167423
0.0180968
0.0208056
0.0248338
0.0292821
0.0329328
0.0339854
0.0307318
0.0237636
0.0164677
0.0102255
0.00492834
0.000162691
-0.00472161
-0.00975978
-0.0146486
-0.0189807
-0.0224654
-0.0250509
-0.0267558
-0.0265489
-0.0230607
-0.0165826
-0.00950685
-0.00237448
0.00528447
0.0133989
0.0213094
0.0284436
0.0344571
0.0392952
0.0428326
0.043984
0.0421046
0.0384059
0.0346151
0.0309216
0.0267499
0.0217332
0.0160988
0.0103688
0.00477552
-0.000465278
-0.00500687
-0.00850722
-0.0110458
-0.0132033
-0.0150602
-0.0161743
-0.016255
-0.0155715
-0.0146205
-0.0135609
-0.0126514
-0.0125115
-0.0139416
-0.0172124
-0.0216551
-0.0269823
-0.0334533
-0.0404985
-0.0465883
-0.0492695
-0.0462602
-0.0381566
-0.0290253
-0.0202832
-0.0118675
-0.00377117
0.00363689
0.00933515
0.0122533
0.0114699
0.00715127
0.00151526
-0.00423719
-0.00987545
-0.0146873
-0.0177309
-0.018336
-0.0167236
-0.0133052
-0.00919632
-0.00547804
-0.0026309
-0.000845168
-8.01273e-05
-0.000354463
-0.00119164
-0.00193739
-0.00254446
-0.00318966
-0.00388199
-0.00418335
-0.00334303
-0.000878664
0.0027108
0.0062753
0.00953079
0.0126844
0.0158717
0.0190565
0.0221281
0.024946
0.0273069
0.0290572
0.0302512
0.0312119
0.0320838
0.0326339
0.0324901
0.031521
0.0300864
0.0286581
0.027288
0.0258552
0.0243136
0.0227395
0.0212438
0.0200077
0.0192321
0.0189462
0.0188739
0.0186968
0.0182359
0.0174698
0.0166287
0.0161343
0.0162559
0.0169114
0.0176547
0.0182269
0.0185943
0.0187685
0.0187911
0.0187229
0.0185348
0.0180994
0.0173508
0.0163612
0.015146
0.0136851
0.0121871
0.0110224
0.0102974
0.00988649
0.00972481
0.00981203
0.0100308
0.0102268
0.0103792
0.0105081
0.0106053
0.0106197
0.0104585
0.010066
0.00952222
0.00898665
0.00849155
0.00802375
0.00760892
0.00729141
0.00710259
0.00703157
0.00705367
0.00714576
0.00724901
0.0073327
0.00742257
0.00754473
0.00767951
0.00775936
0.00775053
0.00765573
0.0075
0.00729157
0.0070252
0.0067276
0.00644902
0.00620463
0.00598585
0.00577963
0.00558977
0.00542851
0.00529154
0.00515367
0.00500071
0.00483079
0.00464457
0.00444562
0.00423933
0.00402573
0.00380057
0.00356628
0.00333422
0.00311129
0.00289985
0.00270121
0.00251348
0.00233045
0.00214668
0.00196213
0.00177796
0.00159413
0.00140936
0.00122245
0.00103391
0.000846626
0.00066306
0.000483243
0.000306407
0.000131976
-4.03778e-05
-0.000210814
-0.000379488
-0.00054659
-0.000712373
-0.000877096
-0.00104094
-0.00120399
-0.00136629
-0.00152786
-0.00168869
-0.00184884
-0.00200837
-0.00216733
-0.00232564
-0.00248319
-0.00263989
-0.00279567
-0.00295049
-0.0031043
-0.00325708
-0.00340878
-0.00355936
-0.00370879
0
0
0
0
