-0.021714
-0.0217142
-0.0216377
-0.0214455
-0.0211149
-0.0206614
-0.020145
-0.0196698
-0.0193563
-0.0193077
-0.0195809
-0.0201503
-0.0208847
-0.0215828
-0.0220792
-0.022305
-0.0222519
-0.021974
-0.0215258
-0.0209478
-0.0202506
-0.0194008
-0.0183477
-0.0170833
-0.0156544
-0.0141356
-0.012578
-0.0110176
-0.00951918
-0.00822635
-0.0073348
-0.00707106
-0.00761497
-0.00904332
-0.0113964
-0.0145449
-0.0180825
-0.0215111
-0.0244719
-0.0267648
-0.028399
-0.0294892
-0.030083
-0.030247
-0.0300809
-0.0295839
-0.028665
-0.0271204
-0.0244262
-0.0197482
-0.0122622
-0.00163311
0.011478
0.0253715
0.0383046
0.0485977
0.0548629
0.0566828
0.0539577
0.047152
0.0371774
0.0249351
0.0115239
-0.00187951
-0.0143687
-0.0251589
-0.0335933
-0.0395638
-0.0435134
-0.0460093
-0.0478444
-0.0496259
-0.0514789
-0.0533639
-0.0555644
-0.0587923
-0.0640799
-0.0725383
-0.0849019
-0.100993
-0.119695
-0.139591
-0.158971
-0.17614
-0.189346
-0.196699
-0.19627
-0.186796
-0.167607
-0.139315
-0.104479
-0.065931
-0.0270496
0.00851943
0.0382315
0.0599833
0.0711234
0.0690983
0.0516687
0.0167512
-0.0351992
-0.10018
-0.170216
-0.236983
-0.294617
-0.337752
-0.362101
-0.36818
-0.358146
-0.333896
-0.297482
-0.251993
-0.201654
-0.15163
-0.107031
-0.069433
-0.0371816
-0.00746957
0.0216902
0.0514364
0.0816911
0.110798
0.135951
0.1542
0.164037
0.165143
0.158481
0.146593
0.131515
0.114748
0.0982365
0.0847515
0.0778216
0.080899
0.0960868
0.123428
0.160984
0.203568
0.244253
0.277174
0.298269
0.306138
0.301575
0.286958
0.266572
0.243822
0.220869
0.199378
0.18039
0.163408
0.146285
0.126986
0.104859
0.0809819
0.0580978
0.0396958
0.0289879
0.026955
0.0309818
0.0371428
0.0430099
0.0472737
0.0490435
0.0477811
0.0435666
0.0371047
0.0290392
0.0201156
0.0115987
0.00526838
0.00337206
0.00830686
0.0222563
0.0463616
0.0789959
0.115481
0.150986
0.180962
0.203039
0.217459
0.223539
0.220465
0.208158
0.186418
0.155781
0.116812
0.0703172
0.0175832
-0.041825
-0.105801
-0.166786
-0.214125
-0.237686
-0.230689
-0.191479
-0.120945
-0.0243407
0.0873919
0.198409
0.292152
0.356823
0.388076
0.389516
0.360642
0.299695
0.207381
0.0888935
-0.0470721
-0.189364
-0.323924
-0.437256
-0.517111
-0.552438
-0.549202
-0.519233
-0.47133
-0.413279
-0.352808
-0.296125
-0.246444
-0.204796
-0.170591
-0.141253
-0.112341
-0.0794798
-0.0405644
0.00411741
0.0530506
0.102647
0.147016
0.17909
0.193853
0.189807
0.168357
0.134119
0.0946804
0.0582091
0.0302358
0.0125464
0.00602169
0.0106707
0.0267187
0.053359
0.088421
0.128674
0.169182
0.204156
0.226956
0.23173
0.215661
0.178543
0.123955
0.0585112
-0.00773804
-0.0642852
-0.104244
-0.125713
-0.12953
-0.119345
-0.0999262
-0.0753824
-0.048987
-0.0237278
-0.00158573
0.0164959
0.0306261
0.0421307
0.0528995
0.0642637
0.076717
0.089992
0.103076
0.114555
0.122871
0.12668
0.125251
0.118248
0.105017
0.085663
0.0622181
0.0386
0.017864
0.000369425
-0.013743
-0.0246111
-0.0332441
-0.0409751
-0.0477895
-0.0524474
-0.0531589
-0.0483239
-0.0376034
-0.0229136
-0.00811491
0.0038521
0.0113618
0.0143739
0.014253
0.0118451
0.00778643
0.00295914
-0.00167696
-0.00513366
-0.00648296
-0.00510608
-0.00102565
0.00453392
0.00851327
0.00595822
-0.00910409
-0.0416131
-0.0925409
-0.156754
-0.225138
-0.287543
-0.332625
-0.351865
-0.340669
-0.295443
-0.216173
-0.105425
0.026272
0.158891
0.274473
0.364712
0.426668
0.459657
0.462425
0.432853
0.37136
0.280114
0.165403
0.0375632
-0.0876014
-0.19522
-0.27896
-0.337251
-0.371513
-0.383772
-0.37471
-0.341936
-0.283968
-0.203496
-0.108367
-0.01041
0.0789488
0.152765
0.207556
0.24348
0.262562
0.267787
0.260797
0.242884
0.214362
0.1749
0.126029
0.0714977
0.0167923
-0.0310497
-0.0649649
-0.0808999
-0.079785
-0.0665143
-0.049574
-0.0378472
-0.0389502
-0.058038
-0.0952355
-0.145084
-0.200279
-0.251282
-0.288475
-0.305329
-0.296764
-0.262338
-0.207478
-0.138345
-0.0637702
0.00542497
0.0600479
0.0943003
0.107361
0.102878
0.0870491
0.0656888
0.0431547
0.0210731
-0.000371552
-0.0203176
-0.0365675
-0.045897
-0.0451252
-0.0328656
-0.0114611
0.0135616
0.0387746
0.0621909
0.0821513
0.0975215
0.107328
0.110632
0.107121
0.097058
0.0804916
0.0576979
0.0281045
-0.0107124
-0.0610968
-0.122908
-0.19208
-0.261853
-0.323847
-0.369518
-0.394114
-0.396954
-0.3775
-0.333562
-0.263894
-0.169807
-0.056174
0.0704105
0.199855
0.318398
0.413378
0.479378
0.519214
0.535624
0.530259
0.50595
0.468598
0.425134
0.382349
0.342691
0.303164
0.261088
0.215104
0.165457
0.11428
0.064233
0.0174561
-0.0248139
-0.0626462
-0.0968242
-0.126274
-0.14857
-0.161262
-0.163345
-0.156193
-0.142466
-0.125759
-0.108732
-0.0927922
-0.0786762
-0.0671031
-0.0596449
-0.0580822
-0.06327
-0.0738205
-0.0857897
-0.0945386
-0.0949438
-0.0821652
-0.053484
-0.00945379
0.0460737
0.106494
0.165357
0.215932
0.251342
0.266409
0.260106
0.235658
0.194998
0.141595
0.0826414
0.0260522
-0.0214577
-0.0547918
-0.0718942
-0.0752836
-0.0701973
-0.0597662
-0.0462418
-0.0324301
-0.0212133
-0.0142297
-0.01153
-0.0116105
-0.0123968
-0.0124231
-0.010272
-0.00369798
0.0106924
0.0363681
0.0751436
0.12554
0.183633
0.246204
0.309375
0.367611
0.414738
0.444867
0.453844
0.439236
0.399015
0.335694
0.257841
0.174021
0.0913205
0.013892
-0.0564104
-0.117431
-0.161984
-0.179468
-0.160318
-0.0999061
0.000882213
0.132346
0.275186
0.412957
0.532021
0.621498
0.67655
0.699498
0.693618
0.657166
0.589181
0.494791
0.384361
0.269441
0.157941
0.052913
-0.0425289
-0.124556
-0.1907
-0.241026
-0.277091
-0.302292
-0.322408
-0.341495
-0.360929
-0.379844
-0.395117
-0.40163
-0.392979
-0.363426
-0.30978
-0.231092
-0.129122
-0.0083177
0.123017
0.255004
0.377835
0.481543
0.557706
0.602606
0.61905
0.61142
0.580534
0.526986
0.451818
0.356375
0.244224
0.117663
-0.020399
-0.161797
-0.293773
-0.405608
-0.492534
-0.55737
-0.607192
-0.644966
-0.671283
-0.686613
-0.690319
-0.678546
-0.646989
-0.593598
-0.520899
-0.438622
-0.360842
-0.30017
-0.263713
-0.251741
-0.2611
-0.286971
-0.323607
-0.364257
-0.40072
-0.425134
-0.430614
-0.412844
-0.37117
-0.305592
-0.217164
-0.111292
0.003347
0.116674
0.220704
0.309661
0.377217
0.417019
0.426609
0.409221
0.368634
0.308027
0.233259
0.151152
0.0664231
-0.0171335
-0.0963612
-0.168816
-0.233222
-0.289924
-0.339761
-0.38304
-0.42081
-0.455203
-0.488524
-0.523795
-0.564623
-0.613739
-0.671607
-0.735504
-0.800243
-0.858293
-0.901546
-0.925362
-0.928043
-0.905311
-0.851868
-0.765019
-0.643918
-0.49227
-0.321575
-0.147181
0.0146363
0.157418
0.28071
0.384226
0.468531
0.533915
0.582067
0.614181
0.629128
0.627281
0.613415
0.594643
0.577381
0.567671
0.570346
0.586841
0.613865
0.64515
0.676202
0.703791
0.725266
0.738142
0.738565
0.722218
0.686659
0.633291
0.565231
0.481866
0.381975
0.267885
0.146885
0.0283543
-0.0785496
-0.165515
-0.227317
-0.264144
-0.279598
-0.274754
-0.251424
-0.213882
-0.164457
-0.104593
-0.0373568
0.0331768
0.103183
0.168183
0.222858
0.262031
0.282324
0.28203
0.256293
0.199455
0.111051
0.000895706
-0.112639
-0.219151
-0.320277
-0.417777
-0.512253
-0.602771
-0.686272
-0.759536
-0.82013
-0.866208
-0.896745
-0.908556
-0.897748
-0.8638
-0.81073
-0.742823
-0.664533
-0.580198
-0.493716
-0.409288
-0.330656
-0.260959
-0.20207
-0.154423
-0.117312
-0.0887896
-0.0683764
-0.0566924
-0.0533234
-0.0559201
-0.0615595
-0.0687006
-0.0765519
-0.0846632
-0.0928145
-0.100995
-0.109433
-0.118905
-0.130786
-0.146449
-0.166251
-0.188462
-0.208401
-0.218471
-0.209432
-0.173363
-0.107896
-0.019401
0.0797057
0.176864
0.263643
0.337081
0.398354
0.447758
0.485792
0.514483
0.535701
0.549783
0.557312
0.560564
0.562521
0.564137
0.564201
0.559595
0.54564
0.517314
0.470883
0.404266
0.316222
0.209244
0.0901809
-0.0316029
-0.146901
-0.250447
-0.342878
-0.425849
-0.500885
-0.569726
-0.630778
-0.674137
-0.68398
-0.644341
-0.544794
-0.382547
-0.168512
0.0683922
0.295234
0.484609
0.617464
0.690102
0.712941
0.69979
0.661862
0.610123
0.551182
0.490245
0.433497
0.384766
0.344342
0.313109
0.298495
0.311429
0.360599
0.446035
0.554153
0.662987
0.756878
0.82561
0.860178
0.856994
0.819176
0.749465
0.652196
0.535961
0.40741
0.271929
0.135609
0.00529284
-0.111031
-0.205484
-0.273224
-0.315409
-0.337531
-0.343387
-0.337575
-0.325653
-0.310428
-0.293366
-0.275748
-0.258464
-0.242359
-0.228335
-0.217121
-0.209013
-0.203384
-0.198893
-0.195036
-0.192464
-0.192485
-0.196404
-0.204494
-0.214878
-0.22304
-0.222864
-0.207508
-0.170995
-0.109141
-0.0197955
0.092931
0.217337
0.338221
0.44123
0.51875
0.571624
0.605389
0.622471
0.624414
0.614205
0.59391
0.562478
0.517234
0.455989
0.379806
0.294038
0.204324
0.113583
0.0206256
-0.0785487
-0.186358
-0.300783
-0.416385
-0.524778
-0.614502
-0.675153
-0.704735
-0.703193
-0.665774
-0.589619
-0.479943
-0.350519
-0.218903
-0.0971946
0.00861516
0.0936278
0.154691
0.192021
0.206296
0.196255
0.163377
0.114845
0.0601651
0.00745434
-0.0410901
-0.0868656
-0.12848
-0.16183
-0.181568
-0.183152
-0.165891
-0.134815
-0.0974505
-0.0595684
-0.0260171
-0.000978292
0.0130685
0.0165801
0.0131857
0.00669531
-0.000391253
-0.00616383
-0.00893305
-0.007341
-0.000795405
0.010036
0.0234526
0.0364824
0.044345
0.0407714
0.0195275
-0.0229638
-0.0853421
-0.161832
-0.242914
-0.319387
-0.386574
-0.441225
-0.47843
-0.493708
-0.48524
-0.453682
-0.401157
-0.330079
-0.241898
-0.138842
-0.0225702
0.104986
0.241932
0.386292
0.535506
0.6843
0.82337
0.940316
1.02203
1.05915
1.04793
0.985314
0.874177
0.723471
0.547397
0.363175
0.187235
0.0302065
-0.103001
-0.212269
-0.298506
-0.36179
-0.40209
-0.421446
-0.42582
-0.420405
-0.41021
-0.401309
-0.398457
-0.404397
-0.41897
-0.438651
-0.458728
-0.473732
-0.478012
-0.467358
-0.441059
-0.402591
-0.356899
-0.309378
-0.263786
-0.222657
-0.188024
-0.160753
-0.139865
-0.122857
-0.108342
-0.0956642
-0.0845917
-0.0761912
-0.0729458
-0.077793
-0.0927923
-0.118
-0.151521
-0.189986
-0.230421
-0.270141
-0.305984
-0.334236
-0.351099
-0.353522
-0.338785
-0.303367
-0.246123
-0.170931
-0.0874378
-0.00723541
0.0593065
0.103787
0.120572
0.105505
0.0594733
-0.00934836
-0.0906608
-0.170651
-0.234893
-0.272447
-0.278338
-0.249443
-0.186774
-0.0967455
0.0174689
0.15085
0.291697
0.424362
0.533949
0.607647
0.636507
0.615151
0.542662
0.427809
0.284915
0.131472
-0.0147475
-0.145489
-0.258503
-0.350927
-0.42114
-0.469835
-0.496032
-0.49403
-0.458489
-0.387907
-0.281422
-0.14296
0.0149383
0.172485
0.307552
0.411735
0.48432
0.526335
0.542903
0.538796
0.51839
0.485308
0.441464
0.389213
0.33127
0.271154
0.212871
0.161083
0.12069
0.0951742
0.0855925
0.0915975
0.110364
0.136789
0.164685
0.185801
0.190921
0.172278
0.12563
0.0507615
-0.0474045
-0.158945
-0.269997
-0.369776
-0.450611
-0.506039
-0.533795
-0.536432
-0.516384
-0.476932
-0.419625
-0.347708
-0.269257
-0.194145
-0.130109
-0.0821666
-0.0502121
-0.0288915
-0.0138226
-0.00243029
0.00685183
0.0137884
0.0170506
0.0151212
0.00660919
-0.0089549
-0.0303859
-0.0557081
-0.083356
-0.111653
-0.138509
-0.161916
-0.181367
-0.198551
-0.216763
-0.238613
-0.26527
-0.295799
-0.326728
-0.353254
-0.371141
-0.377586
-0.371536
-0.354595
-0.330688
-0.303769
-0.278473
-0.259901
-0.251622
-0.254157
-0.263766
-0.273433
-0.27473
-0.258275
-0.215569
-0.141471
-0.0349026
0.100791
0.260382
0.432129
0.597709
0.742829
0.858253
0.93974
0.986334
0.993191
0.95596
0.873469
0.747785
0.58559
0.400262
0.208942
0.0275325
-0.133114
-0.267914
-0.372833
-0.444295
-0.483244
-0.49627
-0.48774
-0.460963
-0.421298
-0.373339
-0.321602
-0.27104
-0.226134
-0.191049
-0.16965
-0.163607
-0.170209
-0.183297
-0.197139
-0.205419
-0.200503
-0.174699
-0.123024
-0.0456001
0.0531496
0.162812
0.269498
0.36406
0.442548
0.504548
0.548192
0.568463
0.560944
0.524777
0.46208
0.378095
0.279766
0.174075
0.0683184
-0.0300657
-0.115632
-0.187322
-0.244411
-0.28646
-0.314816
-0.333138
-0.345312
-0.352888
-0.35657
-0.357619
-0.358127
-0.35999
-0.36389
-0.368788
-0.37142
-0.3663
-0.34671
-0.30691
-0.245211
-0.165658
-0.0744538
0.0210604
0.109998
0.183837
0.241246
0.285336
0.314462
0.324007
0.310486
0.274996
0.223859
0.161958
0.094362
0.0260363
-0.0401735
-0.102003
-0.156136
-0.199495
-0.231984
-0.257011
-0.277985
-0.296643
-0.31408
-0.331422
-0.349949
-0.370702
-0.393978
-0.418705
-0.441916
-0.458721
-0.462851
-0.44821
-0.411434
-0.353015
-0.274184
-0.17797
-0.0697267
0.0440196
0.155617
0.257627
0.344225
0.41309
0.466182
0.508764
0.544268
0.573732
0.597048
0.612429
0.616309
0.604964
0.575465
0.52674
0.462234
0.388808
0.311963
0.236208
0.16538
0.101935
0.0460321
-0.00487376
-0.0544306
-0.105531
-0.159961
-0.217758
-0.276367
-0.33034
-0.372079
-0.394362
-0.392839
-0.36672
-0.3152
-0.240359
-0.147698
-0.0449541
0.0562768
0.146142
0.224146
0.287765
0.333462
0.362004
0.374993
0.371309
0.350153
0.313422
0.263471
0.203108
0.13762
0.0735223
0.0141956
-0.0395938
-0.087566
-0.129706
-0.165884
-0.195428
-0.218065
-0.234043
-0.242229
-0.240658
-0.228351
-0.205973
-0.173923
-0.132107
-0.0817797
-0.0261538
0.028271
0.072589
0.100417
0.109139
0.0989341
0.0743201
0.0417304
0.00830812
-0.0177731
-0.0299746
-0.0247026
-0.0010948
0.0421762
0.105226
0.182957
0.265216
0.34373
0.411899
0.46444
0.498453
0.512199
0.50471
0.47907
0.442866
0.40134
0.356721
0.310014
0.261621
0.211932
0.161733
0.111833
0.0624451
0.0132164
-0.0365079
-0.0868242
-0.135968
-0.180201
-0.214463
-0.233792
-0.235622
-0.22125
-0.194452
-0.161226
-0.127558
-0.0992687
-0.0802597
-0.069699
-0.0628299
-0.0552987
-0.0433265
-0.0237586
0.00486491
0.041507
0.0831407
0.126684
0.168848
0.20693
0.238831
0.262681
0.275541
0.272822
0.250676
0.209132
0.152426
0.0837724
0.00722203
-0.07172
-0.148726
-0.220528
-0.285074
-0.340501
-0.385108
-0.416855
-0.433295
-0.43339
-0.417774
-0.389484
-0.353383
-0.312711
-0.270362
-0.23013
-0.196115
-0.170638
-0.153108
-0.14028
-0.129077
-0.117072
-0.101968
-0.081807
-0.0554257
-0.0229122
0.0149058
0.0568827
0.100712
0.142911
0.180783
0.213228
0.241043
0.266267
0.289285
0.308213
0.319727
0.320232
0.307619
0.2825
0.246812
0.20214
0.151101
0.0969813
0.0414817
-0.0145707
-0.0704511
-0.125405
-0.178247
-0.226922
-0.267762
-0.295993
-0.307752
-0.302633
-0.28452
-0.257797
-0.225489
-0.189694
-0.152043
-0.113587
-0.0755195
-0.0398566
-0.00944062
0.0126331
0.0244076
0.0254779
0.0153976
-0.00582947
-0.0374166
-0.0769334
-0.119181
-0.15785
-0.187353
-0.204657
-0.209706
-0.202947
-0.18475
-0.156583
-0.119728
-0.0753796
-0.0263692
0.0225735
0.0645815
0.0922223
0.102069
0.0943772
0.0709187
0.0341193
-0.0138316
-0.0693277
-0.127839
-0.185475
-0.238712
-0.284525
-0.320367
-0.344329
-0.356618
-0.359255
-0.351904
-0.333428
-0.303669
-0.262719
-0.211656
-0.153748
-0.0929891
-0.0341931
0.0168836
0.0559155
0.0822327
0.0961386
0.0988351
0.0920697
0.0788784
0.0622768
0.0432676
0.0220141
-0.00102646
-0.0243432
-0.0449373
-0.0584489
-0.0602189
-0.0471797
-0.0202317
0.0151287
0.0528632
0.0888315
0.120236
0.145634
0.164506
0.175454
0.177168
0.17005
0.156857
0.140909
0.123822
0.106145
0.0879602
0.0691197
0.0494237
0.0289486
0.00831878
-0.0111894
-0.0277979
-0.0396905
-0.0457684
-0.0465204
-0.0440289
-0.0400227
-0.0355909
-0.0316031
-0.0288022
-0.027791
-0.028884
-0.0318835
-0.0360872
-0.0409252
-0.0459814
-0.0507698
-0.0546743
-0.0569981
-0.0571602
-0.0549902
-0.0510298
-0.0464301
-0.0419236
-0.0371528
-0.030741
-0.0205691
-0.00439597
0.0191358
0.0493394
0.0830494
0.116567
0.148046
0.177387
0.20548
0.232363
0.256011
0.272533
0.277052
0.265402
0.236062
0.189801
0.127247
0.0517996
-0.0294516
-0.110322
-0.184612
-0.245242
-0.2858
-0.303872
-0.302309
-0.284238
-0.251417
-0.207401
-0.15781
-0.105555
-0.0519098
0.0019998
0.0550652
0.105874
0.152405
0.191531
0.219217
0.232106
0.228635
0.207588
0.168791
0.115899
0.0558283
-0.00516193
-0.0613278
-0.109076
-0.148109
-0.179303
-0.203898
-0.223507
-0.238066
-0.246094
-0.246295
-0.239051
-0.226699
-0.210988
-0.193017
-0.174235
-0.156914
-0.144282
-0.140065
-0.14737
-0.167011
-0.196534
-0.232369
-0.272294
-0.314024
-0.353919
-0.386658
-0.40578
-0.405532
-0.383677
-0.344031
-0.294375
-0.240179
-0.185645
-0.134524
-0.0899063
-0.0541124
-0.027906
-0.0105183
-0.0018359
-0.00283565
-0.0134249
-0.0310682
-0.0518858
-0.0723562
-0.0887609
-0.0972841
-0.0950477
-0.0815848
-0.0596028
-0.0328375
-0.00351713
0.0267018
0.055987
0.0823908
0.103822
0.118402
0.124875
0.12226
0.11053
0.0920472
0.07091
0.0503185
0.0329903
0.021682
0.0193955
0.0287335
0.0501854
0.0815179
0.120052
0.162245
0.203413
0.240402
0.271727
0.297111
0.315972
0.326121
0.325364
0.313564
0.294519
0.275125
0.259575
0.248897
0.241829
0.23663
0.231553
0.224569
0.213654
0.197248
0.175009
0.148368
0.119944
0.091776
0.0655863
0.0431422
0.0262211
0.0159924
0.0123368
0.0142152
0.0209656
0.0314324
0.0435576
0.0557281
0.0675595
0.0797046
0.0935612
0.110767
0.132562
0.158993
0.188287
0.217434
0.243906
0.265883
0.282121
0.291386
0.293402
0.289838
0.283586
0.276719
0.270823
0.267355
0.267382
0.271233
0.277977
0.285611
0.292518
0.297497
0.29973
0.29911
0.296317
0.29223
0.28725
0.281614
0.275707
0.270229
0.266123
0.264363
0.265556
0.269485
0.275041
0.280634
0.284009
0.282387
0.273241
0.255486
0.230841
0.203724
0.177963
0.156114
0.140477
0.133906
0.138692
0.154873
0.180114
0.212577
0.249476
0.28618
0.318178
0.341086
0.35096
0.344602
0.320448
0.279588
0.223389
0.154487
0.0773777
-0.00376458
-0.0842959
-0.15966
-0.228622
-0.291797
-0.348597
-0.397946
-0.438948
-0.470268
-0.490189
-0.496682
-0.487751
-0.463515
-0.425888
-0.375911
-0.316036
-0.251427
-0.187191
-0.126778
-0.0721632
-0.0236743
0.0196913
0.0578731
0.088868
0.11011
0.120247
0.120911
0.116282
0.108284
0.0971526
0.0826283
0.0644854
0.0428229
0.017274
-0.0120766
-0.0438619
-0.075528
-0.103446
-0.123166
-0.130428
-0.122872
-0.101324
-0.0683593
-0.0266531
0.0201788
0.0690819
0.11734
0.161532
0.197389
0.21999
0.224021
0.205737
0.166633
0.114003
0.0550364
-0.003119
-0.0558499
-0.101397
-0.137539
-0.160843
-0.168501
-0.160828
-0.14246
-0.119285
-0.0945912
-0.070125
-0.047089
-0.0264231
-0.00884411
0.00534684
0.0162679
0.0237303
0.0271939
0.0265921
0.0228054
0.0169266
0.00942313
0.000679271
-0.00843376
-0.0162556
-0.0202478
-0.0174356
-0.00536269
0.0165219
0.0465003
0.0825863
0.121745
0.160166
0.194532
0.222087
0.241159
0.251197
0.251338
0.241803
0.225017
0.203831
0.179611
0.153168
0.125524
0.0976391
0.0706742
0.0461869
0.0260004
0.0116806
0.00423143
0.00469403
0.0137788
0.0302585
0.0506627
0.0716534
0.0904851
0.1048
0.113155
0.115731
0.114541
0.111913
0.10969
0.109485
0.112647
0.119909
0.130918
0.144228
0.158479
0.172466
0.184821
0.194004
0.198568
0.197639
0.191514
0.181174
0.165779
0.143418
0.112619
0.073626
0.0286152
-0.0209688
-0.0743702
-0.130426
-0.186989
-0.240606
-0.287524
-0.326959
-0.361146
-0.391086
-0.414473
-0.426951
-0.424071
-0.403837
-0.368649
-0.323588
-0.273961
-0.225737
-0.18368
-0.150672
-0.127063
-0.110265
-0.0970422
-0.085937
-0.0766279
-0.0690231
-0.0626595
-0.0561461
-0.0473245
-0.0347687
-0.0192714
-0.00278816
0.0128711
0.025908
0.0346457
0.0380701
0.0359115
0.0276403
0.0130788
-0.0062158
-0.0266067
-0.043899
-0.0540793
-0.0540228
-0.0429527
-0.022976
0.00284713
0.0304309
0.0548084
0.0720592
0.0800433
0.0793731
0.0732734
0.064489
0.0549629
0.0467662
0.042494
0.0453403
0.058345
0.0830756
0.118999
0.165011
0.217875
0.272304
0.323489
0.36701
0.399213
0.418519
0.425735
0.421475
0.40558
0.379406
0.346615
0.310462
0.272465
0.233362
0.193582
0.153425
0.113374
0.0742608
0.0372107
0.00335182
-0.0266488
-0.0530816
-0.0769502
-0.0981966
-0.115528
-0.127217
-0.132006
-0.130197
-0.123667
-0.113516
-0.0999772
-0.0833772
-0.0647576
-0.0458692
-0.027975
-0.0118283
0.00231738
0.0149139
0.0268254
0.0381958
0.0481564
0.055126
0.0573096
0.0535285
0.0441972
0.0313329
0.0165299
0.00147317
-0.0114481
-0.0192873
-0.01908
-0.00884835
0.0118028
0.0427267
0.0829792
0.128977
0.174827
0.21649
0.252107
0.281823
0.306929
0.327731
0.344229
0.357073
0.36779
0.377785
0.387786
0.398107
0.408714
0.419171
0.42863
0.435932
0.439919
0.439925
0.436366
0.430642
0.423682
0.416182
0.408979
0.402981
0.398981
0.397189
0.396693
0.394965
0.387816
0.370078
0.337246
0.287794
0.224903
0.154685
0.0835838
0.0184817
-0.0354635
-0.0780253
-0.113538
-0.146496
-0.17896
-0.210942
-0.240778
-0.265757
-0.283227
-0.292029
-0.293591
-0.291038
-0.286436
-0.281066
-0.275715
-0.270723
-0.266193
-0.262086
-0.258362
-0.255061
-0.252411
-0.2509
-0.251311
-0.254926
-0.262954
-0.275653
-0.291656
-0.3083
-0.323012
-0.333118
-0.335493
-0.327225
-0.307095
-0.276509
-0.237837
-0.192578
-0.142813
-0.0918917
-0.042813
0.00275522
0.0443087
0.0820669
0.115225
0.140525
0.153561
0.150992
0.133097
0.10471
0.071382
0.0373534
0.00646785
-0.0178912
-0.033219
-0.0377675
-0.0308274
-0.0139956
0.00968801
0.0386248
0.071335
0.105307
0.137684
0.165652
0.186435
0.197155
0.194849
0.178494
0.150872
0.117118
0.0805109
0.0433104
0.00772559
-0.0243497
-0.0515013
-0.0732122
-0.0901104
-0.103815
-0.11568
-0.126276
-0.135858
-0.144583
-0.152449
-0.159558
-0.16629
-0.173254
-0.180841
-0.188719
-0.195658
-0.199626
-0.198283
-0.189783
-0.173757
-0.15178
-0.12575
-0.096116
-0.0626559
-0.0253748
0.0153863
0.0592308
0.104683
0.148284
0.184493
0.20658
0.20891
0.190445
0.155777
0.110292
0.0580902
0.00346235
-0.0495957
-0.097395
-0.136507
-0.164428
-0.180297
-0.186448
-0.187954
-0.187803
-0.187359
-0.187362
-0.188021
-0.189259
-0.19075
-0.192016
-0.192437
-0.191309
-0.187985
-0.18219
-0.174365
-0.165717
-0.157465
-0.150593
-0.145719
-0.142772
-0.140717
-0.137697
-0.131672
-0.120854
-0.104372
-0.0830991
-0.0594432
-0.0351609
-0.0115456
0.0101833
0.0288507
0.0430817
0.0518509
0.0552278
0.0546993
0.0519036
0.0472206
0.0402796
0.030632
0.0182766
0.00393961
-0.0115564
-0.0275685
-0.0433889
-0.0581374
-0.0708201
-0.0804772
-0.0865508
-0.0893367
-0.0897788
-0.087988
-0.0835867
-0.0763447
-0.0665187
-0.0546567
-0.0408519
-0.0251716
-0.0081506
0.00915945
0.0257582
0.0408217
0.0536405
0.0634673
0.0688134
0.0675009
0.0576609
0.039007
0.0128414
-0.0204431
-0.0601062
-0.10362
-0.147376
-0.18868
-0.225415
-0.255073
-0.275107
-0.284236
-0.283301
-0.274046
-0.258602
-0.239075
-0.216832
-0.193365
-0.170715
-0.150746
-0.134914
-0.123791
-0.116591
-0.111696
-0.107367
-0.101454
-0.091523
-0.0757523
-0.0539183
-0.0283435
-0.00356913
0.0164099
0.0287543
0.0323198
0.0279163
0.0174896
0.0034514
-0.0131101
-0.0318391
-0.0522289
-0.0732914
-0.0938523
-0.113136
-0.130721
-0.146387
-0.15988
-0.171184
-0.180456
-0.187203
-0.190588
-0.189822
-0.183972
-0.172021
-0.153897
-0.131118
-0.105751
-0.079149
-0.0524201
-0.0267246
-0.00302487
0.0180409
0.0361576
0.0508523
0.06121
0.0666149
0.0676176
0.0659298
0.0627255
0.0584301
0.0532073
0.0471838
0.0405306
0.0333648
0.0259542
0.018853
0.0128748
0.00885833
0.00737526
0.00836214
0.0110541
0.0147356
0.0191108
0.0240298
0.0292538
0.0342787
0.0382587
0.0401134
0.0388568
0.0341001
0.0265319
0.017674
0.00893584
0.00170688
-0.00266766
-0.00329945
-0.000263879
0.00521541
0.0116656
0.0177971
0.0222541
0.0234766
0.0196426
0.00921242
-0.00813161
-0.0309944
-0.0575211
-0.0868313
-0.118288
-0.150909
-0.183593
-0.215436
-0.24552
-0.272672
-0.295077
-0.310521
-0.317384
-0.315438
-0.305223
-0.28738
-0.263011
-0.232274
-0.195527
-0.154469
-0.111417
-0.0683901
-0.0275152
0.00886149
0.038681
0.0609053
0.0759183
0.0842059
0.0851098
0.0780935
0.0637366
0.0428308
0.0155565
-0.0170587
-0.0522383
-0.0865088
-0.116402
-0.138634
-0.150419
-0.149415
-0.135234
-0.111119
-0.0823923
-0.0521745
-0.0221219
0.00638562
0.0315613
0.0506744
0.0607712
0.0599231
0.0488775
0.0308158
0.00740046
-0.0201817
-0.0496525
-0.0777319
-0.101495
-0.118891
-0.129313
-0.134359
-0.136821
-0.138303
-0.139454
-0.140461
-0.141101
-0.140861
-0.138912
-0.134478
-0.127221
-0.117652
-0.106965
-0.0959079
-0.0848742
-0.0742005
-0.0643147
-0.0561271
-0.051029
-0.0504446
-0.0550823
-0.0641355
-0.075299
-0.086692
-0.0972985
-0.1068
-0.115515
-0.124019
-0.132851
-0.142399
-0.152728
-0.16343
-0.173549
-0.181661
-0.186152
-0.18577
-0.180326
-0.171049
-0.159583
-0.146812
-0.133228
-0.11932
-0.105622
-0.092522
-0.0802503
-0.0688381
-0.0579717
-0.0470464
-0.0355586
-0.0231664
-0.00974461
0.00450115
0.0191719
0.033993
0.0487603
0.0632482
0.0772017
0.0903144
0.10219
0.112428
0.120864
0.127743
0.133478
0.13803
0.141131
0.142611
0.14262
0.141522
0.139502
0.136823
0.134122
0.132501
0.133459
0.138532
0.148668
0.163457
0.180963
0.199159
0.216775
0.233066
0.247712
0.260575
0.270951
0.277323
0.277922
0.271541
0.258088
0.237647
0.20966
0.174282
0.133549
0.090542
0.0470704
0.00397262
-0.0383749
-0.0799635
-0.120763
-0.160362
-0.197854
-0.231885
-0.26024
-0.279449
-0.28629
-0.279947
-0.263584
-0.242953
-0.222095
-0.203682
-0.189395
-0.179513
-0.17289
-0.167931
-0.163683
-0.159546
-0.154957
-0.149246
-0.141626
-0.131423
-0.118523
-0.103842
-0.0892931
-0.077143
-0.0697617
-0.0690215
-0.0752745
-0.0867577
-0.100714
-0.11487
-0.127105
-0.135398
-0.138301
-0.135628
-0.128881
-0.120401
-0.112271
-0.106562
-0.105315
-0.110018
-0.120867
-0.136375
-0.154525
-0.17409
-0.194035
-0.212956
-0.228906
-0.239508
-0.242543
-0.236922
-0.223505
-0.203936
-0.177845
-0.144159
-0.102995
-0.0570397
-0.0113911
0.0298403
0.0639545
0.0900841
0.109168
0.121504
0.126949
0.126287
0.121747
0.115612
0.108522
0.0999521
0.0888128
0.0739986
0.0551281
0.0332546
0.0107548
-0.0103315
-0.0284758
-0.0427972
-0.0534844
-0.0613469
-0.0659413
-0.0659524
-0.0601621
-0.0483433
-0.0318487
-0.012438
0.00905851
0.0321226
0.0558935
0.0789315
0.0993177
0.115139
0.125019
0.128761
0.127156
0.121
0.111515
0.0998062
0.0860017
0.06987
0.0514866
0.0316739
0.0118329
-0.00683504
-0.0234103
-0.0373863
-0.0487887
-0.0575878
-0.0631947
-0.0650189
-0.0631792
-0.0588353
-0.0534994
-0.0481187
-0.0432397
-0.0391076
-0.0356354
-0.0325224
-0.0294922
-0.026298
-0.0227283
-0.0186711
-0.0142069
-0.00972335
-0.00597465
-0.00401691
-0.00497493
-0.00962753
-0.017896
-0.0286468
-0.0406042
-0.0533913
-0.0672509
-0.0826204
-0.0997174
-0.118102
-0.13651
-0.152802
-0.164156
-0.167803
-0.162223
-0.148536
-0.13043
-0.110908
-0.0916891
-0.073808
-0.0577721
-0.0440507
-0.0340648
-0.0297963
-0.0327744
-0.0429208
-0.0578636
-0.0744254
-0.0905194
-0.104882
-0.116847
-0.126129
-0.131902
-0.132886
-0.128011
-0.117181
-0.101126
-0.079173
-0.0495947
-0.0113669
0.0342072
0.0828626
0.129465
0.169617
0.200138
0.219723
0.228674
0.22936
0.225916
0.22047
0.213636
0.205592
0.196552
0.187267
0.178946
0.172935
0.170338
0.17148
0.175391
0.180315
0.185077
0.189057
0.192077
0.194373
0.196174
0.197472
0.198046
0.19756
0.195707
0.192357
0.187359
0.180126
0.170091
0.157359
0.143253
0.130395
0.121752
0.119855
0.125922
0.138772
0.15529
0.17386
0.193963
0.215229
0.237002
0.257812
0.275228
0.286118
0.287618
0.278541
0.260651
0.23759
0.211722
0.184719
0.158041
0.132472
0.108354
0.0857458
0.0648463
0.0464948
0.0317596
0.021199
0.0141701
0.00890429
0.00424838
-0.000528803
-0.00605603
-0.0129385
-0.0218479
-0.0332865
-0.0472321
-0.0630454
-0.0800968
-0.0980004
-0.11622
-0.13379
-0.149185
-0.16047
-0.165818
-0.16433
-0.156717
-0.144499
-0.12795
-0.106914
-0.0819438
-0.0545956
-0.0264923
0.00117642
0.0273043
0.0506542
0.0695071
0.0819693
0.086997
0.0855669
0.0806501
0.0746194
0.0687887
0.063897
0.0603009
0.0584041
0.0587564
0.0617849
0.0673807
0.0748227
0.0834808
0.092762
0.101835
0.109801
0.115848
0.119345
0.119813
0.116324
0.107132
0.090657
0.0667753
0.0375257
0.00591613
-0.0256877
-0.0552632
-0.0811789
-0.102605
-0.119869
-0.133973
-0.144476
-0.150003
-0.14934
-0.142407
-0.130522
-0.114685
-0.095664
-0.0745865
-0.0524757
-0.0296677
-0.00606032
0.0186238
0.0448004
0.0728816
0.102881
0.134012
0.164645
0.19296
0.217587
0.237975
0.254538
0.267673
0.276809
0.281083
0.280242
0.274976
0.266001
0.253816
0.239462
0.22462
0.210555
0.197816
0.186307
0.175474
0.16507
0.155608
0.148245
0.144512
0.145814
0.15259
0.163605
0.176573
0.189955
0.202664
0.213661
0.221792
0.225227
0.221353
0.207818
0.184061
0.151832
0.113241
0.0711169
0.0293309
-0.00935234
-0.0430974
-0.0702285
-0.0890513
-0.0988874
-0.100247
-0.0928744
-0.0772151
-0.0557099
-0.0314447
-0.00653779
0.017344
0.0387129
0.0566118
0.0706053
0.080213
0.0845079
0.0829451
0.0760599
0.0647897
0.048722
0.026997
-0.000467466
-0.0324219
-0.0671346
-0.10347
-0.140343
-0.1764
-0.210392
-0.241431
-0.268824
-0.291179
-0.305886
-0.310228
-0.302996
-0.285218
-0.258558
-0.224388
-0.183086
-0.135232
-0.0819427
-0.0240255
0.0367975
0.0968829
0.151372
0.197091
0.233647
0.262753
0.284831
0.299853
0.308575
0.311706
0.308218
0.296666
0.27705
0.251511
0.222973
0.1944
0.169145
0.150262
0.139642
0.137033
0.140209
0.147779
0.159313
0.174177
0.190987
0.208013
0.223871
0.237289
0.246925
0.251044
0.247911
0.23698
0.219676
0.198328
0.174843
0.151339
0.130143
0.112462
0.0985052
0.088519
0.082517
0.0795347
0.077655
0.0753519
0.0714036
0.064792
0.0549373
0.0417668
0.0260985
0.0095506
-0.00673148
-0.0223853
-0.0375942
-0.0527582
-0.0680747
-0.0833689
-0.0979214
-0.110335
-0.118775
-0.121575
-0.117819
-0.107383
-0.0914039
-0.0726055
-0.0535929
-0.0357766
-0.0195418
-0.00449736
0.00985094
0.0236786
0.0368996
0.0492755
0.0605064
0.0702103
0.07824
0.0849984
0.0913737
0.0980188
0.105068
0.112083
0.118042
0.121549
0.121303
0.116726
0.108632
0.0991446
0.0900163
0.0821771
0.0759131
0.0712035
0.0683477
0.0677837
0.0697521
0.0741108
0.0806571
0.0894257
0.100198
0.112167
0.124279
0.135701
0.14578
0.154019
0.159929
0.162755
0.161917
0.157594
0.150725
0.141858
0.131142
0.118866
0.105627
0.0920323
0.0785349
0.0655886
0.0536635
0.0432479
0.0349147
0.0290722
0.0255347
0.0234181
0.0217754
0.0199911
0.0176883
0.0147444
0.0113499
0.00797604
0.00513293
0.00329373
0.00277291
0.00355043
0.00526117
0.00757722
0.0101995
0.0126939
0.0144269
0.0146048
0.012451
0.00753535
0.000162003
-0.00867359
-0.0182904
-0.0284663
-0.0391788
-0.0504485
-0.0621971
-0.074245
-0.0864363
-0.0985734
-0.110372
-0.121481
-0.131537
-0.140271
-0.147638
-0.153656
-0.157734
-0.15895
-0.156594
-0.150723
-0.142291
-0.132202
-0.1213
-0.110584
-0.100859
-0.0926051
-0.0859044
-0.0805478
-0.0766068
-0.0743793
-0.0740047
-0.0751138
-0.0768163
-0.0783815
-0.0792396
-0.079011
-0.077682
-0.0756571
-0.0738407
-0.0736552
-0.0768045
-0.0847046
-0.0976763
-0.1141
-0.130484
-0.143419
-0.150545
-0.151155
-0.146806
-0.140327
-0.133434
-0.126871
-0.120855
-0.115414
-0.110815
-0.10756
-0.106218
-0.107062
-0.109625
-0.112559
-0.114281
-0.113279
-0.108423
-0.0995381
-0.0877337
-0.0746682
-0.0616208
-0.0496609
-0.0397253
-0.0324448
-0.0281331
-0.0271192
-0.0292879
-0.0336358
-0.0387454
-0.0439506
-0.0492264
-0.0549024
-0.0614106
-0.0689699
-0.0773654
-0.0858863
-0.0936921
-0.0999361
-0.103848
-0.104728
-0.101538
-0.0930323
-0.0786109
-0.0586506
-0.0335816
-0.00486434
0.0244263
0.050793
0.071294
0.083932
0.0882242
0.0861124
0.0810185
0.0751671
0.0699388
0.0664317
0.0654006
0.0671082
0.0710116
0.0758773
0.080666
0.0844453
0.0862405
0.0852344
0.0811332
0.0746659
0.0675483
0.0613886
0.0573791
0.0564987
0.0595598
0.0666891
0.076944
0.0889693
0.101736
0.114235
0.1253
0.13391
0.139613
0.142788
0.144295
0.144647
0.144266
0.143759
0.143781
0.144838
0.14714
0.150431
0.153885
0.156422
0.156834
0.153997
0.14707
0.135492
0.119643
0.101202
0.0819812
0.0626418
0.0429838
0.0226361
0.00160299
-0.0195005
-0.0396194
-0.0577138
-0.0730603
-0.0853648
-0.094551
-0.10107
-0.105695
-0.108655
-0.10994
-0.109569
-0.107438
-0.103201
-0.0967059
-0.0884217
-0.0793598
-0.0701439
-0.0610531
-0.0521493
-0.0433223
-0.0344699
-0.0255522
-0.0166255
-0.00786578
0.000472565
0.00812493
0.0148915
0.0206378
0.0250846
0.0276421
0.0276851
0.0249218
0.0195307
0.0116229
0.00117369
-0.0114303
-0.0251343
-0.0387353
-0.0511658
-0.0614194
-0.0684777
-0.0710303
-0.0677417
-0.0581969
-0.0435009
-0.0254269
-0.00537538
0.015019
0.033711
0.048733
0.0584644
0.0618076
0.0579345
0.0472798
0.0315795
0.0115177
-0.0124135
-0.0388528
-0.0657391
-0.0912087
-0.11359
-0.131581
-0.144836
-0.154275
-0.161235
-0.166475
-0.170599
-0.174259
-0.177767
-0.181227
-0.18466
-0.187988
-0.19092
-0.192911
-0.193236
-0.191113
-0.185985
-0.178008
-0.168403
-0.158955
-0.150761
-0.144119
-0.138706
-0.134095
-0.130091
-0.126636
-0.123772
-0.121696
-0.120694
-0.120973
-0.122688
-0.126108
-0.131337
-0.138001
-0.145299
-0.152694
-0.16001
-0.1672
-0.17403
-0.179662
-0.182708
-0.181539
-0.174842
-0.161933
-0.142202
-0.115874
-0.0852619
-0.0543524
-0.0257413
-0.00045611
0.0215865
0.0407541
0.0571864
0.0708633
0.0809822
0.0860455
0.084831
0.0773972
0.0651013
0.0496817
0.0338406
0.0207698
0.0114939
0.00523542
0.00162442
0.000957466
0.00368561
0.00994678
0.0195837
0.0331995
0.0513293
0.0733323
0.0969264
0.119037
0.137114
0.149439
0.155007
0.152484
0.141357
0.123169
0.100825
0.0764274
0.0517206
0.0281872
0.00654961
-0.0131065
-0.0309593
-0.0468522
-0.0605493
-0.071841
-0.0801206
-0.0849585
-0.086826
-0.0872228
-0.087676
-0.0890593
-0.0916153
-0.0949918
-0.0986408
-0.102269
-0.10583
-0.109393
-0.112926
-0.116154
-0.118534
-0.119322
-0.11778
-0.11354
-0.106919
-0.0986572
-0.089591
-0.0808695
-0.0738901
-0.0699303
-0.0697833
-0.0734226
-0.0802149
-0.0891901
-0.0987517
-0.107202
-0.114053
-0.119922
-0.12566
-0.131528
-0.137125
-0.141493
-0.1435
-0.142855
-0.140335
-0.136446
-0.13119
-0.124331
-0.115398
-0.103926
-0.0899081
-0.0740582
-0.0572983
-0.040129
-0.022806
-0.00553707
0.0113867
0.0275377
0.0423973
0.0554794
0.0665722
0.0759426
0.0840887
0.0910994
0.0967679
0.100658
0.102162
0.100892
0.0970131
0.0909842
0.0828071
0.0723992
0.059932
0.0456284
0.0298594
0.0135058
-0.00194636
-0.0150706
-0.0257196
-0.034883
-0.0433729
-0.0515942
-0.0597122
-0.0677207
-0.0755355
-0.0831254
-0.0905869
-0.098095
-0.105738
-0.113469
-0.1211
-0.128402
-0.135123
-0.140937
-0.145312
-0.147633
-0.147377
-0.144064
-0.137516
-0.128422
-0.118293
-0.108253
-0.0991112
-0.0915359
-0.0859913
-0.0826793
-0.0816662
-0.082989
-0.0864133
-0.0916062
-0.0981051
-0.105045
-0.111366
-0.11646
-0.120282
-0.123304
-0.126101
-0.128865
-0.131399
-0.133201
-0.133583
-0.131961
-0.128228
-0.123016
-0.117417
-0.112557
-0.109591
-0.109551
-0.112908
-0.119085
-0.126565
-0.134142
-0.14088
-0.146026
-0.149239
-0.150692
-0.150879
-0.150126
-0.148667
-0.146595
-0.143859
-0.140419
-0.13626
-0.13146
-0.126316
-0.121266
-0.116649
-0.112666
-0.10943
-0.10713
-0.105981
-0.106104
-0.1076
-0.110564
-0.114791
-0.119487
-0.12339
-0.125544
-0.125653
-0.124038
-0.121026
-0.116323
-0.109281
-0.0992015
-0.0854835
-0.0681801
-0.0484434
-0.0279446
-0.00806472
0.0100709
0.0256922
0.0386291
0.0491442
0.0574824
0.0639912
0.0689135
0.0723122
0.074281
0.0747081
0.0730764
0.0688517
0.0619631
0.0529592
0.0424724
0.0309865
0.0191186
0.00764162
-0.00285952
-0.0121413
-0.0202734
-0.0274152
-0.0335533
-0.0385487
-0.0419676
-0.0424762
-0.0380747
-0.0269331
-0.00844971
0.0163096
0.0457057
0.0773437
0.109139
0.139107
0.165215
0.185906
0.200644
0.209763
0.212809
0.209466
0.200663
0.188152
0.173041
0.156352
0.139259
0.122533
0.10677
0.0926365
0.0810068
0.0726946
0.0683216
0.0686674
0.0739189
0.0831642
0.0951982
0.108755
0.122099
0.133311
0.140919
0.144169
0.142959
0.137495
0.128784
0.118302
0.106757
0.0944514
0.0817388
0.0691849
0.0577157
0.0485166
0.0426084
0.0402788
0.0406796
0.042313
0.0443277
0.0463528
0.0481787
0.0496383
0.0505161
0.0504993
0.0490682
0.0455492
0.039459
0.0309534
0.0208259
0.00966068
-0.00194214
-0.0131018
-0.0228006
-0.030123
-0.034545
-0.0360599
-0.0349252
-0.0318608
-0.0276943
-0.0228135
-0.01738
-0.0114376
-0.00496279
0.00195528
0.00897812
0.0155781
0.0212616
0.025671
0.028593
0.0297354
0.0287331
0.0254913
0.0203241
0.0135597
0.00543134
-0.00366589
-0.0132797
-0.0230626
-0.032599
-0.0412469
-0.048064
-0.0519001
-0.0518624
-0.0477402
-0.0400598
-0.030552
-0.0216621
-0.0150146
-0.0113291
-0.0108313
-0.0137985
-0.0200984
-0.0287297
-0.038253
-0.0478603
-0.0572143
-0.066173
-0.0746446
-0.0824289
-0.0892388
-0.0947737
-0.0986569
-0.100034
-0.0980112
-0.0922952
-0.0837744
-0.0743839
-0.0654973
-0.0574875
-0.0500693
-0.0429599
-0.0361246
-0.0297702
-0.0243557
-0.0205154
-0.0189027
-0.0197891
-0.0227284
-0.0267978
-0.0313721
-0.0359745
-0.040098
-0.0431896
-0.0447192
-0.0443856
-0.0423731
-0.0394003
-0.0361874
-0.0331428
-0.0304343
-0.0280342
-0.0258136
-0.0235883
-0.0211004
-0.0180124
-0.0139112
-0.00829257
-0.000729311
0.00885725
0.0200643
0.0324205
0.0458204
0.0602572
0.0755677
0.0913986
0.106991
0.121104
0.132202
0.138957
0.14092
0.139245
0.136448
0.13423
0.13293
0.132142
0.131465
0.130621
0.129448
0.127911
0.126126
0.124409
0.123233
0.123186
0.124914
0.128843
0.134742
0.14137
0.14657
0.148289
0.145246
0.137492
0.126359
0.112868
0.0975931
0.0810699
0.0636789
0.0457384
0.027822
0.0108636
-0.00412019
-0.0162504
-0.024961
-0.0298867
-0.0312971
-0.030347
-0.0281824
-0.0254918
-0.0227934
-0.0205768
-0.0192586
-0.0191282
-0.0202523
-0.0224582
-0.0256256
-0.0297581
-0.0347526
-0.0403379
-0.0463509
-0.05257
-0.0585257
-0.0633963
-0.0659307
-0.0648147
-0.059301
-0.049933
-0.0387339
-0.0279444
-0.0191861
-0.0135463
-0.0118338
-0.014611
-0.0215598
-0.031255
-0.0422084
-0.0533712
-0.0638123
-0.0726499
-0.0792309
-0.0833033
-0.0849485
-0.0839204
-0.0798556
-0.0729197
-0.0639626
-0.0538198
-0.0436011
-0.0348053
-0.0287429
-0.0260601
-0.0262533
-0.0276787
-0.0287153
-0.0280908
-0.0248245
-0.0182204
-0.00797341
0.00529013
0.0199806
0.0346779
0.0483423
0.0600829
0.0690395
0.0746825
0.077265
0.0778599
0.0774091
0.0762657
0.0745627
0.0725303
0.0707476
0.0702797
0.0726104
0.0792836
0.0913983
0.109295
0.131948
0.15683
0.18183
0.206158
0.229301
0.250451
0.268574
0.282426
0.290807
0.293365
0.291066
0.285161
0.276027
0.263825
0.248855
0.23093
0.209773
0.185818
0.160781
0.137396
0.117447
0.100883
0.0873797
0.0770299
0.0698155
0.065464
0.0640687
0.0658137
0.070305
0.0765765
0.0841885
0.0929668
0.102651
0.112987
0.123788
0.134826
0.145763
0.156328
0.166496
0.176534
0.186923
0.198094
0.210068
0.222288
0.23359
0.242481
0.247691
0.248741
0.246542
0.243155
0.239988
0.237687
0.236207
0.234665
0.231546
0.225095
0.213874
0.197472
0.176956
0.154087
0.130348
0.107127
0.0855686
0.0662901
0.0494671
0.0352225
0.023711
0.0148488
0.00865318
0.00598999
0.00787763
0.0145009
0.0244167
0.0348513
0.044085
0.0512114
0.0555174
0.0568692
0.0558052
0.0528467
0.0482711
0.0425488
0.0366848
0.0321504
0.0300936
0.0306568
0.0331305
0.0369875
0.041599
0.0458549
0.0482139
0.0470791
0.0412954
0.0307818
0.0169227
0.00165198
-0.0136501
-0.0279464
-0.04037
-0.0502996
-0.0574912
-0.0622353
-0.0648756
-0.0649048
-0.0614352
-0.0539723
-0.042973
-0.0296624
-0.0150572
-0.000316298
0.0130163
0.0233458
0.0298676
0.0330884
0.0346956
0.0361644
0.03838
0.0417119
0.0459025
0.0501305
0.0534065
0.054856
0.0539765
0.0509663
0.0467596
0.0423407
0.0383145
0.0349434
0.0322271
0.0301304
0.0286082
0.0275175
0.026578
0.0254359
0.0237836
0.0214087
0.0182975
0.0147524
0.0114042
0.00896177
0.00794462
0.00846173
0.0100186
0.011621
0.0122367
0.0109152
0.00701835
0.000583598
-0.00752354
-0.016188
-0.0247464
-0.0329135
-0.040664
-0.0481043
-0.0552317
-0.0618999
-0.0677926
-0.0723545
-0.0749194
-0.0750741
-0.0730479
-0.0697199
-0.0657833
-0.0616145
-0.0574476
-0.0534278
-0.0496546
-0.0462084
-0.0431243
-0.0403361
-0.0376179
-0.0346123
-0.0310147
-0.0266652
-0.021644
-0.0163189
-0.0111513
-0.00654614
-0.00278026
0.000111778
0.00241738
0.00460831
0.00713538
0.0103624
0.0144504
0.0191915
0.0239321
0.0276325
0.0289934
0.0267946
0.0204452
0.0105857
-0.0009641
-0.0127159
-0.0238536
-0.0340577
-0.0434034
-0.0519767
-0.059672
-0.0662617
-0.0714945
-0.0750352
-0.0763279
-0.0749889
-0.0712705
-0.0659972
-0.0596184
-0.0523959
-0.044682
-0.0368323
-0.0290063
-0.0212947
-0.0138968
-0.00734211
-0.00290858
-0.00244921
-0.00771221
-0.019417
-0.036261
-0.0551445
-0.0738916
-0.0918597
-0.109176
-0.125949
-0.142132
-0.157529
-0.171724
-0.184182
-0.194502
-0.202529
-0.207915
-0.2104
-0.210358
-0.208937
-0.207307
-0.20619
-0.205906
-0.206343
-0.207007
-0.207394
-0.207134
-0.206058
-0.20429
-0.20217
-0.19989
-0.197521
-0.195114
-0.192771
-0.19079
-0.189767
-0.190474
-0.193542
-0.199045
-0.206074
-0.212904
-0.218231
-0.221326
-0.221825
-0.219203
-0.213173
-0.204268
-0.193766
-0.182555
-0.170945
-0.158969
-0.146505
-0.133446
-0.119832
-0.105876
-0.0917015
-0.0773347
-0.0628058
-0.0483257
-0.0343945
-0.0218149
-0.0115979
-0.00474745
-0.0018021
-0.00262263
-0.00700337
-0.0147582
-0.025154
-0.0370535
-0.0496851
-0.0623535
-0.0742146
-0.0844764
-0.092521
-0.0979111
-0.100025
-0.0981641
-0.0921996
-0.0828416
-0.0707798
-0.0564134
-0.0404203
-0.0239533
-0.00803569
0.00680286
0.0204577
0.0329584
0.0436813
0.0513509
0.0546198
0.0528016
0.0467108
0.0386088
0.0302705
0.0225517
0.0157756
0.010178
0.00610868
0.00380108
0.0031078
0.00326196
0.00303996
0.00131978
-0.00273011
-0.0093744
-0.017916
-0.0266748
-0.0339268
-0.0390645
-0.0426014
-0.0454568
-0.0481895
-0.0509564
-0.0535067
-0.0551858
-0.0550975
-0.0524192
-0.0467099
-0.037856
-0.0260512
-0.0123757
0.00104727
0.0118427
0.0179196
0.0180682
0.0127973
0.00461565
-0.00353622
-0.0102119
-0.0154585
-0.0202892
-0.0254555
-0.031182
-0.0371756
-0.0427697
-0.047052
-0.0491289
-0.048586
-0.0459443
-0.0426305
-0.03989
-0.0385847
-0.0395753
-0.0436569
-0.0510908
-0.0613299
-0.0734191
-0.0860971
-0.0975241
-0.105603
-0.10913
-0.108374
-0.104883
-0.0998035
-0.0936463
-0.0867518
-0.0795304
-0.0725691
-0.0663887
-0.0613323
-0.0574449
-0.0543379
-0.051341
-0.0479517
-0.0438449
-0.0388866
-0.0331508
-0.0267143
-0.0196039
-0.0119353
-0.0040249
0.00367509
0.0107938
0.0170772
0.0224315
0.0269653
0.0307502
0.0334041
0.0342936
0.0329288
0.0293762
0.0246014
0.0202105
0.0176004
0.0177182
0.020768
0.0260505
0.0326338
0.0396655
0.0461766
0.0510932
0.0535876
0.0535431
0.0516037
0.0486368
0.0456935
0.0435003
0.0423316
0.0423439
0.0439575
0.0475059
0.0529806
0.0608397
0.0712613
0.0833371
0.0960208
0.108024
0.117719
0.123542
0.124651
0.121123
0.113369
0.1024
0.0893977
0.0756721
0.0624631
0.0502371
0.0392071
0.0301154
0.0240368
0.0219361
0.024326
0.0311297
0.0416037
0.0544753
0.0682531
0.081166
0.0918095
0.0992393
0.102883
0.102837
0.099764
0.094375
0.087357
0.0790222
0.069612
0.0595559
0.0492718
0.0392779
0.0300341
0.0213761
0.0126218
0.00328751
-0.00648197
-0.0160356
-0.02476
-0.0321308
-0.0376644
-0.0409961
-0.0420551
-0.0409246
-0.0378133
-0.0330487
-0.0271763
-0.0208558
-0.0149797
-0.0105273
-0.00821787
-0.00843573
-0.0112172
-0.0160702
-0.0219926
-0.0275738
-0.0318406
-0.0346214
-0.0364135
-0.0378505
-0.0395436
-0.0420306
-0.0454656
-0.049382
-0.0529657
-0.0556612
-0.0571442
-0.0570459
-0.0551635
-0.051649
-0.0468348
-0.0410645
-0.0348493
-0.0288532
-0.0238569
-0.0204988
-0.0190168
-0.019312
-0.0209799
-0.0232414
-0.0253303
-0.0266144
-0.0266304
-0.0252246
-0.0225153
-0.0185355
-0.013197
-0.00631297
0.00217105
0.0118618
0.0217705
0.030583
0.037803
0.043667
0.0483895
0.0522124
0.0552863
0.057687
0.0595089
0.0607802
0.0615717
0.0619774
0.0618442
0.0608298
0.0585376
0.0546505
0.0490883
0.0418969
0.0331614
0.0233123
0.013214
0.00370854
-0.00452383
-0.0110141
-0.0154232
-0.0173244
-0.0164371
-0.0127318
-0.00660287
0.00138878
0.0108793
0.0214103
0.0324892
0.0439972
0.0559633
0.0681803
0.0800263
0.0905638
0.0990313
0.105204
0.109279
0.111654
0.112869
0.113472
0.114103
0.115317
0.1174
0.120328
0.123838
0.127606
0.131228
0.134279
0.136536
0.138104
0.139509
0.141628
0.145579
0.152343
0.162182
0.174321
0.187286
0.199181
0.208204
0.213556
0.215083
0.212891
0.207654
0.200348
0.192275
0.184453
0.177614
0.172131
0.167782
0.164039
0.160347
0.156165
0.151175
0.145295
0.138437
0.130224
0.120169
0.107983
0.0938281
0.0786495
0.064014
0.0516821
0.0432636
0.0394674
0.039837
0.0436547
0.0501592
0.0586752
0.068182
0.0772618
0.0849334
0.0907018
0.0944929
0.0963865
0.0963427
0.0943262
0.0901178
0.0834719
0.0742234
0.0623956
0.0485357
0.0335408
0.0185282
0.00475512
-0.00669257
-0.0151318
-0.0204412
-0.0226995
-0.0218727
-0.0183484
-0.0131061
-0.00686804
-7.87195e-05
0.00682035
0.0134372
0.0196562
0.0255512
0.0311076
0.0362237
0.0408399
0.0450738
0.0493039
0.054111
0.0599705
0.0669347
0.0744678
0.0815199
0.0867648
0.0888547
0.0869175
0.0811845
0.0729975
0.0635086
0.0535138
0.0436762
0.0343673
0.025733
0.0178295
0.0108433
0.00501863
0.000549902
-0.00236491
-0.00369946
-0.00364154
-0.00240712
-0.000459498
0.00146944
0.00266416
0.00246309
0.000362013
-0.00388012
-0.0100916
-0.017635
-0.0259425
-0.0345309
-0.0428407
-0.0503489
-0.0566634
-0.0615025
-0.0645001
-0.0652704
-0.0637361
-0.0602662
-0.0552457
-0.0489795
-0.0420435
-0.0354307
-0.030248
-0.0272427
-0.0267014
-0.0286147
-0.0323858
-0.0370199
-0.0418276
-0.0462473
-0.0497013
-0.0517259
-0.0522132
-0.0515453
-0.0502494
-0.0486299
-0.0468817
-0.0451844
-0.0436624
-0.0424169
-0.0415263
-0.0410443
-0.0410343
-0.0415537
-0.0425643
-0.0439325
-0.0456174
-0.0477661
-0.0506364
-0.054507
-0.0596401
-0.0662725
-0.0743416
-0.0832642
-0.0921304
-0.10026
-0.107139
-0.112201
-0.114899
-0.114777
-0.111788
-0.10632
-0.0984413
-0.0883248
-0.076545
-0.0636511
-0.0504933
-0.0383759
-0.0286588
-0.0223001
-0.0196211
-0.020501
-0.024228
-0.0294366
-0.0351119
-0.0404232
-0.0445473
-0.0468812
-0.0471888
-0.045593
-0.0424154
-0.0382257
-0.033455
-0.028557
-0.02418
-0.0210094
-0.0192682
-0.0186316
-0.0187697
-0.0195721
-0.0209622
-0.0227341
-0.0244765
-0.0256957
-0.0261313
-0.0257888
-0.0247951
-0.0232739
-0.021352
-0.0190259
-0.0161724
-0.0126654
-0.00842403
-0.00333476
0.00262916
0.00919965
0.0157614
0.0215578
0.025779
0.0277627
0.0273595
0.0250414
0.0213866
0.0168699
0.0120925
0.00777641
0.00462731
0.0032274
0.00381224
0.00612582
0.00972735
0.0143158
0.0195326
0.0249249
0.0301528
0.0349207
0.0389468
0.0419977
0.0438693
0.0443293
0.0433285
0.0410875
0.0377574
0.0333208
0.0278406
0.021633
0.0151628
0.00870022
0.00236065
-0.00384728
-0.00998543
-0.0161137
-0.0222806
-0.0285194
-0.034832
-0.0411761
-0.0474424
-0.0534504
-0.0589563
-0.0636929
-0.0674598
-0.0701546
-0.0716111
-0.0717538
-0.0708887
-0.0697952
-0.0693957
-0.0706372
-0.0744437
-0.0816407
-0.0925287
-0.106586
-0.122995
-0.140759
-0.158393
-0.174177
-0.186533
-0.194334
-0.197297
-0.19584
-0.190392
-0.18179
-0.170953
-0.1583
-0.144247
-0.129371
-0.113924
-0.0980437
-0.0820184
-0.0663601
-0.0518615
-0.0395407
-0.0304589
-0.0253313
-0.0242061
-0.0263416
-0.0310618
-0.0380874
-0.047135
-0.0579616
-0.0704574
-0.084205
-0.0982445
-0.11142
-0.122697
-0.131322
-0.136994
-0.140017
-0.14108
-0.140557
-0.138781
-0.136172
-0.13282
-0.128536
-0.123113
-0.116535
-0.109028
-0.100725
-0.0916834
-0.0820348
-0.0719822
-0.0616929
-0.0513992
-0.0414774
-0.0324008
-0.0245961
-0.0183268
-0.0137516
-0.0111029
-0.0103594
-0.0109542
-0.0119831
-0.0128167
-0.0131001
-0.012741
-0.0120035
-0.0115447
-0.0122901
-0.0149887
-0.0198642
-0.026398
-0.0336192
-0.0408601
-0.0476789
-0.0536742
-0.0584042
-0.0614532
-0.0625107
-0.0614124
-0.0582584
-0.0530632
-0.0457532
-0.0366322
-0.0267368
-0.0175276
-0.00948086
-0.0022976
0.00393596
0.00900179
0.0130161
0.0163645
0.0192383
0.0215922
0.0232809
0.024143
0.0241173
0.0232261
0.0214386
0.0187301
0.0150031
0.0101075
0.00399671
-0.00326088
-0.0113997
-0.0198846
-0.0282345
-0.0364092
-0.0446914
-0.0533166
-0.0623233
-0.0715043
-0.0804925
-0.0889894
-0.0967949
-0.103736
-0.10965
-0.1145
-0.118377
-0.121471
-0.124112
-0.126551
-0.128817
-0.130707
-0.131722
-0.13115
-0.128294
-0.122786
-0.114634
-0.103638
-0.0896234
-0.0730078
-0.0548424
-0.0364235
-0.0193239
-0.00490854
0.00614278
0.0135365
0.0167968
0.015694
0.0104882
0.00244312
-0.0065241
-0.0152048
-0.0228971
-0.0290981
-0.0335248
-0.0360197
-0.0361118
-0.0333949
-0.0281221
-0.021207
-0.013321
-0.00509543
0.0027506
0.00980946
0.0161315
0.0221435
0.0282752
0.034839
0.0420012
0.0497458
0.0579338
0.0662641
0.0742288
0.0812236
0.0868769
0.0911265
0.0940073
0.0954846
0.0956201
0.094583
0.0927238
0.0906335
0.0888111
0.0875618
0.0869841
0.0869198
0.0870577
0.0871742
0.0871216
0.0868
0.086167
0.0851991
0.0837882
0.0817919
0.0791321
0.0758473
0.0719986
0.0675725
0.0626122
0.0573429
0.0521679
0.0474595
0.0434424
0.0401152
0.0372182
0.0344255
0.0314529
0.0280339
0.0239249
0.0188867
0.0126484
0.00510566
-0.00351706
-0.0127468
-0.0218692
-0.0298964
-0.0358388
-0.0391133
-0.0398012
-0.0386804
-0.0365083
-0.0336539
-0.0303303
-0.0267278
-0.0229804
-0.0191861
-0.0154959
-0.0121445
-0.00940824
-0.007499
-0.00641426
-0.00584722
-0.00535435
-0.00458004
-0.00322907
-0.00101103
0.00239445
0.00722044
0.013604
0.0216806
0.0312785
0.0416653
0.051783
0.0608835
0.0686204
0.0749873
0.0800541
0.0840146
0.0872734
0.090157
0.0927928
0.0952239
0.0974952
0.0996493
0.101746
0.103892
0.106233
0.108897
0.111925
0.115237
0.11868
0.122056
0.1251
0.127504
0.12897
0.129358
0.128858
0.127962
0.12707
0.126508
0.126568
0.12747
0.129383
0.132273
0.135804
0.139498
0.142944
0.145776
0.147666
0.148354
0.147651
0.14563
0.142644
0.138902
0.134485
0.129538
0.124306
0.118972
0.11371
0.108735
0.104271
0.100484
0.0973808
0.0947081
0.0920523
0.0893402
0.0870926
0.0860136
0.0860505
0.0866717
0.0876187
0.0888357
0.0903802
0.0924208
0.0951587
0.0986971
0.1029
0.107432
0.112113
0.116889
0.121736
0.126591
0.131288
0.135539
0.138937
0.14103
0.141417
0.139763
0.136015
0.130404
0.122784
0.112753
0.100097
0.0850365
0.0685313
0.0523335
0.0380333
0.0263814
0.0173839
0.0105352
0.00530121
0.00163555
-0.000295579
-0.000408747
0.00100875
0.00328115
0.00601901
0.00900105
0.012004
0.0148182
0.0173046
0.0194771
0.021536
0.0238298
0.0266467
0.0301439
0.0342735
0.0388024
0.0435796
0.0485694
0.0537641
0.0590754
0.064191
0.0687923
0.0727851
0.0763824
0.0800702
0.0844379
0.090084
0.0974343
0.106466
0.116568
0.126872
0.136699
0.145567
0.153262
0.159677
0.164251
0.166048
0.16429
0.158925
0.150674
0.139989
0.127484
0.114312
0.101658
0.0901497
0.0798129
0.0702814
0.0613751
0.0530796
0.0454806
0.0388035
0.0332608
0.0289805
0.025934
0.0238629
0.0225374
0.021742
0.0212204
0.0208484
0.0207103
0.0210176
0.0219952
0.0237487
0.0261239
0.0286787
0.0308954
0.0323559
0.0329881
0.0331759
0.033583
0.0345141
0.0358907
0.0376022
0.0394454
0.0410735
0.0420398
0.0418935
0.0403455
0.0374694
0.0337024
0.029399
0.0247963
0.0201498
0.0157495
0.0118254
0.00850693
0.00585633
0.00386471
0.00236278
0.00101454
-0.00064941
-0.00296045
-0.0057829
-0.00850622
-0.0102962
-0.0106355
-0.0099585
-0.00905454
-0.00817494
-0.007172
-0.00591885
-0.00442865
-0.00283469
-0.00123216
0.000400363
0.00216051
0.00413939
0.00627069
0.00828266
0.00972313
0.0100559
0.00883163
0.00589707
0.00164147
-0.00310796
-0.00783623
-0.0123641
-0.0167666
-0.0213578
-0.0266065
-0.0330294
-0.0409927
-0.0504691
-0.060773
-0.0706566
-0.0790133
-0.0851272
-0.0889273
-0.0911328
-0.0927128
-0.0945852
-0.0976453
-0.102612
-0.109699
-0.118488
-0.128255
-0.138365
-0.148137
-0.156877
-0.164227
-0.170255
-0.17518
-0.179076
-0.181656
-0.181978
-0.178878
-0.171713
-0.161043
-0.148665
-0.13621
-0.124813
-0.115222
-0.107723
-0.102143
-0.0983427
-0.0963816
-0.0962544
-0.0977462
-0.100426
-0.104143
-0.108966
-0.114872
-0.121595
-0.128583
-0.135019
-0.140164
-0.143529
-0.144788
-0.143795
-0.14071
-0.13568
-0.128801
-0.120526
-0.111805
-0.10361
-0.0965954
-0.0910923
-0.0871635
-0.0846519
-0.0832581
-0.0828215
-0.0831377
-0.0838569
-0.0847114
-0.0855056
-0.0860277
-0.0860368
-0.0852786
-0.0834996
-0.0805476
-0.0764876
-0.0714714
-0.0656057
-0.0591598
-0.0526953
-0.0469493
-0.0427594
-0.0409108
-0.0418823
-0.0455042
-0.0510651
-0.058366
-0.0676117
-0.0790578
-0.0925871
-0.107408
-0.12238
-0.136253
-0.14783
-0.156301
-0.161363
-0.163168
-0.162492
-0.160082
-0.156377
-0.151891
-0.147333
-0.143267
-0.140155
-0.138347
-0.138024
-0.139276
-0.141961
-0.145818
-0.150643
-0.156107
-0.161777
-0.167233
-0.172008
-0.1756
-0.177597
-0.177775
-0.175991
-0.172283
-0.166998
-0.160474
-0.153185
-0.14569
-0.138641
-0.132753
-0.128472
-0.125835
-0.124667
-0.124588
-0.124934
-0.125119
-0.124877
-0.124224
-0.123342
-0.122385
-0.121459
-0.120609
-0.119766
-0.118696
-0.117018
-0.11427
-0.109976
-0.103797
-0.0957998
-0.0864963
-0.0762982
-0.0655106
-0.0544638
-0.0433944
-0.032484
-0.0220164
-0.0125606
-0.00489559
0.000315445
0.00300988
0.00381864
0.00340234
0.00240588
0.00147413
0.00109846
0.00165062
0.00342311
0.00658882
0.0110162
0.0162674
0.0220214
0.0279639
0.0337389
0.0391911
0.0444069
0.0495457
0.054459
0.0587096
0.0617906
0.0634327
0.0637282
0.0629048
0.0610923
0.0585006
0.0554752
0.0522278
0.048826
0.045285
0.0416061
0.0377947
0.0339056
0.0300746
0.0265059
0.0234192
0.0209552
0.0190687
0.0174123
0.0153144
0.012006
0.00696465
0.000146027
-0.00803944
-0.017273
-0.0271592
-0.0371171
-0.0466669
-0.05547
-0.0632345
-0.0696384
-0.0744372
-0.0775321
-0.0791119
-0.0794607
-0.0787197
-0.077064
-0.074706
-0.0719185
-0.0691398
-0.0668454
-0.0652332
-0.0641193
-0.0629937
-0.061324
-0.0586263
-0.0545439
-0.0489434
-0.0419298
-0.0339279
-0.0253552
-0.0162538
-0.00645493
0.00415433
0.0154014
0.0267059
0.0373037
0.0467499
0.0549157
0.061666
0.0669165
0.0707115
0.0733421
0.0753284
0.0769158
0.0780133
0.0783743
0.0777608
0.0761429
0.0738704
0.0715866
0.0696761
0.0681956
0.0669048
0.0654083
0.0633812
0.0606444
0.0572315
0.0533064
0.04894
0.0441788
0.0391252
0.0339562
0.0289716
0.0245559
0.0209971
0.0182991
0.0160657
0.013621
0.010549
0.0067903
0.00260378
-0.00151923
-0.00493843
-0.00716337
-0.00808174
-0.00783199
-0.00666513
-0.00492583
-0.00274605
-0.000109331
0.00300868
0.0065916
0.0106397
0.015243
0.0204587
0.026219
0.0323594
0.0386652
0.0447946
0.0502661
0.0545527
0.0572147
0.0580145
0.0570793
0.0549454
0.0520732
0.0488275
0.0456538
0.0430234
0.0411539
0.0399755
0.0393406
0.0392872
0.0397669
0.0405157
0.0411794
0.0415521
0.0415622
0.0411576
0.0402535
0.0387662
0.0366185
0.0337863
0.0304225
0.0268237
0.0231347
0.0193705
0.0154906
0.0114361
0.00721342
0.00293606
-0.00115318
-0.00474455
-0.00763321
-0.00985235
-0.0116944
-0.0134988
-0.0153875
-0.0172688
-0.0189093
-0.0201056
-0.0207546
-0.0208793
-0.0205252
-0.0196405
-0.0181155
-0.0157737
-0.0123184
-0.00742864
-0.000762766
0.00788094
0.0182294
0.0295266
0.0412235
0.0530633
0.0648632
0.0763119
0.0868691
0.0958402
0.102582
0.106815
0.108756
0.108701
0.1069
0.103693
0.0991258
0.0930864
0.0857003
0.0775761
0.0697119
0.063215
0.0590619
0.0575518
0.0580791
0.0597419
0.0620311
0.0646619
0.0673959
0.0700261
0.0724569
0.0746801
0.0767497
0.0787591
0.0807435
0.0826975
0.0846019
0.0864222
0.0880992
0.0895696
0.0907936
0.0917598
0.0924434
0.0928263
0.0929352
0.0928154
0.0924576
0.0918333
0.0909339
0.0897444
0.0881841
0.0861725
0.0836925
0.0807749
0.0775401
0.0742847
0.0714722
0.0696073
0.0691294
0.0703222
0.0733613
0.0781998
0.0843334
0.0910096
0.0978322
0.104685
0.111593
0.118626
0.125781
0.132952
0.13998
0.146852
0.153762
0.161029
0.168816
0.176832
0.18436
0.19063
0.19514
0.197679
0.198004
0.196143
0.19257
0.188059
0.183666
0.180105
0.177426
0.175495
0.174226
0.17352
0.17331
0.173536
0.174012
0.174398
0.174366
0.173666
0.172152
0.169746
0.166137
0.160892
0.153776
0.145082
0.135761
0.126945
0.119291
0.112878
0.107299
0.102144
0.097104
0.0919178
0.0864077
0.0805484
0.0745067
0.06865
0.0634615
0.059396
0.0567969
0.0559091
0.0566592
0.0585357
0.0608892
0.0629327
0.063683
0.062187
0.0579401
0.0512845
0.0434435
0.0356784
0.0287341
0.0228975
0.0181107
0.0141796
0.0108402
0.00806187
0.0060506
0.00505606
0.00520213
0.00642067
0.00830054
0.0101867
0.011308
0.0108927
0.00847829
0.00429461
-0.000510431
-0.00419845
-0.00590312
-0.00630886
-0.00663986
-0.00797045
-0.0110902
-0.0161998
-0.0226006
-0.0287263
-0.0330433
-0.0351329
-0.0356164
-0.0351772
-0.0344296
-0.0340648
-0.0348301
-0.0374031
-0.0421782
-0.0489943
-0.0571732
-0.0661963
-0.0755372
-0.0845173
-0.092562
-0.0992925
-0.104547
-0.108245
-0.110409
-0.111195
-0.110765
-0.109471
-0.107807
-0.106054
-0.104353
-0.102782
-0.101387
-0.100216
-0.099303
-0.0986359
-0.0981648
-0.0978912
-0.097954
-0.0985496
-0.0998132
-0.101698
-0.103922
-0.105953
-0.107004
-0.106212
-0.10307
-0.0977587
-0.091098
-0.0837017
-0.0758637
-0.0677804
-0.0596645
-0.0518037
-0.0444899
-0.0380059
-0.0326209
-0.0286454
-0.0262591
-0.0252354
-0.0249895
-0.0251942
-0.0256978
-0.026366
-0.0270825
-0.0277948
-0.0285681
-0.0295776
-0.0311192
-0.0336166
-0.0376021
-0.0435053
-0.051376
-0.0608851
-0.0719
-0.0842094
-0.0971819
-0.10984
-0.121458
-0.131617
-0.140114
-0.146874
-0.152016
-0.155585
-0.157268
-0.156719
-0.153797
-0.148428
-0.140619
-0.130464
-0.118562
-0.106138
-0.0946706
-0.0856781
-0.0798953
-0.0770665
-0.0771095
-0.0798556
-0.0848701
-0.0913159
-0.0977759
-0.102958
-0.106486
-0.108466
-0.108708
-0.106943
-0.103048
-0.0971365
-0.0897187
-0.081334
-0.072644
-0.0646359
-0.0584551
-0.0550563
-0.0549814
-0.0583773
-0.0646741
-0.0727269
-0.0815736
-0.0902586
-0.0978906
-0.104119
-0.109042
-0.112793
-0.115509
-0.117087
-0.117092
-0.114978
-0.110197
-0.1025
-0.0920491
-0.078855
-0.0632281
-0.0461036
-0.0285703
-0.011803
0.00312726
0.0154574
0.0249548
0.0319477
0.0367664
0.0394631
0.0398743
0.0378567
0.0335789
0.0273133
0.0194758
0.0109397
0.00282793
-0.00416662
-0.00985043
-0.014346
-0.0175241
-0.0189854
-0.0183512
-0.0154761
-0.0108101
-0.00540337
-6.47965e-05
0.00481625
0.00904073
0.012299
0.0142392
0.0146053
0.0132218
0.0100544
0.00552823
0.000525004
-0.00430298
-0.00849971
-0.0117336
-0.0138121
-0.0147032
-0.0145791
-0.0135778
-0.0117378
-0.00911707
-0.00575875
-0.00180208
0.00236096
0.00616453
0.00928418
0.0117182
0.0136749
0.0152281
0.016338
0.0169402
0.0169099
0.0159278
0.013637
0.00989289
0.0049412
-0.000705546
-0.00668952
-0.0127243
-0.0185503
-0.0239827
-0.0287978
-0.0325013
-0.0345127
-0.0346058
-0.0333038
-0.0315197
-0.0300355
-0.0294655
-0.0300218
-0.0313309
-0.0327058
-0.0337128
-0.0342309
-0.034395
-0.0344277
-0.0344944
-0.0346764
-0.0349291
-0.035065
-0.0347767
-0.0337209
-0.0316535
-0.0285937
-0.0248979
-0.0210365
-0.0173071
-0.0138551
-0.0106981
-0.00779067
-0.00523294
-0.0033062
-0.00237258
-0.00271868
-0.00437519
-0.00714456
-0.0110384
-0.0161153
-0.0223244
-0.0296667
-0.0381518
-0.047534
-0.0572122
-0.0665037
-0.0747252
-0.0812319
-0.0855106
-0.0874145
-0.0872815
-0.0855159
-0.0826352
-0.0792605
-0.0757613
-0.0723469
-0.0691487
-0.0662071
-0.0634183
-0.0604931
-0.0569753
-0.0523764
-0.0463841
-0.0390736
-0.0309456
-0.0225641
-0.0145039
-0.00737995
-0.00169256
0.00234555
0.00484902
0.00598484
0.00609058
0.00555639
0.00461533
0.0034457
0.00216607
0.000838397
-0.000453176
-0.00154765
-0.00218667
-0.0020839
-0.00101532
0.00112111
0.00413687
0.00744082
0.01026
0.0119709
0.0121795
0.0107081
0.0076514
0.00351631
-0.0010245
-0.00547794
-0.00945595
-0.0126109
-0.0146114
-0.0152781
-0.0147656
-0.0135841
-0.0122032
-0.010829
-0.00948495
-0.008079
-0.00649695
-0.00473157
-0.00292547
-0.00133799
-0.000196309
0.000437367
0.000781832
0.00135459
0.00276419
0.00556662
0.0101859
0.0169935
0.0263002
0.0379194
0.0508369
0.0635518
0.0750067
0.0846767
0.0925269
0.0987135
0.103247
0.106145
0.107407
0.106961
0.104842
0.100962
0.0949102
0.0863966
0.0757605
0.064074
0.0524973
0.0421276
0.0340106
0.0289594
0.0272134
0.0281455
0.030401
0.0329513
0.0353095
0.037346
0.0391731
0.0409535
0.0428585
0.0450332
0.047594
0.0506413
0.0542164
0.0582359
0.0624744
0.0666724
0.0706766
0.0744283
0.0779511
0.081294
0.0843751
0.0869853
0.0888325
0.0895593
0.0888289
0.0865351
0.0828364
0.0777539
0.0712481
0.0635114
0.0550671
0.0464479
0.0378092
0.0290426
0.0199785
0.0107183
0.00194603
-0.00511772
-0.00910426
-0.00919836
-0.00546377
0.00141354
0.0102686
0.0202979
0.0308053
0.0408993
0.0496814
0.0566415
0.0617759
0.0653249
0.0673125
0.067771
0.0669491
0.0654626
0.064391
0.064795
0.0670887
0.0708852
0.0753549
0.0799644
0.0844435
0.0886684
0.0926242
0.0962845
0.0996023
0.102488
0.104766
0.106168
0.106479
0.105651
0.1037
0.100615
0.0965925
0.0921604
0.0879511
0.0845553
0.0825593
0.0826058
0.0853263
0.0909401
0.099092
0.109341
0.121
0.132824
0.143389
0.151968
0.15867
0.164094
0.168705
0.172818
0.17647
0.179402
0.181231
0.181613
0.180321
0.177038
0.171418
0.163049
0.151477
0.136752
0.119637
0.100912
0.0814542
0.0624761
0.04545
0.0318737
0.022652
0.0176256
0.0156378
0.0149538
0.0144456
0.0134486
0.0115005
0.00823932
0.00332947
-0.00332892
-0.0113536
-0.0199357
-0.0285287
-0.0367588
-0.0442925
-0.0508268
-0.0560463
-0.0596401
-0.0611641
-0.0601241
-0.0562622
-0.0493922
-0.0389119
-0.0244658
-0.00675951
0.0123796
0.0311691
0.0478381
0.0608129
0.0694704
0.0740223
0.0743318
0.0703876
0.0626352
0.0520439
0.0402712
0.0285887
0.0177196
0.00812939
0.000190143
-0.00596443
-0.0104238
-0.0130467
-0.0137354
-0.0126789
-0.0101001
-0.0062297
-0.00135331
0.004589
0.0119553
0.0210683
0.0319812
0.0444678
0.057872
0.0708242
0.0813898
0.0879746
0.0898591
0.0866973
0.0789492
0.0680652
0.0551574
0.0409662
0.0263462
0.0122178
-0.000792303
-0.0123429
-0.0222266
-0.0302373
-0.036439
-0.0413094
-0.0452712
-0.0485127
-0.0511945
-0.0535352
-0.0556676
-0.0576866
-0.0596378
-0.0613732
-0.062485
-0.0624008
-0.0605838
-0.0568287
-0.0515443
-0.0456101
-0.0394449
-0.0330988
-0.0265741
-0.0198988
-0.0131558
-0.00637903
0.000545181
0.00779134
0.0153731
0.0231014
0.0307546
0.0382266
0.0453325
0.0515417
0.0560447
0.0579401
0.0565621
0.0517356
0.0438806
0.0342094
0.0240239
0.0142782
0.00571492
-0.0011546
-0.00616481
-0.00938622
-0.0105348
-0.00924305
-0.00530603
0.00151837
0.0109876
0.0220411
0.0333999
0.0443181
0.0544935
0.0638606
0.0722511
0.0792572
0.0841633
0.0861435
0.0845563
0.0791753
0.0708441
0.0614182
0.0522982
0.0444195
0.0383571
0.0342131
0.0314463
0.0288515
0.0251921
0.0196873
0.0122152
0.00343928
-0.00552514
-0.0139281
-0.02145
-0.0281886
-0.0345088
-0.0406799
-0.0468027
-0.0527509
-0.0580519
-0.0619192
-0.0633805
-0.0614004
-0.0553616
-0.045676
-0.0339436
-0.0219808
-0.0106325
2.85441e-05
0.01016
0.019823
0.028777
0.0364014
0.0416917
0.0434588
0.0406585
0.0324609
0.0191479
0.00255702
-0.0150689
-0.0317503
-0.0457289
-0.0559381
-0.0622249
-0.0648638
-0.0644008
-0.0614823
-0.0561906
-0.048557
-0.0391912
-0.0293195
-0.0199401
-0.0115915
-0.0045014
0.00119173
0.00549973
0.00861071
0.0105006
0.0111272
0.0105408
0.00863967
0.00544001
0.00138377
-0.00265056
-0.00584338
-0.00782514
-0.0087301
-0.00897104
-0.00875554
-0.00816888
-0.00731554
-0.00639395
-0.00574396
-0.005769
-0.00681841
-0.00904813
-0.0122861
-0.0161352
-0.0203088
-0.0245307
-0.0284369
-0.0316052
-0.0336745
-0.0344836
-0.0341861
-0.033116
-0.0314258
-0.0292286
-0.026778
-0.0244825
-0.0227355
-0.0218838
-0.0221675
-0.023687
-0.0266299
-0.0312423
-0.0374958
-0.0448156
-0.0522109
-0.0587799
-0.0637838
-0.0667638
-0.0677662
-0.0673625
-0.0661169
-0.0645466
-0.0632695
-0.062877
-0.0636459
-0.0653975
-0.0674929
-0.069158
-0.0699154
-0.0696527
-0.0685998
-0.0670194
-0.0648732
-0.0618991
-0.0577759
-0.0523109
-0.0456245
-0.0380228
-0.0296102
-0.0204656
-0.0108642
-0.00133185
0.00749182
0.0150123
0.0207606
0.0244389
0.0260096
0.025903
0.024699
0.0223723
0.018516
0.0127477
0.00505957
-0.00392621
-0.0132662
-0.0221343
-0.0298185
-0.0357929
-0.0398706
-0.0421106
-0.0427428
-0.0422858
-0.0412535
-0.0397708
-0.0377302
-0.0349757
-0.031465
-0.0273474
-0.0228119
-0.0180185
-0.0131828
-0.00860473
-0.00464244
-0.0016186
0.000320948
0.00137537
0.00209034
0.00301155
0.00455383
0.00694494
0.0100886
0.0134589
0.0162076
0.0176778
0.0175631
0.0159834
0.0132301
0.00919892
0.00359183
-0.00373963
-0.0125111
-0.022006
-0.0317344
-0.0413263
-0.0503994
-0.0585772
-0.0655116
-0.0709995
-0.0750649
-0.0777552
-0.0791505
-0.0796411
-0.079949
-0.080667
-0.0822326
-0.0848821
-0.0885809
-0.0931714
-0.0982506
-0.102987
-0.106098
-0.106139
-0.102197
-0.0945165
-0.084352
-0.0724898
-0.0595494
-0.0464564
-0.0343415
-0.0240213
-0.0158317
-0.009669
-0.00536633
-0.00280866
-0.00165721
-0.00149889
-0.00231121
-0.00423967
-0.00728883
-0.0112049
-0.0156302
-0.0203441
-0.0251923
-0.0300804
-0.0350699
-0.0403809
-0.0463148
-0.0531359
-0.0609352
-0.0695606
-0.0785212
-0.0869913
-0.0941568
-0.0995511
-0.103167
-0.10526
-0.106132
-0.106199
-0.105758
-0.104846
-0.103348
-0.101006
-0.0972514
-0.0913729
-0.0829025
-0.0720297
-0.0596605
-0.0466748
-0.0338292
-0.0218972
-0.0115449
-0.00302165
0.00385147
0.00927818
0.0135932
0.0171119
0.0199018
0.0219569
0.0233052
0.0240638
0.0245589
0.0252445
0.026426
0.0281678
0.0302185
0.0320232
0.0330769
0.0332187
0.0323299
0.03012
0.0262118
0.0209231
0.0151961
0.00966725
0.00470196
0.000477133
-0.00297785
-0.00551105
-0.00676589
-0.00636765
-0.0040565
0.000389968
0.00687646
0.0146005
0.0222273
0.0289722
0.0346918
0.0397241
0.04448
0.0489277
0.0525941
0.0546693
0.0542435
0.0506806
0.0440004
0.0347518
0.0233938
0.0107048
-0.00205631
-0.01375
-0.0233865
-0.0301949
-0.0337234
-0.0339276
-0.0311874
-0.0263022
-0.0204667
-0.0143479
-0.00821803
-0.00223035
0.00347903
0.00867157
0.0129929
0.0159539
0.0171271
0.0164447
0.0142999
0.0111232
0.00740836
0.00375327
0.000520942
-0.00219137
-0.00451463
-0.00668136
-0.00886599
-0.0111955
-0.0137611
-0.0166289
-0.0198169
-0.0232705
-0.0268842
-0.0304944
-0.0338409
-0.0365837
-0.038393
-0.0390737
-0.0386344
-0.0371551
-0.0347895
-0.0319244
-0.0291087
-0.0267707
-0.0251777
-0.0243885
-0.024182
-0.0242015
-0.0242602
-0.0243223
-0.0244217
-0.0245907
-0.0248009
-0.0249324
-0.0247605
-0.0240042
-0.0224252
-0.0199734
-0.0168956
-0.0136278
-0.0104741
-0.00761945
-0.00519338
-0.00336853
-0.00228208
-0.00190972
-0.00198019
-0.00205439
-0.00177439
-0.000895872
0.000666294
0.00280146
0.00530124
0.0078129
0.00989877
0.0113301
0.012289
0.0133064
0.0148882
0.0170833
0.0194007
0.0209798
0.0209941
0.0188871
0.0145431
0.00839667
0.00155484
-0.00473863
-0.00981992
-0.0135437
-0.0158451
-0.0163975
-0.0148298
-0.011019
-0.00521816
0.00221508
0.0111115
0.0212485
0.0323398
0.0438654
0.0549071
0.064345
0.0712294
0.0750731
0.0759401
0.0738787
0.0688189
0.0610019
0.0508783
0.0389592
0.0262773
0.0145862
0.00568442
8.97345e-05
-0.00280588
-0.00339099
-0.00206249
0.000757528
0.00480401
0.00965272
0.0146396
0.0190675
0.022179
0.0232522
0.0218433
0.0179301
0.0120106
0.00496314
-0.00252487
-0.00978504
-0.0160118
-0.0203599
-0.0221744
-0.0212924
-0.0181333
-0.0134468
-0.00801801
-0.00233767
0.00327045
0.00853474
0.0132
0.0170122
0.0197371
0.0210672
0.0206266
0.0182509
0.0142081
0.00905527
0.00321219
-0.00290836
-0.00887221
-0.014271
-0.0186981
-0.0217904
-0.0231809
-0.0224332
-0.0193877
-0.0145112
-0.00869366
-0.00260712
0.00312609
0.00770369
0.0100659
0.00914341
0.00434139
-0.00417928
-0.0158313
-0.0293078
-0.0426504
-0.0546203
-0.0647921
-0.073314
-0.0803569
-0.0860564
-0.0906472
-0.0942479
-0.0966812
-0.0977069
-0.0971722
-0.0948415
-0.090586
-0.0846486
-0.0774573
-0.069106
-0.0595773
-0.0490537
-0.0379738
-0.0267758
-0.0158864
-0.00580173
0.00294044
0.00979057
0.0143805
0.0168368
0.0177173
0.017175
0.0152114
0.0120705
0.00830066
0.00443352
0.000955023
-0.00162163
-0.00282934
-0.00232616
0.000122
0.00443283
0.0101204
0.0168121
0.0244599
0.0330785
0.0425065
0.0523346
0.0621421
0.071525
0.0800786
0.0874762
0.093592
0.0984408
0.101749
0.103176
0.102663
0.100564
0.0972897
0.0928851
0.0872964
0.0806519
0.0733462
0.0657975
0.0583073
0.0511226
0.044427
0.0382903
0.0326089
0.0271542
0.0218318
0.0167381
0.0120941
0.00816187
0.00511456
0.00289119
0.00118673
-0.000247538
-0.00156258
-0.00287662
-0.00428819
-0.00587349
-0.00766239
-0.00960181
-0.0115163
-0.0130934
-0.0139194
-0.013592
-0.0118996
-0.00903072
-0.0056049
-0.00224954
0.000684741
0.00312921
0.00526117
0.00731801
0.00953395
0.0121171
0.0151845
0.0187027
0.0224943
0.0262614
0.0295556
0.0318104
0.0324713
0.0311563
0.027742
0.0226334
0.0167826
0.0109937
0.00576028
0.00135146
-0.00214856
-0.00488038
-0.00713536
-0.00897017
-0.0102768
-0.0109395
-0.0109649
-0.0105667
-0.0100336
-0.0095483
-0.00920221
-0.00900276
-0.00888635
-0.00880822
-0.00876371
-0.00877351
-0.00886472
-0.00904192
-0.00925573
-0.00938209
-0.00922856
-0.00857171
-0.00722525
-0.00517044
-0.00268875
-0.000387178
0.00105453
0.00123656
0.000200977
-0.00160785
-0.00380603
-0.00615264
-0.00845905
-0.0105773
-0.0124118
-0.013927
-0.0151562
-0.016218
-0.0172595
-0.0182654
-0.0190188
-0.0191749
-0.0183839
-0.0164834
-0.0137116
-0.0108021
-0.00870405
-0.0081666
-0.00964334
-0.0134061
-0.0195598
-0.0276566
-0.0365947
-0.0453121
-0.053208
-0.0600082
-0.0654753
-0.069354
-0.0715709
-0.0723252
-0.0718159
-0.0701824
-0.0675732
-0.0638663
-0.0588886
-0.0527179
-0.0458017
-0.0387302
-0.0319048
-0.0255541
-0.0197497
-0.0144809
-0.00973226
-0.00543253
-0.00144697
0.00225864
0.00546874
0.0077998
0.00885438
0.00834935
0.00614476
0.00245037
-0.00213676
-0.00715048
-0.0123266
-0.0174901
-0.0225411
-0.0274524
-0.0322538
-0.0370116
-0.0418078
-0.0466883
-0.0515577
-0.0560853
-0.059719
-0.0617866
-0.0616044
-0.0585297
-0.052399
-0.0439192
-0.0343089
-0.0243237
-0.0143931
-0.00483673
0.00410057
0.0122005
0.0193156
0.0253669
0.0301641
0.0332839
0.0343756
0.0334632
0.030893
0.0269697
0.02222
0.0174721
0.0134107
0.0104105
0.00847949
0.00728321
0.00652464
0.00614446
0.00623223
0.00692009
0.00830616
0.0104878
0.0135762
0.0175014
0.0218411
0.0258518
0.0288547
0.0304633
0.0307474
0.0302204
0.0293491
0.0284704
0.0278823
0.0278466
0.0285904
0.0303104
0.0330783
0.0366867
0.0407113
0.0449551
0.0493691
0.0538908
0.0583606
0.0624319
0.0655162
0.0667349
0.0651462
0.0601206
0.0517351
0.0412916
0.0309307
0.0215882
0.0132175
0.00587294
-0.000409419
-0.00577247
-0.010587
-0.0153025
-0.0201207
-0.0250232
-0.0298364
-0.0342698
-0.0380189
-0.0408687
-0.0428098
-0.044043
-0.0447133
-0.044794
-0.0442157
-0.0430023
-0.0413151
-0.039299
-0.0371116
-0.0350127
-0.0333722
-0.0325866
-0.0329067
-0.0342791
-0.0363195
-0.0386363
-0.0410156
-0.0433661
-0.0456882
-0.0480568
-0.0505897
-0.0534028
-0.0565576
-0.0600073
-0.0636004
-0.0671917
-0.0706325
-0.0737598
-0.0764207
-0.0785072
-0.0799612
-0.0806442
-0.0802466
-0.0784631
-0.075205
-0.0706707
-0.0652738
-0.059575
-0.053784
-0.047792
-0.041332
-0.0341512
-0.0262573
-0.0180977
-0.0106474
-0.00518413
-0.00258354
-0.00292574
-0.00569466
-0.0100668
-0.015044
-0.0199622
-0.0244108
-0.0280601
-0.0305182
-0.0313218
-0.0301554
-0.0270706
-0.0223945
-0.0163422
-0.00928853
-0.00189729
0.00528062
0.0120445
0.018476
0.0247432
0.0309144
0.036946
0.0426959
0.0479255
0.0522813
0.0553375
0.0568172
0.0568411
0.0559716
0.0547547
0.0534481
0.052086
0.0505273
0.0485008
0.0456756
0.0417829
0.0367986
0.0310489
0.0250272
0.0191466
0.0137517
0.0090977
0.00527012
0.00211514
-0.000659672
-0.00307131
-0.00489313
-0.00579055
-0.00544151
-0.00362068
-0.000215842
0.00449359
0.00981502
0.0151671
0.0200348
0.0239153
0.0264025
0.0272171
0.0263018
0.0239831
0.0207646
0.0167726
0.0119067
0.00606514
-0.000769361
-0.00866995
-0.017888
-0.0285568
-0.0403719
-0.052364
-0.0630847
-0.0714882
-0.0772149
-0.0805355
-0.0816291
-0.0803119
-0.076489
-0.070512
-0.0630151
-0.054316
-0.044709
-0.034674
-0.0246467
-0.0150047
-0.00607701
0.00193431
0.00901282
0.0152347
0.0208632
0.0264487
0.0326836
0.0400319
0.048536
0.0576418
0.0661066
0.0724195
0.0759991
0.0773636
0.0773951
0.0766138
0.0753402
0.073854
0.0723387
0.0709122
0.0696969
0.0688554
0.0685498
0.0688622
0.0696854
0.0707433
0.0718564
0.072918
0.0738445
0.0745845
0.0751146
0.0754196
0.0753946
0.0748333
0.073525
0.0713911
0.0685976
0.0654961
0.0623917
0.0595688
0.0572956
0.0557512
0.0549345
0.0546239
0.0545372
0.0545198
0.0545066
0.0544804
0.0544519
0.0544368
0.0544387
0.0544416
0.0544148
0.0543316
0.0541942
0.0540603
0.054056
0.0543645
0.0551775
0.0566138
0.0586339
0.0610671
0.0637403
0.066408
0.0686969
0.0701421
0.0702981
0.0689302
0.0662355
0.0628349
0.0592461
0.0557774
0.0525975
0.0497295
0.0470725
0.0444987
0.0419125
0.0392503
0.0364842
0.033631
0.0307646
0.028031
0.0256391
0.023818
0.0227389
0.0224138
0.0226496
0.0232147
0.0240229
0.0250515
0.0262402
0.0274212
0.0282638
0.0282848
0.0269582
0.0239254
0.0192527
0.0135423
0.00750886
0.00147206
-0.00455428
-0.0106658
-0.016953
-0.0234125
-0.0298749
-0.0359807
-0.0412805
-0.045352
-0.0479597
-0.0490997
-0.0487053
-0.0465969
-0.0427886
-0.0375844
-0.0312145
-0.0239366
-0.0163153
-0.00921247
-0.00339003
0.000645581
0.0028243
0.00356529
0.0032492
0.00200894
-2.29576e-05
-0.00249511
-0.00479749
-0.00630454
-0.00653159
-0.00527979
-0.00285057
3.81346e-05
0.0028922
0.00543356
0.00752376
0.00918415
0.0104744
0.0113181
0.0115512
0.0110501
0.00984872
0.00819068
0.00632127
0.00438234
0.00245728
0.000599235
-0.00116834
-0.00284352
-0.00444574
-0.00599785
-0.00747497
-0.0087237
-0.00949643
-0.00953042
-0.00866428
-0.00696878
-0.00476391
-0.00233132
0.000243319
0.00300798
0.00607241
0.00952502
0.0133275
0.0172397
0.0208474
0.0236653
0.025239
0.0253129
0.0239834
0.0215534
0.0181277
0.013779
0.00872391
0.00322555
-0.0026605
-0.00897045
-0.0156758
-0.0225988
-0.0294055
-0.0356586
-0.0408604
-0.0445702
-0.0465869
-0.046982
-0.0457035
-0.0424888
-0.0372286
-0.0302115
-0.0219093
-0.0127225
-0.00323699
0.00569316
0.0131453
0.018266
0.0205366
0.0199233
0.0164659
0.0102918
0.00215751
-0.00639672
-0.013896
-0.0199541
-0.0249653
-0.0290579
-0.0321849
-0.0343456
-0.0357098
-0.0366103
-0.0371803
-0.0374429
-0.0374284
-0.0371743
-0.0366215
-0.0355098
-0.0334654
-0.0301535
-0.0254763
-0.0196337
-0.0128543
-0.00559188
0.00131021
0.00673751
0.0100101
0.011593
0.0118807
0.0109509
0.00891972
0.00612988
0.00317509
0.000497074
-0.00169336
-0.00338103
-0.00467925
-0.00557425
-0.0058175
-0.0050643
-0.00307117
6.82996e-05
0.00387249
0.00781337
0.0112489
0.0134
0.0135284
0.0111834
0.00653223
0.000470102
-0.00598282
-0.0120446
-0.0170971
-0.0207341
-0.0228669
-0.0236704
-0.0233784
-0.0223742
-0.0210374
-0.0195215
-0.0178705
-0.0161346
-0.0144306
-0.012967
-0.0120037
-0.0117567
-0.0122544
-0.0132105
-0.0140655
-0.0142193
-0.0131209
-0.0104306
-0.00619717
-0.000848989
0.00485714
0.0101354
0.0145772
0.0182
0.0213629
0.0243563
0.0269693
0.0286308
0.0288413
0.0275457
0.0251965
0.0223035
0.0191953
0.0161247
0.0133092
0.0109159
0.00902188
0.00756211
0.00633199
0.00513658
0.00381442
0.00222183
0.000256058
-0.00209959
-0.00475368
-0.00757148
-0.010397
-0.0130172
-0.0204865
-0.0219322
-0.0224958
-0.0222701
-0.0215765
-0.0206545
-0.0197202
-0.0190437
-0.0189263
-0.0196488
-0.0213905
-0.0241076
-0.0273587
-0.0303058
-0.032124
-0.0323641
-0.031134
-0.0290521
-0.026659
-0.0242962
-0.0221916
-0.0204638
-0.019127
-0.0181186
-0.0174245
-0.0171751
-0.0175616
-0.0187024
-0.0205062
-0.0226723
-0.0249765
-0.0272337
-0.0292511
-0.0308616
-0.0319728
-0.0326361
-0.0330371
-0.0333336
-0.033683
-0.0342749
-0.0353015
-0.0369008
-0.0390677
-0.0415958
-0.044154
-0.0464051
-0.048014
-0.0487035
-0.0483621
-0.0471228
-0.0451983
-0.0425248
-0.0389106
-0.0342731
-0.0288352
-0.02318
-0.0179408
-0.0136792
-0.0107877
-0.00930155
-0.00880949
-0.00875719
-0.00881387
-0.00880539
-0.00864499
-0.00831547
-0.00781898
-0.00709186
-0.00601945
-0.00452724
-0.00269119
-0.000841629
0.000428484
0.000434116
-0.00138897
-0.00522208
-0.0106408
-0.0168642
-0.0234255
-0.0300625
-0.0365576
-0.0426959
-0.0482263
-0.0528437
-0.0561427
-0.0577844
-0.0577707
-0.0565884
-0.0548747
-0.0530055
-0.051191
-0.0495639
-0.0481944
-0.0471291
-0.0464683
-0.0464118
-0.0471541
-0.0487423
-0.0509648
-0.0534542
-0.0559831
-0.0584307
-0.0607293
-0.0628621
-0.0648035
-0.0663996
-0.0674012
-0.0675706
-0.0668084
-0.0652988
-0.0634521
-0.0614914
-0.0594743
-0.0573789
-0.055134
-0.0526953
-0.0501182
-0.0476195
-0.0455774
-0.0444632
-0.0446695
-0.0462801
-0.0488272
-0.0513558
-0.0530446
-0.0533143
-0.0519289
-0.049067
-0.0449579
-0.0397864
-0.0339283
-0.0280577
-0.0229111
-0.0190992
-0.017003
-0.0167347
-0.0183263
-0.0214625
-0.0254671
-0.0299625
-0.0347171
-0.0394324
-0.0436905
-0.0469732
-0.0487967
-0.0489262
-0.047639
-0.0457238
-0.0438961
-0.0426451
-0.0422477
-0.0426794
-0.0436265
-0.0447558
-0.04587
-0.0468596
-0.0476697
-0.0482484
-0.0484512
-0.0480537
-0.046854
-0.0448107
-0.0421552
-0.039308
-0.0365975
-0.0342467
-0.0323463
-0.0307728
-0.0291663
-0.0270251
-0.0238092
-0.0191041
-0.012851
-0.00552788
0.00204261
0.00922509
0.0155849
0.0208932
0.0252273
0.0288666
0.0318451
0.0339056
0.034714
0.0340862
0.0322545
0.0298429
0.0273162
0.0250229
0.0232726
0.0222673
0.0220869
0.022745
0.0241261
0.0259399
0.0279437
0.030042
0.032227
0.0345199
0.0369366
0.039452
0.0420188
0.0446126
0.0472191
0.0498038
0.0522941
0.0545497
0.0563175
0.0571902
0.0567433
0.054744
0.051385
0.0472692
0.0428659
0.0384204
0.0340714
0.0298968
0.0259865
0.0224828
0.0195528
0.0173103
0.0157283
0.0146329
0.0139413
0.0137623
0.0142861
0.0156479
0.0177949
0.0204701
0.0234865
0.0267303
0.0300543
0.0332218
0.0358951
0.0376973
0.0383449
0.0378063
0.0363843
0.0344721
0.0322768
0.0299269
0.027582
0.0254753
0.0239225
0.0232614
0.0237373
0.0253031
0.0274879
0.0295575
0.0307819
0.0305154
0.0283703
0.0244706
0.0194313
0.013738
0.00769209
0.00160465
-0.00413209
-0.00908172
-0.0129263
-0.0155689
-0.0171729
-0.0179191
-0.0177667
-0.0166323
-0.0145932
-0.0119247
-0.00882709
-0.00530857
-0.00132609
0.00308577
0.0077106
0.0121409
0.0159455
0.0187493
0.0203549
0.0209081
0.020867
0.0205667
0.0201389
0.0195988
0.0188893
0.0179413
0.0167335
0.0153191
0.0137528
0.0120598
0.0102681
0.00843837
0.00668092
0.00515975
0.00405776
0.00348935
0.00341605
0.0036748
0.00419782
0.0050348
0.00627222
0.00796156
0.010042
0.0123514
0.0148147
0.0174614
0.0203528
0.0235145
0.0268574
0.0301168
0.0328622
0.0346556
0.0352241
0.0346015
0.0330445
0.0305218
0.0268718
0.0220748
0.0164399
0.0105649
0.00480911
-0.000669073
-0.00580712
-0.0105355
-0.0146762
-0.0180139
-0.0204053
-0.021901
-0.0227475
-0.0230819
-0.0227941
-0.0216601
-0.0194953
-0.0162373
-0.0118542
-0.00648436
-0.000578269
0.00527147
0.0105823
0.0150119
0.0184263
0.0210104
0.0231809
0.0251517
0.0269507
0.0285059
0.0296862
0.0303829
0.0305347
0.0300603
0.0289538
0.0273763
0.0255774
0.0237052
0.0218302
0.0199864
0.0181739
0.016371
0.0145309
0.0125681
0.010353
0.0077638
0.00475866
0.00145641
-0.00184678
-0.0047959
-0.00704388
-0.00832202
-0.00856293
-0.00795898
-0.00677599
-0.00514609
-0.00316351
-0.000929438
0.0014834
0.00395276
0.0062628
0.00815235
0.00939252
0.00987412
0.00971227
0.00920818
0.00853618
0.00778421
0.00703205
0.00637116
0.00592584
0.00584927
0.00630514
0.0073859
0.00901712
0.0109573
0.0130136
0.0150695
0.017039
0.0188568
0.0204797
0.0218976
0.0231479
0.0242984
0.0253647
0.0262985
0.0270172
0.0274364
0.0275126
0.0272842
0.0268447
0.0261818
0.0251682
0.0236423
0.0215042
0.0188268
0.0159028
0.0130919
0.0106217
0.0085752
0.00690947
0.00556371
0.00457019
0.00399666
0.00386804
0.00409389
0.00448045
0.00490543
0.00530108
0.00562611
0.00587534
0.00607665
0.00629325
0.00662497
0.00720008
0.00814275
0.00952561
0.0113345
0.0135202
0.0160442
0.0188056
0.0216103
0.0242693
0.0266572
0.0287105
0.0304355
0.0318669
0.0329117
0.033357
0.0329845
0.031704
0.0296966
0.0273697
0.0249725
0.0226319
0.0204364
0.018469
0.0168285
0.0156037
0.0148346
0.0145057
0.0146391
0.0152496
0.0162479
0.0174362
0.0186649
0.0198548
0.0209631
0.0219748
0.0228944
0.0237241
0.0244117
0.0248658
0.0249931
0.024745
0.024147
0.0232596
0.0221714
0.0209932
0.0197569
0.0184378
0.0170032
0.0154496
0.0138461
0.0123494
0.0111679
0.0105012
0.0104723
0.0110398
0.0120161
0.0132879
0.0147529
0.0162347
0.0174815
0.0182458
0.0184059
0.0180252
0.0173216
0.0164421
0.0154349
0.01431
0.013077
0.0117748
0.0104594
0.00915532
0.00786799
0.00659818
0.00534892
0.00414079
0.00303316
0.00212134
0.00151496
0.00130197
0.00150904
0.00211763
0.00312277
0.00446233
0.00597192
0.00746577
0.00883147
0.0100184
0.0110236
0.0118656
0.0125347
0.0130134
0.0133054
0.0134485
0.0134824
0.0134149
0.0132441
0.01298
0.0126475
0.0122606
0.0117956
0.011207
0.0104512
0.00951301
0.00842096
0.00721273
0.00590211
0.00451145
0.00310234
0.00177788
0.000644073
-0.000229672
-0.000835271
-0.00124526
-0.00157379
-0.00188851
-0.00221389
-0.00254133
-0.00282968
-0.00301789
-0.00304524
-0.0028781
-0.00253649
-0.00209706
-0.00163628
-0.00119967
-0.000810493
-0.00047433
-0.00018155
8.41169e-05
0.000324968
0.000512417
0.000594708
0.000515644
0.000241367
-0.000209285
-0.000759704
-0.00133238
-0.00187967
-0.002374
-0.00280457
-0.00317645
-0.0035009
-0.00378036
-0.00401227
-0.0041964
-0.00434033
-0.00445641
-0.0045419
-0.00458414
-0.00457008
-0.00449443
-0.00436873
-0.00421837
-0.00405893
-0.0038999
-0.00375041
-0.00361958
-0.00351625
-0.00344617
-0.00340807
-0.00339148
-0.00338192
-0.00336327
-0.00331723
-0.00322638
-0.00308074
-0.00288567
-0.00266333
-0.00243699
-0.00222331
-0.00203561
-0.00188427
-0.00177448
-0.00170343
-0.00165914
-0.00162783
-0.00160744
-0.00160567
-0.00163507
-0.00170791
-0.00182887
-0.00199284
-0.00219417
-0.00242233
-0.00265303
-0.00284974
-0.00297935
-0.00302152
-0.00297588
-0.00285901
-0.00267866
-0.0024451
-0.00217996
-0.00190439
-0.00163661
-0.0013986
-0.0012152
-0.00110591
-0.00107873
-0.00112862
-0.00124986
-0.00143668
-0.00167015
-0.0019178
-0.00215593
-0.00237266
-0.0025636
-0.00273138
-0.00288217
-0.00301796
-0.00313728
-0.00323803
-0.00331968
-0.00338548
-0.00344086
-0.00348931
-0.00353336
-0.00357586
-0.00361962
-0.00366709
-0.00371915
-0.00377431
-0.00382872
-0.00387776
-0.00391572
-0.00393669
-0.00393645
-0.00391518
-0.00387914
-0.00383778
-0.00379715
-0.003761
-0.00373193
-0.00371122
-0.00369851
-0.00369161
-0.00368755
-0.00368457
-0.00368168
-0.0036782
-0.0036737
-0.00366814
-0.00366197
-0.0036563
-0.00365262
-0.00365267
-0.00365782
-0.00366827
-0.00368206
-0.00369479
-0.0037006
-0.00369462
-0.00367469
-0.00364328
-0.00360758
-0.00357538
-0.00355265
-0.00354353
-0.00354949
-0.00356813
-0.00359374
-0.00362151
-0.00364946
-0.0036773
-0.00370545
-0.00373435
-0.00376374
-0.00379263
-0.00382032
-0.00384654
-0.00387116
-0.00389416
-0.0039155
-0.00393497
-0.00395226
-0.00396702
-0.00397891
-0.00398775
-0.00399366
-0.00399723
-0.00399909
-0.0039989
-0.0039957
-0.00398869
-0.00397784
-0.00396458
-0.00395144
-0.00394035
-0.00393227
-0.00392743
-0.00392524
-0.00392465
-0.00392504
-0.00392608
-0.00392758
-0.00392944
-0.00393151
-0.0039335
-0.00393498
-0.00393562
-0.00393538
-0.0039348
-0.00393486
-0.00393648
-0.00394026
-0.00394646
-0.00395474
-0.00396417
-0.00397365
-0.00398268
-0.00399114
-0.0039991
-0.00400664
-0.00401372
-0.00402017
-0.00402569
-0.00402999
-0.00403295
-0.00403454
-0.00403492
-0.00403433
-0.00403294
-0.00403087
-0.00402828
-0.0040253
-0.00402201
-0.00401842
-0.0040145
-0.00401018
-0.00400534
-0.00399994
-0.00399397
-0.0039874
-0.00398022
-0.00397244
-0.00396404
-0.00395501
-0.00394535
-0.00393505
-0.00392411
-0.00391255
-0.00390042
-0.00388777
-0.00387464
-0.00386101
-0.00384686
-0.00383217
-0.0038169
-0.00380102
-0.00378451
-0.00376737
-0.00374956
-0.00373108
-0.0037119
-0.00369203
-0.00367144
-0.00365015
-0.00362813
-0.00360539
-0.00358194
-0.00355775
-0.00353285
-0.00350721
-0.00348084
-0.00345374
-0.0034259
-0.00339733
-0.00336802
-0.00333796
-0.00330717
-0.00327565
-0.00324339
-0.0032104
-0.00317667
