0.00882463
0.00887341
0.0089258
0.00897936
0.0090455
0.00912258
0.00921235
0.00929344
0.00936032
0.00940452
0.00944002
0.00949579
0.0095978
0.00975281
0.00996389
0.0102009
0.0104252
0.0106034
0.0106939
0.0106915
0.0106569
0.0106847
0.0108221
0.0110936
0.0114339
0.0116311
0.0115316
0.0111805
0.010826
0.0104467
0.0101015
0.010106
0.0107251
0.0117511
0.0128955
0.0140373
0.0147839
0.0149735
0.0147555
0.0143501
0.0140101
0.0139463
0.0145105
0.015717
0.0174127
0.0192531
0.0208147
0.0216133
0.0212558
0.0196723
0.0171218
0.0142586
0.0121727
0.01182
0.0130426
0.0153613
0.0178981
0.019849
0.0206399
0.0195787
0.016524
0.0123699
0.00832475
0.00644081
0.00789387
0.0127108
0.0201451
0.0286975
0.0364674
0.0423498
0.0457405
0.0465041
0.0442627
0.0390486
0.0312181
0.0210127
0.00996249
-0.000910919
-0.0108787
-0.0189275
-0.0240842
-0.0255829
-0.0233208
-0.0181412
-0.0105949
-0.000717996
0.0110874
0.0232682
0.0345334
0.0434413
0.0471984
0.0439337
0.0332705
0.0186908
0.00462375
-0.00358702
-0.00373974
0.00479607
0.0159966
0.0267616
0.0364351
0.0428092
0.042665
0.0335529
0.0171451
-0.00396283
-0.0292306
-0.052536
-0.0700423
-0.0793737
-0.0756404
-0.0565139
-0.0253302
0.0166976
0.0628219
0.105405
0.139563
0.162023
0.169015
0.156692
0.129256
0.0935576
0.0576599
0.0308464
0.0152907
0.00790811
0.0077688
0.0124902
0.0191625
0.0277639
0.0370055
0.045386
0.0540345
0.0647805
0.0806099
0.100782
0.122874
0.143556
0.158418
0.166508
0.16731
0.159127
0.141003
0.114179
0.0848568
0.0601713
0.0440845
0.0351036
0.0301575
0.0264159
0.0235554
0.0241486
0.028134
0.0338315
0.0395421
0.0442139
0.0464035
0.0466371
0.0460337
0.0448057
0.0434764
0.0437651
0.0474577
0.0569639
0.0755349
0.108048
0.154579
0.208565
0.262157
0.305054
0.326622
0.318723
0.269467
0.178128
0.0485067
-0.080371
-0.167734
-0.207784
-0.212225
-0.18696
-0.134654
-0.0608993
0.0361895
0.143977
0.250732
0.344938
0.41266
0.46093
0.487101
0.482807
0.442613
0.355349
0.208328
0.0227862
-0.142744
-0.22997
-0.248217
-0.222474
-0.162993
-0.0886745
-0.0114377
0.0623801
0.136674
0.204643
0.268337
0.325395
0.366308
0.372755
0.33059
0.250749
0.144317
0.0255652
-0.0755583
-0.146805
-0.192194
-0.21348
-0.199792
-0.152446
-0.098633
-0.0529305
-0.0167326
0.00741221
0.0239244
0.0418157
0.0673069
0.0996257
0.12957
0.144358
0.13249
0.105376
0.0818847
0.0643418
0.0564836
0.0662905
0.0942584
0.130728
0.167234
0.193149
0.192577
0.157439
0.110457
0.0596584
0.0081947
-0.0293902
-0.0267241
0.0391568
0.152811
0.302379
0.462312
0.58838
0.670195
0.701685
0.668982
0.58508
0.477498
0.362258
0.254784
0.170437
0.105073
0.0495096
0.00799423
-0.00321152
0.0243993
0.0818708
0.152294
0.231135
0.308997
0.365035
0.394857
0.384178
0.342206
0.296759
0.252947
0.219708
0.219953
0.262519
0.319286
0.37807
0.43351
0.463269
0.431093
0.317367
0.127346
-0.120276
-0.342324
-0.484748
-0.528232
-0.510014
-0.458622
-0.377069
-0.283028
-0.184037
-0.0914563
-0.00618795
0.0717899
0.143404
0.211152
0.273794
0.332828
0.383865
0.427377
0.469905
0.508253
0.529273
0.522245
0.498463
0.47445
0.451222
0.426347
0.403486
0.383285
0.370497
0.376583
0.400358
0.437483
0.493592
0.567699
0.635682
0.665366
0.624546
0.528067
0.417041
0.32243
0.260066
0.231914
0.235518
0.272706
0.324293
0.364217
0.383468
0.368101
0.319487
0.259388
0.192376
0.12612
0.0657031
0.0144172
-0.0163788
-0.0080128
0.0381567
0.110892
0.209292
0.33171
0.467308
0.585172
0.658036
0.664886
0.599718
0.480896
0.334902
0.160334
-0.0265303
-0.210168
-0.36289
-0.465825
-0.504156
-0.501371
-0.445702
-0.333509
-0.182266
-0.0218513
0.126443
0.269343
0.411911
0.555792
0.696631
0.826838
0.930598
1.00104
1.02218
0.99455
0.932722
0.849946
0.752974
0.649109
0.546368
0.465761
0.412947
0.390765
0.407357
0.451251
0.488306
0.494374
0.459542
0.389266
0.290855
0.155428
0.00284183
-0.133261
-0.221124
-0.238906
-0.186712
-0.0818489
0.0535101
0.202128
0.352413
0.488061
0.598262
0.668492
0.665155
0.570763
0.384848
0.138093
-0.110191
-0.324107
-0.45947
-0.519214
-0.521327
-0.478312
-0.408448
-0.330775
-0.253159
-0.196468
-0.169451
-0.189328
-0.250689
-0.332598
-0.417938
-0.498092
-0.558533
-0.593476
-0.583348
-0.522199
-0.423718
-0.286496
-0.119779
0.0288843
0.130725
0.190161
0.20082
0.160861
0.0899122
0.0378381
0.0377209
0.102051
0.210666
0.336307
0.471289
0.579484
0.643101
0.655272
0.60922
0.509481
0.369066
0.210599
0.0599567
-0.0658473
-0.159813
-0.224742
-0.27552
-0.299488
-0.289511
-0.246529
-0.161808
-0.00823189
0.205415
0.440213
0.670593
0.83178
0.916582
0.936031
0.910525
0.849161
0.762383
0.655233
0.522058
0.373859
0.213831
0.0518435
-0.090263
-0.217233
-0.328413
-0.42041
-0.477465
-0.485016
-0.436753
-0.341737
-0.207401
-0.0434049
0.112171
0.256016
0.412484
0.585728
0.754981
0.895119
0.990917
1.02612
0.974219
0.836625
0.632223
0.389831
0.151409
-0.0775877
-0.259203
-0.358398
-0.339466
-0.209907
-0.0119592
0.225806
0.484314
0.736579
0.935058
1.08253
1.14548
1.14452
1.09725
1.02698
0.950957
0.861832
0.762182
0.648994
0.520229
0.380149
0.220094
0.0497205
-0.126859
-0.299409
-0.454419
-0.581276
-0.676504
-0.724392
-0.72159
-0.662561
-0.537618
-0.312685
0.0119738
0.362598
0.673439
0.898771
0.998947
0.97781
0.843113
0.628835
0.384352
0.178033
0.0345591
-0.0353599
-0.0719582
-0.104027
-0.137624
-0.181815
-0.245639
-0.343007
-0.495462
-0.71107
-0.977039
-1.22867
-1.41992
-1.49748
-1.46051
-1.31746
-1.11672
-0.882746
-0.615868
-0.346011
-0.136452
-0.0175032
0.0221299
-0.0467437
-0.240233
-0.550187
-0.925289
-1.23684
-1.51221
-1.75269
-1.9096
-2.00224
-2.05072
-2.07095
-2.05735
-2.02744
-1.99223
-1.95653
-1.9223
-1.89685
-1.8629
-1.81957
-1.77065
-1.74211
-1.75202
-1.79853
-1.86478
-1.93891
-2.03402
-2.13423
-2.20893
-2.25806
-2.29014
-2.32339
-2.36267
-2.40324
-2.4491
-2.51087
-2.59035
-2.68397
-2.77057
-2.82571
-2.83106
-2.77581
-2.68067
-2.56853
-2.44203
-2.34885
-2.30489
-2.32721
-2.40133
-2.53866
-2.76246
-3.09854
-3.5026
-3.86061
-4.08585
-4.19436
-4.18264
-4.07827
-3.91853
-3.7153
-3.48534
-3.25918
-3.04987
-2.8808
-2.78236
-2.75483
-2.80202
-2.92572
-3.135
-3.42995
-3.74932
-4.04794
-4.275
-4.40635
-4.43318
-4.32303
-4.08286
-3.71249
-3.27503
-2.85097
-2.43186
-1.99834
-1.55014
-1.10448
-0.701222
-0.381267
-0.138412
0.108924
0.358473
0.615532
0.858852
1.08329
1.29946
1.51519
1.71891
1.90462
2.08606
2.26804
2.43659
2.57916
2.67266
2.69715
2.63765
2.50378
2.3001
2.04846
1.76231
1.43543
1.0612
0.66449
0.265363
-0.114342
-0.441342
-0.72527
-0.932665
-1.08608
-1.18329
-1.20705
-1.14314
-1.01485
-0.860026
-0.674412
-0.489782
-0.309382
-0.142594
0.0230354
0.163249
0.277877
0.369542
0.419959
0.418197
0.373136
0.295366
0.198122
0.101793
-0.00270764
-0.119842
-0.260745
-0.420568
-0.577546
-0.715898
-0.821052
-0.894963
-0.922574
-0.895863
-0.826157
-0.737776
-0.658059
-0.576925
-0.490378
-0.382708
-0.245974
-0.0599732
0.164826
0.405122
0.629192
0.830148
1.0101
1.1582
1.28936
1.40461
1.52479
1.62776
1.70395
1.7487
1.75387
1.73351
1.71052
1.68982
1.66816
1.64768
1.6301
1.61454
1.59214
1.55296
1.48309
1.36631
1.19355
0.975023
0.756476
0.560384
0.372001
0.185151
-0.0221789
-0.257463
-0.503048
-0.763132
-1.0324
-1.30907
-1.59896
-1.88539
-2.15666
-2.42591
-2.67107
-2.81015
-2.88621
-2.92268
-2.88395
-2.70818
-2.36029
-1.88755
-1.41012
-0.943411
-0.474036
-0.0265617
0.348919
0.610918
0.788585
0.921679
1.02147
1.08509
1.0951
1.05625
0.973969
0.85643
0.713837
0.566412
0.449906
0.368579
0.321202
0.323732
0.402822
0.558945
0.797998
1.10861
1.46625
1.81192
2.15019
2.46811
2.74701
2.98927
3.17077
3.28328
3.29863
3.19933
2.98397
2.64923
2.22039
1.78427
1.41326
1.15712
0.998701
0.929843
0.93215
0.982815
1.05004
1.10629
1.14535
1.1519
1.13156
1.09162
1.03899
0.987828
0.933544
0.871911
0.807338
0.739194
0.668278
0.598295
0.535554
0.487161
0.475452
0.52021
0.605549
0.717016
0.851105
0.984912
1.09949
1.18321
1.22968
1.23746
1.20413
1.14541
1.08121
1.01604
0.943097
0.865195
0.792134
0.732067
0.692998
0.673469
0.669181
0.682177
0.726755
0.824202
0.989824
1.20406
1.44909
1.69511
1.93295
2.16347
2.38076
2.57122
2.70825
2.77556
2.73528
2.56177
2.22469
1.72573
1.21207
0.82256
0.555579
0.439397
0.420888
0.455154
0.564832
0.754108
1.00875
1.28262
1.53933
1.74694
1.8856
1.94751
1.92548
1.81439
1.59509
1.25758
0.850123
0.457391
0.139349
-0.0832556
-0.202409
-0.24275
-0.257532
-0.255899
-0.224365
-0.148612
-0.028335
0.130457
0.316639
0.531776
0.756297
0.991911
1.23379
1.47854
1.70567
1.90511
2.05393
2.13285
2.13484
2.07644
1.95944
1.80228
1.64859
1.52462
1.43991
1.37656
1.32143
1.26986
1.23686
1.23753
1.26494
1.30545
1.33581
1.33183
1.29201
1.24291
1.19506
1.14231
1.07295
0.98411
0.873138
0.731316
0.564864
0.376793
0.177717
-0.0182722
-0.196289
-0.332028
-0.423152
-0.479847
-0.512714
-0.54248
-0.58229
-0.640141
-0.714229
-0.797225
-0.880041
-0.956556
-1.02579
-1.09006
-1.14044
-1.1592
-1.13435
-1.07587
-1.00865
-0.940599
-0.865808
-0.795271
-0.734441
-0.674832
-0.611315
-0.54294
-0.469687
-0.400499
-0.334948
-0.275901
-0.221763
-0.167578
-0.110235
-0.0604063
-0.0384972
-0.0544214
-0.102666
-0.153642
-0.173428
-0.144489
-0.0677552
0.0320421
0.136055
0.251623
0.377664
0.504161
0.636059
0.781466
0.93473
1.08381
1.21502
1.32419
1.41493
1.49384
1.57776
1.66803
1.76568
1.86018
1.94403
2.00535
2.03797
2.03647
2.00463
1.95334
1.88641
1.79338
1.65846
1.48738
1.28108
1.05936
0.844049
0.654903
0.498542
0.37534
0.286479
0.227471
0.196919
0.182962
0.185472
0.203151
0.236548
0.289796
0.360705
0.439433
0.509224
0.548752
0.547607
0.498517
0.421415
0.321871
0.195327
0.03831
-0.152047
-0.377078
-0.612779
-0.817361
-0.988782
-1.13257
-1.26197
-1.38632
-1.50842
-1.61008
-1.68029
-1.71023
-1.70215
-1.66667
-1.63516
-1.63018
-1.65204
-1.69856
-1.77721
-1.89984
-2.06752
-2.2462
-2.38177
-2.43132
-2.36603
-2.17878
-1.90325
-1.57008
-1.21521
-0.857395
-0.55119
-0.264124
-0.0133984
0.231169
0.452915
0.634313
0.781171
0.882781
0.939411
0.939873
0.891342
0.804773
0.687527
0.526813
0.344231
0.156143
-0.0492011
-0.245672
-0.419488
-0.572381
-0.675682
-0.738669
-0.752211
-0.707845
-0.625518
-0.514586
-0.367558
-0.184292
0.0122818
0.23123
0.465677
0.701101
0.917326
1.10659
1.25975
1.36736
1.41074
1.37906
1.28448
1.13753
0.956811
0.745348
0.527981
0.312434
0.113144
-0.076399
-0.278207
-0.489699
-0.72161
-0.966826
-1.22828
-1.51991
-1.8203
-2.08295
-2.27091
-2.38524
-2.43291
-2.44864
-2.42797
-2.3579
-2.24421
-2.12465
-2.00499
-1.88104
-1.76065
-1.62909
-1.48139
-1.31715
-1.14895
-0.955314
-0.731816
-0.485994
-0.221219
0.0466539
0.304101
0.535704
0.741387
0.917092
1.06488
1.1654
1.2267
1.25529
1.27322
1.28811
1.3062
1.33638
1.38894
1.4665
1.55649
1.63665
1.69192
1.71606
1.71683
1.68525
1.59718
1.43109
1.18976
0.874431
0.537459
0.205408
-0.0977272
-0.380134
-0.634084
-0.855013
-1.05689
-1.25503
-1.46155
-1.66851
-1.87219
-2.07552
-2.24239
-2.3927
-2.57681
-2.78569
-3.00669
-3.17844
-3.27043
-3.24703
-3.12859
-2.95751
-2.74453
-2.49354
-2.26218
-2.0401
-1.80034
-1.60051
-1.43986
-1.33281
-1.26771
-1.25445
-1.29028
-1.34431
-1.40279
-1.46921
-1.54775
-1.63412
-1.72555
-1.81295
-1.90138
-2.00326
-2.11975
-2.24565
-2.3704
-2.48377
-2.56415
-2.61462
-2.64395
-2.64591
-2.6051
-2.51497
-2.36661
-2.17954
-1.9561
-1.70836
-1.46362
-1.22398
-1.00951
-0.832922
-0.684391
-0.56068
-0.439011
-0.321734
-0.206287
-0.105164
-0.0145575
0.0768513
0.165249
0.240187
0.290175
0.316596
0.319831
0.289781
0.221042
0.121432
0.00962309
-0.110781
-0.215639
-0.303857
-0.392741
-0.4815
-0.567807
-0.638504
-0.669836
-0.650766
-0.610402
-0.593806
-0.616548
-0.668139
-0.744617
-0.852928
-0.9967
-1.18266
-1.40161
-1.64634
-1.87316
-2.05536
-2.17365
-2.23096
-2.27849
-2.31301
-2.31785
-2.30036
-2.27277
-2.25447
-2.25167
-2.23954
-2.18519
-2.08105
-1.94114
-1.75035
-1.52251
-1.27198
-1.01334
-0.752162
-0.485079
-0.21866
0.0652118
0.351377
0.636747
0.924216
1.20992
1.49485
1.78687
2.08041
2.36847
2.6429
2.89289
3.11586
3.32249
3.50526
3.66021
3.77987
3.88202
3.96133
4.01384
4.03674
4.04814
4.06022
4.07574
4.09749
4.12207
4.14021
4.13364
4.08619
3.9875
3.83819
3.62866
3.34823
3.02303
2.64487
2.24302
1.85795
1.51823
1.24637
1.02946
0.837688
0.663272
0.500658
0.329161
0.148201
-0.0388516
-0.237342
-0.437612
-0.640534
-0.844785
-1.03575
-1.21887
-1.38808
-1.54143
-1.68574
-1.81173
-1.92206
-2.02655
-2.11552
-2.18313
-2.23481
-2.27134
-2.29254
-2.30465
-2.30502
-2.27567
-2.20209
-2.06672
-1.84842
-1.52517
-1.14075
-0.690508
-0.172162
0.416315
1.03104
1.603
2.09467
2.57734
3.05483
3.39713
3.50767
3.51161
3.42779
3.28216
3.09211
2.86001
2.5797
2.31227
2.14438
2.10441
2.20437
2.37993
2.5543
2.6469
2.60876
2.39952
2.03399
1.50158
0.836636
0.142741
-0.48205
-1.01494
-1.4983
-1.88735
-2.16321
-2.35955
-2.52638
-2.65309
-2.74705
-2.79194
-2.78807
-2.74154
-2.66368
-2.56678
-2.4475
-2.33473
-2.23139
-2.12265
-2.01926
-1.93916
-1.87529
-1.81041
-1.7387
-1.67552
-1.63273
-1.61278
-1.62103
-1.65925
-1.71347
-1.76303
-1.81181
-1.85245
-1.86518
-1.84422
-1.79183
-1.7133
-1.59114
-1.4035
-1.15406
-0.875688
-0.57659
-0.268515
0.0600115
0.390531
0.70373
0.99277
1.27089
1.54941
1.82355
2.08749
2.32147
2.54715
2.75791
2.98533
3.20738
3.45394
3.7066
3.97005
4.2236
4.49765
4.75862
5.00587
5.22031
5.38988
5.51239
5.58814
5.59785
5.54853
5.4515
5.31173
5.13121
4.89781
4.63796
4.37101
4.06343
3.72256
3.38566
3.09094
2.83965
2.6055
2.37508
2.16201
1.9651
1.78093
1.60549
1.42198
1.22992
1.03698
0.84687
0.661157
0.476408
0.292866
0.116838
-0.0512391
-0.204625
-0.349072
-0.490901
-0.624016
-0.747726
-0.868206
-0.975103
-1.06549
-1.13222
-1.17911
-1.20881
-1.22242
-1.21289
-1.1689
-1.08031
-0.952627
-0.807467
-0.659968
-0.514054
-0.372671
-0.235654
-0.0997298
0.042773
0.17825
0.30832
0.422672
0.51795
0.591739
0.63862
0.66032
0.649889
0.59356
0.48474
0.331118
0.143021
-0.0385798
-0.196589
-0.335765
-0.450923
-0.553349
-0.643862
-0.724214
-0.798514
-0.860936
-0.913961
-0.966336
-1.03264
-1.12464
-1.24672
-1.37425
-1.47151
-1.50198
-1.45887
-1.36721
-1.25134
-1.11641
-0.967972
-0.825566
-0.690206
-0.570101
-0.469686
-0.421936
-0.429962
-0.476786
-0.550879
-0.647875
-0.774691
-0.910493
-1.03901
-1.14853
-1.24405
-1.31978
-1.37995
-1.43177
-1.47638
-1.51236
-1.53733
-1.55362
-1.55802
-1.53914
-1.49363
-1.42582
-1.34067
-1.23738
-1.11864
-0.989634
-0.858794
-0.735353
-0.613242
-0.481411
-0.325651
-0.150411
0.0489144
0.259423
0.478374
0.698261
0.912463
1.11616
1.31565
1.49788
1.6524
1.77451
1.85755
1.90865
1.93533
1.94534
1.93866
1.918
1.88734
1.84941
1.81382
1.78836
1.77216
1.76192
1.75515
1.74538
1.72641
1.68517
1.60516
1.47436
1.30065
1.09421
0.873396
0.639947
0.410866
0.185671
-0.0554038
-0.316339
-0.574772
-0.830243
-1.08779
-1.31625
-1.50905
-1.68246
-1.82161
-1.9335
-2.02083
-2.08838
-2.14194
-2.18165
-2.21372
-2.23296
-2.2428
-2.24799
-2.24925
-2.24695
-2.23856
-2.22041
-2.19114
-2.15072
-2.10291
-2.0366
-1.94141
-1.81998
-1.67181
-1.48982
-1.2855
-1.05368
-0.79944
-0.534421
-0.28438
-0.0589324
0.141766
0.325863
0.484676
0.613556
0.717379
0.79342
0.839895
0.848096
0.826308
0.788748
0.748131
0.707174
0.666912
0.629945
0.59499
0.566492
0.557393
0.573293
0.600666
0.618663
0.615004
0.589848
0.543878
0.469107
0.356281
0.215647
0.037751
-0.159821
-0.363593
-0.578976
-0.798701
-1.02284
-1.25092
-1.47355
-1.67359
-1.84934
-2.00708
-2.1381
-2.25378
-2.33273
-2.37393
-2.3756
-2.32039
-2.19372
-1.98571
-1.73066
-1.46516
-1.2059
-0.957024
-0.721782
-0.496662
-0.270523
-0.0528041
0.134993
0.280349
0.385153
0.451679
0.478206
0.471772
0.43498
0.370783
0.286065
0.201989
0.138413
0.105988
0.0962146
0.0980757
0.107264
0.121374
0.136632
0.145362
0.141739
0.125011
0.093014
0.0480371
-0.00775575
-0.0701457
-0.136106
-0.199414
-0.258179
-0.307003
-0.344068
-0.370305
-0.382894
-0.37386
-0.329844
-0.239509
-0.0991926
0.0640351
0.220603
0.372229
0.525
0.683267
0.848826
1.01808
1.1764
1.29748
1.35656
1.36125
1.31611
1.21514
1.06708
0.912144
0.763345
0.61448
0.462996
0.30888
0.152827
-0.00515684
-0.165488
-0.326568
-0.482394
-0.622012
-0.73685
-0.8368
-0.947511
-1.06565
-1.18275
-1.29799
-1.41155
-1.52401
-1.6363
-1.7497
-1.86578
-1.98448
-2.10168
-2.20668
-2.28569
-2.33492
-2.36968
-2.39285
-2.4012
-2.38825
-2.35056
-2.28659
-2.17902
-2.01784
-1.8183
-1.59528
-1.38074
-1.1571
-0.917789
-0.678359
-0.440368
-0.202163
0.0404483
0.291097
0.54691
0.789636
0.98435
1.09811
1.14925
1.19049
1.22542
1.25172
1.26748
1.2711
1.26542
1.25358
1.24026
1.22562
1.20772
1.18397
1.15497
1.12421
1.09553
1.06682
1.03115
0.981236
0.910703
0.818126
0.712721
0.594688
0.475054
0.354969
0.231638
0.109
-0.00154328
-0.0836564
-0.131412
-0.154873
-0.153328
-0.121604
-0.0612422
0.0258936
0.135252
0.251542
0.367302
0.486028
0.605863
0.715845
0.798103
0.841222
0.850189
0.834879
0.799052
0.739515
0.657109
0.555911
0.445046
0.332518
0.218279
0.10214
-0.0104161
-0.107131
-0.176571
-0.222499
-0.253436
-0.269412
-0.272855
-0.266363
-0.248019
-0.217195
-0.181001
-0.145687
-0.116312
-0.0903094
-0.0684817
-0.0514196
-0.0390109
-0.0313683
-0.0274244
-0.0223876
-0.0186049
-0.0122066
-0.00234408
0.0130491
0.0392551
0.0811577
0.140779
0.21667
0.305342
0.40478
0.505769
0.602107
0.693681
0.781966
0.866758
0.938914
0.99866
1.04694
1.08348
1.10982
1.12569
1.12862
1.11635
1.08854
1.03877
0.959682
0.849276
0.720821
0.592104
0.466558
0.339544
0.207862
0.0721391
-0.0605617
-0.176124
-0.259552
-0.31263
-0.355887
-0.396941
-0.428026
-0.446363
-0.452999
-0.453111
-0.449725
-0.441626
-0.429338
-0.412226
-0.386875
-0.350249
-0.298584
-0.23129
-0.152148
-0.0668965
0.0184102
0.104318
0.195939
0.293072
0.391064
0.485358
0.568994
0.634278
0.680284
0.707052
0.711085
0.692254
0.645928
0.571711
0.470836
0.34917
0.224774
0.101903
-0.0161279
-0.118119
-0.193251
-0.244733
-0.272593
-0.281762
-0.274966
-0.249472
-0.204999
-0.150712
-0.0904437
-0.0254887
0.0429905
0.115857
0.187406
0.254389
0.312391
0.360243
0.393569
0.408955
0.404975
0.382066
0.337693
0.270687
0.179857
0.0673271
-0.0503537
-0.16482
-0.279591
-0.397651
-0.519058
-0.638999
-0.746743
-0.829521
-0.885819
-0.924617
-0.942618
-0.939888
-0.918307
-0.876578
-0.804133
-0.691595
-0.543473
-0.358448
-0.148911
0.0591821
0.256703
0.445334
0.6114
0.765582
0.920644
1.0709
1.19861
1.30914
1.38619
1.42761
1.45007
1.4534
1.4358
1.39777
1.33835
1.25764
1.16344
1.06141
0.961974
0.863654
0.752351
0.624608
0.48043
0.337301
0.197745
0.0572277
-0.086544
-0.234013
-0.378299
-0.504922
-0.596049
-0.64937
-0.672103
-0.664641
-0.619795
-0.534362
-0.421833
-0.305072
-0.189139
-0.0700321
0.0532765
0.173635
0.275323
0.341875
0.376995
0.395333
0.400514
0.393027
0.378596
0.359593
0.332581
0.294774
0.245019
0.188791
0.134253
0.0738268
0.0107871
-0.0457392
-0.0904956
-0.126404
-0.163975
-0.21087
-0.276707
-0.362833
-0.464056
-0.561185
-0.632711
-0.679804
-0.715068
-0.744988
-0.772634
-0.799101
-0.823299
-0.847828
-0.872977
-0.895135
-0.91192
-0.921295
-0.916404
-0.895229
-0.860403
-0.812147
-0.75449
-0.686285
-0.604983
-0.512346
-0.416097
-0.322679
-0.228619
-0.13281
-0.0358274
0.0593628
0.147176
0.221156
0.28176
0.337664
0.38548
0.420008
0.440113
0.444214
0.435768
0.412763
0.37693
0.328485
0.269138
0.205364
0.147272
0.100707
0.0647489
0.0351957
0.0148709
0.00419919
0.000515262
0.00307944
0.00905909
0.0153843
0.0182418
0.0200945
0.0277658
0.0399899
0.0529591
0.0650455
0.0747486
0.0808865
0.082354
0.0794058
0.0718174
0.0592524
0.0437583
0.0259592
0.00526633
-0.0171983
-0.03977
-0.0630853
-0.0852122
-0.104583
-0.123257
-0.140375
-0.153451
-0.162398
-0.168648
-0.172508
-0.177516
-0.1863
-0.198263
-0.213004
-0.229461
-0.24687
-0.261652
-0.273352
-0.284322
-0.297858
-0.314607
-0.331468
-0.346343
-0.356575
-0.35997
-0.353564
-0.332558
-0.294338
-0.239272
-0.171028
-0.0985409
-0.0250069
0.0523486
0.126335
0.191711
0.244059
0.284784
0.314482
0.333295
0.339351
0.330454
0.301806
0.250978
0.177905
0.0947373
0.014622
-0.0607563
-0.130113
-0.188109
-0.234579
-0.266922
-0.285126
-0.286791
-0.273875
-0.251218
-0.218811
-0.177517
-0.134274
-0.0929575
-0.0532358
-0.0171538
0.00944233
0.026929
0.0393506
0.0496674
0.0565813
0.0580952
0.0497293
0.0326798
0.00741469
-0.0284238
-0.0723466
-0.122404
-0.176433
-0.227842
-0.271636
-0.304344
-0.325145
-0.33676
-0.343699
-0.345836
-0.342624
-0.334618
-0.322781
-0.310096
-0.295576
-0.27835
-0.26144
-0.24877
-0.242601
-0.245389
-0.258241
-0.279714
-0.311919
-0.355854
-0.41076
-0.474507
-0.546062
-0.62343
-0.703149
-0.771779
-0.827361
-0.87072
-0.902944
-0.91906
-0.919117
-0.903407
-0.872171
-0.823696
-0.758226
-0.681141
-0.59965
-0.511818
-0.425356
-0.34741
-0.270812
-0.184428
-0.0943901
-0.00495253
0.0779595
0.146969
0.20746
0.257697
0.298081
0.330843
0.358744
0.381671
0.400381
0.413303
0.422725
0.428479
0.430217
0.430008
0.426635
0.417476
0.403209
0.384434
0.361475
0.333184
0.295526
0.24097
0.164112
0.0621504
-0.0526178
-0.160573
-0.267292
-0.37574
-0.482375
-0.580668
-0.663512
-0.722246
-0.763496
-0.791955
-0.805692
-0.799001
-0.764312
-0.697299
-0.598679
-0.483968
-0.372429
-0.263961
-0.153358
-0.0386687
0.079121
0.193632
0.293793
0.36889
0.422439
0.466817
0.502718
0.52483
0.532446
0.523582
0.498866
0.458833
0.407902
0.353261
0.306072
0.266575
0.231866
0.2014
0.173693
0.149739
0.129995
0.115783
0.107546
0.105442
0.111753
0.124781
0.14316
0.167346
0.201099
0.247745
0.305428
0.370586
0.442419
0.519813
0.60705
0.698234
0.78747
0.874833
0.95501
1.01998
1.07015
1.10861
1.13721
1.15344
1.15776
1.15294
1.13831
1.11294
1.07612
1.02998
0.97505
0.917981
0.866336
0.821283
0.785234
0.755869
0.728342
0.702355
0.678763
0.65807
0.639392
0.62337
0.611499
0.602518
0.595326
0.588902
0.582398
0.574872
0.568295
0.561784
0.554216
0.545463
0.535144
0.524268
0.512441
0.499978
0.487702
0.47413
0.45544
0.427713
0.391259
0.352298
0.315937
0.279445
0.23955
0.194366
0.144409
0.0948961
0.0460924
-0.00223252
-0.0522442
-0.10491
-0.158279
-0.215224
-0.273855
-0.328534
-0.37995
-0.431668
-0.482028
-0.524715
-0.556715
-0.578708
-0.591492
-0.596565
-0.596229
-0.59093
-0.577651
-0.558874
-0.537559
-0.514331
-0.489347
-0.462083
-0.434628
-0.408354
-0.384867
-0.36612
-0.347435
-0.327747
-0.309296
-0.292914
-0.276989
-0.260413
-0.241445
-0.217998
-0.191066
-0.166154
-0.146842
-0.135542
-0.131912
-0.134777
-0.143847
-0.158563
-0.176582
-0.198127
-0.221269
-0.244853
-0.268798
-0.290927
-0.308905
-0.323092
-0.331864
-0.332983
-0.326655
-0.313224
-0.293701
-0.268155
-0.237258
-0.204069
-0.173186
-0.145977
-0.124104
-0.109615
-0.0993756
-0.0876888
-0.0753914
-0.0620022
-0.0473372
-0.0323051
-0.0182891
-0.00641677
0.00639319
0.0209903
0.0368056
0.0528088
0.0667246
0.0764001
0.0807554
0.0799659
0.0765505
0.0714656
0.0620446
0.0501133
0.0365705
0.0217195
0.00359778
-0.0169045
-0.0371975
-0.0611704
-0.0903831
-0.125173
-0.163395
-0.199693
-0.232366
-0.259146
-0.28138
-0.298627
-0.308905
-0.310594
-0.302927
-0.287925
-0.267361
-0.239722
-0.203932
-0.161284
-0.114835
-0.0666543
-0.0202549
0.0237933
0.0637114
0.0999138
0.135111
0.171137
0.205247
0.237424
0.267967
0.29562
0.31921
0.337753
0.354724
0.36695
0.375216
0.381007
0.382875
0.376929
0.366068
0.352061
0.334058
0.313045
0.288084
0.25949
0.230873
0.201634
0.175285
0.15486
0.139692
0.129261
0.123334
0.120628
0.12142
0.128356
0.142121
0.162968
0.189018
0.217435
0.248626
0.281148
0.313921
0.347584
0.381718
0.414038
0.444738
0.472435
0.497783
0.518108
0.532456
0.542149
0.546851
0.544825
0.534177
0.512539
0.480118
0.434594
0.376684
0.313789
0.2575
0.203164
0.148823
0.0950139
0.0466181
0.00679809
-0.0241049
-0.0485993
-0.066191
-0.0749108
-0.0790221
-0.0808985
-0.0810592
-0.0764976
-0.069392
-0.0609536
-0.0533234
-0.0471166
-0.0435085
-0.0402891
-0.0384728
-0.034293
-0.0279947
-0.025991
-0.0330856
-0.0499566
-0.0742954
-0.104459
-0.141764
-0.186045
-0.235105
-0.287896
-0.342593
-0.394901
-0.443651
-0.485237
-0.515958
-0.537866
-0.552474
-0.559677
-0.560822
-0.555633
-0.546654
-0.537668
-0.531892
-0.528823
-0.526708
-0.523486
-0.515274
-0.503608
-0.488607
-0.467026
-0.438504
-0.400577
-0.352912
-0.298507
-0.238175
-0.174632
-0.11108
-0.0522736
-0.00263711
0.0348713
0.0582287
0.0671252
0.0628523
0.0434094
0.0103128
-0.0335708
-0.0789646
-0.116542
-0.148006
-0.178199
-0.208506
-0.240475
-0.273526
-0.308003
-0.342193
-0.375533
-0.407744
-0.437632
-0.464226
-0.484448
-0.498138
-0.502329
-0.495179
-0.478927
-0.457266
-0.430957
-0.405299
-0.382821
-0.36442
-0.353125
-0.346291
-0.344199
-0.346177
-0.349762
-0.357579
-0.368681
-0.380671
-0.390205
-0.395566
-0.398312
-0.403003
-0.411872
-0.422411
-0.431958
-0.438774
-0.445092
-0.451146
-0.45747
-0.462709
-0.466675
-0.467446
-0.465139
-0.459989
-0.452011
-0.441652
-0.430962
-0.41994
-0.410314
-0.398973
-0.382802
-0.36672
-0.352028
-0.338995
-0.324735
-0.304105
-0.272856
-0.231496
-0.183625
-0.130254
-0.0729743
-0.0108782
0.0591904
0.135492
0.210579
0.275694
0.333671
0.38066
0.414295
0.434397
0.440282
0.429566
0.398796
0.349518
0.285288
0.214865
0.149918
0.100921
0.0663924
0.0428364
0.029023
0.0271909
0.0410204
0.0707106
0.117277
0.178787
0.251299
0.329581
0.412021
0.491432
0.567885
0.633401
0.682131
0.71627
0.738612
0.749937
0.748689
0.734022
0.708417
0.672464
0.626325
0.573081
0.513097
0.449731
0.391485
0.341549
0.299448
0.263527
0.233488
0.212037
0.197542
0.18891
0.18838
0.196394
0.209299
0.224405
0.238811
0.251035
0.258934
0.261578
0.257348
0.245706
0.225496
0.196417
0.160419
0.119232
0.0745803
0.0281448
-0.0117232
-0.0446696
-0.0742536
-0.101797
-0.128918
-0.151742
-0.169988
-0.186518
-0.198678
-0.206097
-0.210161
-0.209016
-0.201202
-0.187916
-0.170141
-0.150108
-0.127889
-0.10701
-0.0902018
-0.0789334
-0.0744447
-0.0782108
-0.0896247
-0.10574
-0.128397
-0.159944
-0.196702
-0.229935
-0.251531
-0.260496
-0.259197
-0.247442
-0.222118
-0.180507
-0.123257
-0.0586411
0.0125388
0.0871083
0.167064
0.246214
0.312485
0.362925
0.404539
0.433354
0.449097
0.453305
0.446138
0.430139
0.407269
0.379908
0.350057
0.321234
0.296526
0.278588
0.264336
0.254017
0.247214
0.244805
0.245756
0.247375
0.247654
0.242673
0.232138
0.214613
0.192289
0.165918
0.129857
0.0799623
0.0234406
-0.0351135
-0.0928386
-0.151709
-0.215933
-0.283802
-0.35069
-0.406009
-0.445789
-0.473378
-0.489577
-0.496539
-0.494747
-0.485208
-0.470199
-0.450281
-0.423155
-0.389474
-0.349327
-0.30511
-0.257565
-0.207432
-0.154262
-0.0969503
-0.0320353
0.0355792
0.101126
0.160761
0.210933
0.247965
0.273028
0.290352
0.304024
0.315017
0.322791
0.326821
0.330221
0.337163
0.345747
0.35837
0.371102
0.380342
0.385132
0.38614
0.381191
0.370874
0.355154
0.335654
0.314545
0.290267
0.263336
0.234114
0.200851
0.165292
0.130928
0.0977164
0.062026
0.0203896
-0.026427
-0.0727016
-0.111441
-0.138976
-0.155705
-0.164775
-0.168457
-0.164475
-0.153824
-0.137892
-0.117682
-0.0959639
-0.076296
-0.0620228
-0.0522385
-0.0464738
-0.0444498
-0.0451617
-0.0500208
-0.0612594
-0.075675
-0.0902679
-0.103107
-0.110985
-0.114754
-0.113487
-0.10842
-0.101445
-0.0927443
-0.0848503
-0.077693
-0.0704733
-0.0619024
-0.0517295
-0.0407863
-0.0308728
-0.0226354
-0.0156976
-0.00967176
-0.00414433
0.00179081
0.00941602
0.0164676
0.019507
0.0185083
0.016346
0.0117096
0.000428605
-0.0199929
-0.0465635
-0.0750408
-0.0982506
-0.116045
-0.128336
-0.133307
-0.132229
-0.127442
-0.118795
-0.103221
-0.0826969
-0.0585062
-0.0300751
0.000225254
0.0282857
0.0531773
0.0742447
0.0891076
0.0979446
0.102881
0.103284
0.0993132
0.0894529
0.0752828
0.0599016
0.0473071
0.0380994
0.0308418
0.0238412
0.0152549
0.00604881
-0.00392738
-0.0153122
-0.02787
-0.0422541
-0.0597804
-0.0797655
-0.0998498
-0.118914
-0.137016
-0.152518
-0.167092
-0.182258
-0.198094
-0.213011
-0.223682
-0.233002
-0.240198
-0.243842
-0.24146
-0.234736
-0.227321
-0.218521
-0.204221
-0.183341
-0.15883
-0.132839
-0.106548
-0.0848248
-0.0655722
-0.0485604
-0.0359909
-0.0266849
-0.0202923
-0.0165726
-0.0149673
-0.0124115
-0.0042947
0.00835084
0.0209751
0.029032
0.0305171
0.0298047
0.0286482
0.0236158
0.0123157
-0.00296764
-0.0222904
-0.0459836
-0.0705816
-0.0928536
-0.113126
-0.134449
-0.159279
-0.182634
-0.203531
-0.225845
-0.254099
-0.289653
-0.32943
-0.373013
-0.416241
-0.458793
-0.497972
-0.53061
-0.553905
-0.565351
-0.567146
-0.562431
-0.552088
-0.537693
-0.51711
-0.490667
-0.458464
-0.422728
-0.383616
-0.340835
-0.294712
-0.249556
-0.20984
-0.173914
-0.14058
-0.107333
-0.0757263
-0.0493092
-0.0300093
-0.017281
-0.00900765
-0.00461516
-0.00150484
0.0048523
0.0127612
0.0222074
0.0347185
0.0515154
0.0735612
0.100562
0.130767
0.15699
0.179965
0.201071
0.21949
0.236354
0.248869
0.257246
0.261895
0.260927
0.254974
0.244239
0.230707
0.21323
0.191389
0.166807
0.141224
0.112971
0.082581
0.0525484
0.0285986
0.0103236
-0.0028058
-0.0118058
-0.0192839
-0.0234408
-0.0221002
-0.0165291
-0.00691897
0.00285795
0.0118196
0.0195103
0.023777
0.0263303
0.0235587
0.0158371
0.00677331
-0.00346065
-0.0149549
-0.0276467
-0.0395306
-0.0489485
-0.0572567
-0.0662714
-0.0748185
-0.0805898
-0.0840911
-0.0837575
-0.0774732
-0.0693878
-0.0606229
-0.0514225
-0.0417351
-0.0287017
-0.0133819
0.00121408
0.0162714
0.0331184
0.0502984
0.0673598
0.0840323
0.101845
0.122439
0.145958
0.171821
0.198925
0.227028
0.258437
0.295341
0.333869
0.370565
0.405218
0.434804
0.455971
0.469913
0.478118
0.479391
0.473437
0.462468
0.449322
0.433055
0.412455
0.389108
0.364653
0.33998
0.313206
0.28219
0.247216
0.209483
0.17171
0.137425
0.108428
0.0820233
0.0609751
0.0452657
0.0334271
0.0251228
0.0208152
0.0223729
0.0282905
0.0368792
0.0467152
0.0583606
0.069933
0.0822433
0.0965593
0.112149
0.127429
0.142423
0.156285
0.167881
0.176511
0.180245
0.178225
0.170438
0.15545
0.136262
0.115256
0.0933806
0.0724006
0.0555253
0.0442639
0.0386813
0.034542
0.0322293
0.0311337
0.031888
0.0355858
0.0443607
0.0570295
0.0725839
0.0918566
0.114523
0.139911
0.165433
0.191724
0.219418
0.251145
0.289106
0.326927
0.36007
0.388674
0.408707
0.417152
0.41221
0.398453
0.376741
0.34962
0.320106
0.291376
0.26331
0.237755
0.211378
0.184243
0.155718
0.125948
0.0942315
0.0610022
0.0264515
-0.00695541
-0.0384843
-0.0659881
-0.0862063
-0.0994402
-0.106961
-0.112867
-0.115665
-0.113198
-0.101808
-0.0846019
-0.0645975
-0.0433998
-0.0239664
-0.00641383
0.009439
0.0221141
0.0338494
0.0440431
0.0525962
0.0600315
0.0656588
0.0692499
0.0680171
0.0633054
0.0543848
0.0422518
0.0250757
0.00290002
-0.0226233
-0.0478848
-0.0716065
-0.0933239
-0.113098
-0.134161
-0.159581
-0.188019
-0.218065
-0.249148
-0.278889
-0.303022
-0.324038
-0.344218
-0.364383
-0.384072
-0.40283
-0.419706
-0.434099
-0.443871
-0.448273
-0.449522
-0.446911
-0.442936
-0.437217
-0.427551
-0.415719
-0.40331
-0.390984
-0.37825
-0.364317
-0.349155
-0.33206
-0.312409
-0.290389
-0.268467
-0.247938
-0.226023
-0.201287
-0.174681
-0.145905
-0.116156
-0.0903127
-0.0700251
-0.0539235
-0.0450422
-0.0441143
-0.0503429
-0.0623317
-0.0789912
-0.0987882
-0.122158
-0.14434
-0.162939
-0.18024
-0.198212
-0.213898
-0.225337
-0.232339
-0.230867
-0.222088
-0.21071
-0.194432
-0.174672
-0.152354
-0.127325
-0.10221
-0.0775785
-0.0543598
-0.0341534
-0.0178445
-0.0076591
-0.00242991
-0.00151433
-0.00594342
-0.015912
-0.0314975
-0.0536921
-0.0778621
-0.0991271
-0.116218
-0.131372
-0.144518
-0.15633
-0.165968
-0.171465
-0.173052
-0.172427
-0.167183
-0.153754
-0.134115
-0.111294
-0.0858845
-0.0606549
-0.0369329
-0.0166791
-0.00193745
0.00886645
0.0153829
0.0174867
0.0168101
0.0142371
0.00863936
0.00125242
-0.00900759
-0.0220421
-0.0374012
-0.0539449
-0.0724567
-0.0926698
-0.111545
-0.1258
-0.135511
-0.146664
-0.157719
-0.167408
-0.174756
-0.179678
-0.18229
-0.181564
-0.181069
-0.182253
-0.186056
-0.192926
-0.200917
-0.209637
-0.218493
-0.227237
-0.234349
-0.237127
-0.236137
-0.231403
-0.219698
-0.201977
-0.179722
-0.153305
-0.12541
-0.0947599
-0.0581742
-0.0194993
0.0187819
0.0552265
0.0867652
0.111467
0.132427
0.147545
0.154989
0.155996
0.153263
0.144527
0.131529
0.117901
0.102788
0.0867337
0.0687026
0.0470019
0.0266681
0.00938929
-0.000439372
-0.00190268
0.00404363
0.016737
0.0342695
0.0564411
0.0830256
0.111717
0.140394
0.165729
0.190401
0.214994
0.236926
0.254235
0.266803
0.277242
0.285632
0.290592
0.290461
0.284776
0.277768
0.271885
0.268656
0.268465
0.271249
0.274333
0.277319
0.283169
0.290022
0.297204
0.305123
0.314218
0.32154
0.327368
0.333068
0.335055
0.332539
0.325938
0.317676
0.307589
0.292532
0.273779
0.252239
0.228433
0.205085
0.185621
0.16982
0.156044
0.1434
0.132922
0.124132
0.117348
0.115299
0.120998
0.129867
0.136157
0.140697
0.144366
0.145114
0.144695
0.144981
0.145474
0.145613
0.145217
0.144697
0.145231
0.148505
0.155253
0.162867
0.169784
0.176709
0.185218
0.194963
0.204405
0.211757
0.217735
0.220934
0.215879
0.202142
0.181437
0.155631
0.125914
0.0947401
0.0612836
0.0212946
-0.0209231
-0.0656077
-0.111882
-0.156414
-0.20056
-0.243324
-0.281323
-0.314367
-0.34117
-0.358338
-0.367451
-0.370821
-0.371813
-0.372203
-0.368944
-0.359675
-0.346487
-0.331256
-0.315297
-0.298367
-0.278751
-0.255842
-0.232567
-0.211394
-0.18965
-0.164961
-0.140238
-0.115891
-0.0911281
-0.0669579
-0.0443615
-0.0234788
-0.00500094
0.00827457
0.0157688
0.0192361
0.0191737
0.0186097
0.017538
0.0138138
0.0059344
-0.00284097
-0.01125
-0.0192031
-0.0245123
-0.0241326
-0.0199624
-0.0113192
0.00163082
0.0185349
0.039307
0.0634212
0.0871505
0.107639
0.125087
0.138812
0.147009
0.151015
0.14929
0.142192
0.133999
0.125342
0.114527
0.100816
0.0851779
0.0660721
0.0445248
0.0250957
0.00913786
-0.00786637
-0.0252402
-0.0435421
-0.063801
-0.084334
-0.101277
-0.11413
-0.121664
-0.127123
-0.131852
-0.133538
-0.131681
-0.129243
-0.127109
-0.122648
-0.117694
-0.116191
-0.115317
-0.115253
-0.11285
-0.107534
-0.0998004
-0.0874277
-0.0740845
-0.0614079
-0.0451845
-0.0211493
0.00566941
0.033723
0.0661605
0.100318
0.132287
0.160414
0.188422
0.213988
0.235537
0.252995
0.266598
0.276079
0.281588
0.283389
0.284399
0.283556
0.276857
0.263016
0.247192
0.233825
0.224065
0.216765
0.21171
0.210459
0.210511
0.211049
0.213592
0.218152
0.221574
0.224474
0.229271
0.231681
0.231187
0.230089
0.227215
0.221834
0.215163
0.203747
0.187876
0.169403
0.150183
0.134081
0.121877
0.110093
0.094224
0.0756969
0.0564927
0.0372185
0.0185237
0.000409928
-0.0163258
-0.0313747
-0.0443688
-0.0553549
-0.0621242
-0.0658293
-0.0668769
-0.0658127
-0.0622701
-0.0568189
-0.0512097
-0.0490289
-0.0517195
-0.0575612
-0.0665547
-0.0799741
-0.0965528
-0.114802
-0.13555
-0.159239
-0.184306
-0.204353
-0.215875
-0.220551
-0.220147
-0.216119
-0.21023
-0.200935
-0.185547
-0.16786
-0.148623
-0.12732
-0.106365
-0.0864727
-0.0683454
-0.05373
-0.0390873
-0.0251044
-0.0127878
-0.00150665
0.00788697
0.0129966
0.0148679
0.015347
0.0146328
0.0103426
0.000273869
-0.0173483
-0.0368453
-0.0540978
-0.0663585
-0.0730182
-0.0743565
-0.0707821
-0.0600855
-0.0395386
-0.0109867
0.0226787
0.0597357
0.0946929
0.126505
0.153783
0.176366
0.195868
0.211009
0.220925
0.221014
0.212641
0.198942
0.18231
0.165195
0.147622
0.128056
0.108823
0.0884339
0.0688369
0.0515228
0.037874
0.0270571
0.0188225
0.0138702
0.0122601
0.0143206
0.018131
0.0219946
0.0243794
0.027299
0.0302558
0.0286423
0.0235222
0.0214849
0.0223206
0.0210446
0.0161546
0.00819275
-0.00382594
-0.020032
-0.0378711
-0.0574741
-0.0805996
-0.106432
-0.133982
-0.163939
-0.195039
-0.226591
-0.258491
-0.290399
-0.319461
-0.345827
-0.37022
-0.389819
-0.40584
-0.416007
-0.420174
-0.418526
-0.411936
-0.40386
-0.394565
-0.384392
-0.372299
-0.353727
-0.325511
-0.289477
-0.247972
-0.206289
-0.164852
-0.122685
-0.082991
-0.0447146
-0.0106573
0.0138809
0.0297317
0.0414755
0.0483149
0.0499257
0.0478228
0.0435047
0.0404928
0.0371935
0.0332257
0.0298635
0.0281145
0.0283753
0.031296
0.0368874
0.0414192
0.0416149
0.0343236
0.0255221
0.0168315
0.00696446
-0.00405973
-0.0161563
-0.0297322
-0.0450773
-0.0585577
-0.070243
-0.0802452
-0.0869119
-0.091093
-0.0931638
-0.0936074
-0.0935559
-0.0919459
-0.0884091
-0.0854458
-0.0888666
-0.100089
-0.112868
-0.124957
-0.137074
-0.150993
-0.167982
-0.188189
-0.211617
-0.235387
-0.257066
-0.278534
-0.300541
-0.31984
-0.335098
-0.345998
-0.353295
-0.355583
-0.350219
-0.340419
-0.330253
-0.318965
-0.306667
-0.292334
-0.27202
-0.245135
-0.215629
-0.184569
-0.154197
-0.125534
-0.100903
-0.0814898
-0.0642617
-0.0488165
-0.036974
-0.0269049
-0.0181085
-0.0103317
-0.00345593
0.00439156
0.0132561
0.0227208
0.032973
0.0433773
0.0544558
0.0651122
0.0738777
0.0800329
0.0812002
0.0762405
0.0655679
0.048141
0.0257851
2.5898e-05
-0.0274055
-0.051788
-0.0692605
-0.078707
-0.0812369
-0.0767394
-0.0654138
-0.0474852
-0.0227402
0.00800042
0.0414589
0.0765613
0.115263
0.156566
0.199249
0.240238
0.280487
0.317072
0.347626
0.368935
0.384438
0.395541
0.401818
0.404096
0.403457
0.399064
0.388702
0.371383
0.351022
0.331451
0.313327
0.300046
0.290344
0.280539
0.270373
0.263316
0.258759
0.257059
0.257174
0.257515
0.259548
0.264353
0.271641
0.28107
0.291802
0.300425
0.308073
0.314154
0.320216
0.327326
0.337955
0.350793
0.363625
0.374586
0.382277
0.385288
0.387865
0.390628
0.388906
0.386148
0.381975
0.374666
0.363182
0.349979
0.336305
0.321469
0.304406
0.284333
0.261453
0.234811
0.207662
0.183729
0.167469
0.15759
0.150711
0.1446
0.141093
0.14044
0.142708
0.149203
0.158808
0.168803
0.178517
0.189152
0.200877
0.21063
0.218006
0.223137
0.225251
0.226518
0.227797
0.226874
0.225835
0.224119
0.218883
0.209488
0.197446
0.183108
0.16747
0.149154
0.127929
0.107618
0.0898982
0.0749957
0.0606108
0.0449133
0.026954
0.00866739
-0.0107192
-0.0309898
-0.0503032
-0.0695713
-0.0902527
-0.108795
-0.123183
-0.136145
-0.149137
-0.160491
-0.169231
-0.174594
-0.177997
-0.177321
-0.172849
-0.163393
-0.150638
-0.135591
-0.121026
-0.108816
-0.100662
-0.0969889
-0.0954049
-0.0956678
-0.0983859
-0.107531
-0.120564
-0.138137
-0.160602
-0.182859
-0.203287
-0.222364
-0.237508
-0.2494
-0.257419
-0.259648
-0.255458
-0.248844
-0.243205
-0.234887
-0.22257
-0.204292
-0.17861
-0.147854
-0.112445
-0.0746474
-0.0354926
0.00333114
0.0403486
0.0750756
0.106281
0.130946
0.150779
0.164898
0.174472
0.180465
0.182119
0.181375
0.178076
0.17144
0.163011
0.15158
0.142662
0.137624
0.134336
0.131805
0.129473
0.123321
0.113868
0.102859
0.0889779
0.0729755
0.0553963
0.0361038
0.0151712
-0.00691367
-0.0286566
-0.0436985
-0.0510645
-0.0522186
-0.0479515
-0.0361907
-0.0183787
0.00240035
0.0252186
0.0486509
0.0704709
0.0899645
0.10632
0.117868
0.12467
0.12713
0.125243
0.121325
0.120663
0.12223
0.121358
0.115745
0.105331
0.0936427
0.0797026
0.0635535
0.0476873
0.0339529
0.0225643
0.012966
0.00543041
0.00160793
-0.000477103
-0.000575955
0.00118159
0.00136079
-0.000970324
-0.00540471
-0.0112815
-0.017335
-0.023802
-0.0296563
-0.0373893
-0.0471941
-0.056116
-0.0592205
-0.0594011
-0.0585919
-0.0557443
-0.0524392
-0.0482898
-0.0475749
-0.0527852
-0.0608749
-0.0701366
-0.0823956
-0.0955128
-0.109479
-0.122699
-0.131262
-0.137227
-0.144046
-0.152842
-0.160639
-0.165344
-0.164403
-0.158508
-0.149431
-0.138988
-0.128499
-0.117568
-0.107178
-0.0998653
-0.0958221
-0.0948821
-0.0971975
-0.101697
-0.107443
-0.114749
-0.12143
-0.128383
-0.136642
-0.147186
-0.161481
-0.18051
-0.202399
-0.223051
-0.238132
-0.248176
-0.2552
-0.261077
-0.265032
-0.26513
-0.260953
-0.255289
-0.248876
-0.242138
-0.234769
-0.227523
-0.220593
-0.213831
-0.208578
-0.204558
-0.202289
-0.200147
-0.197691
-0.194507
-0.190411
-0.186031
-0.182049
-0.176796
-0.171184
-0.167742
-0.166742
-0.168161
-0.174426
-0.18311
-0.192
-0.198784
-0.204822
-0.212094
-0.220203
-0.227517
-0.233799
-0.239187
-0.24121
-0.241458
-0.238997
-0.235195
-0.228636
-0.220366
-0.210263
-0.198941
-0.184616
-0.168141
-0.150479
-0.132083
-0.114981
-0.0961708
-0.0741795
-0.0501031
-0.0265578
-0.00807076
0.00304263
0.00885716
0.0134506
0.0173796
0.0206152
0.0219965
0.0154329
0.00120617
-0.0148002
-0.0304227
-0.0445227
-0.0579805
-0.0704133
-0.0809998
-0.0903108
-0.0984833
-0.103432
-0.106511
-0.111961
-0.120905
-0.130093
-0.137625
-0.14225
-0.144454
-0.144308
-0.143359
-0.141075
-0.135632
-0.127848
-0.118384
-0.108471
-0.0988647
-0.0874949
-0.0747742
-0.0614121
-0.0500307
-0.0406654
-0.0326613
-0.0263938
-0.0243312
-0.0290691
-0.0396158
-0.0533755
-0.0698887
-0.0861318
-0.100077
-0.113946
-0.129816
-0.146109
-0.161791
-0.175593
-0.185764
-0.191321
-0.193322
-0.19237
-0.189069
-0.18226
-0.172898
-0.159597
-0.14332
-0.124031
-0.101248
-0.076258
-0.0478482
-0.0155734
0.020208
0.0558689
0.0901055
0.12152
0.148896
0.174157
0.198129
0.217864
0.232141
0.245977
0.263683
0.283947
0.302213
0.318069
0.331928
0.343704
0.355327
0.365704
0.372899
0.378117
0.3807
0.38102
0.377248
0.370586
0.359687
0.34525
0.326884
0.306061
0.283997
0.261748
0.243014
0.226468
0.213088
0.203715
0.196513
0.186566
0.172928
0.159339
0.145966
0.131868
0.114733
0.0929205
0.0687709
0.0428721
0.0176093
-0.00717813
-0.0304916
-0.0486201
-0.0614637
-0.0688038
-0.068461
-0.0609064
-0.0473085
-0.029248
-0.013721
-0.000931896
0.0101421
0.0215111
0.0328785
0.0430787
0.0523597
0.0609607
0.0703323
0.0795913
0.0891912
0.0987144
0.107692
0.116004
0.120357
0.120132
0.114275
0.101828
0.0830635
0.0592841
0.0318377
0.00165913
-0.0303941
-0.0587662
-0.0782007
-0.0891085
-0.0912717
-0.0859148
-0.0755645
-0.0626088
-0.0485293
-0.0356279
-0.0228418
-0.0119315
-0.00632623
-0.00546298
-0.00885262
-0.01334
-0.017711
-0.0278531
-0.0448653
-0.0643977
-0.0842202
-0.104571
-0.125706
-0.146071
-0.165845
-0.182893
-0.195368
-0.204215
-0.2099
-0.213499
-0.214899
-0.215304
-0.213674
-0.207795
-0.198001
-0.187738
-0.177514
-0.167296
-0.156306
-0.14375
-0.129269
-0.118061
-0.106617
-0.0932762
-0.07887
-0.0639266
-0.0494267
-0.0355294
-0.0237338
-0.0145231
-0.00815114
-0.00322386
0.00240624
0.00785937
0.0139059
0.0232966
0.0372738
0.0526471
0.0644192
0.0737599
0.0839396
0.0952086
0.105034
0.111416
0.116863
0.118844
0.117412
0.113009
0.103742
0.0880635
0.0660094
0.038165
0.00851254
-0.0232401
-0.054457
-0.0818919
-0.106483
-0.131956
-0.157519
-0.180261
-0.197995
-0.211139
-0.220197
-0.225866
-0.227639
-0.22427
-0.218629
-0.212778
-0.205223
-0.196701
-0.186848
-0.177646
-0.169403
-0.161722
-0.156501
-0.152421
-0.151609
-0.152143
-0.154031
-0.158684
-0.165738
-0.175649
-0.185875
-0.191728
-0.193652
-0.193331
-0.194607
-0.197494
-0.203108
-0.209972
-0.215258
-0.218432
-0.22139
-0.22236
-0.218591
-0.21445
-0.212185
-0.206473
-0.197133
-0.183626
-0.165635
-0.144657
-0.119787
-0.0927013
-0.0661194
-0.0401715
-0.011619
0.0187851
0.0463796
0.0717968
0.0912921
0.104858
0.115752
0.127736
0.142002
0.15716
0.172864
0.186845
0.197789
0.208629
0.217965
0.225436
0.231498
0.235657
0.23829
0.240126
0.240232
0.240135
0.240387
0.240768
0.241569
0.2426
0.24334
0.243417
0.245714
0.247098
0.248572
0.250349
0.252096
0.251533
0.248891
0.244328
0.239051
0.232348
0.221946
0.208841
0.193787
0.175681
0.154212
0.13256
0.114167
0.0977513
0.0869862
0.0799364
0.0749819
0.0759291
0.0831997
0.0916405
0.0986482
0.105154
0.11262
0.120673
0.129661
0.137943
0.144859
0.152134
0.158975
0.163984
0.167722
0.169066
0.171031
0.172002
0.169619
0.16389
0.157309
0.148966
0.137263
0.121117
0.101285
0.078968
0.0541408
0.029115
0.00674091
-0.0107211
-0.020849
-0.0242641
-0.0231497
-0.0187679
-0.0119088
-0.00036295
0.0143497
0.0316818
0.0518146
0.0730613
0.0936662
0.112635
0.128915
0.141435
0.149881
0.153534
0.153918
0.152931
0.150518
0.145052
0.137214
0.12823
0.11777
0.10814
0.100257
0.0932576
0.0850182
0.0749864
0.0670036
0.0655283
0.0734561
0.0875965
0.104306
0.121701
0.139
0.15729
0.17961
0.200731
0.218388
0.234045
0.24559
0.252622
0.255922
0.255594
0.252432
0.248899
0.245195
0.240123
0.233432
0.228169
0.22469
0.224972
0.22846
0.233103
0.23577
0.23547
0.235058
0.235185
0.235671
0.237531
0.237854
0.233799
0.227222
0.217551
0.205811
0.191913
0.177576
0.161561
0.145525
0.131245
0.120292
0.113326
0.108647
0.105008
0.0985679
0.0894613
0.0798761
0.0727891
0.0684129
0.0643624
0.0607672
0.0571526
0.052771
0.0465222
0.0387661
0.0316618
0.0241202
0.0151274
0.00571071
-0.00411276
-0.0150511
-0.0286722
-0.0451009
-0.0623492
-0.0795685
-0.0977222
-0.116579
-0.136296
-0.156185
-0.171379
-0.180271
-0.185303
-0.187542
-0.187168
-0.185206
-0.180185
-0.172748
-0.163332
-0.152424
-0.140925
-0.131096
-0.122459
-0.117403
-0.114957
-0.115134
-0.11523
-0.114989
-0.114877
-0.11439
-0.112821
-0.109594
-0.105978
-0.1044
-0.102464
-0.100778
-0.0994847
-0.0993794
-0.100396
-0.102662
-0.103699
-0.102897
-0.102576
-0.103526
-0.106296
-0.110331
-0.113523
-0.116432
-0.121139
-0.12614
-0.130296
-0.13451
-0.134124
-0.130158
-0.125311
-0.121266
-0.116558
-0.110231
-0.103233
-0.095584
-0.0897431
-0.0847097
-0.0802211
-0.0758752
-0.0719655
-0.0718602
-0.0745135
-0.0770751
-0.0764971
-0.0719016
-0.0652154
-0.0564959
-0.0458667
-0.0322491
-0.016741
-0.000742694
0.0177042
0.0371034
0.0559455
0.0736625
0.0888476
0.100548
0.108374
0.113664
0.112899
0.106646
0.0952552
0.0820616
0.0688438
0.0581019
0.0504108
0.0446566
0.0407975
0.0402135
0.0397114
0.0390703
0.0396338
0.0394947
0.0394154
0.0397073
0.0400132
0.0396043
0.0375683
0.0335376
0.0293186
0.0274832
0.0235911
0.0166013
0.00926722
0.000376287
-0.00718666
-0.0113445
-0.0141359
-0.0176893
-0.0231296
-0.0272959
-0.0318449
-0.0363399
-0.0392306
-0.0396577
-0.0378672
-0.036196
-0.0356334
-0.0356594
-0.0367894
-0.0376183
-0.0378848
-0.0408886
-0.0459262
-0.053637
-0.059727
-0.0643648
-0.0700685
-0.0766824
-0.0825728
-0.0867787
-0.0897501
-0.093054
-0.0974069
-0.103696
-0.10817
-0.108701
-0.107007
-0.105296
-0.104823
-0.106556
-0.108967
-0.110474
-0.112545
-0.113656
-0.113192
-0.113091
-0.113376
-0.11344
-0.112461
-0.109637
-0.105171
-0.0994859
-0.0911863
-0.0798953
-0.06689
-0.0519212
-0.0347363
-0.0187404
-0.00532146
0.00507813
0.00839047
0.00362473
-0.00698546
-0.0198169
-0.0345463
-0.0545403
-0.0800579
-0.108649
-0.136256
-0.163163
-0.186963
-0.20701
-0.223222
-0.23517
-0.2408
-0.238905
-0.228298
-0.210973
-0.189695
-0.165947
-0.141165
-0.11848
-0.095571
-0.0742358
-0.0556545
-0.0408178
-0.0307588
-0.0270288
-0.0313165
-0.0402483
-0.0524366
-0.0668825
-0.0828451
-0.0993248
-0.113988
-0.126864
-0.134663
-0.136409
-0.130193
-0.117229
-0.104154
-0.0939655
-0.0853638
-0.0722881
-0.0476176
-0.0175323
0.0101208
0.032214
0.0488519
0.0607548
0.0696393
0.0745088
0.0722732
0.0621285
0.0444412
0.0211633
-0.0100113
-0.0464406
-0.0831412
-0.116577
-0.144406
-0.165794
-0.181648
-0.190722
-0.193273
-0.188675
-0.174744
-0.150761
-0.116737
-0.0738709
-0.0319922
0.00749549
0.0438687
0.0735358
0.0984875
0.121374
0.141111
0.153546
0.158669
0.157521
0.152651
0.146489
0.139222
0.13187
0.123791
0.116224
0.107331
0.0966631
0.0850867
0.0730282
0.0622846
0.0521645
0.0412248
0.0287917
0.0150852
-0.00076046
-0.0187769
-0.0359682
-0.051636
-0.0683896
-0.0880202
-0.109026
-0.127534
-0.141775
-0.150346
-0.154854
-0.156319
-0.155344
-0.152162
-0.1489
-0.143988
-0.137078
-0.132289
-0.130286
-0.130964
-0.131232
-0.13079
-0.130181
-0.129797
-0.130159
-0.131511
-0.133263
-0.133192
-0.128521
-0.12074
-0.10965
-0.0973174
-0.0829433
-0.0667214
-0.0499151
-0.0334773
-0.0190903
-0.0083448
-0.00162292
0.00186374
0.000926468
-0.00298652
-0.0105059
-0.0196339
-0.0294199
-0.0399571
-0.0513524
-0.0611185
-0.0670989
-0.0678249
-0.0644646
-0.0599292
-0.0536824
-0.0476612
-0.0402489
-0.0319265
-0.0236938
-0.015784
-0.00934101
-0.0044608
0.000354385
0.00499524
0.00969951
0.0129791
0.0141398
0.0157395
0.0163224
0.0170368
0.0158883
0.0102505
0.00304086
-0.00460176
-0.014185
-0.0258643
-0.0393696
-0.0559117
-0.0740328
-0.093426
-0.113162
-0.130615
-0.143505
-0.15319
-0.161231
-0.169087
-0.175541
-0.182316
-0.189337
-0.194785
-0.198693
-0.203031
-0.204507
-0.20487
-0.205967
-0.205702
-0.201327
-0.193515
-0.18422
-0.173044
-0.161697
-0.149397
-0.135241
-0.116812
-0.0957214
-0.0736213
-0.0524791
-0.033623
-0.015263
0.00491411
0.0290587
0.053704
0.0763052
0.0962675
0.115272
0.128556
0.137718
0.14615
0.154558
0.159101
0.15952
0.156319
0.151652
0.148143
0.145443
0.141768
0.133013
0.12089
0.106961
0.0922173
0.0780363
0.066596
0.0564487
0.0473772
0.0397001
0.0303166
0.0208716
0.014798
0.011033
0.00794903
0.0046888
0.000605447
-0.00303676
-0.00567212
-0.00614852
-0.00595832
-0.00729385
-0.00981697
-0.0160254
-0.024529
-0.0318183
-0.0369321
-0.0384117
-0.0376661
-0.0346454
-0.0319073
-0.0282316
-0.0218292
-0.012072
0.00262118
0.0194043
0.0385677
0.0601861
0.0833345
0.105649
0.126903
0.150455
0.174396
0.193373
0.210434
0.225667
0.236912
0.243141
0.245157
0.244153
0.240206
0.23233
0.221449
0.208244
0.193171
0.177773
0.164985
0.156784
0.154364
0.155646
0.156682
0.156902
0.154927
0.15231
0.150242
0.14795
0.144136
0.13804
0.128526
0.118751
0.109215
0.0982685
0.087159
0.0770626
0.0675395
0.05924
0.051262
0.0434899
0.0375321
0.0349642
0.0362209
0.0370062
0.0349175
0.0299577
0.0275572
0.0279185
0.0289408
0.0312835
0.0350648
0.0385663
0.041685
0.04571
0.050653
0.0560674
0.06119
0.0670533
0.0740855
0.0849275
0.0982091
0.111763
0.123872
0.132267
0.137185
0.139813
0.14221
0.145439
0.1478
0.149678
0.15054
0.153046
0.157657
0.161621
0.164783
0.169206
0.172517
0.175761
0.180273
0.181187
0.177748
0.171034
0.164716
0.157597
0.149194
0.139125
0.128688
0.120534
0.116359
0.117227
0.121466
0.126446
0.133259
0.143055
0.154776
0.167194
0.179592
0.192397
0.205731
0.218785
0.229602
0.238248
0.244219
0.246998
0.246943
0.243437
0.236696
0.228262
0.218307
0.20596
0.192092
0.176975
0.161523
0.147388
0.132904
0.116694
0.0982867
0.0788035
0.061548
0.0503594
0.0435457
0.0375815
0.0302046
0.0239213
0.01906
0.0176165
0.0181882
0.0181136
0.0172656
0.0156135
0.0118094
0.00659394
0.00125626
-0.00412095
-0.011001
-0.0190321
-0.0289769
-0.0382994
-0.0465877
-0.0533491
-0.0583856
-0.0604693
-0.0625533
-0.0691607
-0.0792523
-0.0909512
-0.103699
-0.115379
-0.126796
-0.139237
-0.14913
-0.157026
-0.162771
-0.165167
-0.165142
-0.163224
-0.16019
-0.157846
-0.15507
-0.150469
-0.143917
-0.136129
-0.13045
-0.127417
-0.125603
-0.123525
-0.119238
-0.113169
-0.0990172
-0.0910317
-0.0834005
-0.073102
-0.06279
-0.0540683
-0.0449882
-0.0360188
-0.0277642
-0.0201488
-0.0153433
-0.0121771
-0.00773568
-0.00560178
-0.00568382
-0.00562784
-0.00630476
-0.00906748
-0.0139881
-0.0182668
-0.0200712
-0.0224454
-0.0242335
-0.0263741
-0.0279922
-0.0288225
-0.0311491
-0.0342845
-0.0352139
-0.0347109
-0.0342937
-0.0319043
-0.0264421
-0.0188507
-0.00951379
0.000775131
0.011262
0.0207759
0.0301104
0.039999
0.0478325
0.0521447
0.0534154
0.0541194
0.0535076
0.0519118
0.0479099
0.0414723
0.0342312
0.0258544
0.0172091
0.00882739
0.000485511
-0.0104477
-0.0253877
-0.045258
-0.0664309
-0.0892246
-0.110171
-0.127987
-0.145736
-0.163817
-0.181087
-0.195806
-0.207393
-0.215575
-0.220668
-0.222608
-0.221426
-0.219157
-0.216261
-0.208484
-0.196108
-0.181862
-0.16609
-0.150632
-0.137587
-0.125382
-0.111025
-0.0944583
-0.0781787
-0.0631125
-0.0495055
-0.0382792
-0.030645
-0.025656
-0.0229403
-0.0219035
-0.024661
-0.030007
-0.0377807
-0.0462657
-0.0523494
-0.0561149
-0.0600685
-0.0663312
-0.074026
-0.0798215
-0.0821474
-0.0801108
-0.0746515
-0.069676
-0.0619388
-0.0517923
-0.0420211
-0.0309948
-0.0192371
-0.00641867
0.00523682
0.0154924
0.0236733
0.0293092
0.0313434
0.0294049
0.0253301
0.0192768
0.00966825
-0.00157378
-0.0155153
-0.0287792
-0.0352848
-0.0363911
-0.0346291
-0.0304555
-0.0249
-0.0167535
-0.00719194
0.00313932
0.0130291
0.0229721
0.0322306
0.0393558
0.0473629
0.0558415
0.0613529
0.064253
0.0650498
0.0643999
0.0636375
0.061231
0.0553452
0.0474177
0.0396761
0.0321455
0.0249961
0.0189865
0.0144925
0.00965445
0.00517988
0.00187365
0.00143261
0.00647144
0.0155107
0.0240929
0.0303361
0.0355735
0.0399436
0.045149
0.0500495
0.0537387
0.05599
0.056782
0.0576613
0.0595776
0.062887
0.0651757
0.0652893
0.0635856
0.0604763
0.0563306
0.0533682
0.0520461
0.0504978
0.0496689
0.0492845
0.0466614
0.0407377
0.0329387
0.0255955
0.020702
0.0155274
0.0100975
0.00475796
0.00142252
-0.000178675
-0.00310681
-0.00596595
-0.00480246
-0.0022169
0.000527742
0.00568322
0.014261
0.0254442
0.037512
0.0466045
0.0509886
0.0529489
0.0524168
0.0503148
0.0459447
0.0392491
0.031278
0.0215596
0.0113062
0.00135929
-0.00732465
-0.0148329
-0.0205603
-0.0245922
-0.0274505
-0.0280703
-0.0265903
-0.0235328
-0.0185127
-0.0134374
-0.00667887
0.00259806
0.0121253
0.0204333
0.0292612
0.0401854
0.0510785
0.060083
0.0647313
0.0662273
0.0648236
0.0600139
0.0538887
0.0469119
0.0393625
0.0322788
0.0260538
0.0206044
0.0160779
0.0124626
0.00888919
0.00572621
0.00205412
-0.00126413
-0.00562929
-0.00899932
-0.0111746
-0.0121784
-0.0138459
-0.0153518
-0.0157219
-0.0150389
-0.0135754
-0.0125762
-0.0119401
-0.0105325
-0.00645889
-0.00093483
0.00349525
0.00588728
0.0060679
0.00557939
0.00537565
0.00459314
0.00241446
-0.000869999
-0.00344055
-0.00495806
-0.00551481
-0.00564749
-0.00480572
-0.00240429
6.57511e-05
0.00186295
0.00400354
0.00694089
0.0100456
0.0127466
0.0150466
0.0165354
0.0157494
0.012587
0.00885522
0.00517315
0.00221117
-0.000343352
-0.00375351
-0.00813071
-0.0130836
-0.0174493
-0.0218808
-0.0267643
-0.0317158
-0.0361345
-0.039235
-0.0409552
-0.0410057
-0.0407479
-0.0404599
-0.0399227
-0.0389513
-0.0367217
-0.033634
-0.030474
-0.0266469
-0.0216987
-0.0170886
-0.012627
-0.00879315
-0.00559107
-0.00301392
-0.00139315
-0.000297014
0.000101694
-0.000229315
-0.0007954
-0.00153718
-0.00251342
-0.00271401
-0.00264907
-0.0022434
-0.00224095
-0.00365332
-0.00496009
-0.00440855
-0.0023996
-0.00031045
0.000377801
-8.67394e-06
-0.00115611
-0.00312484
-0.00586493
-0.00891746
-0.0124984
-0.0164053
-0.0201609
-0.0241326
-0.0274055
-0.0305841
-0.0331143
-0.0344365
-0.0346941
-0.0339992
-0.0325905
-0.0306175
-0.0279386
-0.025088
-0.0220921
-0.0188335
-0.0161837
-0.0140236
-0.0125546
-0.0116917
-0.0110885
-0.0109903
-0.011902
-0.0127866
-0.0132403
-0.0137947
-0.0146286
-0.0157899
-0.0169459
-0.0178025
-0.0180801
-0.0176783
-0.0169437
-0.0159958
-0.0152471
-0.0148438
-0.0147403
-0.0144259
-0.0141773
-0.0145815
-0.0151694
-0.0163097
-0.0177722
-0.0190028
-0.0200273
-0.0207168
-0.0213328
-0.0221415
-0.0229985
-0.0238966
-0.0242863
-0.0239596
-0.0233037
-0.0220125
-0.020529
-0.0189532
-0.0172887
-0.0156174
-0.014213
-0.0131947
-0.0124766
-0.0124045
-0.0127832
-0.0131706
-0.0135229
-0.0138959
-0.0143337
-0.0151592
-0.0163291
-0.0173196
-0.0179981
-0.0181128
-0.0177065
-0.0172004
-0.0167954
-0.0163622
-0.0157227
-0.014823
-0.0138649
-0.0133506
-0.0128836
-0.012145
-0.0112762
-0.0106307
-0.0101171
-0.00944251
-0.00867564
-0.00794423
-0.00709242
-0.00639379
-0.00584233
-0.00541501
-0.00468923
-0.00372363
-0.00285263
-0.00199772
-0.00113699
-0.000395214
0.000144533
0.000605322
0.00096449
0.00121837
0.00133772
0.00149341
0.00156731
0.00150034
0.00132825
0.000891286
0.000382404
-0.000149592
-0.000740343
-0.00130558
-0.00192101
-0.00253305
-0.00316005
-0.00378552
-0.00430305
-0.0047113
-0.00501687
-0.00526867
-0.00548752
-0.00567598
-0.00574638
-0.00548887
-0.0050567
-0.00461335
-0.00416739
-0.00374075
-0.00329691
-0.00283853
-0.00238377
-0.00191694
-0.00145707
-0.00102792
-0.000677564
-0.000307105
-1.11049e-06
0.000192834
0.000328006
0.000410066
0.000443783
0.000410288
0.000364631
0.000309756
0.000253816
0.000243251
0.000294004
0.000366413
0.000448873
0.000538977
0.000628503
0.000750656
0.000952882
0.00120178
0.00145065
0.00171292
0.00199342
0.0022731
0.00254775
0.00280084
0.00303741
0.00324498
0.00342176
0.00356869
0.00371411
0.00387017
0.0040132
0.00415051
0.00426533
0.00438148
0.00450594
0.00462521
0.00474273
0.00487535
0.00502785
0.00518927
0.00534776
0.00549699
0.00563755
0.00576565
0.00587675
0.00597151
0.00605618
0.0061245
0.00617742
0.00621657
0.00624486
0.00626012
0.00626744
0.00627314
0.00628136
0.0062896
0.00629863
0.00631341
0.00633416
0.00635764
0.0063808
0.00640449
0.00642775
0.00644801
0.00646633
0.0064838
0.00650109
0.00651692
0.00653221
0.00654668
0.0065603
0.00657336
0.00658558
0.00659733
0.00660876
0.00661943
0.00662935
0.00663852
0.00664715
0.00665524
0.00666266
0.00666958
0.00667597
0.0066817
0.0066868
0.00669134
0.0066953
0.00669856
0.00670118
0.00670316
0.00670444
0.00670485
0.00670435
0.00670291
0.00670051
0.00669715
0.00669281
0.00668749
0.00668118
0.00667385
0.00666551
0.00665615
0.00664575
0.00663432
0.00662185
0.00660833
0.00659375
0.00657813
0
0
0
