0.0092503
0.00917447
0.00910082
0.0090388
0.00900098
0.00900669
0.00908536
0.00925732
0.00951643
0.00983012
0.0101925
0.0106425
0.0112443
0.0120255
0.0129594
0.0139542
0.0148819
0.0156243
0.0161179
0.0163525
0.0164321
0.0164862
0.0165414
0.0165603
0.0165051
0.016376
0.0162136
0.0160664
0.0159579
0.0158487
0.0156336
0.0151229
0.01409
0.012381
0.010087
0.00758497
0.00529934
0.00372726
0.00338433
0.0046173
0.00764316
0.0124346
0.0183726
0.0247402
0.0309085
0.0358841
0.0381326
0.0360695
0.0292387
0.0189186
0.00686013
-0.00540106
-0.0172608
-0.0283277
-0.0376171
-0.0435621
-0.0450385
-0.0422841
-0.0364272
-0.0290395
-0.020661
-0.0105494
0.00176345
0.0152965
0.027281
0.0338247
0.0316307
0.0212147
0.00746727
-0.00583551
-0.016985
-0.0254603
-0.031237
-0.0339443
-0.0336476
-0.0318832
-0.0307109
-0.0301555
-0.0293684
-0.0283417
-0.0278248
-0.0286026
-0.0302609
-0.0314807
-0.0306719
-0.0261745
-0.0169998
-0.00356746
0.0126064
0.0280617
0.0378839
0.039644
0.034341
0.0240235
0.0113122
-0.001229
-0.0138576
-0.0278749
-0.04346
-0.059069
-0.0715839
-0.0779525
-0.0770587
-0.0697982
-0.0587407
-0.0465649
-0.0322633
-0.0135651
0.0101229
0.0360284
0.0573508
0.0656786
0.0559087
0.0336787
0.0206407
0.0326409
0.0672659
0.109761
0.149507
0.180552
0.197255
0.195575
0.177122
0.151291
0.125634
0.10249
0.0827602
0.0663213
0.0514705
0.0355404
0.0166998
-0.00432845
-0.0248641
-0.0411384
-0.0498536
-0.0501655
-0.0445555
-0.0368268
-0.0299427
-0.0262076
-0.0260905
-0.0287364
-0.0332664
-0.0384035
-0.0428184
-0.0464881
-0.0494941
-0.0502137
-0.0453865
-0.0333312
-0.0186315
-0.00609271
0.00528123
0.0186703
0.0349118
0.0518469
0.0645631
0.0676483
0.0608366
0.0493817
0.0372311
0.0246355
0.0109633
-0.00341454
-0.0164954
-0.0246349
-0.0237711
-0.0126199
0.00386199
0.0197395
0.0337017
0.0462326
0.0565918
0.0628385
0.0640648
0.0632275
0.0634482
0.0660426
0.0715545
0.0798257
0.0898246
0.100406
0.110928
0.120302
0.126566
0.12733
0.120966
0.108341
0.0927826
0.0759787
0.0584557
0.0410592
0.0242505
0.00850045
-0.00573493
-0.0185851
-0.031056
-0.0444584
-0.0606089
-0.081452
-0.107845
-0.137997
-0.167287
-0.191286
-0.206614
-0.211573
-0.206822
-0.193383
-0.172838
-0.147267
-0.116356
-0.0800741
-0.0387492
0.00775971
0.0576351
0.106687
0.148442
0.17663
0.189767
0.190406
0.181916
0.171383
0.164971
0.158244
0.144854
0.123333
0.0980809
0.0778833
0.0686724
0.0700377
0.0782662
0.0904496
0.102402
0.110036
0.114131
0.117448
0.120742
0.123459
0.124781
0.12417
0.121264
0.116132
0.109576
0.101909
0.091807
0.0772355
0.0568241
0.0316035
0.00533038
-0.0183462
-0.0364754
-0.0472518
-0.0516296
-0.0531334
-0.0542848
-0.0564854
-0.060341
-0.066343
-0.075153
-0.0869843
-0.101697
-0.120248
-0.142796
-0.167017
-0.189104
-0.20535
-0.21265
-0.209746
-0.19845
-0.182092
-0.161648
-0.13739
-0.11058
-0.0810418
-0.0491869
-0.0177396
0.00919855
0.0296275
0.0448467
0.0586385
0.0731179
0.0885961
0.104993
0.12223
0.140356
0.159193
0.177994
0.195574
0.210467
0.221008
0.225557
0.222891
0.214257
0.203354
0.191703
0.178855
0.164156
0.146829
0.125987
0.101519
0.074013
0.0437641
0.0118654
-0.0198422
-0.0511025
-0.082601
-0.115056
-0.14869
-0.182586
-0.214211
-0.239581
-0.254763
-0.258226
-0.252883
-0.243751
-0.232213
-0.218752
-0.204237
-0.188386
-0.170923
-0.151908
-0.132225
-0.113622
-0.0977796
-0.0851695
-0.0745716
-0.0638752
-0.0530351
-0.0434645
-0.0368972
-0.0344926
-0.0358823
-0.0384805
-0.0382989
-0.0341462
-0.0294487
-0.0288969
-0.0334459
-0.040807
-0.0484907
-0.0547851
-0.0581022
-0.0568981
-0.0502972
-0.0387223
-0.0229247
-0.00188113
0.0247437
0.0551976
0.0881403
0.12294
0.157522
0.187594
0.207593
0.214102
0.209455
0.197212
0.178185
0.153328
0.123072
0.0896404
0.0562353
0.0246978
-0.00340322
-0.0266138
-0.0444718
-0.0572294
-0.0628683
-0.0588858
-0.0456645
-0.0261045
-0.00256201
0.0200648
0.0337046
0.0321759
0.0167553
-0.00306567
-0.0226339
-0.042852
-0.0648979
-0.0872841
-0.105076
-0.112371
-0.106815
-0.0925132
-0.0778599
-0.0651275
-0.0526805
-0.0384008
-0.0210915
-0.00159297
0.0174277
0.0333135
0.0456336
0.0549828
0.0594525
0.0555989
0.0415644
0.0208557
0.00244385
-0.0118711
-0.0249299
-0.0375254
-0.0468379
-0.0487614
-0.042575
-0.0330776
-0.0269776
-0.0284015
-0.0388863
-0.0563721
-0.0753409
-0.0914101
-0.101496
-0.102955
-0.0946626
-0.0778134
-0.0541597
-0.026686
-0.000921081
0.0198864
0.036395
0.048972
0.0566201
0.059205
0.0586943
0.0571463
0.0545498
0.0504633
0.0447435
0.0365473
0.0248604
0.00972653
-0.00740218
-0.0247539
-0.0395975
-0.0482374
-0.0481269
-0.0416675
-0.0342613
-0.0283778
-0.0251967
-0.0260098
-0.031763
-0.0426704
-0.058553
-0.0771354
-0.0924804
-0.0974162
-0.0890075
-0.0705699
-0.0496523
-0.029414
-0.0106925
0.00620595
0.0214931
0.0352697
0.0473467
0.0564503
0.0612237
0.0615211
0.0578523
0.0494715
0.036591
0.0214701
0.00648966
-0.00515234
-0.0100857
-0.00729442
0.000244947
0.00577949
0.00359951
-0.0077869
-0.0252354
-0.0423075
-0.0549827
-0.0626634
-0.0673554
-0.0730493
-0.0834192
-0.100052
-0.121494
-0.142594
-0.155992
-0.156006
-0.140587
-0.112587
-0.0767283
-0.0369069
0.00218571
0.0392175
0.0754221
0.110942
0.14255
0.164614
0.171511
0.158567
0.122583
0.0697779
0.0186262
-0.0111741
-0.00982118
0.0136638
0.0423661
0.0635893
0.0690312
0.0571467
0.0327715
0.00358368
-0.022658
-0.0390025
-0.0436236
-0.0396754
-0.0324868
-0.0229251
-0.0100133
0.00569235
0.0199286
0.0255407
0.0186157
0.00080629
-0.021304
-0.0428492
-0.0602724
-0.0690968
-0.0655259
-0.0508135
-0.0289469
-9.31587e-05
0.0348033
0.071892
0.109216
0.144211
0.172262
0.188436
0.190309
0.178747
0.154111
0.119934
0.0813218
0.0414094
0.00336917
-0.0303188
-0.0573037
-0.0753462
-0.0834904
-0.0831791
-0.0751693
-0.0592454
-0.0360742
-0.00830148
0.0187967
0.0428232
0.0628783
0.0735443
0.0682403
0.0458885
0.016546
-0.00399284
-0.00738094
0.00699118
0.0325937
0.0593661
0.0799922
0.0920013
0.096027
0.0945081
0.0894308
0.0821835
0.074268
0.0643808
0.0496275
0.0281185
0.000242069
-0.0294502
-0.0515958
-0.0558879
-0.0385178
-0.00531489
0.0325679
0.0683344
0.0963948
0.111926
0.113541
0.104703
0.0929299
0.0850037
0.0826587
0.084513
0.0876768
0.0891618
0.0871194
0.0798064
0.0658345
0.0453423
0.0215333
-0.000589716
-0.0202458
-0.0393117
-0.0591845
-0.079203
-0.0966127
-0.107507
-0.108454
-0.0991731
-0.0838618
-0.0676956
-0.0529392
-0.0404893
-0.0303462
-0.0218732
-0.0146181
-0.0101598
-0.0104374
-0.0155045
-0.021985
-0.0238082
-0.0170953
-0.00243066
0.0146558
0.0263017
0.0282052
0.0203409
0.00772571
-0.000874426
-0.000210507
0.00939043
0.0221077
0.0290822
0.0263617
0.0153584
0.00112559
-0.0123279
-0.0241667
-0.0351295
-0.0464367
-0.0590889
-0.0734319
-0.0885975
-0.102168
-0.110422
-0.109475
-0.0972859
-0.0755715
-0.0478506
-0.0146512
0.0222175
0.056871
0.0816107
0.0879882
0.0703284
0.0309307
-0.0201643
-0.0706697
-0.107756
-0.131325
-0.145886
-0.149766
-0.140605
-0.121518
-0.101078
-0.0833449
-0.0706914
-0.0659156
-0.070561
-0.0824674
-0.0950198
-0.101281
-0.0955529
-0.0804763
-0.067619
-0.063564
-0.0695135
-0.0821352
-0.094052
-0.0992671
-0.0960534
-0.0860732
-0.0715487
-0.0535279
-0.0342266
-0.0177882
-0.00747374
-0.00525777
-0.0107277
-0.0196613
-0.0261404
-0.027601
-0.0241667
-0.0180935
-0.0134664
-0.0135806
-0.0193238
-0.0288584
-0.0378382
-0.0416333
-0.0381672
-0.0286493
-0.0182089
-0.0140464
-0.0188212
-0.028487
-0.0345263
-0.0305019
-0.0147991
0.00867762
0.032463
0.0506725
0.0582254
0.0514909
0.0307246
0.001727
-0.0250256
-0.041803
-0.0450535
-0.0348796
-0.0147308
0.00925594
0.0297195
0.0406997
0.0370737
0.0168936
-0.0138762
-0.0451197
-0.0724837
-0.094052
-0.107722
-0.112168
-0.108255
-0.099373
-0.0899409
-0.0825477
-0.0786188
-0.0794195
-0.0852623
-0.0940407
-0.100837
-0.100981
-0.0922634
-0.0757198
-0.0554262
-0.0344253
-0.0136147
0.00583102
0.0213405
0.0294016
0.0274494
0.016579
0.00344878
-0.00337835
-0.00153542
0.00546446
0.010657
0.00911683
0.00121989
-0.0089057
-0.0172127
-0.0217019
-0.0220735
-0.0198024
-0.0172892
-0.0151684
-0.0128904
-0.0097776
-0.00562411
-0.00111996
0.0025081
0.00366667
0.000878928
-0.00625953
-0.0167549
-0.0297738
-0.0437438
-0.0552039
-0.0597696
-0.0543269
-0.0391324
-0.0189862
0.000108272
0.0146876
0.0224678
0.0221617
0.0147303
0.00292314
-0.0105712
-0.0219809
-0.0281858
-0.0275304
-0.0203137
-0.0098139
-0.000344325
0.0069513
0.0127605
0.0181843
0.0240818
0.0297891
0.0337217
0.0344146
0.0316912
0.0276506
0.026272
0.0301988
0.0385716
0.0477481
0.05476
0.0589688
0.0612073
0.062452
0.0634763
0.0651887
0.0684645
0.073612
0.0799637
0.0854644
0.0866738
0.07969
0.0624571
0.0380511
0.0131271
-0.00808605
-0.0225154
-0.027638
-0.0231745
-0.0120579
0.00152502
0.0142992
0.0258565
0.0368251
0.0474707
0.0575513
0.0664657
0.0737154
0.07873
0.0804105
0.0783486
0.0738677
0.0690506
0.0645112
0.0601352
0.0558985
0.0520225
0.0491316
0.0482396
0.05004
0.0539415
0.0576821
0.0585271
0.0549284
0.046923
0.0357567
0.0216008
0.00450206
-0.013593
-0.0284976
-0.0361673
-0.0350259
-0.0275048
-0.0191293
-0.0126448
-0.00944966
-0.0109791
-0.0180292
-0.0296682
-0.0426366
-0.0539813
-0.0635756
-0.0721652
-0.0785984
-0.0794909
-0.0712285
-0.0528476
-0.0288573
-0.0080212
0.0059639
0.0144822
0.0177127
0.0159627
0.0115895
0.00765598
0.00465885
0.00186695
-0.00136154
-0.0053318
-0.00989129
-0.0146569
-0.0194055
-0.0245731
-0.031178
-0.0404132
-0.0529332
-0.0679908
-0.0836051
-0.0987441
-0.112654
-0.124268
-0.132429
-0.136486
-0.136501
-0.132173
-0.123273
-0.109322
-0.0904136
-0.0694343
-0.0513468
-0.0380563
-0.0283857
-0.0195331
-0.00998928
0.00022213
0.0105773
0.0204587
0.0295099
0.0375737
0.0442779
0.049171
0.0522263
0.0542346
0.0564837
0.0590766
0.0612532
0.0619078
0.0600176
0.0552079
0.0483389
0.0409786
0.0330282
0.0234604
0.0115041
-0.00258415
-0.0172126
-0.0306265
-0.0416024
-0.0495118
-0.0547257
-0.0582755
-0.0598308
-0.0588892
-0.0562147
-0.0537314
-0.0525561
-0.0531693
-0.0555366
-0.0588708
-0.0621897
-0.0648381
-0.0661894
-0.0655868
-0.062712
-0.0580454
-0.0530879
-0.0492642
-0.0459379
-0.040876
-0.0313094
-0.0153112
0.00636231
0.0287503
0.043345
0.0435376
0.0309715
0.014042
-0.00111878
-0.0111152
-0.0134978
-0.00771047
0.00346205
0.0131228
0.0138952
0.00493904
-0.00875663
-0.0209876
-0.0279881
-0.0279901
-0.0212705
-0.0111672
-0.00369764
-0.00345795
-0.00928795
-0.0151419
-0.0142451
-0.00523008
0.00726183
0.0151739
0.0137253
0.00272445
-0.0134962
-0.0287651
-0.0384162
-0.0387592
-0.0278884
-0.00761867
0.0159036
0.0358904
0.0490504
0.0543918
0.052184
0.042588
0.027416
0.0104421
-0.00768515
-0.0270923
-0.0468833
-0.0652079
-0.0790631
-0.085406
-0.0831511
-0.0750371
-0.0659249
-0.0582022
-0.0531559
-0.0516385
-0.0533152
-0.0562398
-0.0574771
-0.0550604
-0.0480161
-0.0368592
-0.0240979
-0.012864
-0.00528003
-0.0030969
-0.00834749
-0.0215246
-0.039118
-0.0522531
-0.0513107
-0.0390841
-0.026758
-0.0215754
-0.0251426
-0.0345236
-0.044386
-0.0527641
-0.0600965
-0.0673984
-0.0753724
-0.0836123
-0.0903814
-0.0929931
-0.0891019
-0.0788679
-0.0653067
-0.0499457
-0.033175
-0.0161383
-0.000601239
0.0124223
0.0228273
0.0316941
0.0408238
0.0503282
0.059233
0.0663695
0.0709056
0.0729418
0.0735838
0.073683
0.0726567
0.0692296
0.0622714
0.0510044
0.0349776
0.0156721
-0.00317808
-0.0186477
-0.0302488
-0.038808
-0.0440798
-0.04455
-0.0394698
-0.0301397
-0.0184606
-0.00538569
0.00789485
0.0204776
0.0328929
0.0464788
0.0623422
0.0801847
0.0979422
0.112447
0.121506
0.124771
0.123523
0.118387
0.110214
0.101381
0.0940049
0.0878631
0.0813022
0.0726458
0.0606496
0.044931
0.0263973
0.0065756
-0.013904
-0.0344202
-0.0539599
-0.0713446
-0.0848034
-0.0915926
-0.089771
-0.0802466
-0.0665761
-0.0515339
-0.0353288
-0.0176994
0.00131379
0.0204733
0.0367278
0.0458525
0.0443822
0.031951
0.0125903
-0.00706196
-0.0234523
-0.0344706
-0.0384665
-0.0355014
-0.0280405
-0.0189862
-0.00972797
-0.00161714
0.00451979
0.00844346
0.0103393
0.0104652
0.00847878
0.00466871
0.00052388
-0.00271539
-0.00477835
-0.00595691
-0.00655764
-0.00663403
-0.00634831
-0.00603374
-0.00556231
-0.00441091
-0.00204193
0.00172693
0.00640986
0.0110111
0.014621
0.0163715
0.0155994
0.0123687
0.00736151
0.000529646
-0.00787462
-0.0162346
-0.0219582
-0.023617
-0.0219401
-0.0193992
-0.0179165
-0.0177631
-0.0181559
-0.0176368
-0.0145919
-0.00807603
0.00141235
0.0117106
0.0202343
0.0248073
0.0239223
0.01728
0.00577383
-0.00727509
-0.0168094
-0.0214253
-0.0234113
-0.0246427
-0.025233
-0.0247035
-0.0230536
-0.0208659
-0.0181751
-0.0149283
-0.0113835
-0.00780505
-0.00421542
-0.000524136
0.00324708
0.00676074
0.00897504
0.00793826
0.00177564
-0.00980529
-0.0242665
-0.0371343
-0.0449108
-0.0451627
-0.0370987
-0.0231019
-0.00787209
0.00730826
0.0225948
0.0372339
0.0493279
0.0565947
0.0576591
0.0536489
0.0485284
0.0454528
0.045085
0.046491
0.0480837
0.0491833
0.0496718
0.0494691
0.0484898
0.0467054
0.0443858
0.0423105
0.0416456
0.0430831
0.0465591
0.0510596
0.0552053
0.0585295
0.0612205
0.0638006
0.0669451
0.0710967
0.0762622
0.0817786
0.0862875
0.0879536
0.0849924
0.0766133
0.0637456
0.0479197
0.0302912
0.012752
-0.00285413
-0.0162235
-0.0282906
-0.0403763
-0.0522682
-0.0627213
-0.0703366
-0.0742476
-0.0744017
-0.0704314
-0.0618757
-0.0487804
-0.0302219
-0.00673032
0.0176245
0.0367543
0.0467792
0.0467028
0.0385123
0.0270595
0.0160409
0.00670141
-0.00019849
-0.00389676
-0.0042529
-0.00253386
-0.00102083
-0.000231926
0.00022928
0.000709752
0.00142738
0.00242836
0.00363152
0.00484355
0.00575595
0.00569721
0.00376744
-0.000613124
-0.00703312
-0.0135998
-0.0175122
-0.0178118
-0.0163807
-0.0154475
-0.0153131
-0.0148534
-0.0121536
-0.00510272
0.00729449
0.0233769
0.0385609
0.0479376
0.0478119
0.0385759
0.0258627
0.0126973
0.00122048
-0.00533251
-0.00413139
0.00552688
0.0202523
0.0333506
0.0414636
0.0452207
0.0460719
0.0437053
0.0373988
0.0280811
0.0182035
0.00868989
-4.43041e-05
-0.00706708
-0.011315
-0.0122548
-0.0109438
-0.00972774
-0.0097517
-0.011339
-0.014434
-0.0182669
-0.0214673
-0.0228088
-0.0215896
-0.0178672
-0.012985
-0.00911846
-0.00723905
-0.00717909
-0.00804287
-0.00881871
-0.00905062
-0.00849675
-0.00698767
-0.00447249
-0.00122616
0.00221853
0.00566568
0.00921933
0.0129795
0.0170378
0.0216753
0.0273214
0.0343061
0.0425964
0.0519061
0.0626107
0.0749549
0.0881392
0.0998851
0.106946
0.107366
0.102649
0.0958952
0.0880696
0.0795982
0.0714028
0.0637169
0.0561556
0.0481823
0.0394359
0.0296623
0.0187297
0.0066787
-0.00647304
-0.0207453
-0.035551
-0.0493585
-0.0602666
-0.0669766
-0.0694779
-0.0688994
-0.0654155
-0.0589312
-0.0505107
-0.0416231
-0.0320433
-0.0209233
-0.00798211
0.00603974
0.0191102
0.0279589
0.0290736
0.0207579
0.00557067
-0.0102827
-0.0233812
-0.0335531
-0.0417515
-0.048238
-0.052218
-0.0530766
-0.0516141
-0.049805
-0.0479463
-0.0454499
-0.041823
-0.0367403
-0.0297073
-0.0207198
-0.0110264
-0.00315832
0.000126561
-0.00304802
-0.012365
-0.0242533
-0.0339304
-0.0398748
-0.042653
-0.0425073
-0.0384908
-0.0299356
-0.0182728
-0.00654615
0.00455161
0.0154835
0.0260939
0.0349445
0.0397909
0.0389371
0.032482
0.0234159
0.0169101
0.0155704
0.0192873
0.0258075
0.0321942
0.0365319
0.0371865
0.0328766
0.0235687
0.0117138
0.00165403
-0.00437465
-0.00581119
-0.0023457
0.00495319
0.0134356
0.021416
0.0290444
0.0369115
0.0451784
0.0531571
0.0593857
0.0622243
0.060869
0.0564766
0.0518168
0.0481866
0.045993
0.045362
0.0459229
0.04689
0.0477598
0.0481577
0.0474609
0.0448572
0.0397527
0.0324286
0.0243738
0.0172887
0.0119054
0.00818569
0.00542426
0.00262433
-0.000686899
-0.00481234
-0.0101201
-0.0169121
-0.0251636
-0.034624
-0.0451862
-0.0560027
-0.0648555
-0.0683851
-0.0633604
-0.048808
-0.0284447
-0.00950744
0.00484457
0.0143364
0.0192629
0.019548
0.0161621
0.0118075
0.00816262
0.00493525
0.00106476
-0.00448719
-0.0123088
-0.0224422
-0.0349025
-0.0488417
-0.0617562
-0.0700794
-0.0716585
-0.0664701
-0.0555275
-0.0389903
-0.0187097
0.000886449
0.0148652
0.0182588
0.00987306
-0.00420964
-0.0184183
-0.0310772
-0.0415162
-0.0489949
-0.0525597
-0.051573
-0.0460158
-0.0371762
-0.0279237
-0.0195973
-0.0119947
-0.00458187
0.00286077
0.00932059
0.012875
0.0120143
0.00722658
-0.000488978
-0.0109514
-0.0231273
-0.0347229
-0.0442857
-0.0507719
-0.0529928
-0.0500594
-0.0428497
-0.0342671
-0.0262174
-0.0183923
-0.00953772
0.00165734
0.0159798
0.0328127
0.0497919
0.0639236
0.0725501
0.0738865
0.0677709
0.0564645
0.0425283
0.0268178
0.0106285
-0.00383177
-0.0150438
-0.0221453
-0.024835
-0.022508
-0.014941
-0.00413246
0.00676041
0.0168117
0.0260763
0.0344546
0.0412643
0.0445053
0.0421643
0.0340296
0.022945
0.0131872
0.00645074
0.00250854
2.84625e-05
-0.00237082
-0.00431888
-0.0045453
-0.00202404
0.00310901
0.00935394
0.0154305
0.0210066
0.0262285
0.0314637
0.0370898
0.0431903
0.0494804
0.0552869
0.059619
0.0614658
0.0603003
0.0567283
0.0520778
0.0460743
0.0380614
0.028568
0.0200399
0.0166454
0.022313
0.0383415
0.0607719
0.0808741
0.0921121
0.0920184
0.081518
0.0637123
0.0439425
0.0263776
0.0125909
0.00333094
-0.00109934
-0.000979109
0.0020624
0.00521436
0.00805773
0.0111125
0.0141904
0.0161255
0.0148469
0.00818365
-0.00464226
-0.0212013
-0.0365706
-0.048237
-0.0557301
-0.0600388
-0.0635048
-0.0675197
-0.0707098
-0.0702075
-0.0635435
-0.0504493
-0.0343126
-0.0206799
-0.0133318
-0.0140468
-0.0223467
-0.0350116
-0.0482518
-0.0620596
-0.0780128
-0.0966327
-0.116316
-0.13354
-0.144225
-0.144859
-0.134704
-0.116314
-0.0915185
-0.0631104
-0.0361997
-0.0134506
0.00536088
0.0214506
0.0342202
0.0421015
0.0449393
0.0450626
0.0450564
0.0452759
0.0450853
0.043826
0.0411466
0.0370616
0.0314637
0.0245713
0.0173035
0.0109521
0.00628095
0.00331133
0.00105123
-0.00243235
-0.00898224
-0.0198147
-0.0346681
-0.0512706
-0.0666115
-0.077566
-0.081009
-0.0750052
-0.0608404
-0.0429143
-0.0237668
-0.004392
0.0145993
0.033882
0.054219
0.0754664
0.095796
0.110912
0.115614
0.106636
0.0860172
0.0610865
0.0368913
0.0162585
0.00162053
-0.00633674
-0.0095556
-0.011977
-0.0153357
-0.01932
-0.0232757
-0.0267206
-0.029117
-0.029722
-0.0279264
-0.0236261
-0.0176914
-0.0115845
-0.00552608
0.000988885
0.00843462
0.016937
0.0261172
0.0356538
0.0457491
0.0567704
0.0687638
0.0810897
0.0922911
0.100652
0.104878
0.104815
0.101676
0.09621
0.0872844
0.0739369
0.0573853
0.0410696
0.0276073
0.0181271
0.0123344
0.00876376
0.00679558
0.00613291
0.00585647
0.00511861
0.0034623
0.000575302
-0.00356209
-0.00848991
-0.0136706
-0.0184743
-0.0218121
-0.0222043
-0.0184006
-0.01033
0.00017122
0.0107043
0.0211717
0.0326643
0.046143
0.0617247
0.0778211
0.0909025
0.0962646
0.0906089
0.0764813
0.0612087
0.0487707
0.0391448
0.0307152
0.0216955
0.0103191
-0.0049541
-0.0247209
-0.0477388
-0.0706434
-0.0896595
-0.101827
-0.105566
-0.101209
-0.0897073
-0.0733274
-0.0557968
-0.0372938
-0.0166713
0.00608494
0.0297158
0.0518055
0.0687382
0.0765381
0.0724155
0.0566032
0.033719
0.00829983
-0.0164172
-0.0364315
-0.0484039
-0.0506679
-0.045058
-0.0368699
-0.0293166
-0.0239303
-0.0225221
-0.0265744
-0.0352831
-0.0456423
-0.0556725
-0.0653096
-0.0747402
-0.0834005
-0.0898162
-0.0919991
-0.0882477
-0.0786132
-0.0658001
-0.0527999
-0.0403301
-0.0281149
-0.0157204
-0.00243737
0.0124202
0.02904
0.0466232
0.0630732
0.0752314
0.080124
0.076441
0.0663631
0.05454
0.0418677
0.0275266
0.0116104
-0.00457405
-0.0197052
-0.0323744
-0.0412858
-0.0460252
-0.0473164
-0.0471042
-0.0463793
-0.0445008
-0.0405269
-0.034274
-0.0266872
-0.0189662
-0.0115445
-0.00442735
0.00256494
0.00972058
0.0172357
0.0249409
0.0322809
0.0384179
0.0425017
0.0441147
0.0436783
0.0419915
0.0391316
0.0352257
0.0309127
0.0266068
0.0222237
0.0174777
0.0120888
0.00591104
-0.000981347
-0.00847172
-0.0164812
-0.0246007
-0.0318396
-0.0367106
-0.0377509
-0.0344212
-0.0281628
-0.021885
-0.0166311
-0.0122448
-0.00823882
-0.00401347
0.000658118
0.00571601
0.0109153
0.0159331
0.020461
0.0243282
0.027608
0.0306143
0.033575
0.0365297
0.0394794
0.0424853
0.0456732
0.0491703
0.0529644
0.0567569
0.0598808
0.0614095
0.060525
0.0570867
0.052095
0.0470777
0.0425959
0.0386853
0.0352561
0.0320905
0.028853
0.0252273
0.0212194
0.0171149
0.0134031
0.0106468
0.00922802
0.00899395
0.0090895
0.00831802
0.00532414
-0.000999341
-0.0106881
-0.0218134
-0.0307186
-0.0346048
-0.032574
-0.0262055
-0.0186784
-0.0106414
-0.00153127
0.00871262
0.0194587
0.0303567
0.0413392
0.0521951
0.0625004
0.0715745
0.0782422
0.0806235
0.0773592
0.0691304
0.0588113
0.0484012
0.0379448
0.0270568
0.0159319
0.005737
-0.00152777
-0.00385171
-0.000559655
0.0064801
0.0139236
0.0199353
0.0232756
0.0227954
0.0181089
0.0105166
0.00262005
-0.00480595
-0.0117976
-0.0180888
-0.0229633
-0.0254498
-0.0249364
-0.0219381
-0.0177122
-0.0117675
-0.0030172
0.0086572
0.022137
0.0363533
0.0499955
0.0608622
0.0662401
0.0640832
0.0548025
0.0420232
0.0294649
0.0177371
0.00607875
-0.00621261
-0.019221
-0.0321191
-0.0433056
-0.050999
-0.0542043
-0.0538255
-0.0523952
-0.0510354
-0.0494034
-0.0468373
-0.0429679
-0.038067
-0.0327042
-0.0273674
-0.0226693
-0.0193918
-0.018217
-0.0192939
-0.0221695
-0.0267353
-0.0326995
-0.0388812
-0.0436654
-0.0454482
-0.0430105
-0.036389
-0.0274009
-0.0181342
-0.00943231
-0.00194354
0.00327658
0.00504921
0.00281462
-0.00273649
-0.0105481
-0.0199576
-0.0297363
-0.0385902
-0.0456229
-0.0502424
-0.0525328
-0.0536277
-0.0548671
-0.056029
-0.0560047
-0.0536973
-0.048633
-0.0415917
-0.0341365
-0.0264331
-0.0177523
-0.00733584
0.00505578
0.0188288
0.0332353
0.0474456
0.0600564
0.0690933
0.0726945
0.0702999
0.0633702
0.0534876
0.0408155
0.0264277
0.0137098
0.007095
0.0096531
0.0212267
0.0369405
0.0496098
0.0557841
0.0550268
0.0494856
0.0427225
0.0349073
0.0247554
0.0121079
-0.00119019
-0.0122057
-0.0179887
-0.0163939
-0.00777619
0.00415256
0.0152118
0.0239119
0.0301957
0.0346692
0.0385498
0.0428388
0.0470224
0.049757
0.0498257
0.0469132
0.0419751
0.0361371
0.0296173
0.0224489
0.0150069
0.00774737
0.000557022
-0.00708105
-0.0157919
-0.0259825
-0.03737
-0.0485896
-0.0572969
-0.0609853
-0.0579191
-0.0485205
-0.0355711
-0.0208307
-0.00427915
0.0134953
0.029924
0.0410133
0.0436111
0.0371685
0.0251886
0.0129536
0.00209921
-0.00747838
-0.0157925
-0.0225306
-0.0269776
-0.0279882
-0.0243994
-0.016719
-0.00725581
0.00294971
0.0138067
0.0246433
0.0337057
0.0383544
0.0361895
0.026763
0.0130579
-0.000260288
-0.0111777
-0.0193179
-0.0250576
-0.0298003
-0.0353838
-0.0422064
-0.0494508
-0.0556172
-0.0587872
-0.0571201
-0.049486
-0.0370374
-0.0233666
-0.0115399
-0.00382586
-0.0019686
-0.00623946
-0.0141236
-0.0210778
-0.0253567
-0.0271673
-0.0276302
-0.0282207
-0.0291607
-0.0298916
-0.0297713
-0.0285513
-0.0266144
-0.0244655
-0.0221838
-0.0196634
-0.0168645
-0.0139642
-0.011497
-0.0103452
-0.011408
-0.0150211
-0.0202986
-0.0252646
-0.0286525
-0.0301783
-0.0301988
-0.0290741
-0.026267
-0.0212075
-0.0143148
-0.00718454
-0.00132144
0.00267748
0.00508439
0.00718368
0.0108204
0.016805
0.0245428
0.0318658
0.0351306
0.0306073
0.0178963
0.00199815
-0.011515
-0.0213987
-0.0287022
-0.0336332
-0.0356456
-0.034632
-0.0318203
-0.028949
-0.0261132
-0.0226479
-0.0180322
-0.0122037
-0.00549397
0.00219284
0.0109239
0.0201771
0.0285768
0.0341543
0.0352601
0.0314828
0.0244392
0.0167044
0.00919404
0.0022611
-0.0034268
-0.00712541
-0.00832197
-0.0073394
-0.0055558
-0.00410119
-0.0025646
0.000253429
0.0054725
0.0133929
0.0227559
0.0308629
0.0353089
0.0348428
0.0300182
0.023204
0.0161442
0.00917858
0.00248228
-0.00330691
-0.00723418
-0.00839914
-0.00665909
-0.0032508
2.44233e-05
0.00277115
0.00541104
0.00855173
0.0127617
0.0182748
0.0247835
0.0315287
0.0377121
0.0424325
0.0448459
0.0446213
0.0424989
0.0400523
0.0378173
0.0352467
0.0314518
0.0257211
0.0180583
0.00926996
5.71919e-05
-0.00927484
-0.0182986
-0.0262275
-0.0320275
-0.0348716
-0.0348257
-0.033166
-0.031129
-0.0287122
-0.0255335
-0.0215774
-0.0172699
-0.0129005
-0.00853653
-0.00414081
0.00043262
0.00539997
0.0109507
0.0171138
0.0237253
0.0302864
0.0358222
0.0390192
0.0387602
0.0349389
0.0291218
0.0236345
0.0193702
0.016311
0.0140214
0.011788
0.00922381
0.00643256
0.00375174
0.00150094
-0.000194976
-0.00150474
-0.00272716
-0.00409539
-0.00577671
-0.00783173
-0.010106
-0.0121913
-0.0135223
-0.0135489
-0.0120075
-0.00929254
-0.00640746
-0.0040335
-0.00243636
-0.00164913
-0.00140282
-0.00123245
-0.000954796
-0.000487646
0.000348046
0.00180034
0.00406338
0.00703303
0.0102385
0.0131907
0.0153816
0.0162635
0.0154976
0.0133256
0.0106316
0.00808451
0.00580918
0.00373177
0.00175572
-0.000210859
-0.00226644
-0.00450229
-0.00689881
-0.00934189
-0.0116517
-0.0136234
-0.015114
-0.0161607
-0.0170717
-0.0183489
-0.0204132
-0.0233926
-0.0268435
-0.0295367
-0.029572
-0.0250974
-0.0153942
-0.00207473
0.0113109
0.0229287
0.0329402
0.0422729
0.0513864
0.0594105
0.0648218
0.0664576
0.0646308
0.0613304
0.0581441
0.0553824
0.0528809
0.050408
0.0477904
0.0449518
0.0419693
0.0390685
0.036512
0.0344532
0.0328188
0.0312887
0.0295438
0.0273958
0.0247748
0.0217496
0.0184708
0.0148286
0.0104304
0.00494515
-0.00151441
-0.00830077
-0.0147214
-0.0200931
-0.0237697
-0.0254688
-0.0257056
-0.0256764
-0.0259259
-0.0263199
-0.0265019
-0.0261259
-0.025038
-0.0234084
-0.0216368
-0.0198857
-0.0181558
-0.0164091
-0.0146067
-0.0127372
-0.0107888
-0.00875496
-0.0066373
-0.00441917
-0.00197553
0.000909688
0.00439847
0.00842664
0.0126006
0.0164104
0.0196984
0.0226162
0.0254741
0.0283882
0.0309812
0.0325785
0.0325566
0.0307598
0.0278409
0.0248461
0.022206
0.0200208
0.0183149
0.0169968
0.0158309
0.0145491
0.0131245
0.0116477
0.0102162
0.0088854
0.00764254
0.00639951
0.00502118
0.00338079
0.00143991
-0.000713454
-0.00282665
-0.0044384
-0.00495737
-0.00392313
-0.00138279
0.00188841
0.00490161
0.0070477
0.00795657
0.00752302
0.00616274
0.00469272
0.00344633
0.00226913
0.000881152
-0.000930862
-0.00315844
-0.00556636
-0.00779221
-0.00937512
-0.00988058
-0.00915526
-0.00760135
-0.00603436
-0.00476343
-0.0037455
-0.00278369
-0.00154661
0.000350771
0.00321474
0.00704859
0.0114701
0.0160045
0.0199775
0.0223983
0.0222348
0.0189887
0.0134597
0.00753316
0.00212856
-0.00225063
-0.00500045
-0.00566076
-0.00434155
-0.00202944
0.000183293
0.00188341
0.00288623
0.00299268
0.00213249
0.000591111
-0.000973574
-0.00219355
-0.00329013
-0.00486143
-0.00766529
-0.0123319
-0.0189529
-0.0268567
-0.0352124
-0.0435988
-0.0514863
-0.0579443
-0.0618518
-0.062458
-0.0602024
-0.0568431
-0.053724
-0.05109
-0.0488045
-0.0466999
-0.0446408
-0.0424803
-0.0400704
-0.0374307
-0.0347015
-0.0320919
-0.0298716
-0.0283079
-0.0275529
-0.0274753
-0.0276525
-0.0277737
-0.0277962
-0.0277683
-0.0277359
-0.0277133
-0.0276931
-0.027669
-0.0276639
-0.0277344
-0.027939
-0.0282566
-0.0285409
-0.0285112
-0.0278161
-0.0261902
-0.0236751
-0.0207671
-0.0181248
-0.015917
-0.0138725
-0.0113855
-0.00760849
-0.00175554
0.00644167
0.0161873
0.0258997
0.0349514
0.0432612
0.0507742
0.0572768
0.0618483
0.0628494
0.0591181
0.0514121
0.0426324
0.0352857
0.0301988
0.0270793
0.024823
0.0223395
0.0192743
0.0156172
0.0114178
0.00678956
0.00201119
-0.00237775
-0.00569067
-0.00723302
-0.00660289
-0.00415638
-0.00103149
0.00204222
0.00516869
0.00870428
0.0128415
0.0174401
0.0221564
0.0265304
0.0300094
0.032141
0.0328791
0.032809
0.0327298
0.0327478
0.032565
0.0318323
0.0303307
0.0281584
0.0256107
0.0226036
0.018866
0.0142368
0.00885945
0.00305493
-0.00348214
-0.0114584
-0.0212544
-0.032261
-0.0426234
-0.0499444
-0.0522096
-0.0487234
-0.0413577
-0.0338599
-0.0275609
-0.0223241
-0.0177612
-0.0135555
-0.0100229
-0.00768736
-0.00671196
-0.00655569
-0.00653173
-0.00641849
-0.00613896
-0.00556874
-0.0046213
-0.00337924
-0.00219125
-0.00154035
-0.00201318
-0.00408047
-0.00770486
-0.0120804
-0.0160934
-0.0188954
-0.0198365
-0.0186374
-0.0158442
-0.0127019
-0.00980785
-0.00713892
-0.004596
-0.00222263
-0.000325686
0.000681872
0.000568257
-0.000364832
-0.00139948
-0.00230729
-0.0031433
-0.0039751
-0.00485258
-0.00577031
-0.00669747
-0.00759811
-0.00847063
-0.00933822
-0.0102384
-0.011205
-0.0122442
-0.0132875
-0.014173
-0.0146604
-0.0145247
-0.0137023
-0.0124018
-0.010926
-0.00950642
-0.00847203
-0.00830383
-0.00946261
-0.0120863
-0.0156948
-0.0194926
-0.0231359
-0.0264127
-0.028986
-0.0304991
-0.0307962
-0.0302585
-0.0296722
-0.0292879
-0.0290524
-0.0289013
-0.0287806
-0.0286675
-0.0285267
-0.0282998
-0.0279357
-0.0275436
-0.0274008
-0.027873
-0.0292354
-0.0314398
-0.0338761
-0.0355003
-0.0355804
-0.0339055
-0.0310186
-0.0280284
-0.0253807
-0.0231462
-0.0213381
-0.0199157
-0.0187411
-0.0175674
-0.0162566
-0.0148499
-0.0134546
-0.0121784
-0.0110905
-0.0101901
-0.00938562
-0.00852951
-0.00746474
-0.00605436
-0.00424161
-0.00213099
5.60504e-05
0.00212583
0.00384369
0.00492432
0.00515901
0.00460436
0.00363517
0.00253636
0.00140581
0.000407734
-0.000112914
0.000291458
0.00193999
0.00468496
0.00775734
0.010272
0.011844
0.0125194
0.012736
0.0130663
0.0137035
0.0145874
0.0155437
0.0163122
0.0166082
0.0162082
0.0150843
0.013536
0.0120812
0.0109033
0.00991473
0.00886866
0.00741701
0.00525306
0.00231595
-0.000977351
-0.00368209
-0.00466878
-0.00300299
0.00153469
0.00795902
0.0147209
0.0212406
0.0272887
0.0324435
0.0361797
0.038218
0.0389456
0.0392647
0.0393226
0.0385962
0.03656
0.0331267
0.02874
0.0236386
0.0176996
0.010954
0.00399154
-0.00220771
-0.00720899
-0.0111509
-0.0143603
-0.0164439
-0.0165485
-0.0142294
-0.0101889
-0.0061862
-0.00326957
-0.00152416
-0.000419724
0.000758415
0.00224849
0.00399541
0.00586346
0.00771772
0.00949413
0.0112377
0.0130737
0.0151022
0.0172834
0.019352
0.0208195
0.021121
0.0199119
0.0174519
0.01468
0.0124757
0.0112609
0.0110983
0.0116172
0.0121477
0.012402
0.0123092
0.0118348
0.0110078
0.00998123
0.00904891
0.00845651
0.00837011
0.00885155
0.00975535
0.0107455
0.0116199
0.0123048
0.0127534
0.0129488
0.012955
0.0129154
0.0129128
0.0130393
0.0134459
0.0142919
0.0156471
0.0173632
0.0191065
0.0207161
0.0222319
0.0237831
0.025525
0.0275531
0.029807
0.0319802
0.0334996
0.0336566
0.0319347
0.0284586
0.0242044
0.0202753
0.0171099
0.014753
0.0130125
0.0115532
0.0103501
0.0097441
0.0100636
0.0112575
0.0128347
0.0144155
0.0159747
0.0176335
0.0195269
0.0217207
0.024144
0.0266075
0.0289804
0.0312263
0.033385
0.0355652
0.0379001
0.0404348
0.0430359
0.0453702
0.0469556
0.0473351
0.0463506
0.0444553
0.0425255
0.0407938
0.0390763
0.0371038
0.034645
0.0316607
0.0283479
0.0249842
0.021735
0.0187075
0.0159562
0.0134443
0.0110015
0.00838864
0.00553213
0.00255689
-0.000219222
-0.00230953
-0.00321011
-0.0026509
-0.000920259
0.00122119
0.00345948
0.00589446
0.00862905
0.0116446
0.0149206
0.0183602
0.0216577
0.0243075
0.0257424
0.0256165
0.0241541
0.0221488
0.0200496
0.0176516
0.0145814
0.0106978
0.00635841
0.00235016
-0.000782622
-0.00298147
-0.0046851
-0.00653052
-0.00874672
-0.0112311
-0.0136468
-0.0154566
-0.0160672
-0.0150838
-0.0126508
-0.00956507
-0.00660051
-0.00382374
-0.000920817
0.00248379
0.0066225
0.0113745
0.0162399
0.0206517
0.0240997
0.0262555
0.027231
0.0276752
0.0282412
0.029039
0.0298791
0.0304834
0.0305936
0.0300924
0.0291106
0.0279821
0.0268923
0.0258646
0.0248737
0.0239003
0.0229591
0.0220976
0.0213653
0.0207786
0.0203286
0.0199786
0.0195825
0.018856
0.0174419
0.0150782
0.0118337
0.00822664
0.00486725
0.00204852
-0.000164671
-0.00191218
-0.00350951
-0.00513147
-0.00672151
-0.00816033
-0.00939992
-0.0105114
-0.0116051
-0.0127207
-0.0138433
-0.0149118
-0.0158269
-0.0164842
-0.0168323
-0.0169412
-0.0169832
-0.0170182
-0.0170074
-0.0169143
-0.0167629
-0.0166618
-0.0167763
-0.0172411
-0.0180327
-0.0188622
-0.0191852
-0.0183153
-0.0157468
-0.0116273
-0.0072063
-0.00461331
-0.00537792
-0.00967571
-0.0160739
-0.0225134
-0.0283717
-0.0337544
-0.0387702
-0.0432695
-0.0465877
-0.0479485
-0.0470849
-0.0447335
-0.0420638
-0.0392867
-0.0361985
-0.0327471
-0.0291138
-0.025523
-0.0220917
-0.0188693
-0.0158222
-0.0128975
-0.0102861
-0.00860148
-0.00855145
-0.010477
-0.0138512
-0.0174467
-0.0207071
-0.0234356
-0.0254577
-0.0267049
-0.0273447
-0.0278227
-0.02843
-0.0291703
-0.0299539
-0.0307144
-0.0314284
-0.0321108
-0.0327853
-0.0334731
-0.0341674
-0.0348181
-0.0353364
-0.0356368
-0.0356931
-0.0355916
-0.0354716
-0.0353877
-0.0353484
-0.035355
-0.0353917
-0.0354179
-0.0353548
-0.0350966
-0.0345435
-0.0336669
-0.0325797
-0.0314883
-0.0304253
-0.0293241
-0.0281242
-0.0268306
-0.0255606
-0.0245513
-0.0240958
-0.024407
-0.0254257
-0.0267745
-0.0281076
-0.029249
-0.0300525
-0.0303877
-0.0302221
-0.0297422
-0.0293127
-0.0291056
-0.0290448
-0.0288854
-0.0282543
-0.0267614
-0.0241769
-0.0206698
-0.0168146
-0.0130271
-0.00934281
-0.00566383
-0.00190716
0.00192264
0.0057176
0.00929804
0.0125031
0.0152995
0.0178804
0.020579
0.0234779
0.0262849
0.0283736
0.0289225
0.0272262
0.0231882
0.0172427
0.00915438
-0.000936699
-0.0114015
-0.0194832
-0.0234893
-0.0233238
-0.0207296
-0.0181902
-0.0164111
-0.0151405
-0.0139798
-0.0125941
-0.0108437
-0.00877003
-0.00654598
-0.00438838
-0.00248343
-0.000915198
0.000382098
0.00159102
0.00282276
0.00410163
0.0054153
0.00674048
0.00805717
0.00935732
0.0106426
0.0119195
0.0131944
0.0144713
0.0157539
0.0170495
0.0183698
0.0197373
0.0211939
0.0227598
0.024379
0.0258845
0.0270044
0.0274464
0.0270535
0.0260043
0.0247783
0.0236351
0.0226025
0.0216492
0.0207298
0.019796
0.0187801
0.017595
0.0161595
0.0144652
0.0126534
0.01104
0.0100751
0.0102367
0.0117948
0.0144884
0.0175734
0.0206789
0.0237529
0.0266893
0.0292053
0.0308769
0.0313529
0.0306694
0.0294074
0.0281824
0.0271137
0.0260917
0.0249902
0.0237289
0.0223167
0.0208397
0.0194242
0.0182055
0.0172837
0.0166521
0.016181
0.0157345
0.0152088
0.0144739
0.0133792
0.0118206
0.00985236
0.00768962
0.00545739
0.00324014
0.00121929
-0.000312914
-0.00104965
-0.000862275
-3.19815e-05
0.000849568
0.00158901
0.0022258
0.00282773
0.0034621
0.00417085
0.00498258
0.00591516
0.00697759
0.00815201
0.00938111
0.0106028
0.0118271
0.0130918
0.0144141
0.0157607
0.0170341
0.0180866
0.0187771
0.0190569
0.0190668
0.0190782
0.0191647
0.0192645
0.0192744
0.0190877
0.0186504
0.0180104
0.0173055
0.0166173
0.0159658
0.0153509
0.0147665
0.0142028
0.0136426
0.0130627
0.0124544
0.0118445
0.0112882
0.0108524
0.0105885
0.0104945
0.0104894
0.0104648
0.010397
0.0103183
0.0102791
0.0103249
0.0104622
0.010629
0.0106795
0.0104058
0.00961244
0.00823569
0.00647672
0.00471915
0.00306518
0.00142839
-0.000329847
-0.0023446
-0.00467474
-0.00724397
-0.00986625
-0.0124442
-0.0149909
-0.017579
-0.0203041
-0.0232357
-0.0263715
-0.0296384
-0.0328952
-0.0358887
-0.0382784
-0.0397679
-0.0403099
-0.0402746
-0.0402095
-0.040275
-0.0404308
-0.0406225
-0.0408098
-0.0409771
-0.0411026
-0.0411336
-0.0409736
-0.0405144
-0.0397016
-0.0386259
-0.0375047
-0.0364453
-0.0354295
-0.0343864
-0.0332218
-0.0318549
-0.0302597
-0.0284835
-0.026578
-0.0246532
-0.0229429
-0.021795
-0.0215501
-0.0223382
-0.0238306
-0.0253657
-0.0267334
-0.0279993
-0.0292685
-0.0306362
-0.0321312
-0.0337083
-0.0352471
-0.0365911
-0.0376055
-0.0382622
-0.0387122
-0.0392286
-0.0399102
-0.0406913
-0.0413752
-0.0416551
-0.0412082
-0.0398563
-0.0377701
-0.0354391
-0.033131
-0.0309122
-0.0288538
-0.0270852
-0.0257539
-0.0249073
-0.0243714
-0.0238271
-0.0230679
-0.0219201
-0.020225
-0.0179544
-0.0152872
-0.0124509
-0.00957576
-0.00689335
-0.0048297
-0.00390335
-0.00446185
-0.00631481
-0.00867326
-0.010929
-0.0129661
-0.0148573
-0.0167182
-0.0186883
-0.0209352
-0.02364
-0.0269278
-0.0307749
-0.0350266
-0.0393731
-0.0431446
-0.0452906
-0.0447153
-0.0408956
-0.0346737
-0.02797
-0.0215092
-0.0154835
-0.0102864
-0.00649315
-0.00462132
-0.00459481
-0.00548298
-0.00627292
-0.00671792
-0.00688524
-0.00686418
-0.00674511
-0.00664442
-0.00666477
-0.00678121
-0.0069195
-0.00702333
-0.00706703
-0.00705898
-0.00703071
-0.00702652
-0.00708656
-0.00723037
-0.00744709
-0.00771015
-0.00795297
-0.00805558
-0.00786896
-0.00727882
-0.00629572
-0.00511778
-0.0039972
-0.00295805
-0.00186461
-0.00051776
0.00126878
0.00356086
0.00619756
0.00885938
0.0114463
0.0140089
0.0166462
0.0194746
0.0225749
0.0259438
0.0294961
0.0332118
0.0371389
0.041234
0.0452321
0.0486126
0.0507109
0.0510164
0.0495972
0.0472961
0.0450169
0.0429872
0.0411353
0.0393757
0.0376626
0.0359936
0.0343578
0.0327343
0.0312068
0.0299248
0.0289931
0.0283842
0.0279279
0.0274864
0.02702
0.0265151
0.0259452
0.0252682
0.0244485
0.0234951
0.0224792
0.0214672
0.0204538
0.0194079
0.018314
0.0171963
0.0161312
0.0152369
0.0146311
0.0143626
0.0143318
0.0143338
0.0143162
0.0143102
0.0143367
0.0143747
0.0143418
0.014111
0.0135623
0.0126592
0.0115292
0.0103861
0.00919254
0.00774146
0.00581002
0.00328093
0.000286594
-0.00284441
-0.00600233
-0.00927952
-0.0127608
-0.0163795
-0.0198136
-0.0224895
-0.0237417
-0.0231269
-0.0208338
-0.0177792
-0.0146924
-0.0117898
-0.00920494
-0.00717932
-0.00599941
-0.00579239
-0.00624677
-0.00671148
-0.00699826
-0.00718347
-0.00736842
-0.00764774
-0.00807747
-0.00868129
-0.00944251
-0.010301
-0.0111779
-0.0120762
-0.0130263
-0.0140157
-0.014947
-0.0156288
-0.015827
-0.0153803
-0.0143599
-0.0130717
-0.0116927
-0.0103272
-0.00918695
-0.00861959
-0.00899887
-0.010498
-0.0128037
-0.0152201
-0.0174894
-0.0195795
-0.0214408
-0.023012
-0.024261
-0.0252951
-0.0263298
-0.027425
-0.0285697
-0.0297806
-0.0311002
-0.0325804
-0.034226
-0.0359844
-0.0378347
-0.0397951
-0.0418165
-0.0437214
-0.0452011
-0.0459122
-0.0456559
-0.0446164
-0.0433294
-0.0420901
-0.0409605
-0.0399862
-0.0392458
-0.0388249
-0.038723
-0.0387772
-0.0387479
-0.0385577
-0.0382529
-0.0379722
-0.0379422
-0.0384216
-0.039581
-0.0413326
-0.0432318
-0.0446786
-0.0452129
-0.0445974
-0.0429931
-0.0409813
-0.0390051
-0.0371793
-0.0355505
-0.0342215
-0.0333284
-0.0329359
-0.0328843
-0.0328375
-0.0327036
-0.0325244
-0.0323452
-0.0321985
-0.0320925
-0.0320247
-0.0319885
-0.0319808
-0.031995
-0.0320122
-0.0319881
-0.0318523
-0.0315248
-0.0309577
-0.0301875
-0.0293363
-0.02847
-0.0275582
-0.0265623
-0.0255066
-0.0245231
-0.0238532
-0.0237766
-0.0244711
-0.0258229
-0.027441
-0.0291118
-0.0307573
-0.0322304
-0.0332676
-0.0335594
-0.032932
-0.0315829
-0.0300522
-0.0286152
-0.0272779
-0.0259871
-0.0246991
-0.0234021
-0.0221013
-0.0207966
-0.0194653
-0.0180937
-0.016736
-0.0155024
-0.0145225
-0.0138876
-0.0135754
-0.0133868
-0.0130392
-0.0125137
-0.0120471
-0.0120527
-0.0129955
-0.0151523
-0.0183095
-0.0217292
-0.0247409
-0.0268003
-0.0274666
-0.026633
-0.0248447
-0.0231013
-0.0216874
-0.0204284
-0.0190329
-0.0171932
-0.0147174
-0.0116302
-0.0082072
-0.00473378
-0.0012879
0.00213721
0.00551884
0.00877194
0.0117592
0.014365
0.0166022
0.0186722
0.0208139
0.0231251
0.0255941
0.0281031
0.0304094
0.0321706
0.0330517
0.0329148
0.0320399
0.031042
0.0301595
0.0292265
0.0279329
0.0260014
0.0233716
0.0202881
0.0170949
0.0140103
0.0112385
0.00900469
0.00746252
0.00654805
0.00591557
0.00523668
0.00449695
0.00383476
0.00339192
0.00323899
0.00330862
0.0034446
0.00361134
0.00385915
0.00425217
0.00482939
0.00555274
0.00633297
0.00718107
0.00818263
0.00938009
0.0106737
0.0117531
0.012116
0.0112302
0.008828
0.00527844
0.0014722
-0.00220009
-0.00555362
-0.0083072
-0.0101507
-0.0109186
-0.0108812
-0.0107043
-0.0107331
-0.0109673
-0.0112893
-0.0115197
-0.0114544
-0.0109007
-0.00976569
-0.00816677
-0.00646224
-0.00501516
-0.00406679
-0.0037398
-0.0039642
-0.00443677
-0.00486393
-0.00519379
-0.00548154
-0.00577936
-0.00610497
-0.00643126
-0.00670741
-0.00689194
-0.00699112
-0.00707204
-0.00720942
-0.00737905
-0.00745982
-0.00726387
-0.00660298
-0.00539685
-0.00380255
-0.00215365
-0.0005639
0.000976236
0.00247907
0.00394579
0.00536281
0.00673027
0.0080864
0.00950846
0.0110479
0.0127041
0.0143869
0.0158923
0.0169235
0.0171975
0.0166155
0.0154654
0.0143129
0.0133494
0.0125137
0.0116673
0.0106337
0.00927449
0.00755906
0.00565292
0.0039145
0.00274864
0.00250373
0.00330716
0.00482846
0.00640864
0.00782168
0.00910398
0.0103269
0.0115661
0.01287
0.0142781
0.0158234
0.0175376
0.0194236
0.0214264
0.0234313
0.0253741
0.027282
0.029235
0.0313185
0.0335746
0.0359367
0.0381894
0.0399711
0.0408774
0.0406576
0.0394774
0.0379393
0.0364873
0.0351676
0.033876
0.0325043
0.0310116
0.0294568
0.0279967
0.0268362
0.0261387
0.025906
0.0259286
0.025968
0.0259513
0.0258784
0.0257586
0.0256061
0.0254529
0.0253682
0.0254668
0.0258834
0.0267083
0.0278931
0.0292389
0.0306059
0.0319814
0.0333606
0.0346807
0.0358091
0.0365884
0.0369276
0.0369189
0.0368214
0.0367689
0.036763
0.0367719
0.0367636
0.0367225
0.0366488
0.0365553
0.0364588
0.0363754
0.036314
0.0362752
0.0362498
0.0362234
0.036191
0.0361679
0.0361779
0.0362363
0.0363275
0.0363885
0.0363074
0.0359526
0.035236
0.0341979
0.0330203
0.031845
0.0307068
0.0296165
0.0286005
0.0276981
0.0269349
0.02628
0.0256497
0.0250092
0.0243687
0.0237418
0.0231283
0.0225107
0.0218616
0.0211621
0.0204264
0.0197215
0.0191691
0.0189139
0.0190554
0.0195572
0.0202135
0.0208255
0.0213777
0.0219538
0.0226484
0.0235075
0.0244625
0.025296
0.0256619
0.0252016
0.0237443
0.0215535
0.0192596
0.0172098
0.0156124
0.0146658
0.0144586
0.0148356
0.0154078
0.0160215
0.0168945
0.0183285
0.0204437
0.0230028
0.0255013
0.0275049
0.0286672
0.0288288
0.0282341
0.0274704
0.0268378
0.0263378
0.0258929
0.0254252
0.0248949
0.0242971
0.0236518
0.0229841
0.0223182
0.0216668
0.0210322
0.0204092
0.0197922
0.0191768
0.0185621
0.0179458
0.0173244
0.0166916
0.0160421
0.0153775
0.0147137
0.014083
0.0135296
0.0130895
0.0127649
0.0125021
0.0122223
0.0118926
0.0115178
0.011129
0.010782
0.0105378
0.0104304
0.01042
0.0103562
0.00997782
0.00898401
0.00718744
0.00471418
0.00212303
9.97679e-05
-0.00118496
-0.00202054
-0.00283268
-0.00377958
-0.00484637
-0.00597311
-0.00709213
-0.00816386
-0.00918073
-0.0101639
-0.0111414
-0.0121318
-0.0131338
-0.0141298
-0.0150953
-0.0160183
-0.0169158
-0.017842
-0.0188719
-0.0200602
-0.0213773
-0.0226484
-0.0235373
-0.0236183
-0.0225609
-0.0203988
-0.0176599
-0.0149364
-0.012431
-0.0101758
-0.00816957
-0.0063627
-0.00461519
-0.00272449
-0.000621603
0.00163676
0.00387719
0.00580099
0.00703672
0.0072803
0.00650887
0.00514702
0.00378896
0.00257468
0.00138886
7.95924e-05
-0.00146667
-0.00325116
-0.00516713
-0.00710495
-0.00901466
-0.0108856
-0.012743
-0.0146435
-0.0166669
-0.0188866
-0.0213265
-0.0239482
-0.0267327
-0.0296101
-0.0323569
-0.0345735
-0.0357837
-0.0356639
-0.0343612
-0.0325464
-0.030744
-0.0290873
-0.0276203
-0.026439
-0.0256724
-0.0253788
-0.0253988
-0.0254011
-0.025293
-0.0251219
-0.0249569
-0.0248705
-0.0249107
-0.0250816
-0.0253119
-0.0254393
-0.0252197
-0.0243998
-0.0228448
-0.0207064
-0.0183834
-0.016059
-0.0137216
-0.0113703
-0.00910268
-0.00713639
-0.00573253
-0.00504918
-0.00494635
-0.00500849
-0.00501014
-0.00492239
-0.00475213
-0.00450195
-0.0041674
-0.00377221
-0.00336965
-0.00297868
-0.00259315
-0.00221685
-0.00186366
-0.00154566
-0.00124838
-0.000917202
-0.00046139
0.000202172
0.00108902
0.00209204
0.00290642
0.00302636
0.0018986
-0.00078262
-0.00468505
-0.00884804
-0.0125599
-0.0154103
-0.0171113
-0.0176149
-0.0171831
-0.0160154
-0.0139725
-0.011117
-0.00795714
-0.00494281
-0.00222739
0.000184258
0.00241207
0.0046715
0.00707035
0.00951794
0.0118028
0.0136676
0.0149106
0.0155067
0.0156863
0.0157132
0.0154653
0.0146539
0.0131143
0.0110158
0.00881583
0.00672454
0.00481547
0.00313849
0.00169245
0.000386249
-0.000929611
-0.002267
-0.00357378
-0.00482476
-0.00605666
-0.00737827
-0.0089273
-0.0107843
-0.012854
-0.0148032
-0.0161315
-0.0162757
-0.0148515
-0.0120216
-0.0085547
-0.00505546
-0.00169597
0.00140849
0.00402998
0.00587405
0.00676663
0.00691761
0.00689856
0.00698102
0.00714309
0.00730902
0.00743163
0.0075185
0.00760872
0.00772913
0.00784174
0.00781415
0.00743487
0.00649673
0.00493373
0.00294234
0.000844932
-0.00124883
-0.00328738
-0.0051416
-0.00661033
-0.00749817
-0.00776645
-0.00765798
-0.00754221
-0.00752928
-0.00759306
-0.00768739
-0.00775752
-0.00774716
-0.00759291
-0.00723871
-0.00666391
-0.00592967
-0.00516549
-0.00443548
-0.00373712
-0.00305115
-0.00235751
-0.00164467
-0.000908294
-0.0001519
0.000617161
0.00138698
0.00214432
0.00287688
0.00358215
0.00427588
0.00499385
0.00577922
0.00665917
0.00760792
0.00851587
0.00918253
0.00936362
0.00887927
0.00776825
0.00635142
0.00495869
0.00364881
0.00235436
0.00100283
-0.000434012
-0.0019066
-0.00328627
-0.00439755
-0.00509198
-0.00534699
-0.00533641
-0.00529609
-0.00524156
-0.00508955
-0.00480627
-0.00449026
-0.00441954
-0.00500349
-0.0066202
-0.00934984
-0.0127969
-0.016378
-0.0196431
-0.0220741
-0.0230827
-0.0222914
-0.0199452
-0.016971
-0.0140242
-0.011163
-0.00832491
-0.00560373
-0.00331123
-0.0018747
-0.00158876
-0.00228533
-0.00334506
-0.00444808
-0.00553148
-0.00647688
-0.00702481
-0.00682824
-0.00564691
-0.00360963
-0.00127038
0.000921756
0.0028444
0.00451801
0.00602773
0.00752098
0.00912072
0.0106888
0.0119006
0.0124088
0.0120208
0.0109122
0.00957727
0.00826555
0.00698068
0.00569802
0.0044536
0.00337978
0.00266067
0.0024332
0.00264611
0.00303644
0.00340104
0.00370954
0.00399308
0.00428788
0.00461647
0.00498495
0.00538613
0.00580788
0.00623859
0.00667245
0.0071099
0.00755831
0.00803989
0.00859987
0.00926544
0.00999532
0.0106437
0.0109621
0.0106704
0.00959942
0.00788087
0.00593991
0.00405466
0.00236565
0.00102126
0.000164235
-0.000157324
-0.000128283
-0.000104022
-0.000186454
-0.000329771
-0.000473855
-0.000565413
-0.000580161
-0.000518731
-0.000408057
-0.000285756
-0.000175554
-8.2195e-05
-2.32133e-06
7.21571e-05
0.000148512
0.000233055
0.000328543
0.000434797
0.00054623
0.00065331
0.000743196
0.000806691
0.000846007
0.0008853
0.000973277
0.00117576
0.00154814
0.00209729
0.00274893
0.00339383
0.0039936
0.00455559
0.00510517
0.00568187
0.00632526
0.00705783
0.00785587
0.00862653
0.00920236
0.00938041
0.00901057
0.0081226
0.00698024
0.00586321
0.00483932
0.00387212
0.00290299
0.00187569
0.000756607
-0.000451256
-0.00169464
-0.00286569
-0.00381666
-0.00440897
-0.00459139
-0.00449175
-0.00436777
-0.00430463
-0.00428442
-0.00427553
-0.00424974
-0.00419677
-0.00411998
-0.00403059
-0.00393707
-0.00384019
-0.00373176
-0.0035989
-0.00343629
-0.00326343
-0.00313495
-0.00313615
-0.00335422
-0.00382876
-0.0044926
-0.00519087
-0.00585954
-0.00652798
-0.00724859
-0.00805223
-0.00890809
-0.00970259
-0.0102488
-0.0103474
-0.00989334
-0.00900753
-0.0080105
-0.00706915
-0.00618859
-0.00533113
-0.00445916
-0.00355496
-0.00261981
-0.00166669
-0.000707074
0.000257823
0.00123983
0.00225711
0.00332023
0.00441808
0.00551538
0.00658151
0.00761158
0.00863111
0.00969758
0.0108891
0.01227
0.0138387
0.0154921
0.0170641
0.0183549
0.0191629
0.0193795
0.0191208
0.0187288
0.0184402
0.0182414
0.017987
0.0174876
0.0165912
0.0152764
0.0137236
0.0122319
0.0110064
0.0101667
0.00973264
0.00955724
0.00937267
0.00907806
0.00886671
0.00910719
0.0101775
0.0122516
0.0150587
0.0179666
0.0206529
0.0229664
0.0247871
0.0260858
0.027006
0.0278106
0.0284788
0.0287657
0.028455
0.0275618
0.0263797
0.0251706
0.0240359
0.0230301
0.022201
0.0215693
0.021083
0.0206245
0.0201411
0.0196361
0.0191117
0.0185514
0.0179229
0.0171999
0.0163923
0.0155527
0.0147155
0.0138762
0.0130187
0.0121371
0.0112469
0.0103897
0.00962443
0.00900464
0.00854192
0.00817717
0.00781811
0.00743113
0.00701496
0.00657715
0.00613563
0.00572067
0.00537637
0.00515044
0.00507232
0.00512121
0.00522378
0.00533123
0.00544365
0.00556551
0.00567692
0.0057234
0.00562784
0.00532486
0.00481448
0.00417751
0.00347843
0.00274741
0.00205528
0.00154557
0.00140821
0.00179333
0.00268445
0.00383669
0.00498621
0.00606637
0.0070952
0.00809192
0.00906591
0.0100198
0.0109699
0.0119499
0.0129799
0.0140418
0.0150788
0.0159967
0.0166864
0.0170718
0.017178
0.0171587
0.0171715
0.0172467
0.0173418
0.0173867
0.0173058
0.0170485
0.016621
0.0161073
0.0156148
0.0151661
0.01472
0.0142033
0.0135334
0.012656
0.0115877
0.0104291
0.00927217
0.00811223
0.0069044
0.00562158
0.00429263
0.00302527
0.00199416
0.00138037
0.00126815
0.00152718
0.00182183
0.00191686
0.00184296
0.00184032
0.00229176
0.00359679
0.00595596
0.00911259
0.0122691
0.0145623
0.0156449
0.0157419
0.0155202
0.0154705
0.0156462
0.0158854
0.0159571
0.0156604
0.0149129
0.0138297
0.0126625
0.0115156
0.0104048
0.00934301
0.00835979
0.00750631
0.00682392
0.00629746
0.00584521
0.00541683
0.0049721
0.00443284
0.00368328
0.0026146
0.00119757
-0.000436273
-0.00206149
-0.00367571
-0.00542376
-0.00746609
-0.0098791
-0.0125804
-0.0153766
-0.0179101
-0.0196453
-0.0200187
-0.0187326
-0.0161212
-0.0131163
-0.0102211
-0.00712899
-0.00322917
0.00191771
0.00816111
0.014457
0.0190534
0.0206561
0.0197486
0.0181903
0.0171048
0.0167122
0.0168249
0.0169779
0.0165357
0.0148503
0.011527
0.00673942
0.0015544
-0.00244293
-0.00463098
-0.0054433
-0.00587514
-0.00637868
-0.00713244
-0.00841781
-0.0106044
-0.0140088
-0.0185468
-0.0234532
-0.0274939
-0.0297359
-0.0297308
-0.027862
-0.0255335
-0.0242924
-0.0247925
-0.0268754
-0.0295488
-0.0313374
-0.0316163
-0.0306102
-0.0291985
-0.0283985
-0.0284104
-0.0288137
-0.0290701
-0.0287703
-0.0277088
-0.0260021
-0.0241148
-0.0225899
-0.021865
-0.0222081
-0.0235412
-0.0253486
-0.0270448
-0.0283664
-0.0292093
-0.0295557
-0.0295408
-0.0294466
-0.0294557
-0.0295681
-0.0297209
-0.0298562
-0.029941
-0.0299704
-0.0299584
-0.0299301
-0.029914
-0.0299384
-0.0300242
-0.0301836
-0.0304273
-0.0307314
-0.0310043
-0.0310889
-0.030806
-0.0300586
-0.0289556
-0.0279149
-0.0275167
-0.0279882
-0.0290842
-0.0302456
-0.0311422
-0.0315855
-0.0314378
-0.0307052
-0.0296098
-0.0284667
-0.0273706
-0.0263612
-0.0255553
-0.0251475
-0.0253272
-0.0261262
-0.0272926
-0.0284683
-0.0295968
-0.0307691
-0.0320516
-0.0334191
-0.0347085
-0.0356388
-0.0358917
-0.0352873
-0.0339901
-0.0325124
-0.0312131
-0.0300661
-0.0288127
-0.0270906
-0.0245826
-0.0212143
-0.0173573
-0.0137453
-0.0108784
-0.00898877
-0.00798619
-0.00739202
-0.0067214
-0.00584899
-0.00483251
-0.00377201
-0.00278092
-0.00196585
-0.00141945
-0.00118781
-0.00122756
-0.00138682
-0.00152096
-0.00160237
-0.00165728
-0.00171413
-0.00179007
-0.00188504
-0.00198924
-0.00209237
-0.00219343
-0.00230206
-0.00243346
-0.0025962
-0.00277738
-0.00292877
-0.00296793
-0.00280109
-0.00237035
-0.00171393
-0.000969333
-0.000226786
0.000525752
0.00133661
0.00224019
0.00323277
0.00428806
0.0053747
0.00643009
0.00735238
0.00802612
0.00837888
0.00845563
0.00842699
0.0084214
0.00845854
0.00851736
0.00857309
0.00860853
0.0086164
0.00859607
0.00854928
0.00847872
0.00839004
0.00829128
0.00817884
0.00803998
0.00787294
0.00770351
0.00759122
0.0076205
0.00786843
0.00835821
0.00900829
0.00968209
0.0104063
0.0113093
0.0125138
0.0140516
0.0158219
0.0177121
0.0196132
0.0213317
0.0225779
0.0230631
0.0226728
0.0216807
0.0206472
0.0197566
0.0189667
0.0182016
0.0173817
0.016456
0.0154005
0.0142265
0.0129791
0.0117252
0.0104899
0.00926295
0.00802467
0.00676847
0.00551064
0.0042932
0.00316748
0.00216752
0.00127379
0.000402517
-0.000542113
-0.00159482
-0.00271371
-0.00376335
-0.00451967
-0.00472843
-0.00422762
-0.00310876
-0.00173579
-0.000377348
0.000927513
0.0022037
0.00344486
0.00459106
0.00555206
0.00626928
0.00679404
0.00728231
0.00781335
0.00837886
0.00893362
0.00941358
0.00975576
0.00992467
0.00994652
0.00991135
0.00989048
0.0099032
0.00994512
0.0100015
0.0100472
0.0100465
0.00995679
0.00974371
0.00940502
0.00899099
0.00857013
0.00815571
0.007736
0.00730825
0.00688918
0.00651797
0.00624169
0.00609017
0.00604248
0.00602618
0.00598876
0.00593226
0.0058892
0.00590685
0.00602918
0.00627543
0.00661421
0.00697555
0.00733177
0.00769731
0.00809168
0.00851658
0.0089361
0.0092741
0.00943113
0.00933074
0.00898085
0.00850332
0.00803004
0.00759701
0.00719404
0.00680312
0.00640248
0.00596941
0.0054769
0.00489959
0.00422384
0.00346808
0.00267984
0.00188109
0.0010537
0.000181862
-0.0007149
-0.00156179
-0.00223457
-0.00259897
-0.00258537
-0.00227803
-0.00189708
-0.00154978
-0.00122888
-0.000900755
-0.000544467
-0.000171996
0.000170953
0.000422895
0.00054133
0.000545454
0.000534704
0.000634154
0.000917603
0.00139027
0.00197245
0.00254838
0.00307418
0.00355131
0.0039992
0.00445452
0.00496294
0.0055657
0.00627074
0.00701927
0.00766083
0.00796411
0.00768663
0.00670526
0.00517751
0.00350675
0.00188695
0.000305315
-0.00128763
-0.0029045
-0.00449031
-0.00593825
-0.00714499
-0.00809124
-0.00890288
-0.00978477
-0.0108416
-0.0120635
-0.0133077
-0.0142742
-0.0145571
-0.0137989
-0.0119374
-0.00941577
-0.00695399
-0.00494583
-0.00359027
-0.00296219
-0.00289052
-0.0029761
-0.00296884
-0.00290497
-0.00291675
-0.0031079
-0.00348244
-0.00395591
-0.00447719
-0.00501072
-0.00550848
-0.00591299
-0.00616674
-0.00623937
-0.00616085
-0.00601473
-0.00582282
-0.00551647
-0.00501861
-0.00432399
-0.00353436
-0.00279327
-0.00224871
-0.00204375
-0.002256
-0.00279961
-0.00345247
-0.00412421
-0.00474939
-0.00518095
-0.00520515
-0.00462369
-0.00340496
-0.00180411
-0.000198316
0.0013141
0.00279272
0.00433254
0.00602755
0.0079466
0.0101611
0.0126852
0.0153371
0.0176484
0.0188936
0.0183224
0.0155789
0.0112214
0.00661347
0.00250572
-0.00103797
-0.00419908
-0.00713744
-0.00973217
-0.011764
-0.0131573
-0.0140825
-0.0146218
-0.014487
-0.0133627
-0.0112705
-0.00868207
-0.00611089
-0.00366877
-0.00126849
0.0012066
0.00381148
0.00644347
0.00884213
0.0106621
0.0116286
0.0116333
0.0106468
0.00905249
0.00788957
0.00833832
0.0102247
0.0121403
0.0126387
0.0113101
0.00875759
0.00596853
0.00339862
0.00122084
-0.000399856
-0.00133131
-0.00156052
-0.00138531
-0.00134458
-0.00169184
-0.00249148
-0.00371759
-0.00522411
-0.00687726
-0.0086276
-0.0103662
-0.011879
-0.0129666
-0.0135049
-0.0135661
-0.0134461
-0.0133922
-0.0134805
-0.0137004
-0.0139667
-0.0140845
-0.0137107
-0.0124538
-0.01009
-0.00684654
-0.00342886
-0.000472774
0.00152558
0.00220114
0.00154701
0.000123247
-0.00127405
-0.00239722
-0.00327498
-0.00396354
-0.00452447
-0.00503849
-0.0056111
-0.00626017
-0.00694251
-0.0076144
-0.00825409
-0.00886282
-0.00945521
-0.0100452
-0.0106347
-0.0112091
-0.0117421
-0.0122093
-0.0126078
-0.0129659
-0.0133163
-0.0136678
-0.0140217
-0.0143825
-0.0147567
-0.0151458
-0.0155352
-0.0158864
-0.016142
-0.0162475
-0.0161885
-0.0159988
-0.0157455
-0.0155894
-0.0158044
-0.0166971
-0.0184435
-0.0208693
-0.0234381
-0.0257051
-0.0273629
-0.0281949
-0.0282001
-0.0277124
-0.0271953
-0.0267599
-0.0263406
-0.0258199
-0.0249557
-0.0234988
-0.0213413
-0.0186628
-0.0158615
-0.0131007
-0.0104354
-0.00795863
-0.00580179
-0.00408881
-0.00282776
-0.00183329
-0.00087766
-2.24421e-05
0.000531229
0.000628568
0.00028865
-0.000266799
-0.000847121
-0.00138533
-0.0018502
-0.00220629
-0.00242267
-0.00250175
-0.00250832
-0.00252769
-0.00256963
-0.00260729
-0.00262065
-0.00261617
-0.00264398
-0.0027963
-0.00318643
-0.00389805
-0.00496615
-0.00646785
-0.00846702
-0.0108122
-0.0130632
-0.0147445
-0.0156775
-0.0160571
-0.016368
-0.0169586
-0.0179648
-0.0193435
-0.0208132
-0.0218296
-0.0216705
-0.0197901
-0.0164527
-0.0127967
-0.00992074
-0.00797867
-0.00651294
-0.0051382
-0.00397116
-0.00340922
-0.00378919
-0.00507233
-0.00673986
-0.00829064
-0.00947225
-0.0101665
-0.0103985
-0.0104294
-0.0106584
-0.0111902
-0.0119097
-0.0126676
-0.0133653
-0.0139341
-0.0143105
-0.014455
-0.0143847
-0.0141989
-0.0139993
-0.0138203
-0.013684
-0.0136339
-0.0137132
-0.0139219
-0.0141637
-0.0142377
-0.0138757
-0.0128375
-0.0110684
-0.00888611
-0.00688441
-0.00533979
-0.00425629
-0.0034769
-0.00281801
-0.00219132
-0.00146314
-0.000379107
0.00139171
0.00408647
0.00759674
0.0113113
0.0143994
0.0162251
0.0164627
0.0153313
0.0136948
0.0123686
0.0114126
0.0103991
0.00869165
0.00567752
0.00109545
-0.00461085
-0.0103835
-0.0154764
-0.0193407
-0.0215859
-0.0222657
-0.021986
-0.0213007
-0.0201661
-0.0184766
-0.0164224
-0.0142786
-0.0121364
-0.0100276
-0.00799527
-0.00606209
-0.00423384
-0.00256001
-0.00106733
0.000314065
0.00170843
0.00311244
0.00442121
0.00549253
0.00620189
0.00652597
0.00659602
0.00658352
0.0064601
0.00611773
0.00551104
0.00473143
0.00396525
0.00334222
0.00294608
0.00280338
0.00282845
0.00285818
0.00284049
0.00279024
0.00273045
0.00268202
0.00265369
0.00264521
0.00264903
0.00265733
0.00266372
0.00266543
0.00266196
0.00265478
0.0026455
0.00263615
0.00262845
0.00262456
0.00262594
0.00263249
0.00264065
0.00264349
0.00263238
0.00260239
0.00255924
0.00252661
0.00254673
0.00266975
0.00293002
0.00331308
0.00374898
0.00417913
0.00458377
0.00495976
0.00531622
0.00568465
0.00612823
0.00673534
0.00758769
0.00871034
0.0100742
0.0116375
0.0132053
0.014341
0.0144295
0.0129213
0.00972401
0.00554097
0.00151332
-0.00172741
-0.00387256
-0.00483799
-0.00496101
-0.00487397
-0.00473111
-0.0042806
-0.0032931
-0.00182517
-0.000263349
0.00104457
0.00188335
0.00219675
0.00218366
0.00220757
0.00235514
0.00251579
0.00251149
0.00217034
0.00143151
0.000442311
-0.000459973
-0.000985078
-0.000930417
-0.000257076
0.000797433
0.00183591
0.00260316
0.00291174
0.00261912
0.00174044
0.000507787
-0.000825249
-0.00216729
-0.00339385
-0.0042302
-0.00429445
-0.00327159
-0.00118335
0.0014785
0.00419994
0.00689359
0.0096214
0.0123777
0.0150578
0.0175306
0.0197424
0.021787
0.0239003
0.0262527
0.0288038
0.0312792
0.0331844
0.0339222
0.0330619
0.0307109
0.0276845
0.0248839
0.0226234
0.0208791
0.0194482
0.0180567
0.0166711
0.0153767
0.0142193
0.0131582
0.0121695
0.0113611
0.0108939
0.0108799
0.0112843
0.0118882
0.0124824
0.013058
0.0137067
0.0145228
0.0155459
0.0167182
0.0179328
0.0191439
0.0203407
0.0215205
0.0226904
0.0238681
0.0250849
0.0263862
0.0278367
0.0294643
0.0311768
0.0327038
0.0336067
0.0334167
0.0318885
0.0293312
0.0265215
0.0238375
0.0215145
0.0198935
0.0193159
0.0199157
0.0213039
0.0226955
0.0238049
0.0246447
0.0252786
0.0258209
0.0264215
0.0272248
0.0281704
0.0289868
0.0292812
0.0287
0.0271503
0.0250438
0.0232798
0.0226391
0.0233498
0.0249791
0.026664
0.0280428
0.029078
0.0298295
0.0304386
0.0310998
0.0319942
0.0331538
0.0344578
0.0356433
0.036344
0.0361968
0.0350514
0.0332291
0.0316899
0.0317791
0.0341447
0.0376339
0.0399017
0.0396465
0.0372409
0.0341704
0.031508
0.0297517
0.0291384
0.0296149
0.0307167
0.0317115
0.0323489
0.032662
0.0327387
0.0326872
0.0325771
0.0323236
0.0317812
0.0309311
0.0299667
0.0291901
0.0288869
0.0292094
0.0299889
0.0305964
0.0300522
0.0274574
0.0278457
0.0212741
0.0153392
0.0123361
0.0131515
0.0168733
0.0212686
0.0250531
0.0279854
0.0301539
0.0317766
0.033122
0.0343676
0.0353595
0.0359196
0.0361377
0.0363289
0.0365383
0.036609
0.0363012
0.035369
0.0337026
0.0314852
0.0291509
0.0269101
0.0247376
0.0225393
0.0202423
0.0178709
0.0155939
0.0137216
0.0126309
0.0125977
0.0137581
0.0163737
0.0203108
0.0246752
0.0283219
0.0305211
0.0309874
0.0300602
0.0287006
0.0275875
0.0267775
0.026064
0.0251972
0.0239816
0.0223437
0.0203718
0.0182793
0.0162079
0.0141543
0.0120522
0.00985859
0.00762171
0.00552588
0.00387548
0.0029892
0.00301749
0.00372275
0.00457627
0.00542866
0.00629686
0.00710889
0.00765205
0.0075982
0.00666389
0.00484316
0.00254573
0.000278285
-0.00170463
-0.00324202
-0.00421087
-0.00462415
-0.00472109
-0.00481736
-0.00495715
-0.00507451
-0.00514885
-0.0052385
-0.00546591
-0.00593362
-0.00661164
-0.00723667
-0.00730571
-0.00622179
-0.00362676
0.000170885
0.00391037
0.00581611
0.00473656
0.000587962
-0.00531063
-0.0109389
-0.0152763
-0.0179222
-0.0188485
-0.0186434
-0.0183427
-0.0184176
-0.0187956
-0.0192728
-0.019672
-0.0199183
-0.0200246
-0.0200552
-0.0200653
-0.0200662
-0.0200096
-0.0198153
-0.0194198
-0.0188427
-0.0181942
-0.0175582
-0.0169394
-0.0163133
-0.0156543
-0.0149572
-0.0142505
-0.0136013
-0.0131002
-0.0128242
-0.012782
-0.012874
-0.0129504
-0.0129535
-0.0128902
-0.0128074
-0.0127946
-0.012971
-0.0134482
-0.0142676
-0.0153248
-0.0164088
-0.0174491
-0.0184478
-0.0193999
-0.0202838
-0.0210665
-0.0217354
-0.0223268
-0.0229091
-0.0235201
-0.0241822
-0.0249033
-0.0256539
-0.0263465
-0.0268348
-0.0269531
-0.0266006
-0.0258531
-0.0250036
-0.0243532
-0.0239875
-0.0238349
-0.023765
-0.0237675
-0.0239979
-0.0246436
-0.0257715
-0.0272329
-0.0287858
-0.0302319
-0.0313245
-0.0317673
-0.0313468
-0.0301263
-0.0285319
-0.0269956
-0.0255987
-0.0242594
-0.0228844
-0.0214174
-0.0198736
-0.0183412
-0.0169628
-0.0158817
-0.0151698
-0.0147442
-0.0143916
-0.0139949
-0.0135473
-0.0130835
-0.0126575
-0.0123235
-0.0121204
-0.0120487
-0.0120584
-0.0120791
-0.0120873
-0.0120808
-0.0120555
-0.012004
-0.0119234
-0.011832
-0.0117856
-0.0118813
-0.0122332
-0.0129191
-0.0139018
-0.0150374
-0.0162742
-0.0175935
-0.0188662
-0.0197996
-0.0199868
-0.0190831
-0.0170758
-0.0144413
-0.0117867
-0.00946613
-0.00778856
-0.00706608
-0.00743932
-0.00862966
-0.00998254
-0.0111684
-0.0121664
-0.0130128
-0.0137337
-0.0143447
-0.0148999
-0.0154845
-0.0160978
-0.0167028
-0.0172772
-0.0178191
-0.0183453
-0.0188755
-0.019417
-0.0199486
-0.020418
-0.0207525
-0.0208925
-0.0208355
-0.0206698
-0.0205174
-0.0204113
-0.0203252
-0.0202074
-0.0199926
-0.0196274
-0.0190978
-0.0184621
-0.0178237
-0.0172076
-0.0165928
-0.0159595
-0.0153081
-0.0146766
-0.0141386
-0.0137819
-0.0136632
-0.0137524
-0.0139266
-0.0140941
-0.0142383
-0.0143626
-0.0144605
-0.0145115
-0.0144915
-0.0143944
-0.0142499
-0.0141036
-0.0139662
-0.0138316
-0.0136937
-0.0135488
-0.0133976
-0.0132436
-0.0130914
-0.0129451
-0.0128071
-0.0126766
-0.0125503
-0.0124257
-0.0123107
-0.0122226
-0.0121719
-0.0121452
-0.0120906
-0.0119178
-0.0115229
-0.0108387
-0.00990251
-0.00886457
-0.00783904
-0.00685549
-0.00593021
-0.00509953
-0.00441298
-0.00390227
-0.00353565
-0.00322023
-0.00290802
-0.00258671
-0.00223547
-0.00181841
-0.00129939
-0.000675308
5.18517e-06
0.000674301
0.00125394
0.00164097
0.00173536
0.00150105
0.00104156
0.000557134
9.76182e-05
-0.000359454
-0.000814977
-0.00122624
-0.00150249
-0.00154361
-0.00130051
-0.000848683
-0.000367672
5.39242e-05
0.000428154
0.000805942
0.00124989
0.00180381
0.00246334
0.00315314
0.00374734
0.00410855
0.00412525
0.0037761
0.00319128
0.00257334
0.00201524
0.0015772
0.00134336
0.00139224
0.00174195
0.00227473
0.00278665
0.00324076
0.00369623
0.00421353
0.00481723
0.00546545
0.0060625
0.00645817
0.0064886
0.00605609
0.00523255
0.00426209
0.00332165
0.00243986
0.00161003
0.000848542
0.000205115
-0.000261034
-0.000524974
-0.000646699
-0.00074441
-0.000831627
-0.00082012
-0.00060052
-0.000109017
0.000600701
0.00136423
0.00205696
0.00259998
0.0029286
0.00301698
0.00291944
0.00277149
0.00266864
0.00262191
0.00260057
0.00255465
0.00242349
0.00215238
0.00171724
0.00115782
0.000569363
1.22283e-05
-0.000482095
-0.000877972
-0.00113996
-0.00125522
-0.00126857
-0.00127208
-0.00131581
-0.00143109
-0.00164584
-0.00196319
-0.0023363
-0.00267536
-0.00292402
-0.00304798
-0.00303402
-0.00291368
-0.00276116
-0.00262641
-0.00251416
-0.00241598
-0.00232676
-0.0022475
-0.00218218
-0.00213083
-0.00208622
-0.00204263
-0.00200422
-0.00197688
-0.0019608
-0.00194585
-0.00191016
-0.00182418
-0.00166269
-0.00142221
-0.00113471
-0.000845644
-0.00056852
-0.000309009
-8.50361e-05
7.37483e-05
0.000137224
9.67731e-05
-1.11622e-05
-0.000119094
-0.00020621
-0.000277075
-0.000338782
-0.000398157
-0.000459713
-0.000526794
-0.000601077
-0.000681255
-0.00075978
-0.000820569
-0.000839774
-0.000793312
-0.000670241
-0.000489528
-0.000295028
-0.000108386
6.49266e-05
0.000214309
0.000319272
0.000355314
0.000309463
0.000199158
7.19852e-05
-4.04583e-05
-0.000137075
-0.000226284
-0.000314289
-0.00040059
-0.000476949
-0.000529803
-0.00054628
-0.000522249
-0.000470245
-0.00041361
-0.000359301
-0.00030645
-0.000255748
-0.000210894
-0.000178418
-0.000163929
-0.00016728
-0.000178887
-0.000186183
-0.000186177
-0.000180506
-0.000170966
-0.000158743
-0.000143966
-0.000126012
-0.000103826
-7.65826e-05
-4.41201e-05
-7.20891e-06
3.322e-05
7.65478e-05
0.000121886
0.00016772
0.000212259
0.000254156
0.000293725
0.000333126
0.00037422
0.000418396
0.000468181
0.000527369
0.000599548
0.000685512
0.000780498
0.000875631
0.000966893
0.00105457
0.00113999
0.00122438
0.00130845
0.00139224
0.00147516
0.00155632
0.00163509
0.0017114
0.00178541
0.00185733
0.00192735
0.00199558
0.00206203
0.00212666
0.00218943
0.00225034
0.00230948
0.00236697
0.00242293
0.00247741
0.00253054
0.00258241
0.00263309
0.00268254
0.00273058
0.00277692
0.00282126
0.00286349
0.00290389
0.00294316
0.0029819
0.00302022
0.00305801
0.00309507
0.0031312
0.0031662
0.0032
0.00323269
0.00326454
0.00329577
0.00332638
0.0033565
0.00338653
0.0034171
0.00344876
0.0034815
0.00351443
0.00354594
0.00357507
0.00360141
0.0036249
0.00364598
0.00366579
0.00368569
0.003706
0.00372642
0.00374645
0.00376556
0.00378361
0.00380064
0.00381671
0.00383189
0.00384625
0.00385987
0.00387284
0.00388512
0.0038967
0.00390752
0.00391755
0.00392675
0.00393509
0.00394257
0.0039492
0.00395499
0.00395992
0.00396398
0.00396717
0.00396949
0.00397095
0.00397156
0.00397134
0.00397027
0.00396835
0.00396557
0.00396189
0.00395731
0.00395186
0.00394555
0.00393842
0.00393045
0.00392165
0.00391201
0.00390153
0.00389023
0.00387809
0.00386512
0.00385132
0.00383669
0.00382124
0.00380497
0.00378787
0
0
0
0
